,objName,objAltName1,objAltName2,objAltName3,objID,uniquePspsOBid,ippObjID,surveyID,htmID,zoneID,tessID,projectionID,skyCellID,randomID,batchID,dvoRegionID,processingVersion,objInfoFlag,astrometryCorrectionFlag,qualityFlag,raStack,decStack,raStackErr,decStackErr,raMean,decMean,raMeanErr,decMeanErr,pmra,pmdec,pmraErr,pmdecErr,epochMean,posMeanChisq,cx,cy,cz,lambda,beta,l,b,nStackObjectRows,nStackDetections,nDetections,ng,nr,ni,nz,ny,gQfPerfect,gMeanPSFMag,gMeanPSFMagErr,gMeanPSFMagStd,gMeanPSFMagNpt,gMeanPSFMagMin,gMeanPSFMagMax,gMeanKronMag,gMeanKronMagErr,gMeanKronMagStd,gMeanKronMagNpt,gMeanApMag,gMeanApMagErr,gMeanApMagStd,gMeanApMagNpt,gFlags,rQfPerfect,rMeanPSFMag,rMeanPSFMagErr,rMeanPSFMagStd,rMeanPSFMagNpt,rMeanPSFMagMin,rMeanPSFMagMax,rMeanKronMag,rMeanKronMagErr,rMeanKronMagStd,rMeanKronMagNpt,rMeanApMag,rMeanApMagErr,rMeanApMagStd,rMeanApMagNpt,rFlags,iQfPerfect,iMeanPSFMag,iMeanPSFMagErr,iMeanPSFMagStd,iMeanPSFMagNpt,iMeanPSFMagMin,iMeanPSFMagMax,iMeanKronMag,iMeanKronMagErr,iMeanKronMagStd,iMeanKronMagNpt,iMeanApMag,iMeanApMagErr,iMeanApMagStd,iMeanApMagNpt,iFlags,zQfPerfect,zMeanPSFMag,zMeanPSFMagErr,zMeanPSFMagStd,zMeanPSFMagNpt,zMeanPSFMagMin,zMeanPSFMagMax,zMeanKronMag,zMeanKronMagErr,zMeanKronMagStd,zMeanKronMagNpt,zMeanApMag,zMeanApMagErr,zMeanApMagStd,zMeanApMagNpt,zFlags,yQfPerfect,yMeanPSFMag,yMeanPSFMagErr,yMeanPSFMagStd,yMeanPSFMagNpt,yMeanPSFMagMin,yMeanPSFMagMax,yMeanKronMag,yMeanKronMagErr,yMeanKronMagStd,yMeanKronMagNpt,yMeanApMag,yMeanApMagErr,yMeanApMagStd,yMeanApMagNpt,yFlags,distance,Unnamed: 0,z_phot,odds,D_L_Mpc,Absolute_Mag_r,Calculated_Flux
13,PSO J172.7695+30.4571,-999,-999,-999,144541727695169157,3584211000107070,215993905422911,0,15528859171377,14454,1,1968,65,0.0684657404836879,3584211,50290,3,444915712,7,53,172.76956047,30.45718719,0.0010000000474974,0.0010000000474974,172.7695187972121,30.45713741398697,0.0123214217738497,0.0123214217738497,-0.3524074187786818,-50.27837862245974,8.381946556366385,8.381946556366385,56176.78850505018,22.09917640686035,-0.8551538128837535,0.1084932807586064,0.5068936420400363,160.59856112473787,24.955196263630377,197.4555474603929,72.10725397525748,-999,5,31,7,11,8,4,1,0.999442994594574,21.616100311279297,0.0568949989974498,0.1650020033121109,6,21.27429962158203,21.722900390625,20.410400390625,0.018928999081254,0.4182789921760559,6,20.55030059814453,0.0314580015838146,0.3498319983482361,6,16892216,0.9983839988708496,21.305599212646484,0.1282950043678283,0.3998939990997314,10,20.676700592041016,21.81369972229004,20.236099243164062,0.0611159987747669,0.248548999428749,10,20.304399490356445,0.0976739972829818,0.338003009557724,10,16892216,0.9992290139198304,20.890600204467773,0.1295789927244186,0.3519339859485626,8,20.58760070800781,21.439699172973636,19.867799758911133,0.0491660013794899,0.1749269962310791,7,20.104799270629883,0.1090859994292259,0.2508299946784973,8,16892216,0.998769998550415,20.56419944763184,0.2089059948921203,0.4184319972991943,4,20.25609970092773,21.2150993347168,19.81130027770996,0.1337780058383941,0.2615230083465576,4,19.69499969482422,0.1116719990968704,0.1680240035057068,4,16892216,0.998520016670227,19.94179916381836,0.1794269979000091,-999.0,1,19.94179916381836,19.94179916381836,19.66209983825684,0.2163829952478408,-999.0,1,19.374900817871094,0.1794269979000091,-999.0,1,16892216,0.0046464260707285,617026.0,0.43722895,0.2468654307740206,1679.3479041942398,-20.87154109014522,2.872996406801742e-05
72,PSO J172.7796+30.4561,-999,-999,-999,144541727796547920,3584211000108714,215993905424555,0,15528859184390,14454,1,1968,65,0.912886343815258,3584211,50290,3,444915712,7,53,172.77968724,30.45612343,0.0010000000474974,0.0010000000474974,172.7796490344249,30.45610541022348,0.0042557564881219,0.0042557564881219,2.4584089497785246,-4.011030743002185,2.693493818359343,2.693493818359343,56398.43386444006,5.432684421539307,-0.8551820393395491,0.1083432302488123,0.5068781155764203,160.60772946247653,24.958080647334075,197.45601897337485,72.11605127356026,-999,5,56,8,15,9,14,10,0.9997029900550842,20.681400299072266,0.0316720008850097,0.0747999995946884,8,20.558300018310547,20.766000747680664,20.393800735473636,0.0277639999985694,0.0886230021715164,8,20.32699966430664,0.0196090005338192,0.0630960017442703,8,16892216,0.999638020992279,20.36829948425293,0.0174020007252693,0.0993060022592544,11,20.13400077819824,20.46540069580078,19.9025993347168,0.0223859995603561,0.0986929982900619,13,19.87540054321289,0.0255229994654655,0.1144540011882782,13,16892216,0.9987249970436096,20.077800750732425,0.0244030002504587,0.0744680017232894,7,19.95859909057617,20.121999740600582,19.482999801635746,0.0285480003803968,0.1049190014600753,8,19.462099075317383,0.0268159992992877,0.0870010033249855,8,16892216,0.999014973640442,19.76930046081543,0.0588660016655921,0.2278330028057098,13,19.47360038757324,20.11969947814941,19.41119956970215,0.0316069982945919,0.1353700011968612,13,19.32379913330078,0.0314499996602535,0.1187359988689422,13,16892216,0.9995999932289124,19.594900131225582,0.0749730020761489,0.2624129951000213,10,19.25300025939941,20.06110000610352,19.187299728393555,0.0801519975066185,0.2773149907588959,10,19.144800186157227,0.0484340004622936,0.143996000289917,10,16892216,0.0113805326542124,617085.0,0.2146942,0.429917245357632,873.5139273563693,-19.881200649823363,4.265211704798763e-05
162,PSO J172.7997+30.4870,-999,-999,-999,144581727998285061,3584211000112105,215993905427946,0,15528870997699,14458,1,1968,65,0.388160451676846,3584211,50290,3,444915712,7,53,172.79974251,30.48701219,0.0010000000474974,0.0010000000474974,172.7996943983963,30.486975465341576,0.0045892990086737,0.0045892990086737,-1.511897194891316,-6.556395580275956,2.6117148885375427,2.6117148885375427,56289.20053720802,6.718741416931152,-0.8549488233575403,0.1080097863229112,0.5073424834350426,160.61006033798736,24.99339472607204,197.350293274806,72.13013053344652,-999,5,51,7,14,8,13,9,0.99964702129364,21.835100173950195,0.0860309973359108,0.1288429945707321,6,21.68980026245117,21.98240089416504,21.00950050354004,0.1105090007185936,0.4098359942436218,6,21.116600036621094,0.0820500031113624,0.2199079990386963,6,16892216,0.9998649954795836,20.5221004486084,0.0221619997173547,0.1007710024714469,9,20.39739990234375,20.76000022888184,19.7317008972168,0.0340920016169548,0.1340229958295822,14,19.944299697875977,0.0136959999799728,0.0475349985063076,14,16892216,0.9997940063476562,19.90390014648437,0.0156330000609159,0.0410550013184547,4,19.895700454711918,19.957599639892575,19.18440055847168,0.0483019985258579,0.1295560002326965,6,19.306900024414062,0.0234190002083778,0.0634979978203773,6,16892216,0.9997000098228456,19.507200241088867,0.0605150014162063,0.2531520128250122,13,19.123300552368164,19.903200149536133,19.00469970703125,0.062143001705408,0.1590970009565353,13,19.02790069580078,0.0580880008637905,0.1908569931983947,13,16892216,0.9994879961013794,19.233200073242188,0.0746160000562667,0.2823539972305298,8,18.78420066833496,19.6299991607666,18.6254997253418,0.0480460003018379,0.3574729859828949,8,18.67060089111328,0.0778670012950897,0.3405050039291382,8,16892216,0.0372070434214716,617175.0,0.40224198,0.5079556055002035,1559.3214514883716,-21.07056654475982,4.002720918938161e-05
227,PSO J172.7581+30.4246,-999,-999,-999,144511727580790064,3584211000105139,215993905420980,0,15529395049761,14451,1,1968,65,0.275440424937234,3584211,50290,3,503635968,7,60,172.75809349,30.42457669,0.0010000000474974,0.0010000000474974,172.75805573522197,30.424556499015942,0.0003937576206385,0.0003846392146662,21.212752899381314,7.98930025471912,0.2386474872393247,0.2377958871572469,56138.69636413726,1552.603515625,-0.8554178941957205,0.1087006857366257,0.5064033838849683,160.60439056612455,24.92158671298479,197.5641591032012,72.10064888770566,-999,5,54,8,12,8,16,10,0.9996659755706788,17.30590057373047,0.003961999900639,0.0115350000560283,8,17.283899307250977,17.32080078125,17.36709976196289,0.0051239999011158,0.0205460004508495,8,17.301799774169922,0.002286999952048,0.0058160000480711,8,115000,0.9995189905166626,16.50909996032715,0.003218000056222,0.0128380004316568,10,16.49209976196289,16.524200439453125,16.563899993896484,0.0044860001653432,0.011022999882698,12,16.506099700927734,0.0024170000106096,0.0086110001429915,12,115000,0.9990230202674866,16.147899627685547,0.0049129999242722,0.0104390000924468,5,16.139999389648438,16.165700912475586,16.202499389648438,0.0033539999276399,0.00995699968189,7,16.14189910888672,0.0024949999060481,0.0070639997720718,7,115000,0.9988930225372314,16.014999389648438,0.0035470000002533,0.012547000311315,13,15.990699768066406,16.03619956970215,16.060199737548828,0.0041910000145435,0.0152240004390478,16,15.996999740600586,0.0028820000588893,0.0107610002160072,16,115000,0.9996700286865234,15.898599624633787,0.0055840001441538,0.0225130002945661,9,15.873900413513184,15.933799743652344,15.949899673461914,0.0046359999105334,0.0176359992474317,9,15.888299942016602,0.0067230002023279,0.0228530000895261,9,115000,0.0380616589418709,617240.0,0.064387284,0.93906327521845,271.7082226567715,-20.71459498866532,0.0009498005840065
355,PSO J172.7398+30.4493,-999,-999,-999,144531727398759730,3584211000102243,215993905418084,0,15528870600069,14453,1,1968,65,0.0479411054849076,3584211,50290,3,436527232,7,52,172.73989845,30.44930689,0.0010000000474974,0.0010000000474974,172.739840295579,30.449292697879688,0.0080998030199474,0.0080998030199474,-9.845795718932916,1.2068869261150406,5.2580577892025335,5.2580577892025335,56152.143219226855,5.736146450042725,-0.8551663374639638,0.1089449948664668,0.506775614411364,160.57691942088874,24.93701312188386,197.48915111869303,72.08257722257403,-999,5,45,5,10,10,16,4,0.99965101480484,21.79640007019043,0.2681809961795807,0.2353399991989135,5,21.57200050354004,22.12779998779297,-999.0,-999.0,-999.0,5,21.607200622558597,0.3332870006561279,0.3479819893836975,5,115000,0.9993919730186462,21.003999710083008,0.0634640008211135,0.2303799986839294,10,20.70870018005371,21.417499542236328,20.88279914855957,0.0990500003099441,0.2756809890270233,10,20.84510040283203,0.0914679989218711,0.2835739850997925,10,115000,0.9997360110282898,20.58690071105957,0.0305870007723569,0.1618269979953766,10,20.30470085144043,20.69820022583008,20.45240020751953,0.0509819984436035,0.1469710022211074,10,20.380199432373047,0.0399519987404346,0.1299020051956176,10,115000,0.999710977077484,20.271499633789062,0.0239519998431205,0.1136170029640197,16,20.073299407958984,20.42650032043457,20.15180015563965,0.038426999002695,0.3013449907302856,16,20.022600173950195,0.0377300009131431,0.2365200072526931,16,115000,0.9992319941520692,20.021699905395508,0.1044000014662742,0.224930003285408,4,19.752899169921875,20.2992000579834,19.98590087890625,0.2466939985752105,0.5580059885978699,4,19.742700576782227,0.1962459981441497,0.4919059872627258,4,115000,0.027301972950355,617368.0,0.49495798,0.2741277138194089,1872.0996554582732,-20.56675659600432,1.7460018989538202e-05
386,PSO J172.7845+30.4364,-999,-999,-999,144521727845454333,3584211000109562,215993905425403,0,15528859136062,14452,1,1968,65,0.623064556739353,3584211,50290,3,444915712,7,53,172.78455954,30.43644377,0.0010000000474974,0.0010000000474974,172.78453249685427,30.43642412935191,0.0057582978527037,0.0057582978527037,-7.590707007607718,-3.707795913329928,3.822345190168008,3.822345190168008,56382.13240852727,6.493194103240967,-0.8553639555305235,0.1082922030973451,0.5065819798685106,160.62135512620748,24.942189251369246,197.51845296297665,72.12218990402579,-999,5,52,10,12,11,13,6,0.9994829893112184,20.9685001373291,0.0264989994466304,0.1055340021848678,10,20.883100509643555,21.20680046081543,20.77039909362793,0.0645840018987655,0.2627379894256592,10,20.70190048217773,0.0515910014510154,0.1483609974384308,10,115000,0.999638020992279,20.48509979248047,0.0513980016112327,0.1723670065402984,11,20.217100143432617,20.74220085144043,20.13909912109375,0.0363610014319419,0.1152909994125366,12,20.11720085144043,0.0296340007334947,0.1107299998402595,12,16892216,0.9987670183181764,20.29949951171875,0.0620540007948875,0.1685589998960495,8,19.997900009155277,20.46579933166504,19.858200073242188,0.0448330007493495,0.1621170043945312,9,19.83699989318848,0.0434469990432262,0.1176410019397735,9,16892216,0.9994720220565796,20.06130027770996,0.0714469999074935,0.2435079962015152,11,19.69440078735352,20.365100860595703,19.755199432373047,0.0593129992485046,0.2306450009346008,11,19.664499282836918,0.0515629984438419,0.1493829935789108,11,16892216,0.9991779923439026,19.843799591064453,0.0414990000426769,0.110455997288227,6,19.70059967041016,19.94540023803711,19.45809936523437,0.1130239963531494,0.3538480103015899,6,19.36899948120117,0.0868899971246719,0.2670980095863342,6,16892216,0.0289052110301368,617399.0,0.31189528,0.2634872877897409,1237.950113674801,-20.396584982874245,3.413718494783558e-05
484,PSO J172.7266+30.4623,-999,-999,-999,144551727268915377,3584211000100207,215993905416048,0,15528866458173,14455,1,1968,65,0.209091886141423,3584211,50290,3,436527104,7,52,172.7266565,30.46227453,0.0010000000474974,0.0010000000474974,172.72663540050823,30.462274005510384,0.013889890118474,0.013889890118474,-178.34929639044873,18.215679855519884,24.176895254777207,24.176895254777207,56541.91559724991,8.5211181640625,-0.8550272898626673,0.1091275420014309,0.5069709194488657,160.55938594493335,24.943741548660917,197.45085996425192,72.0699611205004,-999,5,22,3,3,10,4,2,0.999292016029358,22.111900329589844,0.0658740028738975,0.0958070009946823,2,22.061899185180664,22.19359970092773,-999.0,-999.0,-999.0,2,21.429000854492188,0.5014190077781677,0.8736569881439209,2,115000,0.9994400143623352,21.221900939941406,0.0786499977111816,0.1157890036702156,2,21.166000366210938,21.323299407958984,21.196800231933597,0.1831499934196472,0.2778179943561554,2,20.985300064086918,0.3427340090274811,0.5518249869346619,2,115000,0.999767005443573,20.931699752807617,0.0545950010418891,0.2644909918308258,10,20.4237003326416,21.16320037841797,20.33580017089844,0.0434979982674121,0.1769959926605224,10,20.33970069885254,0.0383200012147426,0.1266209930181503,10,16892216,0.9991379976272584,20.513500213623047,0.0890569984912872,0.1983630061149597,4,20.23539924621582,20.654199600219727,19.987199783325195,0.2113080024719238,0.421079009771347,4,20.08209991455078,0.1529249995946884,0.4086909890174866,4,115000,0.9969559907913208,20.318500518798828,0.1659030020236969,-999.0,1,20.318500518798828,20.318500518798828,20.19849967956543,0.2531200051307678,-999.0,1,20.003700256347656,0.1659030020236969,-999.0,1,115000,0.0357470600578259,617497.0,0.60161734,0.3170492360773649,2211.355657767673,-20.78817617164141,1.5344518847434632e-05
533,PSO J172.7681+30.4616,-999,-999,-999,144551727681724569,3584211000106833,215993905422674,0,15528870656923,14455,1,1968,65,0.0356152234930687,3584211,50290,3,512024576,7,61,172.76818921,30.4616614,0.0010000000474974,0.0010000000474974,172.76814635052472,30.46164576383381,0.0007018576646778,0.0007018576646778,-2.338915681876961,-3.001390759061261,0.4573260097215949,0.4573260097215949,56262.18162150544,34.6478271484375,-0.8551116432618924,0.1085087435607634,0.5069614680908308,160.59521724680636,24.95875056337167,197.44129524602428,72.10562659366337,-999,5,68,10,17,12,16,13,0.9994879961013794,18.22900009155273,0.0198849998414516,0.0343910008668899,5,18.208799362182617,18.28919982910156,17.088199615478516,0.021051999181509,0.0492389984428882,10,17.409900665283203,0.0472129993140697,0.1266999989748001,10,16892216,0.9992370009422302,18.070199966430664,0.0158590003848075,0.0510630011558532,9,17.998600006103516,18.14419937133789,16.547100067138672,0.0072530000470578,0.0319719985127449,15,17.037599563598633,0.055562000721693,0.2315559983253479,15,16892216,0.9993389844894408,17.64459991455078,0.0141150001436471,0.0648389980196952,7,17.62179946899414,17.73940086364746,16.141199111938477,0.0073719997890293,0.0264069996774196,12,16.755199432373047,0.0221929997205734,0.0895820036530494,12,16892216,0.999206006526947,17.447799682617188,0.0776479989290237,0.2291540056467056,12,17.084999084472656,17.766599655151367,16.007299423217773,0.0066780000925064,0.0352640002965927,16,16.665000915527344,0.0229170005768537,0.091280996799469,16,16892216,0.9991629719734192,17.487699508666992,0.0234220009297132,0.0654470026493072,7,17.383100509643555,17.53809928894043,15.88510036468506,0.0228029992431402,0.0471570007503032,10,16.623600006103516,0.0304400008171796,0.0900920033454895,10,16892216,4.753939397184451e-05,617546.0,0.06966725,0.7884996759127776,293.6259690449404,-20.35160109420039,0.0005821722649374
588,PSO J172.7930+30.4699,-999,-999,-999,144561727930884429,3584211000111055,215993905426896,0,15528859876810,14456,1,1968,65,0.3852653423187,3584211,50290,3,436527104,7,52,172.79308594,30.46989298,0.0010000000474974,0.0010000000474974,172.7930413695539,30.469866935621507,0.0044199855179723,0.0043649632661272,-9.282918093142278,-3.1752745591716645,2.6764563870013207,2.6465161968245194,56498.41220855705,3.051461935043335,-0.8550865333599663,0.1081280603935068,0.5070851437598753,160.61257812159857,24.975499154429738,197.40763201638848,72.12615333518403,-999,5,49,8,13,8,10,10,0.9997479915618896,20.82360076904297,0.0532100014388561,0.1113950014114379,6,20.76160049438477,21.042200088500977,20.91659927368164,0.0187480002641677,0.1723500043153762,6,20.85449981689453,0.002826000098139,0.1926169991493225,6,115000,0.9990599751472472,20.105899810791016,0.0116419997066259,0.0440879985690116,11,20.022499084472656,20.175899505615234,20.180400848388672,0.0206930004060268,0.0728259980678558,11,20.089799880981445,0.016567999497056,0.0701259970664978,11,115000,0.9989579916000366,19.84779930114746,0.0125649999827146,0.0600229986011981,8,19.781400680541992,19.962099075317383,19.95219993591309,0.0327389985322952,0.1625069975852966,8,19.848499298095703,0.0420290008187294,0.1344310045242309,8,115000,0.9993789792060852,19.71109962463379,0.0393140017986297,0.1212029978632927,10,19.524900436401367,19.909099578857425,19.74959945678711,0.0674149990081787,0.3177169859409332,10,19.711299896240234,0.0685629993677139,0.3018800020217895,10,115000,0.9993979930877686,19.608800888061523,0.0473669990897178,0.1502040028572082,10,19.40999984741211,19.89970016479492,19.72319984436035,0.0799200013279914,0.2559219896793365,10,19.752099990844727,0.0528410002589225,0.1850129961967468,10,115000,0.0230253407201868,617601.0,0.32789,0.3715465513813838,1296.0569067812976,-20.523577537384117,3.5009255348996955e-05
600,PSO J172.8003+30.4733,-999,-999,-999,144561728003618604,3584211000112193,215993905428034,0,15528859869579,14456,1,1968,65,0.606536807125934,3584211,50290,3,512024576,7,61,172.80036672,30.47336645,0.0010000000474974,0.0010000000474974,172.80032908771489,30.473331557777456,0.0008390792255969,0.0008390792255969,-2.799514439046441,-0.6451845286097901,0.4968842190791167,0.4968842190791167,56269.74614545784,23.218454360961918,-0.8550698569938726,0.1080154539526393,0.5071372608750843,160.6171574505008,24.981348310308245,197.3943551751245,72.13205617633331,-999,5,46,6,13,8,11,8,0.9993569850921632,18.596900939941406,0.0155549999326467,0.0219999998807907,2,18.581499099731445,18.61260032653809,18.06629943847656,0.0093649998307228,0.0132440002635121,2,18.16670036315918,0.0199519991874694,0.0282170008867979,2,16892216,0.9996340274810792,17.946399688720703,0.0085540004074573,0.0318030007183551,8,17.902700424194336,18.002300262451172,17.26849937438965,0.0071789999492466,0.0244759991765022,12,17.508800506591797,0.0043069999665021,0.0144720003008842,12,16892216,0.9992809891700744,17.496200561523438,0.0060049998573958,0.0134190004318952,4,17.484899520874023,17.51609992980957,16.829099655151367,0.0105010000988841,0.0263320002704858,8,17.050600051879883,0.0100699998438358,0.0328989997506141,8,16892216,0.9996160268783568,17.266399383544922,0.019328000023961,0.0593650005757808,5,17.236499786376953,17.368900299072266,16.62660026550293,0.0038449999410659,0.0145380003377795,7,16.8302001953125,0.0159309990704059,0.0458859987556934,7,16892216,0.998420000076294,17.05590057373047,0.0198250003159046,0.0621000006794929,5,17.047300338745117,17.16699981689453,16.574899673461914,0.0073279999196529,0.025000000372529,8,16.66189956665039,0.0116050001233816,0.0305579993873834,8,16892216,0.0301466823346748,617613.0,0.09308983,0.7406014427286804,390.1801028525592,-20.49778710681035,0.0003772112224336
661,PSO J172.7252+30.4699,-999,-999,-999,144561727253134457,3584211000099963,215993905415804,0,15528866474195,14456,1,1968,65,0.0770497704642357,3584211,50290,3,503635968,7,60,172.72530955,30.46990612,0.0010000000474974,0.0010000000474974,172.72525548226417,30.469890492896447,0.0003922341391263,0.0003884677336338,2.8683181917868787,25.16805656659728,0.2497544548649395,0.2473360707123008,56285.29071206576,1369.9906005859375,-0.8549578032550736,0.1091395997766859,0.507085498130092,160.55454000499313,24.95009198565215,197.4265866346961,72.06801514102605,-999,5,65,10,16,10,15,14,0.999758005142212,17.407899856567383,0.0039160000160336,0.0144769996404647,10,17.393699645996094,17.4325008392334,17.4867000579834,0.0053260000422596,0.0145760001614689,10,17.419300079345703,0.0034320000559091,0.0126900002360343,10,115000,0.9991229772567748,16.559200286865234,0.0036859998945146,0.013841999694705,11,16.53499984741211,16.569900512695312,16.60260009765625,0.0048150001093745,0.0194579996168613,13,16.55030059814453,0.002733000088483,0.0092949997633695,13,115000,0.9993889927864076,16.222999572753906,0.0042150001972913,0.013965000398457,7,16.200199127197266,16.233699798583984,16.292499542236328,0.0044490001164376,0.014644999988377,8,16.22949981689453,0.0016430000541731,0.0047249998897314,8,115000,0.9987840056419371,16.095699310302734,0.0028979999478906,0.0134269995614886,13,16.06999969482422,16.112300872802734,16.15489959716797,0.0031349998898804,0.0114489998668432,15,16.0939998626709,0.0022489998955279,0.0068819997832179,15,115000,0.9995390176773072,15.982999801635742,0.0057379999198019,0.0234190002083778,13,15.960599899291992,16.025100708007812,16.055599212646484,0.0050079999491572,0.0243059992790222,13,15.994999885559082,0.003622000105679,0.0191210005432367,13,115000,0.0378438593124495,617674.0,0.0727445,0.8745601045722708,306.3737600333754,-20.931118466023825,0.0009118937796993
762,PSO J172.7983+30.4916,-999,-999,-999,144591727983490464,3584211000111879,215993905427720,0,15528870988904,14459,1,1968,65,0.164802286927404,3584211,50290,3,444915712,7,53,172.79834771,30.49157903,0.0010000000474974,0.0010000000474974,172.7983032066404,30.49156702005524,0.0072728159970977,0.0072728159970977,7.245120898045902,14.697607002658826,3.9064056379339647,3.9064056379339647,56245.19249018975,9.301678657531738,-0.8549058612499026,0.1080254479477157,0.5074115400700477,160.60666449293203,24.99699807577001,197.33583157813143,72.12846849092227,-999,5,43,4,12,8,14,5,0.9978389739990234,21.186899185180664,0.0920760035514831,0.2265560030937194,3,21.185300827026367,21.47010040283203,20.613100051879883,0.2015620023012161,0.4153830111026764,3,20.54319953918457,0.1282539963722229,0.3701469898223877,3,16892216,0.999455988407135,20.897600173950195,0.0262839999049901,0.0889270007610321,10,20.75359916687012,21.082599639892575,20.176000595092773,0.0270499996840953,0.0918259993195533,10,20.22209930419922,0.0162569992244243,0.0478110015392303,10,16892216,0.9993429780006408,20.76099967956543,0.0428140014410018,0.1164470016956329,6,20.558399200439453,20.87849998474121,19.9197998046875,0.0454620011150836,0.1511230021715164,8,19.99530029296875,0.0245880000293254,0.0817390009760856,8,16892216,0.9988809823989868,20.171899795532227,0.0671539977192878,0.2615619897842407,14,19.72170066833496,20.492000579833984,19.70870018005371,0.0543200001120567,0.1863850057125091,14,19.693099975585938,0.0446919985115528,0.1357070058584213,14,16892216,0.998947024345398,19.734600067138672,0.0724679976701736,0.1522299945354461,5,19.536300659179688,19.891599655151367,19.423599243164062,0.0578170008957386,0.1435199975967407,5,19.353200912475582,0.0663639977574348,0.1771209985017776,5,115000,0.0396786658332196,617775.0,0.35864484,0.3258083816012371,1406.3140016679592,-20.56846988808488,3.0990126837830915e-05
803,PSO J172.7506+30.4757,-999,-999,-999,144571727505931484,3584211000103930,215993905419771,0,15528870723059,14457,1,1968,65,0.114893043520761,3584211,50290,3,512024576,7,61,172.75063093,30.4757307,0.0010000000474974,0.0010000000474974,172.75058494275606,30.475721629256867,0.0015457993545017,0.0015457993545017,-2.504190523690561,-3.375750885503973,1.026713616380261,1.026713616380261,56293.723494627055,13.578306198120115,-0.8549547691494926,0.1087551144173232,0.5071732128145301,160.57342785488854,24.96483534102695,197.4006644662349,72.08915696254034,-999,5,54,8,13,12,11,10,0.9997590184211732,20.10029983520508,0.0175359994173049,0.0474140010774135,7,20.047199249267575,20.19339942932129,19.68560028076172,0.0331810005009174,0.0800760015845298,8,19.65250015258789,0.0280070006847381,0.0778850018978118,8,16892216,0.9994329810142516,19.12829971313477,0.0387470014393329,0.0911590009927749,9,19.02079963684082,19.290599822998047,18.4768009185791,0.0054440000094473,0.0228950008749961,12,18.651100158691406,0.0140209998935461,0.0340219996869564,13,16892216,0.9991160035133362,18.681400299072266,0.0211260002106428,0.058398999273777,8,18.57999992370605,18.75659942626953,18.012100219726562,0.0072039999067783,0.0304559990763664,12,18.1653995513916,0.0099929999560117,0.0276749990880489,12,16892216,0.9995499849319458,18.16080093383789,0.014028999954462,0.0436829999089241,7,18.07169914245605,18.182899475097656,17.7632999420166,0.0112199997529387,0.0498629994690418,11,17.751300811767578,0.0183160006999969,0.0423800013959407,11,16892216,0.9995920062065125,18.09499931335449,0.0414739996194839,0.1657570004463195,8,17.946699142456055,18.375099182128903,17.636600494384766,0.0482489988207817,0.1090999990701675,8,17.612600326538086,0.0370640009641647,0.1218930035829544,8,16892216,0.0206580614982547,617816.0,0.22316128,0.744334599985754,906.0337540039563,-21.184798460966743,0.0001317136028374
810,PSO J172.7585+30.4758,-999,-999,-999,144571727584971538,3584211000105196,215993905421037,0,15528870740310,14457,1,1968,65,0.639262559487729,3584211,50290,3,512024576,7,61,172.75852477,30.4757889,0.0010000000474974,0.0010000000474974,172.75847687704717,30.475768868184204,0.001583425527069,0.0015828523684859,-2.8826942460261646,2.256339985208535,0.9955942150903252,0.9954181869359908,56274.69395638056,8.154193878173828,-0.8549693261780066,0.108637299003913,0.5071739233831526,160.58015926770375,24.967838626929183,197.39828845942944,72.09591901089185,-999,5,56,7,15,10,14,10,0.9994459748268129,19.98590087890625,0.0301629994064569,0.056802999228239,7,19.88990020751953,20.054800033569336,19.52580070495605,0.0341360010206699,0.076834000647068,7,19.507400512695312,0.0297049991786479,0.0654560029506683,7,16892216,0.9992740154266356,19.09149932861328,0.0205630008131265,0.0604089982807636,9,19.00979995727539,19.20509910583496,18.417800903320312,0.0081829996779561,0.0330169983208179,14,18.603200912475582,0.0103660002350807,0.0379489995539188,14,16892216,0.9990730285644532,18.676000595092773,0.0107089998200535,0.03549500182271,7,18.6299991607666,18.71579933166504,17.930099487304688,0.0087360003963112,0.033449001610279,10,18.161800384521484,0.0130789997056126,0.0399219989776611,10,16892216,0.999206006526947,18.155000686645508,0.0185109991580247,0.0531180016696453,7,18.081300735473636,18.25790023803711,17.811800003051758,0.0248319990932941,0.0798010006546974,13,17.784700393676758,0.0353140011429786,0.1359300017356872,13,16892216,0.99925297498703,18.120100021362305,0.0264769997447729,0.1372620016336441,7,17.947999954223633,18.347900390625,17.666099548339844,0.0348090007901191,0.1737750023603439,8,17.664199829101562,0.0215750001370906,0.1119889989495277,8,16892216,0.0164007540465169,617823.0,0.18107155,0.6346063362468506,742.9125766323697,-20.80167545502268,0.0001376558780652
883,PSO J172.7562+30.4871,-999,-999,-999,144581727562085095,3584211000104838,215993905420679,0,15528871445002,14458,1,1968,65,0.0949935168912574,3584211,50290,3,436527104,7,52,172.75624366,30.4870756,0.0010000000474974,0.0010000000474974,172.7561963487445,30.487058049709,0.0025937285584191,0.0025554152067673,12.49455183448622,-2.568202417828687,1.6301721897718795,1.58726477602969,56303.86212727996,4.435314178466797,-0.8548658522323175,0.1086587265527204,0.5073437255264468,160.57276192088216,24.97716913294928,197.3623074179257,72.0928126427087,-999,5,45,6,14,2,11,12,0.9997010231018066,20.715200424194336,0.0272480007261037,0.05120500177145,6,20.61899948120117,20.75760078430176,20.650400161743164,0.0326570011675357,0.0960680022835731,6,20.594600677490234,0.0466080009937286,0.1268479973077774,6,115000,0.9994140267372132,19.61930084228516,0.0091540003195405,0.0456739999353885,13,19.547800064086918,19.699800491333008,19.60379981994629,0.0143409995362162,0.0592689998447895,14,19.52580070495605,0.0140530001372098,0.0456539988517761,14,115000,0.9983559846878052,18.88610076904297,0.0038129999302327,0.0053920000791549,2,18.882299423217773,18.88990020751953,18.804399490356445,0.0035079999361187,0.0049609998241066,2,18.742900848388672,0.0015889999922364,0.0022470001131296,2,16892216,0.9994779825210572,18.506799697875977,0.0135409999638795,0.0678180009126663,9,18.420499801635746,18.63319969177246,18.462900161743164,0.0187059994786977,0.0773650035262107,10,18.386999130249023,0.0184790007770061,0.0673040002584457,10,16892216,0.9994029998779296,18.291099548339844,0.0190399996936321,0.0660289973020553,12,18.23040008544922,18.46629905700684,18.346799850463867,0.036065999418497,0.1327189952135086,12,18.216800689697266,0.0410020016133785,0.1576420068740844,12,115000,0.0274289323578233,617896.0,0.35445935,0.5834599309029183,1391.4218507955309,-21.24165147824127,5.884952378972401e-05
