objName,objAltName1,objAltName2,objAltName3,objID,uniquePspsOBid,ippObjID,surveyID,htmID,zoneID,tessID,projectionID,skyCellID,randomID,batchID,dvoRegionID,processingVersion,objInfoFlag,astrometryCorrectionFlag,qualityFlag,raStack,decStack,raStackErr,decStackErr,raMean,decMean,raMeanErr,decMeanErr,pmra,pmdec,pmraErr,pmdecErr,epochMean,posMeanChisq,cx,cy,cz,lambda,beta,l,b,nStackObjectRows,nStackDetections,nDetections,ng,nr,ni,nz,ny,gQfPerfect,gMeanPSFMag,gMeanPSFMagErr,gMeanPSFMagStd,gMeanPSFMagNpt,gMeanPSFMagMin,gMeanPSFMagMax,gMeanKronMag,gMeanKronMagErr,gMeanKronMagStd,gMeanKronMagNpt,gMeanApMag,gMeanApMagErr,gMeanApMagStd,gMeanApMagNpt,gFlags,rQfPerfect,rMeanPSFMag,rMeanPSFMagErr,rMeanPSFMagStd,rMeanPSFMagNpt,rMeanPSFMagMin,rMeanPSFMagMax,rMeanKronMag,rMeanKronMagErr,rMeanKronMagStd,rMeanKronMagNpt,rMeanApMag,rMeanApMagErr,rMeanApMagStd,rMeanApMagNpt,rFlags,iQfPerfect,iMeanPSFMag,iMeanPSFMagErr,iMeanPSFMagStd,iMeanPSFMagNpt,iMeanPSFMagMin,iMeanPSFMagMax,iMeanKronMag,iMeanKronMagErr,iMeanKronMagStd,iMeanKronMagNpt,iMeanApMag,iMeanApMagErr,iMeanApMagStd,iMeanApMagNpt,iFlags,zQfPerfect,zMeanPSFMag,zMeanPSFMagErr,zMeanPSFMagStd,zMeanPSFMagNpt,zMeanPSFMagMin,zMeanPSFMagMax,zMeanKronMag,zMeanKronMagErr,zMeanKronMagStd,zMeanKronMagNpt,zMeanApMag,zMeanApMagErr,zMeanApMagStd,zMeanApMagNpt,zFlags,yQfPerfect,yMeanPSFMag,yMeanPSFMagErr,yMeanPSFMagStd,yMeanPSFMagNpt,yMeanPSFMagMin,yMeanPSFMagMax,yMeanKronMag,yMeanKronMagErr,yMeanKronMagStd,yMeanKronMagNpt,yMeanApMag,yMeanApMagErr,yMeanApMagStd,yMeanApMagNpt,yFlags,distance
PSO J139.6272+35.8816,-999,-999,-999,151051396271708505,3578835000031145,214022515358120,0,16486947843463,15105,1,2038,90,0.391544885366731,3578835,49831,3,268959744,0,32,-999.0,-999.0,-999.0,-999.0,139.6271815,35.8815977,0.23681999742984772,0.23681999742984772,,,,,55249.26106481,-999.0,-0.6172701836314948,0.5248333641521896,0.5861121567347293,130.81772792876046,19.206917825073948,188.08929528123988,44.337614494199535,-999,0,1,0,0,0,0,1,-999.0,-999.0,-999.0,-999.0,0,-999.0,-999.0,-999.0,-999.0,-999.0,0,-999.0,-999.0,-999.0,0,0,-999.0,-999.0,-999.0,-999.0,0,-999.0,-999.0,-999.0,-999.0,-999.0,0,-999.0,-999.0,-999.0,0,0,-999.0,-999.0,-999.0,-999.0,0,-999.0,-999.0,-999.0,-999.0,-999.0,0,-999.0,-999.0,-999.0,0,0,-999.0,-999.0,-999.0,-999.0,0,-999.0,-999.0,-999.0,-999.0,-999.0,0,-999.0,-999.0,-999.0,0,0,0.8148970007896423,19.413700103759766,0.23634499311447144,-999.0,1,19.413700103759766,19.413700103759766,-999.0,-999.0,-999.0,0,19.438600540161133,0.23634499311447144,-999.0,1,4112,0.03862641122658134
PSO J139.6057+35.8850,-999,-999,-999,151061396057282619,3578835000025779,214022515352754,0,16486948246099,15106,1,2038,90,0.391677218854127,3578835,49831,3,268959744,0,32,-999.0,-999.0,-999.0,-999.0,139.60573904,35.88499573,0.17840999364852905,0.17840999364852905,,,,,55259.45986111,-999.0,-0.6170472512193839,0.5250418083227013,0.5861602078577413,130.79914921082536,19.204562011646818,188.0826157742214,44.32056938596535,-999,0,1,0,0,1,0,0,-999.0,-999.0,-999.0,-999.0,0,-999.0,-999.0,-999.0,-999.0,-999.0,0,-999.0,-999.0,-999.0,0,0,-999.0,-999.0,-999.0,-999.0,0,-999.0,-999.0,-999.0,-999.0,-999.0,0,-999.0,-999.0,-999.0,0,0,0.41333499550819397,20.13129997253418,0.17777399718761444,-999.0,1,20.13129997253418,20.13129997253418,-999.0,-999.0,-999.0,0,20.14349937438965,0.17777399718761444,-999.0,1,4112,-999.0,-999.0,-999.0,-999.0,0,-999.0,-999.0,-999.0,-999.0,-999.0,0,-999.0,-999.0,-999.0,0,0,-999.0,-999.0,-999.0,-999.0,0,-999.0,-999.0,-999.0,-999.0,-999.0,0,-999.0,-999.0,-999.0,0,0,0.026959362868803842
PSO J139.6059+35.8841,-999,-999,-999,151061396059081486,3578835000025820,214022515352795,0,16486948246173,15106,1,2038,90,0.281475224794331,3578835,49831,3,310456320,0,37,-999.0,-999.0,-999.0,-999.0,139.60594011,35.88407878,0.1676200032234192,0.1676200032234192,,,,,56303.55474537,-999.0,-0.6170562381436457,0.5250457219628208,0.5861472415840174,130.79962409153916,19.203745786036396,188.08391155642096,44.32065828293771,-999,0,1,0,1,0,0,0,-999.0,-999.0,-999.0,-999.0,0,-999.0,-999.0,-999.0,-999.0,-999.0,0,-999.0,-999.0,-999.0,0,0,0.05764300003647804,21.808799743652344,0.16694900393486023,-999.0,1,21.808799743652344,21.808799743652344,20.834999084472656,0.15824800729751587,-999.0,1,20.962600708007812,0.16694900393486023,-999.0,1,16777752,-999.0,-999.0,-999.0,-999.0,0,-999.0,-999.0,-999.0,-999.0,-999.0,0,-999.0,-999.0,-999.0,0,0,-999.0,-999.0,-999.0,-999.0,0,-999.0,-999.0,-999.0,-999.0,-999.0,0,-999.0,-999.0,-999.0,0,0,-999.0,-999.0,-999.0,-999.0,0,-999.0,-999.0,-999.0,-999.0,-999.0,0,-999.0,-999.0,-999.0,0,0,0.027883731343600487
PSO J139.6064+35.8893,-999,-999,-999,151061396063867779,3578835000025955,214022515352930,0,16486947807361,15106,1,2038,90,0.465733353482311,3578835,49831,3,268959744,0,32,-999.0,-999.0,-999.0,-999.0,139.60642303,35.88931507,0.28894999623298645,0.28894999623298645,,,,,56759.28498843,-999.0,-0.6170198627190443,0.5250058047644134,0.5862212841358136,130.79823765941862,19.208830826739394,188.07665986016323,44.32146771408226,-999,0,1,0,0,1,0,0,-999.0,-999.0,-999.0,-999.0,0,-999.0,-999.0,-999.0,-999.0,-999.0,0,-999.0,-999.0,-999.0,0,0,-999.0,-999.0,-999.0,-999.0,0,-999.0,-999.0,-999.0,-999.0,-999.0,0,-999.0,-999.0,-999.0,0,0,0.7995089888572693,20.686399459838867,0.2885560095310211,-999.0,1,20.686399459838867,20.686399459838867,-999.0,-999.0,-999.0,1,20.32710075378418,0.2885560095310211,-999.0,1,4112,-999.0,-999.0,-999.0,-999.0,0,-999.0,-999.0,-999.0,-999.0,-999.0,0,-999.0,-999.0,-999.0,0,0,-999.0,-999.0,-999.0,-999.0,0,-999.0,-999.0,-999.0,-999.0,-999.0,0,-999.0,-999.0,-999.0,0,0,0.02306764649440662
PSO J139.6066+35.8886,-999,-999,-999,151061396065816919,3578835000026020,214022515352995,0,16486947807400,15106,1,2038,90,0.257246420026986,3578835,49831,3,268959744,0,32,-999.0,-999.0,-999.0,-999.0,139.60657085,35.88858263,0.2434300035238266,0.2434300035238266,,,,,55250.27944444,-999.0,-0.6170269246428157,0.5250090691680203,0.5862109275313433,130.79860660207873,19.208175520967437,188.07769375035906,44.32152844685231,-999,0,1,0,0,0,0,1,-999.0,-999.0,-999.0,-999.0,0,-999.0,-999.0,-999.0,-999.0,-999.0,0,-999.0,-999.0,-999.0,0,0,-999.0,-999.0,-999.0,-999.0,0,-999.0,-999.0,-999.0,-999.0,-999.0,0,-999.0,-999.0,-999.0,0,0,-999.0,-999.0,-999.0,-999.0,0,-999.0,-999.0,-999.0,-999.0,-999.0,0,-999.0,-999.0,-999.0,0,0,-999.0,-999.0,-999.0,-999.0,0,-999.0,-999.0,-999.0,-999.0,-999.0,0,-999.0,-999.0,-999.0,0,0,0.7412760257720947,18.103900909423828,0.24296699464321136,-999.0,1,18.103900909423828,18.103900909423828,17.976999282836914,0.28185299038887024,-999.0,1,17.94809913635254,0.24296699464321136,-999.0,1,4112,0.023793040292621744
PSO J139.6066+35.8889,-999,-999,-999,151061396066237324,3578835000026031,214022515353006,0,16486947807415,15106,1,2038,90,0.614625583975227,3578835,49831,3,310456320,0,37,-999.0,-999.0,-999.0,-999.0,139.60664333,35.8889352,0.12691999971866608,0.12691999971866608,,,,,55268.33615741,-999.0,-0.6170248414422065,0.5250059509954802,0.5862159128363468,130.79854572023143,19.208528293243443,188.07720909500176,44.32161520639018,-999,0,1,0,1,0,0,0,-999.0,-999.0,-999.0,-999.0,0,-999.0,-999.0,-999.0,-999.0,-999.0,0,-999.0,-999.0,-999.0,0,0,0.9421600103378296,21.410600662231445,0.12603400647640228,-999.0,1,21.410600662231445,21.410600662231445,20.703800201416016,0.10502800345420837,-999.0,1,20.81399917602539,0.12603400647640228,-999.0,1,16777496,-999.0,-999.0,-999.0,-999.0,0,-999.0,-999.0,-999.0,-999.0,-999.0,0,-999.0,-999.0,-999.0,0,0,-999.0,-999.0,-999.0,-999.0,0,-999.0,-999.0,-999.0,-999.0,-999.0,0,-999.0,-999.0,-999.0,0,0,-999.0,-999.0,-999.0,-999.0,0,-999.0,-999.0,-999.0,-999.0,-999.0,0,-999.0,-999.0,-999.0,0,0,0.02348659365103823
PSO J139.6073+35.8889,-999,-999,-999,151061396073077254,3578835000026216,214022515353191,0,16486947808086,15106,1,2038,90,0.0241081165374332,3578835,49831,3,268959744,0,32,-999.0,-999.0,-999.0,-999.0,139.60731758,35.88888246,0.14630000293254852,0.14630000293254852,,,,,55268.34509259,-999.0,-0.6170314305812733,0.524999039558638,0.5862151670993637,130.79911151291196,19.208653585044754,188.07734370261517,44.32215547795987,-999,0,1,0,1,0,0,0,-999.0,-999.0,-999.0,-999.0,0,-999.0,-999.0,-999.0,-999.0,-999.0,0,-999.0,-999.0,-999.0,0,0,0.46909600496292114,21.16010093688965,0.14552900195121765,-999.0,1,21.16010093688965,21.16010093688965,20.916900634765625,0.10270900279283524,-999.0,1,20.86709976196289,0.14552900195121765,-999.0,1,4120,-999.0,-999.0,-999.0,-999.0,0,-999.0,-999.0,-999.0,-999.0,-999.0,0,-999.0,-999.0,-999.0,0,0,-999.0,-999.0,-999.0,-999.0,0,-999.0,-999.0,-999.0,-999.0,-999.0,0,-999.0,-999.0,-999.0,0,0,-999.0,-999.0,-999.0,-999.0,0,-999.0,-999.0,-999.0,-999.0,-999.0,0,-999.0,-999.0,-999.0,0,0,0.023742965980433284
PSO J139.6074+35.8851,-999,-999,-999,151061396073552745,3578835000026227,214022515353202,0,16486947774938,15106,1,2038,90,0.173869902429981,3578835,49831,3,268959744,0,32,-999.0,-999.0,-999.0,-999.0,139.60736562,35.88511852,0.24560999870300293,0.24560999870300293,,,,,57035.5824537,-999.0,-0.6170611997294272,0.5250234766052521,0.5861619441773871,130.8004292465816,19.205101083625518,188.08259229068415,44.321892833664656,-999,0,1,0,0,1,0,0,-999.0,-999.0,-999.0,-999.0,0,-999.0,-999.0,-999.0,-999.0,-999.0,0,-999.0,-999.0,-999.0,0,0,-999.0,-999.0,-999.0,-999.0,0,-999.0,-999.0,-999.0,-999.0,-999.0,0,-999.0,-999.0,-999.0,0,0,0.8297780156135559,22.063199996948242,0.24515099823474884,-999.0,1,22.063199996948242,22.063199996948242,-999.0,-999.0,-999.0,0,-999.0,-999.0,-999.0,0,4120,-999.0,-999.0,-999.0,-999.0,0,-999.0,-999.0,-999.0,-999.0,-999.0,0,-999.0,-999.0,-999.0,0,0,-999.0,-999.0,-999.0,-999.0,0,-999.0,-999.0,-999.0,-999.0,-999.0,0,-999.0,-999.0,-999.0,0,0,0.02726237938811755
PSO J139.6074+35.8905,-999,-999,-999,151061396073769239,3578835000026235,214022515353210,0,16486947807762,15106,1,2038,90,0.225612187036883,3578835,49831,3,268959744,0,32,-999.0,-999.0,-999.0,-999.0,139.60738688,35.89053628,0.23336000740528107,0.23336000740528107,,,,,57035.59429398,-999.0,-0.6170191780134627,0.5249873279415076,0.5862385516702453,130.79860596523358,19.210237997244164,188.0750457282205,44.322343813325055,-999,0,1,0,0,1,0,0,-999.0,-999.0,-999.0,-999.0,0,-999.0,-999.0,-999.0,-999.0,-999.0,0,-999.0,-999.0,-999.0,0,0,-999.0,-999.0,-999.0,-999.0,0,-999.0,-999.0,-999.0,-999.0,-999.0,0,-999.0,-999.0,-999.0,0,0,0.7465109825134277,21.86359977722168,0.23287899792194366,-999.0,1,21.86359977722168,21.86359977722168,-999.0,-999.0,-999.0,0,-999.0,-999.0,-999.0,0,4120,-999.0,-999.0,-999.0,-999.0,0,-999.0,-999.0,-999.0,-999.0,-999.0,0,-999.0,-999.0,-999.0,0,0,-999.0,-999.0,-999.0,-999.0,0,-999.0,-999.0,-999.0,-999.0,-999.0,0,-999.0,-999.0,-999.0,0,0,0.022252490223673503
PSO J139.6074+35.8885,-999,-999,-999,151061396073806849,3578835000026234,214022515353209,0,16486947808162,15106,1,2038,90,0.559730362668382,3578835,49831,3,268959744,0,32,-999.0,-999.0,-999.0,-999.0,139.60739085,35.88854455,0.2973800003528595,0.2973800003528595,,,,,57035.59429398,-999.0,-0.6170347350859404,0.5250004908846098,0.5862103890825734,130.79928584811898,19.208352580198124,188.07782115146836,44.322187595519445,-999,0,1,0,0,1,0,0,-999.0,-999.0,-999.0,-999.0,0,-999.0,-999.0,-999.0,-999.0,-999.0,0,-999.0,-999.0,-999.0,0,0,-999.0,-999.0,-999.0,-999.0,0,-999.0,-999.0,-999.0,-999.0,-999.0,0,-999.0,-999.0,-999.0,0,0,0.8004990220069885,22.19499969482422,0.2970060110092163,-999.0,1,22.19499969482422,22.19499969482422,-999.0,-999.0,-999.0,0,22.900400161743164,0.2970060110092163,-999.0,1,4120,-999.0,-999.0,-999.0,-999.0,0,-999.0,-999.0,-999.0,-999.0,-999.0,0,-999.0,-999.0,-999.0,0,0,-999.0,-999.0,-999.0,-999.0,0,-999.0,-999.0,-999.0,-999.0,-999.0,0,-999.0,-999.0,-999.0,0,0,0.02407743528681549
PSO J139.6075+35.8839,-999,-999,-999,151061396074491265,3578835000026241,214022515353216,0,16486948248832,15106,1,2038,90,0.184847982772484,3578835,49831,3,302067712,0,36,-999.0,-999.0,-999.0,-999.0,139.60748167,35.88388541,0.21935999393463135,0.21935999393463135,,,,,55249.30418981,-999.0,-0.6170718710810673,0.5250304016109564,0.5861445071863666,130.80094245293813,19.20396331457863,188.08432088209142,44.32188774858661,-999,0,1,0,1,0,0,0,-999.0,-999.0,-999.0,-999.0,0,-999.0,-999.0,-999.0,-999.0,-999.0,0,-999.0,-999.0,-999.0,0,0,0.858165979385376,22.1781005859375,0.21884700655937195,-999.0,1,22.1781005859375,22.1781005859375,-999.0,-999.0,-999.0,0,23.191200256347656,0.21884700655937195,-999.0,1,280,-999.0,-999.0,-999.0,-999.0,0,-999.0,-999.0,-999.0,-999.0,-999.0,0,-999.0,-999.0,-999.0,0,0,-999.0,-999.0,-999.0,-999.0,0,-999.0,-999.0,-999.0,-999.0,-999.0,0,-999.0,-999.0,-999.0,0,0,-999.0,-999.0,-999.0,-999.0,0,-999.0,-999.0,-999.0,-999.0,-999.0,0,-999.0,-999.0,-999.0,0,0,0.028455706484390803
PSO J139.6075+35.8910,-999,-999,-999,151061396075389786,3578835000026281,214022515353256,0,16486947754251,15106,1,2038,90,0.17392441832826,3578835,49831,3,268959744,0,32,-999.0,-999.0,-999.0,-999.0,139.60754812,35.89099,0.2517400085926056,0.2517400085926056,,,,,57035.57056713,-999.0,-0.61701711965643,0.524982583180772,0.5862449670638773,130.79858283601146,19.210709641220628,188.0744281713907,44.32251032810815,-999,0,1,0,0,1,0,0,-999.0,-999.0,-999.0,-999.0,0,-999.0,-999.0,-999.0,-999.0,-999.0,0,-999.0,-999.0,-999.0,0,0,-999.0,-999.0,-999.0,-999.0,0,-999.0,-999.0,-999.0,-999.0,-999.0,0,-999.0,-999.0,-999.0,0,0,0.721045970916748,21.83690071105957,0.25129398703575134,-999.0,1,21.83690071105957,21.83690071105957,-999.0,-999.0,-999.0,0,22.690799713134766,0.25129398703575134,-999.0,1,4120,-999.0,-999.0,-999.0,-999.0,0,-999.0,-999.0,-999.0,-999.0,-999.0,0,-999.0,-999.0,-999.0,0,0,-999.0,-999.0,-999.0,-999.0,0,-999.0,-999.0,-999.0,-999.0,-999.0,0,-999.0,-999.0,-999.0,0,0,0.021897113691904578
PSO J139.6076+35.8856,-999,-999,-999,151061396076063370,3578835000026297,214022515353272,0,16486947774915,15106,1,2038,90,0.126446728712364,3578835,49831,3,268959744,0,32,-999.0,-999.0,-999.0,-999.0,139.60757345,35.8856494,0.18166999518871307,0.18166999518871307,,,,,57035.5822338,-999.0,-0.6170589676361002,0.5250177188161536,0.5861694510881239,130.8004177782485,19.205657921837375,188.0818714820933,44.32210320462894,-999,0,2,0,0,2,0,0,-999.0,-999.0,-999.0,-999.0,0,-999.0,-999.0,-999.0,-999.0,-999.0,0,-999.0,-999.0,-999.0,0,0,-999.0,-999.0,-999.0,-999.0,0,-999.0,-999.0,-999.0,-999.0,-999.0,0,-999.0,-999.0,-999.0,0,0,0.7578999996185303,21.833599090576172,0.046307001262903214,0.06549599766731262,2,21.78660011291504,21.879199981689453,-999.0,-999.0,-999.0,0,22.502199172973633,0.25437599420547485,-999.0,1,4120,-999.0,-999.0,-999.0,-999.0,0,-999.0,-999.0,-999.0,-999.0,-999.0,0,-999.0,-999.0,-999.0,0,0,-999.0,-999.0,-999.0,-999.0,0,-999.0,-999.0,-999.0,-999.0,-999.0,0,-999.0,-999.0,-999.0,0,0,0.026822746931383118
PSO J139.6077+35.8882,-999,-999,-999,151061396076976446,3578835000026325,214022515353300,0,16486947808191,15106,1,2038,90,0.885703298156805,3578835,49831,3,302067712,0,36,-999.0,-999.0,-999.0,-999.0,139.60772919,35.88819752,0.18234999477863312,0.18234999477863312,,,,,55250.25818287,-999.0,-0.6170405394732841,0.5249991480143622,0.5862054820885866,130.79967867058193,19.208111832740837,188.07833534058503,44.32243304175689,-999,0,1,0,0,0,1,0,-999.0,-999.0,-999.0,-999.0,0,-999.0,-999.0,-999.0,-999.0,-999.0,0,-999.0,-999.0,-999.0,0,0,-999.0,-999.0,-999.0,-999.0,0,-999.0,-999.0,-999.0,-999.0,-999.0,0,-999.0,-999.0,-999.0,0,0,-999.0,-999.0,-999.0,-999.0,0,-999.0,-999.0,-999.0,-999.0,-999.0,0,-999.0,-999.0,-999.0,0,0,0.9633499979972839,20.417200088500977,0.18173199892044067,-999.0,1,20.417200088500977,20.417200088500977,20.442699432373047,0.2851620018482208,-999.0,1,19.95709991455078,0.18173199892044067,-999.0,1,280,-999.0,-999.0,-999.0,-999.0,0,-999.0,-999.0,-999.0,-999.0,-999.0,0,-999.0,-999.0,-999.0,0,0,0.024503732598794833
PSO J139.6077+35.8837,-999,-999,-999,151061396078031072,3578835000026354,214022515353329,0,16486947776014,15106,1,2038,90,0.389842671705263,3578835,49831,3,436527104,7,52,139.60776986,35.88369703,0.0010000000474974513,0.0010000000474974513,139.60771340009538,35.88371126689941,0.004101432943997663,0.004102876619150021,-3.4518676379534776,-3.5486303439158924,2.3589886594553233,2.36133385091061,55968.839215203494,2.9451513290405273,-0.6170753513778017,0.525029060335602,0.586142044665862,130.8011913716649,19.20385409318522,188.08459109771152,44.322060415213215,-999,10,113,2,23,42,21,25,0.9983879923820496,22.078100204467773,0.19028499722480774,-999.0,1,22.078100204467773,22.078100204467773,-999.0,-999.0,-999.0,1,22.424400329589844,0.19028499722480774,-999.0,1,16892216,0.9996500015258789,21.569599151611328,0.04647500067949295,0.1764409989118576,20,21.24049949645996,21.840499877929688,21.594200134277344,0.07117100059986115,0.33500900864601135,20,21.492599487304688,0.09212499856948853,0.43418699502944946,21,115000,0.9996100068092346,20.229000091552734,0.020702999085187912,0.0943010002374649,37,19.90570068359375,20.35070037841797,20.40019989013672,0.023677999153733253,0.19943900406360626,36,20.312999725341797,0.028896000236272812,0.22470800578594208,37,115000,0.9997490048408508,19.5935001373291,0.015542999841272831,0.08306500315666199,21,19.414899826049805,19.7012996673584,19.693500518798828,0.04346099868416786,0.18467499315738678,21,19.602800369262695,0.0379129983484745,0.20521299540996552,21,115000,0.9993410110473633,19.247600555419922,0.03926299884915352,0.14991499483585358,25,18.98550033569336,19.5856990814209,19.394800186157227,0.07308299839496613,0.2325350046157837,24,19.304399490356445,0.05445599928498268,0.2523230016231537,25,115000,0.02868225712466354
PSO J139.6084+35.8862,-999,-999,-999,151061396083654069,3578835000026563,214022515353538,0,16486947775258,15106,1,2038,90,0.96809821945438,3578835,49831,3,277348352,0,33,-999.0,-999.0,-999.0,-999.0,139.60837933,35.886234,0.10001000016927719,0.10001000016927719,,,,,55268.33615741,-999.0,-0.6170617968773437,0.5250051640323854,0.5861777175685134,130.80087402474098,19.206421084766717,188.0811300642909,44.3228008446409,-999,0,1,0,1,0,0,0,-999.0,-999.0,-999.0,-999.0,0,-999.0,-999.0,-999.0,-999.0,-999.0,0,-999.0,-999.0,-999.0,0,0,0.7726399898529053,20.93000030517578,0.09887699782848358,-999.0,1,20.93000030517578,20.93000030517578,20.20599937438965,0.06315699964761734,-999.0,1,20.36280059814453,0.09887699782848358,-999.0,1,16781336,-999.0,-999.0,-999.0,-999.0,0,-999.0,-999.0,-999.0,-999.0,-999.0,0,-999.0,-999.0,-999.0,0,0,-999.0,-999.0,-999.0,-999.0,0,-999.0,-999.0,-999.0,-999.0,-999.0,0,-999.0,-999.0,-999.0,0,0,-999.0,-999.0,-999.0,-999.0,0,-999.0,-999.0,-999.0,-999.0,-999.0,0,-999.0,-999.0,-999.0,0,0,0.026518399592064534
PSO J139.6087+35.8890,-999,-999,-999,151061396086817454,3578835000026686,214022515353661,0,16486947808052,15106,1,2038,90,0.0163501287031454,3578835,49831,3,268959744,0,32,-999.0,-999.0,-999.0,-999.0,139.60867046,35.88902674,0.2957499921321869,0.2957499921321869,,,,,55250.27944444,-999.0,-0.6170427024794959,0.5249835133604424,0.5862172071992825,130.80016180514474,19.20914187071675,188.07726531208678,44.323259552100765,-999,0,1,0,0,0,0,1,-999.0,-999.0,-999.0,-999.0,0,-999.0,-999.0,-999.0,-999.0,-999.0,0,-999.0,-999.0,-999.0,0,0,-999.0,-999.0,-999.0,-999.0,0,-999.0,-999.0,-999.0,-999.0,-999.0,0,-999.0,-999.0,-999.0,0,0,-999.0,-999.0,-999.0,-999.0,0,-999.0,-999.0,-999.0,-999.0,-999.0,0,-999.0,-999.0,-999.0,0,0,-999.0,-999.0,-999.0,-999.0,0,-999.0,-999.0,-999.0,-999.0,-999.0,0,-999.0,-999.0,-999.0,0,0,0.7009919881820679,18.25029945373535,0.2953679859638214,-999.0,1,18.25029945373535,18.25029945373535,-999.0,-999.0,-999.0,0,18.442800521850586,0.2953679859638214,-999.0,1,4112,0.02406057278921065
PSO J139.6089+35.8852,-999,-999,-999,151061396088342847,3578835000026736,214022515353711,0,16486947778234,15106,1,2038,90,0.579102349075584,3578835,49831,3,268959744,0,32,-999.0,-999.0,-999.0,-999.0,139.60885174,35.88520641,0.27140000462532043,0.27140000462532043,,,,,57033.59305556,-999.0,-0.6170741325849542,0.5250068886334155,0.5861631869897552,130.80160699890985,19.205570601969416,188.08260465975007,44.323100049472366,-999,0,1,0,0,1,0,0,-999.0,-999.0,-999.0,-999.0,0,-999.0,-999.0,-999.0,-999.0,-999.0,0,-999.0,-999.0,-999.0,0,0,-999.0,-999.0,-999.0,-999.0,0,-999.0,-999.0,-999.0,-999.0,-999.0,0,-999.0,-999.0,-999.0,0,0,0.7539499998092651,21.822200775146484,0.27098700404167175,-999.0,1,21.822200775146484,21.822200775146484,-999.0,-999.0,-999.0,0,21.955799102783203,0.27098700404167175,-999.0,1,4120,-999.0,-999.0,-999.0,-999.0,0,-999.0,-999.0,-999.0,-999.0,-999.0,0,-999.0,-999.0,-999.0,0,0,-999.0,-999.0,-999.0,-999.0,0,-999.0,-999.0,-999.0,-999.0,-999.0,0,-999.0,-999.0,-999.0,0,0,0.027614327884494146
PSO J139.6090+35.8866,-999,-999,-999,151061396089414511,3578835000026774,214022515353749,0,16486947775152,15106,1,2038,90,0.776135453745849,3578835,49831,3,277348352,0,33,-999.0,-999.0,-999.0,-999.0,139.60895111,35.8865975,0.08941999822854996,0.08941999822854996,,,,,55268.34509259,-999.0,-0.6170642036545467,0.524996596230589,0.5861828575747299,130.80121515312504,19.206913988145345,188.08067545353657,44.32329171243036,-999,0,1,0,1,0,0,0,-999.0,-999.0,-999.0,-999.0,0,-999.0,-999.0,-999.0,-999.0,-999.0,0,-999.0,-999.0,-999.0,0,0,0.6271569728851318,20.547000885009766,0.08815000206232071,-999.0,1,20.547000885009766,20.547000885009766,20.09429931640625,0.05858900025486946,-999.0,1,20.046600341796875,0.08815000206232071,-999.0,1,16781336,-999.0,-999.0,-999.0,-999.0,0,-999.0,-999.0,-999.0,-999.0,-999.0,0,-999.0,-999.0,-999.0,0,0,-999.0,-999.0,-999.0,-999.0,0,-999.0,-999.0,-999.0,-999.0,-999.0,0,-999.0,-999.0,-999.0,0,0,-999.0,-999.0,-999.0,-999.0,0,-999.0,-999.0,-999.0,-999.0,-999.0,0,-999.0,-999.0,-999.0,0,0,0.026364995100564982
PSO J139.6090+35.8886,-999,-999,-999,151061396089556929,3578835000026779,214022515353754,0,16486947807573,15106,1,2038,90,0.396089259903961,3578835,49831,3,268959744,0,32,-999.0,-999.0,-999.0,-999.0,139.60897049,35.88860871,0.3105100095272064,0.3105100095272064,,,,,56759.29760417,-999.0,-0.6170487091010161,0.5249830537133441,0.5862112963007297,130.8005476217801,19.20882392139093,188.07787495684786,44.323468383336376,-999,0,1,0,0,1,0,0,-999.0,-999.0,-999.0,-999.0,0,-999.0,-999.0,-999.0,-999.0,-999.0,0,-999.0,-999.0,-999.0,0,0,-999.0,-999.0,-999.0,-999.0,0,-999.0,-999.0,-999.0,-999.0,-999.0,0,-999.0,-999.0,-999.0,0,0,0.7957040071487427,20.690099716186523,0.31014999747276306,-999.0,1,20.690099716186523,20.690099716186523,20.58370018005371,0.29451799392700195,-999.0,1,21.1382999420166,0.31014999747276306,-999.0,1,4112,-999.0,-999.0,-999.0,-999.0,0,-999.0,-999.0,-999.0,-999.0,-999.0,0,-999.0,-999.0,-999.0,0,0,-999.0,-999.0,-999.0,-999.0,0,-999.0,-999.0,-999.0,-999.0,-999.0,0,-999.0,-999.0,-999.0,0,0,0.02454252987556597
PSO J139.6093+35.8887,-999,-999,-999,151061396092817067,3578835000026879,214022515353854,0,16486947807589,15106,1,2038,90,0.369110922672889,3578835,49831,3,268959744,0,32,-999.0,-999.0,-999.0,-999.0,139.60931908,35.88872142,0.2823199927806854,0.2823199927806854,,,,,56759.28498843,-999.0,-0.6170510248019755,0.5249785523008595,0.5862128900108948,130.80079258376952,19.209021278619737,188.07774951240242,44.32375891156832,-999,0,1,0,0,1,0,0,-999.0,-999.0,-999.0,-999.0,0,-999.0,-999.0,-999.0,-999.0,-999.0,0,-999.0,-999.0,-999.0,0,0,-999.0,-999.0,-999.0,-999.0,0,-999.0,-999.0,-999.0,-999.0,-999.0,0,-999.0,-999.0,-999.0,0,0,0.5595329999923706,20.415700912475586,0.281917005777359,-999.0,1,20.415700912475586,20.415700912475586,-999.0,-999.0,-999.0,0,20.150100708007812,0.281917005777359,-999.0,1,4112,-999.0,-999.0,-999.0,-999.0,0,-999.0,-999.0,-999.0,-999.0,-999.0,0,-999.0,-999.0,-999.0,0,0,-999.0,-999.0,-999.0,-999.0,0,-999.0,-999.0,-999.0,-999.0,-999.0,0,-999.0,-999.0,-999.0,0,0,0.024564533724585953
PSO J139.6101+35.8853,-999,-999,-999,151061396099333093,3578835000027039,214022515354014,0,16486947778518,15106,1,2038,90,0.15720443255939,3578835,49831,3,268513280,0,32,-999.0,-999.0,-999.0,-999.0,139.61006068,35.88532686,0.015259999781847,0.015259999781847,,,,,56743.38030093,-999.0,-0.6170842715286957,0.5249930697732951,0.5861648902159793,130.80254845325595,19.205998920760283,188.08254649602372,44.32408602415132,-999,0,2,1,0,0,1,0,0.9984189867973328,17.175399780273438,0.002520000096410513,-999.0,1,17.175399780273438,17.175399780273438,18.200199127197266,0.011703000403940678,-999.0,1,18.114700317382812,0.002520000096410513,-999.0,1,24,-999.0,-999.0,-999.0,-999.0,0,-999.0,-999.0,-999.0,-999.0,-999.0,0,-999.0,-999.0,-999.0,0,0,-999.0,-999.0,-999.0,-999.0,0,-999.0,-999.0,-999.0,-999.0,-999.0,0,-999.0,-999.0,-999.0,0,0,0.6359490156173706,20.127300262451172,0.16158199310302734,-999.0,1,20.127300262451172,20.127300262451172,-999.0,-999.0,-999.0,0,21.806800842285156,0.16158199310302734,-999.0,1,4120,-999.0,-999.0,-999.0,-999.0,0,-999.0,-999.0,-999.0,-999.0,-999.0,0,-999.0,-999.0,-999.0,0,0,0.027891225321359004
PSO J139.6101+35.8908,-999,-999,-999,151061396101029592,3578835000027081,214022515354056,0,16486947810696,15106,1,2038,90,0.212312612880312,3578835,49831,3,310456320,0,37,-999.0,-999.0,-999.0,-999.0,139.61014419,35.89083837,0.21533000469207764,0.21533000469207764,,,,,55250.32969907,-999.0,-0.6170420876426049,0.5249556309387429,0.5862428230890013,130.80074380781576,19.21124078176515,188.0748746461854,44.324594620913345,-999,0,1,1,0,0,0,0,0.9497060179710388,21.933900833129883,0.21480399370193481,-999.0,1,21.933900833129883,21.933900833129883,20.05739974975586,0.12612199783325195,-999.0,1,21.13719940185547,0.21480399370193481,-999.0,1,16777496,-999.0,-999.0,-999.0,-999.0,0,-999.0,-999.0,-999.0,-999.0,-999.0,0,-999.0,-999.0,-999.0,0,0,-999.0,-999.0,-999.0,-999.0,0,-999.0,-999.0,-999.0,-999.0,-999.0,0,-999.0,-999.0,-999.0,0,0,-999.0,-999.0,-999.0,-999.0,0,-999.0,-999.0,-999.0,-999.0,-999.0,0,-999.0,-999.0,-999.0,0,0,-999.0,-999.0,-999.0,-999.0,0,-999.0,-999.0,-999.0,-999.0,-999.0,0,-999.0,-999.0,-999.0,0,0,0.023013142098217795
PSO J139.6103+35.8872,-999,-999,-999,151061396103155103,3578835000027136,214022515354111,0,16486947777807,15106,1,2038,90,0.598937779291475,3578835,49831,3,436527104,7,52,139.61031356,35.88718281,0.0010000000474974513,0.0010000000474974513,139.610319003184,35.88716488834961,0.02922204845410126,0.02922204845410126,14.144686306190396,62.905778343619964,15.641828300045402,15.641828300045402,56374.056863780046,1.6939030885696411,-0.6170723160510349,0.5249781026747447,0.5861908805802399,130.80214800741032,19.2078108718178,188.0800112303949,44.32445559777104,-999,9,12,0,4,8,0,0,-999.0,-999.0,-999.0,-999.0,0,-999.0,-999.0,-999.0,-999.0,-999.0,0,-999.0,-999.0,-999.0,0,114720,0.9994040131568909,22.009300231933594,0.03283200040459633,0.07883399724960327,4,21.93199920654297,22.08679962158203,21.987600326538086,0.10423199832439423,0.33144599199295044,4,21.91510009765625,0.13432499766349792,0.29725098609924316,4,115000,0.9982420206069946,21.68950080871582,0.05626099929213524,0.1487939953804016,8,21.48390007019043,21.904600143432617,21.57360076904297,0.10339099913835526,0.3427119851112366,7,21.4325008392334,0.17691700160503387,0.3369939923286438,8,115000,-999.0,-999.0,-999.0,-999.0,0,-999.0,-999.0,-999.0,-999.0,-999.0,0,-999.0,-999.0,-999.0,0,114720,-999.0,-999.0,-999.0,-999.0,0,-999.0,-999.0,-999.0,-999.0,-999.0,0,-999.0,-999.0,-999.0,0,114720,0.026318877568817088
PSO J139.6105+35.8909,-999,-999,-999,151061396104879614,3578835000027176,214022515354151,0,16486947811215,15106,1,2038,90,0.853803400745432,3578835,49831,3,268959744,0,32,-999.0,-999.0,-999.0,-999.0,139.61050962,35.89085458,0.27305999398231506,0.27305999398231506,,,,,56344.35071759,-999.0,-0.6170453094469343,0.5249515879872657,0.5862430522907587,130.80103523323126,19.21135111755566,188.07488516350398,44.32489101663085,-999,0,1,0,0,1,0,0,-999.0,-999.0,-999.0,-999.0,0,-999.0,-999.0,-999.0,-999.0,-999.0,0,-999.0,-999.0,-999.0,0,0,-999.0,-999.0,-999.0,-999.0,0,-999.0,-999.0,-999.0,-999.0,-999.0,0,-999.0,-999.0,-999.0,0,0,0.6419900059700012,21.631099700927734,0.2726440131664276,-999.0,1,21.631099700927734,21.631099700927734,21.234699249267578,0.24563300609588623,-999.0,1,22.35300064086914,0.2726440131664276,-999.0,1,4120,-999.0,-999.0,-999.0,-999.0,0,-999.0,-999.0,-999.0,-999.0,-999.0,0,-999.0,-999.0,-999.0,0,0,-999.0,-999.0,-999.0,-999.0,0,-999.0,-999.0,-999.0,-999.0,-999.0,0,-999.0,-999.0,-999.0,0,0,0.023149037350969678
PSO J139.6109+35.8902,-999,-999,-999,151061396109188826,3578835000027283,214022515354258,0,16486947811265,15106,1,2038,90,0.354261735784134,3578835,49831,3,277348352,0,33,-999.0,-999.0,-999.0,-999.0,139.61092835,35.89019211,0.16898000240325928,0.16898000240325928,,,,,55268.34509259,-999.0,-0.6170543086283857,0.5249514706086268,0.5862336852390733,130.801600555361,19.21083250692725,188.07584615857303,44.32517616390901,-999,0,1,0,1,0,0,0,-999.0,-999.0,-999.0,-999.0,0,-999.0,-999.0,-999.0,-999.0,-999.0,0,-999.0,-999.0,-999.0,0,0,0.4301620125770569,21.219200134277344,0.16831299662590027,-999.0,1,21.219200134277344,21.219200134277344,21.159799575805664,0.12901000678539276,-999.0,1,20.774200439453125,0.16831299662590027,-999.0,1,16781336,-999.0,-999.0,-999.0,-999.0,0,-999.0,-999.0,-999.0,-999.0,-999.0,0,-999.0,-999.0,-999.0,0,0,-999.0,-999.0,-999.0,-999.0,0,-999.0,-999.0,-999.0,-999.0,-999.0,0,-999.0,-999.0,-999.0,0,0,-999.0,-999.0,-999.0,-999.0,0,-999.0,-999.0,-999.0,-999.0,-999.0,0,-999.0,-999.0,-999.0,0,0,0.023891867843770568
PSO J139.6112+35.8846,-999,-999,-999,151061396109452170,3578835000027287,214022515354262,0,16486947777741,15106,1,2038,90,0.179792437869862,3578835,49831,3,268513280,0,32,-999.0,-999.0,-999.0,-999.0,139.6111701,35.8846088,0.025180000811815262,0.025180000811815262,,,,,55250.29357639,-999.0,-0.6171000321004778,0.5249858810858634,0.5861547364323597,130.803693910779,19.205607192839935,188.08364762749025,44.32492447358312,-999,0,2,0,0,2,0,0,-999.0,-999.0,-999.0,-999.0,0,-999.0,-999.0,-999.0,-999.0,-999.0,0,-999.0,-999.0,-999.0,0,0,-999.0,-999.0,-999.0,-999.0,0,-999.0,-999.0,-999.0,-999.0,-999.0,0,-999.0,-999.0,-999.0,0,0,0.997979998588562,20.938800811767578,0.2489739954471588,-999.0,1,20.938800811767578,20.938800811767578,18.392499923706055,0.03221999853849411,-999.0,1,22.900699615478516,0.2489739954471588,-999.0,1,4120,-999.0,-999.0,-999.0,-999.0,0,-999.0,-999.0,-999.0,-999.0,-999.0,0,-999.0,-999.0,-999.0,0,0,-999.0,-999.0,-999.0,-999.0,0,-999.0,-999.0,-999.0,-999.0,-999.0,0,-999.0,-999.0,-999.0,0,0,0.02892012750894102
PSO J139.6110+35.8837,-999,-999,-999,151061396110150983,3578835000027306,214022515354281,0,16486947775846,15106,1,2038,90,0.583534171416922,3578835,49831,3,268959744,0,32,-999.0,-999.0,-999.0,-999.0,139.61102669,35.8836737,0.37832000851631165,0.37832000851631165,,,,,55275.32013889,-999.0,-0.6171060043481346,0.5249936243614622,0.5861415134396266,130.80389506213305,19.20468424706058,188.08493753694,44.32473375354659,-999,0,1,1,0,0,0,0,0.6622499823570251,22.55030059814453,0.3780219852924347,-999.0,1,22.55030059814453,22.55030059814453,-999.0,-999.0,-999.0,1,23.01110076904297,0.3780219852924347,-999.0,1,4120,-999.0,-999.0,-999.0,-999.0,0,-999.0,-999.0,-999.0,-999.0,-999.0,0,-999.0,-999.0,-999.0,0,0,-999.0,-999.0,-999.0,-999.0,0,-999.0,-999.0,-999.0,-999.0,-999.0,0,-999.0,-999.0,-999.0,0,0,-999.0,-999.0,-999.0,-999.0,0,-999.0,-999.0,-999.0,-999.0,-999.0,0,-999.0,-999.0,-999.0,0,0,-999.0,-999.0,-999.0,-999.0,0,-999.0,-999.0,-999.0,-999.0,-999.0,0,-999.0,-999.0,-999.0,0,0,0.029720005004577863
PSO J139.6108+35.8888,-999,-999,-999,151061396110707238,3578835000027326,214022515354301,0,16486947810920,15106,1,2038,90,0.479957929328045,3578835,49831,3,310456320,0,37,-999.0,-999.0,-999.0,-999.0,139.61083601,35.88884657,0.17315000295639038,0.17315000295639038,,,,,55250.32969907,-999.0,-0.6170639483426741,0.5249613857261789,0.5862146596189827,130.80198267645898,19.20953409787919,188.07771261791254,44.32499393600576,-999,0,2,1,0,0,1,0,0.9968349933624268,21.718299865722656,0.17250199615955353,-999.0,1,21.718299865722656,21.718299865722656,20.813600540161133,0.19011400640010834,-999.0,1,21.038400650024414,0.17250199615955353,-999.0,1,16777496,-999.0,-999.0,-999.0,-999.0,0,-999.0,-999.0,-999.0,-999.0,-999.0,0,-999.0,-999.0,-999.0,0,0,-999.0,-999.0,-999.0,-999.0,0,-999.0,-999.0,-999.0,-999.0,-999.0,0,-999.0,-999.0,-999.0,0,0,0.8439639806747437,20.518800735473633,0.20682799816131592,-999.0,1,20.518800735473633,20.518800735473633,19.90239906311035,0.22807200253009796,-999.0,1,19.924800872802734,0.20682799816131592,-999.0,1,16781336,-999.0,-999.0,-999.0,-999.0,0,-999.0,-999.0,-999.0,-999.0,-999.0,0,-999.0,-999.0,-999.0,0,0,0.02502282373103886
PSO J139.6113+35.8843,-999,-999,-999,151061396112941722,3578835000027376,214022515354351,0,16486947777787,15106,1,2038,90,0.109337537651265,3578835,49831,3,268959744,0,32,-999.0,-999.0,-999.0,-999.0,139.61129424,35.88426543,-999.0,-999.0,,,,,-999.0,-999.0,-0.6171038451212156,0.5249868202150756,0.5861498809494672,130.80391144194002,19.205314242765038,188.08413732316555,44.32499722679783,-999,0,1,0,0,1,0,0,-999.0,-999.0,-999.0,-999.0,0,-999.0,-999.0,-999.0,-999.0,-999.0,0,-999.0,-999.0,-999.0,0,0,-999.0,-999.0,-999.0,-999.0,0,-999.0,-999.0,-999.0,-999.0,-999.0,0,-999.0,-999.0,-999.0,0,0,-999.0,-999.0,-999.0,-999.0,0,-999.0,-999.0,-999.0,-999.0,-999.0,0,-999.0,-999.0,-999.0,0,16,-999.0,-999.0,-999.0,-999.0,0,-999.0,-999.0,-999.0,-999.0,-999.0,0,-999.0,-999.0,-999.0,0,0,-999.0,-999.0,-999.0,-999.0,0,-999.0,-999.0,-999.0,-999.0,-999.0,0,-999.0,-999.0,-999.0,0,0,0.029273580584747712
PSO J139.6116+35.8831,-999,-999,-999,151061396114900268,3578835000027442,214022515354417,0,16486947775993,15106,1,2038,90,0.788771969069514,3578835,49831,3,268959744,0,32,-999.0,-999.0,-999.0,-999.0,139.61155411,35.88305075,0.1969899982213974,0.1969899982213974,,,,,55249.27530093,-999.0,-0.6171156909598606,0.5249920731003082,0.5861327043878157,130.804535281874,19.20423132405397,188.085853376421,44.32510979624571,-999,0,1,0,0,0,0,1,-999.0,-999.0,-999.0,-999.0,0,-999.0,-999.0,-999.0,-999.0,-999.0,0,-999.0,-999.0,-999.0,0,0,-999.0,-999.0,-999.0,-999.0,0,-999.0,-999.0,-999.0,-999.0,-999.0,0,-999.0,-999.0,-999.0,0,0,-999.0,-999.0,-999.0,-999.0,0,-999.0,-999.0,-999.0,-999.0,-999.0,0,-999.0,-999.0,-999.0,0,0,-999.0,-999.0,-999.0,-999.0,0,-999.0,-999.0,-999.0,-999.0,-999.0,0,-999.0,-999.0,-999.0,0,0,0.7782469987869263,19.53230094909668,0.19641299545764923,-999.0,1,19.53230094909668,19.53230094909668,-999.0,-999.0,-999.0,0,19.86079978942871,0.19641299545764923,-999.0,1,4112,0.030464005525149704
PSO J139.6115+35.8897,-999,-999,-999,151061396114928220,3578835000187186,214022515515784,0,16486947811140,15106,1,2038,90,0.963496956940272,3578835,49831,3,404226048,0,48,139.6114521,35.88968557,0.0010000000474974513,0.0010000000474974513,139.6114521,35.88968557,0.0010000000474974513,0.0010000000474974513,,,,,55646.00913194,-999.0,-0.617063054793634,0.5249491882398205,0.5862265229201953,130.80219823619476,19.210488881876973,188.07659940792792,44.32555859312892,-999,6,0,0,0,0,0,0,-999.0,-999.0,-999.0,-999.0,0,-999.0,-999.0,-999.0,-999.0,-999.0,0,-999.0,-999.0,-999.0,0,114720,-999.0,-999.0,-999.0,-999.0,0,-999.0,-999.0,-999.0,-999.0,-999.0,0,-999.0,-999.0,-999.0,0,114720,-999.0,-999.0,-999.0,-999.0,0,-999.0,-999.0,-999.0,-999.0,-999.0,0,-999.0,-999.0,-999.0,0,114720,-999.0,-999.0,-999.0,-999.0,0,-999.0,-999.0,-999.0,-999.0,-999.0,0,-999.0,-999.0,-999.0,0,16416,-999.0,-999.0,-999.0,-999.0,0,-999.0,-999.0,-999.0,-999.0,-999.0,0,-999.0,-999.0,-999.0,0,16416,0.02454414639352101
PSO J139.6116+35.8879,-999,-999,-999,151061396115786084,3578835000027463,214022515354438,0,16486947809009,15106,1,2038,90,0.275218796241301,3578835,49831,3,277348352,0,33,-999.0,-999.0,-999.0,-999.0,139.61159195,35.88791266,0.07780999690294266,0.07780999690294266,,,,,55268.33615741,-999.0,-0.6170781522512174,0.5249594357227421,0.586201454160499,130.80291423031542,19.208846049715767,188.0790824070237,44.32552966578024,-999,0,1,0,1,0,0,0,-999.0,-999.0,-999.0,-999.0,0,-999.0,-999.0,-999.0,-999.0,-999.0,0,-999.0,-999.0,-999.0,0,0,0.7200040221214294,20.508899688720703,0.07635600119829178,-999.0,1,20.508899688720703,20.508899688720703,20.304000854492188,0.06038200110197067,-999.0,1,20.230199813842773,0.07635600119829178,-999.0,1,16781336,-999.0,-999.0,-999.0,-999.0,0,-999.0,-999.0,-999.0,-999.0,-999.0,0,-999.0,-999.0,-999.0,0,0,-999.0,-999.0,-999.0,-999.0,0,-999.0,-999.0,-999.0,-999.0,-999.0,0,-999.0,-999.0,-999.0,0,0,-999.0,-999.0,-999.0,-999.0,0,-999.0,-999.0,-999.0,-999.0,-999.0,0,-999.0,-999.0,-999.0,0,0,0.026136559116789485
PSO J139.6268+35.8817,-999,-999,-999,151051396268068609,3578835000031045,214022515358020,0,16486947843464,15105,1,2038,90,0.518556526413706,3578835,49831,3,310456320,0,37,-999.0,-999.0,-999.0,-999.0,139.62684582,35.88168071,0.16286000609397888,0.16286000609397888,,,,,55250.34270833,-999.0,-0.6172664618437276,0.5248364305034118,0.5861133305934642,130.8174269432929,19.20690916520238,188.08914917318603,44.33735002869756,-999,0,1,1,0,0,0,0,0.9996569752693176,21.449800491333008,0.16216599941253662,-999.0,1,21.449800491333008,21.449800491333008,19.814199447631836,0.09856899827718735,-999.0,1,20.210399627685547,0.16216599941253662,-999.0,1,16777496,-999.0,-999.0,-999.0,-999.0,0,-999.0,-999.0,-999.0,-999.0,-999.0,0,-999.0,-999.0,-999.0,0,0,-999.0,-999.0,-999.0,-999.0,0,-999.0,-999.0,-999.0,-999.0,-999.0,0,-999.0,-999.0,-999.0,0,0,-999.0,-999.0,-999.0,-999.0,0,-999.0,-999.0,-999.0,-999.0,-999.0,0,-999.0,-999.0,-999.0,0,0,-999.0,-999.0,-999.0,-999.0,0,-999.0,-999.0,-999.0,-999.0,-999.0,0,-999.0,-999.0,-999.0,0,0,0.03838565298388069
PSO J139.6262+35.8825,-999,-999,-999,151051396261219544,3578835000030867,214022515357842,0,16486947843878,15105,1,2038,90,0.588633059140884,3578835,49831,3,310456320,0,37,-999.0,-999.0,-999.0,-999.0,139.62617168,35.88245736,0.10857000201940536,0.10857000201940536,,,,,55250.34986111,-999.0,-0.617254233898766,0.5248385467182518,0.5861243132755379,130.81661521030665,19.20746945935348,188.08800570427934,44.33686770252822,-999,0,1,1,0,0,0,0,0.9991300106048584,20.720600128173828,0.10753100365400314,-999.0,1,20.720600128173828,20.720600128173828,18.994300842285156,0.0637350007891655,-999.0,1,19.472000122070312,0.10753100365400314,-999.0,1,16778264,-999.0,-999.0,-999.0,-999.0,0,-999.0,-999.0,-999.0,-999.0,-999.0,0,-999.0,-999.0,-999.0,0,0,-999.0,-999.0,-999.0,-999.0,0,-999.0,-999.0,-999.0,-999.0,-999.0,0,-999.0,-999.0,-999.0,0,0,-999.0,-999.0,-999.0,-999.0,0,-999.0,-999.0,-999.0,-999.0,-999.0,0,-999.0,-999.0,-999.0,0,0,-999.0,-999.0,-999.0,-999.0,0,-999.0,-999.0,-999.0,-999.0,-999.0,0,-999.0,-999.0,-999.0,0,0,0.0374408899855604
PSO J139.6256+35.8814,-999,-999,-999,151051396255678265,3578835000030729,214022515357704,0,16486947843923,15105,1,2038,90,0.830948750331019,3578835,49831,3,310456320,0,37,-999.0,-999.0,-999.0,-999.0,139.62560709,35.88139457,0.16913999617099762,0.16913999617099762,,,,,55250.34270833,-999.0,-0.6172573447180068,0.5248516717391426,0.5861092842331566,130.81651757363406,19.206316082540937,188.0894356812647,44.33632669601463,-999,0,1,1,0,0,0,0,0.9996169805526733,21.489500045776367,0.16847200691699982,-999.0,1,21.489500045776367,21.489500045776367,20.026899337768555,0.12024299800395966,-999.0,1,20.364099502563477,0.16847200691699982,-999.0,1,16777496,-999.0,-999.0,-999.0,-999.0,0,-999.0,-999.0,-999.0,-999.0,-999.0,0,-999.0,-999.0,-999.0,0,0,-999.0,-999.0,-999.0,-999.0,0,-999.0,-999.0,-999.0,-999.0,-999.0,0,-999.0,-999.0,-999.0,0,0,-999.0,-999.0,-999.0,-999.0,0,-999.0,-999.0,-999.0,-999.0,-999.0,0,-999.0,-999.0,-999.0,0,0,-999.0,-999.0,-999.0,-999.0,0,-999.0,-999.0,-999.0,-999.0,-999.0,0,-999.0,-999.0,-999.0,0,0,0.037958843930273906
PSO J139.6246+35.8821,-999,-999,-999,151051396246189056,3578835000030471,214022515357446,0,16486947843669,15105,1,2038,90,0.0448798640117793,3578835,49831,3,268959744,0,32,-999.0,-999.0,-999.0,-999.0,139.62462868,35.88205679,0.2394700050354004,0.2394700050354004,,,,,55249.26106481,-999.0,-0.6172432212673195,0.5248578239293539,0.5861186487902311,130.81549747852594,19.20668889393865,188.08842411555207,44.33558948880818,-999,0,1,0,0,0,0,1,-999.0,-999.0,-999.0,-999.0,0,-999.0,-999.0,-999.0,-999.0,-999.0,0,-999.0,-999.0,-999.0,0,0,-999.0,-999.0,-999.0,-999.0,0,-999.0,-999.0,-999.0,-999.0,-999.0,0,-999.0,-999.0,-999.0,0,0,-999.0,-999.0,-999.0,-999.0,0,-999.0,-999.0,-999.0,-999.0,-999.0,0,-999.0,-999.0,-999.0,0,0,-999.0,-999.0,-999.0,-999.0,0,-999.0,-999.0,-999.0,-999.0,-999.0,0,-999.0,-999.0,-999.0,0,0,0.7079219818115234,19.30620002746582,0.23899699747562408,-999.0,1,19.30620002746582,19.30620002746582,-999.0,-999.0,-999.0,0,20.299100875854492,0.23899699747562408,-999.0,1,4112,0.03694467215801978
PSO J139.6238+35.8813,-999,-999,-999,151051396238278149,3578835000030275,214022515357250,0,16486947841796,15105,1,2038,90,0.0769985374780358,3578835,49831,3,268959744,0,32,-999.0,-999.0,-999.0,-999.0,139.62382705,35.8812874,-999.0,-999.0,,,,,-999.0,-999.0,-0.617241873728305,0.5248715583500356,0.5861077687179861,130.81510750883768,19.205751771809936,188.0894236740807,44.33488049885926,-999,0,1,0,1,0,0,0,-999.0,-999.0,-999.0,-999.0,0,-999.0,-999.0,-999.0,-999.0,-999.0,0,-999.0,-999.0,-999.0,0,0,-999.0,-999.0,-999.0,-999.0,0,-999.0,-999.0,18.56060028076172,0.017264999449253082,-999.0,1,-999.0,-999.0,-999.0,0,24,-999.0,-999.0,-999.0,-999.0,0,-999.0,-999.0,-999.0,-999.0,-999.0,0,-999.0,-999.0,-999.0,0,0,-999.0,-999.0,-999.0,-999.0,0,-999.0,-999.0,-999.0,-999.0,-999.0,0,-999.0,-999.0,-999.0,0,0,-999.0,-999.0,-999.0,-999.0,0,-999.0,-999.0,-999.0,-999.0,-999.0,0,-999.0,-999.0,-999.0,0,0,0.0371463921896135
PSO J139.6237+35.8819,-999,-999,-999,151051396236988835,3578835000030245,214022515357220,0,16486947841685,15105,1,2038,90,0.894987990981888,3578835,49831,3,276901888,0,33,-999.0,-999.0,-999.0,-999.0,139.62373747,35.88186786,0.017419999465346336,0.017419999465346336,,,,,55248.31197917,-999.0,-0.6172365296044796,0.5248686768125101,0.5861159771093969,130.81483747344032,19.206278244799783,188.08860662778648,44.33485460466649,-999,0,1,0,1,0,0,0,-999.0,-999.0,-999.0,-999.0,0,-999.0,-999.0,-999.0,-999.0,-999.0,0,-999.0,-999.0,-999.0,0,0,0.9858570098876953,18.244199752807617,0.008856999687850475,-999.0,1,18.244199752807617,18.244199752807617,18.174699783325195,0.014759999699890614,-999.0,1,18.12980079650879,0.008856999687850475,-999.0,1,16777240,-999.0,-999.0,-999.0,-999.0,0,-999.0,-999.0,-999.0,-999.0,-999.0,0,-999.0,-999.0,-999.0,0,0,-999.0,-999.0,-999.0,-999.0,0,-999.0,-999.0,-999.0,-999.0,-999.0,0,-999.0,-999.0,-999.0,0,0,-999.0,-999.0,-999.0,-999.0,0,-999.0,-999.0,-999.0,-999.0,-999.0,0,-999.0,-999.0,-999.0,0,0,0.03664295018390113
PSO J139.6237+35.8827,-999,-999,-999,151051396236739888,3578835000030241,214022515357216,0,16486947843610,15105,1,2038,90,0.321151332297503,3578835,49831,3,268959744,0,32,-999.0,-999.0,-999.0,-999.0,139.62369754,35.88273948,0.3914699852466583,0.3914699852466583,,,,,55249.30935185,-999.0,-0.6172293711993014,0.5248633308415686,0.5861283027348272,130.8145088453396,19.20709338874787,188.0873883229302,44.33489210056707,-999,0,1,0,1,0,0,0,-999.0,-999.0,-999.0,-999.0,0,-999.0,-999.0,-999.0,-999.0,-999.0,0,-999.0,-999.0,-999.0,0,0,0.5261939764022827,22.413299560546875,0.391184002161026,-999.0,1,22.413299560546875,22.413299560546875,-999.0,-999.0,-999.0,0,23.014400482177734,0.391184002161026,-999.0,1,4120,-999.0,-999.0,-999.0,-999.0,0,-999.0,-999.0,-999.0,-999.0,-999.0,0,-999.0,-999.0,-999.0,0,0,-999.0,-999.0,-999.0,-999.0,0,-999.0,-999.0,-999.0,-999.0,-999.0,0,-999.0,-999.0,-999.0,0,0,-999.0,-999.0,-999.0,-999.0,0,-999.0,-999.0,-999.0,-999.0,-999.0,0,-999.0,-999.0,-999.0,0,0,0.03593958292157923
PSO J139.6237+35.8821,-999,-999,-999,151051396236529131,3578835000030233,214022515357208,0,16486947841746,15105,1,2038,90,0.360942288638039,3578835,49831,3,268959744,0,32,-999.0,-999.0,-999.0,-999.0,139.62365262,35.88210564,-999.0,-999.0,,,,,-999.0,-999.0,-0.6172338992924554,0.5248680151537358,0.5861193395826559,130.81468772514629,19.20648138972101,188.08826756774025,44.33480510521536,-999,0,1,0,1,0,0,0,-999.0,-999.0,-999.0,-999.0,0,-999.0,-999.0,-999.0,-999.0,-999.0,0,-999.0,-999.0,-999.0,0,0,-999.0,-999.0,-999.0,-999.0,0,-999.0,-999.0,18.01740074157715,0.014063999988138676,-999.0,1,-999.0,-999.0,-999.0,0,24,-999.0,-999.0,-999.0,-999.0,0,-999.0,-999.0,-999.0,-999.0,-999.0,0,-999.0,-999.0,-999.0,0,0,-999.0,-999.0,-999.0,-999.0,0,-999.0,-999.0,-999.0,-999.0,-999.0,0,-999.0,-999.0,-999.0,0,0,-999.0,-999.0,-999.0,-999.0,0,-999.0,-999.0,-999.0,-999.0,-999.0,0,-999.0,-999.0,-999.0,0,0,0.03641332609919127
PSO J139.6236+35.8821,-999,-999,-999,151051396236499167,3578835000030231,214022515357206,0,16486947841746,15105,1,2038,90,0.876104761730977,3578835,49831,3,268959744,0,32,-999.0,-999.0,-999.0,-999.0,139.62364939,35.88213569,-999.0,-999.0,,,,,-999.0,-999.0,-0.6172336355221241,0.5248678508124262,0.5861197645223085,130.8146748893211,19.20650901079409,188.08822539748024,44.33480490120228,-999,0,1,0,1,0,0,0,-999.0,-999.0,-999.0,-999.0,0,-999.0,-999.0,-999.0,-999.0,-999.0,0,-999.0,-999.0,-999.0,0,0,-999.0,-999.0,-999.0,-999.0,0,-999.0,-999.0,18.590900421142578,0.017098000273108482,-999.0,1,-999.0,-999.0,-999.0,0,24,-999.0,-999.0,-999.0,-999.0,0,-999.0,-999.0,-999.0,-999.0,-999.0,0,-999.0,-999.0,-999.0,0,0,-999.0,-999.0,-999.0,-999.0,0,-999.0,-999.0,-999.0,-999.0,-999.0,0,-999.0,-999.0,-999.0,0,0,-999.0,-999.0,-999.0,-999.0,0,-999.0,-999.0,-999.0,-999.0,-999.0,0,-999.0,-999.0,-999.0,0,0,0.036388073047091934
PSO J139.6210+35.8783,-999,-999,-999,151051396209584551,3578835000029615,214022515356590,0,16486947834010,15105,1,2038,90,0.407257031097316,3578835,49831,3,310456320,0,37,-999.0,-999.0,-999.0,-999.0,139.62100371,35.87829905,0.16110000014305115,0.16110000014305115,,,,,55250.34986111,-999.0,-0.6172392952626226,0.5249217766401829,0.5860655089600607,130.81382860316438,19.202187400027665,188.09333203483513,44.33236095627665,-999,0,1,1,0,0,0,0,0.9991369843482971,21.16699981689453,0.16039900481700897,-999.0,1,21.16699981689453,21.16699981689453,19.09119987487793,0.07428299635648727,-999.0,1,19.86199951171875,0.16039900481700897,-999.0,1,16778264,-999.0,-999.0,-999.0,-999.0,0,-999.0,-999.0,-999.0,-999.0,-999.0,0,-999.0,-999.0,-999.0,0,0,-999.0,-999.0,-999.0,-999.0,0,-999.0,-999.0,-999.0,-999.0,-999.0,0,-999.0,-999.0,-999.0,0,0,-999.0,-999.0,-999.0,-999.0,0,-999.0,-999.0,-999.0,-999.0,-999.0,0,-999.0,-999.0,-999.0,0,0,-999.0,-999.0,-999.0,-999.0,0,-999.0,-999.0,-999.0,-999.0,-999.0,0,-999.0,-999.0,-999.0,0,0,0.03829667885347075
PSO J139.6210+35.8825,-999,-999,-999,151051396209029700,3578835000029602,214022515356577,0,16486947773219,15105,1,2038,90,0.494004473550249,3578835,49831,3,268959744,0,32,-999.0,-999.0,-999.0,-999.0,139.62099707,35.88250787,0.15505999326705933,0.15505999326705933,,,,,55249.28387731,-999.0,-0.6172064375071833,0.5248939565213295,0.5861250275385584,130.81239313106627,19.206171940961667,188.08746630197604,44.33269260990124,-999,0,2,0,0,2,0,0,-999.0,-999.0,-999.0,-999.0,0,-999.0,-999.0,-999.0,-999.0,-999.0,0,-999.0,-999.0,-999.0,0,0,-999.0,-999.0,-999.0,-999.0,0,-999.0,-999.0,-999.0,-999.0,-999.0,0,-999.0,-999.0,-999.0,0,0,0.7098209857940674,20.61680030822754,0.10283400118350983,0.14568500220775604,2,20.520099639892578,20.725799560546875,-999.0,-999.0,-999.0,0,21.808900833129883,0.6233019828796387,0.9612789750099182,2,4120,-999.0,-999.0,-999.0,-999.0,0,-999.0,-999.0,-999.0,-999.0,-999.0,0,-999.0,-999.0,-999.0,0,0,-999.0,-999.0,-999.0,-999.0,0,-999.0,-999.0,-999.0,-999.0,-999.0,0,-999.0,-999.0,-999.0,0,0,0.03479868734322981
PSO J139.6209+35.8796,-999,-999,-999,151051396208326119,3578835000029587,214022515356562,0,16486947845131,15105,1,2038,90,0.245926961531795,3578835,49831,3,310456320,0,37,-999.0,-999.0,-999.0,-999.0,139.6208524,35.87960239,0.1334100067615509,0.1334100067615509,,,,,55918.62197917,-999.0,-0.6172277532128435,0.524914769784203,0.5860839403415028,130.81326280253373,19.203382485116624,188.09150206757852,44.33234314658151,-999,0,1,0,1,0,0,0,-999.0,-999.0,-999.0,-999.0,0,-999.0,-999.0,-999.0,-999.0,-999.0,0,-999.0,-999.0,-999.0,0,0,0.9834240078926086,21.58329963684082,0.13256099820137024,-999.0,1,21.58329963684082,21.58329963684082,20.959400177001953,0.14329500496387482,-999.0,1,21.04640007019043,0.13256099820137024,-999.0,1,16777496,-999.0,-999.0,-999.0,-999.0,0,-999.0,-999.0,-999.0,-999.0,-999.0,0,-999.0,-999.0,-999.0,0,0,-999.0,-999.0,-999.0,-999.0,0,-999.0,-999.0,-999.0,-999.0,-999.0,0,-999.0,-999.0,-999.0,0,0,-999.0,-999.0,-999.0,-999.0,0,-999.0,-999.0,-999.0,-999.0,-999.0,0,-999.0,-999.0,-999.0,0,0,0.037131763308106455
PSO J139.6207+35.8773,-999,-999,-999,151051396206813359,3578835000029551,214022515356526,0,16486947834731,15105,1,2038,90,0.297683243917006,3578835,49831,3,268959744,0,32,-999.0,-999.0,-999.0,-999.0,139.62071445,35.87728428,0.35203999280929565,0.35203999280929565,,,,,55903.56032407,-999.0,-0.6172445521560765,0.5249316172382903,0.5860511582253186,130.81393832858464,19.201151082483047,188.09471988531536,44.3320460286359,-999,0,1,0,0,0,0,1,-999.0,-999.0,-999.0,-999.0,0,-999.0,-999.0,-999.0,-999.0,-999.0,0,-999.0,-999.0,-999.0,0,0,-999.0,-999.0,-999.0,-999.0,0,-999.0,-999.0,-999.0,-999.0,-999.0,0,-999.0,-999.0,-999.0,0,0,-999.0,-999.0,-999.0,-999.0,0,-999.0,-999.0,-999.0,-999.0,-999.0,0,-999.0,-999.0,-999.0,0,0,-999.0,-999.0,-999.0,-999.0,0,-999.0,-999.0,-999.0,-999.0,-999.0,0,-999.0,-999.0,-999.0,0,0,0.8313860297203064,20.66080093383789,0.35172098875045776,-999.0,1,20.66080093383789,20.66080093383789,-999.0,-999.0,-999.0,0,20.15410041809082,0.35172098875045776,-999.0,1,4120,0.0390391485797254
PSO J139.6205+35.8779,-999,-999,-999,151051396205734163,3578835000029526,214022515356501,0,16486947834019,15105,1,2038,90,0.992641152807177,3578835,49831,3,268959744,0,32,-999.0,-999.0,-999.0,-999.0,139.62049408,35.87793036,0.1445000022649765,0.1445000022649765,,,,,55853.32135417,-999.0,-0.6172374990149904,0.5249297099724722,0.5860602950191524,130.8135397310534,19.201705707286422,188.0937995620357,44.33191981040436,-999,0,2,0,1,0,1,0,-999.0,-999.0,-999.0,-999.0,0,-999.0,-999.0,-999.0,-999.0,-999.0,0,-999.0,-999.0,-999.0,0,0,0.6888560056686401,21.843799591064453,0.29545700550079346,-999.0,1,21.843799591064453,21.843799591064453,-999.0,-999.0,-999.0,0,22.324800491333008,0.29545700550079346,-999.0,1,4120,-999.0,-999.0,-999.0,-999.0,0,-999.0,-999.0,-999.0,-999.0,-999.0,0,-999.0,-999.0,-999.0,0,0,0.5788450241088867,20.711999893188477,0.1649159938097,-999.0,1,20.711999893188477,20.711999893188477,-999.0,-999.0,-999.0,0,21.503700256347656,0.1649159938097,-999.0,1,4120,-999.0,-999.0,-999.0,-999.0,0,-999.0,-999.0,-999.0,-999.0,-999.0,0,-999.0,-999.0,-999.0,0,0,0.03839375865704969
PSO J139.6201+35.8796,-999,-999,-999,151051396200806111,3578835000029414,214022515356389,0,16486947767310,15105,1,2038,90,0.370711069899342,3578835,49831,3,310456320,0,37,-999.0,-999.0,-999.0,-999.0,139.62010169,35.87959447,0.18216000497341156,0.18216000497341156,,,,,55918.63284722,-999.0,-0.6172209372509385,0.5249229093655378,0.5860838283405304,130.81265544877272,19.203179811391458,188.09144499715777,44.331736203258544,-999,0,1,0,1,0,0,0,-999.0,-999.0,-999.0,-999.0,0,-999.0,-999.0,-999.0,-999.0,-999.0,0,-999.0,-999.0,-999.0,0,0,0.8752710223197937,21.97949981689453,0.18153999745845795,-999.0,1,21.97949981689453,21.97949981689453,21.704500198364258,0.17717400193214417,-999.0,1,21.439699172973633,0.18153999745845795,-999.0,1,16777496,-999.0,-999.0,-999.0,-999.0,0,-999.0,-999.0,-999.0,-999.0,-999.0,0,-999.0,-999.0,-999.0,0,0,-999.0,-999.0,-999.0,-999.0,0,-999.0,-999.0,-999.0,-999.0,-999.0,0,-999.0,-999.0,-999.0,0,0,-999.0,-999.0,-999.0,-999.0,0,-999.0,-999.0,-999.0,-999.0,-999.0,0,-999.0,-999.0,-999.0,0,0,0.036810942539716264
PSO J139.6197+35.8770,-999,-999,-999,151051396196882946,3578835000029294,214022515356269,0,16486947834832,15105,1,2038,90,0.579613217692462,3578835,49831,3,310456320,0,37,-999.0,-999.0,-999.0,-999.0,139.61973367,35.87696181,0.14315000176429749,0.14315000176429749,,,,,55250.34986111,-999.0,-0.6172380789479844,0.5249443199346747,0.5860465978614017,130.81325087200193,19.200590672576084,188.0950802177084,44.33122804066661,-999,0,1,1,0,0,0,0,0.9987030029296875,21.02750015258789,0.14236199855804443,-999.0,1,21.02750015258789,21.02750015258789,19.07990074157715,0.0751350000500679,-999.0,1,19.790199279785156,0.14236199855804443,-999.0,1,16778264,-999.0,-999.0,-999.0,-999.0,0,-999.0,-999.0,-999.0,-999.0,-999.0,0,-999.0,-999.0,-999.0,0,0,-999.0,-999.0,-999.0,-999.0,0,-999.0,-999.0,-999.0,-999.0,-999.0,0,-999.0,-999.0,-999.0,0,0,-999.0,-999.0,-999.0,-999.0,0,-999.0,-999.0,-999.0,-999.0,-999.0,0,-999.0,-999.0,-999.0,0,0,-999.0,-999.0,-999.0,-999.0,0,-999.0,-999.0,-999.0,-999.0,-999.0,0,-999.0,-999.0,-999.0,0,0,0.03891569724728652
PSO J139.6191+35.8776,-999,-999,-999,151051396190993678,3578835000029163,214022515356138,0,16486947834249,15105,1,2038,90,0.676281329874211,3578835,49831,3,268959744,0,32,-999.0,-999.0,-999.0,-999.0,139.61911861,35.87757228,0.21735000610351562,0.21735000610351562,,,,,56043.25655093,-999.0,-0.6172276871782924,0.5249469004398547,0.5860552310995316,130.81254363807977,19.20100895974311,188.09417369890576,44.330780200240696,-999,0,1,0,0,0,1,0,-999.0,-999.0,-999.0,-999.0,0,-999.0,-999.0,-999.0,-999.0,-999.0,0,-999.0,-999.0,-999.0,0,0,-999.0,-999.0,-999.0,-999.0,0,-999.0,-999.0,-999.0,-999.0,-999.0,0,-999.0,-999.0,-999.0,0,0,-999.0,-999.0,-999.0,-999.0,0,-999.0,-999.0,-999.0,-999.0,-999.0,0,-999.0,-999.0,-999.0,0,0,0.5178080201148987,20.93320083618164,0.21683500707149506,-999.0,1,20.93320083618164,20.93320083618164,-999.0,-999.0,-999.0,0,21.735000610351562,0.21683500707149506,-999.0,1,4120,-999.0,-999.0,-999.0,-999.0,0,-999.0,-999.0,-999.0,-999.0,-999.0,0,-999.0,-999.0,-999.0,0,0,0.03813863748850872
PSO J139.6188+35.8827,-999,-999,-999,151051396187819840,3578835000029103,214022515356078,0,16486947773154,15105,1,2038,90,0.839548532701608,3578835,49831,3,268513280,0,32,-999.0,-999.0,-999.0,-999.0,139.6188051,35.8826715,0.017500000074505806,0.017500000074505806,,,,,55250.32483796,-999.0,-0.6171850810376978,0.524916484187423,0.5861273414308579,130.81055632535018,19.205757058890892,188.08703953814017,44.33093542942334,-999,0,1,0,1,0,0,0,-999.0,-999.0,-999.0,-999.0,0,-999.0,-999.0,-999.0,-999.0,-999.0,0,-999.0,-999.0,-999.0,0,0,0.9977499842643738,18.12849998474121,0.00901000015437603,-999.0,1,18.12849998474121,18.12849998474121,18.98900032043457,0.025696000084280968,-999.0,1,18.912200927734375,0.00901000015437603,-999.0,1,24,-999.0,-999.0,-999.0,-999.0,0,-999.0,-999.0,-999.0,-999.0,-999.0,0,-999.0,-999.0,-999.0,0,0,-999.0,-999.0,-999.0,-999.0,0,-999.0,-999.0,-999.0,-999.0,-999.0,0,-999.0,-999.0,-999.0,0,0,-999.0,-999.0,-999.0,-999.0,0,-999.0,-999.0,-999.0,-999.0,-999.0,0,-999.0,-999.0,-999.0,0,0,0.03365538317218825
PSO J139.6181+35.8811,-999,-999,-999,151051396180717881,3578835000028935,214022515355910,0,16486947781572,15105,1,2038,90,0.310335165178715,3578835,49831,3,302067712,0,36,-999.0,-999.0,-999.0,-999.0,139.61811839,35.88107196,0.19117000699043274,0.19117000699043274,,,,,56032.27366898,-999.0,-0.6171912538928535,0.5249344824067699,0.5861047221260924,130.81054177506337,19.20406356828497,188.0892061954126,44.330252746439776,-999,0,1,1,0,0,0,0,0.055500999093055725,21.877099990844727,0.19057999551296234,-999.0,1,21.877099990844727,21.877099990844727,21.725900650024414,0.3258970081806183,-999.0,1,21.44610023498535,0.19057999551296234,-999.0,1,536,-999.0,-999.0,-999.0,-999.0,0,-999.0,-999.0,-999.0,-999.0,-999.0,0,-999.0,-999.0,-999.0,0,0,-999.0,-999.0,-999.0,-999.0,0,-999.0,-999.0,-999.0,-999.0,-999.0,0,-999.0,-999.0,-999.0,0,0,-999.0,-999.0,-999.0,-999.0,0,-999.0,-999.0,-999.0,-999.0,-999.0,0,-999.0,-999.0,-999.0,0,0,-999.0,-999.0,-999.0,-999.0,0,-999.0,-999.0,-999.0,-999.0,-999.0,0,-999.0,-999.0,-999.0,0,0,0.03470938013582171
PSO J139.6181+35.8817,-999,-999,-999,151051396180448642,3578835000028928,214022515355903,0,16486947781025,15105,1,2038,90,0.400837172196095,3578835,49831,3,302067712,0,36,-999.0,-999.0,-999.0,-999.0,139.61811431,35.88169994,0.2115900069475174,0.2115900069475174,,,,,55248.25677083,-999.0,-0.6171863231176921,0.5249303644180531,0.5861136025280371,130.81032509270705,19.204657284307213,188.08833074856926,44.33029974209457,-999,0,1,0,0,0,0,1,-999.0,-999.0,-999.0,-999.0,0,-999.0,-999.0,-999.0,-999.0,-999.0,0,-999.0,-999.0,-999.0,0,0,-999.0,-999.0,-999.0,-999.0,0,-999.0,-999.0,-999.0,-999.0,-999.0,0,-999.0,-999.0,-999.0,0,0,-999.0,-999.0,-999.0,-999.0,0,-999.0,-999.0,-999.0,-999.0,-999.0,0,-999.0,-999.0,-999.0,0,0,-999.0,-999.0,-999.0,-999.0,0,-999.0,-999.0,-999.0,-999.0,-999.0,0,-999.0,-999.0,-999.0,0,0,0.9993299841880798,19.517499923706055,0.2110610008239746,-999.0,1,19.517499923706055,19.517499923706055,-999.0,-999.0,-999.0,1,20.558799743652344,0.2110610008239746,-999.0,1,280,0.03417220307742157
PSO J139.6180+35.8785,-999,-999,-999,151051396180214754,3578835000028920,214022515355895,0,16486947768264,15105,1,2038,90,0.943193187884235,3578835,49831,3,268959744,0,32,-999.0,-999.0,-999.0,-999.0,139.61804069,35.87846579,0.20537999272346497,0.20537999272346497,,,,,56042.25787037,-999.0,-0.6172108492048815,0.5249525911406543,0.5860678669561248,130.81136410777393,19.20157499203455,188.09283076916563,44.32998120920118,-999,0,1,0,0,0,1,0,-999.0,-999.0,-999.0,-999.0,0,-999.0,-999.0,-999.0,-999.0,-999.0,0,-999.0,-999.0,-999.0,0,0,-999.0,-999.0,-999.0,-999.0,0,-999.0,-999.0,-999.0,-999.0,-999.0,0,-999.0,-999.0,-999.0,0,0,-999.0,-999.0,-999.0,-999.0,0,-999.0,-999.0,-999.0,-999.0,-999.0,0,-999.0,-999.0,-999.0,0,0,0.6057689785957336,21.012699127197266,0.20483000576496124,-999.0,1,21.012699127197266,21.012699127197266,-999.0,-999.0,-999.0,0,20.91710090637207,0.20483000576496124,-999.0,1,4120,-999.0,-999.0,-999.0,-999.0,0,-999.0,-999.0,-999.0,-999.0,-999.0,0,-999.0,-999.0,-999.0,0,0,0.036932018188036
PSO J139.6179+35.8765,-999,-999,-999,151051396179292429,3578835000028898,214022515355873,0,16486947834120,15105,1,2038,90,0.815616723909617,3578835,49831,3,268959744,0,32,-999.0,-999.0,-999.0,-999.0,139.61794593,35.87650802,0.24111999571323395,0.24111999571323395,,,,,56331.35887731,-999.0,-0.6172252350138167,0.5249665858772162,0.586040180341381,130.81195225660827,19.19969609492155,188.0955502428834,44.32974775843683,-999,0,1,1,0,0,0,0,0.11001700162887573,22.195100784301758,0.24064800143241882,-999.0,1,22.195100784301758,22.195100784301758,-999.0,-999.0,-999.0,0,22.027599334716797,0.24064800143241882,-999.0,1,4120,-999.0,-999.0,-999.0,-999.0,0,-999.0,-999.0,-999.0,-999.0,-999.0,0,-999.0,-999.0,-999.0,0,0,-999.0,-999.0,-999.0,-999.0,0,-999.0,-999.0,-999.0,-999.0,-999.0,0,-999.0,-999.0,-999.0,0,0,-999.0,-999.0,-999.0,-999.0,0,-999.0,-999.0,-999.0,-999.0,-999.0,0,-999.0,-999.0,-999.0,0,0,-999.0,-999.0,-999.0,-999.0,0,-999.0,-999.0,-999.0,-999.0,-999.0,0,-999.0,-999.0,-999.0,0,0,0.03861964529443287
PSO J139.6179+35.8807,-999,-999,-999,151051396178187519,3578835000028878,214022515355853,0,16486947781620,15105,1,2038,90,0.0988340741943885,3578835,49831,3,268959744,0,32,-999.0,-999.0,-999.0,-999.0,139.61785422,35.88074849,0.3092299997806549,0.3092299997806549,,,,,55903.56032407,-999.0,-0.6171913541338927,0.5249394718304099,0.5861001478389015,130.81043700978336,19.203688524484356,188.08963297713186,44.33001348619003,-999,0,1,0,0,0,0,1,-999.0,-999.0,-999.0,-999.0,0,-999.0,-999.0,-999.0,-999.0,-999.0,0,-999.0,-999.0,-999.0,0,0,-999.0,-999.0,-999.0,-999.0,0,-999.0,-999.0,-999.0,-999.0,-999.0,0,-999.0,-999.0,-999.0,0,0,-999.0,-999.0,-999.0,-999.0,0,-999.0,-999.0,-999.0,-999.0,-999.0,0,-999.0,-999.0,-999.0,0,0,-999.0,-999.0,-999.0,-999.0,0,-999.0,-999.0,-999.0,-999.0,-999.0,0,-999.0,-999.0,-999.0,0,0,0.5596669912338257,20.365100860595703,0.30886900424957275,-999.0,1,20.365100860595703,20.365100860595703,-999.0,-999.0,-999.0,0,21.112699508666992,0.30886900424957275,-999.0,1,4120,0.034876772290022465
PSO J139.6172+35.8827,-999,-999,-999,151051396171339878,3578835000028721,214022515355696,0,16486947782097,15105,1,2038,90,0.625854568207501,3578835,49831,3,268959744,0,32,-999.0,-999.0,-999.0,-999.0,139.61717581,35.88271015,0.2702699899673462,0.2702699899673462,,,,,55903.57219907,-999.0,-0.617169852836859,0.5249337783773562,0.5861278879799208,130.80921922325888,19.205370102463753,188.08683793023684,44.329622680194014,-999,0,1,0,0,0,0,1,-999.0,-999.0,-999.0,-999.0,0,-999.0,-999.0,-999.0,-999.0,-999.0,0,-999.0,-999.0,-999.0,0,0,-999.0,-999.0,-999.0,-999.0,0,-999.0,-999.0,-999.0,-999.0,-999.0,0,-999.0,-999.0,-999.0,0,0,-999.0,-999.0,-999.0,-999.0,0,-999.0,-999.0,-999.0,-999.0,-999.0,0,-999.0,-999.0,-999.0,0,0,-999.0,-999.0,-999.0,-999.0,0,-999.0,-999.0,-999.0,-999.0,-999.0,0,-999.0,-999.0,-999.0,0,0,0.5011439919471741,20.135099411010742,0.2698509991168976,-999.0,1,20.135099411010742,20.135099411010742,-999.0,-999.0,-999.0,0,21.39259910583496,0.2698509991168976,-999.0,1,4120,0.03291319696411074
PSO J139.6170+35.8777,-999,-999,-999,151051396168403860,3578835000028652,214022515355627,0,16486947767996,15105,1,2038,90,0.96230297159618,3578835,49831,3,436527104,7,52,139.61697157,35.87770357,0.0010000000474974513,0.0010000000474974513,139.61698995629126,35.87772026943557,0.014014474517757008,0.014014474517757008,-13.424785784021509,3.0932204971175805,7.44509847871169,7.44509847871169,55762.129322377485,3.1408851146698,-0.6172070308652011,0.5249688505960091,0.5860573239491746,130.81077624680543,19.20057802993522,188.09380358709524,44.32907684561782,-999,9,38,6,16,14,2,0,0.99931800365448,21.875999450683594,0.04635800048708916,0.15778499841690063,6,21.64620018005371,22.08340072631836,21.695600509643555,0.2107270061969757,0.5302760004997253,6,21.642000198364258,0.15620200335979462,0.33412399888038635,6,115000,0.9997529983520508,21.557899475097656,0.02758600004017353,0.14318600296974182,16,21.45319938659668,21.91119956970215,21.46470069885254,0.07547400146722794,0.532800018787384,14,21.5856990814209,0.09479500353336334,0.39386099576950073,16,115000,0.9990100264549255,21.55389976501465,0.07739999890327454,0.2666099965572357,14,20.912500381469727,21.769699096679688,21.500900268554688,0.09785400331020355,0.3415699899196625,14,21.445199966430664,0.11051300168037415,0.4269619882106781,14,115000,0.9968550205230713,21.271400451660156,0.18626099824905396,-999.0,1,21.271400451660156,21.271400451660156,20.999099731445312,0.3166700005531311,-999.0,1,21.021699905395508,0.18626099824905396,-999.0,1,115000,-999.0,-999.0,-999.0,-999.0,0,-999.0,-999.0,-999.0,-999.0,-999.0,0,-999.0,-999.0,-999.0,0,114720,0.037186823731903816
PSO J139.6159+35.8785,-999,-999,-999,151051396159294775,3578835000028466,214022515355441,0,16486947769498,15105,1,2038,90,0.932770274516912,3578835,49831,3,436527104,7,52,139.61587907,35.87848305,0.0010000000474974513,0.0010000000474974513,139.61590656108095,35.87849124296438,0.008988577860324976,0.008988577860324976,-12.985127455715526,-23.97040000370589,4.583153330816128,4.583153330816128,56021.75321514362,2.7691237926483154,-0.6171910972488737,0.5249754116993182,0.5860682269052493,130.8096227782226,19.20104256186679,188.09260461048498,44.32826029394725,-999,8,61,0,0,27,20,14,-999.0,-999.0,-999.0,-999.0,0,-999.0,-999.0,-999.0,-999.0,-999.0,0,-999.0,-999.0,-999.0,0,16416,-999.0,-999.0,-999.0,-999.0,0,-999.0,-999.0,-999.0,-999.0,-999.0,0,-999.0,-999.0,-999.0,0,114720,0.9997490048408508,21.024599075317383,0.02091600000858307,0.09793700277805328,23,20.839000701904297,21.178800582885742,21.089599609375,0.0471079982817173,0.30970999598503113,23,20.997400283813477,0.050144001841545105,0.24103400111198425,23,115000,0.9996020197868347,20.181699752807617,0.01600000075995922,0.11768999695777893,14,20.028799057006836,20.486499786376953,20.3341007232666,0.043807998299598694,0.23138299584388733,14,20.32670021057129,0.04941900074481964,0.25685200095176697,14,115000,0.9995729923248291,19.715499877929688,0.042525000870227814,0.19142700731754303,13,19.364099502563477,19.86079978942871,19.683300018310547,0.11353500187397003,0.3378300070762634,13,19.691099166870117,0.12769000232219696,0.42917001247406006,13,115000,0.036101278426586815
PSO J139.6159+35.8773,-999,-999,-999,151051396158343341,3578835000028441,214022515355416,0,16486947769938,15105,1,2038,90,0.047981721393747,3578835,49831,3,268959744,0,32,-999.0,-999.0,-999.0,-999.0,139.61585794,35.87729064,0.18322999775409698,0.18322999775409698,,,,,56049.25005787,-999.0,-0.6172000060856662,0.5249838921418878,0.5860512481681175,130.809989581108,19.199894517263015,188.0942700997888,44.32812409489337,-999,0,1,0,0,0,0,1,-999.0,-999.0,-999.0,-999.0,0,-999.0,-999.0,-999.0,-999.0,-999.0,0,-999.0,-999.0,-999.0,0,0,-999.0,-999.0,-999.0,-999.0,0,-999.0,-999.0,-999.0,-999.0,-999.0,0,-999.0,-999.0,-999.0,0,0,-999.0,-999.0,-999.0,-999.0,0,-999.0,-999.0,-999.0,-999.0,-999.0,0,-999.0,-999.0,-999.0,0,0,-999.0,-999.0,-999.0,-999.0,0,-999.0,-999.0,-999.0,-999.0,-999.0,0,-999.0,-999.0,-999.0,0,0,0.5157390236854553,19.701799392700195,0.18261699378490448,-999.0,1,19.701799392700195,19.701799392700195,-999.0,-999.0,-999.0,0,21.12299919128418,0.18261699378490448,-999.0,1,4120,0.03716089947175465
PSO J139.6157+35.8753,-999,-999,-999,151051396156910986,3578835000028404,214022515355379,0,16486947766723,15105,1,2038,90,0.497342574873327,3578835,49831,3,310456320,0,37,-999.0,-999.0,-999.0,-999.0,139.61572092,35.87531821,0.1767600029706955,0.1767600029706955,,,,,56331.35887731,-999.0,-0.6172141179039661,0.5249984394659083,0.5860233538165439,130.8105483318608,19.19799074038221,188.09700606217461,44.3278552568681,-999,0,1,1,0,0,0,0,0.318354994058609,22.036800384521484,0.17612600326538086,-999.0,1,22.036800384521484,22.036800384521484,20.938499450683594,0.16620099544525146,-999.0,1,21.20840072631836,0.17612600326538086,-999.0,1,16777752,-999.0,-999.0,-999.0,-999.0,0,-999.0,-999.0,-999.0,-999.0,-999.0,0,-999.0,-999.0,-999.0,0,0,-999.0,-999.0,-999.0,-999.0,0,-999.0,-999.0,-999.0,-999.0,-999.0,0,-999.0,-999.0,-999.0,0,0,-999.0,-999.0,-999.0,-999.0,0,-999.0,-999.0,-999.0,-999.0,-999.0,0,-999.0,-999.0,-999.0,0,0,-999.0,-999.0,-999.0,-999.0,0,-999.0,-999.0,-999.0,-999.0,-999.0,0,-999.0,-999.0,-999.0,0,0,0.038900448087241385
PSO J139.6156+35.8783,-999,-999,-999,151051396155444609,3578835000028371,214022515355346,0,16486947769521,15105,1,2038,90,0.116452222798441,3578835,49831,3,268959744,0,32,-999.0,-999.0,-999.0,-999.0,139.61556079,35.87833875,0.2412700057029724,0.2412700057029724,,,,,56652.65506944,-999.0,-0.6171891172304017,0.5249801469695355,0.5860660703881452,130.80939202323194,19.200809968094276,188.09278266402336,44.32796812105969,-999,0,1,0,0,0,1,0,-999.0,-999.0,-999.0,-999.0,0,-999.0,-999.0,-999.0,-999.0,-999.0,0,-999.0,-999.0,-999.0,0,0,-999.0,-999.0,-999.0,-999.0,0,-999.0,-999.0,-999.0,-999.0,-999.0,0,-999.0,-999.0,-999.0,0,0,-999.0,-999.0,-999.0,-999.0,0,-999.0,-999.0,-999.0,-999.0,-999.0,0,-999.0,-999.0,-999.0,0,0,0.7843409776687622,20.967199325561523,0.24080699682235718,-999.0,1,20.967199325561523,20.967199325561523,-999.0,-999.0,-999.0,0,21.273799896240234,0.24080699682235718,-999.0,1,4120,-999.0,-999.0,-999.0,-999.0,0,-999.0,-999.0,-999.0,-999.0,-999.0,0,-999.0,-999.0,-999.0,0,0,0.0361132027702976
PSO J139.6151+35.8814,-999,-999,-999,151051396150598232,3578835000028270,214022515355245,0,16486947781831,15105,1,2038,90,0.254915856993679,3578835,49831,3,268959744,0,32,-999.0,-999.0,-999.0,-999.0,139.61507575,35.88135762,0.3549500107765198,0.3549500107765198,,,,,56652.65506944,-999.0,-0.6171611510241427,0.5249653637216021,0.5861087617150944,130.80797222570186,19.20354314714773,188.0885320966083,44.32781829921746,-999,0,1,0,0,0,1,0,-999.0,-999.0,-999.0,-999.0,0,-999.0,-999.0,-999.0,-999.0,-999.0,0,-999.0,-999.0,-999.0,0,0,-999.0,-999.0,-999.0,-999.0,0,-999.0,-999.0,-999.0,-999.0,-999.0,0,-999.0,-999.0,-999.0,0,0,-999.0,-999.0,-999.0,-999.0,0,-999.0,-999.0,-999.0,-999.0,-999.0,0,-999.0,-999.0,-999.0,0,0,0.6012129783630371,21.387500762939453,0.3546290099620819,-999.0,1,21.387500762939453,21.387500762939453,-999.0,-999.0,-999.0,1,23.03019905090332,0.3546290099620819,-999.0,1,4120,-999.0,-999.0,-999.0,-999.0,0,-999.0,-999.0,-999.0,-999.0,-999.0,0,-999.0,-999.0,-999.0,0,0,0.033244773734777085
PSO J139.6150+35.8750,-999,-999,-999,151051396149190842,3578835000028237,214022515355212,0,16486947767293,15105,1,2038,90,0.201929044166514,3578835,49831,3,404226048,0,48,139.61500573,35.87501237,0.0010000000474974513,0.0010000000474974513,139.61500573,35.87501237,0.0010000000474974513,0.0010000000474974513,,,,,55646.00913194,-999.0,-0.6172099473274238,0.5250081705312115,0.5860190285268466,130.810071032934,19.197515140500112,188.0973672376721,44.32725307625627,-999,4,1,0,1,0,0,0,-999.0,-999.0,-999.0,-999.0,0,-999.0,-999.0,-999.0,-999.0,-999.0,0,-999.0,-999.0,-999.0,0,16416,0.5832290053367615,22.189599990844727,0.367247998714447,-999.0,1,22.189599990844727,22.189599990844727,-999.0,-999.0,-999.0,1,23.34630012512207,0.367247998714447,-999.0,1,118840,-999.0,-999.0,-999.0,-999.0,0,-999.0,-999.0,-999.0,-999.0,-999.0,0,-999.0,-999.0,-999.0,0,114720,-999.0,-999.0,-999.0,-999.0,0,-999.0,-999.0,-999.0,-999.0,-999.0,0,-999.0,-999.0,-999.0,0,16416,-999.0,-999.0,-999.0,-999.0,0,-999.0,-999.0,-999.0,-999.0,-999.0,0,-999.0,-999.0,-999.0,0,16416,0.038945363760770686
PSO J139.6147+35.8789,-999,-999,-999,151051396147025276,3578835000028197,214022515355172,0,16486947769581,15105,1,2038,90,0.234407301279164,3578835,49831,3,268959744,0,32,-999.0,-999.0,-999.0,-999.0,139.61472282,35.87889966,0.16780999302864075,0.16780999302864075,,,,,56042.24768519,-999.0,-0.6171770688986323,0.5249854560687672,0.5860740026156778,130.8085205003407,19.2011233838764,188.09192500683582,44.327336292989656,-999,0,1,0,0,0,1,0,-999.0,-999.0,-999.0,-999.0,0,-999.0,-999.0,-999.0,-999.0,-999.0,0,-999.0,-999.0,-999.0,0,0,-999.0,-999.0,-999.0,-999.0,0,-999.0,-999.0,-999.0,-999.0,-999.0,0,-999.0,-999.0,-999.0,0,0,-999.0,-999.0,-999.0,-999.0,0,-999.0,-999.0,-999.0,-999.0,-999.0,0,-999.0,-999.0,-999.0,0,0,0.5016949772834778,20.570600509643555,0.16714200377464294,-999.0,1,20.570600509643555,20.570600509643555,-999.0,-999.0,-999.0,0,20.81089973449707,0.16714200377464294,-999.0,1,4120,-999.0,-999.0,-999.0,-999.0,0,-999.0,-999.0,-999.0,-999.0,-999.0,0,-999.0,-999.0,-999.0,0,0,0.03531223191583775
PSO J139.6146+35.8792,-999,-999,-999,151051396145675633,3578835000028163,214022515355138,0,16486947768865,15105,1,2038,90,0.836733688448308,3578835,49831,3,268959744,0,32,-999.0,-999.0,-999.0,-999.0,139.61458715,35.87919828,0.23486000299453735,0.23486000299453735,,,,,56042.25787037,-999.0,-0.6171734991129554,0.5249849383373746,0.586078225590726,130.80830879885082,19.201370948395866,188.09149659265034,44.32725065498515,-999,0,1,0,0,0,1,0,-999.0,-999.0,-999.0,-999.0,0,-999.0,-999.0,-999.0,-999.0,-999.0,0,-999.0,-999.0,-999.0,0,0,-999.0,-999.0,-999.0,-999.0,0,-999.0,-999.0,-999.0,-999.0,-999.0,0,-999.0,-999.0,-999.0,0,0,-999.0,-999.0,-999.0,-999.0,0,-999.0,-999.0,-999.0,-999.0,-999.0,0,-999.0,-999.0,-999.0,0,0,0.5476850271224976,21.134599685668945,0.23438100516796112,-999.0,1,21.134599685668945,21.134599685668945,-999.0,-999.0,-999.0,0,22.31800079345703,0.23438100516796112,-999.0,1,4120,-999.0,-999.0,-999.0,-999.0,0,-999.0,-999.0,-999.0,-999.0,-999.0,0,-999.0,-999.0,-999.0,0,0,0.03499542938201406
PSO J139.6143+35.8817,-999,-999,-999,151051396142278616,3578835000028089,214022515355064,0,16486947781773,15105,1,2038,90,0.133805771482928,3578835,49831,3,302067712,0,36,-999.0,-999.0,-999.0,-999.0,139.6142648,35.88168428,0.17281000316143036,0.17281000316143036,,,,,55250.26778935,-999.0,-0.6171511754466539,0.5249719336943695,0.5861133810774227,130.8072022552635,19.20364172653413,188.08800334204244,44.32718952404881,-999,0,1,0,0,0,0,1,-999.0,-999.0,-999.0,-999.0,0,-999.0,-999.0,-999.0,-999.0,-999.0,0,-999.0,-999.0,-999.0,0,0,-999.0,-999.0,-999.0,-999.0,0,-999.0,-999.0,-999.0,-999.0,-999.0,0,-999.0,-999.0,-999.0,0,0,-999.0,-999.0,-999.0,-999.0,0,-999.0,-999.0,-999.0,-999.0,-999.0,0,-999.0,-999.0,-999.0,0,0,-999.0,-999.0,-999.0,-999.0,0,-999.0,-999.0,-999.0,-999.0,-999.0,0,-999.0,-999.0,-999.0,0,0,0.9984340071678162,19.16230010986328,0.1721539944410324,-999.0,1,19.16230010986328,19.16230010986328,-999.0,-999.0,-999.0,0,-999.0,-999.0,-999.0,0,272,0.03265180108628764
PSO J139.6141+35.8793,-999,-999,-999,151051396140875809,3578835000028058,214022515355033,0,16486947769045,15105,1,2038,90,0.634585259141946,3578835,49831,3,268959744,0,32,-999.0,-999.0,-999.0,-999.0,139.61408732,35.87933785,-999.0,-999.0,,,,,-999.0,-999.0,-0.6171678318416002,0.524989397311429,0.5860801993332659,130.80785520645233,19.201373205075363,188.09125673913832,44.32685815593853,-999,0,1,0,1,0,0,0,-999.0,-999.0,-999.0,-999.0,0,-999.0,-999.0,-999.0,-999.0,-999.0,0,-999.0,-999.0,-999.0,0,0,-999.0,-999.0,-999.0,-999.0,0,-999.0,-999.0,-999.0,-999.0,-999.0,0,-999.0,-999.0,-999.0,0,24,-999.0,-999.0,-999.0,-999.0,0,-999.0,-999.0,-999.0,-999.0,-999.0,0,-999.0,-999.0,-999.0,0,0,-999.0,-999.0,-999.0,-999.0,0,-999.0,-999.0,-999.0,-999.0,-999.0,0,-999.0,-999.0,-999.0,0,0,-999.0,-999.0,-999.0,-999.0,0,-999.0,-999.0,-999.0,-999.0,-999.0,0,-999.0,-999.0,-999.0,0,0,0.03469577052639256
PSO J139.6139+35.8750,-999,-999,-999,151051396138790546,3578835000028013,214022515354988,0,16486947766872,15105,1,2038,90,0.770837219218572,3578835,49831,3,310456320,0,37,-999.0,-999.0,-999.0,-999.0,139.61391199,35.87495851,0.17605000734329224,0.17605000734329224,,,,,56678.5306713,-999.0,-0.6172003447439252,0.5250203095138968,0.5860182668193133,130.809200498639,19.197179792003126,188.09734289560905,44.32636535707444,-999,0,1,0,1,0,0,0,-999.0,-999.0,-999.0,-999.0,0,-999.0,-999.0,-999.0,-999.0,-999.0,0,-999.0,-999.0,-999.0,0,0,0.10748200118541718,21.98940086364746,0.17540499567985535,-999.0,1,21.98940086364746,21.98940086364746,21.486299514770508,0.28856000304222107,-999.0,1,21.3799991607666,0.17540499567985535,-999.0,1,16777752,-999.0,-999.0,-999.0,-999.0,0,-999.0,-999.0,-999.0,-999.0,-999.0,0,-999.0,-999.0,-999.0,0,0,-999.0,-999.0,-999.0,-999.0,0,-999.0,-999.0,-999.0,-999.0,-999.0,0,-999.0,-999.0,-999.0,0,0,-999.0,-999.0,-999.0,-999.0,0,-999.0,-999.0,-999.0,-999.0,-999.0,0,-999.0,-999.0,-999.0,0,0,0.038651659130511856
PSO J139.6136+35.8819,-999,-999,-999,151051396135268914,3578835000027939,214022515354914,0,16486947780237,15105,1,2038,90,0.216167944684781,3578835,49831,3,302067712,0,36,-999.0,-999.0,-999.0,-999.0,139.61356021,35.88193465,0.1308699995279312,0.1308699995279312,,,,,55250.26314815,-999.0,-0.6171427687613256,0.524977863519392,0.586116921595188,130.8065446356366,19.20369570097282,188.08759054434393,44.32664053892066,-999,0,1,0,0,0,0,1,-999.0,-999.0,-999.0,-999.0,0,-999.0,-999.0,-999.0,-999.0,-999.0,0,-999.0,-999.0,-999.0,0,0,-999.0,-999.0,-999.0,-999.0,0,-999.0,-999.0,-999.0,-999.0,-999.0,0,-999.0,-999.0,-999.0,0,0,-999.0,-999.0,-999.0,-999.0,0,-999.0,-999.0,-999.0,-999.0,-999.0,0,-999.0,-999.0,-999.0,0,0,-999.0,-999.0,-999.0,-999.0,0,-999.0,-999.0,-999.0,-999.0,-999.0,0,-999.0,-999.0,-999.0,0,0,0.9991080164909363,18.78660011291504,0.13001200556755066,-999.0,1,18.78660011291504,18.78660011291504,-999.0,-999.0,-999.0,0,20.17009925842285,0.13001200556755066,-999.0,1,272,0.03217127266144399
PSO J139.6134+35.8825,-999,-999,-999,151051396134029578,3578835000027905,214022515354880,0,16486947780253,15105,1,2038,90,0.98543959761545,3578835,49831,3,302067712,0,36,-999.0,-999.0,-999.0,-999.0,139.61344353,35.88248924,0.1728300005197525,0.1728300005197525,,,,,55250.33664352,-999.0,-0.6171373783627407,0.5249754443270629,0.5861247640913719,130.80626140283346,19.20419064141939,188.08680719813523,44.326590734850015,-999,0,1,1,0,0,0,0,0.9880409836769104,21.19879913330078,0.17218099534511566,-999.0,1,21.19879913330078,21.19879913330078,-999.0,-999.0,-999.0,1,21.31329917907715,0.17218099534511566,-999.0,1,280,-999.0,-999.0,-999.0,-999.0,0,-999.0,-999.0,-999.0,-999.0,-999.0,0,-999.0,-999.0,-999.0,0,0,-999.0,-999.0,-999.0,-999.0,0,-999.0,-999.0,-999.0,-999.0,-999.0,0,-999.0,-999.0,-999.0,0,0,-999.0,-999.0,-999.0,-999.0,0,-999.0,-999.0,-999.0,-999.0,-999.0,0,-999.0,-999.0,-999.0,0,0,-999.0,-999.0,-999.0,-999.0,0,-999.0,-999.0,-999.0,-999.0,-999.0,0,-999.0,-999.0,-999.0,0,0,0.031632894682439
PSO J139.6130+35.8766,-999,-999,-999,151051396130152569,3578835000027811,214022515354786,0,16486947769663,15105,1,2038,90,0.441719544531516,3578835,49831,3,268959744,0,32,-999.0,-999.0,-999.0,-999.0,139.61303528,35.87664808,0.2700200080871582,0.2700200080871582,,,,,56043.25655093,-999.0,-0.6171791482523934,0.5250185562420363,0.5860421610805642,130.8079140661149,19.198552138778133,188.0949090491841,44.325792795529736,-999,0,1,0,0,0,1,0,-999.0,-999.0,-999.0,-999.0,0,-999.0,-999.0,-999.0,-999.0,-999.0,0,-999.0,-999.0,-999.0,0,0,-999.0,-999.0,-999.0,-999.0,0,-999.0,-999.0,-999.0,-999.0,-999.0,0,-999.0,-999.0,-999.0,0,0,-999.0,-999.0,-999.0,-999.0,0,-999.0,-999.0,-999.0,-999.0,-999.0,0,-999.0,-999.0,-999.0,0,0,0.81768399477005,21.35849952697754,0.26959800720214844,-999.0,1,21.35849952697754,21.35849952697754,-999.0,-999.0,-999.0,0,21.89539909362793,0.26959800720214844,-999.0,1,4120,-999.0,-999.0,-999.0,-999.0,0,-999.0,-999.0,-999.0,-999.0,-999.0,0,-999.0,-999.0,-999.0,0,0,0.036818936233017324
PSO J139.6129+35.8796,-999,-999,-999,151051396128986077,3578835000027788,214022515354763,0,16486947768952,15105,1,2038,90,0.744001952692868,3578835,49831,3,268959744,0,32,-999.0,-999.0,-999.0,-999.0,139.61291811,35.87956814,0.1440500020980835,0.1440500020980835,,,,,56042.25787037,-999.0,-0.6171553242216432,0.5250004651381388,0.5860834559937829,130.80682683887332,19.20128737984053,188.0908297059504,44.32593230939689,-999,0,1,0,0,0,1,0,-999.0,-999.0,-999.0,-999.0,0,-999.0,-999.0,-999.0,-999.0,-999.0,0,-999.0,-999.0,-999.0,0,0,-999.0,-999.0,-999.0,-999.0,0,-999.0,-999.0,-999.0,-999.0,-999.0,0,-999.0,-999.0,-999.0,0,0,-999.0,-999.0,-999.0,-999.0,0,-999.0,-999.0,-999.0,-999.0,-999.0,0,-999.0,-999.0,-999.0,0,0,0.5780119895935059,20.607999801635742,0.14326800405979156,-999.0,1,20.607999801635742,20.607999801635742,-999.0,-999.0,-999.0,0,22.15019989013672,0.14326800405979156,-999.0,1,4120,-999.0,-999.0,-999.0,-999.0,0,-999.0,-999.0,-999.0,-999.0,-999.0,0,-999.0,-999.0,-999.0,0,0,0.03409352233038107
PSO J139.6126+35.8780,-999,-999,-999,151051396126244120,3578835000027723,214022515354698,0,16486947768670,15105,1,2038,90,0.484355494831088,3578835,49831,3,268959744,0,32,-999.0,-999.0,-999.0,-999.0,139.61264357,35.87797008,0.14709000289440155,0.14709000289440155,,,,,56049.24334491,-999.0,-0.6171652593388219,0.5250140139758122,0.5860608567326865,130.8071466387976,19.199702429149667,188.0930314493185,44.32558245058233,-999,0,2,0,0,0,0,2,-999.0,-999.0,-999.0,-999.0,0,-999.0,-999.0,-999.0,-999.0,-999.0,0,-999.0,-999.0,-999.0,0,0,-999.0,-999.0,-999.0,-999.0,0,-999.0,-999.0,-999.0,-999.0,-999.0,0,-999.0,-999.0,-999.0,0,0,-999.0,-999.0,-999.0,-999.0,0,-999.0,-999.0,-999.0,-999.0,-999.0,0,-999.0,-999.0,-999.0,0,0,-999.0,-999.0,-999.0,-999.0,0,-999.0,-999.0,-999.0,-999.0,-999.0,0,-999.0,-999.0,-999.0,0,0,0.577409029006958,19.853900909423828,0.07857099920511246,0.11183000355958939,2,19.78420066833496,19.941299438476562,-999.0,-999.0,-999.0,0,20.78890037536621,0.07215599715709686,0.10269500315189362,2,4120,0.035475400276831534
PSO J139.6125+35.8820,-999,-999,-999,151051396124528963,3578835000027682,214022515354657,0,16486947780179,15105,1,2038,90,0.850860078680199,3578835,49831,3,302067712,0,36,-999.0,-999.0,-999.0,-999.0,139.61249401,35.88198152,0.16256999969482422,0.16256999969482422,,,,,55250.32969907,-999.0,-0.6171326343000008,0.5249890369823157,0.5861175843892777,130.80566230609392,19.20346293680294,188.08742848619184,44.32578320805039,-999,0,1,1,0,0,0,0,0.9975849986076355,21.6737003326416,0.16187700629234314,-999.0,1,21.6737003326416,21.6737003326416,-999.0,-999.0,-999.0,1,21.755300521850586,0.16187700629234314,-999.0,1,280,-999.0,-999.0,-999.0,-999.0,0,-999.0,-999.0,-999.0,-999.0,-999.0,0,-999.0,-999.0,-999.0,0,0,-999.0,-999.0,-999.0,-999.0,0,-999.0,-999.0,-999.0,-999.0,-999.0,0,-999.0,-999.0,-999.0,0,0,-999.0,-999.0,-999.0,-999.0,0,-999.0,-999.0,-999.0,-999.0,-999.0,0,-999.0,-999.0,-999.0,0,0,-999.0,-999.0,-999.0,-999.0,0,-999.0,-999.0,-999.0,-999.0,-999.0,0,-999.0,-999.0,-999.0,0,0,0.03175413455115785
PSO J139.6122+35.8798,-999,-999,-999,151051396121666321,3578835000027615,214022515354590,0,16486947768458,15105,1,2038,90,0.849116860748377,3578835,49831,3,268959744,0,32,-999.0,-999.0,-999.0,-999.0,139.61218376,35.87977473,0.27476000785827637,0.27476000785827637,,,,,56303.55474537,-999.0,-0.6171469857332358,0.5250070057814665,0.5860863774912025,130.80615990346053,19.201292154826284,188.09047517732083,44.325355778338775,-999,0,1,0,1,0,0,0,-999.0,-999.0,-999.0,-999.0,0,-999.0,-999.0,-999.0,-999.0,-999.0,0,-999.0,-999.0,-999.0,0,0,0.49494001269340515,21.984399795532227,0.2743520140647888,-999.0,1,21.984399795532227,21.984399795532227,-999.0,-999.0,-999.0,0,23.56220054626465,0.2743520140647888,-999.0,1,4120,-999.0,-999.0,-999.0,-999.0,0,-999.0,-999.0,-999.0,-999.0,-999.0,0,-999.0,-999.0,-999.0,0,0,-999.0,-999.0,-999.0,-999.0,0,-999.0,-999.0,-999.0,-999.0,-999.0,0,-999.0,-999.0,-999.0,0,0,-999.0,-999.0,-999.0,-999.0,0,-999.0,-999.0,-999.0,-999.0,-999.0,0,-999.0,-999.0,-999.0,0,0,0.03366716624201415
PSO J139.6122+35.8814,-999,-999,-999,151051396121538391,3578835000027612,214022515354587,0,16486947780436,15105,1,2038,90,0.989301056591143,3578835,49831,3,302067712,0,36,-999.0,-999.0,-999.0,-999.0,139.6121769,35.88141266,0.11201000213623047,0.11201000213623047,,,,,55250.28560185,4.771200180053711,-0.6171341610370361,0.524996223173227,0.5861095400477293,130.8055978788505,19.202841717199576,188.0881923354334,44.32548151939915,-999,0,2,0,0,2,0,0,-999.0,-999.0,-999.0,-999.0,0,-999.0,-999.0,-999.0,-999.0,-999.0,0,-999.0,-999.0,-999.0,0,0,-999.0,-999.0,-999.0,-999.0,0,-999.0,-999.0,-999.0,-999.0,-999.0,0,-999.0,-999.0,-999.0,0,0,0.9982200264930725,20.160200119018555,0.21594299376010895,0.30660301446914673,2,19.963499069213867,20.39539909362793,-999.0,-999.0,-999.0,0,-999.0,-999.0,-999.0,0,272,-999.0,-999.0,-999.0,-999.0,0,-999.0,-999.0,-999.0,-999.0,-999.0,0,-999.0,-999.0,-999.0,0,0,-999.0,-999.0,-999.0,-999.0,0,-999.0,-999.0,-999.0,-999.0,-999.0,0,-999.0,-999.0,-999.0,0,0,0.03216426697721529
PSO J139.6120+35.8789,-999,-999,-999,151051396119765324,3578835000027556,214022515354531,0,16486947769281,15105,1,2038,90,0.183604007757831,3578835,49831,3,268959744,0,32,-999.0,-999.0,-999.0,-999.0,139.61199951,35.87893944,0.22616000473499298,0.22616000473499298,,,,,56043.26700231,-999.0,-0.6171518053313495,0.5250145266905187,0.5860745651708378,130.806293943459,19.200453123703962,188.091622297297,44.32514000246908,-999,0,1,0,0,0,1,0,-999.0,-999.0,-999.0,-999.0,0,-999.0,-999.0,-999.0,-999.0,-999.0,0,-999.0,-999.0,-999.0,0,0,-999.0,-999.0,-999.0,-999.0,0,-999.0,-999.0,-999.0,-999.0,-999.0,0,-999.0,-999.0,-999.0,0,0,-999.0,-999.0,-999.0,-999.0,0,-999.0,-999.0,-999.0,-999.0,-999.0,0,-999.0,-999.0,-999.0,0,0,0.6214979887008667,21.155099868774414,0.22566300630569458,-999.0,1,21.155099868774414,21.155099868774414,-999.0,-999.0,-999.0,0,21.769100189208984,0.22566300630569458,-999.0,1,4120,-999.0,-999.0,-999.0,-999.0,0,-999.0,-999.0,-999.0,-999.0,-999.0,0,-999.0,-999.0,-999.0,0,0,0.03438035317145489
PSO J139.6116+35.8800,-999,-999,-999,151051396115676559,3578835000187188,214022515515786,0,16486947768477,15105,1,2038,90,0.595236900816892,3578835,49831,3,1343750144,0,160,139.61157179,35.87996218,0.0010000000474974513,0.0010000000474974513,139.61157179,35.87996218,0.0010000000474974513,0.0010000000474974513,,,,,55676.54596065,-999.0,-0.6171399176880004,0.5250123549849707,0.5860890283132617,130.80559892075144,19.20131061644094,188.09015843006253,44.32487655405696,-999,2,0,0,0,0,0,0,-999.0,-999.0,-999.0,-999.0,0,-999.0,-999.0,-999.0,-999.0,-999.0,0,-999.0,-999.0,-999.0,0,16416,-999.0,-999.0,-999.0,-999.0,0,-999.0,-999.0,-999.0,-999.0,-999.0,0,-999.0,-999.0,-999.0,0,16416,-999.0,-999.0,-999.0,-999.0,0,-999.0,-999.0,-999.0,-999.0,-999.0,0,-999.0,-999.0,-999.0,0,114720,-999.0,-999.0,-999.0,-999.0,0,-999.0,-999.0,-999.0,-999.0,-999.0,0,-999.0,-999.0,-999.0,0,16416,-999.0,-999.0,-999.0,-999.0,0,-999.0,-999.0,-999.0,-999.0,-999.0,0,-999.0,-999.0,-999.0,0,16416,0.033302654103145896
PSO J139.6115+35.8753,-999,-999,-999,151051396115060961,3578835000027438,214022515354413,0,16486948245138,15105,1,2038,90,0.173779327584225,3578835,49831,3,268959744,0,32,-999.0,-999.0,-999.0,-999.0,139.61151876,35.87530481,0.15559999644756317,0.15559999644756317,,,,,55249.27380787,-999.0,-0.617175716447423,0.525043794287737,0.586023164309694,130.80713799170442,19.19688564570884,188.09664287348744,44.32446017144108,-999,0,1,0,0,0,0,1,-999.0,-999.0,-999.0,-999.0,0,-999.0,-999.0,-999.0,-999.0,-999.0,0,-999.0,-999.0,-999.0,0,0,-999.0,-999.0,-999.0,-999.0,0,-999.0,-999.0,-999.0,-999.0,-999.0,0,-999.0,-999.0,-999.0,0,0,-999.0,-999.0,-999.0,-999.0,0,-999.0,-999.0,-999.0,-999.0,-999.0,0,-999.0,-999.0,-999.0,0,0,-999.0,-999.0,-999.0,-999.0,0,-999.0,-999.0,-999.0,-999.0,-999.0,0,-999.0,-999.0,-999.0,0,0,0.755711019039154,19.124500274658203,0.1548759937286377,-999.0,1,19.124500274658203,19.124500274658203,-999.0,-999.0,-999.0,0,22.229000091552734,0.1548759937286377,-999.0,1,4112,0.03763587235297395
PSO J139.6113+35.8818,-999,-999,-999,151051396112818850,3578835000027370,214022515354345,0,16486947779712,15105,1,2038,90,0.652341809731295,3578835,49831,3,302067712,0,36,-999.0,-999.0,-999.0,-999.0,139.61127837,35.88182506,0.07336000353097916,0.07336000353097916,,,,,55250.28521991,8.94219970703125,-0.6171227145817674,0.525003167615525,0.5861153718687947,130.80472761701606,19.20299875043229,188.0875361653766,44.324788893862355,-999,0,2,0,0,2,0,0,-999.0,-999.0,-999.0,-999.0,0,-999.0,-999.0,-999.0,-999.0,-999.0,0,-999.0,-999.0,-999.0,0,0,-999.0,-999.0,-999.0,-999.0,0,-999.0,-999.0,-999.0,-999.0,-999.0,0,-999.0,-999.0,-999.0,0,0,0.9985190033912659,19.407499313354492,0.09245099872350693,-999.0,1,19.407499313354492,19.407499313354492,-999.0,-999.0,-999.0,0,23.824899673461914,0.09245099872350693,-999.0,1,272,-999.0,-999.0,-999.0,-999.0,0,-999.0,-999.0,-999.0,-999.0,-999.0,0,-999.0,-999.0,-999.0,0,0,-999.0,-999.0,-999.0,-999.0,0,-999.0,-999.0,-999.0,-999.0,-999.0,0,-999.0,-999.0,-999.0,0,0,0.031493595255812405
PSO J139.6113+35.8757,-999,-999,-999,151051396112181420,3578835000027351,214022515354326,0,16486948245212,15105,1,2038,90,0.524711232189751,3578835,49831,3,268513280,0,32,-999.0,-999.0,-999.0,-999.0,139.61126066,35.87568799,0.02645000070333481,0.02645000070333481,,,,,55250.29743056,-999.0,-0.6171703661619994,0.5250440349483086,0.5860285833444158,130.80679807912537,19.19718147806187,188.09608552262992,44.32428245743181,-999,0,1,0,0,1,0,0,-999.0,-999.0,-999.0,-999.0,0,-999.0,-999.0,-999.0,-999.0,-999.0,0,-999.0,-999.0,-999.0,0,0,-999.0,-999.0,-999.0,-999.0,0,-999.0,-999.0,-999.0,-999.0,-999.0,0,-999.0,-999.0,-999.0,0,0,0.9989299774169922,18.549299240112305,0.02178500033915043,-999.0,1,18.549299240112305,18.549299240112305,19.51059913635254,0.07212600111961365,-999.0,1,19.277299880981445,0.02178500033915043,-999.0,1,16,-999.0,-999.0,-999.0,-999.0,0,-999.0,-999.0,-999.0,-999.0,-999.0,0,-999.0,-999.0,-999.0,0,0,-999.0,-999.0,-999.0,-999.0,0,-999.0,-999.0,-999.0,-999.0,-999.0,0,-999.0,-999.0,-999.0,0,0,0.03720475359034426
PSO J139.6112+35.8745,-999,-999,-999,151051396109880214,3578835000027294,214022515354269,0,16486948242178,15104,1,2038,90,0.860904599410393,3578835,49831,3,302067712,0,36,-999.0,-999.0,-999.0,-999.0,139.61117728,35.87446253,0.1751900017261505,0.1751900017261505,,,,,56678.5306713,-999.0,-0.6171791487761131,0.5250530547458996,0.5860112524670426,130.8071466089958,19.195999117263657,188.09778539563249,44.32411676595017,-999,0,2,0,1,0,0,1,-999.0,-999.0,-999.0,-999.0,0,-999.0,-999.0,-999.0,-999.0,-999.0,0,-999.0,-999.0,-999.0,0,0,0.2786630094051361,21.976299285888672,0.17454500496387482,-999.0,1,21.976299285888672,21.976299285888672,21.338899612426758,0.24182499945163727,-999.0,1,21.31410026550293,0.17454500496387482,-999.0,1,16777752,-999.0,-999.0,-999.0,-999.0,0,-999.0,-999.0,-999.0,-999.0,-999.0,0,-999.0,-999.0,-999.0,0,0,-999.0,-999.0,-999.0,-999.0,0,-999.0,-999.0,-999.0,-999.0,-999.0,0,-999.0,-999.0,-999.0,0,0,0.5899540185928345,18.894699096679688,0.16017599403858185,-999.0,1,18.894699096679688,18.894699096679688,-999.0,-999.0,-999.0,0,21.25309944152832,0.16017599403858185,-999.0,1,4112,0.0383399982613082
PSO J139.6110+35.8821,-999,-999,-999,151051396109499076,3578835000027285,214022515354260,0,16486947776399,15105,1,2038,90,0.282534093859172,3578835,49831,3,268959744,0,32,-999.0,-999.0,-999.0,-999.0,139.61096805,35.88206698,0.4153600037097931,0.4153600037097931,,,,,55250.271875,-999.0,-0.6171179861666235,0.5250049064276948,0.5861187928880105,130.8043932607344,19.203147217783883,188.08717092379234,44.32455765992906,-999,0,1,0,0,0,0,1,-999.0,-999.0,-999.0,-999.0,0,-999.0,-999.0,-999.0,-999.0,-999.0,0,-999.0,-999.0,-999.0,0,0,-999.0,-999.0,-999.0,-999.0,0,-999.0,-999.0,-999.0,-999.0,-999.0,0,-999.0,-999.0,-999.0,0,0,-999.0,-999.0,-999.0,-999.0,0,-999.0,-999.0,-999.0,-999.0,-999.0,0,-999.0,-999.0,-999.0,0,0,-999.0,-999.0,-999.0,-999.0,0,-999.0,-999.0,-999.0,-999.0,-999.0,0,-999.0,-999.0,-999.0,0,0,0.5301650166511536,19.905500411987305,0.41509100794792175,-999.0,1,19.905500411987305,19.905500411987305,-999.0,-999.0,-999.0,0,22.05109977722168,0.41509100794792175,-999.0,1,4112,0.031172254179169728
PSO J139.6109+35.8791,-999,-999,-999,151051396107945474,3578835000027240,214022515354215,0,16486947768429,15105,1,2038,90,0.65851016962762,3578835,49831,3,268959744,0,32,-999.0,-999.0,-999.0,-999.0,139.61085194,35.87905883,0.18024000525474548,0.18024000525474548,,,,,55249.29138889,-999.0,-0.6171403595910638,0.5250260961117382,0.5860762535417045,130.8053208352607,19.20026789619437,188.09135172755575,44.324222743671164,-999,0,1,0,0,1,0,0,-999.0,-999.0,-999.0,-999.0,0,-999.0,-999.0,-999.0,-999.0,-999.0,0,-999.0,-999.0,-999.0,0,0,-999.0,-999.0,-999.0,-999.0,0,-999.0,-999.0,-999.0,-999.0,-999.0,0,-999.0,-999.0,-999.0,0,0,0.8410220146179199,20.807199478149414,0.1796180009841919,-999.0,1,20.807199478149414,20.807199478149414,19.36440086364746,0.1686359941959381,-999.0,1,20.604400634765625,0.1796180009841919,-999.0,1,4120,-999.0,-999.0,-999.0,-999.0,0,-999.0,-999.0,-999.0,-999.0,-999.0,0,-999.0,-999.0,-999.0,0,0,-999.0,-999.0,-999.0,-999.0,0,-999.0,-999.0,-999.0,-999.0,-999.0,0,-999.0,-999.0,-999.0,0,0,0.03392701379164116
PSO J139.6108+35.8778,-999,-999,-999,151051396107533940,3578835000027232,214022515354207,0,16486948243300,15105,1,2038,90,0.0942486953868053,3578835,49831,3,268959744,0,32,-999.0,-999.0,-999.0,-999.0,139.61076454,35.87778407,0.31564000248908997,0.31564000248908997,,,,,55275.31780093,-999.0,-0.6171494901965373,0.5250354866519061,0.5860582262082413,130.8056828607389,19.19903779864205,188.09311993684958,44.32404991899446,-999,0,1,1,0,0,0,0,0.8284100294113159,22.753799438476562,0.31528300046920776,-999.0,1,22.753799438476562,22.753799438476562,-999.0,-999.0,-999.0,0,23.218700408935547,0.31528300046920776,-999.0,1,4120,-999.0,-999.0,-999.0,-999.0,0,-999.0,-999.0,-999.0,-999.0,-999.0,0,-999.0,-999.0,-999.0,0,0,-999.0,-999.0,-999.0,-999.0,0,-999.0,-999.0,-999.0,-999.0,-999.0,0,-999.0,-999.0,-999.0,0,0,-999.0,-999.0,-999.0,-999.0,0,-999.0,-999.0,-999.0,-999.0,-999.0,0,-999.0,-999.0,-999.0,0,0,-999.0,-999.0,-999.0,-999.0,0,-999.0,-999.0,-999.0,-999.0,-999.0,0,-999.0,-999.0,-999.0,0,0,0.03509639179858055
PSO J139.6105+35.8823,-999,-999,-999,151051396105159339,3578835000027175,214022515354150,0,16486947776433,15105,1,2038,90,0.79081777370611,3578835,49831,3,268959744,0,32,-999.0,-999.0,-999.0,-999.0,139.61052853,35.88229297,0.24247999489307404,0.24247999489307404,,,,,55268.33615741,-999.0,-0.6171121979861133,0.525008142357259,0.5861219886297802,130.80395932776256,19.203247014000883,188.08681615390944,44.32422080574016,-999,0,1,0,1,0,0,0,-999.0,-999.0,-999.0,-999.0,0,-999.0,-999.0,-999.0,-999.0,-999.0,0,-999.0,-999.0,-999.0,0,0,0.7691640257835388,22.027799606323242,0.24201999604701996,-999.0,1,22.027799606323242,22.027799606323242,21.238500595092773,0.1617880016565323,-999.0,1,21.582399368286133,0.24201999604701996,-999.0,1,4120,-999.0,-999.0,-999.0,-999.0,0,-999.0,-999.0,-999.0,-999.0,-999.0,0,-999.0,-999.0,-999.0,0,0,-999.0,-999.0,-999.0,-999.0,0,-999.0,-999.0,-999.0,-999.0,-999.0,0,-999.0,-999.0,-999.0,0,0,-999.0,-999.0,-999.0,-999.0,0,-999.0,-999.0,-999.0,-999.0,-999.0,0,-999.0,-999.0,-999.0,0,0,0.03082581251972646
PSO J139.6104+35.8820,-999,-999,-999,151051396104918886,3578835000027168,214022515354143,0,16486947776422,15105,1,2038,90,0.112914816581565,3578835,49831,3,268513280,0,32,-999.0,-999.0,-999.0,-999.0,139.61043927,35.88201278,0.017920000478625298,0.017920000478625298,,,,,55985.31829861,-999.0,-0.6171135631952716,0.5250109610304556,0.5861180264403345,130.80398198121983,19.20295843290686,188.08719844885877,44.32412626335327,-999,0,2,0,1,1,0,0,-999.0,-999.0,-999.0,-999.0,0,-999.0,-999.0,-999.0,-999.0,-999.0,0,-999.0,-999.0,-999.0,0,0,0.7629550099372864,21.791000366210938,0.20423099398612976,-999.0,1,21.791000366210938,21.791000366210938,20.542400360107422,0.12909500300884247,-999.0,1,20.998300552368164,0.20423099398612976,-999.0,1,16781336,0.9979130029678345,18.516399383544922,0.00980599969625473,-999.0,1,18.516399383544922,18.516399383544922,18.948699951171875,0.020022999495267868,-999.0,1,18.82159996032715,0.00980599969625473,-999.0,1,16,-999.0,-999.0,-999.0,-999.0,0,-999.0,-999.0,-999.0,-999.0,-999.0,0,-999.0,-999.0,-999.0,0,0,-999.0,-999.0,-999.0,-999.0,0,-999.0,-999.0,-999.0,-999.0,-999.0,0,-999.0,-999.0,-999.0,0,0,0.031057172626067137
PSO J139.6104+35.8811,-999,-999,-999,151051396102777970,3578835000027121,214022515354096,0,16486947775725,15105,1,2038,90,0.624582119867748,3578835,49831,3,268959744,0,32,-999.0,-999.0,-999.0,-999.0,139.61036072,35.88113534,0.2759999930858612,0.2759999930858612,,,,,55249.27078704,-999.0,-0.6171196799283082,0.5250176232523275,0.5861056183996701,130.80421623477702,19.202106955885395,188.08841387625657,44.32399249736156,-999,0,1,0,0,0,0,1,-999.0,-999.0,-999.0,-999.0,0,-999.0,-999.0,-999.0,-999.0,-999.0,0,-999.0,-999.0,-999.0,0,0,-999.0,-999.0,-999.0,-999.0,0,-999.0,-999.0,-999.0,-999.0,-999.0,0,-999.0,-999.0,-999.0,0,0,-999.0,-999.0,-999.0,-999.0,0,-999.0,-999.0,-999.0,-999.0,-999.0,0,-999.0,-999.0,-999.0,0,0,-999.0,-999.0,-999.0,-999.0,0,-999.0,-999.0,-999.0,-999.0,-999.0,0,-999.0,-999.0,-999.0,0,0,0.5948870182037354,19.7716007232666,0.27559199929237366,-999.0,1,19.7716007232666,19.7716007232666,-999.0,-999.0,-999.0,0,20.338499069213867,0.27559199929237366,-999.0,1,4112,0.03184736901140526
PSO J139.6102+35.8817,-999,-999,-999,151051396102038622,3578835000027098,214022515354073,0,16486947775574,15105,1,2038,90,0.701550706011756,3578835,49831,3,436285440,0,52,139.61014987,35.88171336,0.0010000000474974513,0.0010000000474974513,139.61022268,35.88168902,0.13321000337600708,0.13321000337600708,,,,,55918.62197917,-999.0,-0.6171141011006258,0.5250154399362252,0.5861134481065405,130.8039159656216,19.202595487065018,188.08762989131287,44.32392539255821,-999,8,1,0,1,0,0,0,-999.0,-999.0,-999.0,-999.0,0,-999.0,-999.0,-999.0,-999.0,-999.0,0,-999.0,-999.0,-999.0,0,114720,0.9988269805908203,21.62030029296875,0.13235999643802643,-999.0,1,21.62030029296875,21.62030029296875,21.521400451660156,0.22576099634170532,-999.0,1,21.46929931640625,0.13235999643802643,-999.0,1,115000,-999.0,-999.0,-999.0,-999.0,0,-999.0,-999.0,-999.0,-999.0,-999.0,0,-999.0,-999.0,-999.0,0,114720,-999.0,-999.0,-999.0,-999.0,0,-999.0,-999.0,-999.0,-999.0,-999.0,0,-999.0,-999.0,-999.0,0,114720,-999.0,-999.0,-999.0,-999.0,0,-999.0,-999.0,-999.0,-999.0,-999.0,0,-999.0,-999.0,-999.0,0,16416,0.031291517251989406
PSO J139.6094+35.8795,-999,-999,-999,151051396093256004,3578835000026885,214022515353860,0,16486948255790,15105,1,2038,90,0.452321067873688,3578835,49831,3,302067712,0,36,-999.0,-999.0,-999.0,-999.0,139.60935926,35.87950789,0.20544999837875366,0.20544999837875366,,,,,55250.25306713,-999.0,-0.6171231827387642,0.5250391972561265,0.5860826039655334,130.80395529125408,19.200305212494893,188.09059047743622,44.32305320038117,-999,0,1,0,0,0,1,0,-999.0,-999.0,-999.0,-999.0,0,-999.0,-999.0,-999.0,-999.0,-999.0,0,-999.0,-999.0,-999.0,0,0,-999.0,-999.0,-999.0,-999.0,0,-999.0,-999.0,-999.0,-999.0,-999.0,0,-999.0,-999.0,-999.0,0,0,-999.0,-999.0,-999.0,-999.0,0,-999.0,-999.0,-999.0,-999.0,-999.0,0,-999.0,-999.0,-999.0,0,0,0.9982439875602722,20.601499557495117,0.20490199327468872,-999.0,1,20.601499557495117,20.601499557495117,-999.0,-999.0,-999.0,1,20.601499557495117,0.20490199327468872,-999.0,1,280,-999.0,-999.0,-999.0,-999.0,0,-999.0,-999.0,-999.0,-999.0,-999.0,0,-999.0,-999.0,-999.0,0,0,0.03309002715068693
PSO J139.6084+35.8749,-999,-999,-999,151051396083800486,3578835000026553,214022515353528,0,16486948244558,15105,1,2038,90,0.0693641575699338,3578835,49831,3,268959744,0,32,-999.0,-999.0,-999.0,-999.0,139.60839504,35.87490908,0.21402999758720398,0.21402999758720398,,,,,55249.29457176,-999.0,-0.6171501732893591,0.525080064259962,0.5860175677619812,130.80473391521178,19.195698830298724,188.09691026420288,44.3219054361114,-999,0,1,0,0,1,0,0,-999.0,-999.0,-999.0,-999.0,0,-999.0,-999.0,-999.0,-999.0,-999.0,0,-999.0,-999.0,-999.0,0,0,-999.0,-999.0,-999.0,-999.0,0,-999.0,-999.0,-999.0,-999.0,-999.0,0,-999.0,-999.0,-999.0,0,0,0.5757870078086853,20.73310089111328,0.2135010063648224,-999.0,1,20.73310089111328,20.73310089111328,-999.0,-999.0,-999.0,0,-999.0,-999.0,-999.0,0,4120,-999.0,-999.0,-999.0,-999.0,0,-999.0,-999.0,-999.0,-999.0,-999.0,0,-999.0,-999.0,-999.0,0,0,-999.0,-999.0,-999.0,-999.0,0,-999.0,-999.0,-999.0,-999.0,-999.0,0,-999.0,-999.0,-999.0,0,0,0.03724291765194624
PSO J139.6084+35.8790,-999,-999,-999,151051396083795427,3578835000026559,214022515353534,0,16486948255926,15105,1,2038,90,0.996158719059228,3578835,49831,3,268959744,0,32,-999.0,-999.0,-999.0,-999.0,139.60840427,35.87902844,0.33520999550819397,0.33520999550819397,,,,,56049.23498843,-999.0,-0.6171181667251632,0.5250526612459273,0.5860758237773874,130.80334210926802,19.19960286870815,188.09117174078364,44.32224345541411,-999,0,1,0,0,0,0,1,-999.0,-999.0,-999.0,-999.0,0,-999.0,-999.0,-999.0,-999.0,-999.0,0,-999.0,-999.0,-999.0,0,0,-999.0,-999.0,-999.0,-999.0,0,-999.0,-999.0,-999.0,-999.0,-999.0,0,-999.0,-999.0,-999.0,0,0,-999.0,-999.0,-999.0,-999.0,0,-999.0,-999.0,-999.0,-999.0,-999.0,0,-999.0,-999.0,-999.0,0,0,-999.0,-999.0,-999.0,-999.0,0,-999.0,-999.0,-999.0,-999.0,-999.0,0,-999.0,-999.0,-999.0,0,0,0.4718790054321289,20.15239906311035,0.3348740041255951,-999.0,1,20.15239906311035,20.15239906311035,-999.0,-999.0,-999.0,0,22.650699615478516,0.3348740041255951,-999.0,1,4120,0.03329965216315609
PSO J139.6079+35.8825,-999,-999,-999,151051396078679555,3578835000026378,214022515353353,0,16486948247984,15105,1,2038,90,0.212307374190825,3578835,49831,3,268959744,0,32,-999.0,-999.0,-999.0,-999.0,139.60787726,35.88246398,0.2371399998664856,0.2371399998664856,,,,,57035.55862269,-999.0,-0.6170865710315753,0.5250355640348173,0.5861244068891295,130.8017467855883,19.202719838086324,188.08633723100476,44.32209330515012,-999,0,1,0,0,1,0,0,-999.0,-999.0,-999.0,-999.0,0,-999.0,-999.0,-999.0,-999.0,-999.0,0,-999.0,-999.0,-999.0,0,0,-999.0,-999.0,-999.0,-999.0,0,-999.0,-999.0,-999.0,-999.0,-999.0,0,-999.0,-999.0,-999.0,0,0,0.7279490232467651,21.748600006103516,0.2366659939289093,-999.0,1,21.748600006103516,21.748600006103516,-999.0,-999.0,-999.0,0,21.807899475097656,0.2366659939289093,-999.0,1,4120,-999.0,-999.0,-999.0,-999.0,0,-999.0,-999.0,-999.0,-999.0,-999.0,0,-999.0,-999.0,-999.0,0,0,-999.0,-999.0,-999.0,-999.0,0,-999.0,-999.0,-999.0,-999.0,-999.0,0,-999.0,-999.0,-999.0,0,0,0.02990380136391018
PSO J139.6079+35.8777,-999,-999,-999,151051396078553813,3578835000026370,214022515353345,0,16486948256353,15105,1,2038,90,0.494296985207402,3578835,49831,3,268959744,0,32,-999.0,-999.0,-999.0,-999.0,139.6078649,35.87767934,0.30445000529289246,0.30445000529289246,,,,,57035.55862269,-999.0,-0.6171237341602983,0.525067413027577,0.5860567451301771,130.80336207994552,19.198184873029774,188.09300238783234,44.32169960019845,-999,0,1,0,0,1,0,0,-999.0,-999.0,-999.0,-999.0,0,-999.0,-999.0,-999.0,-999.0,-999.0,0,-999.0,-999.0,-999.0,0,0,-999.0,-999.0,-999.0,-999.0,0,-999.0,-999.0,-999.0,-999.0,-999.0,0,-999.0,-999.0,-999.0,0,0,0.7622299790382385,22.069799423217773,0.30408498644828796,-999.0,1,22.069799423217773,22.069799423217773,-999.0,-999.0,-999.0,0,22.779800415039062,0.30408498644828796,-999.0,1,4120,-999.0,-999.0,-999.0,-999.0,0,-999.0,-999.0,-999.0,-999.0,-999.0,0,-999.0,-999.0,-999.0,0,0,-999.0,-999.0,-999.0,-999.0,0,-999.0,-999.0,-999.0,-999.0,-999.0,0,-999.0,-999.0,-999.0,0,0,0.034461840412943284
PSO J139.6077+35.8817,-999,-999,-999,151051396076568597,3578835000026307,214022515353282,0,16486948248536,15105,1,2038,90,0.662506292259792,3578835,49831,3,268959744,0,32,-999.0,-999.0,-999.0,-999.0,139.60766504,35.88166708,0.19029000401496887,0.19029000401496887,,,,,57035.57056713,-999.0,-0.6170908351333068,0.5250431323566165,0.5861131378493665,130.8018450451331,19.201909897009823,188.08742826248127,44.32185802830286,-999,0,1,0,0,1,0,0,-999.0,-999.0,-999.0,-999.0,0,-999.0,-999.0,-999.0,-999.0,-999.0,0,-999.0,-999.0,-999.0,0,0,-999.0,-999.0,-999.0,-999.0,0,-999.0,-999.0,-999.0,-999.0,-999.0,0,-999.0,-999.0,-999.0,0,0,0.42399001121520996,21.441999435424805,0.18970300257205963,-999.0,1,21.441999435424805,21.441999435424805,-999.0,-999.0,-999.0,0,21.489500045776367,0.18970300257205963,-999.0,1,4120,-999.0,-999.0,-999.0,-999.0,0,-999.0,-999.0,-999.0,-999.0,-999.0,0,-999.0,-999.0,-999.0,0,0,-999.0,-999.0,-999.0,-999.0,0,-999.0,-999.0,-999.0,-999.0,-999.0,0,-999.0,-999.0,-999.0,0,0,0.0306047237490426
PSO J139.6074+35.8821,-999,-999,-999,151051396073979092,3578835000026233,214022515353208,0,16486948248352,15105,1,2038,90,0.524346552346225,3578835,49831,3,268959744,0,32,-999.0,-999.0,-999.0,-999.0,139.60740772,35.88207531,0.23976999521255493,0.23976999521255493,,,,,57035.5824537,-999.0,-0.6170852965423823,0.5250431975852845,0.5861189106833357,130.80149726610057,19.20222966638881,188.08683612588166,44.3216829401332,-999,0,1,0,0,1,0,0,-999.0,-999.0,-999.0,-999.0,0,-999.0,-999.0,-999.0,-999.0,-999.0,0,-999.0,-999.0,-999.0,0,0,-999.0,-999.0,-999.0,-999.0,0,-999.0,-999.0,-999.0,-999.0,-999.0,0,-999.0,-999.0,-999.0,0,0,0.47279998660087585,22.02429962158203,0.23930500447750092,-999.0,1,22.02429962158203,22.02429962158203,-999.0,-999.0,-999.0,0,22.80190086364746,0.23930500447750092,-999.0,1,4120,-999.0,-999.0,-999.0,-999.0,0,-999.0,-999.0,-999.0,-999.0,-999.0,0,-999.0,-999.0,-999.0,0,0,-999.0,-999.0,-999.0,-999.0,0,-999.0,-999.0,-999.0,-999.0,-999.0,0,-999.0,-999.0,-999.0,0,0,0.03015195537566868
PSO J139.6069+35.8751,-999,-999,-999,151051396068440754,3578835000026074,214022515353049,0,16486948244171,15105,1,2038,90,0.833695416183859,3578835,49831,3,268513280,0,32,-999.0,-999.0,-999.0,-999.0,139.60686888,35.8751314,0.018149999901652336,0.018149999901652336,,,,,56614.5921412,-999.0,-0.617134454942381,0.5250950292648993,0.5860207118901728,130.80341815654253,19.19551269480772,188.09646174126928,44.320690634332344,-999,0,1,0,0,0,0,1,-999.0,-999.0,-999.0,-999.0,0,-999.0,-999.0,-999.0,-999.0,-999.0,0,-999.0,-999.0,-999.0,0,0,-999.0,-999.0,-999.0,-999.0,0,-999.0,-999.0,-999.0,-999.0,-999.0,0,-999.0,-999.0,-999.0,0,0,-999.0,-999.0,-999.0,-999.0,0,-999.0,-999.0,-999.0,-999.0,-999.0,0,-999.0,-999.0,-999.0,0,0,-999.0,-999.0,-999.0,-999.0,0,-999.0,-999.0,-999.0,-999.0,-999.0,0,-999.0,-999.0,-999.0,0,0,0.9689170122146606,17.52669906616211,0.010214000009000301,-999.0,1,17.52669906616211,17.52669906616211,18.531400680541992,0.03955399990081787,-999.0,1,18.434799194335938,0.010214000009000301,-999.0,1,24,0.036710303739457176
PSO J139.6064+35.8757,-999,-999,-999,151051396063401391,3578835000025930,214022515352905,0,16486948255120,15105,1,2038,90,0.489216596343756,3578835,49831,3,268959744,0,32,-999.0,-999.0,-999.0,-999.0,139.60635517,35.87566194,0.25161001086235046,0.25161001086235046,,,,,55249.27831019,-999.0,-0.61712561415559,0.5250970459337394,0.5860282149391327,130.8028204783985,19.195881666594754,188.0956758668512,44.32031831914275,-999,0,1,0,0,0,0,1,-999.0,-999.0,-999.0,-999.0,0,-999.0,-999.0,-999.0,-999.0,-999.0,0,-999.0,-999.0,-999.0,0,0,-999.0,-999.0,-999.0,-999.0,0,-999.0,-999.0,-999.0,-999.0,-999.0,0,-999.0,-999.0,-999.0,0,0,-999.0,-999.0,-999.0,-999.0,0,-999.0,-999.0,-999.0,-999.0,-999.0,0,-999.0,-999.0,-999.0,0,0,-999.0,-999.0,-999.0,-999.0,0,-999.0,-999.0,-999.0,-999.0,-999.0,0,-999.0,-999.0,-999.0,0,0,0.72222501039505,19.597200393676758,0.2511630058288574,-999.0,1,19.597200393676758,19.597200393676758,-999.0,-999.0,-999.0,0,20.546499252319336,0.2511630058288574,-999.0,1,4112,0.03609584888899268
PSO J139.6063+35.8754,-999,-999,-999,151051396063091028,3578835000025921,214022515352896,0,16486948244078,15105,1,2038,90,0.122448083127335,3578835,49831,3,268959744,0,32,-999.0,-999.0,-999.0,-999.0,139.60632456,35.87536168,0.2519499957561493,0.2519499957561493,,,,,55249.29457176,-999.0,-0.6171276725932574,0.5250993658030798,0.5860239685822012,130.80289759302877,19.195589318396756,188.09609141110548,44.320269488305186,-999,0,1,0,0,1,0,0,-999.0,-999.0,-999.0,-999.0,0,-999.0,-999.0,-999.0,-999.0,-999.0,0,-999.0,-999.0,-999.0,0,0,-999.0,-999.0,-999.0,-999.0,0,-999.0,-999.0,-999.0,-999.0,-999.0,0,-999.0,-999.0,-999.0,0,0,0.7403050065040588,21.074399948120117,0.25150200724601746,-999.0,1,21.074399948120117,21.074399948120117,-999.0,-999.0,-999.0,0,22.646299362182617,0.25150200724601746,-999.0,1,4120,-999.0,-999.0,-999.0,-999.0,0,-999.0,-999.0,-999.0,-999.0,-999.0,0,-999.0,-999.0,-999.0,0,0,-999.0,-999.0,-999.0,-999.0,0,-999.0,-999.0,-999.0,-999.0,-999.0,0,-999.0,-999.0,-999.0,0,0,0.03638203358737744
PSO J139.6042+35.8816,-999,-999,-999,151051396041698505,3578835000187100,214022515515698,0,16486948248734,15105,1,2038,90,0.859094720202586,3578835,49831,3,1343750144,0,160,139.60416882,35.88158351,0.0010000000474974513,0.0010000000474974513,139.60416882,35.88158351,0.0010000000474974513,0.0010000000474974513,,,,,55646.49783565,-999.0,-0.6170594466331731,0.5250813406234864,0.5861119560713672,130.79903235264456,19.200922012971464,188.08722718792907,44.31902770833755,-999,1,0,0,0,0,0,0,-999.0,-999.0,-999.0,-999.0,0,-999.0,-999.0,-999.0,-999.0,-999.0,0,-999.0,-999.0,-999.0,0,16416,-999.0,-999.0,-999.0,-999.0,0,-999.0,-999.0,-999.0,-999.0,-999.0,0,-999.0,-999.0,-999.0,0,16416,-999.0,-999.0,-999.0,-999.0,0,-999.0,-999.0,-999.0,-999.0,-999.0,0,-999.0,-999.0,-999.0,0,114720,-999.0,-999.0,-999.0,-999.0,0,-999.0,-999.0,-999.0,-999.0,-999.0,0,-999.0,-999.0,-999.0,0,16416,-999.0,-999.0,-999.0,-999.0,0,-999.0,-999.0,-999.0,-999.0,-999.0,0,-999.0,-999.0,-999.0,0,16416,0.029925789406690204
PSO J139.6041+35.8750,-999,-999,-999,151051396041400647,3578835000025365,214022515352340,0,16486948255582,15105,1,2038,90,0.756234099861452,3578835,49831,3,268959744,0,32,-999.0,-999.0,-999.0,-999.0,139.60414984,35.87504544,0.21047000586986542,0.21047000586986542,,,,,55250.31699074,-999.0,-0.6171102048160889,0.525124885306731,0.5860194962144497,130.80123771258988,19.19472452281945,188.09633420373112,44.318487618342004,-999,0,1,0,1,0,0,0,-999.0,-999.0,-999.0,-999.0,0,-999.0,-999.0,-999.0,-999.0,-999.0,0,-999.0,-999.0,-999.0,0,0,0.49988800287246704,21.619199752807617,0.20993100106716156,-999.0,1,21.619199752807617,21.619199752807617,-999.0,-999.0,-999.0,1,21.803800582885742,0.20993100106716156,-999.0,1,4120,-999.0,-999.0,-999.0,-999.0,0,-999.0,-999.0,-999.0,-999.0,-999.0,0,-999.0,-999.0,-999.0,0,0,-999.0,-999.0,-999.0,-999.0,0,-999.0,-999.0,-999.0,-999.0,-999.0,0,-999.0,-999.0,-999.0,0,0,-999.0,-999.0,-999.0,-999.0,0,-999.0,-999.0,-999.0,-999.0,-999.0,0,-999.0,-999.0,-999.0,0,0,0.03632467867256315
PSO J139.6037+35.8801,-999,-999,-999,151051396036436701,3578835000025236,214022515352211,0,16486948254231,15105,1,2038,90,0.738262922259292,3578835,49831,3,268959744,0,32,-999.0,-999.0,-999.0,-999.0,139.60366455,35.88009396,0.2681899964809418,0.2681899964809418,,,,,56344.35071759,-999.0,-0.6170664296229313,0.5250966462411516,0.586090891874889,130.7991285400027,19.19938011664358,188.08925660156595,44.31850095222123,-999,0,1,0,0,1,0,0,-999.0,-999.0,-999.0,-999.0,0,-999.0,-999.0,-999.0,-999.0,-999.0,0,-999.0,-999.0,-999.0,0,0,-999.0,-999.0,-999.0,-999.0,0,-999.0,-999.0,-999.0,-999.0,-999.0,0,-999.0,-999.0,-999.0,0,0,0.502140998840332,21.652700424194336,0.2677690088748932,-999.0,1,21.652700424194336,21.652700424194336,-999.0,-999.0,-999.0,0,21.773300170898438,0.2677690088748932,-999.0,1,4120,-999.0,-999.0,-999.0,-999.0,0,-999.0,-999.0,-999.0,-999.0,-999.0,0,-999.0,-999.0,-999.0,0,0,-999.0,-999.0,-999.0,-999.0,0,-999.0,-999.0,-999.0,-999.0,-999.0,0,-999.0,-999.0,-999.0,0,0,0.03129467272786431
PSO J139.6035+35.8815,-999,-999,-999,151051396034768448,3578835000025201,214022515352176,0,16486948246897,15105,1,2038,90,0.944703766093314,3578835,49831,3,277348352,0,33,-999.0,-999.0,-999.0,-999.0,139.60349825,35.88154214,0.22043000161647797,0.22043000161647797,,,,,56042.24768519,-999.0,-0.6170536235183598,0.5250888367011552,0.5861113710504939,130.79850148940668,19.20070854189913,188.08722391334936,44.318482824498524,-999,0,1,0,0,0,1,0,-999.0,-999.0,-999.0,-999.0,0,-999.0,-999.0,-999.0,-999.0,-999.0,0,-999.0,-999.0,-999.0,0,0,-999.0,-999.0,-999.0,-999.0,0,-999.0,-999.0,-999.0,-999.0,-999.0,0,-999.0,-999.0,-999.0,0,0,-999.0,-999.0,-999.0,-999.0,0,-999.0,-999.0,-999.0,-999.0,-999.0,0,-999.0,-999.0,-999.0,0,0,0.7861940264701843,20.87969970703125,0.2199220061302185,-999.0,1,20.87969970703125,20.87969970703125,-999.0,-999.0,-999.0,0,20.251800537109375,0.2199220061302185,-999.0,1,16781336,-999.0,-999.0,-999.0,-999.0,0,-999.0,-999.0,-999.0,-999.0,-999.0,0,-999.0,-999.0,-999.0,0,0,0.02984938111687031
PSO J139.5845+35.8846,-999,-999,-999,151061395844982138,3578835000020501,214022515347476,0,16486948236666,15106,1,2038,90,0.880894248262881,3578835,49831,3,268959744,0,32,-999.0,-999.0,-999.0,-999.0,139.58450992,35.88459423,0.19051000475883484,0.19051000475883484,,,,,56759.31069444,-999.0,-0.616855798701873,0.5252730624120183,0.5861545304031814,130.7820348306507,19.1986649908471,188.08124645173376,44.30339284985549,-999,0,1,0,0,1,0,0,-999.0,-999.0,-999.0,-999.0,0,-999.0,-999.0,-999.0,-999.0,-999.0,0,-999.0,-999.0,-999.0,0,0,-999.0,-999.0,-999.0,-999.0,0,-999.0,-999.0,-999.0,-999.0,-999.0,0,-999.0,-999.0,-999.0,0,0,0.6679720282554626,16.59320068359375,0.1899159997701645,-999.0,1,16.59320068359375,16.59320068359375,-999.0,-999.0,-999.0,0,16.867399215698242,0.1899159997701645,-999.0,1,4112,-999.0,-999.0,-999.0,-999.0,0,-999.0,-999.0,-999.0,-999.0,-999.0,0,-999.0,-999.0,-999.0,0,0,-999.0,-999.0,-999.0,-999.0,0,-999.0,-999.0,-999.0,-999.0,-999.0,0,-999.0,-999.0,-999.0,0,0,0.02773547342067396
PSO J139.5845+35.8900,-999,-999,-999,151061395844838548,3578835000020502,214022515347477,0,16486949069044,15106,1,2038,90,0.416085170038124,3578835,49831,3,268959744,0,32,-999.0,-999.0,-999.0,-999.0,139.58449561,35.88996399,0.22181999683380127,0.22181999683380127,,,,,55249.28141204,-999.0,-0.6168138397901044,0.5252375987732073,0.5862304596985238,130.78019971579417,19.203747419042585,188.0737660297846,44.30381242801624,-999,0,1,0,0,1,0,0,-999.0,-999.0,-999.0,-999.0,0,-999.0,-999.0,-999.0,-999.0,-999.0,0,-999.0,-999.0,-999.0,0,0,-999.0,-999.0,-999.0,-999.0,0,-999.0,-999.0,-999.0,-999.0,-999.0,0,-999.0,-999.0,-999.0,0,0,0.7128490209579468,20.699899673461914,0.22131599485874176,-999.0,1,20.699899673461914,20.699899673461914,-999.0,-999.0,-999.0,0,21.933399200439453,0.22131599485874176,-999.0,1,4120,-999.0,-999.0,-999.0,-999.0,0,-999.0,-999.0,-999.0,-999.0,-999.0,0,-999.0,-999.0,-999.0,0,0,-999.0,-999.0,-999.0,-999.0,0,-999.0,-999.0,-999.0,-999.0,-999.0,0,-999.0,-999.0,-999.0,0,0,0.02274639866328203
PSO J139.5840+35.8839,-999,-999,-999,151061395839831306,3578835000020383,214022515347358,0,16486948237268,15106,1,2038,90,0.879569463319675,3578835,49831,3,310456320,0,37,-999.0,-999.0,-999.0,-999.0,139.58400955,35.883926,0.1595900058746338,0.1595900058746338,,,,,55248.25253472,-999.0,-0.6168564161719857,0.5252828815592908,0.5861450811601355,130.78185513948938,19.19790204652417,188.08213165420418,44.30293507193029,-999,0,1,0,0,0,0,1,-999.0,-999.0,-999.0,-999.0,0,-999.0,-999.0,-999.0,-999.0,-999.0,0,-999.0,-999.0,-999.0,0,0,-999.0,-999.0,-999.0,-999.0,0,-999.0,-999.0,-999.0,-999.0,-999.0,0,-999.0,-999.0,-999.0,0,0,-999.0,-999.0,-999.0,-999.0,0,-999.0,-999.0,-999.0,-999.0,-999.0,0,-999.0,-999.0,-999.0,0,0,-999.0,-999.0,-999.0,-999.0,0,-999.0,-999.0,-999.0,-999.0,-999.0,0,-999.0,-999.0,-999.0,0,0,0.9996569752693176,19.310400009155273,0.15888799726963043,-999.0,1,19.310400009155273,19.310400009155273,18.821199417114258,0.19929100573062897,-999.0,1,18.80150032043457,0.15888799726963043,-999.0,1,16777496,0.02850094744036822
PSO J139.5838+35.8866,-999,-999,-999,151061395837814511,3578835000020342,214022515347317,0,16486948234157,15106,1,2038,90,0.975866835541899,3578835,49831,3,268959744,0,32,-999.0,-999.0,-999.0,-999.0,139.58380057,35.88660273,0.2812199890613556,0.2812199890613556,,,,,56344.35071759,-999.0,-0.6168336511092669,0.5252673772888884,0.5861829315284298,130.78077637783977,19.2003831096155,188.07838449327667,44.30298132367634,-999,0,1,0,0,1,0,0,-999.0,-999.0,-999.0,-999.0,0,-999.0,-999.0,-999.0,-999.0,-999.0,0,-999.0,-999.0,-999.0,0,0,-999.0,-999.0,-999.0,-999.0,0,-999.0,-999.0,-999.0,-999.0,-999.0,0,-999.0,-999.0,-999.0,0,0,0.7792710065841675,21.881200790405273,0.28082001209259033,-999.0,1,21.881200790405273,21.881200790405273,-999.0,-999.0,-999.0,0,24.23349952697754,0.28082001209259033,-999.0,1,4120,-999.0,-999.0,-999.0,-999.0,0,-999.0,-999.0,-999.0,-999.0,-999.0,0,-999.0,-999.0,-999.0,0,0,-999.0,-999.0,-999.0,-999.0,0,-999.0,-999.0,-999.0,-999.0,-999.0,0,-999.0,-999.0,-999.0,0,0,0.026060588715859607
PSO J139.5835+35.8834,-999,-999,-999,151061395835290670,3578835000020276,214022515347251,0,16486948237143,15106,1,2038,90,0.480067003034118,3578835,49831,3,268513280,0,32,-999.0,-999.0,-999.0,-999.0,139.58354847,35.88339711,0.019440000876784325,0.019440000876784325,,,,,55249.25519676,-999.0,-0.6168563083781747,0.5252913535081263,0.5861376022263467,130.78166005517113,19.19728129118943,188.0828263428971,44.302520208855235,-999,0,1,0,0,0,1,0,-999.0,-999.0,-999.0,-999.0,0,-999.0,-999.0,-999.0,-999.0,-999.0,0,-999.0,-999.0,-999.0,0,0,-999.0,-999.0,-999.0,-999.0,0,-999.0,-999.0,-999.0,-999.0,-999.0,0,-999.0,-999.0,-999.0,0,0,-999.0,-999.0,-999.0,-999.0,0,-999.0,-999.0,-999.0,-999.0,-999.0,0,-999.0,-999.0,-999.0,0,0,0.9980189800262451,17.510700225830078,0.012369000352919102,-999.0,1,17.510700225830078,17.510700225830078,18.354299545288086,0.03478100150823593,-999.0,1,18.22319984436035,0.012369000352919102,-999.0,1,24,-999.0,-999.0,-999.0,-999.0,0,-999.0,-999.0,-999.0,-999.0,-999.0,0,-999.0,-999.0,-999.0,0,0,0.0291254714747754
PSO J139.5831+35.8869,-999,-999,-999,151061395830904978,3578835000020177,214022515347152,0,16486948233290,15106,1,2038,90,0.902715904547568,3578835,49831,3,444915712,7,53,139.58316296,35.88708624,0.0010000000474974513,0.0010000000474974513,139.58320783425046,35.887050774297606,0.033791381178919215,0.033791381178919215,1.7989954267845691,119.66126330154997,18.498045901042396,18.498045901042396,56515.34850364899,20.861642837524414,-0.6168247271510578,0.525270786591469,0.5861892669851627,130.78012465508627,19.200518729302406,188.07787014077172,44.302469760057654,-999,4,7,0,2,5,0,0,-999.0,-999.0,-999.0,-999.0,0,-999.0,-999.0,-999.0,-999.0,-999.0,0,-999.0,-999.0,-999.0,0,114720,0.9987000226974487,21.5674991607666,0.1624789983034134,0.2445870041847229,2,21.46419906616211,21.789199829101562,-999.0,-999.0,-999.0,2,20.750200271606445,0.3279080092906952,0.5386809706687927,2,16892216,0.9990779757499695,21.750099182128906,0.09093700349330902,0.2821570038795471,5,21.21179962158203,21.885900497436523,21.122400283813477,0.14142799377441406,0.455828994512558,5,21.297000885009766,0.08672799915075302,0.24171899259090424,5,115000,-999.0,-999.0,-999.0,-999.0,0,-999.0,-999.0,-999.0,-999.0,-999.0,0,-999.0,-999.0,-999.0,0,114720,-999.0,-999.0,-999.0,-999.0,0,-999.0,-999.0,-999.0,-999.0,-999.0,0,-999.0,-999.0,-999.0,0,16416,0.02583329152195466
PSO J139.5829+35.8893,-999,-999,-999,151061395828827794,3578835000020131,214022515347106,0,16486949114111,15106,1,2038,90,0.868521729361752,3578835,49831,3,268959744,0,32,-999.0,-999.0,-999.0,-999.0,139.58289802,35.8893355,0.21870000660419464,0.21870000660419464,,,,,55259.44527778,-999.0,-0.6168040900261015,0.5252589664750997,0.5862215730119311,130.7791149880364,19.202737055892438,188.07449625366394,44.30247187901577,-999,0,1,0,0,1,0,0,-999.0,-999.0,-999.0,-999.0,0,-999.0,-999.0,-999.0,-999.0,-999.0,0,-999.0,-999.0,-999.0,0,0,-999.0,-999.0,-999.0,-999.0,0,-999.0,-999.0,-999.0,-999.0,-999.0,0,-999.0,-999.0,-999.0,0,0,0.6010270118713379,21.0093994140625,0.2181829959154129,-999.0,1,21.0093994140625,21.0093994140625,-999.0,-999.0,-999.0,0,21.829999923706055,0.2181829959154129,-999.0,1,4120,-999.0,-999.0,-999.0,-999.0,0,-999.0,-999.0,-999.0,-999.0,-999.0,0,-999.0,-999.0,-999.0,0,0,-999.0,-999.0,-999.0,-999.0,0,-999.0,-999.0,-999.0,-999.0,-999.0,0,-999.0,-999.0,-999.0,0,0,0.023864340963642556
PSO J139.5828+35.8832,-999,-999,-999,151061395828060432,3578835000186874,214022515515472,0,16486948237121,15106,1,2038,90,0.369741049008203,3578835,49831,3,1343750144,0,160,139.58280694,35.88318914,0.0010000000474974513,0.0010000000474974513,139.58280694,35.88318914,0.0010000000474974513,0.0010000000474974513,,,,,55646.49783565,-999.0,-0.6168511297172339,0.5253007162882228,0.5861346613481004,130.78112809862816,19.196891641664003,188.0830485303074,44.30190464107557,-999,1,0,0,0,0,0,0,-999.0,-999.0,-999.0,-999.0,0,-999.0,-999.0,-999.0,-999.0,-999.0,0,-999.0,-999.0,-999.0,0,114720,-999.0,-999.0,-999.0,-999.0,0,-999.0,-999.0,-999.0,-999.0,-999.0,0,-999.0,-999.0,-999.0,0,16416,-999.0,-999.0,-999.0,-999.0,0,-999.0,-999.0,-999.0,-999.0,-999.0,0,-999.0,-999.0,-999.0,0,16416,-999.0,-999.0,-999.0,-999.0,0,-999.0,-999.0,-999.0,-999.0,-999.0,0,-999.0,-999.0,-999.0,0,16416,-999.0,-999.0,-999.0,-999.0,0,-999.0,-999.0,-999.0,-999.0,-999.0,0,-999.0,-999.0,-999.0,0,16416,0.029531258542706815
PSO J139.5826+35.8903,-999,-999,-999,151061395825668896,3578835000020050,214022515347025,0,16486949114762,15106,1,2038,90,0.557429337461879,3578835,49831,3,268959744,0,32,-999.0,-999.0,-999.0,-999.0,139.58258186,35.89025727,0.27156001329421997,0.27156001329421997,,,,,55249.28607639,-999.0,-0.6167940112654074,0.5252562552863902,0.5862346065779868,130.778545067836,19.203528002556137,188.07318368984252,44.302290553378775,-999,0,1,0,0,1,0,0,-999.0,-999.0,-999.0,-999.0,0,-999.0,-999.0,-999.0,-999.0,-999.0,0,-999.0,-999.0,-999.0,0,0,-999.0,-999.0,-999.0,-999.0,0,-999.0,-999.0,-999.0,-999.0,-999.0,0,-999.0,-999.0,-999.0,0,0,0.7433890104293823,20.94610023498535,0.2711459994316101,-999.0,1,20.94610023498535,20.94610023498535,-999.0,-999.0,-999.0,0,21.23539924621582,0.2711459994316101,-999.0,1,4120,-999.0,-999.0,-999.0,-999.0,0,-999.0,-999.0,-999.0,-999.0,-999.0,0,-999.0,-999.0,-999.0,0,0,-999.0,-999.0,-999.0,-999.0,0,-999.0,-999.0,-999.0,-999.0,-999.0,0,-999.0,-999.0,-999.0,0,0,0.023158946277568863
PSO J139.5825+35.8850,-999,-999,-999,151061395824712661,3578835000020023,214022515346998,0,16486948233491,15106,1,2038,90,0.579759037662073,3578835,49831,3,302067712,0,36,-999.0,-999.0,-999.0,-999.0,139.58249729,35.88504735,0.19131000339984894,0.19131000339984894,,,,,55576.50894676,-999.0,-0.6168338177817989,0.5252917248970436,0.5861609377938956,130.78024550021323,19.19857126517752,188.08043229560704,44.30180389778073,-999,0,1,0,0,1,0,0,-999.0,-999.0,-999.0,-999.0,0,-999.0,-999.0,-999.0,-999.0,-999.0,0,-999.0,-999.0,-999.0,0,0,-999.0,-999.0,-999.0,-999.0,0,-999.0,-999.0,-999.0,-999.0,-999.0,0,-999.0,-999.0,-999.0,0,0,0.26257801055908203,21.233999252319336,0.19071799516677856,-999.0,1,21.233999252319336,21.233999252319336,21.30940055847168,0.2947239875793457,-999.0,1,21.41670036315918,0.19071799516677856,-999.0,1,536,-999.0,-999.0,-999.0,-999.0,0,-999.0,-999.0,-999.0,-999.0,-999.0,0,-999.0,-999.0,-999.0,0,0,-999.0,-999.0,-999.0,-999.0,0,-999.0,-999.0,-999.0,-999.0,-999.0,0,-999.0,-999.0,-999.0,0,0,0.027901640813047277
PSO J139.5820+35.8907,-999,-999,-999,151061395819599478,3578835000019919,214022515346894,0,16486949114285,15106,1,2038,90,0.204193415310414,3578835,49831,3,268959744,0,32,-999.0,-999.0,-999.0,-999.0,139.58196683,35.89074215,0.2653999924659729,0.2653999924659729,,,,,55249.26106481,-999.0,-0.6167845958504099,0.5252596594739204,0.5862414625826013,130.77788065787126,19.203827488098003,188.07245247913164,44.301832814959894,-999,0,1,0,0,0,0,1,-999.0,-999.0,-999.0,-999.0,0,-999.0,-999.0,-999.0,-999.0,-999.0,0,-999.0,-999.0,-999.0,0,0,-999.0,-999.0,-999.0,-999.0,0,-999.0,-999.0,-999.0,-999.0,-999.0,0,-999.0,-999.0,-999.0,0,0,-999.0,-999.0,-999.0,-999.0,0,-999.0,-999.0,-999.0,-999.0,-999.0,0,-999.0,-999.0,-999.0,0,0,-999.0,-999.0,-999.0,-999.0,0,-999.0,-999.0,-999.0,-999.0,-999.0,0,-999.0,-999.0,-999.0,0,0,0.7813180088996887,19.4950008392334,0.26497799158096313,-999.0,1,19.4950008392334,19.4950008392334,-999.0,-999.0,-999.0,0,-999.0,-999.0,-999.0,0,4112,0.022971625159280508
PSO J139.5817+35.8894,-999,-999,-999,151061395817107925,3578835000019866,214022515346841,0,16486949114738,15106,1,2038,90,0.688205559447599,3578835,49831,3,268959744,0,32,-999.0,-999.0,-999.0,-999.0,139.58172021,35.88944394,0.23986999690532684,0.23986999690532684,,,,,55249.31701389,-999.0,-0.6167924476234478,0.5252709264358371,0.5862231063306136,130.77812110710514,19.202533769672403,188.0742381909744,44.30152946018926,-999,0,1,0,1,0,0,0,-999.0,-999.0,-999.0,-999.0,0,-999.0,-999.0,-999.0,-999.0,-999.0,0,-999.0,-999.0,-999.0,0,0,0.7007099986076355,21.857900619506836,0.2393999993801117,-999.0,1,21.857900619506836,21.857900619506836,-999.0,-999.0,-999.0,0,24.090499877929688,0.2393999993801117,-999.0,1,4120,-999.0,-999.0,-999.0,-999.0,0,-999.0,-999.0,-999.0,-999.0,-999.0,0,-999.0,-999.0,-999.0,0,0,-999.0,-999.0,-999.0,-999.0,0,-999.0,-999.0,-999.0,-999.0,-999.0,0,-999.0,-999.0,-999.0,0,0,-999.0,-999.0,-999.0,-999.0,0,-999.0,-999.0,-999.0,-999.0,-999.0,0,-999.0,-999.0,-999.0,0,0,0.024204981373774317
PSO J139.5813+35.8900,-999,-999,-999,151061395812878551,3578835000019769,214022515346744,0,16486949114859,15106,1,2038,90,0.515215105856969,3578835,49831,3,268513280,0,32,-999.0,-999.0,-999.0,-999.0,139.58131749,35.8899661,0.02971000038087368,0.02971000038087368,,,,,56759.32336806,-999.0,-0.61678468818035,0.5252717978036334,0.5862304895332613,130.77761655547255,19.20292372637476,188.07347434556863,44.30124616732787,-999,0,1,0,0,1,0,0,-999.0,-999.0,-999.0,-999.0,0,-999.0,-999.0,-999.0,-999.0,-999.0,0,-999.0,-999.0,-999.0,0,0,-999.0,-999.0,-999.0,-999.0,0,-999.0,-999.0,-999.0,-999.0,-999.0,0,-999.0,-999.0,-999.0,0,0,0.9980509877204895,18.73550033569336,0.025647999718785286,-999.0,1,18.73550033569336,18.73550033569336,19.28820037841797,0.05699799954891205,-999.0,1,19.227800369262695,0.025647999718785286,-999.0,1,16,-999.0,-999.0,-999.0,-999.0,0,-999.0,-999.0,-999.0,-999.0,-999.0,0,-999.0,-999.0,-999.0,0,0,-999.0,-999.0,-999.0,-999.0,0,-999.0,-999.0,-999.0,-999.0,-999.0,0,-999.0,-999.0,-999.0,0,0,0.023906128481640206
PSO J139.5813+35.8831,-999,-999,-999,151061395812540267,3578835000019756,214022515346731,0,16486948235235,15106,1,2038,90,0.430683612293269,3578835,49831,3,302067712,0,36,-999.0,-999.0,-999.0,-999.0,139.58126746,35.88305126,0.22232000529766083,0.22232000529766083,,,,,55250.27944444,-999.0,-0.616838089048737,0.5253182047973426,0.586132711599685,130.77992391669133,19.19636106550768,188.08310047066988,44.300650285332885,-999,0,1,0,0,0,0,1,-999.0,-999.0,-999.0,-999.0,0,-999.0,-999.0,-999.0,-999.0,-999.0,0,-999.0,-999.0,-999.0,0,0,-999.0,-999.0,-999.0,-999.0,0,-999.0,-999.0,-999.0,-999.0,-999.0,0,-999.0,-999.0,-999.0,0,0,-999.0,-999.0,-999.0,-999.0,0,-999.0,-999.0,-999.0,-999.0,-999.0,0,-999.0,-999.0,-999.0,0,0,-999.0,-999.0,-999.0,-999.0,0,-999.0,-999.0,-999.0,-999.0,-999.0,0,-999.0,-999.0,-999.0,0,0,0.9264190196990967,18.13050079345703,0.2218170017004013,-999.0,1,18.13050079345703,18.13050079345703,-999.0,-999.0,-999.0,1,19.336000442504883,0.2218170017004013,-999.0,1,272,0.030128458516150883
PSO J139.5812+35.8903,-999,-999,-999,151061395811988923,3578835000186845,214022515515443,0,16486949114673,15106,1,2038,90,0.239590829461432,3578835,49831,3,404226048,0,48,139.58118472,35.89030845,0.0010000000474974513,0.0010000000474974513,139.58118472,35.89030845,0.0010000000474974513,0.0010000000474974513,,,,,55646.49783565,-999.0,-0.616780804193796,0.5252709559375228,0.5862353302442076,130.7773924169533,19.203213502580333,188.07298546737388,44.301166432398624,-999,3,0,0,0,0,0,0,-999.0,-999.0,-999.0,-999.0,0,-999.0,-999.0,-999.0,-999.0,-999.0,0,-999.0,-999.0,-999.0,0,16416,-999.0,-999.0,-999.0,-999.0,0,-999.0,-999.0,-999.0,-999.0,-999.0,0,-999.0,-999.0,-999.0,0,114720,-999.0,-999.0,-999.0,-999.0,0,-999.0,-999.0,-999.0,-999.0,-999.0,0,-999.0,-999.0,-999.0,0,114720,-999.0,-999.0,-999.0,-999.0,0,-999.0,-999.0,-999.0,-999.0,-999.0,0,-999.0,-999.0,-999.0,0,114720,-999.0,-999.0,-999.0,-999.0,0,-999.0,-999.0,-999.0,-999.0,-999.0,0,-999.0,-999.0,-999.0,0,16416,0.023663076999638256
PSO J139.5812+35.8887,-999,-999,-999,151061395811587011,3578835000019741,214022515346716,0,16486949097862,15106,1,2038,90,0.46892804044199,3578835,49831,3,268959744,0,32,-999.0,-999.0,-999.0,-999.0,139.5811718,35.88867013,0.3062700033187866,0.3062700033187866,,,,,55248.33767361,-999.0,-0.616793447483163,0.5252819633415017,0.5862121647747784,130.7779382472601,19.201658349433554,188.0752660856504,44.30102447123417,-999,0,1,1,0,0,0,0,0.6515470147132874,22.259000778198242,0.30590298771858215,-999.0,1,22.259000778198242,22.259000778198242,-999.0,-999.0,-999.0,0,23.155899047851562,0.30590298771858215,-999.0,1,4120,-999.0,-999.0,-999.0,-999.0,0,-999.0,-999.0,-999.0,-999.0,-999.0,0,-999.0,-999.0,-999.0,0,0,-999.0,-999.0,-999.0,-999.0,0,-999.0,-999.0,-999.0,-999.0,-999.0,0,-999.0,-999.0,-999.0,0,0,-999.0,-999.0,-999.0,-999.0,0,-999.0,-999.0,-999.0,-999.0,-999.0,0,-999.0,-999.0,-999.0,0,0,-999.0,-999.0,-999.0,-999.0,0,-999.0,-999.0,-999.0,-999.0,-999.0,0,-999.0,-999.0,-999.0,0,0,0.02509696118224572
PSO J139.5809+35.8840,-999,-999,-999,151061395809081402,3578835000019679,214022515346654,0,16486948234990,15106,1,2038,90,0.0117680356016085,3578835,49831,3,268959744,0,32,-999.0,-999.0,-999.0,-999.0,139.58091964,35.88398085,0.1463100016117096,0.1463100016117096,,,,,56759.31069444,-999.0,-0.6168276600434658,0.5253157834902921,0.5861458567807873,130.77932563364092,19.19715119867276,188.08177414245645,44.300444114069286,-999,0,1,0,0,1,0,0,-999.0,-999.0,-999.0,-999.0,0,-999.0,-999.0,-999.0,-999.0,-999.0,0,-999.0,-999.0,-999.0,0,0,-999.0,-999.0,-999.0,-999.0,0,-999.0,-999.0,-999.0,-999.0,-999.0,0,-999.0,-999.0,-999.0,0,0,0.671205997467041,16.305099487304688,0.14553900063037872,-999.0,1,16.305099487304688,16.305099487304688,-999.0,-999.0,-999.0,0,16.993799209594727,0.14553900063037872,-999.0,1,4112,-999.0,-999.0,-999.0,-999.0,0,-999.0,-999.0,-999.0,-999.0,-999.0,0,-999.0,-999.0,-999.0,0,0,-999.0,-999.0,-999.0,-999.0,0,-999.0,-999.0,-999.0,-999.0,-999.0,0,-999.0,-999.0,-999.0,0,0,0.029391299811528177
PSO J139.5809+35.8881,-999,-999,-999,151061395808646375,3578835000019673,214022515346648,0,16486949097903,15106,1,2038,90,0.228531972717989,3578835,49831,3,268959744,0,32,-999.0,-999.0,-999.0,-999.0,139.58088386,35.88814885,0.2519800066947937,0.2519800066947937,,,,,56331.38431713,-999.0,-0.616794868071273,0.5252885210396742,0.5862047938944995,130.77788128286244,19.20108979221912,188.07596592724846,44.300750087332396,-999,0,1,0,1,0,0,0,-999.0,-999.0,-999.0,-999.0,0,-999.0,-999.0,-999.0,-999.0,-999.0,0,-999.0,-999.0,-999.0,0,0,0.5793390274047852,21.865999221801758,0.25153398513793945,-999.0,1,21.865999221801758,21.865999221801758,-999.0,-999.0,-999.0,0,-999.0,-999.0,-999.0,0,4120,-999.0,-999.0,-999.0,-999.0,0,-999.0,-999.0,-999.0,-999.0,-999.0,0,-999.0,-999.0,-999.0,0,0,-999.0,-999.0,-999.0,-999.0,0,-999.0,-999.0,-999.0,-999.0,-999.0,0,-999.0,-999.0,-999.0,0,0,-999.0,-999.0,-999.0,-999.0,0,-999.0,-999.0,-999.0,-999.0,-999.0,0,-999.0,-999.0,-999.0,0,0,0.02566650735877759
PSO J139.5802+35.8911,-999,-999,-999,151061395801689884,3578835000019485,214022515346460,0,16486949117576,15106,1,2038,90,0.768267612688493,3578835,49831,3,268959744,0,32,-999.0,-999.0,-999.0,-999.0,139.58018303,35.89107926,0.23295000195503235,0.23295000195503235,,,,,55249.26556713,-999.0,-0.6167656165677624,0.525276625237697,0.5862462291551938,130.7763167306612,19.203683371250126,188.0718209023223,44.30041941477751,-999,0,1,0,0,0,0,1,-999.0,-999.0,-999.0,-999.0,0,-999.0,-999.0,-999.0,-999.0,-999.0,0,-999.0,-999.0,-999.0,0,0,-999.0,-999.0,-999.0,-999.0,0,-999.0,-999.0,-999.0,-999.0,-999.0,0,-999.0,-999.0,-999.0,0,0,-999.0,-999.0,-999.0,-999.0,0,-999.0,-999.0,-999.0,-999.0,-999.0,0,-999.0,-999.0,-999.0,0,0,-999.0,-999.0,-999.0,-999.0,0,-999.0,-999.0,-999.0,-999.0,-999.0,0,-999.0,-999.0,-999.0,0,0,0.7620800137519836,19.50670051574707,0.23246799409389496,-999.0,1,19.50670051574707,19.50670051574707,-999.0,-999.0,-999.0,0,21.02549934387207,0.23246799409389496,-999.0,1,4112,0.023431235813096463
PSO J139.5793+35.8883,-999,-999,-999,151061395793656596,3578835000019305,214022515346280,0,16486949097752,15106,1,2038,90,0.135703090704701,3578835,49831,3,268959744,0,32,-999.0,-999.0,-999.0,-999.0,139.57932193,35.88833131,0.30972999334335327,0.30972999334335327,,,,,55259.45824074,-999.0,-0.6167791268506435,0.5253041247626514,0.5862073738777963,130.77655013205924,19.20085683337083,188.07556980662292,44.29950341264431,-999,0,1,0,0,1,0,0,-999.0,-999.0,-999.0,-999.0,0,-999.0,-999.0,-999.0,-999.0,-999.0,0,-999.0,-999.0,-999.0,0,0,-999.0,-999.0,-999.0,-999.0,0,-999.0,-999.0,-999.0,-999.0,-999.0,0,-999.0,-999.0,-999.0,0,0,0.4635629951953888,20.710100173950195,0.3093630075454712,-999.0,1,20.710100173950195,20.710100173950195,-999.0,-999.0,-999.0,0,21.454299926757812,0.3093630075454712,-999.0,1,4112,-999.0,-999.0,-999.0,-999.0,0,-999.0,-999.0,-999.0,-999.0,-999.0,0,-999.0,-999.0,-999.0,0,0,-999.0,-999.0,-999.0,-999.0,0,-999.0,-999.0,-999.0,-999.0,-999.0,0,-999.0,-999.0,-999.0,0,0,0.02613304094334392
PSO J139.5792+35.8909,-999,-999,-999,151061395792279717,3578835000019277,214022515346252,0,16486949117910,15106,1,2038,90,0.427270534846252,3578835,49831,3,268959744,0,32,-999.0,-999.0,-999.0,-999.0,139.57924278,35.89094082,0.2352599948644638,0.2352599948644638,,,,,55249.28607639,-999.0,-0.6167580748451712,0.5252876650296041,0.5862442716829093,130.7755997273598,19.203307975355912,188.0719282802677,44.299649032046716,-999,0,1,0,0,1,0,0,-999.0,-999.0,-999.0,-999.0,0,-999.0,-999.0,-999.0,-999.0,-999.0,0,-999.0,-999.0,-999.0,0,0,-999.0,-999.0,-999.0,-999.0,0,-999.0,-999.0,-999.0,-999.0,-999.0,0,-999.0,-999.0,-999.0,0,0,0.759660005569458,20.824499130249023,0.2347790002822876,-999.0,1,20.824499130249023,20.824499130249023,-999.0,-999.0,-999.0,0,22.698200225830078,0.2347790002822876,-999.0,1,4120,-999.0,-999.0,-999.0,-999.0,0,-999.0,-999.0,-999.0,-999.0,-999.0,0,-999.0,-999.0,-999.0,0,0,-999.0,-999.0,-999.0,-999.0,0,-999.0,-999.0,-999.0,-999.0,-999.0,0,-999.0,-999.0,-999.0,0,0,0.023967934732504532
PSO J139.5790+35.8900,-999,-999,-999,151061395790188638,3578835000019216,214022515346191,0,16486949117439,15106,1,2038,90,0.168294134706533,3578835,49831,3,268513280,0,32,-999.0,-999.0,-999.0,-999.0,139.57902915,35.89003827,0.0185100007802248,0.0185100007802248,,,,,57035.59429398,-999.0,-0.6167631466635531,0.5252959524000981,0.5862315099939156,130.77573261218706,19.20239758988661,188.07316587108699,44.29940406059749,-999,0,1,0,0,1,0,0,-999.0,-999.0,-999.0,-999.0,0,-999.0,-999.0,-999.0,-999.0,-999.0,0,-999.0,-999.0,-999.0,0,0,-999.0,-999.0,-999.0,-999.0,0,-999.0,-999.0,-999.0,-999.0,-999.0,0,-999.0,-999.0,-999.0,0,0,0.9981610178947449,18.499399185180664,0.010846000164747238,-999.0,1,18.499399185180664,18.499399185180664,19.21660041809082,0.02778399921953678,-999.0,1,19.10890007019043,0.010846000164747238,-999.0,1,24,-999.0,-999.0,-999.0,-999.0,0,-999.0,-999.0,-999.0,-999.0,-999.0,0,-999.0,-999.0,-999.0,0,0,-999.0,-999.0,-999.0,-999.0,0,-999.0,-999.0,-999.0,-999.0,-999.0,0,-999.0,-999.0,-999.0,0,0,0.02481402702918625
PSO J139.5789+35.8911,-999,-999,-999,151061395788939923,3578835000019181,214022515346156,0,16486949117915,15106,1,2038,90,0.601325708070142,3578835,49831,3,268959744,0,32,-999.0,-999.0,-999.0,-999.0,139.57890409,35.89110942,0.23760999739170074,0.23760999739170074,,,,,55249.28141204,-999.0,-0.6167536564062647,0.5252901922793987,0.5862466556020389,130.7752672692281,19.203379684530667,188.07166269061025,44.29938906786232,-999,0,1,0,0,1,0,0,-999.0,-999.0,-999.0,-999.0,0,-999.0,-999.0,-999.0,-999.0,-999.0,0,-999.0,-999.0,-999.0,0,0,-999.0,-999.0,-999.0,-999.0,0,-999.0,-999.0,-999.0,-999.0,-999.0,0,-999.0,-999.0,-999.0,0,0,0.7480329871177673,20.80929946899414,0.2371390014886856,-999.0,1,20.80929946899414,20.80929946899414,-999.0,-999.0,-999.0,0,22.369300842285156,0.2371390014886856,-999.0,1,4120,-999.0,-999.0,-999.0,-999.0,0,-999.0,-999.0,-999.0,-999.0,-999.0,0,-999.0,-999.0,-999.0,0,0,-999.0,-999.0,-999.0,-999.0,0,-999.0,-999.0,-999.0,-999.0,-999.0,0,-999.0,-999.0,-999.0,0,0,0.023985184693970447
PSO J139.5789+35.8896,-999,-999,-999,151061395788528168,3578835000186817,214022515515415,0,16486949117226,15106,1,2038,90,0.896772531696383,3578835,49831,3,1343750144,0,160,139.57886369,35.88964359,0.0010000000474974513,0.0010000000474974513,139.57886369,35.88964359,0.0010000000474974513,0.0010000000474974513,,,,,55629.26444444,-999.0,-0.6167647039905924,0.5253003518825868,0.5862259293339278,130.7757321818335,19.20198076779932,188.07370051070308,44.29923875532631,-999,1,0,0,0,0,0,0,-999.0,-999.0,-999.0,-999.0,0,-999.0,-999.0,-999.0,-999.0,-999.0,0,-999.0,-999.0,-999.0,0,16416,-999.0,-999.0,-999.0,-999.0,0,-999.0,-999.0,-999.0,-999.0,-999.0,0,-999.0,-999.0,-999.0,0,16416,-999.0,-999.0,-999.0,-999.0,0,-999.0,-999.0,-999.0,-999.0,-999.0,0,-999.0,-999.0,-999.0,0,114720,-999.0,-999.0,-999.0,-999.0,0,-999.0,-999.0,-999.0,-999.0,-999.0,0,-999.0,-999.0,-999.0,0,16416,-999.0,-999.0,-999.0,-999.0,0,-999.0,-999.0,-999.0,-999.0,-999.0,0,-999.0,-999.0,-999.0,0,16416,0.02521751208705244
PSO J139.5787+35.8892,-999,-999,-999,151061395786327685,3578835000019111,214022515346086,0,16486949116164,15106,1,2038,90,0.532666362386817,3578835,49831,3,268959744,0,32,-999.0,-999.0,-999.0,-999.0,139.5786658,35.88923363,0.20975999534130096,0.20975999534130096,,,,,55249.29138889,-999.0,-0.6167660829589242,0.525305201818871,0.5862201325897473,130.7757105866766,19.201541047469593,188.07425347937314,44.2990460307672,-999,0,1,0,0,1,0,0,-999.0,-999.0,-999.0,-999.0,0,-999.0,-999.0,-999.0,-999.0,-999.0,0,-999.0,-999.0,-999.0,0,0,-999.0,-999.0,-999.0,-999.0,0,-999.0,-999.0,-999.0,-999.0,-999.0,0,-999.0,-999.0,-999.0,0,0,0.775846004486084,20.963699340820312,0.2092220038175583,-999.0,1,20.963699340820312,20.963699340820312,-999.0,-999.0,-999.0,0,20.790700912475586,0.2092220038175583,-999.0,1,4120,-999.0,-999.0,-999.0,-999.0,0,-999.0,-999.0,-999.0,-999.0,-999.0,0,-999.0,-999.0,-999.0,0,0,-999.0,-999.0,-999.0,-999.0,0,-999.0,-999.0,-999.0,-999.0,-999.0,0,-999.0,-999.0,-999.0,0,0,0.025648538523806268
PSO J139.5785+35.8863,-999,-999,-999,151061395784514165,3578835000019067,214022515346042,0,16486949101519,15106,1,2038,90,0.178601109589079,3578835,49831,3,268959744,0,32,-999.0,-999.0,-999.0,-999.0,139.57848486,35.88631339,0.27911001443862915,0.27911001443862915,,,,,55248.28778935,-999.0,-0.6167871694780835,0.5253265221779406,0.5861788401705094,130.776555125386,19.198728008898318,188.07830405658925,44.29866531598464,-999,0,1,0,0,1,0,0,-999.0,-999.0,-999.0,-999.0,0,-999.0,-999.0,-999.0,-999.0,-999.0,0,-999.0,-999.0,-999.0,0,0,-999.0,-999.0,-999.0,-999.0,0,-999.0,-999.0,-999.0,-999.0,-999.0,0,-999.0,-999.0,-999.0,0,0,0.786512017250061,21.539899826049805,0.27870500087738037,-999.0,1,21.539899826049805,21.539899826049805,-999.0,-999.0,-999.0,1,21.64739990234375,0.27870500087738037,-999.0,1,4120,-999.0,-999.0,-999.0,-999.0,0,-999.0,-999.0,-999.0,-999.0,-999.0,0,-999.0,-999.0,-999.0,0,0,-999.0,-999.0,-999.0,-999.0,0,-999.0,-999.0,-999.0,-999.0,-999.0,0,-999.0,-999.0,-999.0,0,0,0.028216350047650746
PSO J139.5784+35.8905,-999,-999,-999,151061395783899193,3578835000019053,214022515346028,0,16486949117366,15106,1,2038,90,0.162672794575498,3578835,49831,3,268513280,0,32,-999.0,-999.0,-999.0,-999.0,139.57841203,35.89049856,0.02290000021457672,0.02290000021457672,,,,,55250.26215278,-999.0,-0.6167539034216063,0.5252995416755791,0.5862380183250131,130.77507486332235,19.202673253262574,188.07246872989344,44.29894267765945,-999,0,1,0,0,0,0,1,-999.0,-999.0,-999.0,-999.0,0,-999.0,-999.0,-999.0,-999.0,-999.0,0,-999.0,-999.0,-999.0,0,0,-999.0,-999.0,-999.0,-999.0,0,-999.0,-999.0,-999.0,-999.0,-999.0,0,-999.0,-999.0,-999.0,0,0,-999.0,-999.0,-999.0,-999.0,0,-999.0,-999.0,-999.0,-999.0,-999.0,0,-999.0,-999.0,-999.0,0,0,-999.0,-999.0,-999.0,-999.0,0,-999.0,-999.0,-999.0,-999.0,-999.0,0,-999.0,-999.0,-999.0,0,0,0.9979079961776733,16.499900817871094,0.017308000475168228,-999.0,1,16.499900817871094,16.499900817871094,17.41830062866211,0.05407999828457832,-999.0,1,17.356000900268555,0.017308000475168228,-999.0,1,16,0.024714221627896243
PSO J139.5781+35.8835,-999,-999,-999,151061395781380832,3578835000018999,214022515345974,0,16486949100378,15106,1,2038,90,0.904424320817389,3578835,49831,3,268959744,0,32,-999.0,-999.0,-999.0,-999.0,139.57814916,35.88350545,0.1728300005197525,0.1728300005197525,,,,,56759.31069444,-999.0,-0.6168059606651187,0.5253487624363555,0.5861391342459311,130.77723573532242,19.195981127329592,188.0821840941113,44.29816849527018,-999,0,1,0,0,1,0,0,-999.0,-999.0,-999.0,-999.0,0,-999.0,-999.0,-999.0,-999.0,-999.0,0,-999.0,-999.0,-999.0,0,0,-999.0,-999.0,-999.0,-999.0,0,-999.0,-999.0,-999.0,-999.0,-999.0,0,-999.0,-999.0,-999.0,0,0,0.6539419889450073,16.434200286865234,0.17218300700187683,-999.0,1,16.434200286865234,16.434200286865234,-999.0,-999.0,-999.0,0,16.923099517822266,0.17218300700187683,-999.0,1,4112,-999.0,-999.0,-999.0,-999.0,0,-999.0,-999.0,-999.0,-999.0,-999.0,0,-999.0,-999.0,-999.0,0,0,-999.0,-999.0,-999.0,-999.0,0,-999.0,-999.0,-999.0,-999.0,-999.0,0,-999.0,-999.0,-999.0,0,0,0.030806392630907994
PSO J139.5780+35.8875,-999,-999,-999,151061395779925608,3578835000018959,214022515345934,0,16486949101172,15106,1,2038,90,0.689617876605706,3578835,49831,3,268959744,0,32,-999.0,-999.0,-999.0,-999.0,139.57796142,35.88745288,0.14780999720096588,0.14780999720096588,,,,,55250.29050926,-999.0,-0.6167734950943888,0.5253245977751779,0.5861949528283227,130.77574287597673,19.19967134298014,188.076669484253,44.29833417036768,-999,0,3,0,1,2,0,0,-999.0,-999.0,-999.0,-999.0,0,-999.0,-999.0,-999.0,-999.0,-999.0,0,-999.0,-999.0,-999.0,0,0,0.8409649729728699,21.947799682617188,0.3137910068035126,-999.0,1,21.947799682617188,21.947799682617188,-999.0,-999.0,-999.0,1,22.75309944152832,0.3137910068035126,-999.0,1,4120,0.8395900130271912,20.512300491333008,0.059092000126838684,0.08464299887418747,2,20.443700790405273,20.561899185180664,-999.0,-999.0,-999.0,1,22.40850067138672,0.06961800158023834,0.09973099827766418,2,4112,-999.0,-999.0,-999.0,-999.0,0,-999.0,-999.0,-999.0,-999.0,-999.0,0,-999.0,-999.0,-999.0,0,0,-999.0,-999.0,-999.0,-999.0,0,-999.0,-999.0,-999.0,-999.0,-999.0,0,-999.0,-999.0,-999.0,0,0,0.02745742984122221
PSO J139.5776+35.8882,-999,-999,-999,151061395776046484,3578835000018866,214022515345841,0,16486949099261,15106,1,2038,90,0.022844502723631,3578835,49831,3,302067712,0,36,-999.0,-999.0,-999.0,-999.0,139.57762656,35.88822152,0.15129999816417694,0.15129999816417694,,,,,56759.31069444,-999.0,-0.6167644380846322,0.5253231032554652,0.5862058214485726,130.77520978584693,19.20031240253526,188.07556855449565,44.29812550831625,-999,0,1,0,0,1,0,0,-999.0,-999.0,-999.0,-999.0,0,-999.0,-999.0,-999.0,-999.0,-999.0,0,-999.0,-999.0,-999.0,0,0,-999.0,-999.0,-999.0,-999.0,0,-999.0,-999.0,-999.0,-999.0,-999.0,0,-999.0,-999.0,-999.0,0,0,0.9975110292434692,16.598800659179688,0.1505579948425293,-999.0,1,16.598800659179688,16.598800659179688,16.15169906616211,0.227960005402565,-999.0,1,16.341299057006836,0.1505579948425293,-999.0,1,272,-999.0,-999.0,-999.0,-999.0,0,-999.0,-999.0,-999.0,-999.0,-999.0,0,-999.0,-999.0,-999.0,0,0,-999.0,-999.0,-999.0,-999.0,0,-999.0,-999.0,-999.0,-999.0,-999.0,0,-999.0,-999.0,-999.0,0,0,0.026956293806839244
PSO J139.5772+35.8843,-999,-999,-999,151061395771351793,3578835000018747,214022515345722,0,16486949100262,15106,1,2038,90,0.921677865015043,3578835,49831,3,268959744,0,32,-999.0,-999.0,-999.0,-999.0,139.57716964,35.88432478,0.2260199934244156,0.2260199934244156,,,,,55249.29138889,-999.0,-0.6167905983372561,0.5253538721774974,0.5861507201999153,130.7761615829715,19.196502721886212,188.08095387718416,44.29744333284889,-999,0,1,0,0,1,0,0,-999.0,-999.0,-999.0,-999.0,0,-999.0,-999.0,-999.0,-999.0,-999.0,0,-999.0,-999.0,-999.0,0,0,-999.0,-999.0,-999.0,-999.0,0,-999.0,-999.0,-999.0,-999.0,-999.0,0,-999.0,-999.0,-999.0,0,0,0.8085070252418518,21.079500198364258,0.2255209982395172,-999.0,1,21.079500198364258,21.079500198364258,-999.0,-999.0,-999.0,0,21.222900390625,0.2255209982395172,-999.0,1,4120,-999.0,-999.0,-999.0,-999.0,0,-999.0,-999.0,-999.0,-999.0,-999.0,0,-999.0,-999.0,-999.0,0,0,-999.0,-999.0,-999.0,-999.0,0,-999.0,-999.0,-999.0,-999.0,-999.0,0,-999.0,-999.0,-999.0,0,0,0.030471419776569975
PSO J139.5771+35.8847,-999,-999,-999,151061395770412285,3578835000018723,214022515345698,0,16486949100052,15106,1,2038,90,0.255962069384718,3578835,49831,3,268959744,0,32,-999.0,-999.0,-999.0,-999.0,139.57705596,35.88474962,0.2165299952030182,0.2165299952030182,,,,,56344.39150463,-999.0,-0.6167862472820453,0.5253522777310317,0.5861567277158461,130.7759249608439,19.196875596594737,188.08035187166607,44.2973856858853,-999,0,1,0,1,0,0,0,-999.0,-999.0,-999.0,-999.0,0,-999.0,-999.0,-999.0,-999.0,-999.0,0,-999.0,-999.0,-999.0,0,0,0.5946120023727417,21.0393009185791,0.21601200103759766,-999.0,1,21.0393009185791,21.0393009185791,-999.0,-999.0,-999.0,0,22.07110023498535,0.21601200103759766,-999.0,1,4120,-999.0,-999.0,-999.0,-999.0,0,-999.0,-999.0,-999.0,-999.0,-999.0,0,-999.0,-999.0,-999.0,0,0,-999.0,-999.0,-999.0,-999.0,0,-999.0,-999.0,-999.0,-999.0,-999.0,0,-999.0,-999.0,-999.0,0,0,-999.0,-999.0,-999.0,-999.0,0,-999.0,-999.0,-999.0,-999.0,-999.0,0,-999.0,-999.0,-999.0,0,0,0.03015023460761539
PSO J139.5768+35.8860,-999,-999,-999,151061395767973744,3578835000018671,214022515345646,0,16486949100579,15106,1,2038,90,0.182307033969375,3578835,49831,3,302067712,0,36,-999.0,-999.0,-999.0,-999.0,139.57681998,35.88595514,0.14616000652313232,0.14616000652313232,,,,,56759.28498843,-999.0,-0.6167746946613071,0.5253468209203137,0.5861737743829651,130.7753238927469,19.19795615785961,188.07865151499936,44.29729202827434,-999,0,1,0,0,1,0,0,-999.0,-999.0,-999.0,-999.0,0,-999.0,-999.0,-999.0,-999.0,-999.0,0,-999.0,-999.0,-999.0,0,0,-999.0,-999.0,-999.0,-999.0,0,-999.0,-999.0,-999.0,-999.0,-999.0,0,-999.0,-999.0,-999.0,0,0,0.8649539947509766,19.82859992980957,0.1453929990530014,-999.0,1,19.82859992980957,19.82859992980957,-999.0,-999.0,-999.0,0,20.938400268554688,0.1453929990530014,-999.0,1,272,-999.0,-999.0,-999.0,-999.0,0,-999.0,-999.0,-999.0,-999.0,-999.0,0,-999.0,-999.0,-999.0,0,0,-999.0,-999.0,-999.0,-999.0,0,-999.0,-999.0,-999.0,-999.0,-999.0,0,-999.0,-999.0,-999.0,0,0,0.02921764737133674
PSO J139.5766+35.8871,-999,-999,-999,151061395765945121,3578835000018619,214022515345594,0,16486949099302,15106,1,2038,90,0.594547899993647,3578835,49831,3,268513280,0,32,-999.0,-999.0,-999.0,-999.0,139.5766147,35.88710186,0.015869999304413795,0.015869999304413795,,,,,55249.34458333,-999.0,-0.6167638812762521,0.5253414234020226,0.5861899893473018,130.77476773359044,19.198988999605255,188.07703584503517,44.297218417769784,-999,0,1,1,0,0,0,0,0.9974499940872192,17.581600189208984,0.005057999864220619,-999.0,1,17.581600189208984,17.581600189208984,18.44879913330078,0.013950999826192856,-999.0,1,18.082799911499023,0.005057999864220619,-999.0,1,24,-999.0,-999.0,-999.0,-999.0,0,-999.0,-999.0,-999.0,-999.0,-999.0,0,-999.0,-999.0,-999.0,0,0,-999.0,-999.0,-999.0,-999.0,0,-999.0,-999.0,-999.0,-999.0,-999.0,0,-999.0,-999.0,-999.0,0,0,-999.0,-999.0,-999.0,-999.0,0,-999.0,-999.0,-999.0,-999.0,-999.0,0,-999.0,-999.0,-999.0,0,0,-999.0,-999.0,-999.0,-999.0,0,-999.0,-999.0,-999.0,-999.0,-999.0,0,-999.0,-999.0,-999.0,0,0,0.028342278933657008
PSO J139.5760+35.8868,-999,-999,-999,151061395759664776,3578835000018466,214022515345441,0,16486949098921,15106,1,2038,90,0.45213876986144,3578835,49831,3,268513280,0,32,-999.0,-999.0,-999.0,-999.0,139.57598583,35.88681441,0.01551000028848648,0.01551000028848648,,,,,55249.34458333,-999.0,-0.6167603539592915,0.5253500998576474,0.5861859247402391,130.77435431906997,19.19855335839259,188.0773789526799,44.296687468935964,-999,0,1,1,0,0,0,0,0.9427139759063721,17.209400177001953,0.0035250000655651093,-999.0,1,17.209400177001953,17.209400177001953,17.420900344848633,0.006525000091642141,-999.0,1,17.84440040588379,0.0035250000655651093,-999.0,1,24,-999.0,-999.0,-999.0,-999.0,0,-999.0,-999.0,-999.0,-999.0,-999.0,0,-999.0,-999.0,-999.0,0,0,-999.0,-999.0,-999.0,-999.0,0,-999.0,-999.0,-999.0,-999.0,-999.0,0,-999.0,-999.0,-999.0,0,0,-999.0,-999.0,-999.0,-999.0,0,-999.0,-999.0,-999.0,-999.0,-999.0,0,-999.0,-999.0,-999.0,0,0,-999.0,-999.0,-999.0,-999.0,0,-999.0,-999.0,-999.0,-999.0,-999.0,0,-999.0,-999.0,-999.0,0,0,0.02886415646956104
PSO J139.5754+35.8857,-999,-999,-999,151061395753903450,3578835000018310,214022515345285,0,16486949106226,15106,1,2038,90,0.676799306344985,3578835,49831,3,268959744,0,32,-999.0,-999.0,-999.0,-999.0,139.57544078,35.88570414,0.30557000637054443,0.30557000637054443,,,,,55249.27078704,-999.0,-0.6167640033859207,0.5253633326478521,0.5861702251364481,130.77428838088926,19.197360117702267,188.0788755639345,44.29615805749192,-999,0,1,0,0,0,0,1,-999.0,-999.0,-999.0,-999.0,0,-999.0,-999.0,-999.0,-999.0,-999.0,0,-999.0,-999.0,-999.0,0,0,-999.0,-999.0,-999.0,-999.0,0,-999.0,-999.0,-999.0,-999.0,-999.0,0,-999.0,-999.0,-999.0,0,0,-999.0,-999.0,-999.0,-999.0,0,-999.0,-999.0,-999.0,-999.0,-999.0,0,-999.0,-999.0,-999.0,0,0,-999.0,-999.0,-999.0,-999.0,0,-999.0,-999.0,-999.0,-999.0,-999.0,0,-999.0,-999.0,-999.0,0,0,0.6080120205879211,19.882299423217773,0.30520099401474,-999.0,1,19.882299423217773,19.882299423217773,-999.0,-999.0,-999.0,0,21.63599967956543,0.30520099401474,-999.0,1,4112,0.030032744832719074
PSO J139.5752+35.8909,-999,-999,-999,151061395752279638,3578835000018282,214022515345257,0,16486949116480,15106,1,2038,90,0.395548425983217,3578835,49831,3,268959744,0,32,-999.0,-999.0,-999.0,-999.0,139.57524101,35.89086935,0.2355400025844574,0.2355400025844574,,,,,56271.62,-999.0,-0.6167219418037603,0.525331214830834,0.586243261131554,130.77237229591594,19.20220070341377,188.07166410922898,44.29641178825911,-999,0,1,0,0,0,1,0,-999.0,-999.0,-999.0,-999.0,0,-999.0,-999.0,-999.0,-999.0,-999.0,0,-999.0,-999.0,-999.0,0,0,-999.0,-999.0,-999.0,-999.0,0,-999.0,-999.0,-999.0,-999.0,-999.0,0,-999.0,-999.0,-999.0,0,0,-999.0,-999.0,-999.0,-999.0,0,-999.0,-999.0,-999.0,-999.0,-999.0,0,-999.0,-999.0,-999.0,0,0,0.8254370093345642,20.998600006103516,0.23505899310112,-999.0,1,20.998600006103516,20.998600006103516,20.750600814819336,0.25711899995803833,-999.0,1,20.64579963684082,0.23505899310112,-999.0,1,4120,-999.0,-999.0,-999.0,-999.0,0,-999.0,-999.0,-999.0,-999.0,-999.0,0,-999.0,-999.0,-999.0,0,0,0.02598620315656673
PSO J139.5747+35.8878,-999,-999,-999,151061395747205910,3578835000018157,214022515345132,0,16486949098614,15106,1,2038,90,0.0405089948703619,3578835,49831,3,310456320,0,37,-999.0,-999.0,-999.0,-999.0,139.57473327,35.88775535,0.18278999626636505,0.18278999626636505,,,,,56331.35887731,-999.0,-0.6167415405924461,0.5253573403933769,0.5861992297866433,130.77301702803777,19.19911922939078,188.0759546105821,44.29575158869816,-999,0,1,1,0,0,0,0,0.9997140169143677,21.959800720214844,0.1821729987859726,-999.0,1,21.959800720214844,21.959800720214844,21.033599853515625,0.18618999421596527,-999.0,1,21.11680030822754,0.1821729987859726,-999.0,1,16777496,-999.0,-999.0,-999.0,-999.0,0,-999.0,-999.0,-999.0,-999.0,-999.0,0,-999.0,-999.0,-999.0,0,0,-999.0,-999.0,-999.0,-999.0,0,-999.0,-999.0,-999.0,-999.0,-999.0,0,-999.0,-999.0,-999.0,0,0,-999.0,-999.0,-999.0,-999.0,0,-999.0,-999.0,-999.0,-999.0,-999.0,0,-999.0,-999.0,-999.0,0,0,-999.0,-999.0,-999.0,-999.0,0,-999.0,-999.0,-999.0,-999.0,-999.0,0,-999.0,-999.0,-999.0,0,0,0.028683487873979542
PSO J139.5747+35.8848,-999,-999,-999,151061395746742318,3578835000018143,214022515345118,0,16486949109239,15106,1,2038,90,0.402801789718496,3578835,49831,3,268959744,0,32,-999.0,-999.0,-999.0,-999.0,139.57469162,35.88477726,0.25589001178741455,0.25589001178741455,,,,,56344.37971065,-999.0,-0.6167643525660067,0.525377545925228,0.5861571185624377,130.77399430618806,19.196287559110697,188.08009817049287,44.295478528914295,-999,0,1,0,1,0,0,0,-999.0,-999.0,-999.0,-999.0,0,-999.0,-999.0,-999.0,-999.0,-999.0,0,-999.0,-999.0,-999.0,0,0,0.646992027759552,21.6023006439209,0.25544899702072144,-999.0,1,21.6023006439209,21.6023006439209,-999.0,-999.0,-999.0,0,23.99489974975586,0.25544899702072144,-999.0,1,4120,-999.0,-999.0,-999.0,-999.0,0,-999.0,-999.0,-999.0,-999.0,-999.0,0,-999.0,-999.0,-999.0,0,0,-999.0,-999.0,-999.0,-999.0,0,-999.0,-999.0,-999.0,-999.0,-999.0,0,-999.0,-999.0,-999.0,0,0,-999.0,-999.0,-999.0,-999.0,0,-999.0,-999.0,-999.0,-999.0,-999.0,0,-999.0,-999.0,-999.0,0,0,0.03114066441144661
PSO J139.5746+35.8852,-999,-999,-999,151061395745442779,3578835000018110,214022515345085,0,16486949109101,15106,1,2038,90,0.47490504148873,3578835,49831,3,268959744,0,32,-999.0,-999.0,-999.0,-999.0,139.57456112,35.88515904,0.2464500069618225,0.2464500069618225,,,,,56344.35071759,-999.0,-0.6167601826670777,0.5253764179729213,0.586162517152381,130.77375864158142,19.19661528088391,188.07955461886698,44.2954038429108,-999,0,1,0,0,1,0,0,-999.0,-999.0,-999.0,-999.0,0,-999.0,-999.0,-999.0,-999.0,-999.0,0,-999.0,-999.0,-999.0,0,0,-999.0,-999.0,-999.0,-999.0,0,-999.0,-999.0,-999.0,-999.0,-999.0,0,-999.0,-999.0,-999.0,0,0,0.717441976070404,21.677499771118164,0.24598999321460724,-999.0,1,21.677499771118164,21.677499771118164,-999.0,-999.0,-999.0,0,-999.0,-999.0,-999.0,0,4120,-999.0,-999.0,-999.0,-999.0,0,-999.0,-999.0,-999.0,-999.0,-999.0,0,-999.0,-999.0,-999.0,0,0,-999.0,-999.0,-999.0,-999.0,0,-999.0,-999.0,-999.0,-999.0,-999.0,0,-999.0,-999.0,-999.0,0,0,0.030881986192245046
PSO J139.5740+35.8851,-999,-999,-999,151061395740042706,3578835000017984,214022515344959,0,16486949109114,15106,1,2038,90,0.156247453909598,3578835,49831,3,268959744,0,32,-999.0,-999.0,-999.0,-999.0,139.57402158,35.88509929,0.2738400101661682,0.2738400101661682,,,,,56344.36663194,-999.0,-0.616755700627403,0.5253826222129439,0.5861616722545517,130.77334049657287,19.196418525572327,188.07958871306357,44.29496332172856,-999,0,1,0,0,1,0,0,-999.0,-999.0,-999.0,-999.0,0,-999.0,-999.0,-999.0,-999.0,-999.0,0,-999.0,-999.0,-999.0,0,0,-999.0,-999.0,-999.0,-999.0,0,-999.0,-999.0,-999.0,-999.0,-999.0,0,-999.0,-999.0,-999.0,0,0,0.712211012840271,21.729999542236328,0.27342700958251953,-999.0,1,21.729999542236328,21.729999542236328,-999.0,-999.0,-999.0,0,22.364599227905273,0.27342700958251953,-999.0,1,4120,-999.0,-999.0,-999.0,-999.0,0,-999.0,-999.0,-999.0,-999.0,-999.0,0,-999.0,-999.0,-999.0,0,0,-999.0,-999.0,-999.0,-999.0,0,-999.0,-999.0,-999.0,-999.0,-999.0,0,-999.0,-999.0,-999.0,0,0,0.031177875935075653
PSO J139.5737+35.8896,-999,-999,-999,151061395737178178,3578835000017918,214022515344893,0,16486949124159,15106,1,2038,90,0.820546707902613,3578835,49831,3,310456320,0,37,-999.0,-999.0,-999.0,-999.0,139.57373688,35.88964812,0.17967000603675842,0.17967000603675842,,,,,55534.65986111,-999.0,-0.6167176625131909,0.5253555076533738,0.5862259933869632,130.77156473516567,19.20065322987953,188.07322807059023,44.295099067032055,-999,0,1,0,0,0,1,0,-999.0,-999.0,-999.0,-999.0,0,-999.0,-999.0,-999.0,-999.0,-999.0,0,-999.0,-999.0,-999.0,0,0,-999.0,-999.0,-999.0,-999.0,0,-999.0,-999.0,-999.0,-999.0,-999.0,0,-999.0,-999.0,-999.0,0,0,-999.0,-999.0,-999.0,-999.0,0,-999.0,-999.0,-999.0,-999.0,-999.0,0,-999.0,-999.0,-999.0,0,0,0.9299709796905518,20.322900772094727,0.17903900146484375,-999.0,1,20.322900772094727,20.322900772094727,20.121200561523438,0.19793400168418884,-999.0,1,19.381099700927734,0.17903900146484375,-999.0,1,16777496,-999.0,-999.0,-999.0,-999.0,0,-999.0,-999.0,-999.0,-999.0,-999.0,0,-999.0,-999.0,-999.0,0,0,0.027705589956607175
PSO J139.5735+35.8857,-999,-999,-999,151061395734583453,3578835000017854,214022515344829,0,16486949106445,15106,1,2038,90,0.872731448032643,3578835,49831,3,268959744,0,32,-999.0,-999.0,-999.0,-999.0,139.57347443,35.8857083,0.31060999631881714,0.31060999631881714,,,,,55249.30418981,-999.0,-0.6167459405327117,0.5253844716375303,0.5861702839607053,130.77268911682938,19.196853246673836,188.07869080037997,44.29457043735891,-999,0,1,0,1,0,0,0,-999.0,-999.0,-999.0,-999.0,0,-999.0,-999.0,-999.0,-999.0,-999.0,0,-999.0,-999.0,-999.0,0,0,0.6792269945144653,22.41390037536621,0.3102479875087738,-999.0,1,22.41390037536621,22.41390037536621,-999.0,-999.0,-999.0,0,22.78820037841797,0.3102479875087738,-999.0,1,4120,-999.0,-999.0,-999.0,-999.0,0,-999.0,-999.0,-999.0,-999.0,-999.0,0,-999.0,-999.0,-999.0,0,0,-999.0,-999.0,-999.0,-999.0,0,-999.0,-999.0,-999.0,-999.0,-999.0,0,-999.0,-999.0,-999.0,0,0,-999.0,-999.0,-999.0,-999.0,0,-999.0,-999.0,-999.0,-999.0,-999.0,0,-999.0,-999.0,-999.0,0,0,0.030936906218975047
PSO J139.5734+35.8838,-999,-999,-999,151061395734031163,3578835000017833,214022515344808,0,16486949109709,15106,1,2038,90,0.714534307564175,3578835,49831,3,268959744,0,32,-999.0,-999.0,-999.0,-999.0,139.57336321,35.88380302,0.3527899980545044,0.3527899980545044,,,,,55259.45824074,-999.0,-0.6167597584897178,0.5253983087022627,0.586143342127595,130.77324559437488,19.19501966483744,188.08133394626677,44.29432737216096,-999,0,1,0,0,1,0,0,-999.0,-999.0,-999.0,-999.0,0,-999.0,-999.0,-999.0,-999.0,-999.0,0,-999.0,-999.0,-999.0,0,0,-999.0,-999.0,-999.0,-999.0,0,-999.0,-999.0,-999.0,-999.0,-999.0,0,-999.0,-999.0,-999.0,0,0,0.5608230233192444,20.97570037841797,0.3524709939956665,-999.0,1,20.97570037841797,20.97570037841797,-999.0,-999.0,-999.0,0,20.6476993560791,0.3524709939956665,-999.0,1,4112,-999.0,-999.0,-999.0,-999.0,0,-999.0,-999.0,-999.0,-999.0,-999.0,0,-999.0,-999.0,-999.0,0,0,-999.0,-999.0,-999.0,-999.0,0,-999.0,-999.0,-999.0,-999.0,-999.0,0,-999.0,-999.0,-999.0,0,0,0.03254895744662659
PSO J139.5727+35.8867,-999,-999,-999,151061395727064686,3578835000017668,214022515344643,0,16486949106584,15106,1,2038,90,0.942977789736332,3578835,49831,3,268959744,0,32,-999.0,-999.0,-999.0,-999.0,139.572736,35.88674174,0.2519800066947937,0.2519800066947937,,,,,56049.25005787,-999.0,-0.6167311209436435,0.5253855639355227,0.5861848971679069,130.77173820856973,19.19764030357015,188.07718443337077,44.29405721122748,-999,0,1,0,0,0,0,1,-999.0,-999.0,-999.0,-999.0,0,-999.0,-999.0,-999.0,-999.0,-999.0,0,-999.0,-999.0,-999.0,0,0,-999.0,-999.0,-999.0,-999.0,0,-999.0,-999.0,-999.0,-999.0,-999.0,0,-999.0,-999.0,-999.0,0,0,-999.0,-999.0,-999.0,-999.0,0,-999.0,-999.0,-999.0,-999.0,-999.0,0,-999.0,-999.0,-999.0,0,0,-999.0,-999.0,-999.0,-999.0,0,-999.0,-999.0,-999.0,-999.0,-999.0,0,-999.0,-999.0,-999.0,0,0,0.6953989863395691,20.149099349975586,0.2515310049057007,-999.0,1,20.149099349975586,20.149099349975586,-999.0,-999.0,-999.0,0,-999.0,-999.0,-999.0,0,4120,0.03047110191733472
PSO J139.5727+35.8904,-999,-999,-999,151061395726939044,3578835000017669,214022515344644,0,16486949110902,15106,1,2038,90,0.944412578776863,3578835,49831,3,268959744,0,32,-999.0,-999.0,-999.0,-999.0,139.57271304,35.89036957,0.20342999696731567,0.20342999696731567,,,,,55250.33664352,-999.0,-0.616702655520756,0.525361741071204,0.5862361944577296,130.7704878406119,19.201070632206367,188.07213026678576,44.294330256291744,-999,0,1,1,0,0,0,0,0.7838889956474304,21.23349952697754,0.20287899672985077,-999.0,1,21.23349952697754,21.23349952697754,20.66469955444336,0.21114400029182434,-999.0,1,20.75629997253418,0.20287899672985077,-999.0,1,4120,-999.0,-999.0,-999.0,-999.0,0,-999.0,-999.0,-999.0,-999.0,-999.0,0,-999.0,-999.0,-999.0,0,0,-999.0,-999.0,-999.0,-999.0,0,-999.0,-999.0,-999.0,-999.0,-999.0,0,-999.0,-999.0,-999.0,0,0,-999.0,-999.0,-999.0,-999.0,0,-999.0,-999.0,-999.0,-999.0,-999.0,0,-999.0,-999.0,-999.0,0,0,-999.0,-999.0,-999.0,-999.0,0,-999.0,-999.0,-999.0,-999.0,-999.0,0,-999.0,-999.0,-999.0,0,0,0.02771525920092665
PSO J139.5727+35.8841,-999,-999,-999,151061395724591480,3578835000017597,214022515344572,0,16486949109607,15106,1,2038,90,0.21501891148744,3578835,49831,3,268959744,0,32,-999.0,-999.0,-999.0,-999.0,139.57268183,35.88411287,0.18297000229358673,0.18297000229358673,,,,,56047.87697917,-999.0,-0.6167510972809177,0.5254035877994269,0.5861477236416378,130.77258670452053,19.19513615211343,188.08084040630274,44.29380203094923,-999,0,2,0,1,0,1,0,-999.0,-999.0,-999.0,-999.0,0,-999.0,-999.0,-999.0,-999.0,-999.0,0,-999.0,-999.0,-999.0,0,0,0.6365349888801575,21.220199584960938,0.2293339967727661,-999.0,1,21.220199584960938,21.220199584960938,-999.0,-999.0,-999.0,0,21.775699615478516,0.2293339967727661,-999.0,1,4120,-999.0,-999.0,-999.0,-999.0,0,-999.0,-999.0,-999.0,-999.0,-999.0,0,-999.0,-999.0,-999.0,0,0,0.7483819723129272,20.9281005859375,0.30198898911476135,-999.0,1,20.9281005859375,20.9281005859375,-999.0,-999.0,-999.0,1,21.153200149536133,0.30198898911476135,-999.0,1,4120,-999.0,-999.0,-999.0,-999.0,0,-999.0,-999.0,-999.0,-999.0,-999.0,0,-999.0,-999.0,-999.0,0,0,0.0326081068309425
PSO J139.5724+35.8900,-999,-999,-999,151061395723608560,3578835000017577,214022515344552,0,16486949110984,15106,1,2038,90,0.792664231539391,3578835,49831,3,268959744,0,32,-999.0,-999.0,-999.0,-999.0,139.57237039,35.88997285,0.25409001111984253,0.25409001111984253,,,,,55249.31701389,-999.0,-0.6167026035590216,0.525368061459832,0.5862305849761358,130.77034410854918,19.20060585109581,188.07265157398405,44.2940216824783,-999,0,1,0,1,0,0,0,-999.0,-999.0,-999.0,-999.0,0,-999.0,-999.0,-999.0,-999.0,-999.0,0,-999.0,-999.0,-999.0,0,0,0.6162350177764893,21.601299285888672,0.25365200638771057,-999.0,1,21.601299285888672,21.601299285888672,-999.0,-999.0,-999.0,0,22.31329917907715,0.25365200638771057,-999.0,1,4120,-999.0,-999.0,-999.0,-999.0,0,-999.0,-999.0,-999.0,-999.0,-999.0,0,-999.0,-999.0,-999.0,0,0,-999.0,-999.0,-999.0,-999.0,0,-999.0,-999.0,-999.0,-999.0,-999.0,0,-999.0,-999.0,-999.0,0,0,-999.0,-999.0,-999.0,-999.0,0,-999.0,-999.0,-999.0,-999.0,-999.0,0,-999.0,-999.0,-999.0,0,0,0.028195192066550214
PSO J139.5723+35.8885,-999,-999,-999,151061395722716800,3578835000017546,214022515344521,0,16486949103868,15106,1,2038,90,0.797073456269757,3578835,49831,3,268959744,0,32,-999.0,-999.0,-999.0,-999.0,139.57228625,35.88850913,0.1945600062608719,0.1945600062608719,,,,,55250.32969907,-999.0,-0.6167132321554983,0.5253786788661714,0.5862098882458013,130.7707726970037,19.199197553871997,188.07468227340044,44.29383610229319,-999,0,1,1,0,0,0,0,0.6243780255317688,21.620399475097656,0.19398300349712372,-999.0,1,21.620399475097656,21.620399475097656,21.459699630737305,0.2098120003938675,-999.0,1,21.794599533081055,0.19398300349712372,-999.0,1,4120,-999.0,-999.0,-999.0,-999.0,0,-999.0,-999.0,-999.0,-999.0,-999.0,0,-999.0,-999.0,-999.0,0,0,-999.0,-999.0,-999.0,-999.0,0,-999.0,-999.0,-999.0,-999.0,-999.0,0,-999.0,-999.0,-999.0,0,0,-999.0,-999.0,-999.0,-999.0,0,-999.0,-999.0,-999.0,-999.0,-999.0,0,-999.0,-999.0,-999.0,0,0,-999.0,-999.0,-999.0,-999.0,0,-999.0,-999.0,-999.0,-999.0,-999.0,0,-999.0,-999.0,-999.0,0,0,0.029335042429795517
PSO J139.5722+35.8873,-999,-999,-999,151061395721685380,3578835000017504,214022515344479,0,16486949104448,15106,1,2038,90,0.862193778028892,3578835,49831,3,268959744,0,32,-999.0,-999.0,-999.0,-999.0,139.57218551,35.88730631,0.1890300065279007,0.1890300065279007,,,,,56331.37092593,-999.0,-0.6167216761989187,0.5253877436559696,0.5861928803068877,130.7710992087776,19.198032068647773,188.07634812647171,44.29365805543356,-999,0,1,1,0,0,0,0,0.6705080270767212,21.30459976196289,0.18842899799346924,-999.0,1,21.30459976196289,21.30459976196289,-999.0,-999.0,-999.0,0,20.968599319458008,0.18842899799346924,-999.0,1,4120,-999.0,-999.0,-999.0,-999.0,0,-999.0,-999.0,-999.0,-999.0,-999.0,0,-999.0,-999.0,-999.0,0,0,-999.0,-999.0,-999.0,-999.0,0,-999.0,-999.0,-999.0,-999.0,-999.0,0,-999.0,-999.0,-999.0,0,0,-999.0,-999.0,-999.0,-999.0,0,-999.0,-999.0,-999.0,-999.0,-999.0,0,-999.0,-999.0,-999.0,0,0,-999.0,-999.0,-999.0,-999.0,0,-999.0,-999.0,-999.0,-999.0,-999.0,0,-999.0,-999.0,-999.0,0,0,0.0303088956959584
PSO J139.5721+35.8860,-999,-999,-999,151061395720963771,3578835000017493,214022515344468,0,16486949106163,15106,1,2038,90,0.633939064698237,3578835,49831,3,268959744,0,32,-999.0,-999.0,-999.0,-999.0,139.57209636,35.88597287,-999.0,-999.0,,,,,-999.0,-999.0,-0.6167312434656795,0.5253975500898445,0.5861740250922639,130.7714794773622,19.19674586875726,188.07819692120736,44.29347883664887,-999,0,1,0,0,0,0,1,-999.0,-999.0,-999.0,-999.0,0,-999.0,-999.0,-999.0,-999.0,-999.0,0,-999.0,-999.0,-999.0,0,0,-999.0,-999.0,-999.0,-999.0,0,-999.0,-999.0,-999.0,-999.0,-999.0,0,-999.0,-999.0,-999.0,0,0,-999.0,-999.0,-999.0,-999.0,0,-999.0,-999.0,-999.0,-999.0,-999.0,0,-999.0,-999.0,-999.0,0,0,-999.0,-999.0,-999.0,-999.0,0,-999.0,-999.0,-999.0,-999.0,-999.0,0,-999.0,-999.0,-999.0,0,0,-999.0,-999.0,-999.0,-999.0,0,-999.0,-999.0,17.7322998046875,0.05267300084233284,-999.0,1,-999.0,-999.0,-999.0,0,16,0.03139609437827988
PSO J139.5721+35.8860,-999,-999,-999,151061395720953772,3578835000017492,214022515344467,0,16486949106163,15106,1,2038,90,0.320514760278645,3578835,49831,3,268959744,0,32,-999.0,-999.0,-999.0,-999.0,139.57209582,35.88597348,-999.0,-999.0,,,,,-999.0,-999.0,-0.6167312337633574,0.5253975518553593,0.5861740337179071,130.7714788314629,19.196746306279415,188.078196022584,44.293478449624814,-999,0,1,0,0,0,0,1,-999.0,-999.0,-999.0,-999.0,0,-999.0,-999.0,-999.0,-999.0,-999.0,0,-999.0,-999.0,-999.0,0,0,-999.0,-999.0,-999.0,-999.0,0,-999.0,-999.0,-999.0,-999.0,-999.0,0,-999.0,-999.0,-999.0,0,0,-999.0,-999.0,-999.0,-999.0,0,-999.0,-999.0,-999.0,-999.0,-999.0,0,-999.0,-999.0,-999.0,0,0,-999.0,-999.0,-999.0,-999.0,0,-999.0,-999.0,-999.0,-999.0,-999.0,0,-999.0,-999.0,-999.0,0,0,-999.0,-999.0,-999.0,-999.0,0,-999.0,-999.0,17.726299285888672,0.052606001496315,-999.0,1,-999.0,-999.0,-999.0,0,16,0.03139588159641942
PSO J139.5718+35.8866,-999,-999,-999,151061395718224575,3578835000017437,214022515344412,0,16486949106073,15106,1,2038,90,0.14692362597857,3578835,49831,3,268959744,0,32,-999.0,-999.0,-999.0,-999.0,139.57183386,35.88663198,0.22933000326156616,0.22933000326156616,,,,,56331.35887731,-999.0,-0.6167237033087845,0.5253960027134537,0.5861833451317284,130.77104240084708,19.197301993555445,188.07725517274488,44.293319858270706,-999,0,1,1,0,0,0,0,0.7375500202178955,21.69849967956543,0.22884300351142883,-999.0,1,21.69849967956543,21.69849967956543,-999.0,-999.0,-999.0,0,21.216299057006836,0.22884300351142883,-999.0,1,4120,-999.0,-999.0,-999.0,-999.0,0,-999.0,-999.0,-999.0,-999.0,-999.0,0,-999.0,-999.0,-999.0,0,0,-999.0,-999.0,-999.0,-999.0,0,-999.0,-999.0,-999.0,-999.0,-999.0,0,-999.0,-999.0,-999.0,0,0,-999.0,-999.0,-999.0,-999.0,0,-999.0,-999.0,-999.0,-999.0,-999.0,0,-999.0,-999.0,-999.0,0,0,-999.0,-999.0,-999.0,-999.0,0,-999.0,-999.0,-999.0,-999.0,-999.0,0,-999.0,-999.0,-999.0,0,0,0.031011770626955825
PSO J139.5718+35.8901,-999,-999,-999,151061395717528668,3578835000017422,214022515344397,0,16486949111632,15106,1,2038,90,0.820546163078906,3578835,49831,3,268959744,0,32,-999.0,-999.0,-999.0,-999.0,139.57176523,35.89006405,0.27948999404907227,0.27948999404907227,,,,,55249.32226852,-999.0,-0.6166963442545356,0.5253739699358578,0.5862318745146222,130.76982140834585,19.20053504059786,188.07246953055682,44.29354032974941,-999,0,1,0,1,0,0,0,-999.0,-999.0,-999.0,-999.0,0,-999.0,-999.0,-999.0,-999.0,-999.0,0,-999.0,-999.0,-999.0,0,0,0.027993999421596527,22.116899490356445,0.2790899872779846,-999.0,1,22.116899490356445,22.116899490356445,-999.0,-999.0,-999.0,0,22.350900650024414,0.2790899872779846,-999.0,1,4120,-999.0,-999.0,-999.0,-999.0,0,-999.0,-999.0,-999.0,-999.0,-999.0,0,-999.0,-999.0,-999.0,0,0,-999.0,-999.0,-999.0,-999.0,0,-999.0,-999.0,-999.0,-999.0,-999.0,0,-999.0,-999.0,-999.0,0,0,-999.0,-999.0,-999.0,-999.0,0,-999.0,-999.0,-999.0,-999.0,-999.0,0,-999.0,-999.0,-999.0,0,0,0.02846249601417901
PSO J139.5712+35.8854,-999,-999,-999,151061395712243099,3578835000017298,214022515344273,0,16486949109261,15106,1,2038,90,0.123800888772868,3578835,49831,3,268959744,0,32,-999.0,-999.0,-999.0,-999.0,139.5712383,35.8854267,0.34196001291275024,0.34196001291275024,,,,,55250.288125,-999.0,-0.6167276284457748,0.5254104097813256,0.5861663020040215,130.7709676436129,19.196005639138303,188.07887937482877,44.292741969205515,-999,0,1,0,0,1,0,0,-999.0,-999.0,-999.0,-999.0,0,-999.0,-999.0,-999.0,-999.0,-999.0,0,-999.0,-999.0,-999.0,0,0,-999.0,-999.0,-999.0,-999.0,0,-999.0,-999.0,-999.0,-999.0,-999.0,0,-999.0,-999.0,-999.0,0,0,0.739886999130249,21.214000701904297,0.34163200855255127,-999.0,1,21.214000701904297,21.214000701904297,20.962900161743164,0.31673601269721985,-999.0,1,20.951400756835938,0.34163200855255127,-999.0,1,4112,-999.0,-999.0,-999.0,-999.0,0,-999.0,-999.0,-999.0,-999.0,-999.0,0,-999.0,-999.0,-999.0,0,0,-999.0,-999.0,-999.0,-999.0,0,-999.0,-999.0,-999.0,-999.0,-999.0,0,-999.0,-999.0,-999.0,0,0,0.032254758823766536
PSO J139.5707+35.8852,-999,-999,-999,151061395706112809,3578835000186723,214022515515321,0,16486949102857,15106,1,2038,90,0.615458678096029,3578835,49831,3,404226048,0,48,139.57065546,35.88519576,0.0010000000474974513,0.0010000000474974513,139.57065546,35.88519576,0.0010000000474974513,0.0010000000474974513,,,,,55677.96204861,-999.0,-0.6167240821391891,0.5254182155921758,0.5861630363930403,130.77057242988562,19.19563549102516,188.07914789710563,44.29225270921827,-999,2,0,0,0,0,0,0,-999.0,-999.0,-999.0,-999.0,0,-999.0,-999.0,-999.0,-999.0,-999.0,0,-999.0,-999.0,-999.0,0,16416,-999.0,-999.0,-999.0,-999.0,0,-999.0,-999.0,-999.0,-999.0,-999.0,0,-999.0,-999.0,-999.0,0,16416,-999.0,-999.0,-999.0,-999.0,0,-999.0,-999.0,-999.0,-999.0,-999.0,0,-999.0,-999.0,-999.0,0,114720,-999.0,-999.0,-999.0,-999.0,0,-999.0,-999.0,-999.0,-999.0,-999.0,0,-999.0,-999.0,-999.0,0,114720,-999.0,-999.0,-999.0,-999.0,0,-999.0,-999.0,-999.0,-999.0,-999.0,0,-999.0,-999.0,-999.0,0,16416,0.032729305537863476
PSO J139.5704+35.8873,-999,-999,-999,151061395703825350,3578835000017137,214022515344112,0,16486949104308,15106,1,2038,90,0.955387708689447,3578835,49831,3,268959744,0,32,-999.0,-999.0,-999.0,-999.0,139.57039727,35.88728543,0.22588999569416046,0.22588999569416046,,,,,56614.57135417,-999.0,-0.6167054408026482,0.5254071302378205,0.5861925850602935,130.76965319372516,19.19754777762707,188.0762144498693,44.292212286401934,-999,0,1,0,0,0,1,0,-999.0,-999.0,-999.0,-999.0,0,-999.0,-999.0,-999.0,-999.0,-999.0,0,-999.0,-999.0,-999.0,0,0,-999.0,-999.0,-999.0,-999.0,0,-999.0,-999.0,-999.0,-999.0,-999.0,0,-999.0,-999.0,-999.0,0,0,-999.0,-999.0,-999.0,-999.0,0,-999.0,-999.0,-999.0,-999.0,-999.0,0,-999.0,-999.0,-999.0,0,0,0.8459349870681763,21.577299118041992,0.2253900021314621,-999.0,1,21.577299118041992,21.577299118041992,-999.0,-999.0,-999.0,0,21.48539924621582,0.2253900021314621,-999.0,1,4120,-999.0,-999.0,-999.0,-999.0,0,-999.0,-999.0,-999.0,-999.0,-999.0,0,-999.0,-999.0,-999.0,0,0,0.03126277136537425
PSO J139.5704+35.8879,-999,-999,-999,151061395703406038,3578835000017131,214022515344106,0,16486949104428,15106,1,2038,90,0.265699477182421,3578835,49831,3,302067712,0,36,-999.0,-999.0,-999.0,-999.0,139.57037242,35.88787615,0.1894800066947937,0.1894800066947937,,,,,55249.27831019,-999.0,-0.616700612447711,0.5254034782940576,0.5862009379070661,130.7694324519708,19.198100857502283,188.07538958776766,44.29223972021978,-999,0,2,0,1,0,0,1,-999.0,-999.0,-999.0,-999.0,0,-999.0,-999.0,-999.0,-999.0,-999.0,0,-999.0,-999.0,-999.0,0,0,0.7329879999160767,21.89550018310547,0.2831459939479828,-999.0,1,21.89550018310547,21.89550018310547,-999.0,-999.0,-999.0,0,22.560800552368164,0.2831459939479828,-999.0,1,4120,-999.0,-999.0,-999.0,-999.0,0,-999.0,-999.0,-999.0,-999.0,-999.0,0,-999.0,-999.0,-999.0,0,0,-999.0,-999.0,-999.0,-999.0,0,-999.0,-999.0,-999.0,-999.0,-999.0,0,-999.0,-999.0,-999.0,0,0,0.9986550211906433,19.514699935913086,0.1888830065727234,-999.0,1,19.514699935913086,19.514699935913086,19.254600524902344,0.27960699796676636,-999.0,1,19.111000061035156,0.1888830065727234,-999.0,1,272,0.03083531676840831
PSO J139.5698+35.8907,-999,-999,-999,151061395697409440,3578835000017001,214022515343976,0,16486949111431,15106,1,2038,90,0.337465332203978,3578835,49831,3,268959744,0,32,-999.0,-999.0,-999.0,-999.0,139.56975989,35.89068942,0.023959999904036522,0.023959999904036522,,,,,55248.25677083,-999.0,-0.6166730852867908,0.5253914042021139,0.5862407170040319,130.76797960807966,19.20060650295475,188.07141627024407,44.29197123362453,-999,0,1,0,0,0,0,1,-999.0,-999.0,-999.0,-999.0,0,-999.0,-999.0,-999.0,-999.0,-999.0,0,-999.0,-999.0,-999.0,0,0,-999.0,-999.0,-999.0,-999.0,0,-999.0,-999.0,-999.0,-999.0,-999.0,0,-999.0,-999.0,-999.0,0,0,-999.0,-999.0,-999.0,-999.0,0,-999.0,-999.0,-999.0,-999.0,-999.0,0,-999.0,-999.0,-999.0,0,0,-999.0,-999.0,-999.0,-999.0,0,-999.0,-999.0,-999.0,-999.0,-999.0,0,-999.0,-999.0,-999.0,0,0,0.8438109755516052,16.695899963378906,0.018681000918149948,-999.0,1,16.695899963378906,16.695899963378906,17.01740074157715,0.028596000745892525,-999.0,1,16.96150016784668,0.018681000918149948,-999.0,1,4120,0.029168157939397876
PSO J139.5694+35.8890,-999,-999,-999,151061395694187404,3578835000016922,214022515343897,0,16486949103914,15106,1,2038,90,0.633353823454449,3578835,49831,3,277348352,0,33,-999.0,-999.0,-999.0,-999.0,139.56942976,35.8889893,0.23681999742984772,0.23681999742984772,,,,,56331.35887731,-999.0,-0.6166832989762745,0.5254062384758122,0.586216677803043,130.7682885492668,19.19891038472036,188.07375370615227,44.291567987413025,-999,0,1,1,0,0,0,0,0.0,21.879899978637695,0.23634600639343262,-999.0,1,21.879899978637695,21.879899978637695,-999.0,-999.0,-999.0,0,21.17329978942871,0.23634600639343262,-999.0,1,16781336,-999.0,-999.0,-999.0,-999.0,0,-999.0,-999.0,-999.0,-999.0,-999.0,0,-999.0,-999.0,-999.0,0,0,-999.0,-999.0,-999.0,-999.0,0,-999.0,-999.0,-999.0,-999.0,-999.0,0,-999.0,-999.0,-999.0,0,0,-999.0,-999.0,-999.0,-999.0,0,-999.0,-999.0,-999.0,-999.0,-999.0,0,-999.0,-999.0,-999.0,0,0,-999.0,-999.0,-999.0,-999.0,0,-999.0,-999.0,-999.0,-999.0,-999.0,0,-999.0,-999.0,-999.0,0,0,0.030549775471622354
PSO J139.5693+35.8846,-999,-999,-999,151061395692682151,3578835000016893,214022515343868,0,16486949103017,15106,1,2038,90,0.146758359993583,3578835,49831,3,268959744,0,32,-999.0,-999.0,-999.0,-999.0,139.56927808,35.88462986,0.2149599939584732,0.2149599939584732,,,,,55259.44527778,-999.0,-0.6167158578305701,0.5254367959537584,0.5861550342342481,130.7696452809527,19.194741678175575,188.07981048187997,44.291094846481194,-999,0,1,0,0,1,0,0,-999.0,-999.0,-999.0,-999.0,0,-999.0,-999.0,-999.0,-999.0,-999.0,0,-999.0,-999.0,-999.0,0,0,-999.0,-999.0,-999.0,-999.0,0,-999.0,-999.0,-999.0,-999.0,-999.0,0,-999.0,-999.0,-999.0,0,0,0.5702319741249084,20.987600326538086,0.21443499624729156,-999.0,1,20.987600326538086,20.987600326538086,-999.0,-999.0,-999.0,0,21.46489906311035,0.21443499624729156,-999.0,1,4120,-999.0,-999.0,-999.0,-999.0,0,-999.0,-999.0,-999.0,-999.0,-999.0,0,-999.0,-999.0,-999.0,0,0,-999.0,-999.0,-999.0,-999.0,0,-999.0,-999.0,-999.0,-999.0,-999.0,0,-999.0,-999.0,-999.0,0,0,0.033872292265298025
PSO J139.5692+35.8898,-999,-999,-999,151061395692148359,3578835000016878,214022515343853,0,16486949111340,15106,1,2038,90,0.0927285282804896,3578835,49831,3,268959744,0,32,-999.0,-999.0,-999.0,-999.0,139.56922751,35.88980575,0.30869999527931213,0.30869999527931213,,,,,55249.29931713,-999.0,-0.6166750857108645,0.5254029978233729,0.5862282222323579,130.76784702104388,19.199631199415926,188.0725983773982,44.29147030047183,-999,0,1,0,0,1,0,0,-999.0,-999.0,-999.0,-999.0,0,-999.0,-999.0,-999.0,-999.0,-999.0,0,-999.0,-999.0,-999.0,0,0,-999.0,-999.0,-999.0,-999.0,0,-999.0,-999.0,-999.0,-999.0,-999.0,0,-999.0,-999.0,-999.0,0,0,0.6726319789886475,21.398300170898438,0.30833700299263,-999.0,1,21.398300170898438,21.398300170898438,-999.0,-999.0,-999.0,0,22.238500595092773,0.30833700299263,-999.0,1,4120,-999.0,-999.0,-999.0,-999.0,0,-999.0,-999.0,-999.0,-999.0,-999.0,0,-999.0,-999.0,-999.0,0,0,-999.0,-999.0,-999.0,-999.0,0,-999.0,-999.0,-999.0,-999.0,-999.0,0,-999.0,-999.0,-999.0,0,0,0.03009103019891511
PSO J139.5688+35.8877,-999,-999,-999,151061395687735646,3578835000016784,214022515343759,0,16486949105066,15106,1,2038,90,0.494676056778688,3578835,49831,3,310456320,0,37,-999.0,-999.0,-999.0,-999.0,139.56877876,35.88766112,0.13398000597953796,0.13398000597953796,,,,,56331.36587963,4.5279998779296875,-0.6166876729178098,0.5254220581540351,0.5861978973660638,130.76821046715548,19.197483222843548,188.07554396860644,44.29093547933148,-999,0,2,2,0,0,0,0,0.9663680195808411,21.625200271606445,0.17508600652217865,-999.0,1,21.625200271606445,21.625200271606445,20.40719985961914,0.115557000041008,-999.0,1,20.64550018310547,0.17508600652217865,-999.0,1,16777496,-999.0,-999.0,-999.0,-999.0,0,-999.0,-999.0,-999.0,-999.0,-999.0,0,-999.0,-999.0,-999.0,0,0,-999.0,-999.0,-999.0,-999.0,0,-999.0,-999.0,-999.0,-999.0,-999.0,0,-999.0,-999.0,-999.0,0,0,-999.0,-999.0,-999.0,-999.0,0,-999.0,-999.0,-999.0,-999.0,-999.0,0,-999.0,-999.0,-999.0,0,0,-999.0,-999.0,-999.0,-999.0,0,-999.0,-999.0,-999.0,-999.0,-999.0,0,-999.0,-999.0,-999.0,0,0,0.03187095344481147
PSO J139.5687+35.8860,-999,-999,-999,151061395686983789,3578835000016759,214022515343734,0,16486949104820,15106,1,2038,90,0.706665619934598,3578835,49831,3,268959744,0,32,-999.0,-999.0,-999.0,-999.0,139.56869263,35.88597651,0.3075000047683716,0.3075000047683716,,,,,55651.25465278,-999.0,-0.6167000021091947,0.5254341627298941,0.5861740765633143,130.76871238027599,19.195865168477383,188.0778819502477,44.29073041416192,-999,0,1,0,0,0,0,1,-999.0,-999.0,-999.0,-999.0,0,-999.0,-999.0,-999.0,-999.0,-999.0,0,-999.0,-999.0,-999.0,0,0,-999.0,-999.0,-999.0,-999.0,0,-999.0,-999.0,-999.0,-999.0,-999.0,0,-999.0,-999.0,-999.0,0,0,-999.0,-999.0,-999.0,-999.0,0,-999.0,-999.0,-999.0,-999.0,-999.0,0,-999.0,-999.0,-999.0,0,0,-999.0,-999.0,-999.0,-999.0,0,-999.0,-999.0,-999.0,-999.0,-999.0,0,-999.0,-999.0,-999.0,0,0,0.47606000304222107,20.42460060119629,0.3071320056915283,-999.0,1,20.42460060119629,20.42460060119629,-999.0,-999.0,-999.0,1,21.200300216674805,0.3071320056915283,-999.0,1,4120,0.033158225478112285
PSO J139.5686+35.8880,-999,-999,-999,151061395686116207,3578835000016732,214022515343707,0,16486949105147,15106,1,2038,90,0.0891616932015509,3578835,49831,3,310456320,0,37,-999.0,-999.0,-999.0,-999.0,139.5686307,35.88800708,0.16646000742912292,0.16646000742912292,,,,,55250.33664352,-999.0,-0.6166836209000676,0.5254213562212044,0.5862027892634526,130.76797270571902,19.197772461664094,188.075048740118,44.29084373802482,-999,0,1,1,0,0,0,0,0.9988920092582703,21.152799606323242,0.1657869964838028,-999.0,1,21.152799606323242,21.152799606323242,20.349000930786133,0.18462899327278137,-999.0,1,20.336700439453125,0.1657869964838028,-999.0,1,16777496,-999.0,-999.0,-999.0,-999.0,0,-999.0,-999.0,-999.0,-999.0,-999.0,0,-999.0,-999.0,-999.0,0,0,-999.0,-999.0,-999.0,-999.0,0,-999.0,-999.0,-999.0,-999.0,-999.0,0,-999.0,-999.0,-999.0,0,0,-999.0,-999.0,-999.0,-999.0,0,-999.0,-999.0,-999.0,-999.0,-999.0,0,-999.0,-999.0,-999.0,0,0,-999.0,-999.0,-999.0,-999.0,0,-999.0,-999.0,-999.0,-999.0,-999.0,0,-999.0,-999.0,-999.0,0,0,0.03170463429380293
PSO J139.5683+35.8902,-999,-999,-999,151061395682838847,3578835000016660,214022515343635,0,16486949113385,15106,1,2038,90,0.139716597404067,3578835,49831,3,268959744,0,32,-999.0,-999.0,-999.0,-999.0,139.56829682,35.89021295,0.32993000745773315,0.32993000745773315,,,,,55249.32226852,-999.0,-0.6166633798631826,0.5254103127418457,0.586233979909244,130.76695252370635,19.199775161607405,188.07194666999507,44.29075148102723,-999,0,1,0,1,0,0,0,-999.0,-999.0,-999.0,-999.0,0,-999.0,-999.0,-999.0,-999.0,-999.0,0,-999.0,-999.0,-999.0,0,0,0.7432690262794495,22.310199737548828,0.329585999250412,-999.0,1,22.310199737548828,22.310199737548828,-999.0,-999.0,-999.0,0,23.211599349975586,0.329585999250412,-999.0,1,4120,-999.0,-999.0,-999.0,-999.0,0,-999.0,-999.0,-999.0,-999.0,-999.0,0,-999.0,-999.0,-999.0,0,0,-999.0,-999.0,-999.0,-999.0,0,-999.0,-999.0,-999.0,-999.0,-999.0,0,-999.0,-999.0,-999.0,0,0,-999.0,-999.0,-999.0,-999.0,0,-999.0,-999.0,-999.0,-999.0,-999.0,0,-999.0,-999.0,-999.0,0,0,0.03035986881610031
PSO J139.5678+35.8883,-999,-999,-999,151061395678416521,3578835000016560,214022515343535,0,16486949104995,15106,1,2038,90,0.197799154741503,3578835,49831,3,268959744,0,32,-999.0,-999.0,-999.0,-999.0,139.56784258,35.88826836,0.3116599917411804,0.3116599917411804,,,,,55250.34422454,-999.0,-0.6166743587414562,0.5254281051311338,0.5862064837658486,130.76724359017422,19.19781523848848,188.0746131708359,44.290228313396966,-999,0,1,1,0,0,0,0,0.6355890035629272,21.848100662231445,0.31129899621009827,-999.0,1,21.848100662231445,21.848100662231445,-999.0,-999.0,-999.0,0,21.64699935913086,0.31129899621009827,-999.0,1,4120,-999.0,-999.0,-999.0,-999.0,0,-999.0,-999.0,-999.0,-999.0,-999.0,0,-999.0,-999.0,-999.0,0,0,-999.0,-999.0,-999.0,-999.0,0,-999.0,-999.0,-999.0,-999.0,-999.0,0,-999.0,-999.0,-999.0,0,0,-999.0,-999.0,-999.0,-999.0,0,-999.0,-999.0,-999.0,-999.0,-999.0,0,-999.0,-999.0,-999.0,0,0,-999.0,-999.0,-999.0,-999.0,0,-999.0,-999.0,-999.0,-999.0,-999.0,0,-999.0,-999.0,-999.0,0,0,0.031968388977629686
PSO J139.5679+35.8874,-999,-999,-999,151061395678295445,3578835000186688,214022515515286,0,16486949105444,15106,1,2038,90,0.821157765408194,3578835,49831,3,404226048,0,48,139.56785968,35.88742616,0.0010000000474974513,0.0010000000474974513,139.56785968,35.88742616,0.0010000000474974513,0.0010000000474974513,,,,,55646.49783565,-999.0,-0.6166810743368489,0.5254335093908538,0.5861945750038645,130.76754339943253,19.19702193773661,188.07578748127102,44.29017438327852,-999,2,0,0,0,0,0,0,-999.0,-999.0,-999.0,-999.0,0,-999.0,-999.0,-999.0,-999.0,-999.0,0,-999.0,-999.0,-999.0,0,16416,-999.0,-999.0,-999.0,-999.0,0,-999.0,-999.0,-999.0,-999.0,-999.0,0,-999.0,-999.0,-999.0,0,114720,-999.0,-999.0,-999.0,-999.0,0,-999.0,-999.0,-999.0,-999.0,-999.0,0,-999.0,-999.0,-999.0,0,114720,-999.0,-999.0,-999.0,-999.0,0,-999.0,-999.0,-999.0,-999.0,-999.0,0,-999.0,-999.0,-999.0,0,16416,-999.0,-999.0,-999.0,-999.0,0,-999.0,-999.0,-999.0,-999.0,-999.0,0,-999.0,-999.0,-999.0,0,16416,0.03255658622914749
PSO J139.5676+35.8842,-999,-999,-999,151061395677021661,3578835000016527,214022515343502,0,16486949103473,15106,1,2038,90,0.133804924910706,3578835,49831,3,268959744,0,32,-999.0,-999.0,-999.0,-999.0,139.56764259,35.88421802,0.20882999897003174,0.20882999897003174,,,,,55957.20747685,-999.0,-0.6167040661525701,0.5254571321963125,0.5861492105385057,130.76845607952865,19.19392675414469,188.08023497648102,44.28974092312611,-999,0,2,1,0,0,0,1,0.7698289752006531,22.277000427246094,0.25781700015068054,-999.0,1,22.277000427246094,22.277000427246094,-999.0,-999.0,-999.0,0,22.191499710083008,0.25781700015068054,-999.0,1,4120,-999.0,-999.0,-999.0,-999.0,0,-999.0,-999.0,-999.0,-999.0,-999.0,0,-999.0,-999.0,-999.0,0,0,-999.0,-999.0,-999.0,-999.0,0,-999.0,-999.0,-999.0,-999.0,-999.0,0,-999.0,-999.0,-999.0,0,0,-999.0,-999.0,-999.0,-999.0,0,-999.0,-999.0,-999.0,-999.0,-999.0,0,-999.0,-999.0,-999.0,0,0,0.4736280143260956,19.709400177001953,0.35466399788856506,-999.0,1,19.709400177001953,19.709400177001953,-999.0,-999.0,-999.0,1,19.614299774169922,0.35466399788856506,-999.0,1,4112,0.035041641469211036
PSO J139.5673+35.8892,-999,-999,-999,151061395673197668,3578835000016434,214022515343409,0,16486949102099,15106,1,2038,90,0.663675366587634,3578835,49831,3,268959744,0,32,-999.0,-999.0,-999.0,-999.0,139.56734911,35.889243,0.13615000247955322,0.13615000247955322,,,,,55972.33878472,-999.0,-0.616662243087203,0.5254269490237482,0.5862202650798204,130.76651172858294,19.198610254862608,188.0732110833768,44.28990819884707,-999,0,1,1,0,0,0,0,0.685329020023346,21.373199462890625,0.13531999289989471,-999.0,1,21.373199462890625,21.373199462890625,-999.0,-999.0,-999.0,0,21.21980094909668,0.13531999289989471,-999.0,1,4112,-999.0,-999.0,-999.0,-999.0,0,-999.0,-999.0,-999.0,-999.0,-999.0,0,-999.0,-999.0,-999.0,0,0,-999.0,-999.0,-999.0,-999.0,0,-999.0,-999.0,-999.0,-999.0,-999.0,0,-999.0,-999.0,-999.0,0,0,-999.0,-999.0,-999.0,-999.0,0,-999.0,-999.0,-999.0,-999.0,-999.0,0,-999.0,-999.0,-999.0,0,0,-999.0,-999.0,-999.0,-999.0,0,-999.0,-999.0,-999.0,-999.0,-999.0,0,-999.0,-999.0,-999.0,0,0,0.031582086047269455
PSO J139.5671+35.8832,-999,-999,-999,151061395671240435,3578835000016393,214022515343368,0,16486949132391,15106,1,2038,90,0.972719514717087,3578835,49831,3,268959744,0,32,-999.0,-999.0,-999.0,-999.0,139.56714053,35.88318769,0.3881399929523468,0.3881399929523468,,,,,56331.37092593,-999.0,-0.6167074847464409,0.5254693721432547,0.5861346408438013,130.76839786135145,19.192820399166752,188.08162392516573,44.28925252310239,-999,0,1,1,0,0,0,0,0.7506290078163147,22.76580047607422,0.3878540098667145,-999.0,1,22.76580047607422,22.76580047607422,-999.0,-999.0,-999.0,0,22.76930046081543,0.3878540098667145,-999.0,1,4120,-999.0,-999.0,-999.0,-999.0,0,-999.0,-999.0,-999.0,-999.0,-999.0,0,-999.0,-999.0,-999.0,0,0,-999.0,-999.0,-999.0,-999.0,0,-999.0,-999.0,-999.0,-999.0,-999.0,0,-999.0,-999.0,-999.0,0,0,-999.0,-999.0,-999.0,-999.0,0,-999.0,-999.0,-999.0,-999.0,-999.0,0,-999.0,-999.0,-999.0,0,0,-999.0,-999.0,-999.0,-999.0,0,-999.0,-999.0,-999.0,-999.0,-999.0,0,-999.0,-999.0,-999.0,0,0,0.03608937853238277
PSO J139.5670+35.8861,-999,-999,-999,151061395670103953,3578835000016366,214022515343341,0,16486949105398,15106,1,2038,90,0.121781805643609,3578835,49831,3,302067712,0,36,-999.0,-999.0,-999.0,-999.0,139.56702924,35.886127,0.30250000953674316,0.30250000953674316,,,,,55249.30418981,-999.0,-0.6166835757357992,0.5254510677858489,0.5861762045498093,130.76730962601349,19.195575653040997,188.07752091215266,44.28939923968341,-999,0,1,0,1,0,0,0,-999.0,-999.0,-999.0,-999.0,0,-999.0,-999.0,-999.0,-999.0,-999.0,0,-999.0,-999.0,-999.0,0,0,0.8587139844894409,22.5664005279541,0.3021250069141388,-999.0,1,22.5664005279541,22.5664005279541,-999.0,-999.0,-999.0,0,23.259000778198242,0.3021250069141388,-999.0,1,280,-999.0,-999.0,-999.0,-999.0,0,-999.0,-999.0,-999.0,-999.0,-999.0,0,-999.0,-999.0,-999.0,0,0,-999.0,-999.0,-999.0,-999.0,0,-999.0,-999.0,-999.0,-999.0,-999.0,0,-999.0,-999.0,-999.0,0,0,-999.0,-999.0,-999.0,-999.0,0,-999.0,-999.0,-999.0,-999.0,-999.0,0,-999.0,-999.0,-999.0,0,0,0.03395943016810841
PSO J139.5669+35.8875,-999,-999,-999,151061395668845584,3578835000016333,214022515343308,0,16486949101889,15106,1,2038,90,0.0471373787588788,3578835,49831,3,268959744,0,32,-999.0,-999.0,-999.0,-999.0,139.56690255,35.88748595,0.25429999828338623,0.25429999828338623,,,,,56283.59672454,-999.0,-0.6166718312331919,0.5254434142852807,0.5861954204424736,130.7667453487446,19.196829963747845,188.0756170829903,44.28940626786386,-999,0,1,1,0,0,0,0,0.6779999732971191,21.726499557495117,0.25385698676109314,-999.0,1,21.726499557495117,21.726499557495117,-999.0,-999.0,-999.0,0,21.733200073242188,0.25385698676109314,-999.0,1,4120,-999.0,-999.0,-999.0,-999.0,0,-999.0,-999.0,-999.0,-999.0,-999.0,0,-999.0,-999.0,-999.0,0,0,-999.0,-999.0,-999.0,-999.0,0,-999.0,-999.0,-999.0,-999.0,-999.0,0,-999.0,-999.0,-999.0,0,0,-999.0,-999.0,-999.0,-999.0,0,-999.0,-999.0,-999.0,-999.0,-999.0,0,-999.0,-999.0,-999.0,0,0,-999.0,-999.0,-999.0,-999.0,0,-999.0,-999.0,-999.0,-999.0,-999.0,0,-999.0,-999.0,-999.0,0,0,0.03306006784373879
PSO J139.5664+35.8900,-999,-999,-999,151061395663798557,3578835000016217,214022515343192,0,16486949110182,15106,1,2038,90,0.525360896741376,3578835,49831,3,268959744,0,32,-999.0,-999.0,-999.0,-999.0,139.56639258,35.88997092,0.28384000062942505,0.28384000062942505,,,,,55249.29931713,-999.0,-0.6166478022875899,0.525432413511394,0.5862305576865444,130.76548735708963,19.19905130398471,188.0721104223547,44.2891943095563,-999,0,1,0,0,1,0,0,-999.0,-999.0,-999.0,-999.0,0,-999.0,-999.0,-999.0,-999.0,-999.0,0,-999.0,-999.0,-999.0,0,0,-999.0,-999.0,-999.0,-999.0,0,-999.0,-999.0,-999.0,-999.0,-999.0,0,-999.0,-999.0,-999.0,0,0,0.598131000995636,21.250900268554688,0.2834460139274597,-999.0,1,21.250900268554688,21.250900268554688,-999.0,-999.0,-999.0,0,22.393600463867188,0.2834460139274597,-999.0,1,4120,-999.0,-999.0,-999.0,-999.0,0,-999.0,-999.0,-999.0,-999.0,-999.0,0,-999.0,-999.0,-999.0,0,0,-999.0,-999.0,-999.0,-999.0,0,-999.0,-999.0,-999.0,-999.0,-999.0,0,-999.0,-999.0,-999.0,0,0,0.031671469275606254
PSO J139.5658+35.8885,-999,-999,-999,151061395657886794,3578835000016071,214022515343046,0,16486949102448,15106,1,2038,90,0.663114793284903,3578835,49831,3,268959744,0,32,-999.0,-999.0,-999.0,-999.0,139.56581592,35.88853251,0.311710000038147,0.311710000038147,,,,,56232.65667824,-999.0,-0.6166537158910969,0.5254481649106527,0.5862102188376879,130.7655070864959,19.19753904235882,188.07406086081394,44.28861295923976,-999,0,1,0,0,0,0,1,-999.0,-999.0,-999.0,-999.0,0,-999.0,-999.0,-999.0,-999.0,-999.0,0,-999.0,-999.0,-999.0,0,0,-999.0,-999.0,-999.0,-999.0,0,-999.0,-999.0,-999.0,-999.0,-999.0,0,-999.0,-999.0,-999.0,0,0,-999.0,-999.0,-999.0,-999.0,0,-999.0,-999.0,-999.0,-999.0,-999.0,0,-999.0,-999.0,-999.0,0,0,-999.0,-999.0,-999.0,-999.0,0,-999.0,-999.0,-999.0,-999.0,-999.0,0,-999.0,-999.0,-999.0,0,0,0.48012998700141907,19.936899185180664,0.31134700775146484,-999.0,1,19.936899185180664,19.936899185180664,-999.0,-999.0,-999.0,0,20.145099639892578,0.31134700775146484,-999.0,1,4120,0.032977080025610776
PSO J139.5657+35.8877,-999,-999,-999,151061395656845844,3578835000016042,214022515343017,0,16486949102546,15106,1,2038,90,0.942948251909528,3578835,49831,3,268959744,0,32,-999.0,-999.0,-999.0,-999.0,139.5656947,35.88769721,0.2558799982070923,0.2558799982070923,,,,,55650.26423611,-999.0,-0.6166591090835842,0.5254550123609603,0.5861984076820604,130.76569214666276,19.196716347688007,188.07521293529192,44.28844787330781,-999,0,1,0,0,0,1,0,-999.0,-999.0,-999.0,-999.0,0,-999.0,-999.0,-999.0,-999.0,-999.0,0,-999.0,-999.0,-999.0,0,0,-999.0,-999.0,-999.0,-999.0,0,-999.0,-999.0,-999.0,-999.0,-999.0,0,-999.0,-999.0,-999.0,0,0,-999.0,-999.0,-999.0,-999.0,0,-999.0,-999.0,-999.0,-999.0,-999.0,0,-999.0,-999.0,-999.0,0,0,0.7950249910354614,21.428300857543945,0.2554430067539215,-999.0,1,21.428300857543945,21.428300857543945,-999.0,-999.0,-999.0,0,22.993099212646484,0.2554430067539215,-999.0,1,4120,-999.0,-999.0,-999.0,-999.0,0,-999.0,-999.0,-999.0,-999.0,-999.0,0,-999.0,-999.0,-999.0,0,0,0.03361701780445622
PSO J139.5651+35.8904,-999,-999,-999,151061395651689130,3578835000015930,214022515342905,0,16486949109923,15106,1,2038,90,0.744594494574326,3578835,49831,3,268959744,0,32,-999.0,-999.0,-999.0,-999.0,139.56508876,35.89042666,0.1598999947309494,0.1598999947309494,,,,,55249.3196875,-999.0,-0.6166322962027152,0.5254434214372179,0.5862370016879839,130.7642731937894,19.19914434496935,188.07135717127724,44.28817809699493,-999,0,2,0,2,0,0,0,-999.0,-999.0,-999.0,-999.0,0,-999.0,-999.0,-999.0,-999.0,-999.0,0,-999.0,-999.0,-999.0,0,0,0.8411070108413696,21.91900062561035,0.043605998158454895,0.06168099865317345,2,21.876300811767578,21.963499069213867,-999.0,-999.0,-999.0,0,22.552099227905273,0.6001660227775574,0.8583809733390808,2,4120,-999.0,-999.0,-999.0,-999.0,0,-999.0,-999.0,-999.0,-999.0,-999.0,0,-999.0,-999.0,-999.0,0,0,-999.0,-999.0,-999.0,-999.0,0,-999.0,-999.0,-999.0,-999.0,-999.0,0,-999.0,-999.0,-999.0,0,0,-999.0,-999.0,-999.0,-999.0,0,-999.0,-999.0,-999.0,-999.0,-999.0,0,-999.0,-999.0,-999.0,0,0,0.03218617665564334
PSO J139.5649+35.8870,-999,-999,-999,151061395649414950,3578835000015873,214022515342848,0,16486949101977,15106,1,2038,90,0.178002859631556,3578835,49831,3,268959744,0,32,-999.0,-999.0,-999.0,-999.0,139.56493752,35.88696126,0.33098000288009644,0.33098000288009644,,,,,55250.31699074,-999.0,-0.6166578960119717,0.5254680451707777,0.5861880012338103,130.76532670053794,19.195822577316015,188.07616874443926,44.287777200160946,-999,0,1,0,1,0,0,0,-999.0,-999.0,-999.0,-999.0,0,-999.0,-999.0,-999.0,-999.0,-999.0,0,-999.0,-999.0,-999.0,0,0,0.6995270252227783,22.099000930786133,0.3306390047073364,-999.0,1,22.099000930786133,22.099000930786133,-999.0,-999.0,-999.0,0,21.962900161743164,0.3306390047073364,-999.0,1,4120,-999.0,-999.0,-999.0,-999.0,0,-999.0,-999.0,-999.0,-999.0,-999.0,0,-999.0,-999.0,-999.0,0,0,-999.0,-999.0,-999.0,-999.0,0,-999.0,-999.0,-999.0,-999.0,-999.0,0,-999.0,-999.0,-999.0,0,0,-999.0,-999.0,-999.0,-999.0,0,-999.0,-999.0,-999.0,-999.0,-999.0,0,-999.0,-999.0,-999.0,0,0,0.03456839251344205
PSO J139.5643+35.8864,-999,-999,-999,151061395643334300,3578835000015694,214022515342669,0,16486949131004,15106,1,2038,90,0.836185302432799,3578835,49831,3,268959744,0,32,-999.0,-999.0,-999.0,-999.0,139.56431204,35.88644237,0.2946600019931793,0.2946600019931793,,,,,55250.35140046,-999.0,-0.6166562002282425,0.5254782201809333,0.5861806639898184,130.76499458181019,19.195168617279474,188.0768342847138,44.2872303338121,-999,0,1,1,0,0,0,0,0.4780699908733368,21.626800537109375,0.29427599906921387,-999.0,1,21.626800537109375,21.626800537109375,-999.0,-999.0,-999.0,0,22.83880043029785,0.29427599906921387,-999.0,1,4120,-999.0,-999.0,-999.0,-999.0,0,-999.0,-999.0,-999.0,-999.0,-999.0,0,-999.0,-999.0,-999.0,0,0,-999.0,-999.0,-999.0,-999.0,0,-999.0,-999.0,-999.0,-999.0,-999.0,0,-999.0,-999.0,-999.0,0,0,-999.0,-999.0,-999.0,-999.0,0,-999.0,-999.0,-999.0,-999.0,-999.0,0,-999.0,-999.0,-999.0,0,0,-999.0,-999.0,-999.0,-999.0,0,-999.0,-999.0,-999.0,-999.0,-999.0,0,-999.0,-999.0,-999.0,0,0,0.0352931643004518
PSO J139.5642+35.8907,-999,-999,-999,151061395642529408,3578835000015680,214022515342655,0,16486949081190,15106,1,2038,90,0.60923249144967,3578835,49831,3,268959744,0,32,-999.0,-999.0,-999.0,-999.0,139.56415605,35.89073318,0.22141000628471375,0.22141000628471375,,,,,55249.90936343,-999.0,-0.616621355396567,0.5254514252773062,0.5862413357508561,130.7634112451685,19.19919243702408,188.0708454792625,44.28744956878263,-999,0,2,1,1,0,0,0,0.8411769866943359,22.561899185180664,0.33915698528289795,-999.0,1,22.561899185180664,22.561899185180664,-999.0,-999.0,-999.0,0,23.322999954223633,0.33915698528289795,-999.0,1,4120,0.7879449725151062,21.946800231933594,0.29168999195098877,-999.0,1,21.946800231933594,21.946800231933594,-999.0,-999.0,-999.0,0,22.349199295043945,0.29168999195098877,-999.0,1,4120,-999.0,-999.0,-999.0,-999.0,0,-999.0,-999.0,-999.0,-999.0,-999.0,0,-999.0,-999.0,-999.0,0,0,-999.0,-999.0,-999.0,-999.0,0,-999.0,-999.0,-999.0,-999.0,-999.0,0,-999.0,-999.0,-999.0,0,0,-999.0,-999.0,-999.0,-999.0,0,-999.0,-999.0,-999.0,-999.0,-999.0,0,-999.0,-999.0,-999.0,0,0,0.032586291902432
PSO J139.5638+35.8896,-999,-999,-999,151061395637718125,3578835000015559,214022515342534,0,16486949109765,15106,1,2038,90,0.751944761492261,3578835,49831,3,268959744,0,32,-999.0,-999.0,-999.0,-999.0,139.56377122,35.88960134,-999.0,-999.0,,,,,-999.0,-999.0,-0.6166266405220927,0.5254630780582524,0.5862253319296128,130.76348276838206,19.198020388350038,188.07238644690412,44.28704778098429,-999,0,1,0,1,0,0,0,-999.0,-999.0,-999.0,-999.0,0,-999.0,-999.0,-999.0,-999.0,-999.0,0,-999.0,-999.0,-999.0,0,0,-999.0,-999.0,-999.0,-999.0,0,-999.0,-999.0,-999.0,-999.0,-999.0,0,-999.0,-999.0,-999.0,0,24,-999.0,-999.0,-999.0,-999.0,0,-999.0,-999.0,-999.0,-999.0,-999.0,0,-999.0,-999.0,-999.0,0,0,-999.0,-999.0,-999.0,-999.0,0,-999.0,-999.0,-999.0,-999.0,-999.0,0,-999.0,-999.0,-999.0,0,0,-999.0,-999.0,-999.0,-999.0,0,-999.0,-999.0,-999.0,-999.0,-999.0,0,-999.0,-999.0,-999.0,0,0,0.03353501494520472
PSO J139.5635+35.8905,-999,-999,-999,151061395635119251,3578835000015491,214022515342466,0,16486949081322,15106,1,2038,90,0.88696567983084,3578835,49831,3,268959744,0,32,-999.0,-999.0,-999.0,-999.0,139.56350776,35.8905445,0.34887000918388367,0.34887000918388367,,,,,55250.31699074,-999.0,-0.6166168793644762,0.5254596543450697,0.586238667897619,130.76294851539777,19.19884534061783,188.07104919784786,44.28691089217914,-999,0,1,0,1,0,0,0,-999.0,-999.0,-999.0,-999.0,0,-999.0,-999.0,-999.0,-999.0,-999.0,0,-999.0,-999.0,-999.0,0,0,0.722353994846344,22.070499420166016,0.34854400157928467,-999.0,1,22.070499420166016,22.070499420166016,-999.0,-999.0,-999.0,0,22.35099983215332,0.34854400157928467,-999.0,1,4120,-999.0,-999.0,-999.0,-999.0,0,-999.0,-999.0,-999.0,-999.0,-999.0,0,-999.0,-999.0,-999.0,0,0,-999.0,-999.0,-999.0,-999.0,0,-999.0,-999.0,-999.0,-999.0,-999.0,0,-999.0,-999.0,-999.0,0,0,-999.0,-999.0,-999.0,-999.0,0,-999.0,-999.0,-999.0,-999.0,-999.0,0,-999.0,-999.0,-999.0,0,0,0.0331170557945471
PSO J139.5628+35.8902,-999,-999,-999,151061395627408799,3578835000015303,214022515342278,0,16486949150749,15106,1,2038,90,0.00615294837034582,3578835,49831,3,268959744,0,32,-999.0,-999.0,-999.0,-999.0,139.56275321,35.8901722,0.2108599990606308,0.2108599990606308,,,,,55249.29931713,-999.0,-0.6166128586393518,0.5254702455182371,0.5862334037186985,130.76246177215017,19.198296719320375,188.07149890646866,44.28627163664997,-999,0,1,0,0,1,0,0,-999.0,-999.0,-999.0,-999.0,0,-999.0,-999.0,-999.0,-999.0,-999.0,0,-999.0,-999.0,-999.0,0,0,-999.0,-999.0,-999.0,-999.0,0,-999.0,-999.0,-999.0,-999.0,-999.0,0,-999.0,-999.0,-999.0,0,0,0.6919639706611633,20.96820068359375,0.21032799780368805,-999.0,1,20.96820068359375,20.96820068359375,-999.0,-999.0,-999.0,0,21.466899871826172,0.21032799780368805,-999.0,1,4120,-999.0,-999.0,-999.0,-999.0,0,-999.0,-999.0,-999.0,-999.0,-999.0,0,-999.0,-999.0,-999.0,0,0,-999.0,-999.0,-999.0,-999.0,0,-999.0,-999.0,-999.0,-999.0,-999.0,0,-999.0,-999.0,-999.0,0,0,0.03382861170965564
PSO J139.5627+35.8895,-999,-999,-999,151061395627068011,3578835000015291,214022515342266,0,16486949183492,15106,1,2038,90,0.588777697262147,3578835,49831,3,277348352,0,33,-999.0,-999.0,-999.0,-999.0,139.56272338,35.88948961,0.20925000309944153,0.20925000309944153,,,,,55250.34751157,-999.0,-0.6166179007008302,0.5254750964755394,0.5862237520941332,130.76266924583172,19.19764240872747,188.0724466242343,44.286192638030705,-999,0,1,1,0,0,0,0,0.5385000109672546,20.715599060058594,0.2087080031633377,-999.0,1,20.715599060058594,20.715599060058594,20.05419921875,0.13128900527954102,-999.0,1,20.013099670410156,0.2087080031633377,-999.0,1,16781328,-999.0,-999.0,-999.0,-999.0,0,-999.0,-999.0,-999.0,-999.0,-999.0,0,-999.0,-999.0,-999.0,0,0,-999.0,-999.0,-999.0,-999.0,0,-999.0,-999.0,-999.0,-999.0,-999.0,0,-999.0,-999.0,-999.0,0,0,-999.0,-999.0,-999.0,-999.0,0,-999.0,-999.0,-999.0,-999.0,-999.0,0,-999.0,-999.0,-999.0,0,0,-999.0,-999.0,-999.0,-999.0,0,-999.0,-999.0,-999.0,-999.0,-999.0,0,-999.0,-999.0,-999.0,0,0,0.03426715179171646
PSO J139.5623+35.8829,-999,-999,-999,151061395622610203,3578835000015160,214022515342135,0,16486949131538,15106,1,2038,90,0.740483690742854,3578835,49831,3,268959744,0,32,-999.0,-999.0,-999.0,-999.0,139.56232726,35.88294975,0.1763100028038025,0.1763100028038025,,,,,55903.57219907,-999.0,-0.6166651918833422,0.525522757103483,0.5861312761539297,130.76456728745364,19.19134482058303,188.08151646856027,44.28534624537393,-999,0,1,0,0,0,0,1,-999.0,-999.0,-999.0,-999.0,0,-999.0,-999.0,-999.0,-999.0,-999.0,0,-999.0,-999.0,-999.0,0,0,-999.0,-999.0,-999.0,-999.0,0,-999.0,-999.0,-999.0,-999.0,-999.0,0,-999.0,-999.0,-999.0,0,0,-999.0,-999.0,-999.0,-999.0,0,-999.0,-999.0,-999.0,-999.0,-999.0,0,-999.0,-999.0,-999.0,0,0,-999.0,-999.0,-999.0,-999.0,0,-999.0,-999.0,-999.0,-999.0,-999.0,0,-999.0,-999.0,-999.0,0,0,0.74235600233078,19.887800216674805,0.17567400634288788,-999.0,1,19.887800216674805,19.887800216674805,-999.0,-999.0,-999.0,0,19.656200408935547,0.17567400634288788,-999.0,1,4120,0.03889084739894849
PSO J139.5623+35.8836,-999,-999,-999,151061395622550997,3578835000015157,214022515342132,0,16486949133501,15106,1,2038,90,0.362782610918193,3578835,49831,3,268959744,0,32,-999.0,-999.0,-999.0,-999.0,139.5623185,35.88362081,0.2289000004529953,0.2289000004529953,,,,,55903.56032407,-999.0,-0.6166598865435735,0.5255183986404862,0.5861407655319718,130.76433238898963,19.19197819032213,188.08058131307666,44.285393230578514,-999,0,1,0,0,0,0,1,-999.0,-999.0,-999.0,-999.0,0,-999.0,-999.0,-999.0,-999.0,-999.0,0,-999.0,-999.0,-999.0,0,0,-999.0,-999.0,-999.0,-999.0,0,-999.0,-999.0,-999.0,-999.0,-999.0,0,-999.0,-999.0,-999.0,0,0,-999.0,-999.0,-999.0,-999.0,0,-999.0,-999.0,-999.0,-999.0,-999.0,0,-999.0,-999.0,-999.0,0,0,-999.0,-999.0,-999.0,-999.0,0,-999.0,-999.0,-999.0,-999.0,-999.0,0,-999.0,-999.0,-999.0,0,0,0.7557579874992371,20.05970001220703,0.22840799391269684,-999.0,1,20.05970001220703,20.05970001220703,-999.0,-999.0,-999.0,0,20.243200302124023,0.22840799391269684,-999.0,1,4120,0.038418964390429584
PSO J139.5622+35.8889,-999,-999,-999,151061395622127238,3578835000015150,214022515342125,0,16486949183701,15106,1,2038,90,0.0163780488226358,3578835,49831,3,268959744,0,32,-999.0,-999.0,-999.0,-999.0,139.56219887,35.88887513,0.29396000504493713,0.29396000504493713,,,,,55250.27287037,-999.0,-0.6166178753742461,0.5254848191418299,0.5862150634540442,130.76245162926395,19.19692413498303,188.07325445770718,44.285719643106404,-999,0,1,0,0,0,0,1,-999.0,-999.0,-999.0,-999.0,0,-999.0,-999.0,-999.0,-999.0,-999.0,0,-999.0,-999.0,-999.0,0,0,-999.0,-999.0,-999.0,-999.0,0,-999.0,-999.0,-999.0,-999.0,-999.0,0,-999.0,-999.0,-999.0,0,0,-999.0,-999.0,-999.0,-999.0,0,-999.0,-999.0,-999.0,-999.0,-999.0,0,-999.0,-999.0,-999.0,0,0,-999.0,-999.0,-999.0,-999.0,0,-999.0,-999.0,-999.0,-999.0,-999.0,0,-999.0,-999.0,-999.0,0,0,0.3973909914493561,19.549400329589844,0.2935749888420105,-999.0,1,19.549400329589844,19.549400329589844,-999.0,-999.0,-999.0,0,21.144899368286133,0.2935749888420105,-999.0,1,4112,0.03498237033317881
PSO J139.5617+35.8858,-999,-999,-999,151061395616623529,3578835000014984,214022515341959,0,16486949134032,15106,1,2038,90,0.423011312655184,3578835,49831,3,444915712,7,53,139.56170366,35.8857873,0.0010000000474974513,0.0010000000474974513,139.5617213285041,35.88580942344699,0.005099145361957132,0.005099145361957132,-3.894253841244006,-0.6547928795263003,2.695724559990645,2.695724559990645,55827.59782139682,6.865655899047852,-0.6166373678685684,0.5255103028322764,0.5861717138904375,130.76310682418506,19.19389257026678,188.07748555717595,44.28508805555693,-999,5,115,23,31,34,21,6,0.9997000098228455,21.69260025024414,0.06655800342559814,0.26090699434280396,18,21.153900146484375,22.024799346923828,21.17300033569336,0.07774700224399567,0.3387430012226105,20,21.131799697875977,0.056327998638153076,0.17897699773311615,20,16892216,0.9996430277824402,20.870899200439453,0.04270099848508835,0.20958399772644043,30,20.619600296020508,21.347400665283203,20.35770034790039,0.029715999960899353,0.187172994017601,30,20.320199966430664,0.03095100075006485,0.16546699404716492,30,16892216,0.9996209740638733,20.41469955444336,0.020501000806689262,0.16988499462604523,32,20.097200393676758,20.8346004486084,19.892499923706055,0.03040900081396103,0.2579059898853302,33,19.874399185180664,0.02649799920618534,0.19952000677585602,33,16892216,0.999763011932373,20.202600479125977,0.050547000020742416,0.21330499649047852,16,19.89310073852539,20.659799575805664,19.67099952697754,0.07184699922800064,0.22107599675655365,17,19.686899185180664,0.05982699990272522,0.21857599914073944,17,16892216,0.9991099834442139,19.95050048828125,0.15103599429130554,0.576807975769043,5,19.118999481201172,20.28219985961914,18.893199920654297,0.13156500458717346,0.5674949884414673,5,18.992700576782227,0.26121601462364197,0.6068260073661804,5,16892216,0.03726376768189265
PSO J139.5616+35.8851,-999,-999,-999,151061395615812769,3578835000014964,214022515341939,0,16486949134071,15106,1,2038,90,0.690155843915563,3578835,49831,3,277348352,0,33,-999.0,-999.0,-999.0,-999.0,139.56164902,35.88508518,0.17382000386714935,0.17382000386714935,,,,,55903.57219907,-999.0,-0.616642343988659,0.5255158869964244,0.5861614727313059,130.76329130473437,19.193191397382773,188.07848136012205,44.28497052451752,-999,0,1,0,0,0,0,1,-999.0,-999.0,-999.0,-999.0,0,-999.0,-999.0,-999.0,-999.0,-999.0,0,-999.0,-999.0,-999.0,0,0,-999.0,-999.0,-999.0,-999.0,0,-999.0,-999.0,-999.0,-999.0,-999.0,0,-999.0,-999.0,-999.0,0,0,-999.0,-999.0,-999.0,-999.0,0,-999.0,-999.0,-999.0,-999.0,-999.0,0,-999.0,-999.0,-999.0,0,0,-999.0,-999.0,-999.0,-999.0,0,-999.0,-999.0,-999.0,-999.0,-999.0,0,-999.0,-999.0,-999.0,0,0,0.5851640105247498,19.82080078125,0.17317500710487366,-999.0,1,19.82080078125,19.82080078125,-999.0,-999.0,-999.0,0,19.264400482177734,0.17317500710487366,-999.0,1,16781336,0.037795408950361035
PSO J139.5614+35.8842,-999,-999,-999,151061395613731630,3578835000014920,214022515341895,0,16486949131919,15106,1,2038,90,0.0692428127576065,3578835,49831,3,268959744,0,32,-999.0,-999.0,-999.0,-999.0,139.56136961,35.88417033,0.18794000148773193,0.18794000148773193,,,,,55537.9259838,-999.0,-0.6166469045521735,0.5255249648253041,0.586148536167741,130.76337478462142,19.192252258604263,188.07972968023196,44.28467119735298,-999,0,2,0,1,1,0,0,-999.0,-999.0,-999.0,-999.0,0,-999.0,-999.0,-999.0,-999.0,-999.0,0,-999.0,-999.0,-999.0,0,0,0.6927149891853333,21.355600357055664,0.20835700631141663,-999.0,1,21.355600357055664,21.355600357055664,20.499099731445312,0.1368809938430786,-999.0,1,20.568199157714844,0.20835700631141663,-999.0,1,16781336,0.5081089735031128,20.97260093688965,0.43021899461746216,-999.0,1,20.97260093688965,20.97260093688965,-999.0,-999.0,-999.0,0,25.12380027770996,0.43021899461746216,-999.0,1,4112,-999.0,-999.0,-999.0,-999.0,0,-999.0,-999.0,-999.0,-999.0,-999.0,0,-999.0,-999.0,-999.0,0,0,-999.0,-999.0,-999.0,-999.0,0,-999.0,-999.0,-999.0,-999.0,-999.0,0,-999.0,-999.0,-999.0,0,0,0.038586381944738075
PSO J139.5614+35.8865,-999,-999,-999,151061395613494439,3578835000014914,214022515341889,0,16486949130711,15106,1,2038,90,0.655207959613957,3578835,49831,3,268959744,0,32,-999.0,-999.0,-999.0,-999.0,139.56141455,35.88648674,0.1742199957370758,0.1742199957370758,,,,,55903.56032407,-999.0,-0.6166292801224618,0.5255091098293685,0.5861812913954175,130.7626250315799,19.194458093372255,188.07650852601893,44.28489403522087,-999,0,1,0,0,0,0,1,-999.0,-999.0,-999.0,-999.0,0,-999.0,-999.0,-999.0,-999.0,-999.0,0,-999.0,-999.0,-999.0,0,0,-999.0,-999.0,-999.0,-999.0,0,-999.0,-999.0,-999.0,-999.0,-999.0,0,-999.0,-999.0,-999.0,0,0,-999.0,-999.0,-999.0,-999.0,0,-999.0,-999.0,-999.0,-999.0,-999.0,0,-999.0,-999.0,-999.0,0,0,-999.0,-999.0,-999.0,-999.0,0,-999.0,-999.0,-999.0,-999.0,-999.0,0,-999.0,-999.0,-999.0,0,0,0.6350979804992676,19.653900146484375,0.17357200384140015,-999.0,1,19.653900146484375,19.653900146484375,-999.0,-999.0,-999.0,0,19.690200805664062,0.17357200384140015,-999.0,1,4120,0.03700104982687773
PSO J139.5612+35.8897,-999,-999,-999,151061395612078287,3578835000014880,214022515341855,0,16486949150906,15106,1,2038,90,0.667017457696625,3578835,49831,3,268959744,0,32,-999.0,-999.0,-999.0,-999.0,139.56122406,35.88972646,0.22314000129699707,0.22314000129699707,,,,,55250.25818287,-999.0,-0.616602305412952,0.5254896601290462,0.5862271010938441,130.76137053279126,19.197477360648723,188.07198032579848,44.28500096031653,-999,0,1,0,0,0,1,0,-999.0,-999.0,-999.0,-999.0,0,-999.0,-999.0,-999.0,-999.0,-999.0,0,-999.0,-999.0,-999.0,0,0,-999.0,-999.0,-999.0,-999.0,0,-999.0,-999.0,-999.0,-999.0,-999.0,0,-999.0,-999.0,-999.0,0,0,-999.0,-999.0,-999.0,-999.0,0,-999.0,-999.0,-999.0,-999.0,-999.0,0,-999.0,-999.0,-999.0,0,0,0.60971599817276,20.47319984436035,0.22263100743293762,-999.0,1,20.47319984436035,20.47319984436035,20.792400360107422,0.297666996717453,-999.0,1,20.292400360107422,0.22263100743293762,-999.0,1,4120,-999.0,-999.0,-999.0,-999.0,0,-999.0,-999.0,-999.0,-999.0,-999.0,0,-999.0,-999.0,-999.0,0,0,0.03508523713344737
PSO J139.5613+35.8857,-999,-999,-999,151061395611233604,3578835000014840,214022515341815,0,16486949133861,15106,1,2038,90,0.287071913748115,3578835,49831,3,268959744,0,32,-999.0,-999.0,-999.0,-999.0,139.5612808,35.88574236,0.09432999789714813,0.09432999789714813,,,,,55352.01332176,-999.0,-0.616633849564751,0.5255154889681142,0.5861707655841937,130.76276901749168,19.19371826036454,188.0775327758106,44.284726087866154,-999,0,3,0,2,1,0,0,-999.0,-999.0,-999.0,-999.0,0,-999.0,-999.0,-999.0,-999.0,-999.0,0,-999.0,-999.0,-999.0,0,0,0.7157009840011597,20.964399337768555,-999.0,1.2419999837875366,2,20.90250015258789,22.20479965209961,20.353200912475586,0.00010800000018207356,-999.0,2,20.439599990844727,0.00015700000221841037,-999.0,2,4120,0.628358006477356,20.46980094909668,0.17498299479484558,-999.0,1,20.46980094909668,20.46980094909668,20.091800689697266,0.16664999723434448,-999.0,1,20.201200485229492,0.17498299479484558,-999.0,1,4112,-999.0,-999.0,-999.0,-999.0,0,-999.0,-999.0,-999.0,-999.0,-999.0,0,-999.0,-999.0,-999.0,0,0,-999.0,-999.0,-999.0,-999.0,0,-999.0,-999.0,-999.0,-999.0,-999.0,0,-999.0,-999.0,-999.0,0,0,0.037574277847891115
PSO J139.5611+35.8882,-999,-999,-999,151061395610746484,3578835000014832,214022515341807,0,16486949184341,15106,1,2038,90,0.753638232828712,3578835,49831,3,310456320,0,37,-999.0,-999.0,-999.0,-999.0,139.56109444,35.88821742,0.1652500033378601,0.1652500033378601,,,,,55250.34751157,-999.0,-0.6166128676493154,0.5255010697595867,0.5862057634745822,130.7617774468783,19.196014298007455,188.07406964477582,44.284774851812365,-999,0,1,1,0,0,0,0,0.9991779923439026,20.844600677490234,0.16457100212574005,-999.0,1,20.844600677490234,20.844600677490234,19.470300674438477,0.12605799734592438,-999.0,1,19.664600372314453,0.16457100212574005,-999.0,1,16777488,-999.0,-999.0,-999.0,-999.0,0,-999.0,-999.0,-999.0,-999.0,-999.0,0,-999.0,-999.0,-999.0,0,0,-999.0,-999.0,-999.0,-999.0,0,-999.0,-999.0,-999.0,-999.0,-999.0,0,-999.0,-999.0,-999.0,0,0,-999.0,-999.0,-999.0,-999.0,0,-999.0,-999.0,-999.0,-999.0,-999.0,0,-999.0,-999.0,-999.0,0,0,-999.0,-999.0,-999.0,-999.0,0,-999.0,-999.0,-999.0,-999.0,-999.0,0,-999.0,-999.0,-999.0,0,0,0.03609191707129857
PSO J139.5610+35.8909,-999,-999,-999,151061395609509671,3578835000014808,214022515341783,0,16486949151736,15106,1,2038,90,0.79980597347003,3578835,49831,3,268959744,0,32,-999.0,-999.0,-999.0,-999.0,139.56097165,35.8908932,0.2551800012588501,0.2551800012588501,,,,,56042.25787037,-999.0,-0.6165909046204262,0.5254846331932714,0.5862435983591611,130.7607693778478,19.198516969962252,188.07033282126264,44.284891000734355,-999,0,1,0,0,0,1,0,-999.0,-999.0,-999.0,-999.0,0,-999.0,-999.0,-999.0,-999.0,-999.0,0,-999.0,-999.0,-999.0,0,0,-999.0,-999.0,-999.0,-999.0,0,-999.0,-999.0,-999.0,-999.0,-999.0,0,-999.0,-999.0,-999.0,0,0,-999.0,-999.0,-999.0,-999.0,0,-999.0,-999.0,-999.0,-999.0,-999.0,0,-999.0,-999.0,-999.0,0,0,0.6428070068359375,21.247299194335938,0.25473999977111816,-999.0,1,21.247299194335938,21.247299194335938,-999.0,-999.0,-999.0,0,21.888200759887695,0.25473999977111816,-999.0,1,4120,-999.0,-999.0,-999.0,-999.0,0,-999.0,-999.0,-999.0,-999.0,-999.0,0,-999.0,-999.0,-999.0,0,0,0.034565783027619895
PSO J139.5608+35.8856,-999,-999,-999,151061395608293309,3578835000014779,214022515341754,0,16486949133831,15106,1,2038,90,0.380126419831185,3578835,49831,3,277348352,0,33,-999.0,-999.0,-999.0,-999.0,139.56083559,35.88557589,0.16388000547885895,0.16388000547885895,,,,,55250.31938657,-999.0,-0.616631062301476,0.5255213851221443,0.5861684116226803,130.76246374489335,19.19344494603654,188.07772398337715,44.28435314958563,-999,0,1,0,1,0,0,0,-999.0,-999.0,-999.0,-999.0,0,-999.0,-999.0,-999.0,-999.0,-999.0,0,-999.0,-999.0,-999.0,0,0,0.7639150023460388,21.129600524902344,0.16318799555301666,-999.0,1,21.129600524902344,21.129600524902344,20.378599166870117,0.131071999669075,-999.0,1,20.565399169921875,0.16318799555301666,-999.0,1,16781336,-999.0,-999.0,-999.0,-999.0,0,-999.0,-999.0,-999.0,-999.0,-999.0,0,-999.0,-999.0,-999.0,0,0,-999.0,-999.0,-999.0,-999.0,0,-999.0,-999.0,-999.0,-999.0,-999.0,0,-999.0,-999.0,-999.0,0,0,-999.0,-999.0,-999.0,-999.0,0,-999.0,-999.0,-999.0,-999.0,-999.0,0,-999.0,-999.0,-999.0,0,0,0.03795444036152467
PSO J139.5604+35.8869,-999,-999,-999,151061395604104871,3578835000014674,214022515341649,0,16486949184212,15106,1,2038,90,0.6385338815288,3578835,49831,3,302067712,0,36,-999.0,-999.0,-999.0,-999.0,139.56042862,35.8868966,0.08271999657154083,0.08271999657154083,,,,,56344.39150463,-999.0,-0.6166170457999096,0.5255170006283578,0.5861870869266625,130.7616847476897,19.194590260635753,188.07584802288517,44.28413084915761,-999,0,1,0,1,0,0,0,-999.0,-999.0,-999.0,-999.0,0,-999.0,-999.0,-999.0,-999.0,-999.0,0,-999.0,-999.0,-999.0,0,0,0.3696979880332947,20.301000595092773,0.08134599775075912,-999.0,1,20.301000595092773,20.301000595092773,20.598600387573242,0.17490899562835693,-999.0,1,20.385099411010742,0.08134599775075912,-999.0,1,536,-999.0,-999.0,-999.0,-999.0,0,-999.0,-999.0,-999.0,-999.0,-999.0,0,-999.0,-999.0,-999.0,0,0,-999.0,-999.0,-999.0,-999.0,0,-999.0,-999.0,-999.0,-999.0,-999.0,0,-999.0,-999.0,-999.0,0,0,-999.0,-999.0,-999.0,-999.0,0,-999.0,-999.0,-999.0,-999.0,-999.0,0,-999.0,-999.0,-999.0,0,0,0.03734449667510256
PSO J139.5604+35.8909,-999,-999,-999,151061395604019593,3578835000014676,214022515341651,0,16486949151720,15106,1,2038,90,0.306278768280781,3578835,49831,3,268959744,0,32,-999.0,-999.0,-999.0,-999.0,139.56035448,35.89090437,0.1789799928665161,0.1789799928665161,,,,,55620.30420139,-999.0,-0.6165851572638373,0.5254912007293944,0.5862437562975902,130.76026409267814,19.198367266322663,188.07026108369072,44.28439352886483,-999,0,2,1,0,0,1,0,0.7768080234527588,22.05419921875,0.22373199462890625,-999.0,1,22.05419921875,22.05419921875,-999.0,-999.0,-999.0,0,22.406600952148438,0.22373199462890625,-999.0,1,4120,-999.0,-999.0,-999.0,-999.0,0,-999.0,-999.0,-999.0,-999.0,-999.0,0,-999.0,-999.0,-999.0,0,0,-999.0,-999.0,-999.0,-999.0,0,-999.0,-999.0,-999.0,-999.0,-999.0,0,-999.0,-999.0,-999.0,0,0,0.6479570269584656,21.28380012512207,0.29674699902534485,-999.0,1,21.28380012512207,21.28380012512207,-999.0,-999.0,-999.0,1,21.840900421142578,0.29674699902534485,-999.0,1,4120,-999.0,-999.0,-999.0,-999.0,0,-999.0,-999.0,-999.0,-999.0,-999.0,0,-999.0,-999.0,-999.0,0,0,0.03496982630721264
PSO J139.5603+35.8847,-999,-999,-999,151061395602752296,3578835000014639,214022515341614,0,16486949132030,15106,1,2038,90,0.0345915472457107,3578835,49831,3,268959744,0,32,-999.0,-999.0,-999.0,-999.0,139.5602801,35.88472826,0.21814000606536865,0.21814000606536865,,,,,55250.35447917,-999.0,-0.6166325671692294,0.5255329882599673,0.5861564256722217,130.76230006181342,19.19249777706021,188.07885353022402,44.2838362866706,-999,0,1,1,0,0,0,0,0.7433419823646545,21.585800170898438,0.21762800216674805,-999.0,1,21.585800170898438,21.585800170898438,21.065900802612305,0.19720999896526337,-999.0,1,21.08049964904785,0.21762800216674805,-999.0,1,4120,-999.0,-999.0,-999.0,-999.0,0,-999.0,-999.0,-999.0,-999.0,-999.0,0,-999.0,-999.0,-999.0,0,0,-999.0,-999.0,-999.0,-999.0,0,-999.0,-999.0,-999.0,-999.0,-999.0,0,-999.0,-999.0,-999.0,0,0,-999.0,-999.0,-999.0,-999.0,0,-999.0,-999.0,-999.0,-999.0,-999.0,0,-999.0,-999.0,-999.0,0,0,-999.0,-999.0,-999.0,-999.0,0,-999.0,-999.0,-999.0,-999.0,-999.0,0,-999.0,-999.0,-999.0,0,0,0.0388549717327378
PSO J139.5603+35.8872,-999,-999,-999,151061395602565249,3578835000014632,214022515341607,0,16486949184248,15106,1,2038,90,0.0540775778275706,3578835,49831,3,302067712,0,36,-999.0,-999.0,-999.0,-999.0,139.56027243,35.88721247,0.07457999885082245,0.07457999885082245,,,,,56344.37971065,-999.0,-0.6166131536540215,0.5255165853434589,0.586191553393422,130.76145061122102,19.194848896347626,188.07539399476508,44.28403015041608,-999,0,1,0,1,0,0,0,-999.0,-999.0,-999.0,-999.0,0,-999.0,-999.0,-999.0,-999.0,-999.0,0,-999.0,-999.0,-999.0,0,0,0.2069920003414154,20.448299407958984,0.07305999845266342,-999.0,1,20.448299407958984,20.448299407958984,21.284900665283203,0.21926000714302063,-999.0,1,21.476699829101562,0.07305999845266342,-999.0,1,536,-999.0,-999.0,-999.0,-999.0,0,-999.0,-999.0,-999.0,-999.0,-999.0,0,-999.0,-999.0,-999.0,0,0,-999.0,-999.0,-999.0,-999.0,0,-999.0,-999.0,-999.0,-999.0,-999.0,0,-999.0,-999.0,-999.0,0,0,-999.0,-999.0,-999.0,-999.0,0,-999.0,-999.0,-999.0,-999.0,-999.0,0,-999.0,-999.0,-999.0,0,0,0.03724145077264073
PSO J139.5602+35.8852,-999,-999,-999,151061395602402805,3578835000014626,214022515341601,0,16486949131797,15106,1,2038,90,0.506639480131343,3578835,49831,3,268959744,0,32,-999.0,-999.0,-999.0,-999.0,139.56024609,35.88519709,0.3368000090122223,0.3368000090122223,,,,,55250.30479167,-999.0,-0.6166286047911426,0.5255302431563604,0.5861630551999552,130.76211329152252,19.192933032919502,188.07819766643073,44.283846585184364,-999,0,1,0,1,0,0,0,-999.0,-999.0,-999.0,-999.0,0,-999.0,-999.0,-999.0,-999.0,-999.0,0,-999.0,-999.0,-999.0,0,0,0.4392260015010834,21.618799209594727,0.33646801114082336,-999.0,1,21.618799209594727,21.618799209594727,-999.0,-999.0,-999.0,0,21.476999282836914,0.33646801114082336,-999.0,1,4120,-999.0,-999.0,-999.0,-999.0,0,-999.0,-999.0,-999.0,-999.0,-999.0,0,-999.0,-999.0,-999.0,0,0,-999.0,-999.0,-999.0,-999.0,0,-999.0,-999.0,-999.0,-999.0,-999.0,0,-999.0,-999.0,-999.0,0,0,-999.0,-999.0,-999.0,-999.0,0,-999.0,-999.0,-999.0,-999.0,-999.0,0,-999.0,-999.0,-999.0,0,0,0.03856312748255518
PSO J139.5598+35.8903,-999,-999,-999,151061395597389001,3578835000014496,214022515341471,0,16486949151433,15106,1,2038,90,0.153520628021584,3578835,49831,3,268959744,0,32,-999.0,-999.0,-999.0,-999.0,139.55975115,35.89034092,0.1981399953365326,0.1981399953365326,,,,,55249.29931713,-999.0,-0.616584011488009,0.5255014329699597,0.5862357893577241,130.75996510592896,19.197676864076282,188.07099066694755,44.28386100065233,-999,0,1,0,0,1,0,0,-999.0,-999.0,-999.0,-999.0,0,-999.0,-999.0,-999.0,-999.0,-999.0,0,-999.0,-999.0,-999.0,0,0,-999.0,-999.0,-999.0,-999.0,0,-999.0,-999.0,-999.0,-999.0,-999.0,0,-999.0,-999.0,-999.0,0,0,0.694678008556366,20.925100326538086,0.19757500290870667,-999.0,1,20.925100326538086,20.925100326538086,-999.0,-999.0,-999.0,0,20.735599517822266,0.19757500290870667,-999.0,1,4120,-999.0,-999.0,-999.0,-999.0,0,-999.0,-999.0,-999.0,-999.0,-999.0,0,-999.0,-999.0,-999.0,0,0,-999.0,-999.0,-999.0,-999.0,0,-999.0,-999.0,-999.0,-999.0,-999.0,0,-999.0,-999.0,-999.0,0,0,0.03569255578920598
PSO J139.5597+35.8855,-999,-999,-999,151061395597063202,3578835000014481,214022515341456,0,16486949185834,15106,1,2038,90,0.159991440512232,3578835,49831,3,310456320,0,37,-999.0,-999.0,-999.0,-999.0,139.55971302,35.88548489,0.1685200035572052,0.1685200035572052,,,,,55250.30069444,-999.0,-0.6166214744360594,0.5255340702771286,0.5861671248392001,130.76158242988615,19.193067198780668,188.0777483648623,44.28343928041521,-999,0,1,0,0,1,0,0,-999.0,-999.0,-999.0,-999.0,0,-999.0,-999.0,-999.0,-999.0,-999.0,0,-999.0,-999.0,-999.0,0,0,-999.0,-999.0,-999.0,-999.0,0,-999.0,-999.0,-999.0,-999.0,-999.0,0,-999.0,-999.0,-999.0,0,0,0.996757984161377,20.797500610351562,0.1678519994020462,-999.0,1,20.797500610351562,20.797500610351562,18.98069953918457,0.08792000263929367,-999.0,1,19.531299591064453,0.1678519994020462,-999.0,1,16777488,-999.0,-999.0,-999.0,-999.0,0,-999.0,-999.0,-999.0,-999.0,-999.0,0,-999.0,-999.0,-999.0,0,0,-999.0,-999.0,-999.0,-999.0,0,-999.0,-999.0,-999.0,-999.0,-999.0,0,-999.0,-999.0,-999.0,0,0,0.03869904743298716
PSO J139.5597+35.8907,-999,-999,-999,151061395596549449,3578835000014470,214022515341445,0,16486949151407,15106,1,2038,90,0.449953104788394,3578835,49831,3,268959744,0,32,-999.0,-999.0,-999.0,-999.0,139.55966319,35.890714,0.23101000487804413,0.23101000487804413,,,,,55249.31701389,-999.0,-0.6165802994820893,0.5254999034451325,0.5862410645542784,130.75976699182837,19.19800741128616,188.0704632058346,44.2838199898461,-999,0,1,0,1,0,0,0,-999.0,-999.0,-999.0,-999.0,0,-999.0,-999.0,-999.0,-999.0,-999.0,0,-999.0,-999.0,-999.0,0,0,0.7435110211372375,21.859899520874023,0.2305220067501068,-999.0,1,21.859899520874023,21.859899520874023,-999.0,-999.0,-999.0,0,21.909000396728516,0.2305220067501068,-999.0,1,4120,-999.0,-999.0,-999.0,-999.0,0,-999.0,-999.0,-999.0,-999.0,-999.0,0,-999.0,-999.0,-999.0,0,0,-999.0,-999.0,-999.0,-999.0,0,-999.0,-999.0,-999.0,-999.0,-999.0,0,-999.0,-999.0,-999.0,0,0,-999.0,-999.0,-999.0,-999.0,0,-999.0,-999.0,-999.0,-999.0,-999.0,0,-999.0,-999.0,-999.0,0,0,0.03553931648603495
PSO J139.6034+35.8773,-999,-999,-999,151051396033913309,3578835000025183,214022515352158,0,16486948257527,15105,1,2038,90,0.0150809576875353,3578835,49831,3,310456320,0,37,-999.0,-999.0,-999.0,-999.0,139.60341718,35.87725163,0.18825000524520874,0.18825000524520874,,,,,56331.35887731,-999.0,-0.6170863044976772,0.5251181523660522,0.5860506964905542,130.79989296521296,19.196623696143988,188.09319397663023,44.31807303408279,-999,0,1,1,0,0,0,0,0.9989460110664368,22.22450065612793,0.18765300512313843,-999.0,1,22.22450065612793,22.22450065612793,21.661300659179688,0.26360899209976196,-999.0,1,21.662799835205078,0.18765300512313843,-999.0,1,16777496,-999.0,-999.0,-999.0,-999.0,0,-999.0,-999.0,-999.0,-999.0,-999.0,0,-999.0,-999.0,-999.0,0,0,-999.0,-999.0,-999.0,-999.0,0,-999.0,-999.0,-999.0,-999.0,-999.0,0,-999.0,-999.0,-999.0,0,0,-999.0,-999.0,-999.0,-999.0,0,-999.0,-999.0,-999.0,-999.0,-999.0,0,-999.0,-999.0,-999.0,0,0,-999.0,-999.0,-999.0,-999.0,0,-999.0,-999.0,-999.0,-999.0,-999.0,0,-999.0,-999.0,-999.0,0,0,0.03404739517253452
PSO J139.6033+35.8813,-999,-999,-999,151051396033128151,3578835000025167,214022515352142,0,16486948246984,15105,1,2038,90,0.249989074887698,3578835,49831,3,268959744,0,32,-999.0,-999.0,-999.0,-999.0,139.60333337,35.8813017,0.31255999207496643,0.31255999207496643,,,,,56344.35071759,-999.0,-0.6170539856341003,0.5250922063946878,0.5861079709376339,130.79844917713754,19.20043795482677,188.08754391210334,44.31833037674166,-999,0,1,0,0,1,0,0,-999.0,-999.0,-999.0,-999.0,0,-999.0,-999.0,-999.0,-999.0,-999.0,0,-999.0,-999.0,-999.0,0,0,-999.0,-999.0,-999.0,-999.0,0,-999.0,-999.0,-999.0,-999.0,-999.0,0,-999.0,-999.0,-999.0,0,0,0.4707300066947937,21.732900619506836,0.31220099329948425,-999.0,1,21.732900619506836,21.732900619506836,-999.0,-999.0,-999.0,0,22.648399353027344,0.31220099329948425,-999.0,1,4120,-999.0,-999.0,-999.0,-999.0,0,-999.0,-999.0,-999.0,-999.0,-999.0,0,-999.0,-999.0,-999.0,0,0,-999.0,-999.0,-999.0,-999.0,0,-999.0,-999.0,-999.0,-999.0,-999.0,0,-999.0,-999.0,-999.0,0,0,0.030057653562866403
PSO J139.6030+35.8820,-999,-999,-999,151051396029519009,3578835000025079,214022515352054,0,16486948247356,15105,1,2038,90,0.23319079376123,3578835,49831,3,268959744,0,32,-999.0,-999.0,-999.0,-999.0,139.6029682,35.88201472,0.1819700002670288,0.1819700002670288,,,,,56303.55474537,-999.0,-0.6170450841517,0.5250914120865842,0.5861180538740797,130.7979102381994,19.201018384167533,188.08651737719518,44.3180926535439,-999,0,1,0,1,0,0,0,-999.0,-999.0,-999.0,-999.0,0,-999.0,-999.0,-999.0,-999.0,-999.0,0,-999.0,-999.0,-999.0,0,0,0.7338039875030518,21.375,0.18135300278663635,-999.0,1,21.375,21.375,-999.0,-999.0,-999.0,0,20.97960090637207,0.18135300278663635,-999.0,1,4120,-999.0,-999.0,-999.0,-999.0,0,-999.0,-999.0,-999.0,-999.0,-999.0,0,-999.0,-999.0,-999.0,0,0,-999.0,-999.0,-999.0,-999.0,0,-999.0,-999.0,-999.0,-999.0,-999.0,0,-999.0,-999.0,-999.0,0,0,-999.0,-999.0,-999.0,-999.0,0,-999.0,-999.0,-999.0,-999.0,-999.0,0,-999.0,-999.0,-999.0,0,0,0.02930018903756819
PSO J139.6029+35.8825,-999,-999,-999,151051396028299571,3578835000025045,214022515352020,0,16486948247223,15105,1,2038,90,0.938493521826801,3578835,49831,3,302067712,0,36,-999.0,-999.0,-999.0,-999.0,139.60286573,35.88247773,0.14809000492095947,0.14809000492095947,,,,,56303.54353009,-999.0,-0.6170405378960079,0.5250894460097739,0.5861246013282106,130.79766969582624,19.20143029329179,188.08586301604703,44.3180470341172,-999,0,1,0,1,0,0,0,-999.0,-999.0,-999.0,-999.0,0,-999.0,-999.0,-999.0,-999.0,-999.0,0,-999.0,-999.0,-999.0,0,0,0.8887760043144226,21.248199462890625,0.14732599258422852,-999.0,1,21.248199462890625,21.248199462890625,21.095699310302734,0.15530699491500854,-999.0,1,20.91469955444336,0.14732599258422852,-999.0,1,280,-999.0,-999.0,-999.0,-999.0,0,-999.0,-999.0,-999.0,-999.0,-999.0,0,-999.0,-999.0,-999.0,0,0,-999.0,-999.0,-999.0,-999.0,0,-999.0,-999.0,-999.0,-999.0,-999.0,0,-999.0,-999.0,-999.0,0,0,-999.0,-999.0,-999.0,-999.0,0,-999.0,-999.0,-999.0,-999.0,-999.0,0,-999.0,-999.0,-999.0,0,0,0.028829882647113027
PSO J139.6028+35.8779,-999,-999,-999,151051396028224053,3578835000025038,214022515352013,0,16486948257437,15105,1,2038,90,0.690438884022123,3578835,49831,3,268959744,0,32,-999.0,-999.0,-999.0,-999.0,139.60284438,35.87788935,0.26287999749183655,0.26287999749183655,,,,,56344.37971065,-999.0,-0.6170760870237969,0.5251200940779397,0.5860597150623604,130.79921087651792,19.197078838028993,188.09225344992373,44.31766160786709,-999,0,1,0,1,0,0,0,-999.0,-999.0,-999.0,-999.0,0,-999.0,-999.0,-999.0,-999.0,-999.0,0,-999.0,-999.0,-999.0,0,0,0.636368989944458,21.747800827026367,0.2624559998512268,-999.0,1,21.747800827026367,21.747800827026367,-999.0,-999.0,-999.0,0,21.83099937438965,0.2624559998512268,-999.0,1,4120,-999.0,-999.0,-999.0,-999.0,0,-999.0,-999.0,-999.0,-999.0,-999.0,0,-999.0,-999.0,-999.0,0,0,-999.0,-999.0,-999.0,-999.0,0,-999.0,-999.0,-999.0,-999.0,-999.0,0,-999.0,-999.0,-999.0,0,0,-999.0,-999.0,-999.0,-999.0,0,-999.0,-999.0,-999.0,-999.0,-999.0,0,-999.0,-999.0,-999.0,0,0,0.033338718463217155
PSO J139.6028+35.8812,-999,-999,-999,151051396027657986,3578835000025030,214022515352005,0,16486948246947,15105,1,2038,90,0.992799386375397,3578835,49831,3,268959744,0,32,-999.0,-999.0,-999.0,-999.0,139.60278635,35.881165,0.2202800065279007,0.2202800065279007,,,,,56344.36663194,-999.0,-0.6170500373512188,0.5250990038314075,0.5861060378294382,130.79805109228369,19.200166304798007,188.08768466322624,44.31787762475612,-999,0,1,0,0,1,0,0,-999.0,-999.0,-999.0,-999.0,0,-999.0,-999.0,-999.0,-999.0,-999.0,0,-999.0,-999.0,-999.0,0,0,-999.0,-999.0,-999.0,-999.0,0,-999.0,-999.0,-999.0,-999.0,-999.0,0,-999.0,-999.0,-999.0,0,0,0.5705450177192688,21.439599990844727,0.2197670042514801,-999.0,1,21.439599990844727,21.439599990844727,-999.0,-999.0,-999.0,0,21.640199661254883,0.2197670042514801,-999.0,1,4120,-999.0,-999.0,-999.0,-999.0,0,-999.0,-999.0,-999.0,-999.0,-999.0,0,-999.0,-999.0,-999.0,0,0,-999.0,-999.0,-999.0,-999.0,0,-999.0,-999.0,-999.0,-999.0,-999.0,0,-999.0,-999.0,-999.0,0,0,0.03010634574839997
PSO J139.6023+35.8793,-999,-999,-999,151051396023065767,3578835000024930,214022515351905,0,16486948254700,15105,1,2038,90,0.382642943768429,3578835,49831,3,268959744,0,32,-999.0,-999.0,-999.0,-999.0,139.60232829,35.87931785,0.2582100033760071,0.2582100033760071,,,,,56344.37971065,-999.0,-0.6170602290819243,0.5251161825338141,0.5860799165015613,130.79830627817518,19.1982977142142,188.09021641352712,44.31735945810486,-999,0,1,0,1,0,0,0,-999.0,-999.0,-999.0,-999.0,0,-999.0,-999.0,-999.0,-999.0,-999.0,0,-999.0,-999.0,-999.0,0,0,0.4287480115890503,21.535200119018555,0.2577739953994751,-999.0,1,21.535200119018555,21.535200119018555,-999.0,-999.0,-999.0,0,22.46500015258789,0.2577739953994751,-999.0,1,4120,-999.0,-999.0,-999.0,-999.0,0,-999.0,-999.0,-999.0,-999.0,-999.0,0,-999.0,-999.0,-999.0,0,0,-999.0,-999.0,-999.0,-999.0,0,-999.0,-999.0,-999.0,-999.0,-999.0,0,-999.0,-999.0,-999.0,0,0,-999.0,-999.0,-999.0,-999.0,0,-999.0,-999.0,-999.0,-999.0,-999.0,0,-999.0,-999.0,-999.0,0,0,0.03186060584186726
PSO J139.6023+35.8775,-999,-999,-999,151051396022993614,3578835000024928,214022515351903,0,16486948253981,15105,1,2038,90,0.126066533966052,3578835,49831,3,268959744,0,32,-999.0,-999.0,-999.0,-999.0,139.60231727,35.87752201,0.2750200033187866,0.2750200033187866,,,,,56344.39150463,-999.0,-0.6170741174852321,0.525128206154752,0.5860545201860612,130.79890729579,19.19659390782293,188.0927172831284,44.31720639273006,-999,0,1,0,1,0,0,0,-999.0,-999.0,-999.0,-999.0,0,-999.0,-999.0,-999.0,-999.0,-999.0,0,-999.0,-999.0,-999.0,0,0,0.48618999123573303,21.32349967956543,0.27461498975753784,-999.0,1,21.32349967956543,21.32349967956543,-999.0,-999.0,-999.0,0,21.698400497436523,0.27461498975753784,-999.0,1,4120,-999.0,-999.0,-999.0,-999.0,0,-999.0,-999.0,-999.0,-999.0,-999.0,0,-999.0,-999.0,-999.0,0,0,-999.0,-999.0,-999.0,-999.0,0,-999.0,-999.0,-999.0,-999.0,-999.0,0,-999.0,-999.0,-999.0,0,0,-999.0,-999.0,-999.0,-999.0,0,-999.0,-999.0,-999.0,-999.0,-999.0,0,-999.0,-999.0,-999.0,0,0,0.03363220459365011
PSO J139.6022+35.8782,-999,-999,-999,151051396021904418,3578835000024903,214022515351878,0,16486948254152,15105,1,2038,90,0.489156489716057,3578835,49831,3,268959744,0,32,-999.0,-999.0,-999.0,-999.0,139.60220697,35.87818414,0.35183000564575195,0.35183000564575195,,,,,55249.28297454,-999.0,-0.6170679487178015,0.5251250047561787,0.5860638839282181,130.7985927651477,19.19719238112307,188.091784811208,44.317170469357784,-999,0,1,0,0,1,0,0,-999.0,-999.0,-999.0,-999.0,0,-999.0,-999.0,-999.0,-999.0,-999.0,0,-999.0,-999.0,-999.0,0,0,-999.0,-999.0,-999.0,-999.0,0,-999.0,-999.0,-999.0,-999.0,-999.0,0,-999.0,-999.0,-999.0,0,0,0.7535949945449829,21.3700008392334,0.3515070080757141,-999.0,1,21.3700008392334,21.3700008392334,-999.0,-999.0,-999.0,1,22.365699768066406,0.3515070080757141,-999.0,1,4120,-999.0,-999.0,-999.0,-999.0,0,-999.0,-999.0,-999.0,-999.0,-999.0,0,-999.0,-999.0,-999.0,0,0,-999.0,-999.0,-999.0,-999.0,0,-999.0,-999.0,-999.0,-999.0,-999.0,0,-999.0,-999.0,-999.0,0,0,0.03296422043631158
PSO J139.6021+35.8804,-999,-999,-999,151051396020917035,3578835000024884,214022515351859,0,16486948254528,15105,1,2038,90,0.0520946961381423,3578835,49831,3,268959744,0,32,-999.0,-999.0,-999.0,-999.0,139.60211293,35.88037459,0.24733999371528625,0.24733999371528625,,,,,56344.37971065,-999.0,-0.6170500231518035,0.5251114963143846,0.5860948603825381,130.79777233460464,19.19924263877386,188.08872464170128,44.31727033361634,-999,0,1,0,1,0,0,0,-999.0,-999.0,-999.0,-999.0,0,-999.0,-999.0,-999.0,-999.0,-999.0,0,-999.0,-999.0,-999.0,0,0,0.5749599933624268,21.658100128173828,0.24687999486923218,-999.0,1,21.658100128173828,21.658100128173828,-999.0,-999.0,-999.0,0,23.012699127197266,0.24687999486923218,-999.0,1,4120,-999.0,-999.0,-999.0,-999.0,0,-999.0,-999.0,-999.0,-999.0,-999.0,0,-999.0,-999.0,-999.0,0,0,-999.0,-999.0,-999.0,-999.0,0,-999.0,-999.0,-999.0,-999.0,-999.0,0,-999.0,-999.0,-999.0,0,0,-999.0,-999.0,-999.0,-999.0,0,-999.0,-999.0,-999.0,-999.0,-999.0,0,-999.0,-999.0,-999.0,0,0,0.030789556064941062
PSO J139.6020+35.8813,-999,-999,-999,151051396019468154,3578835000024853,214022515351828,0,16486948247467,15105,1,2038,90,0.273101493970586,3578835,49831,3,268959744,0,32,-999.0,-999.0,-999.0,-999.0,139.60197206,35.88129678,0.264849990606308,0.264849990606308,,,,,56043.26700231,-999.0,-0.6170415479435524,0.5251068996609727,0.5861079013627661,130.79734462364215,19.20007948390979,188.08742709079308,44.317230558955515,-999,0,1,0,0,0,1,0,-999.0,-999.0,-999.0,-999.0,0,-999.0,-999.0,-999.0,-999.0,-999.0,0,-999.0,-999.0,-999.0,0,0,-999.0,-999.0,-999.0,-999.0,0,-999.0,-999.0,-999.0,-999.0,-999.0,0,-999.0,-999.0,-999.0,0,0,-999.0,-999.0,-999.0,-999.0,0,-999.0,-999.0,-999.0,-999.0,-999.0,0,-999.0,-999.0,-999.0,0,0,0.4961540102958679,20.847000122070312,0.2644279897212982,-999.0,1,20.847000122070312,20.847000122070312,-999.0,-999.0,-999.0,0,21.5851993560791,0.2644279897212982,-999.0,1,4120,-999.0,-999.0,-999.0,-999.0,0,-999.0,-999.0,-999.0,-999.0,-999.0,0,-999.0,-999.0,-999.0,0,0,0.02986113585870878
PSO J139.6017+35.8799,-999,-999,-999,151051396016576513,3578835000024790,214022515351765,0,16486948253860,15105,1,2038,90,0.235527106780118,3578835,49831,3,268959744,0,32,-999.0,-999.0,-999.0,-999.0,139.60167536,35.8799386,0.21288999915122986,0.21288999915122986,,,,,56344.39150463,-999.0,-0.6170494092632224,0.5251190991464427,0.5860886948573029,130.7975648439676,19.198715961997863,188.08929227298876,44.316881949417386,-999,0,1,0,1,0,0,0,-999.0,-999.0,-999.0,-999.0,0,-999.0,-999.0,-999.0,-999.0,-999.0,0,-999.0,-999.0,-999.0,0,0,0.5077840089797974,21.104900360107422,0.21236400306224823,-999.0,1,21.104900360107422,21.104900360107422,-999.0,-999.0,-999.0,0,22.879899978637695,0.21236400306224823,-999.0,1,4120,-999.0,-999.0,-999.0,-999.0,0,-999.0,-999.0,-999.0,-999.0,-999.0,0,-999.0,-999.0,-999.0,0,0,-999.0,-999.0,-999.0,-999.0,0,-999.0,-999.0,-999.0,-999.0,-999.0,0,-999.0,-999.0,-999.0,0,0,-999.0,-999.0,-999.0,-999.0,0,-999.0,-999.0,-999.0,-999.0,-999.0,0,-999.0,-999.0,-999.0,0,0,0.03116458352931786
PSO J139.6016+35.8778,-999,-999,-999,151051396015733964,3578835000024772,214022515351747,0,16486948254174,15105,1,2038,90,0.277605006729816,3578835,49831,3,268959744,0,32,-999.0,-999.0,-999.0,-999.0,139.60159867,35.87780932,0.28227001428604126,0.28227001428604126,,,,,56049.25005787,-999.0,-0.6170652932627687,0.5251340407957302,0.5860585832901704,130.79822574668887,19.196679265714266,188.0922516782121,44.31664908163526,-999,0,1,0,0,0,0,1,-999.0,-999.0,-999.0,-999.0,0,-999.0,-999.0,-999.0,-999.0,-999.0,0,-999.0,-999.0,-999.0,0,0,-999.0,-999.0,-999.0,-999.0,0,-999.0,-999.0,-999.0,-999.0,-999.0,0,-999.0,-999.0,-999.0,0,0,-999.0,-999.0,-999.0,-999.0,0,-999.0,-999.0,-999.0,-999.0,-999.0,0,-999.0,-999.0,-999.0,0,0,-999.0,-999.0,-999.0,-999.0,0,-999.0,-999.0,-999.0,-999.0,-999.0,0,-999.0,-999.0,-999.0,0,0,0.7495449781417847,20.225500106811523,0.2818709909915924,-999.0,1,20.225500106811523,20.225500106811523,-999.0,-999.0,-999.0,1,20.691499710083008,0.2818709909915924,-999.0,1,4120,0.03326259776974521
PSO J139.6013+35.8788,-999,-999,-999,151051396013225148,3578835000024718,214022515351693,0,16486948254651,15105,1,2038,90,0.494826847216884,3578835,49831,3,268959744,0,32,-999.0,-999.0,-999.0,-999.0,139.6013414,35.87880526,0.8666899800300598,0.8666899800300598,,,,,55249.24423611,-999.0,-0.6170551771625478,0.5251302091670814,0.5860726676420204,130.79767840558335,19.197555712951022,188.0908408122674,44.316521259008994,-999,0,1,0,0,0,1,0,-999.0,-999.0,-999.0,-999.0,0,-999.0,-999.0,-999.0,-999.0,-999.0,0,-999.0,-999.0,-999.0,0,0,-999.0,-999.0,-999.0,-999.0,0,-999.0,-999.0,-999.0,-999.0,-999.0,0,-999.0,-999.0,-999.0,0,0,-999.0,-999.0,-999.0,-999.0,0,-999.0,-999.0,-999.0,-999.0,-999.0,0,-999.0,-999.0,-999.0,0,0,0.419869989156723,21.90730094909668,-999.0,-999.0,1,21.90730094909668,21.90730094909668,-999.0,-999.0,-999.0,0,-999.0,-999.0,-999.0,0,4120,-999.0,-999.0,-999.0,-999.0,0,-999.0,-999.0,-999.0,-999.0,-999.0,0,-999.0,-999.0,-999.0,0,0,0.03224743911384503
PSO J139.6005+35.8802,-999,-999,-999,151051396004306871,3578835000024511,214022515351486,0,16486948253739,15105,1,2038,90,0.453325613824023,3578835,49831,3,268959744,0,32,-999.0,-999.0,-999.0,-999.0,139.60045876,35.8802309,0.2945699989795685,0.2945699989795685,,,,,56032.28560185,-999.0,-0.617035981901098,0.5251302633954025,0.586092828403166,130.7964769217592,19.198676621801734,188.0887744852945,44.31592284508057,-999,0,1,1,0,0,0,0,0.6619679927825928,21.717899322509766,0.294185996055603,-999.0,1,21.717899322509766,21.717899322509766,21.189800262451172,0.20670199394226074,-999.0,1,21.266000747680664,0.294185996055603,-999.0,1,4112,-999.0,-999.0,-999.0,-999.0,0,-999.0,-999.0,-999.0,-999.0,-999.0,0,-999.0,-999.0,-999.0,0,0,-999.0,-999.0,-999.0,-999.0,0,-999.0,-999.0,-999.0,-999.0,-999.0,0,-999.0,-999.0,-999.0,0,0,-999.0,-999.0,-999.0,-999.0,0,-999.0,-999.0,-999.0,-999.0,-999.0,0,-999.0,-999.0,-999.0,0,0,-999.0,-999.0,-999.0,-999.0,0,-999.0,-999.0,-999.0,-999.0,-999.0,0,-999.0,-999.0,-999.0,0,0,0.030741725423790077
PSO J139.6004+35.8761,-999,-999,-999,151051396003511949,3578835000024482,214022515351457,0,16486948252869,15105,1,2038,90,0.645279737790376,3578835,49831,3,302067712,0,36,-999.0,-999.0,-999.0,-999.0,139.60038474,35.87612968,0.18619999289512634,0.18619999289512634,,,,,55275.31780093,-999.0,-0.6170672504523778,0.5251582491666495,0.58603482981079,130.79780973425892,19.19477287070109,188.09448120084159,44.315533740754994,-999,0,1,1,0,0,0,0,0.9988970160484314,22.25079917907715,0.185589998960495,-999.0,1,22.25079917907715,22.25079917907715,22.24519920349121,0.33090001344680786,-999.0,1,22.1476993560791,0.185589998960495,-999.0,1,280,-999.0,-999.0,-999.0,-999.0,0,-999.0,-999.0,-999.0,-999.0,-999.0,0,-999.0,-999.0,-999.0,0,0,-999.0,-999.0,-999.0,-999.0,0,-999.0,-999.0,-999.0,-999.0,-999.0,0,-999.0,-999.0,-999.0,0,0,-999.0,-999.0,-999.0,-999.0,0,-999.0,-999.0,-999.0,-999.0,-999.0,0,-999.0,-999.0,-999.0,0,0,-999.0,-999.0,-999.0,-999.0,0,-999.0,-999.0,-999.0,-999.0,-999.0,0,-999.0,-999.0,-999.0,0,0,0.034810431902563777
PSO J139.6003+35.8748,-999,-999,-999,151051396002720297,3578835000024458,214022515351433,0,16486948251278,15105,1,2038,90,0.49519487143978,3578835,49831,3,436527232,7,52,139.60029443,35.87475763,0.0010000000474974513,0.0010000000474974513,139.60032204216236,35.87476771853193,0.002664115363259576,0.002673095047346103,1.893834032591621,-9.11403120410482,1.5275429398877165,1.529084891054568,55994.05986783015,2.411576747894287,-0.617077284239125,0.5251679528166369,0.5860155685734372,130.79822735230917,19.193461687303206,188.09638225071913,44.31537694205057,-999,5,124,15,26,36,21,26,0.9997739791870117,21.768199920654297,0.056696999818086624,0.23992599546909332,14,21.41309928894043,22.276899337768555,21.61910057067871,0.09511800110340118,0.42627501487731934,14,21.608600616455078,0.07688699662685394,0.28206101059913635,14,115000,0.9996619820594788,20.739999771118164,0.017616000026464462,0.08199000358581543,26,20.568599700927734,20.867399215698242,20.879499435424805,0.0350629985332489,0.17316600680351257,26,20.77720069885254,0.032260000705718994,0.14910000562667847,26,115000,0.9997479915618896,19.51409912109375,0.010298999957740307,0.07007700204849243,35,19.337200164794922,19.635799407958984,19.639699935913086,0.022491000592708588,0.13015100359916687,35,19.528900146484375,0.019318999722599983,0.13623300194740295,35,115000,0.9996669888496399,18.97949981689453,0.010061999782919884,0.06109600141644478,17,18.906400680541992,19.17919921875,19.089599609375,0.02001900039613247,0.10356300324201584,17,18.99250030517578,0.025150999426841736,0.091948002576828,17,115000,0.999127984046936,18.72610092163086,0.026660999283194542,0.13056200742721558,25,18.527099609375,19.03700065612793,18.869699478149414,0.03268999978899956,0.19532999396324158,24,18.730199813842773,0.034609001129865646,0.2736459970474243,25,115000,0.03616017041506187
PSO J139.6001+35.8820,-999,-999,-999,151051396000778983,3578835000024409,214022515351384,0,16486948264049,15105,1,2038,90,0.504469614945789,3578835,49831,3,268959744,0,32,-999.0,-999.0,-999.0,-999.0,139.60009792,35.8819925,0.26756998896598816,0.26756998896598816,,,,,56043.25655093,-999.0,-0.6170189515846284,0.5251224701370306,0.5861177396586709,130.7955853566921,19.20025135632755,188.08628757830522,44.315772791732044,-999,0,1,0,0,0,1,0,-999.0,-999.0,-999.0,-999.0,0,-999.0,-999.0,-999.0,-999.0,-999.0,0,-999.0,-999.0,-999.0,0,0,-999.0,-999.0,-999.0,-999.0,0,-999.0,-999.0,-999.0,-999.0,-999.0,0,-999.0,-999.0,-999.0,0,0,-999.0,-999.0,-999.0,-999.0,0,-999.0,-999.0,-999.0,-999.0,-999.0,0,-999.0,-999.0,-999.0,0,0,0.6652839779853821,21.329999923706055,0.26715201139450073,-999.0,1,21.329999923706055,21.329999923706055,-999.0,-999.0,-999.0,0,21.49020004272461,0.26715201139450073,-999.0,1,4120,-999.0,-999.0,-999.0,-999.0,0,-999.0,-999.0,-999.0,-999.0,-999.0,0,-999.0,-999.0,-999.0,0,0,0.02895786936441892
PSO J139.5997+35.8767,-999,-999,-999,151051395997262604,3578835000024314,214022515351289,0,16486948252746,15105,1,2038,90,0.048716177277934,3578835,49831,3,268959744,0,32,-999.0,-999.0,-999.0,-999.0,139.59974163,35.87667551,0.23038999736309052,0.23038999736309052,,,,,55249.29457176,-999.0,-0.6170571042463718,0.525161556917323,0.5860425489973023,130.79710172786096,19.195122714383473,188.0936623022862,44.31505817130958,-999,0,1,0,0,1,0,0,-999.0,-999.0,-999.0,-999.0,0,-999.0,-999.0,-999.0,-999.0,-999.0,0,-999.0,-999.0,-999.0,0,0,-999.0,-999.0,-999.0,-999.0,0,-999.0,-999.0,-999.0,-999.0,-999.0,0,-999.0,-999.0,-999.0,0,0,0.6426720023155212,20.86520004272461,0.2299019992351532,-999.0,1,20.86520004272461,20.86520004272461,-999.0,-999.0,-999.0,0,21.27090072631836,0.2299019992351532,-999.0,1,4120,-999.0,-999.0,-999.0,-999.0,0,-999.0,-999.0,-999.0,-999.0,-999.0,0,-999.0,-999.0,-999.0,0,0,-999.0,-999.0,-999.0,-999.0,0,-999.0,-999.0,-999.0,-999.0,-999.0,0,-999.0,-999.0,-999.0,0,0,0.03421631489806333
PSO J139.5994+35.8796,-999,-999,-999,151051395993856158,3578835000024227,214022515351202,0,16486948251888,15105,1,2038,90,0.0338924797567469,3578835,49831,3,268513280,0,32,-999.0,-999.0,-999.0,-999.0,139.59941761,35.87963256,0.02159000001847744,0.02159000001847744,,,,,55651.26361111,-999.0,-0.6170311003709396,0.525145442656717,0.5860843669915691,130.79583408162094,19.197839307688966,188.08951339296726,44.31503394805373,-999,0,1,0,0,0,0,1,-999.0,-999.0,-999.0,-999.0,0,-999.0,-999.0,-999.0,-999.0,-999.0,0,-999.0,-999.0,-999.0,0,0,-999.0,-999.0,-999.0,-999.0,0,-999.0,-999.0,-999.0,-999.0,-999.0,0,-999.0,-999.0,-999.0,0,0,-999.0,-999.0,-999.0,-999.0,0,-999.0,-999.0,-999.0,-999.0,-999.0,0,-999.0,-999.0,-999.0,0,0,-999.0,-999.0,-999.0,-999.0,0,-999.0,-999.0,-999.0,-999.0,-999.0,0,-999.0,-999.0,-999.0,0,0,0.9994059801101685,16.95490074157715,0.015526000410318375,-999.0,1,16.95490074157715,16.95490074157715,17.692800521850586,0.03598399832844734,-999.0,1,17.603700637817383,0.015526000410318375,-999.0,1,24,0.03124764309148114
PSO J139.5992+35.8772,-999,-999,-999,151051395991683191,3578835000024179,214022515351154,0,16486948252429,15105,1,2038,90,0.640359066091812,3578835,49831,3,310456320,0,37,-999.0,-999.0,-999.0,-999.0,139.5991926,35.87715271,0.18535999953746796,0.18535999953746796,,,,,56331.35887731,-999.0,-0.6170483548904037,0.5251643062392934,0.5860492975674044,130.79649348713673,19.1954320081999,188.0929475780884,44.314653074946186,-999,0,1,1,0,0,0,0,0.11811099946498871,22.21109962463379,0.18474900722503662,-999.0,1,22.21109962463379,22.21109962463379,21.347700119018555,0.18354099988937378,-999.0,1,21.289899826049805,0.18474900722503662,-999.0,1,16777752,-999.0,-999.0,-999.0,-999.0,0,-999.0,-999.0,-999.0,-999.0,-999.0,0,-999.0,-999.0,-999.0,0,0,-999.0,-999.0,-999.0,-999.0,0,-999.0,-999.0,-999.0,-999.0,-999.0,0,-999.0,-999.0,-999.0,0,0,-999.0,-999.0,-999.0,-999.0,0,-999.0,-999.0,-999.0,-999.0,-999.0,0,-999.0,-999.0,-999.0,0,0,-999.0,-999.0,-999.0,-999.0,0,-999.0,-999.0,-999.0,-999.0,-999.0,0,-999.0,-999.0,-999.0,0,0,0.03370300631046421
PSO J139.5988+35.8804,-999,-999,-999,151051395987537077,3578835000024081,214022515351056,0,16486948258873,15105,1,2038,90,0.544537568040693,3578835,49831,3,268959744,0,32,-999.0,-999.0,-999.0,-999.0,139.59877355,35.88040136,0.47137001156806946,0.47137001156806946,,,,,56042.25787037,-999.0,-0.6170192084036719,0.5251472815732129,0.586095238947708,130.79504958209958,19.19840009962047,188.08838383541158,44.31457550418896,-999,0,1,0,0,0,1,0,-999.0,-999.0,-999.0,-999.0,0,-999.0,-999.0,-999.0,-999.0,-999.0,0,-999.0,-999.0,-999.0,0,0,-999.0,-999.0,-999.0,-999.0,0,-999.0,-999.0,-999.0,-999.0,-999.0,0,-999.0,-999.0,-999.0,0,0,-999.0,-999.0,-999.0,-999.0,0,-999.0,-999.0,-999.0,-999.0,-999.0,0,-999.0,-999.0,-999.0,0,0,0.7078269720077515,21.815399169921875,0.47113001346588135,-999.0,1,21.815399169921875,21.815399169921875,-999.0,-999.0,-999.0,0,22.883800506591797,0.47113001346588135,-999.0,1,4120,-999.0,-999.0,-999.0,-999.0,0,-999.0,-999.0,-999.0,-999.0,-999.0,0,-999.0,-999.0,-999.0,0,0,0.030437784412916724
PSO J139.5984+35.8826,-999,-999,-999,151051395983729794,3578835000023996,214022515350971,0,16486948264513,15105,1,2038,90,0.371016347195037,3578835,49831,3,277348352,0,33,-999.0,-999.0,-999.0,-999.0,139.59838524,35.88263776,0.20845000445842743,0.20845000445842743,,,,,55259.44689815,-999.0,-0.6169982277126762,0.5251366354855415,0.5861268643138123,130.79397444580331,19.200417415162498,188.0852330504765,44.31444138922997,-999,0,1,0,0,1,0,0,-999.0,-999.0,-999.0,-999.0,0,-999.0,-999.0,-999.0,-999.0,-999.0,0,-999.0,-999.0,-999.0,0,0,-999.0,-999.0,-999.0,-999.0,0,-999.0,-999.0,-999.0,-999.0,-999.0,0,-999.0,-999.0,-999.0,0,0,0.6893380284309387,20.922300338745117,0.20791299641132355,-999.0,1,20.922300338745117,20.922300338745117,-999.0,-999.0,-999.0,0,20.25469970703125,0.20791299641132355,-999.0,1,16781336,-999.0,-999.0,-999.0,-999.0,0,-999.0,-999.0,-999.0,-999.0,-999.0,0,-999.0,-999.0,-999.0,0,0,-999.0,-999.0,-999.0,-999.0,0,-999.0,-999.0,-999.0,-999.0,-999.0,0,-999.0,-999.0,-999.0,0,0,0.02818423567494417
PSO J139.5977+35.8751,-999,-999,-999,151051395977280677,3578835000023847,214022515350822,0,16486948250368,15105,1,2038,90,0.520705956519308,3578835,49831,3,268959744,0,32,-999.0,-999.0,-999.0,-999.0,139.59774626,35.87506654,0.23138000071048737,0.23138000071048737,,,,,55248.28315972,-999.0,-0.6170513467958206,0.5251937125798001,0.5860197946179893,130.79602663612005,19.19308016240787,188.09572213451855,44.313317288505736,-999,0,1,0,0,1,0,0,-999.0,-999.0,-999.0,-999.0,0,-999.0,-999.0,-999.0,-999.0,-999.0,0,-999.0,-999.0,-999.0,0,0,-999.0,-999.0,-999.0,-999.0,0,-999.0,-999.0,-999.0,-999.0,-999.0,0,-999.0,-999.0,-999.0,0,0,0.743179976940155,21.451799392700195,0.23089499771595,-999.0,1,21.451799392700195,21.451799392700195,-999.0,-999.0,-999.0,1,21.453800201416016,0.23089499771595,-999.0,1,4120,-999.0,-999.0,-999.0,-999.0,0,-999.0,-999.0,-999.0,-999.0,-999.0,0,-999.0,-999.0,-999.0,0,0,-999.0,-999.0,-999.0,-999.0,0,-999.0,-999.0,-999.0,-999.0,-999.0,0,-999.0,-999.0,-999.0,0,0,0.03571479217956921
PSO J139.5977+35.8811,-999,-999,-999,151051395976577979,3578835000023829,214022515350804,0,16486948272298,15105,1,2038,90,0.351098388760442,3578835,49831,3,268959744,0,32,-999.0,-999.0,-999.0,-999.0,139.59767071,35.88114771,0.330810010433197,0.330810010433197,,,,,57033.58118056,-999.0,-0.6170032862393997,0.5251542095406098,0.5861057933270739,130.7938998974859,19.198820401013716,188.0872438648478,44.313744737646516,-999,0,1,0,0,1,0,0,-999.0,-999.0,-999.0,-999.0,0,-999.0,-999.0,-999.0,-999.0,-999.0,0,-999.0,-999.0,-999.0,0,0,-999.0,-999.0,-999.0,-999.0,0,-999.0,-999.0,-999.0,-999.0,-999.0,0,-999.0,-999.0,-999.0,0,0,0.5149279832839966,22.072099685668945,0.3304719924926758,-999.0,1,22.072099685668945,22.072099685668945,-999.0,-999.0,-999.0,0,22.504100799560547,0.3304719924926758,-999.0,1,4120,-999.0,-999.0,-999.0,-999.0,0,-999.0,-999.0,-999.0,-999.0,-999.0,0,-999.0,-999.0,-999.0,0,0,-999.0,-999.0,-999.0,-999.0,0,-999.0,-999.0,-999.0,-999.0,-999.0,0,-999.0,-999.0,-999.0,0,0,0.029637023134886194
PSO J139.5976+35.8755,-999,-999,-999,151051395974651213,3578835000023783,214022515350758,0,16486948250247,15105,1,2038,90,0.272914275781172,3578835,49831,3,436527104,7,52,139.59755278,35.87542056,0.0010000000474974513,0.0010000000474974513,139.59757962286645,35.87545973096843,0.01746811643544175,0.01746811643544175,14.947227469768361,10.038867149095584,9.179011679542732,9.179011679542732,56192.31038186838,6.421223163604736,-0.6170467568705517,0.5251929006025171,0.5860253552468945,130.7957555813069,19.193415757062894,188.09514981505,44.31321504653841,-999,5,26,0,10,12,4,0,-999.0,-999.0,-999.0,-999.0,0,-999.0,-999.0,-999.0,-999.0,-999.0,0,-999.0,-999.0,-999.0,0,114720,0.9997010231018066,21.702199935913086,0.042621999979019165,0.16789600253105164,10,21.569599151611328,22.07360076904297,21.25160026550293,0.12062600255012512,0.48728200793266296,10,21.227100372314453,0.09487400203943253,0.2927420139312744,10,16892216,0.9997159838676453,21.475500106811523,0.05662500113248825,0.23688000440597534,12,20.834699630737305,21.78070068359375,21.285499572753906,0.07914800196886063,0.2919589877128601,12,21.29319953918457,0.10375700145959854,0.34163200855255127,12,115000,0.9989420175552368,20.75029945373535,0.1882680058479309,0.2904540002346039,3,20.552499771118164,21.102100372314453,21.02680015563965,0.16944000124931335,0.3317910134792328,3,20.663000106811523,0.2390040010213852,0.41685500741004944,3,115000,-999.0,-999.0,-999.0,-999.0,0,-999.0,-999.0,-999.0,-999.0,-999.0,0,-999.0,-999.0,-999.0,0,114720,0.035316491138431876
PSO J139.5973+35.8766,-999,-999,-999,151051395973012567,3578835000023740,214022515350715,0,16486948252991,15105,1,2038,90,0.68252858024326,3578835,49831,3,268513280,0,32,-999.0,-999.0,-999.0,-999.0,139.59733179,35.87663665,0.01534000039100647,0.01534000039100647,,,,,56283.59672454,-999.0,-0.6170353182732242,0.5251877672791128,0.586041999436765,130.79515657613672,19.194459601120737,188.09349718594456,44.313108715066654,-999,0,1,1,0,0,0,0,0.9995710253715515,17.1968994140625,0.002905000001192093,-999.0,1,17.1968994140625,17.1968994140625,17.8262996673584,0.00864300038665533,-999.0,1,17.732099533081055,0.002905000001192093,-999.0,1,24,-999.0,-999.0,-999.0,-999.0,0,-999.0,-999.0,-999.0,-999.0,-999.0,0,-999.0,-999.0,-999.0,0,0,-999.0,-999.0,-999.0,-999.0,0,-999.0,-999.0,-999.0,-999.0,-999.0,0,-999.0,-999.0,-999.0,0,0,-999.0,-999.0,-999.0,-999.0,0,-999.0,-999.0,-999.0,-999.0,-999.0,0,-999.0,-999.0,-999.0,0,0,-999.0,-999.0,-999.0,-999.0,0,-999.0,-999.0,-999.0,-999.0,-999.0,0,-999.0,-999.0,-999.0,0,0,0.03413306345170428
PSO J139.5971+35.8745,-999,-999,-999,151051395970880062,3578835000023679,214022515350654,0,16486948250413,15105,1,2038,90,0.418079048784523,3578835,49831,3,302067712,0,36,-999.0,-999.0,-999.0,-999.0,139.59711641,35.87453883,0.18818999826908112,0.18818999826908112,,,,,56759.31069444,-999.0,-0.6170496834551654,0.5252039941164941,0.5860123315357465,130.79569400106618,19.192416638196544,188.09639991882744,44.312766154036446,-999,0,1,0,0,1,0,0,-999.0,-999.0,-999.0,-999.0,0,-999.0,-999.0,-999.0,-999.0,-999.0,0,-999.0,-999.0,-999.0,0,0,-999.0,-999.0,-999.0,-999.0,0,-999.0,-999.0,-999.0,-999.0,-999.0,0,-999.0,-999.0,-999.0,0,0,0.997996985912323,16.838600158691406,0.18759199976921082,-999.0,1,16.838600158691406,16.838600158691406,-999.0,-999.0,-999.0,1,17.266000747680664,0.18759199976921082,-999.0,1,272,-999.0,-999.0,-999.0,-999.0,0,-999.0,-999.0,-999.0,-999.0,-999.0,0,-999.0,-999.0,-999.0,0,0,-999.0,-999.0,-999.0,-999.0,0,-999.0,-999.0,-999.0,-999.0,-999.0,0,-999.0,-999.0,-999.0,0,0,0.036224576097871136
PSO J139.5969+35.8766,-999,-999,-999,151051395968522456,3578835000023620,214022515350595,0,16486948250120,15105,1,2038,90,0.752013141058398,3578835,49831,3,268513280,0,32,-999.0,-999.0,-999.0,-999.0,139.59688353,35.87655881,0.022019999101758003,0.022019999101758003,,,,,55249.26556713,-999.0,-0.6170318156782287,0.5251931107583495,0.5860408986178324,130.79481873459255,19.19426937557317,188.09356483018286,44.31274041814452,-999,0,1,0,0,0,0,1,-999.0,-999.0,-999.0,-999.0,0,-999.0,-999.0,-999.0,-999.0,-999.0,0,-999.0,-999.0,-999.0,0,0,-999.0,-999.0,-999.0,-999.0,0,-999.0,-999.0,-999.0,-999.0,-999.0,0,-999.0,-999.0,-999.0,0,0,-999.0,-999.0,-999.0,-999.0,0,-999.0,-999.0,-999.0,-999.0,-999.0,0,-999.0,-999.0,-999.0,0,0,-999.0,-999.0,-999.0,-999.0,0,-999.0,-999.0,-999.0,-999.0,-999.0,0,-999.0,-999.0,-999.0,0,0,0.9983170032501221,16.55069923400879,0.016124000772833824,-999.0,1,16.55069923400879,16.55069923400879,17.423099517822266,0.046509999781847,-999.0,1,17.366500854492188,0.016124000772833824,-999.0,1,16,0.03420047231594193
PSO J139.5968+35.8773,-999,-999,-999,151051395967923441,3578835000023600,214022515350575,0,16486948259342,15105,1,2038,90,0.371094256985089,3578835,49831,3,302067712,0,36,-999.0,-999.0,-999.0,-999.0,139.59678385,35.87731889,0.061719998717308044,0.061719998717308044,,,,,56344.3558912,13.991900444030762,-0.617024981731889,0.5251891451396749,0.5860516476781032,130.7944795921169,19.19496339311829,188.0924969445771,44.31272098495645,-999,0,3,1,0,2,0,0,0.4773179888725281,21.70870018005371,0.3094780147075653,-999.0,1,21.70870018005371,21.70870018005371,22.06800079345703,0.3234289884567261,-999.0,1,21.698200225830078,0.3094780147075653,-999.0,1,4120,-999.0,-999.0,-999.0,-999.0,0,-999.0,-999.0,-999.0,-999.0,-999.0,0,-999.0,-999.0,-999.0,0,0,0.2566390037536621,20.513200759887695,0.19216500222682953,0.3228189945220947,2,20.444299697875977,20.82859992980957,21.248699188232422,0.17112000286579132,0.25760701298713684,2,21.114999771118164,0.05996499955654144,0.09080199897289276,2,536,-999.0,-999.0,-999.0,-999.0,0,-999.0,-999.0,-999.0,-999.0,-999.0,0,-999.0,-999.0,-999.0,0,0,-999.0,-999.0,-999.0,-999.0,0,-999.0,-999.0,-999.0,-999.0,-999.0,0,-999.0,-999.0,-999.0,0,0,0.033438776668064725
PSO J139.5966+35.8784,-999,-999,-999,151051395965584652,3578835000023543,214022515350518,0,16486948259576,15105,1,2038,90,0.37171891831953,3578835,49831,3,268959744,0,32,-999.0,-999.0,-999.0,-999.0,139.59655801,35.87837369,-999.0,-999.0,,,,,-999.0,-999.0,-0.6170146956518261,0.5251845840496963,0.5860665645011938,130.79393783215264,19.195903772700685,188.0910070288164,44.3126233263368,-999,0,1,0,1,0,0,0,-999.0,-999.0,-999.0,-999.0,0,-999.0,-999.0,-999.0,-999.0,-999.0,0,-999.0,-999.0,-999.0,0,0,-999.0,-999.0,-999.0,-999.0,0,-999.0,-999.0,20.730899810791016,0.17107999324798584,-999.0,1,-999.0,-999.0,-999.0,0,24,-999.0,-999.0,-999.0,-999.0,0,-999.0,-999.0,-999.0,-999.0,-999.0,0,-999.0,-999.0,-999.0,0,0,-999.0,-999.0,-999.0,-999.0,0,-999.0,-999.0,-999.0,-999.0,-999.0,0,-999.0,-999.0,-999.0,0,0,-999.0,-999.0,-999.0,-999.0,0,-999.0,-999.0,-999.0,-999.0,-999.0,0,-999.0,-999.0,-999.0,0,0,0.032380697857802634
PSO J139.5964+35.8819,-999,-999,-999,151051395964168911,3578835000023500,214022515350475,0,16486948272918,15105,1,2038,90,0.56584811263331,3578835,49831,3,268959744,0,32,-999.0,-999.0,-999.0,-999.0,139.59642554,35.88190435,0.2603900134563446,0.2603900134563446,,,,,55259.45986111,-999.0,-0.616985979205693,0.5251626014457539,0.5861164931191755,130.79263106602158,19.199213468174413,188.08607664303224,44.312799855896905,-999,0,1,0,0,1,0,0,-999.0,-999.0,-999.0,-999.0,0,-999.0,-999.0,-999.0,-999.0,-999.0,0,-999.0,-999.0,-999.0,0,0,-999.0,-999.0,-999.0,-999.0,0,-999.0,-999.0,-999.0,-999.0,-999.0,0,-999.0,-999.0,-999.0,0,0,0.5428529977798462,20.6471004486084,0.2599619925022125,-999.0,1,20.6471004486084,20.6471004486084,-999.0,-999.0,-999.0,0,20.77739906311035,0.2599619925022125,-999.0,1,4112,-999.0,-999.0,-999.0,-999.0,0,-999.0,-999.0,-999.0,-999.0,-999.0,0,-999.0,-999.0,-999.0,0,0,-999.0,-999.0,-999.0,-999.0,0,-999.0,-999.0,-999.0,-999.0,-999.0,0,-999.0,-999.0,-999.0,0,0,0.02884879146733102
PSO J139.5963+35.8770,-999,-999,-999,151051395962422987,3578835000023452,214022515350427,0,16486948258054,15105,1,2038,90,0.942105811966682,3578835,49831,3,268959744,0,32,-999.0,-999.0,-999.0,-999.0,139.59626054,35.87699053,0.2811799943447113,0.2811799943447113,,,,,55249.24679398,-999.0,-0.6170227424813882,0.5251969576646253,0.5860470040197872,130.79416584413863,19.194516380110294,188.09290674291233,44.31227194660579,-999,0,1,0,0,0,1,0,-999.0,-999.0,-999.0,-999.0,0,-999.0,-999.0,-999.0,-999.0,-999.0,0,-999.0,-999.0,-999.0,0,0,-999.0,-999.0,-999.0,-999.0,0,-999.0,-999.0,-999.0,-999.0,-999.0,0,-999.0,-999.0,-999.0,0,0,-999.0,-999.0,-999.0,-999.0,0,-999.0,-999.0,-999.0,-999.0,-999.0,0,-999.0,-999.0,-999.0,0,0,0.8334149718284607,20.997100830078125,0.28078100085258484,-999.0,1,20.997100830078125,20.997100830078125,20.857500076293945,0.3086189925670624,-999.0,1,21.439599990844727,0.28078100085258484,-999.0,1,4120,-999.0,-999.0,-999.0,-999.0,0,-999.0,-999.0,-999.0,-999.0,-999.0,0,-999.0,-999.0,-999.0,0,0,0.03376073344133412
PSO J139.5962+35.8827,-999,-999,-999,151051395961929903,3578835000023442,214022515350417,0,16486948272453,15105,1,2038,90,0.585849957154924,3578835,49831,3,444915712,7,53,139.59616651,35.88271704,0.0010000000474974513,0.0010000000474974513,139.59619807736183,35.88273348284842,0.005255076274259938,0.005255076274259938,3.601106522437207,1.387377601034431,2.7042621134701665,2.7042621134701665,56036.57241223346,3.4987125396728516,-0.6169774354432095,0.5251595531845589,0.5861282179292467,130.79216641569082,19.199935849735038,188.08490680788415,44.31268274496847,-999,5,96,0,30,37,19,10,-999.0,-999.0,-999.0,-999.0,0,-999.0,-999.0,-999.0,-999.0,-999.0,0,-999.0,-999.0,-999.0,0,114720,0.999754011631012,21.12299919128418,0.029407000169157982,0.13136300444602966,27,20.881999969482422,21.31909942626953,20.919300079345703,0.03705200180411339,0.19716200232505798,27,20.84000015258789,0.03513500094413757,0.15319499373435974,27,115000,0.9996269941329956,20.45560073852539,0.022704999893903732,0.16065199673175812,35,20.113100051879883,20.845300674438477,20.175800323486328,0.0393499992787838,0.2316560000181198,35,20.130599975585938,0.024328000843524933,0.17692400515079498,35,16892216,0.9995660185813904,20.116500854492188,0.025088999420404434,0.1246500015258789,18,19.852699279785156,20.33370018005371,19.993000030517578,0.02961299940943718,0.1606069952249527,18,19.906600952148438,0.027217000722885132,0.14518000185489655,18,115000,0.9988790154457092,19.860300064086914,0.07513400167226791,0.26583799719810486,9,19.175399780273438,19.96579933166504,19.497299194335938,0.11732599884271622,0.3507629930973053,9,19.43829917907715,0.11203499883413315,0.4089930057525635,9,115000,0.028017557685401213
PSO J139.5962+35.8777,-999,-999,-999,151051395961553893,3578835000023431,214022515350406,0,16486948261394,15105,1,2038,90,0.309647421640947,3578835,49831,3,268959744,0,32,-999.0,-999.0,-999.0,-999.0,139.59617084,35.87774822,0.23715999722480774,0.23715999722480774,,,,,55249.27831019,-999.0,-0.6170160186174483,0.5251929002845459,0.5860577192224157,130.79383562537134,19.19521072854141,188.09184310323525,44.312260380916285,-999,0,1,0,0,0,0,1,-999.0,-999.0,-999.0,-999.0,0,-999.0,-999.0,-999.0,-999.0,-999.0,0,-999.0,-999.0,-999.0,0,0,-999.0,-999.0,-999.0,-999.0,0,-999.0,-999.0,-999.0,-999.0,-999.0,0,-999.0,-999.0,-999.0,0,0,-999.0,-999.0,-999.0,-999.0,0,-999.0,-999.0,-999.0,-999.0,-999.0,0,-999.0,-999.0,-999.0,0,0,-999.0,-999.0,-999.0,-999.0,0,-999.0,-999.0,-999.0,-999.0,-999.0,0,-999.0,-999.0,-999.0,0,0,0.7471510171890259,19.577699661254883,0.23668600618839264,-999.0,1,19.577699661254883,19.577699661254883,-999.0,-999.0,-999.0,0,20.796100616455078,0.23668600618839264,-999.0,1,4112,0.033002509341982136
PSO J139.5961+35.8766,-999,-999,-999,151051395960492465,3578835000023404,214022515350379,0,16486948258085,15105,1,2038,90,0.360062993466913,3578835,49831,3,268959744,0,32,-999.0,-999.0,-999.0,-999.0,139.59607086,35.87655197,0.17887000739574432,0.17887000739574432,,,,,55249.28762731,-999.0,-0.6170244196748551,0.5252019078884973,0.5860408018860039,130.7941606426587,19.194051694711412,188.09350040374332,44.31208350672335,-999,0,1,0,0,1,0,0,-999.0,-999.0,-999.0,-999.0,0,-999.0,-999.0,-999.0,-999.0,-999.0,0,-999.0,-999.0,-999.0,0,0,-999.0,-999.0,-999.0,-999.0,0,-999.0,-999.0,-999.0,-999.0,-999.0,0,-999.0,-999.0,-999.0,0,0,0.8168200254440308,20.620899200439453,0.17823900282382965,-999.0,1,20.620899200439453,20.620899200439453,20.3794002532959,0.30969101190567017,-999.0,1,21.161500930786133,0.17823900282382965,-999.0,1,4120,-999.0,-999.0,-999.0,-999.0,0,-999.0,-999.0,-999.0,-999.0,-999.0,0,-999.0,-999.0,-999.0,0,0,-999.0,-999.0,-999.0,-999.0,0,-999.0,-999.0,-999.0,-999.0,-999.0,0,-999.0,-999.0,-999.0,0,0,0.034198310112349806
PSO J139.5959+35.8762,-999,-999,-999,151051395958632064,3578835000023352,214022515350327,0,16486948258080,15105,1,2038,90,0.447142870581842,3578835,49831,3,436285440,0,52,139.59588582,35.8760046,0.0010000000474974513,0.0010000000474974513,139.59589563,35.87622838,0.18729999661445618,0.18729999661445618,,,,,56331.38431713,-999.0,-0.6170253337933616,0.5252059402691027,0.586036225640735,130.79412813716894,19.193699660495177,188.09393522099208,44.31191597341668,-999,2,1,0,1,0,0,0,-999.0,-999.0,-999.0,-999.0,0,-999.0,-999.0,-999.0,-999.0,-999.0,0,-999.0,-999.0,-999.0,0,114720,0.9998049736022949,21.856300354003906,0.18669599294662476,-999.0,1,21.856300354003906,21.856300354003906,21.59440040588379,0.2649900019168854,-999.0,1,21.539100646972656,0.18669599294662476,-999.0,1,115000,-999.0,-999.0,-999.0,-999.0,0,-999.0,-999.0,-999.0,-999.0,-999.0,0,-999.0,-999.0,-999.0,0,16416,-999.0,-999.0,-999.0,-999.0,0,-999.0,-999.0,-999.0,-999.0,-999.0,0,-999.0,-999.0,-999.0,0,16416,-999.0,-999.0,-999.0,-999.0,0,-999.0,-999.0,-999.0,-999.0,-999.0,0,-999.0,-999.0,-999.0,0,16416,0.03452162018152455
PSO J139.5957+35.8767,-999,-999,-999,151051395957072652,3578835000023317,214022515350292,0,16486948258071,15105,1,2038,90,0.336025991790021,3578835,49831,3,268959744,0,32,-999.0,-999.0,-999.0,-999.0,139.59572358,35.87671283,0.17197999358177185,0.17197999358177185,,,,,55249.28297454,-999.0,-0.6170199834150847,0.525204581307203,0.5860430767788101,130.79382379619898,19.194113803800928,188.0932447193718,44.31181595028778,-999,0,1,0,0,1,0,0,-999.0,-999.0,-999.0,-999.0,0,-999.0,-999.0,-999.0,-999.0,-999.0,0,-999.0,-999.0,-999.0,0,0,-999.0,-999.0,-999.0,-999.0,0,-999.0,-999.0,-999.0,-999.0,-999.0,0,-999.0,-999.0,-999.0,0,0,0.7107980251312256,20.37579917907715,0.17132200300693512,-999.0,1,20.37579917907715,20.37579917907715,19.500600814819336,0.253150999546051,-999.0,1,22.83180046081543,0.17132200300693512,-999.0,1,4120,-999.0,-999.0,-999.0,-999.0,0,-999.0,-999.0,-999.0,-999.0,-999.0,0,-999.0,-999.0,-999.0,0,0,-999.0,-999.0,-999.0,-999.0,0,-999.0,-999.0,-999.0,-999.0,-999.0,0,-999.0,-999.0,-999.0,0,0,0.034037470050060484
PSO J139.5954+35.8796,-999,-999,-999,151051395953826072,3578835000023245,214022515350220,0,16486948259198,15105,1,2038,90,0.594259302685279,3578835,49831,3,268959744,0,32,-999.0,-999.0,-999.0,-999.0,139.59539911,35.87956436,0.015359999611973763,0.015359999611973763,,,,,56759.32336806,-999.0,-0.6169947984544162,0.5251891696796442,0.5860834025387516,130.7925916931066,19.19673036166584,188.08924298786468,44.311782995259854,-999,0,1,0,0,1,0,0,-999.0,-999.0,-999.0,-999.0,0,-999.0,-999.0,-999.0,-999.0,-999.0,0,-999.0,-999.0,-999.0,0,0,-999.0,-999.0,-999.0,-999.0,0,-999.0,-999.0,-999.0,-999.0,-999.0,0,-999.0,-999.0,-999.0,0,0,0.6314229965209961,15.4483003616333,0.0024019998963922262,-999.0,1,15.4483003616333,15.4483003616333,16.737300872802734,0.006401999853551388,-999.0,1,17.14109992980957,0.0024019998963922262,-999.0,1,16,-999.0,-999.0,-999.0,-999.0,0,-999.0,-999.0,-999.0,-999.0,-999.0,0,-999.0,-999.0,-999.0,0,0,-999.0,-999.0,-999.0,-999.0,0,-999.0,-999.0,-999.0,-999.0,-999.0,0,-999.0,-999.0,-999.0,0,0,0.031188279669086962
PSO J139.5950+35.8776,-999,-999,-999,151051395949253760,3578835000023126,214022515350101,0,16486948261547,15105,1,2038,90,0.0235920679043905,3578835,49831,3,310456320,0,37,-999.0,-999.0,-999.0,-999.0,139.59495529,35.87763072,0.17292000353336334,0.17292000353336334,,,,,56283.59672454,-999.0,-0.61700579152376,0.5252067694089626,0.5860560575517834,130.7928877235849,19.194783537908897,188.091896181921,44.311269200706036,-999,0,1,1,0,0,0,0,0.9162020087242126,21.82029914855957,0.1722719967365265,-999.0,1,21.82029914855957,21.82029914855957,21.00670051574707,0.13684800267219543,-999.0,1,21.332399368286133,0.1722719967365265,-999.0,1,16777496,-999.0,-999.0,-999.0,-999.0,0,-999.0,-999.0,-999.0,-999.0,-999.0,0,-999.0,-999.0,-999.0,0,0,-999.0,-999.0,-999.0,-999.0,0,-999.0,-999.0,-999.0,-999.0,-999.0,0,-999.0,-999.0,-999.0,0,0,-999.0,-999.0,-999.0,-999.0,0,-999.0,-999.0,-999.0,-999.0,-999.0,0,-999.0,-999.0,-999.0,0,0,-999.0,-999.0,-999.0,-999.0,0,-999.0,-999.0,-999.0,-999.0,-999.0,0,-999.0,-999.0,-999.0,0,0,0.03312812110573667
PSO J139.5946+35.8802,-999,-999,-999,151051395945776807,3578835000023051,214022515350026,0,16486948260903,15105,1,2038,90,0.347806698035269,3578835,49831,3,268959744,0,32,-999.0,-999.0,-999.0,-999.0,139.59458273,35.88016945,0.18327000737190247,0.18327000737190247,,,,,55650.25525463,-999.0,-0.6169826020144904,0.5251939488642762,0.5860919594123238,130.79172277909072,19.197091327789256,188.088325845305,44.31117226285759,-999,0,1,0,0,0,1,0,-999.0,-999.0,-999.0,-999.0,0,-999.0,-999.0,-999.0,-999.0,-999.0,0,-999.0,-999.0,-999.0,0,0,-999.0,-999.0,-999.0,-999.0,0,-999.0,-999.0,-999.0,-999.0,-999.0,0,-999.0,-999.0,-999.0,0,0,-999.0,-999.0,-999.0,-999.0,0,-999.0,-999.0,-999.0,-999.0,-999.0,0,-999.0,-999.0,-999.0,0,0,0.33652999997138977,21.078500747680664,0.18265299499034882,-999.0,1,21.078500747680664,21.078500747680664,-999.0,-999.0,-999.0,0,21.533000946044922,0.18265299499034882,-999.0,1,4120,-999.0,-999.0,-999.0,-999.0,0,-999.0,-999.0,-999.0,-999.0,-999.0,0,-999.0,-999.0,-999.0,0,0,0.03059916258321786
PSO J139.5941+35.8823,-999,-999,-999,151051395941189404,3578835000022933,214022515349908,0,16486948273350,15105,1,2038,90,0.396608426604987,3578835,49831,3,268959744,0,32,-999.0,-999.0,-999.0,-999.0,139.59413367,35.88234606,0.2919600009918213,0.2919600009918213,,,,,55275.32704861,-999.0,-0.616961531089197,0.525184351956423,0.5861227393781834,130.79061864109454,19.199036249050387,188.08525299994824,44.310984379730826,-999,0,1,1,0,0,0,0,0.6332409977912903,22.304100036621094,0.29157400131225586,-999.0,1,22.304100036621094,22.304100036621094,-999.0,-999.0,-999.0,1,22.19059944152832,0.29157400131225586,-999.0,1,4120,-999.0,-999.0,-999.0,-999.0,0,-999.0,-999.0,-999.0,-999.0,-999.0,0,-999.0,-999.0,-999.0,0,0,-999.0,-999.0,-999.0,-999.0,0,-999.0,-999.0,-999.0,-999.0,-999.0,0,-999.0,-999.0,-999.0,0,0,-999.0,-999.0,-999.0,-999.0,0,-999.0,-999.0,-999.0,-999.0,-999.0,0,-999.0,-999.0,-999.0,0,0,-999.0,-999.0,-999.0,-999.0,0,-999.0,-999.0,-999.0,-999.0,-999.0,0,-999.0,-999.0,-999.0,0,0,0.028439957402444704
PSO J139.5939+35.8796,-999,-999,-999,151051395938816174,3578835000022872,214022515349847,0,16486948261093,15105,1,2038,90,0.5292540728387,3578835,49831,3,436527104,7,52,139.59386642,35.87967666,0.0010000000474974513,0.0010000000474974513,139.5939232060932,35.87964673288158,0.02837992191863474,0.02837992191863474,-5.454236691207496,20.59141104048304,18.381619445579183,18.381619445579183,55935.18407375974,8.025322914123535,-0.6169806280866551,0.525204516736571,0.586084567417793,130.79137691044002,19.1964106662005,188.08901874083034,44.310602907264794,-999,4,12,0,8,3,1,0,-999.0,-999.0,-999.0,-999.0,0,-999.0,-999.0,-999.0,-999.0,-999.0,0,-999.0,-999.0,-999.0,0,114720,0.9995200037956238,21.821699142456055,0.04826999828219414,0.13168500363826752,7,21.66819953918457,22.018400192260742,21.642499923706055,0.08305100351572037,0.25157400965690613,6,21.75279998779297,0.1290159970521927,0.2435930073261261,7,115000,0.9991620182991028,21.349899291992188,0.2590459883213043,0.43794700503349304,3,21.078699111938477,21.842199325561523,-999.0,-999.0,-999.0,3,21.18869972229004,0.3539550006389618,0.36253800988197327,3,115000,0.9967659711837769,20.924699783325195,0.1798419952392578,-999.0,1,20.924699783325195,20.924699783325195,-999.0,-999.0,-999.0,1,20.98740005493164,0.1798419952392578,-999.0,1,115000,-999.0,-999.0,-999.0,-999.0,0,-999.0,-999.0,-999.0,-999.0,-999.0,0,-999.0,-999.0,-999.0,0,16416,0.03114446421491782
PSO J139.5937+35.8828,-999,-999,-999,151051395936469975,3578835000022816,214022515349791,0,16486948274043,15105,1,2038,90,0.186226755554068,3578835,49831,3,268959744,0,32,-999.0,-999.0,-999.0,-999.0,139.59365327,35.88280994,0.30083999037742615,0.30083999037742615,,,,,55651.26361111,-999.0,-0.6169535141538078,0.525186448893101,0.5861292991075617,130.79007071769556,19.199350782788557,188.084563147696,44.31063364840042,-999,0,1,0,0,0,0,1,-999.0,-999.0,-999.0,-999.0,0,-999.0,-999.0,-999.0,-999.0,-999.0,0,-999.0,-999.0,-999.0,0,0,-999.0,-999.0,-999.0,-999.0,0,-999.0,-999.0,-999.0,-999.0,-999.0,0,-999.0,-999.0,-999.0,0,0,-999.0,-999.0,-999.0,-999.0,0,-999.0,-999.0,-999.0,-999.0,-999.0,0,-999.0,-999.0,-999.0,0,0,-999.0,-999.0,-999.0,-999.0,0,-999.0,-999.0,-999.0,-999.0,-999.0,0,-999.0,-999.0,-999.0,0,0,0.4272420108318329,20.0531005859375,0.3004710078239441,-999.0,1,20.0531005859375,20.0531005859375,-999.0,-999.0,-999.0,0,22.132400512695312,0.3004710078239441,-999.0,1,4120,0.027999275372747205
PSO J139.5931+35.8827,-999,-999,-999,151051395930779900,3578835000022672,214022515349647,0,16486948273984,15105,1,2038,90,0.706538139569143,3578835,49831,3,268959744,0,32,-999.0,-999.0,-999.0,-999.0,139.59310427,35.8827478,0.3055500090122223,0.3055500090122223,,,,,55268.34450231,-999.0,-0.6169489659123437,0.5251927724878358,0.5861284203877425,130.78964569830939,19.199149261133012,188.08459980117124,44.31018528576655,-999,0,1,0,1,0,0,0,-999.0,-999.0,-999.0,-999.0,0,-999.0,-999.0,-999.0,-999.0,-999.0,0,-999.0,-999.0,-999.0,0,0,0.6918359994888306,22.101699829101562,0.3051779866218567,-999.0,1,22.101699829101562,22.101699829101562,-999.0,-999.0,-999.0,1,23.874799728393555,0.3051779866218567,-999.0,1,4120,-999.0,-999.0,-999.0,-999.0,0,-999.0,-999.0,-999.0,-999.0,-999.0,0,-999.0,-999.0,-999.0,0,0,-999.0,-999.0,-999.0,-999.0,0,-999.0,-999.0,-999.0,-999.0,-999.0,0,-999.0,-999.0,-999.0,0,0,-999.0,-999.0,-999.0,-999.0,0,-999.0,-999.0,-999.0,-999.0,-999.0,0,-999.0,-999.0,-999.0,0,0,0.028093634518420365
PSO J139.5929+35.8811,-999,-999,-999,151051395928897943,3578835000022615,214022515349590,0,16486948271581,15105,1,2038,90,0.72157920498548,3578835,49831,3,268959744,0,32,-999.0,-999.0,-999.0,-999.0,139.59289883,35.88112065,0.2623499929904938,0.2623499929904938,,,,,57035.55862269,-999.0,-0.6169597574008455,0.5252057742805982,0.5861054106645043,130.79003135980153,19.197554685198718,188.08684769830873,44.30988870618341,-999,0,1,0,0,1,0,0,-999.0,-999.0,-999.0,-999.0,0,-999.0,-999.0,-999.0,-999.0,-999.0,0,-999.0,-999.0,-999.0,0,0,-999.0,-999.0,-999.0,-999.0,0,-999.0,-999.0,-999.0,-999.0,-999.0,0,-999.0,-999.0,-999.0,0,0,0.7695930004119873,21.900400161743164,0.2619220018386841,-999.0,1,21.900400161743164,21.900400161743164,-999.0,-999.0,-999.0,0,22.524999618530273,0.2619220018386841,-999.0,1,4120,-999.0,-999.0,-999.0,-999.0,0,-999.0,-999.0,-999.0,-999.0,-999.0,0,-999.0,-999.0,-999.0,0,0,-999.0,-999.0,-999.0,-999.0,0,-999.0,-999.0,-999.0,-999.0,-999.0,0,-999.0,-999.0,-999.0,0,0,0.029728927030848815
PSO J139.5925+35.8791,-999,-999,-999,151051395925175562,3578835000022505,214022515349480,0,16486948260621,15105,1,2038,90,0.389304033843152,3578835,49831,3,268959744,0,32,-999.0,-999.0,-999.0,-999.0,139.59252914,35.87914019,0.21392999589443207,0.21392999589443207,,,,,55249.27380787,-999.0,-0.6169717945640651,0.525222887078096,0.5860774041043953,130.7904035170703,19.195582777784534,188.08957277292924,44.30943103335094,-999,0,1,0,0,0,0,1,-999.0,-999.0,-999.0,-999.0,0,-999.0,-999.0,-999.0,-999.0,-999.0,0,-999.0,-999.0,-999.0,0,0,-999.0,-999.0,-999.0,-999.0,0,-999.0,-999.0,-999.0,-999.0,-999.0,0,-999.0,-999.0,-999.0,0,0,-999.0,-999.0,-999.0,-999.0,0,-999.0,-999.0,-999.0,-999.0,-999.0,0,-999.0,-999.0,-999.0,0,0,-999.0,-999.0,-999.0,-999.0,0,-999.0,-999.0,-999.0,-999.0,-999.0,0,-999.0,-999.0,-999.0,0,0,0.7176929712295532,19.427099227905273,0.21340399980545044,-999.0,1,19.427099227905273,19.427099227905273,-999.0,-999.0,-999.0,0,20.26810073852539,0.21340399980545044,-999.0,1,4112,0.031727541224506765
PSO J139.5919+35.8808,-999,-999,-999,151051395919067594,3578835000022358,214022515349333,0,16486948260429,15105,1,2038,90,0.715036106961813,3578835,49831,3,268959744,0,32,-999.0,-999.0,-999.0,-999.0,139.59191588,35.88082662,0.36357998847961426,0.36357998847961426,,,,,55521.60189815,-999.0,-0.6169530372795679,0.5252183083007582,0.5861012527005942,130.78933244769385,19.197020757008897,188.08716787065254,44.3090712400886,-999,0,1,0,0,0,0,1,-999.0,-999.0,-999.0,-999.0,0,-999.0,-999.0,-999.0,-999.0,-999.0,0,-999.0,-999.0,-999.0,0,0,-999.0,-999.0,-999.0,-999.0,0,-999.0,-999.0,-999.0,-999.0,-999.0,0,-999.0,-999.0,-999.0,0,0,-999.0,-999.0,-999.0,-999.0,0,-999.0,-999.0,-999.0,-999.0,-999.0,0,-999.0,-999.0,-999.0,0,0,-999.0,-999.0,-999.0,-999.0,0,-999.0,-999.0,-999.0,-999.0,-999.0,0,-999.0,-999.0,-999.0,0,0,0.4515860080718994,20.51289939880371,0.3632720112800598,-999.0,1,20.51289939880371,20.51289939880371,-999.0,-999.0,-999.0,0,22.440200805664062,0.3632720112800598,-999.0,1,4120,0.030096931134632653
PSO J139.5919+35.8786,-999,-999,-999,151051395918654875,3578835000022344,214022515349319,0,16486948260200,15105,1,2038,90,0.361223476343996,3578835,49831,3,268959744,0,32,-999.0,-999.0,-999.0,-999.0,139.59187427,35.87856094,0.35332998633384705,0.35332998633384705,,,,,55521.60189815,-999.0,-0.6169703030589865,0.5252337796200306,0.5860692125417948,130.7900680590361,19.194863949410603,188.09032004709925,44.30885558614366,-999,0,1,0,0,0,0,1,-999.0,-999.0,-999.0,-999.0,0,-999.0,-999.0,-999.0,-999.0,-999.0,0,-999.0,-999.0,-999.0,0,0,-999.0,-999.0,-999.0,-999.0,0,-999.0,-999.0,-999.0,-999.0,-999.0,0,-999.0,-999.0,-999.0,0,0,-999.0,-999.0,-999.0,-999.0,0,-999.0,-999.0,-999.0,-999.0,-999.0,0,-999.0,-999.0,-999.0,0,0,-999.0,-999.0,-999.0,-999.0,0,-999.0,-999.0,-999.0,-999.0,-999.0,0,-999.0,-999.0,-999.0,0,0,0.5513629913330078,20.620899200439453,0.35301101207733154,-999.0,1,20.620899200439453,20.620899200439453,-999.0,-999.0,-999.0,0,22.31730079650879,0.35301101207733154,-999.0,1,4120,0.032353843640115065
PSO J139.5914+35.8761,-999,-999,-999,151051395913731981,3578835000022234,214022515349209,0,16486948229619,15105,1,2038,90,0.741000191998668,3578835,49831,3,268959744,0,32,-999.0,-999.0,-999.0,-999.0,139.59137346,35.87614751,-999.0,-999.0,,,,,-999.0,-999.0,-0.6169845089028597,0.5252551746339074,0.5860350819654063,130.79048065318693,19.19244786207104,188.09363619306177,44.30825708480509,-999,0,1,0,1,0,0,0,-999.0,-999.0,-999.0,-999.0,0,-999.0,-999.0,-999.0,-999.0,-999.0,0,-999.0,-999.0,-999.0,0,0,-999.0,-999.0,-999.0,-999.0,0,-999.0,-999.0,19.456600189208984,0.02820499986410141,-999.0,1,-999.0,-999.0,-999.0,0,24,-999.0,-999.0,-999.0,-999.0,0,-999.0,-999.0,-999.0,-999.0,-999.0,0,-999.0,-999.0,-999.0,0,0,-999.0,-999.0,-999.0,-999.0,0,-999.0,-999.0,-999.0,-999.0,-999.0,0,-999.0,-999.0,-999.0,0,0,-999.0,-999.0,-999.0,-999.0,0,-999.0,-999.0,-999.0,-999.0,-999.0,0,-999.0,-999.0,-999.0,0,0,0.03479625158039167
PSO J139.5914+35.8757,-999,-999,-999,151051395913281480,3578835000022226,214022515349201,0,16486948229580,15105,1,2038,90,0.768870573275602,3578835,49831,3,268513280,0,32,-999.0,-999.0,-999.0,-999.0,139.59135321,35.87573702,0.020840000361204147,0.020840000361204147,,,,,55249.31875,-999.0,-0.6169875202236182,0.5252581143535672,0.5860292767379844,130.79060359199886,19.192053792691823,188.09420612779647,44.30820771850178,-999,0,1,0,1,0,0,0,-999.0,-999.0,-999.0,-999.0,0,-999.0,-999.0,-999.0,-999.0,-999.0,0,-999.0,-999.0,-999.0,0,0,0.9983890056610107,18.954599380493164,0.014462999999523163,-999.0,1,18.954599380493164,18.954599380493164,19.17259979248047,0.025761999189853668,-999.0,1,19.10070037841797,0.014462999999523163,-999.0,1,24,-999.0,-999.0,-999.0,-999.0,0,-999.0,-999.0,-999.0,-999.0,-999.0,0,-999.0,-999.0,-999.0,0,0,-999.0,-999.0,-999.0,-999.0,0,-999.0,-999.0,-999.0,-999.0,-999.0,0,-999.0,-999.0,-999.0,0,0,-999.0,-999.0,-999.0,-999.0,0,-999.0,-999.0,-999.0,-999.0,-999.0,0,-999.0,-999.0,-999.0,0,0,0.03520619589614411
PSO J139.5913+35.8767,-999,-999,-999,151051395913212616,3578835000022223,214022515349198,0,16486948229436,15105,1,2038,90,0.772400301669166,3578835,49831,3,268513280,0,32,-999.0,-999.0,-999.0,-999.0,139.59134632,35.87668402,0.015780000016093254,0.015780000016093254,,,,,55249.31875,-999.0,-0.6169800816262934,0.5252519096414352,0.5860426693462157,130.79027640769863,19.192948979634256,188.09288640681754,44.30827830615323,-999,0,2,0,1,0,0,1,-999.0,-999.0,-999.0,-999.0,0,-999.0,-999.0,-999.0,-999.0,-999.0,0,-999.0,-999.0,-999.0,0,0,0.9986739754676819,17.841899871826172,0.004908999893814325,-999.0,1,17.841899871826172,17.841899871826172,18.452999114990234,0.013402000069618225,-999.0,1,18.177799224853516,0.004908999893814325,-999.0,1,24,-999.0,-999.0,-999.0,-999.0,0,-999.0,-999.0,-999.0,-999.0,-999.0,0,-999.0,-999.0,-999.0,0,0,-999.0,-999.0,-999.0,-999.0,0,-999.0,-999.0,-999.0,-999.0,-999.0,0,-999.0,-999.0,-999.0,0,0,0.44509100914001465,20.63360023498535,0.49051299691200256,-999.0,1,20.63360023498535,20.63360023498535,-999.0,-999.0,-999.0,0,23.33769989013672,0.49051299691200256,-999.0,1,4120,0.03426513449302151
PSO J139.5913+35.8753,-999,-999,-999,151051395912570976,3578835000022210,214022515349185,0,16486948229920,15105,1,2038,90,0.123235311473939,3578835,49831,3,268513280,0,32,-999.0,-999.0,-999.0,-999.0,139.5912815,35.87531718,0.02322000078856945,0.02322000078856945,,,,,55249.31875,-999.0,-0.6169901325672332,0.5252616701882769,0.5860233392499737,130.79068788578024,19.191637494307535,188.0947843986375,44.3081160345302,-999,0,1,0,1,0,0,0,-999.0,-999.0,-999.0,-999.0,0,-999.0,-999.0,-999.0,-999.0,-999.0,0,-999.0,-999.0,-999.0,0,0,0.9993219971656799,19.24690055847168,0.017729999497532845,-999.0,1,19.24690055847168,19.24690055847168,19.81730079650879,0.04137299954891205,-999.0,1,20.14189910888672,0.017729999497532845,-999.0,1,24,-999.0,-999.0,-999.0,-999.0,0,-999.0,-999.0,-999.0,-999.0,-999.0,0,-999.0,-999.0,-999.0,0,0,-999.0,-999.0,-999.0,-999.0,0,-999.0,-999.0,-999.0,-999.0,-999.0,0,-999.0,-999.0,-999.0,0,0,-999.0,-999.0,-999.0,-999.0,0,-999.0,-999.0,-999.0,-999.0,-999.0,0,-999.0,-999.0,-999.0,0,0,0.03562981340648191
PSO J139.5910+35.8808,-999,-999,-999,151051395910157590,3578835000022151,214022515349126,0,16486948260027,15105,1,2038,90,0.920957306326327,3578835,49831,3,268959744,0,32,-999.0,-999.0,-999.0,-999.0,139.59102732,35.88081757,0.22688999772071838,0.22688999772071838,,,,,55576.49671296,-999.0,-0.6169449624543419,0.5252279361403135,0.5861011247216621,130.78861345639504,19.1967812858018,188.08709965221485,44.30835289503073,-999,0,1,0,0,1,0,0,-999.0,-999.0,-999.0,-999.0,0,-999.0,-999.0,-999.0,-999.0,-999.0,0,-999.0,-999.0,-999.0,0,0,-999.0,-999.0,-999.0,-999.0,0,-999.0,-999.0,-999.0,-999.0,-999.0,0,-999.0,-999.0,-999.0,0,0,0.804157018661499,21.349000930786133,0.22638900578022003,-999.0,1,21.349000930786133,21.349000930786133,-999.0,-999.0,-999.0,0,-999.0,-999.0,-999.0,0,4120,-999.0,-999.0,-999.0,-999.0,0,-999.0,-999.0,-999.0,-999.0,-999.0,0,-999.0,-999.0,-999.0,0,0,-999.0,-999.0,-999.0,-999.0,0,-999.0,-999.0,-999.0,-999.0,-999.0,0,-999.0,-999.0,-999.0,0,0,0.030191578549551953
PSO J139.5905+35.8804,-999,-999,-999,151051395905117108,3578835000022013,214022515348988,0,16486948260088,15105,1,2038,90,0.0158606507031812,3578835,49831,3,302067712,0,36,-999.0,-999.0,-999.0,-999.0,139.59053194,35.88042628,0.20200000703334808,0.20200000703334808,,,,,57035.5824537,-999.0,-0.616943469039814,0.5252358649291099,0.5860955913511803,130.7883437791234,19.196281938178824,188.08759962380162,44.30792137782514,-999,0,1,0,0,1,0,0,-999.0,-999.0,-999.0,-999.0,0,-999.0,-999.0,-999.0,-999.0,-999.0,0,-999.0,-999.0,-999.0,0,0,-999.0,-999.0,-999.0,-999.0,0,-999.0,-999.0,-999.0,-999.0,-999.0,0,-999.0,-999.0,-999.0,0,0,0.8647950291633606,21.845600128173828,0.20144400000572205,-999.0,1,21.845600128173828,21.845600128173828,-999.0,-999.0,-999.0,0,21.851200103759766,0.20144400000572205,-999.0,1,280,-999.0,-999.0,-999.0,-999.0,0,-999.0,-999.0,-999.0,-999.0,-999.0,0,-999.0,-999.0,-999.0,0,0,-999.0,-999.0,-999.0,-999.0,0,-999.0,-999.0,-999.0,-999.0,-999.0,0,-999.0,-999.0,-999.0,0,0,0.030633939798066792
PSO J139.5902+35.8789,-999,-999,-999,151051395901785313,3578835000021957,214022515348932,0,16486948230723,15105,1,2038,90,0.477262812179758,3578835,49831,3,276901888,0,33,-999.0,-999.0,-999.0,-999.0,139.59020166,35.87893249,0.01744000054895878,0.01744000054895878,,,,,55249.31875,-999.0,-0.616952076045167,0.525249326632084,0.5860744668863341,130.7885826604548,19.194781229048047,188.08965028771505,44.3075345863147,-999,0,1,0,1,0,0,0,-999.0,-999.0,-999.0,-999.0,0,-999.0,-999.0,-999.0,-999.0,-999.0,0,-999.0,-999.0,-999.0,0,0,0.9992550015449524,18.403600692749023,0.008887999691069126,-999.0,1,18.403600692749023,18.403600692749023,18.108999252319336,0.013856999576091766,-999.0,1,18.09149932861328,0.008887999691069126,-999.0,1,16777240,-999.0,-999.0,-999.0,-999.0,0,-999.0,-999.0,-999.0,-999.0,-999.0,0,-999.0,-999.0,-999.0,0,0,-999.0,-999.0,-999.0,-999.0,0,-999.0,-999.0,-999.0,-999.0,-999.0,0,-999.0,-999.0,-999.0,0,0,-999.0,-999.0,-999.0,-999.0,0,-999.0,-999.0,-999.0,-999.0,-999.0,0,-999.0,-999.0,-999.0,0,0,0.03215063271065036
PSO J139.5898+35.8787,-999,-999,-999,151051395898265056,3578835000021873,214022515348848,0,16486948231028,15105,1,2038,90,0.296578240857067,3578835,49831,3,268959744,0,32,-999.0,-999.0,-999.0,-999.0,139.5898428,35.87872069,0.2732900083065033,0.2732900083065033,,,,,55249.29457176,-999.0,-0.616950435854792,0.5252545952029889,0.5860714716796291,130.78836296202329,19.194487364987204,188.08991264272797,44.307227732978504,-999,0,1,0,0,1,0,0,-999.0,-999.0,-999.0,-999.0,0,-999.0,-999.0,-999.0,-999.0,-999.0,0,-999.0,-999.0,-999.0,0,0,-999.0,-999.0,-999.0,-999.0,0,-999.0,-999.0,-999.0,-999.0,-999.0,0,-999.0,-999.0,-999.0,0,0,0.7555800080299377,21.181299209594727,0.27287399768829346,-999.0,1,21.181299209594727,21.181299209594727,-999.0,-999.0,-999.0,0,21.388700485229492,0.27287399768829346,-999.0,1,4120,-999.0,-999.0,-999.0,-999.0,0,-999.0,-999.0,-999.0,-999.0,-999.0,0,-999.0,-999.0,-999.0,0,0,-999.0,-999.0,-999.0,-999.0,0,-999.0,-999.0,-999.0,-999.0,-999.0,0,-999.0,-999.0,-999.0,0,0,0.03240300092130291
PSO J139.5896+35.8801,-999,-999,-999,151051395896336727,3578835000021833,214022515348808,0,16486948259856,15105,1,2038,90,0.681726767385124,3578835,49831,3,268959744,0,32,-999.0,-999.0,-999.0,-999.0,139.58964097,35.88011128,0.2275400012731552,0.2275400012731552,,,,,57035.59429398,-999.0,-0.6169377548221472,0.5252475473849685,0.5860911368047494,130.7877267238996,19.195752056105736,188.0879573250434,44.30717649717567,-999,0,1,0,0,1,0,0,-999.0,-999.0,-999.0,-999.0,0,-999.0,-999.0,-999.0,-999.0,-999.0,0,-999.0,-999.0,-999.0,0,0,-999.0,-999.0,-999.0,-999.0,0,-999.0,-999.0,-999.0,-999.0,-999.0,0,-999.0,-999.0,-999.0,0,0,0.8304389715194702,21.88599967956543,0.22704599797725677,-999.0,1,21.88599967956543,21.88599967956543,-999.0,-999.0,-999.0,0,21.832700729370117,0.22704599797725677,-999.0,1,4120,-999.0,-999.0,-999.0,-999.0,0,-999.0,-999.0,-999.0,-999.0,-999.0,0,-999.0,-999.0,-999.0,0,0,-999.0,-999.0,-999.0,-999.0,0,-999.0,-999.0,-999.0,-999.0,-999.0,0,-999.0,-999.0,-999.0,0,0,0.031055430915009462
PSO J139.5895+35.8781,-999,-999,-999,151051395894654353,3578835000021770,214022515348745,0,16486948230816,15105,1,2038,90,0.896845563218785,3578835,49831,3,268959744,0,32,-999.0,-999.0,-999.0,-999.0,139.58947219,35.87812681,0.3664500117301941,0.3664500117301941,,,,,57035.5824537,-999.0,-0.6169516636830107,0.5252625238246014,0.5860630731791378,130.7882634605989,19.193828549411982,188.09070611858445,44.30688067019504,-999,0,1,0,0,1,0,0,-999.0,-999.0,-999.0,-999.0,0,-999.0,-999.0,-999.0,-999.0,-999.0,0,-999.0,-999.0,-999.0,0,0,-999.0,-999.0,-999.0,-999.0,0,-999.0,-999.0,-999.0,-999.0,-999.0,0,-999.0,-999.0,-999.0,0,0,0.4753890037536621,22.16699981689453,0.3661389946937561,-999.0,1,22.16699981689453,22.16699981689453,-999.0,-999.0,-999.0,0,-999.0,-999.0,-999.0,0,4120,-999.0,-999.0,-999.0,-999.0,0,-999.0,-999.0,-999.0,-999.0,-999.0,0,-999.0,-999.0,-999.0,0,0,-999.0,-999.0,-999.0,-999.0,0,-999.0,-999.0,-999.0,-999.0,-999.0,0,-999.0,-999.0,-999.0,0,0,0.03303614739778692
PSO J139.5890+35.8801,-999,-999,-999,151051395889406660,3578835000021621,214022515348596,0,16486948230384,15105,1,2038,90,0.686757786839044,3578835,49831,3,276901888,0,33,-999.0,-999.0,-999.0,-999.0,139.58896361,35.88005553,0.018050000071525574,0.018050000071525574,,,,,55249.31875,-999.0,-0.6169319794351464,0.5252552105790599,0.5860903484188931,130.7871952137509,19.195523238954163,188.08797334185604,44.30662496414297,-999,0,1,0,1,0,0,0,-999.0,-999.0,-999.0,-999.0,0,-999.0,-999.0,-999.0,-999.0,-999.0,0,-999.0,-999.0,-999.0,0,0,0.9982370138168335,18.51420021057129,0.01003399956971407,-999.0,1,18.51420021057129,18.51420021057129,18.046499252319336,0.015025000087916851,-999.0,1,18.204599380493164,0.01003399956971407,-999.0,1,16777240,-999.0,-999.0,-999.0,-999.0,0,-999.0,-999.0,-999.0,-999.0,-999.0,0,-999.0,-999.0,-999.0,0,0,-999.0,-999.0,-999.0,-999.0,0,-999.0,-999.0,-999.0,-999.0,-999.0,0,-999.0,-999.0,-999.0,0,0,-999.0,-999.0,-999.0,-999.0,0,-999.0,-999.0,-999.0,-999.0,-999.0,0,-999.0,-999.0,-999.0,0,0,0.03120456170202698
PSO J139.5887+35.8806,-999,-999,-999,151051395887227309,3578835000021572,214022515348547,0,16486948230148,15105,1,2038,90,0.102061425430757,3578835,49831,3,268959744,0,32,-999.0,-999.0,-999.0,-999.0,139.58873873,35.88060454,0.10575000196695328,0.10575000196695328,,,,,55521.6127662,-999.0,-0.6169256417944341,0.5252539913042711,0.5860981121923685,130.78682603523868,19.1959848155864,188.08718817193193,44.306487468600736,-999,0,1,0,0,0,0,1,-999.0,-999.0,-999.0,-999.0,0,-999.0,-999.0,-999.0,-999.0,-999.0,0,-999.0,-999.0,-999.0,0,0,-999.0,-999.0,-999.0,-999.0,0,-999.0,-999.0,-999.0,-999.0,-999.0,0,-999.0,-999.0,-999.0,0,0,-999.0,-999.0,-999.0,-999.0,0,-999.0,-999.0,-999.0,-999.0,-999.0,0,-999.0,-999.0,-999.0,0,0,-999.0,-999.0,-999.0,-999.0,0,-999.0,-999.0,-999.0,-999.0,-999.0,0,-999.0,-999.0,-999.0,0,0,0.560329020023346,19.024900436401367,0.1046840026974678,-999.0,1,19.024900436401367,19.024900436401367,-999.0,-999.0,-999.0,0,18.851900100708008,0.1046840026974678,-999.0,1,4120,0.030698586041949506
PSO J139.5884+35.8809,-999,-999,-999,151051395883367688,3578835000021473,214022515348448,0,16486948237371,15105,1,2038,90,0.362827521155428,3578835,49831,3,302067712,0,36,-999.0,-999.0,-999.0,-999.0,139.58835918,35.88091332,0.019279999658465385,0.019279999658465385,,,,,55263.24155093,4.001699924468994,-0.6169197572896508,0.5252560303949385,0.5861024787521631,130.78641274693874,19.196178661481564,188.0867235438727,44.306205751660364,-999,0,2,0,1,1,0,0,-999.0,-999.0,-999.0,-999.0,0,-999.0,-999.0,-999.0,-999.0,-999.0,0,-999.0,-999.0,-999.0,0,0,0.9989449977874756,18.72960090637207,0.012236000038683414,-999.0,1,18.72960090637207,18.72960090637207,18.74049949645996,0.01941400021314621,-999.0,1,18.59950065612793,0.012236000038683414,-999.0,1,16777240,0.8551689982414246,21.780099868774414,0.2178889960050583,-999.0,1,21.780099868774414,21.780099868774414,-999.0,-999.0,-999.0,0,22.22610092163086,0.2178889960050583,-999.0,1,280,-999.0,-999.0,-999.0,-999.0,0,-999.0,-999.0,-999.0,-999.0,-999.0,0,-999.0,-999.0,-999.0,0,0,-999.0,-999.0,-999.0,-999.0,0,-999.0,-999.0,-999.0,-999.0,-999.0,0,-999.0,-999.0,-999.0,0,0,0.030455601871856027
PSO J139.5883+35.8751,-999,-999,-999,151051395883280713,3578835000186917,214022515515515,0,16486948232624,15105,1,2038,90,0.261117442754207,3578835,49831,3,1343750144,0,160,139.58833022,35.87508512,0.0010000000474974513,0.0010000000474974513,139.58833022,35.87508512,0.0010000000474974513,0.0010000000474974513,,,,,55646.49783565,-999.0,-0.6169648829614419,0.525294989065665,0.5860200573827463,130.78836830425237,19.19065076959598,188.09483879962926,44.305713708393334,-999,1,0,0,0,0,0,0,-999.0,-999.0,-999.0,-999.0,0,-999.0,-999.0,-999.0,-999.0,-999.0,0,-999.0,-999.0,-999.0,0,16416,-999.0,-999.0,-999.0,-999.0,0,-999.0,-999.0,-999.0,-999.0,-999.0,0,-999.0,-999.0,-999.0,0,114720,-999.0,-999.0,-999.0,-999.0,0,-999.0,-999.0,-999.0,-999.0,-999.0,0,-999.0,-999.0,-999.0,0,16416,-999.0,-999.0,-999.0,-999.0,0,-999.0,-999.0,-999.0,-999.0,-999.0,0,-999.0,-999.0,-999.0,0,16416,-999.0,-999.0,-999.0,-999.0,0,-999.0,-999.0,-999.0,-999.0,-999.0,0,-999.0,-999.0,-999.0,0,16416,0.03618825522051918
PSO J139.5879+35.8800,-999,-999,-999,151051395878896597,3578835000021353,214022515348328,0,16486948237468,15105,1,2038,90,0.119497636444399,3578835,49831,3,436285440,0,52,139.58793792,35.87995654,0.0010000000474974513,0.0010000000474974513,139.58792218,35.87997117,0.12422999739646912,0.12422999739646912,,,,,56302.89172454,0.37959998846054077,-0.6169230891337772,0.5252669835077219,0.5860891554450876,130.78637756435006,19.19517272302133,188.08799606941744,44.30577709904649,-999,3,3,0,0,2,1,0,-999.0,-999.0,-999.0,-999.0,0,-999.0,-999.0,-999.0,-999.0,-999.0,0,-999.0,-999.0,-999.0,0,16416,-999.0,-999.0,-999.0,-999.0,0,-999.0,-999.0,-999.0,-999.0,-999.0,0,-999.0,-999.0,-999.0,0,16416,0.9983980059623718,22.016399383544922,0.17588600516319275,-999.0,1,22.016399383544922,22.016399383544922,21.63360023498535,0.2638550102710724,-999.0,1,21.55699920654297,0.17588600516319275,-999.0,1,16892216,0.9983879923820496,21.46820068359375,0.17423099279403687,-999.0,1,21.46820068359375,21.46820068359375,21.60930061340332,0.3233020007610321,-999.0,1,21.622699737548828,0.17423099279403687,-999.0,1,115000,-999.0,-999.0,-999.0,-999.0,0,-999.0,-999.0,-999.0,-999.0,-999.0,0,-999.0,-999.0,-999.0,0,114720,0.031450015082315964
PSO J139.5877+35.8816,-999,-999,-999,151051395877088458,3578835000021301,214022515348276,0,16486948235513,15105,1,2038,90,0.948425917838165,3578835,49831,3,268959744,0,32,-999.0,-999.0,-999.0,-999.0,139.58772181,35.88155228,0.33228999376296997,0.33228999376296997,,,,,56324.5365162,-999.0,-0.6169089375069919,0.525258655770967,0.5861115144421504,130.78567782660824,19.196618256226014,188.08577556479824,44.305742349643005,-999,0,1,0,0,1,0,0,-999.0,-999.0,-999.0,-999.0,0,-999.0,-999.0,-999.0,-999.0,-999.0,0,-999.0,-999.0,-999.0,0,0,-999.0,-999.0,-999.0,-999.0,0,-999.0,-999.0,-999.0,-999.0,-999.0,0,-999.0,-999.0,-999.0,0,0,0.5414850115776062,22.057300567626953,0.33195599913597107,-999.0,1,22.057300567626953,22.057300567626953,-999.0,-999.0,-999.0,0,-999.0,-999.0,-999.0,0,4120,-999.0,-999.0,-999.0,-999.0,0,-999.0,-999.0,-999.0,-999.0,-999.0,0,-999.0,-999.0,-999.0,0,0,-999.0,-999.0,-999.0,-999.0,0,-999.0,-999.0,-999.0,-999.0,-999.0,0,-999.0,-999.0,-999.0,0,0,0.02993989696406871
PSO J139.5877+35.8820,-999,-999,-999,151051395876519039,3578835000021282,214022515348257,0,16486948235348,15105,1,2038,90,0.395678982507139,3578835,49831,3,268959744,0,32,-999.0,-999.0,-999.0,-999.0,139.58766653,35.88203036,0.35604000091552734,0.35604000091552734,,,,,55650.26423611,-999.0,-0.6169047070432045,0.5252560804892804,0.5861182750409482,130.78547055746859,19.197056720507355,188.08510463439015,44.30573612031225,-999,0,1,0,0,0,1,0,-999.0,-999.0,-999.0,-999.0,0,-999.0,-999.0,-999.0,-999.0,-999.0,0,-999.0,-999.0,-999.0,0,0,-999.0,-999.0,-999.0,-999.0,0,-999.0,-999.0,-999.0,-999.0,-999.0,0,-999.0,-999.0,-999.0,0,0,-999.0,-999.0,-999.0,-999.0,0,-999.0,-999.0,-999.0,-999.0,-999.0,0,-999.0,-999.0,-999.0,0,0,0.4871920049190521,21.5664005279541,0.3557269871234894,-999.0,1,21.5664005279541,21.5664005279541,-999.0,-999.0,-999.0,0,23.449800491333008,0.3557269871234894,-999.0,1,4120,-999.0,-999.0,-999.0,-999.0,0,-999.0,-999.0,-999.0,-999.0,-999.0,0,-999.0,-999.0,-999.0,0,0,0.029483951348840617
PSO J139.5866+35.8758,-999,-999,-999,151051395866301433,3578835000021014,214022515347989,0,16486948231870,15105,1,2038,90,0.561373844334273,3578835,49831,3,1343750144,0,160,139.58663047,35.87583132,0.0010000000474974513,0.0010000000474974513,139.58663047,35.87583132,0.0010000000474974513,0.0010000000474974513,,,,,55646.49783565,-999.0,-0.6169434881175334,0.5253083439306855,0.5860306103491281,130.78673361307312,19.190915878559814,188.09364460766943,44.30440091996113,-999,1,1,1,0,0,0,0,0.6598690152168274,21.970399856567383,0.22779600322246552,-999.0,1,21.970399856567383,21.970399856567383,-999.0,-999.0,-999.0,1,21.79560089111328,0.22779600322246552,-999.0,1,20536,-999.0,-999.0,-999.0,-999.0,0,-999.0,-999.0,-999.0,-999.0,-999.0,0,-999.0,-999.0,-999.0,0,114720,-999.0,-999.0,-999.0,-999.0,0,-999.0,-999.0,-999.0,-999.0,-999.0,0,-999.0,-999.0,-999.0,0,16416,-999.0,-999.0,-999.0,-999.0,0,-999.0,-999.0,-999.0,-999.0,-999.0,0,-999.0,-999.0,-999.0,0,16416,-999.0,-999.0,-999.0,-999.0,0,-999.0,-999.0,-999.0,-999.0,-999.0,0,-999.0,-999.0,-999.0,0,16416,0.03571700465461255
PSO J139.5866+35.8787,-999,-999,-999,151051395866065059,3578835000021009,214022515347984,0,16486948238052,15105,1,2038,90,0.419629868510766,3578835,49831,3,268959744,0,32,-999.0,-999.0,-999.0,-999.0,139.58660683,35.87871283,-999.0,-999.0,,,,,-999.0,-999.0,-0.616920830582657,0.5252894908186452,0.5860713605259117,130.78573596166575,19.1936390607053,188.08962901023583,44.304613614174414,-999,0,1,0,0,1,0,0,-999.0,-999.0,-999.0,-999.0,0,-999.0,-999.0,-999.0,-999.0,-999.0,0,-999.0,-999.0,-999.0,0,0,-999.0,-999.0,-999.0,-999.0,0,-999.0,-999.0,-999.0,-999.0,-999.0,0,-999.0,-999.0,-999.0,0,0,-999.0,-999.0,-999.0,-999.0,0,-999.0,-999.0,-999.0,-999.0,-999.0,0,-999.0,-999.0,-999.0,0,16,-999.0,-999.0,-999.0,-999.0,0,-999.0,-999.0,-999.0,-999.0,-999.0,0,-999.0,-999.0,-999.0,0,0,-999.0,-999.0,-999.0,-999.0,0,-999.0,-999.0,-999.0,-999.0,-999.0,0,-999.0,-999.0,-999.0,0,0,0.032909822206204566
PSO J139.5858+35.8797,-999,-999,-999,151051395857726203,3578835000020799,214022515347774,0,16486948238131,15105,1,2038,90,0.996198734265006,3578835,49831,3,268959744,0,32,-999.0,-999.0,-999.0,-999.0,139.58578871,35.87968236,0.19439999759197235,0.19439999759197235,,,,,55521.6127662,-999.0,-0.6169057791477636,0.5252918702247199,0.5860850712395829,130.7847419122696,19.1943448063122,188.08820414091653,44.304030835875345,-999,0,1,0,0,0,0,1,-999.0,-999.0,-999.0,-999.0,0,-999.0,-999.0,-999.0,-999.0,-999.0,0,-999.0,-999.0,-999.0,0,0,-999.0,-999.0,-999.0,-999.0,0,-999.0,-999.0,-999.0,-999.0,-999.0,0,-999.0,-999.0,-999.0,0,0,-999.0,-999.0,-999.0,-999.0,0,-999.0,-999.0,-999.0,-999.0,-999.0,0,-999.0,-999.0,-999.0,0,0,-999.0,-999.0,-999.0,-999.0,0,-999.0,-999.0,-999.0,-999.0,-999.0,0,-999.0,-999.0,-999.0,0,0,0.6315850019454956,19.756399154663086,0.19381700456142426,-999.0,1,19.756399154663086,19.756399154663086,-999.0,-999.0,-999.0,0,19.78580093383789,0.19381700456142426,-999.0,1,4120,0.03212929707013108
PSO J139.5854+35.8803,-999,-999,-999,151051395853546959,3578835000020698,214022515347673,0,16486948237773,15105,1,2038,90,0.103546640000815,3578835,49831,3,268959744,0,32,-999.0,-999.0,-999.0,-999.0,139.58535956,35.88029878,0.2691799998283386,0.2691799998283386,,,,,57035.5824537,-999.0,-0.6168970438338468,0.5252924029516376,0.586093788322616,130.78418385900667,19.194817162761243,188.08730651511158,44.303733806364804,-999,0,1,0,0,1,0,0,-999.0,-999.0,-999.0,-999.0,0,-999.0,-999.0,-999.0,-999.0,-999.0,0,-999.0,-999.0,-999.0,0,0,-999.0,-999.0,-999.0,-999.0,0,-999.0,-999.0,-999.0,-999.0,-999.0,0,-999.0,-999.0,-999.0,0,0,0.758292019367218,22.08049964904785,0.26876500248908997,-999.0,1,22.08049964904785,22.08049964904785,-999.0,-999.0,-999.0,0,22.7908992767334,0.26876500248908997,-999.0,1,4120,-999.0,-999.0,-999.0,-999.0,0,-999.0,-999.0,-999.0,-999.0,-999.0,0,-999.0,-999.0,-999.0,0,0,-999.0,-999.0,-999.0,-999.0,0,-999.0,-999.0,-999.0,-999.0,-999.0,0,-999.0,-999.0,-999.0,0,0,0.031625714510503805
PSO J139.5846+35.8785,-999,-999,-999,151051395846084779,3578835000186891,214022515515489,0,16486948240734,15105,1,2038,90,0.348528337989495,3578835,49831,3,1343750144,0,160,139.58462232,35.87845322,0.0010000000474974513,0.0010000000474974513,139.58462232,35.87845322,0.0010000000474974513,0.0010000000474974513,,,,,55646.49783565,-999.0,-0.616904657973643,0.5253125799490246,0.5860676891944497,130.78421142467195,19.192877512844337,188.0898098897474,44.30298997302437,-999,1,0,0,0,0,0,0,-999.0,-999.0,-999.0,-999.0,0,-999.0,-999.0,-999.0,-999.0,-999.0,0,-999.0,-999.0,-999.0,0,16416,-999.0,-999.0,-999.0,-999.0,0,-999.0,-999.0,-999.0,-999.0,-999.0,0,-999.0,-999.0,-999.0,0,114720,-999.0,-999.0,-999.0,-999.0,0,-999.0,-999.0,-999.0,-999.0,-999.0,0,-999.0,-999.0,-999.0,0,16416,-999.0,-999.0,-999.0,-999.0,0,-999.0,-999.0,-999.0,-999.0,-999.0,0,-999.0,-999.0,-999.0,0,16416,-999.0,-999.0,-999.0,-999.0,0,-999.0,-999.0,-999.0,-999.0,-999.0,0,-999.0,-999.0,-999.0,0,16416,0.03356409888652481
PSO J139.5840+35.8801,-999,-999,-999,151051395839346659,3578835000020372,214022515347347,0,16486948241114,15105,1,2038,90,0.467450595896179,3578835,49831,3,268513280,0,32,-999.0,-999.0,-999.0,-999.0,139.58396007,35.880058,0.017550000920891762,0.017550000920891762,,,,,55249.34001157,-999.0,-0.6168860882293241,0.5253090677837003,0.5860903833482871,130.7831283514119,19.19422546967751,188.08751446936972,44.30258418833853,-999,0,2,2,0,0,0,0,0.9985010027885437,22.16189956665039,0.28100699186325073,-999.0,1,22.16189956665039,22.16189956665039,22.399200439453125,0.3238149881362915,-999.0,1,22.34589958190918,0.28100699186325073,-999.0,1,4120,-999.0,-999.0,-999.0,-999.0,0,-999.0,-999.0,-999.0,-999.0,-999.0,0,-999.0,-999.0,-999.0,0,0,-999.0,-999.0,-999.0,-999.0,0,-999.0,-999.0,-999.0,-999.0,-999.0,0,-999.0,-999.0,-999.0,0,0,-999.0,-999.0,-999.0,-999.0,0,-999.0,-999.0,-999.0,-999.0,-999.0,0,-999.0,-999.0,-999.0,0,0,-999.0,-999.0,-999.0,-999.0,0,-999.0,-999.0,-999.0,-999.0,-999.0,0,-999.0,-999.0,-999.0,0,0,0.03218002827442899
PSO J139.5834+35.8773,-999,-999,-999,151051395833463402,3578835000186880,214022515515478,0,16486948240013,15105,1,2038,90,0.781273107772016,3578835,49831,3,1343750144,0,160,139.58335563,35.8773499,0.0010000000474974513,0.0010000000474974513,139.58335563,35.8773499,0.0010000000474974513,0.0010000000474974513,,,,,55592.8909375,-999.0,-0.6169016364754647,0.525333535148323,0.5860520862196971,130.78355668403486,19.191503333824038,188.09123118743773,44.3018781769466,-999,1,0,0,0,0,0,0,-999.0,-999.0,-999.0,-999.0,0,-999.0,-999.0,-999.0,-999.0,-999.0,0,-999.0,-999.0,-999.0,0,16416,-999.0,-999.0,-999.0,-999.0,0,-999.0,-999.0,-999.0,-999.0,-999.0,0,-999.0,-999.0,-999.0,0,114720,-999.0,-999.0,-999.0,-999.0,0,-999.0,-999.0,-999.0,-999.0,-999.0,0,-999.0,-999.0,-999.0,0,16416,-999.0,-999.0,-999.0,-999.0,0,-999.0,-999.0,-999.0,-999.0,-999.0,0,-999.0,-999.0,-999.0,0,16416,-999.0,-999.0,-999.0,-999.0,0,-999.0,-999.0,-999.0,-999.0,-999.0,0,-999.0,-999.0,-999.0,0,16416,0.03491185338791879
PSO J139.5831+35.8807,-999,-999,-999,151051395830897416,3578835000186877,214022515515475,0,16486948238892,15105,1,2038,90,0.672053497910549,3578835,49831,3,404226048,0,48,139.58309465,35.88071498,0.0010000000474974513,0.0010000000474974513,139.58309465,35.88071498,0.0010000000474974513,0.0010000000474974513,,,,,55664.18021991,-999.0,-0.6168730370804322,0.5253140282763132,0.5860996739627795,130.78220200827042,19.19462289656431,188.0865206537503,44.301938090205546,-999,2,0,0,0,0,0,0,-999.0,-999.0,-999.0,-999.0,0,-999.0,-999.0,-999.0,-999.0,-999.0,0,-999.0,-999.0,-999.0,0,114720,-999.0,-999.0,-999.0,-999.0,0,-999.0,-999.0,-999.0,-999.0,-999.0,0,-999.0,-999.0,-999.0,0,114720,-999.0,-999.0,-999.0,-999.0,0,-999.0,-999.0,-999.0,-999.0,-999.0,0,-999.0,-999.0,-999.0,0,16416,-999.0,-999.0,-999.0,-999.0,0,-999.0,-999.0,-999.0,-999.0,-999.0,0,-999.0,-999.0,-999.0,0,16416,-999.0,-999.0,-999.0,-999.0,0,-999.0,-999.0,-999.0,-999.0,-999.0,0,-999.0,-999.0,-999.0,0,16416,0.031775940363240524
PSO J139.5825+35.8804,-999,-999,-999,151051395824497044,3578835000020016,214022515346991,0,16486948238996,15105,1,2038,90,0.838300844503847,3578835,49831,3,268959744,0,32,-999.0,-999.0,-999.0,-999.0,139.5824657,35.88036947,0.2880299985408783,0.2880299985408783,,,,,56331.39599537,-999.0,-0.6168699613707496,0.5253230913093369,0.5860947879785761,130.78180822338155,19.194132218251283,188.08694460383163,44.30140235426093,-999,0,1,0,1,0,0,0,-999.0,-999.0,-999.0,-999.0,0,-999.0,-999.0,-999.0,-999.0,-999.0,0,-999.0,-999.0,-999.0,0,0,0.6187880039215088,22.192100524902344,0.28763601183891296,-999.0,1,22.192100524902344,22.192100524902344,-999.0,-999.0,-999.0,0,22.56909942626953,0.28763601183891296,-999.0,1,4120,-999.0,-999.0,-999.0,-999.0,0,-999.0,-999.0,-999.0,-999.0,-999.0,0,-999.0,-999.0,-999.0,0,0,-999.0,-999.0,-999.0,-999.0,0,-999.0,-999.0,-999.0,-999.0,-999.0,0,-999.0,-999.0,-999.0,0,0,-999.0,-999.0,-999.0,-999.0,0,-999.0,-999.0,-999.0,-999.0,-999.0,0,-999.0,-999.0,-999.0,0,0,0.0322709661888434
PSO J139.5814+35.8770,-999,-999,-999,151051395814022983,3578835000019781,214022515346756,0,16486948239897,15105,1,2038,90,0.175797924563101,3578835,49831,3,268513280,0,32,-999.0,-999.0,-999.0,-999.0,139.58142862,35.87698305,0.016090000048279762,0.016090000048279762,,,,,55249.29614583,-999.0,-0.6168868245066275,0.5253567157810144,0.5860468982376034,130.78211526036804,19.19065516950905,188.0915665309114,44.300292309283904,-999,0,1,0,0,1,0,0,-999.0,-999.0,-999.0,-999.0,0,-999.0,-999.0,-999.0,-999.0,-999.0,0,-999.0,-999.0,-999.0,0,0,-999.0,-999.0,-999.0,-999.0,0,-999.0,-999.0,-999.0,-999.0,-999.0,0,-999.0,-999.0,-999.0,0,0,0.9993590116500854,17.012500762939453,0.005816999822854996,-999.0,1,17.012500762939453,17.012500762939453,17.881500244140625,0.01580899953842163,-999.0,1,17.779499053955078,0.005816999822854996,-999.0,1,24,-999.0,-999.0,-999.0,-999.0,0,-999.0,-999.0,-999.0,-999.0,-999.0,0,-999.0,-999.0,-999.0,0,0,-999.0,-999.0,-999.0,-999.0,0,-999.0,-999.0,-999.0,-999.0,-999.0,0,-999.0,-999.0,-999.0,0,0,0.035744137110870045
PSO J139.5810+35.8755,-999,-999,-999,151051395809611172,3578835000019686,214022515346661,0,16486948227035,15105,1,2038,90,0.465154901580098,3578835,49831,3,268959744,0,32,-999.0,-999.0,-999.0,-999.0,139.58097927,35.87547776,0.2251800000667572,0.2251800000667572,,,,,55249.26255787,-999.0,-0.6168944260174328,0.5253715364546997,0.5860256102184018,130.78226117186833,19.189112613844163,188.09362201187508,44.29980820435021,-999,0,1,0,0,0,0,1,-999.0,-999.0,-999.0,-999.0,0,-999.0,-999.0,-999.0,-999.0,-999.0,0,-999.0,-999.0,-999.0,0,0,-999.0,-999.0,-999.0,-999.0,0,-999.0,-999.0,-999.0,-999.0,-999.0,0,-999.0,-999.0,-999.0,0,0,-999.0,-999.0,-999.0,-999.0,0,-999.0,-999.0,-999.0,-999.0,-999.0,0,-999.0,-999.0,-999.0,0,0,-999.0,-999.0,-999.0,-999.0,0,-999.0,-999.0,-999.0,-999.0,-999.0,0,-999.0,-999.0,-999.0,0,0,0.7911800146102905,19.547300338745117,0.22468000650405884,-999.0,1,19.547300338745117,19.547300338745117,-999.0,-999.0,-999.0,1,20.149999618530273,0.22468000650405884,-999.0,1,4112,0.03728589128925703
PSO J139.5808+35.8814,-999,-999,-999,151051395808258339,3578835000019655,214022515346630,0,16486948234313,15105,1,2038,90,0.965926007335937,3578835,49831,3,444915712,7,53,139.5808326,35.88141209,0.0010000000474974513,0.0010000000474974513,139.58076299602376,35.881398310004315,0.026661090777508167,0.026661090777508167,-106.78060121394965,-32.90945978103483,17.05210600292714,17.05210600292714,56016.56439630468,9.094664573669434,-0.6168463371930533,0.5253345993085436,0.586109337121365,130.7800820611883,19.194668053856272,188.08535546918972,44.30011736852258,-999,5,17,0,5,6,6,0,-999.0,-999.0,-999.0,-999.0,0,-999.0,-999.0,-999.0,-999.0,-999.0,0,-999.0,-999.0,-999.0,0,114720,0.999671995639801,21.953100204467773,0.04487999901175499,0.13305599987506866,5,21.753799438476562,22.083999633789062,21.483200073242188,0.17796100676059723,0.32994401454925537,5,21.45800018310547,0.09931500256061554,0.25582200288772583,5,16892216,0.9988300204277039,21.41390037536621,0.06693000346422195,0.2174219936132431,6,21.14430046081543,21.67530059814453,21.137399673461914,0.20640400052070618,0.34790098667144775,6,21.11050033569336,0.06706699728965759,0.16710099577903748,6,115000,0.9986699819564819,21.200199127197266,0.24137699604034424,0.3413650095462799,2,20.957399368286133,21.440099716186523,20.747699737548828,0.18050600588321686,0.2554360032081604,2,20.708599090576172,0.22624200582504272,0.3199610114097595,2,16892216,-999.0,-999.0,-999.0,-999.0,0,-999.0,-999.0,-999.0,-999.0,-999.0,0,-999.0,-999.0,-999.0,0,114720,0.03181011681741068
PSO J139.5804+35.8787,-999,-999,-999,151051395803465028,3578835000019518,214022515346493,0,16486948238736,15105,1,2038,90,0.897889328094096,3578835,49831,3,268959744,0,32,-999.0,-999.0,-999.0,-999.0,139.58035424,35.87871213,0.31400999426841736,0.31400999426841736,,,,,55275.32013889,-999.0,-0.6168635084206742,0.5253568158437681,0.5860713506267251,130.7806551049548,19.192013803074445,188.0890605238166,44.299563756557305,-999,0,1,1,0,0,0,0,0.6689789891242981,22.597999572753906,0.3136509954929352,-999.0,1,22.597999572753906,22.597999572753906,-999.0,-999.0,-999.0,0,24.237699508666992,0.3136509954929352,-999.0,1,4120,-999.0,-999.0,-999.0,-999.0,0,-999.0,-999.0,-999.0,-999.0,-999.0,0,-999.0,-999.0,-999.0,0,0,-999.0,-999.0,-999.0,-999.0,0,-999.0,-999.0,-999.0,-999.0,-999.0,0,-999.0,-999.0,-999.0,0,0,-999.0,-999.0,-999.0,-999.0,0,-999.0,-999.0,-999.0,-999.0,-999.0,0,-999.0,-999.0,-999.0,0,0,-999.0,-999.0,-999.0,-999.0,0,-999.0,-999.0,-999.0,-999.0,-999.0,0,-999.0,-999.0,-999.0,0,0,0.034424157706573935
PSO J139.5800+35.8828,-999,-999,-999,151051395799999932,3578835000019448,214022515346423,0,16486948234421,15105,1,2038,90,0.969271149457685,3578835,49831,3,268959744,0,32,-999.0,-999.0,-999.0,-999.0,139.57999461,35.88277628,0.1973699927330017,0.1973699927330017,,,,,55250.27944444,-999.0,-0.6168285603168345,0.5253337319098638,0.5861288231226277,130.77898294950504,19.195769910088416,188.08336759183751,44.29960023181775,-999,0,1,0,0,0,0,1,-999.0,-999.0,-999.0,-999.0,0,-999.0,-999.0,-999.0,-999.0,-999.0,0,-999.0,-999.0,-999.0,0,0,-999.0,-999.0,-999.0,-999.0,0,-999.0,-999.0,-999.0,-999.0,-999.0,0,-999.0,-999.0,-999.0,0,0,-999.0,-999.0,-999.0,-999.0,0,-999.0,-999.0,-999.0,-999.0,-999.0,0,-999.0,-999.0,-999.0,0,0,-999.0,-999.0,-999.0,-999.0,0,-999.0,-999.0,-999.0,-999.0,-999.0,0,-999.0,-999.0,-999.0,0,0,0.8105340003967285,17.93429946899414,0.19679699838161469,-999.0,1,17.93429946899414,17.93429946899414,-999.0,-999.0,-999.0,1,19.247400283813477,0.19679699838161469,-999.0,1,4112,0.030798388939945128
PSO J139.5797+35.8817,-999,-999,-999,151051395795588501,3578835000019339,214022515346314,0,16486948234477,15105,1,2038,90,0.137593612202996,3578835,49831,3,302067712,0,36,-999.0,-999.0,-999.0,-999.0,139.57973141,35.8816604,0.13288000226020813,0.13288000226020813,,,,,56181.39148148,5.1194000244140625,-0.6168348375469883,0.5253439669024056,0.586113043386363,130.7791479501894,19.1946445737143,188.08489772711593,44.29929793575885,-999,0,2,1,1,0,0,0,0.9987519979476929,21.904499053955078,0.1974409967660904,-999.0,1,21.904499053955078,21.904499053955078,-999.0,-999.0,-999.0,1,22.135900497436523,0.1974409967660904,-999.0,1,280,0.9996669888496399,21.928300857543945,0.17859399318695068,-999.0,1,21.928300857543945,21.928300857543945,21.410200119018555,0.22693100571632385,-999.0,1,21.409099578857422,0.17859399318695068,-999.0,1,16777496,-999.0,-999.0,-999.0,-999.0,0,-999.0,-999.0,-999.0,-999.0,-999.0,0,-999.0,-999.0,-999.0,0,0,-999.0,-999.0,-999.0,-999.0,0,-999.0,-999.0,-999.0,-999.0,-999.0,0,-999.0,-999.0,-999.0,0,0,-999.0,-999.0,-999.0,-999.0,0,-999.0,-999.0,-999.0,-999.0,-999.0,0,-999.0,-999.0,-999.0,0,0,0.03190233111384722
PSO J139.5795+35.8802,-999,-999,-999,151051395794946878,3578835000019330,214022515346305,0,16486948238439,15105,1,2038,90,0.527108783393268,3578835,49831,3,268959744,0,32,-999.0,-999.0,-999.0,-999.0,139.5794984,35.88023086,0.24337999522686005,0.24337999522686005,,,,,57035.5824537,-999.0,-0.6168438339445779,0.52535595712049,0.586092827837509,130.77944397162898,19.19322998176828,188.0868674274323,44.298994760819824,-999,0,1,0,0,1,0,0,-999.0,-999.0,-999.0,-999.0,0,-999.0,-999.0,-999.0,-999.0,-999.0,0,-999.0,-999.0,-999.0,0,0,-999.0,-999.0,-999.0,-999.0,0,-999.0,-999.0,-999.0,-999.0,-999.0,0,-999.0,-999.0,-999.0,0,0,0.7924879789352417,22.003799438476562,0.242917001247406,-999.0,1,22.003799438476562,22.003799438476562,-999.0,-999.0,-999.0,0,22.49489974975586,0.242917001247406,-999.0,1,4120,-999.0,-999.0,-999.0,-999.0,0,-999.0,-999.0,-999.0,-999.0,-999.0,0,-999.0,-999.0,-999.0,0,0,-999.0,-999.0,-999.0,-999.0,0,-999.0,-999.0,-999.0,-999.0,-999.0,0,-999.0,-999.0,-999.0,0,0,0.03328596169162938
PSO J139.5795+35.8760,-999,-999,-999,151051395794361804,3578835000019310,214022515346285,0,16486948228931,15105,1,2038,90,0.640692556873609,3578835,49831,3,268959744,0,32,-999.0,-999.0,-999.0,-999.0,139.57945586,35.87600099,0.2937000095844269,0.2937000095844269,,,,,55249.28762731,-999.0,-0.6168763826896636,0.5253844685939347,0.5860330098552337,130.78084551810906,19.189212405651986,188.0927544312325,44.29861994148593,-999,0,1,0,0,1,0,0,-999.0,-999.0,-999.0,-999.0,0,-999.0,-999.0,-999.0,-999.0,-999.0,0,-999.0,-999.0,-999.0,0,0,-999.0,-999.0,-999.0,-999.0,0,-999.0,-999.0,-999.0,-999.0,-999.0,0,-999.0,-999.0,-999.0,0,0,0.6445670127868652,21.222000122070312,0.29332199692726135,-999.0,1,21.222000122070312,21.222000122070312,-999.0,-999.0,-999.0,1,21.166400909423828,0.29332199692726135,-999.0,1,4120,-999.0,-999.0,-999.0,-999.0,0,-999.0,-999.0,-999.0,-999.0,-999.0,0,-999.0,-999.0,-999.0,0,0,-999.0,-999.0,-999.0,-999.0,0,-999.0,-999.0,-999.0,-999.0,-999.0,0,-999.0,-999.0,-999.0,0,0,0.03721501650189156
PSO J139.5787+35.8774,-999,-999,-999,151051395787523538,3578835000186813,214022515515411,0,16486948228167,15105,1,2038,90,0.295274796239356,3578835,49831,3,404226048,0,48,139.57873155,35.8774408,0.0010000000474974513,0.0010000000474974513,139.57873155,35.8774408,0.0010000000474974513,0.0010000000474974513,,,,,55646.49783565,-999.0,-0.6168585293667339,0.5253827178750518,0.5860533717211549,130.77976807646186,19.190388008186865,188.09068322184663,44.298150882617755,-999,2,0,0,0,0,0,0,-999.0,-999.0,-999.0,-999.0,0,-999.0,-999.0,-999.0,-999.0,-999.0,0,-999.0,-999.0,-999.0,0,114720,-999.0,-999.0,-999.0,-999.0,0,-999.0,-999.0,-999.0,-999.0,-999.0,0,-999.0,-999.0,-999.0,0,114720,-999.0,-999.0,-999.0,-999.0,0,-999.0,-999.0,-999.0,-999.0,-999.0,0,-999.0,-999.0,-999.0,0,16416,-999.0,-999.0,-999.0,-999.0,0,-999.0,-999.0,-999.0,-999.0,-999.0,0,-999.0,-999.0,-999.0,0,16416,-999.0,-999.0,-999.0,-999.0,0,-999.0,-999.0,-999.0,-999.0,-999.0,0,-999.0,-999.0,-999.0,0,16416,0.03609627027963993
PSO J139.5786+35.8796,-999,-999,-999,151051395786276165,3578835000019101,214022515346076,0,16486948227233,15105,1,2038,90,0.962390822323403,3578835,49831,3,302067712,0,36,-999.0,-999.0,-999.0,-999.0,139.57864959,35.87964008,0.22311000525951385,0.22311000525951385,,,,,56759.28498843,-999.0,-0.616840651638845,0.5253690137421257,0.586084473335876,130.77895478458754,19.192449870155574,188.08761287856032,44.29826170917447,-999,0,1,0,0,1,0,0,-999.0,-999.0,-999.0,-999.0,0,-999.0,-999.0,-999.0,-999.0,-999.0,0,-999.0,-999.0,-999.0,0,0,-999.0,-999.0,-999.0,-999.0,0,-999.0,-999.0,-999.0,-999.0,-999.0,0,-999.0,-999.0,-999.0,0,0,0.921796977519989,20.43090057373047,0.22260400652885437,-999.0,1,20.43090057373047,20.43090057373047,-999.0,-999.0,-999.0,1,20.30699920654297,0.22260400652885437,-999.0,1,272,-999.0,-999.0,-999.0,-999.0,0,-999.0,-999.0,-999.0,-999.0,-999.0,0,-999.0,-999.0,-999.0,0,0,-999.0,-999.0,-999.0,-999.0,0,-999.0,-999.0,-999.0,-999.0,-999.0,0,-999.0,-999.0,-999.0,0,0,0.03410441213559547
PSO J139.5783+35.8820,-999,-999,-999,151051395782729052,3578835000019023,214022515345998,0,16486949099556,15105,1,2038,90,0.867235828067396,3578835,49831,3,1342255104,0,160,139.57825023,35.88208141,0.0010000000474974513,0.0010000000474974513,139.57829504,35.88204199,0.018360000103712082,0.018360000103712082,,,,,55249.30418981,-999.0,-0.6168186955720921,0.5253568993251435,0.5861184395019609,130.7778511657419,19.19463284145043,188.0842355042961,44.29816861167592,-999,1,1,0,1,0,0,0,-999.0,-999.0,-999.0,-999.0,0,-999.0,-999.0,-999.0,-999.0,-999.0,0,-999.0,-999.0,-999.0,0,16416,0.9979950189590454,18.645700454711914,0.010586000047624111,-999.0,1,18.645700454711914,18.645700454711914,19.50510025024414,0.02960900031030178,-999.0,1,19.38159942626953,0.010586000047624111,-999.0,1,16440,-999.0,-999.0,-999.0,-999.0,0,-999.0,-999.0,-999.0,-999.0,-999.0,0,-999.0,-999.0,-999.0,0,16416,-999.0,-999.0,-999.0,-999.0,0,-999.0,-999.0,-999.0,-999.0,-999.0,0,-999.0,-999.0,-999.0,0,114720,-999.0,-999.0,-999.0,-999.0,0,-999.0,-999.0,-999.0,-999.0,-999.0,0,-999.0,-999.0,-999.0,0,16416,0.03205522354173882
PSO J139.5781+35.8776,-999,-999,-999,151051395781113696,3578835000018980,214022515345955,0,16486948228493,15105,1,2038,90,0.664710070625609,3578835,49831,3,268513280,0,32,-999.0,-999.0,-999.0,-999.0,139.57813557,35.87758641,0.016440000385046005,0.016440000385046005,,,,,55249.34458333,-999.0,-0.6168519305463862,0.5253881685621081,0.5860554309245416,130.77923431922136,19.190371089593647,188.0904261151364,44.29768126750572,-999,0,1,1,0,0,0,0,0.998117983341217,18.224700927734375,0.006713000126183033,-999.0,1,18.224700927734375,18.224700927734375,19.0314998626709,0.01996299996972084,-999.0,1,18.909799575805664,0.006713000126183033,-999.0,1,24,-999.0,-999.0,-999.0,-999.0,0,-999.0,-999.0,-999.0,-999.0,-999.0,0,-999.0,-999.0,-999.0,0,0,-999.0,-999.0,-999.0,-999.0,0,-999.0,-999.0,-999.0,-999.0,-999.0,0,-999.0,-999.0,-999.0,0,0,-999.0,-999.0,-999.0,-999.0,0,-999.0,-999.0,-999.0,-999.0,-999.0,0,-999.0,-999.0,-999.0,0,0,-999.0,-999.0,-999.0,-999.0,0,-999.0,-999.0,-999.0,-999.0,-999.0,0,-999.0,-999.0,-999.0,0,0,0.03615140698760254
PSO J139.5775+35.8752,-999,-999,-999,151051395774880867,3578835000018838,214022515345813,0,16486948228754,15105,1,2038,90,0.754961089934186,3578835,49831,3,268513280,0,32,-999.0,-999.0,-999.0,-999.0,139.57749577,35.87522523,0.016899999231100082,0.016899999231100082,,,,,55918.62197917,-999.0,-0.6168644493632486,0.5254107165606042,0.586022038864622,130.77951600622444,19.187968350706512,188.09365606958417,44.2969743768336,-999,0,1,0,1,0,0,0,-999.0,-999.0,-999.0,-999.0,0,-999.0,-999.0,-999.0,-999.0,-999.0,0,-999.0,-999.0,-999.0,0,0,0.9989359974861145,18.303600311279297,0.007780000101774931,-999.0,1,18.303600311279297,18.303600311279297,19.087099075317383,0.021629000082612038,-999.0,1,18.992300033569336,0.007780000101774931,-999.0,1,24,-999.0,-999.0,-999.0,-999.0,0,-999.0,-999.0,-999.0,-999.0,-999.0,0,-999.0,-999.0,-999.0,0,0,-999.0,-999.0,-999.0,-999.0,0,-999.0,-999.0,-999.0,-999.0,-999.0,0,-999.0,-999.0,-999.0,0,0,-999.0,-999.0,-999.0,-999.0,0,-999.0,-999.0,-999.0,-999.0,-999.0,0,-999.0,-999.0,-999.0,0,0,0.03852665119921966
PSO J139.5775+35.8759,-999,-999,-999,151051395774831659,3578835000018837,214022515345812,0,16486948228747,15105,1,2038,90,0.290259492853898,3578835,49831,3,268513280,0,32,-999.0,-999.0,-999.0,-999.0,139.57749297,35.87588504,0.015860000625252724,0.015860000625252724,,,,,55902.66887731,-999.0,-0.6168592860882105,0.5254063707860256,0.5860313700683614,130.77928972812046,19.18859259724412,188.09273693902577,44.29702526401142,-999,0,1,0,0,0,0,1,-999.0,-999.0,-999.0,-999.0,0,-999.0,-999.0,-999.0,-999.0,-999.0,0,-999.0,-999.0,-999.0,0,0,-999.0,-999.0,-999.0,-999.0,0,-999.0,-999.0,-999.0,-999.0,-999.0,0,-999.0,-999.0,-999.0,0,0,-999.0,-999.0,-999.0,-999.0,0,-999.0,-999.0,-999.0,-999.0,-999.0,0,-999.0,-999.0,-999.0,0,0,-999.0,-999.0,-999.0,-999.0,0,-999.0,-999.0,-999.0,-999.0,-999.0,0,-999.0,-999.0,-999.0,0,0,0.9978200197219849,15.883399963378906,0.005154999904334545,-999.0,1,15.883399963378906,15.883399963378906,16.9237003326416,0.018081000074744225,-999.0,1,16.8031005859375,0.005154999904334545,-999.0,1,24,0.03791997885758143
PSO J139.5773+35.8826,-999,-999,-999,151051395773259762,3578835000018793,214022515345768,0,16486949107825,15105,1,2038,90,0.306039079377464,3578835,49831,3,268959744,0,32,-999.0,-999.0,-999.0,-999.0,139.57734593,35.88263425,0.2483299970626831,0.2483299970626831,,,,,56283.59672454,-999.0,-0.6168053805342646,0.525363188335767,0.5861268146789214,130.7768788156802,19.19494725328175,188.08332426209503,44.29744975073845,-999,0,1,1,0,0,0,0,0.31056898832321167,22.17259979248047,0.24787700176239014,-999.0,1,22.17259979248047,22.17259979248047,-999.0,-999.0,-999.0,0,21.818199157714844,0.24787700176239014,-999.0,1,4120,-999.0,-999.0,-999.0,-999.0,0,-999.0,-999.0,-999.0,-999.0,-999.0,0,-999.0,-999.0,-999.0,0,0,-999.0,-999.0,-999.0,-999.0,0,-999.0,-999.0,-999.0,-999.0,-999.0,0,-999.0,-999.0,-999.0,0,0,-999.0,-999.0,-999.0,-999.0,0,-999.0,-999.0,-999.0,-999.0,-999.0,0,-999.0,-999.0,-999.0,0,0,-999.0,-999.0,-999.0,-999.0,0,-999.0,-999.0,-999.0,-999.0,-999.0,0,-999.0,-999.0,-999.0,0,0,0.03188106364753134
PSO J139.5766+35.8825,-999,-999,-999,151051395765889576,3578835000018614,214022515345589,0,16486949108672,15105,1,2038,90,0.0149565283348379,3578835,49831,3,268959744,0,32,-999.0,-999.0,-999.0,-999.0,139.57662282,35.88247803,0.26403000950813293,0.26403000950813293,,,,,55249.29138889,-999.0,-0.616799966654003,0.5253720090378111,0.5861246055705175,130.77634424440942,19.19461142296465,188.08347597788958,44.2968532049562,-999,0,1,0,0,1,0,0,-999.0,-999.0,-999.0,-999.0,0,-999.0,-999.0,-999.0,-999.0,-999.0,0,-999.0,-999.0,-999.0,0,0,-999.0,-999.0,-999.0,-999.0,0,-999.0,-999.0,-999.0,-999.0,-999.0,0,-999.0,-999.0,-999.0,0,0,0.8382580280303955,21.2810001373291,0.26360198855400085,-999.0,1,21.2810001373291,21.2810001373291,-999.0,-999.0,-999.0,0,21.62350082397461,0.26360198855400085,-999.0,1,4120,-999.0,-999.0,-999.0,-999.0,0,-999.0,-999.0,-999.0,-999.0,-999.0,0,-999.0,-999.0,-999.0,0,0,-999.0,-999.0,-999.0,-999.0,0,-999.0,-999.0,-999.0,-999.0,-999.0,0,-999.0,-999.0,-999.0,0,0,0.032298038766257156
PSO J139.5763+35.8796,-999,-999,-999,151051395762476118,3578835000018526,214022515345501,0,16486949095002,15105,1,2038,90,0.488144894585148,3578835,49831,3,310456320,0,37,-999.0,-999.0,-999.0,-999.0,139.57627756,35.87959095,0.18820999562740326,0.18820999562740326,,,,,56283.60864583,-999.0,-0.6168192835535302,0.5253948762051518,0.5860837785623169,130.77704387180486,19.19178708045282,188.0874651785723,44.296342052047066,-999,0,1,1,0,0,0,0,0.9992120265960693,21.90250015258789,0.18761000037193298,-999.0,1,21.90250015258789,21.90250015258789,21.258899688720703,0.23332199454307556,-999.0,1,21.306900024414062,0.18761000037193298,-999.0,1,16777496,-999.0,-999.0,-999.0,-999.0,0,-999.0,-999.0,-999.0,-999.0,-999.0,0,-999.0,-999.0,-999.0,0,0,-999.0,-999.0,-999.0,-999.0,0,-999.0,-999.0,-999.0,-999.0,-999.0,0,-999.0,-999.0,-999.0,0,0,-999.0,-999.0,-999.0,-999.0,0,-999.0,-999.0,-999.0,-999.0,-999.0,0,-999.0,-999.0,-999.0,0,0,-999.0,-999.0,-999.0,-999.0,0,-999.0,-999.0,-999.0,-999.0,-999.0,0,-999.0,-999.0,-999.0,0,0,0.03497953728860282
PSO J139.5760+35.8805,-999,-999,-999,151051395760067236,3578835000018471,214022515345446,0,16486949095365,15105,1,2038,90,0.270480430936888,3578835,49831,3,302067712,0,36,-999.0,-999.0,-999.0,-999.0,139.57601993,35.88053289,0.1934799998998642,0.1934799998998642,,,,,55248.31197917,-999.0,-0.616809586077764,0.5253914018224501,0.5860970989636599,130.77651472003535,19.19261235778019,188.0861299343204,44.29620979998788,-999,0,1,0,1,0,0,0,-999.0,-999.0,-999.0,-999.0,0,-999.0,-999.0,-999.0,-999.0,-999.0,0,-999.0,-999.0,-999.0,0,0,0.9994739890098572,21.76930046081543,0.1928970068693161,-999.0,1,21.76930046081543,21.76930046081543,21.42329978942871,0.258199006319046,-999.0,1,21.386600494384766,0.1928970068693161,-999.0,1,280,-999.0,-999.0,-999.0,-999.0,0,-999.0,-999.0,-999.0,-999.0,-999.0,0,-999.0,-999.0,-999.0,0,0,-999.0,-999.0,-999.0,-999.0,0,-999.0,-999.0,-999.0,-999.0,-999.0,0,-999.0,-999.0,-999.0,0,0,-999.0,-999.0,-999.0,-999.0,0,-999.0,-999.0,-999.0,-999.0,-999.0,0,-999.0,-999.0,-999.0,0,0,0.03424077883448653
PSO J139.5759+35.8802,-999,-999,-999,151051395758676869,3578835000018428,214022515345403,0,16486949095414,15105,1,2038,90,0.960445491560218,3578835,49831,3,268959744,0,32,-999.0,-999.0,-999.0,-999.0,139.57590216,35.88022192,0.23194000124931335,0.23194000124931335,,,,,55249.29138889,-999.0,-0.6168109277347399,0.5253947323462814,0.5860927014131713,130.77652459251627,19.19228721040761,188.08655226839383,44.29608965926485,-999,0,1,0,0,1,0,0,-999.0,-999.0,-999.0,-999.0,0,-999.0,-999.0,-999.0,-999.0,-999.0,0,-999.0,-999.0,-999.0,0,0,-999.0,-999.0,-999.0,-999.0,0,-999.0,-999.0,-999.0,-999.0,-999.0,0,-999.0,-999.0,-999.0,0,0,0.8073059916496277,21.10059928894043,0.23145100474357605,-999.0,1,21.10059928894043,21.10059928894043,-999.0,-999.0,-999.0,0,21.086999893188477,0.23145100474357605,-999.0,1,4120,-999.0,-999.0,-999.0,-999.0,0,-999.0,-999.0,-999.0,-999.0,-999.0,0,-999.0,-999.0,-999.0,0,0,-999.0,-999.0,-999.0,-999.0,0,-999.0,-999.0,-999.0,-999.0,-999.0,0,-999.0,-999.0,-999.0,0,0,0.03456014866324436
PSO J139.5753+35.8782,-999,-999,-999,151051395752344477,3578835000018271,214022515345246,0,16486949097018,15105,1,2038,90,0.494162422133761,3578835,49831,3,268959744,0,32,-999.0,-999.0,-999.0,-999.0,139.57526913,35.87822963,0.25519001483917236,0.25519001483917236,,,,,55249.29138889,-999.0,-0.6168206366868465,0.5254147619457351,0.5860645272380336,130.7766865480022,19.19023564851244,188.08926906204272,44.295418016354425,-999,0,1,0,0,1,0,0,-999.0,-999.0,-999.0,-999.0,0,-999.0,-999.0,-999.0,-999.0,-999.0,0,-999.0,-999.0,-999.0,0,0,-999.0,-999.0,-999.0,-999.0,0,-999.0,-999.0,-999.0,-999.0,-999.0,0,-999.0,-999.0,-999.0,0,0,0.7559689879417419,21.14240074157715,0.2547509968280792,-999.0,1,21.14240074157715,21.14240074157715,-999.0,-999.0,-999.0,0,21.18899917602539,0.2547509968280792,-999.0,1,4120,-999.0,-999.0,-999.0,-999.0,0,-999.0,-999.0,-999.0,-999.0,-999.0,0,-999.0,-999.0,-999.0,0,0,-999.0,-999.0,-999.0,-999.0,0,-999.0,-999.0,-999.0,-999.0,-999.0,0,-999.0,-999.0,-999.0,0,0,0.03656363931560588
PSO J139.5747+35.8762,-999,-999,-999,151051395746202013,3578835000018123,214022515345098,0,16486948225614,15105,1,2038,90,0.0423675394080277,3578835,49831,3,268959744,0,32,-999.0,-999.0,-999.0,-999.0,139.57465507,35.87617684,0.21176999807357788,0.21176999807357788,,,,,55249.29138889,-999.0,-0.6168309895611813,0.5254349882340088,0.5860354967546768,130.77688442711926,19.18813170358117,188.0920717673558,44.29475673048613,-999,0,1,0,0,1,0,0,-999.0,-999.0,-999.0,-999.0,0,-999.0,-999.0,-999.0,-999.0,-999.0,0,-999.0,-999.0,-999.0,0,0,-999.0,-999.0,-999.0,-999.0,0,-999.0,-999.0,-999.0,-999.0,-999.0,0,-999.0,-999.0,-999.0,0,0,0.8116229772567749,21.008499145507812,0.21123699843883514,-999.0,1,21.008499145507812,21.008499145507812,-999.0,-999.0,-999.0,0,21.663400650024414,0.21123699843883514,-999.0,1,4120,-999.0,-999.0,-999.0,-999.0,0,-999.0,-999.0,-999.0,-999.0,-999.0,0,-999.0,-999.0,-999.0,0,0,-999.0,-999.0,-999.0,-999.0,0,-999.0,-999.0,-999.0,-999.0,-999.0,0,-999.0,-999.0,-999.0,0,0,0.038620092304436214
PSO J139.5745+35.8804,-999,-999,-999,151051395745197041,3578835000018101,214022515345076,0,16486949094783,15105,1,2038,90,0.583759401537254,3578835,49831,3,268959744,0,32,-999.0,-999.0,-999.0,-999.0,139.57453415,35.88038048,0.23622000217437744,0.23622000217437744,,,,,55249.27380787,-999.0,-0.6167971483762088,0.5254084075775152,0.5860949436753713,130.7753590744513,19.19208200468514,188.0862068051626,44.29499759777749,-999,0,1,0,0,0,0,1,-999.0,-999.0,-999.0,-999.0,0,-999.0,-999.0,-999.0,-999.0,-999.0,0,-999.0,-999.0,-999.0,0,0,-999.0,-999.0,-999.0,-999.0,0,-999.0,-999.0,-999.0,-999.0,-999.0,0,-999.0,-999.0,-999.0,0,0,-999.0,-999.0,-999.0,-999.0,0,-999.0,-999.0,-999.0,-999.0,-999.0,0,-999.0,-999.0,-999.0,0,0,-999.0,-999.0,-999.0,-999.0,0,-999.0,-999.0,-999.0,-999.0,-999.0,0,-999.0,-999.0,-999.0,0,0,0.7885919809341431,19.630800247192383,0.23574000597000122,-999.0,1,19.630800247192383,19.630800247192383,-999.0,-999.0,-999.0,0,20.294599533081055,0.23574000597000122,-999.0,1,4112,0.034955420728003714
PSO J139.5741+35.8793,-999,-999,-999,151051395740205783,3578835000017982,214022515344957,0,16486949097316,15105,1,2038,90,0.755908865254287,3578835,49831,3,268959744,0,32,-999.0,-999.0,-999.0,-999.0,139.57405406,35.87933356,0.22807000577449799,0.22807000577449799,,,,,55249.29457176,-999.0,-0.6168008981311643,0.5254205202749337,0.5860801386658713,130.77532435910737,19.190965635028498,188.08762097984882,44.29452558348929,-999,0,1,0,0,1,0,0,-999.0,-999.0,-999.0,-999.0,0,-999.0,-999.0,-999.0,-999.0,-999.0,0,-999.0,-999.0,-999.0,0,0,-999.0,-999.0,-999.0,-999.0,0,-999.0,-999.0,-999.0,-999.0,-999.0,0,-999.0,-999.0,-999.0,0,0,0.6942579746246338,20.928800582885742,0.2275789976119995,-999.0,1,20.928800582885742,20.928800582885742,-999.0,-999.0,-999.0,0,21.028499603271484,0.2275789976119995,-999.0,1,4120,-999.0,-999.0,-999.0,-999.0,0,-999.0,-999.0,-999.0,-999.0,-999.0,0,-999.0,-999.0,-999.0,0,0,-999.0,-999.0,-999.0,-999.0,0,-999.0,-999.0,-999.0,-999.0,-999.0,0,-999.0,-999.0,-999.0,0,0,0.03605807280098904
PSO J139.5733+35.8825,-999,-999,-999,151051395732879597,3578835000017802,214022515344777,0,16486949108784,15105,1,2038,90,0.389875947860885,3578835,49831,3,268959744,0,32,-999.0,-999.0,-999.0,-999.0,139.57330055,35.88250807,0.24038000404834747,0.24038000404834747,,,,,56759.29760417,-999.0,-0.6167692682270184,0.5254075737446793,0.586125030366762,130.77363431143138,19.193776803288376,188.08313156222462,44.29417257624149,-999,0,1,0,0,1,0,0,-999.0,-999.0,-999.0,-999.0,0,-999.0,-999.0,-999.0,-999.0,-999.0,0,-999.0,-999.0,-999.0,0,0,-999.0,-999.0,-999.0,-999.0,0,-999.0,-999.0,-999.0,-999.0,-999.0,0,-999.0,-999.0,-999.0,0,0,0.7089959979057312,20.32699966430664,0.23991499841213226,-999.0,1,20.32699966430664,20.32699966430664,-999.0,-999.0,-999.0,0,23.5664005279541,0.23991499841213226,-999.0,1,4112,-999.0,-999.0,-999.0,-999.0,0,-999.0,-999.0,-999.0,-999.0,-999.0,0,-999.0,-999.0,-999.0,0,0,-999.0,-999.0,-999.0,-999.0,0,-999.0,-999.0,-999.0,-999.0,-999.0,0,-999.0,-999.0,-999.0,0,0,0.033656543428102696
PSO J139.5733+35.8792,-999,-999,-999,151051395732575649,3578835000017791,214022515344766,0,16486949097470,15105,1,2038,90,0.463569506503241,3578835,49831,3,268959744,0,32,-999.0,-999.0,-999.0,-999.0,139.57325731,35.87921159,0.27522000670433044,0.27522000670433044,,,,,55249.34685185,-999.0,-0.6167945413632205,0.5254299064613868,0.5860784138155175,130.7747182974867,19.190643120835613,188.08771820536484,44.29387228874984,-999,0,1,1,0,0,0,0,0.7831100225448608,22.345199584960938,0.2748109996318817,-999.0,1,22.345199584960938,22.345199584960938,-999.0,-999.0,-999.0,0,22.000099182128906,0.2748109996318817,-999.0,1,4120,-999.0,-999.0,-999.0,-999.0,0,-999.0,-999.0,-999.0,-999.0,-999.0,0,-999.0,-999.0,-999.0,0,0,-999.0,-999.0,-999.0,-999.0,0,-999.0,-999.0,-999.0,-999.0,-999.0,0,-999.0,-999.0,-999.0,0,0,-999.0,-999.0,-999.0,-999.0,0,-999.0,-999.0,-999.0,-999.0,-999.0,0,-999.0,-999.0,-999.0,0,0,-999.0,-999.0,-999.0,-999.0,0,-999.0,-999.0,-999.0,-999.0,-999.0,0,-999.0,-999.0,-999.0,0,0,0.036484590811004726
PSO J139.5731+35.8764,-999,-999,-999,151051395731042248,3578835000017754,214022515344729,0,16486949094337,15105,1,2038,90,0.301888025646925,3578835,49831,3,310456320,0,37,-999.0,-999.0,-999.0,-999.0,139.5731274,35.87636949,0.12063000351190567,0.12063000351190567,,,,,55249.29614583,-999.0,-0.6168154797420404,0.5254501567237277,0.5860382212361294,130.77557755731385,19.187917308699806,188.09166414774248,44.293538430019865,-999,0,2,1,0,1,0,0,0.8487039804458618,21.314300537109375,0.10497599840164185,-999.0,1,21.314300537109375,21.314300537109375,20.331100463867188,0.06991399824619293,-999.0,1,20.638399124145508,0.10497599840164185,-999.0,1,16781336,-999.0,-999.0,-999.0,-999.0,0,-999.0,-999.0,-999.0,-999.0,-999.0,0,-999.0,-999.0,-999.0,0,0,0.8854619860649109,20.534700393676758,0.1196959987282753,-999.0,1,20.534700393676758,20.534700393676758,19.54789924621582,0.08611100167036057,-999.0,1,19.903400421142578,0.1196959987282753,-999.0,1,16777496,-999.0,-999.0,-999.0,-999.0,0,-999.0,-999.0,-999.0,-999.0,-999.0,0,-999.0,-999.0,-999.0,0,0,-999.0,-999.0,-999.0,-999.0,0,-999.0,-999.0,-999.0,-999.0,-999.0,0,-999.0,-999.0,-999.0,0,0,0.03901740068406062
PSO J139.5724+35.8802,-999,-999,-999,151051395723406779,3578835000017559,214022515344534,0,16486949096522,15105,1,2038,90,0.259345642532544,3578835,49831,3,268959744,0,32,-999.0,-999.0,-999.0,-999.0,139.5723501,35.8801623,0.26478999853134155,0.26478999853134155,,,,,55249.27831019,-999.0,-0.6167788188747785,0.5254333661090094,0.5860918583010594,130.77365831683625,19.191307966573223,188.0863115924831,44.29321616442618,-999,0,1,0,0,0,0,1,-999.0,-999.0,-999.0,-999.0,0,-999.0,-999.0,-999.0,-999.0,-999.0,0,-999.0,-999.0,-999.0,0,0,-999.0,-999.0,-999.0,-999.0,0,-999.0,-999.0,-999.0,-999.0,-999.0,0,-999.0,-999.0,-999.0,0,0,-999.0,-999.0,-999.0,-999.0,0,-999.0,-999.0,-999.0,-999.0,-999.0,0,-999.0,-999.0,-999.0,0,0,-999.0,-999.0,-999.0,-999.0,0,-999.0,-999.0,-999.0,-999.0,-999.0,0,-999.0,-999.0,-999.0,0,0,0.7783079743385315,19.74449920654297,0.26436299085617065,-999.0,1,19.74449920654297,19.74449920654297,-999.0,-999.0,-999.0,0,22.644699096679688,0.26436299085617065,-999.0,1,4112,0.036049385169468456
PSO J139.5721+35.8799,-999,-999,-999,151051395720846484,3578835000017490,214022515344465,0,16486949096513,15105,1,2038,90,0.764625516500907,3578835,49831,3,302067712,0,36,-999.0,-999.0,-999.0,-999.0,139.57210768,35.87990498,0.18504999577999115,0.18504999577999115,,,,,55249.30935185,-999.0,-0.6167785994200434,0.5254376826547924,0.5860882194207724,130.77354867357533,19.191001255454466,188.08664782581627,44.292999662136324,-999,0,1,0,1,0,0,0,-999.0,-999.0,-999.0,-999.0,0,-999.0,-999.0,-999.0,-999.0,-999.0,0,-999.0,-999.0,-999.0,0,0,0.997327983379364,22.076400756835938,0.1844410002231598,-999.0,1,22.076400756835938,22.076400756835938,21.279600143432617,0.22694699466228485,-999.0,1,21.78619956970215,0.1844410002231598,-999.0,1,280,-999.0,-999.0,-999.0,-999.0,0,-999.0,-999.0,-999.0,-999.0,-999.0,0,-999.0,-999.0,-999.0,0,0,-999.0,-999.0,-999.0,-999.0,0,-999.0,-999.0,-999.0,-999.0,-999.0,0,-999.0,-999.0,-999.0,0,0,-999.0,-999.0,-999.0,-999.0,0,-999.0,-999.0,-999.0,-999.0,-999.0,0,-999.0,-999.0,-999.0,0,0,0.03637167507140616
PSO J139.5709+35.8811,-999,-999,-999,151051395711138097,3578835000017271,214022515344246,0,16486949096293,15105,1,2038,90,0.242220659965855,3578835,49831,3,302309376,5,36,-999.0,-999.0,-999.0,-999.0,139.57092506892852,35.8811573345915,0.0345494965547288,0.0345494965547288,-268.2925531059512,-30.764362217895574,39.15449059020282,39.15449059020282,56821.31593223448,4.961109161376953,-0.6167580023597433,0.5254421052895712,0.5861059294309195,130.7721244319821,19.191798615535866,188.08488098685993,44.29208006995657,-999,0,8,0,0,8,0,0,-999.0,-999.0,-999.0,-999.0,0,-999.0,-999.0,-999.0,-999.0,-999.0,0,-999.0,-999.0,-999.0,0,0,-999.0,-999.0,-999.0,-999.0,0,-999.0,-999.0,-999.0,-999.0,-999.0,0,-999.0,-999.0,-999.0,0,0,0.9972800016403198,21.57539939880371,0.0558600015938282,0.17750200629234314,7,21.31130027770996,21.77669906616211,21.210599899291992,0.04357299953699112,0.13603200018405914,7,21.201099395751953,0.06382700055837631,0.18897299468517303,7,280,-999.0,-999.0,-999.0,-999.0,0,-999.0,-999.0,-999.0,-999.0,-999.0,0,-999.0,-999.0,-999.0,0,0,-999.0,-999.0,-999.0,-999.0,0,-999.0,-999.0,-999.0,-999.0,-999.0,0,-999.0,-999.0,-999.0,0,0,0.035847597819881026
PSO J139.6373+35.8962,-999,-999,-999,151071396372946058,3578835000033595,214022515360570,0,16486947819483,15107,1,2038,90,0.606714634789819,3578835,49831,3,310456320,0,37,-999.0,-999.0,-999.0,-999.0,139.63734781,35.89622285,0.1445000022649765,0.1445000022649765,,,,,55248.33767361,-999.0,-0.6172492815651038,0.5246269226622795,0.5863189545164558,130.82101786457287,19.223412677957388,188.06983017042066,44.346991982848714,-999,0,1,1,0,0,0,0,0.9498519897460938,21.272199630737305,0.14372099936008453,-999.0,1,21.272199630737305,21.272199630737305,20.0177001953125,0.09227100014686584,-999.0,1,20.35580062866211,0.14372099936008453,-999.0,1,16777496,-999.0,-999.0,-999.0,-999.0,0,-999.0,-999.0,-999.0,-999.0,-999.0,0,-999.0,-999.0,-999.0,0,0,-999.0,-999.0,-999.0,-999.0,0,-999.0,-999.0,-999.0,-999.0,-999.0,0,-999.0,-999.0,-999.0,0,0,-999.0,-999.0,-999.0,-999.0,0,-999.0,-999.0,-999.0,-999.0,-999.0,0,-999.0,-999.0,-999.0,0,0,-999.0,-999.0,-999.0,-999.0,0,-999.0,-999.0,-999.0,-999.0,-999.0,0,-999.0,-999.0,-999.0,0,0,0.03658117787906355
PSO J139.6374+35.8915,-999,-999,-999,151071396373670389,3578835000033608,214022515360583,0,16486947831678,15107,1,2038,90,0.0288157118752745,3578835,49831,3,302067712,0,36,-999.0,-999.0,-999.0,-999.0,139.63739544,35.89149872,0.07096999883651733,0.07096999883651733,,,,,55250.24621528,-999.0,-0.6172865510387783,0.5246577157519061,0.5862521600886786,130.82266245633414,19.218950912319357,188.07641950774624,44.34665394719181,-999,0,1,0,0,0,1,0,-999.0,-999.0,-999.0,-999.0,0,-999.0,-999.0,-999.0,-999.0,-999.0,0,-999.0,-999.0,-999.0,0,0,-999.0,-999.0,-999.0,-999.0,0,-999.0,-999.0,-999.0,-999.0,-999.0,0,-999.0,-999.0,-999.0,0,0,-999.0,-999.0,-999.0,-999.0,0,-999.0,-999.0,-999.0,-999.0,-999.0,0,-999.0,-999.0,-999.0,0,0,0.14694200456142426,19.363300323486328,0.06936299800872803,-999.0,1,19.363300323486328,19.363300323486328,19.661100387573242,0.12406300008296967,-999.0,1,19.64459991455078,0.06936299800872803,-999.0,1,536,-999.0,-999.0,-999.0,-999.0,0,-999.0,-999.0,-999.0,-999.0,-999.0,0,-999.0,-999.0,-999.0,0,0,0.03873519990900472
PSO J139.6376+35.8978,-999,-999,-999,151071396376087942,3578835000033676,214022515360651,0,16486947816118,15107,1,2038,90,0.40919028353802,3578835,49831,3,302067712,0,36,-999.0,-999.0,-999.0,-999.0,139.63764315,35.89779537,0.20132000744342804,0.20132000744342804,,,,,55968.36913194,-999.0,-0.6172397241432908,0.5246133193195106,0.5863411874771203,130.8207232590847,19.224978779939395,188.0676648328124,44.34735570878665,-999,0,1,0,0,1,0,0,-999.0,-999.0,-999.0,-999.0,0,-999.0,-999.0,-999.0,-999.0,-999.0,0,-999.0,-999.0,-999.0,0,0,-999.0,-999.0,-999.0,-999.0,0,-999.0,-999.0,-999.0,-999.0,-999.0,0,-999.0,-999.0,-999.0,0,0,0.9977120161056519,21.652099609375,0.20075799524784088,-999.0,1,21.652099609375,21.652099609375,-999.0,-999.0,-999.0,1,22.473100662231445,0.20075799524784088,-999.0,1,280,-999.0,-999.0,-999.0,-999.0,0,-999.0,-999.0,-999.0,-999.0,-999.0,0,-999.0,-999.0,-999.0,0,0,-999.0,-999.0,-999.0,-999.0,0,-999.0,-999.0,-999.0,-999.0,-999.0,0,-999.0,-999.0,-999.0,0,0,0.03620862571024939
PSO J139.6378+35.8974,-999,-999,-999,151071396377977513,3578835000033721,214022515360696,0,16486947816088,15107,1,2038,90,0.741008942705587,3578835,49831,3,268959744,0,32,-999.0,-999.0,-999.0,-999.0,139.63782067,35.89742877,0.32965001463890076,0.32965001463890076,,,,,55248.28315972,-999.0,-0.6172442081574737,0.5246138365281027,0.586336004368927,130.82099212161236,19.224677739520818,188.0681918629005,44.347469862725355,-999,0,1,0,0,1,0,0,-999.0,-999.0,-999.0,-999.0,0,-999.0,-999.0,-999.0,-999.0,-999.0,0,-999.0,-999.0,-999.0,0,0,-999.0,-999.0,-999.0,-999.0,0,-999.0,-999.0,-999.0,-999.0,-999.0,0,-999.0,-999.0,-999.0,0,0,0.7467190027236938,21.846900939941406,0.32930898666381836,-999.0,1,21.846900939941406,21.846900939941406,-999.0,-999.0,-999.0,0,21.389299392700195,0.32930898666381836,-999.0,1,4120,-999.0,-999.0,-999.0,-999.0,0,-999.0,-999.0,-999.0,-999.0,-999.0,0,-999.0,-999.0,-999.0,0,0,-999.0,-999.0,-999.0,-999.0,0,-999.0,-999.0,-999.0,-999.0,-999.0,0,-999.0,-999.0,-999.0,0,0,0.03647529292335363
PSO J139.6381+35.8946,-999,-999,-999,151071396380914142,3578835000033792,214022515360767,0,16486947818132,15107,1,2038,90,0.86934155492982,3578835,49831,3,268959744,0,32,-999.0,-999.0,-999.0,-999.0,139.63811411,35.89461946,0.4002299904823303,0.4002299904823303,,,,,55248.28315972,-999.0,-0.6172688001119366,0.5246292929455819,0.5862962846477785,130.82218556028135,19.222093394987755,188.07213433801078,44.34748304311064,-999,0,1,0,0,1,0,0,-999.0,-999.0,-999.0,-999.0,0,-999.0,-999.0,-999.0,-999.0,-999.0,0,-999.0,-999.0,-999.0,0,0,-999.0,-999.0,-999.0,-999.0,0,-999.0,-999.0,-999.0,-999.0,-999.0,0,-999.0,-999.0,-999.0,0,0,0.722324013710022,22.052000045776367,0.3999519944190979,-999.0,1,22.052000045776367,22.052000045776367,-999.0,-999.0,-999.0,0,22.195499420166016,0.3999519944190979,-999.0,1,4120,-999.0,-999.0,-999.0,-999.0,0,-999.0,-999.0,-999.0,-999.0,-999.0,0,-999.0,-999.0,-999.0,0,0,-999.0,-999.0,-999.0,-999.0,0,-999.0,-999.0,-999.0,-999.0,-999.0,0,-999.0,-999.0,-999.0,0,0,0.03780774742851837
PSO J139.6385+35.8945,-999,-999,-999,151071396384504015,3578835000033872,214022515360847,0,16486947818182,15107,1,2038,90,0.527359444207847,3578835,49831,3,310456320,0,37,-999.0,-999.0,-999.0,-999.0,139.63850301,35.89452013,0.14790000021457672,0.14790000021457672,,,,,55248.33767361,-999.0,-0.617273135551342,0.5246257614123383,0.5862948802344592,130.82253531878087,19.22210044822637,188.07230789963438,44.34778917407062,-999,0,1,1,0,0,0,0,0.9991130232810974,21.497600555419922,0.14713899791240692,-999.0,1,21.497600555419922,21.497600555419922,20.06329917907715,0.10689900070428848,-999.0,1,20.459699630737305,0.14713899791240692,-999.0,1,16777496,-999.0,-999.0,-999.0,-999.0,0,-999.0,-999.0,-999.0,-999.0,-999.0,0,-999.0,-999.0,-999.0,0,0,-999.0,-999.0,-999.0,-999.0,0,-999.0,-999.0,-999.0,-999.0,-999.0,0,-999.0,-999.0,-999.0,0,0,-999.0,-999.0,-999.0,-999.0,0,-999.0,-999.0,-999.0,-999.0,-999.0,0,-999.0,-999.0,-999.0,0,0,-999.0,-999.0,-999.0,-999.0,0,-999.0,-999.0,-999.0,-999.0,-999.0,0,-999.0,-999.0,-999.0,0,0,0.03813507679051093
PSO J139.6386+35.8940,-999,-999,-999,151071396386263431,3578835000033921,214022515360896,0,16486947818099,15107,1,2038,90,0.553027891137663,3578835,49831,3,268959744,0,32,-999.0,-999.0,-999.0,-999.0,139.63862609,35.89402258,-999.0,-999.0,,,,,-999.0,-999.0,-0.6172781419592832,0.5246277325650357,0.5862878454163658,130.82280446334275,19.221661232555583,188.07301256455818,44.34784891990585,-999,0,1,0,0,0,1,0,-999.0,-999.0,-999.0,-999.0,0,-999.0,-999.0,-999.0,-999.0,-999.0,0,-999.0,-999.0,-999.0,0,0,-999.0,-999.0,-999.0,-999.0,0,-999.0,-999.0,-999.0,-999.0,-999.0,0,-999.0,-999.0,-999.0,0,0,-999.0,-999.0,-999.0,-999.0,0,-999.0,-999.0,-999.0,-999.0,-999.0,0,-999.0,-999.0,-999.0,0,0,-999.0,-999.0,-999.0,-999.0,0,-999.0,-999.0,18.745100021362305,0.04870099946856499,-999.0,1,-999.0,-999.0,-999.0,0,24,-999.0,-999.0,-999.0,-999.0,0,-999.0,-999.0,-999.0,-999.0,-999.0,0,-999.0,-999.0,-999.0,0,0,0.03843930699384712
PSO J139.6387+35.8940,-999,-999,-999,151071396386573421,3578835000033933,214022515360908,0,16486947818099,15107,1,2038,90,0.297114850298609,3578835,49831,3,268959744,0,32,-999.0,-999.0,-999.0,-999.0,139.63865753,35.89401466,-999.0,-999.0,,,,,-999.0,-999.0,-0.6172784915914357,0.524627446328659,0.5862877334357867,130.82283270165982,19.221661907186217,188.07302644258542,44.347873677467156,-999,0,1,0,0,0,1,0,-999.0,-999.0,-999.0,-999.0,0,-999.0,-999.0,-999.0,-999.0,-999.0,0,-999.0,-999.0,-999.0,0,0,-999.0,-999.0,-999.0,-999.0,0,-999.0,-999.0,-999.0,-999.0,-999.0,0,-999.0,-999.0,-999.0,0,0,-999.0,-999.0,-999.0,-999.0,0,-999.0,-999.0,-999.0,-999.0,-999.0,0,-999.0,-999.0,-999.0,0,0,-999.0,-999.0,-999.0,-999.0,0,-999.0,-999.0,18.716299057006836,0.04699600115418434,-999.0,1,-999.0,-999.0,-999.0,0,24,-999.0,-999.0,-999.0,-999.0,0,-999.0,-999.0,-999.0,-999.0,-999.0,0,-999.0,-999.0,-999.0,0,0,0.03846568444433942
PSO J139.6392+35.8986,-999,-999,-999,151071396391328946,3578835000034047,214022515361022,0,16486947701148,15107,1,2038,90,0.337570743018361,3578835,49831,3,268959744,0,32,-999.0,-999.0,-999.0,-999.0,139.63915179,35.89862903,0.4370799958705902,0.4370799958705902,,,,,55249.25519676,-999.0,-0.617247036607068,0.5245915418225389,0.586352973939797,130.82166562874536,19.22616061007829,188.0666388068831,44.3486402892235,-999,0,1,0,0,0,1,0,-999.0,-999.0,-999.0,-999.0,0,-999.0,-999.0,-999.0,-999.0,-999.0,0,-999.0,-999.0,-999.0,0,0,-999.0,-999.0,-999.0,-999.0,0,-999.0,-999.0,-999.0,-999.0,-999.0,0,-999.0,-999.0,-999.0,0,0,-999.0,-999.0,-999.0,-999.0,0,-999.0,-999.0,-999.0,-999.0,-999.0,0,-999.0,-999.0,-999.0,0,0,0.5635679960250854,21.176700592041016,0.43682000041007996,-999.0,1,21.176700592041016,21.176700592041016,-999.0,-999.0,-999.0,0,-999.0,-999.0,-999.0,0,4120,-999.0,-999.0,-999.0,-999.0,0,-999.0,-999.0,-999.0,-999.0,-999.0,0,-999.0,-999.0,-999.0,0,0,0.03707123234075084
PSO J139.6398+35.8949,-999,-999,-999,151071396398024516,3578835000034215,214022515361190,0,16486947818436,15107,1,2038,90,0.775010451464924,3578835,49831,3,310456320,0,37,-999.0,-999.0,-999.0,-999.0,139.63984676,35.8949265,0.1731099933385849,0.1731099933385849,,,,,55275.32935185,-999.0,-0.6172822707684362,0.5246085915636837,0.5863006258333101,130.82348900669638,19.22283473780349,188.07186270940858,44.348906654009625,-999,0,1,1,0,0,0,0,0.5034199953079224,21.918800354003906,0.17246100306510925,-999.0,1,21.918800354003906,21.918800354003906,21.524799346923828,0.24786099791526794,-999.0,1,21.380300521850586,0.17246100306510925,-999.0,1,16777752,-999.0,-999.0,-999.0,-999.0,0,-999.0,-999.0,-999.0,-999.0,-999.0,0,-999.0,-999.0,-999.0,0,0,-999.0,-999.0,-999.0,-999.0,0,-999.0,-999.0,-999.0,-999.0,-999.0,0,-999.0,-999.0,-999.0,0,0,-999.0,-999.0,-999.0,-999.0,0,-999.0,-999.0,-999.0,-999.0,-999.0,0,-999.0,-999.0,-999.0,0,0,-999.0,-999.0,-999.0,-999.0,0,-999.0,-999.0,-999.0,-999.0,-999.0,0,-999.0,-999.0,-999.0,0,0,0.038955873258770715
PSO J139.6410+35.8972,-999,-999,-999,151071396409267248,3578835000034508,214022515361483,0,16486947702480,15107,1,2038,90,0.0665845340737929,3578835,49831,3,302067712,0,36,-999.0,-999.0,-999.0,-999.0,139.6409734,35.89720531,0.20017999410629272,0.20017999410629272,,,,,56232.65667824,-999.0,-0.6172748168942702,0.5245813524066929,0.586332845008115,130.82362971576455,19.225285919197955,188.0687877164303,44.34999789208042,-999,0,1,0,0,0,0,1,-999.0,-999.0,-999.0,-999.0,0,-999.0,-999.0,-999.0,-999.0,-999.0,0,-999.0,-999.0,-999.0,0,0,-999.0,-999.0,-999.0,-999.0,0,-999.0,-999.0,-999.0,-999.0,-999.0,0,-999.0,-999.0,-999.0,0,0,-999.0,-999.0,-999.0,-999.0,0,-999.0,-999.0,-999.0,-999.0,-999.0,0,-999.0,-999.0,-999.0,0,0,-999.0,-999.0,-999.0,-999.0,0,-999.0,-999.0,-999.0,-999.0,-999.0,0,-999.0,-999.0,-999.0,0,0,0.9965109825134277,19.675100326538086,0.19961300492286682,-999.0,1,19.675100326538086,19.675100326538086,-999.0,-999.0,-999.0,0,22.257699966430664,0.19961300492286682,-999.0,1,280,0.03894100514845974
PSO J139.5483+35.9072,-999,-999,-999,151081395482969280,3578835000011505,214022515338480,0,16486948491259,15108,1,2038,90,0.364120211791359,3578835,49831,3,268959744,0,32,-999.0,-999.0,-999.0,-999.0,139.54831383,35.90724474,0.05042999982833862,0.05042999982833862,,,,,55972.33878472,-999.0,-0.6163474612446201,0.5255122667234615,0.5864747774120223,130.7449341409664,19.2107187945034,188.04641621931452,44.27598471400092,-999,0,1,1,0,0,0,0,0.843159019947052,20.160900115966797,0.04814700037240982,-999.0,1,20.160900115966797,20.160900115966797,20.134199142456055,0.0984639972448349,-999.0,1,20.337099075317383,0.04814700037240982,-999.0,1,4112,-999.0,-999.0,-999.0,-999.0,0,-999.0,-999.0,-999.0,-999.0,-999.0,0,-999.0,-999.0,-999.0,0,0,-999.0,-999.0,-999.0,-999.0,0,-999.0,-999.0,-999.0,-999.0,-999.0,0,-999.0,-999.0,-999.0,0,0,-999.0,-999.0,-999.0,-999.0,0,-999.0,-999.0,-999.0,-999.0,-999.0,0,-999.0,-999.0,-999.0,0,0,-999.0,-999.0,-999.0,-999.0,0,-999.0,-999.0,-999.0,-999.0,-999.0,0,-999.0,-999.0,-999.0,0,0,0.0387014622811268
PSO J139.5487+35.9045,-999,-999,-999,151081395486895999,3578835000011599,214022515338574,0,16486948962564,15108,1,2038,90,0.689560133674704,3578835,49831,3,302067712,0,36,-999.0,-999.0,-999.0,-999.0,139.5486847,35.90449665,0.16780999302864075,0.16780999302864075,,,,,55902.66887731,-999.0,-0.6163722672527678,0.525526526835086,0.5864359280896202,130.74616826837524,19.208211994065334,188.0502757109387,44.2760634637757,-999,0,1,0,0,0,0,1,-999.0,-999.0,-999.0,-999.0,0,-999.0,-999.0,-999.0,-999.0,-999.0,0,-999.0,-999.0,-999.0,0,0,-999.0,-999.0,-999.0,-999.0,0,-999.0,-999.0,-999.0,-999.0,-999.0,0,-999.0,-999.0,-999.0,0,0,-999.0,-999.0,-999.0,-999.0,0,-999.0,-999.0,-999.0,-999.0,-999.0,0,-999.0,-999.0,-999.0,0,0,-999.0,-999.0,-999.0,-999.0,0,-999.0,-999.0,-999.0,-999.0,-999.0,0,-999.0,-999.0,-999.0,0,0,0.9986670017242432,19.875600814819336,0.1671389937400818,-999.0,1,19.875600814819336,19.875600814819336,20.02589988708496,0.27278000116348267,-999.0,1,19.824600219726562,0.1671389937400818,-999.0,1,280,0.038750568399935965
PSO J139.5497+35.9054,-999,-999,-999,151081395496907164,3578835000011837,214022515338812,0,16486948487935,15108,1,2038,90,0.659147680419635,3578835,49831,3,310456320,0,37,-999.0,-999.0,-999.0,-999.0,139.54969405,35.90543782,0.1964700073003769,0.1964700073003769,,,,,55250.32483796,-999.0,-0.616374194512777,0.5255094185308018,0.5864492334159404,130.74666888298617,19.209365565017507,188.04905714142134,44.27695397370975,-999,0,1,0,1,0,0,0,-999.0,-999.0,-999.0,-999.0,0,-999.0,-999.0,-999.0,-999.0,-999.0,0,-999.0,-999.0,-999.0,0,0,0.9979109764099121,21.63050079345703,0.19589899480342865,-999.0,1,21.63050079345703,21.63050079345703,20.771099090576172,0.1879120022058487,-999.0,1,20.851600646972656,0.19589899480342865,-999.0,1,16777496,-999.0,-999.0,-999.0,-999.0,0,-999.0,-999.0,-999.0,-999.0,-999.0,0,-999.0,-999.0,-999.0,0,0,-999.0,-999.0,-999.0,-999.0,0,-999.0,-999.0,-999.0,-999.0,-999.0,0,-999.0,-999.0,-999.0,0,0,-999.0,-999.0,-999.0,-999.0,0,-999.0,-999.0,-999.0,-999.0,-999.0,0,-999.0,-999.0,-999.0,0,0,0.03780004689626095
PSO J139.5504+35.9041,-999,-999,-999,151081395503895487,3578835000011998,214022515338973,0,16486948963218,15108,1,2038,90,0.438191132096752,3578835,49831,3,268959744,0,32,-999.0,-999.0,-999.0,-999.0,139.55040455,35.90407141,0.31894001364707947,0.31894001364707947,,,,,56759.28498843,-999.0,-0.6163913538126585,0.5255108486758499,0.5864299164171163,130.74770997191519,19.208255728267783,188.05102400027332,44.27741788256528,-999,0,1,0,0,1,0,0,-999.0,-999.0,-999.0,-999.0,0,-999.0,-999.0,-999.0,-999.0,-999.0,0,-999.0,-999.0,-999.0,0,0,-999.0,-999.0,-999.0,-999.0,0,-999.0,-999.0,-999.0,-999.0,-999.0,0,-999.0,-999.0,-999.0,0,0,0.645114004611969,20.582599639892578,0.31858500838279724,-999.0,1,20.582599639892578,20.582599639892578,-999.0,-999.0,-999.0,1,21.57550048828125,0.31858500838279724,-999.0,1,4112,-999.0,-999.0,-999.0,-999.0,0,-999.0,-999.0,-999.0,-999.0,-999.0,0,-999.0,-999.0,-999.0,0,0,-999.0,-999.0,-999.0,-999.0,0,-999.0,-999.0,-999.0,-999.0,-999.0,0,-999.0,-999.0,-999.0,0,0,0.03745007627783979
PSO J139.5511+35.9068,-999,-999,-999,151081395510628747,3578835000012167,214022515339142,0,16486948487619,15108,1,2038,90,0.390269193230448,3578835,49831,3,302069248,0,36,-999.0,-999.0,-999.0,-999.0,139.55108894,35.9067972,0.04120999947190285,0.04120999947190285,,,,,55972.32666667,-999.0,-0.6163763996451637,0.5254853854233915,0.5864684507003725,130.7473407610352,19.211015378905838,188.0472912918523,44.27818929084501,-999,0,1,1,0,0,0,0,0.9989449977874756,20.152599334716797,0.03838200122117996,-999.0,1,20.152599334716797,20.152599334716797,20.141000747680664,0.057023998349905014,-999.0,1,20.08609962463379,0.03838200122117996,-999.0,1,272,-999.0,-999.0,-999.0,-999.0,0,-999.0,-999.0,-999.0,-999.0,-999.0,0,-999.0,-999.0,-999.0,0,0,-999.0,-999.0,-999.0,-999.0,0,-999.0,-999.0,-999.0,-999.0,-999.0,0,-999.0,-999.0,-999.0,0,0,-999.0,-999.0,-999.0,-999.0,0,-999.0,-999.0,-999.0,-999.0,-999.0,0,-999.0,-999.0,-999.0,0,0,-999.0,-999.0,-999.0,-999.0,0,-999.0,-999.0,-999.0,-999.0,-999.0,0,-999.0,-999.0,-999.0,0,0,0.03650941179056379
PSO J139.5518+35.9015,-999,-999,-999,151081395518172391,3578835000012380,214022515339355,0,16486949143016,15108,1,2038,90,0.985882899710799,3578835,49831,3,302067712,0,36,-999.0,-999.0,-999.0,-999.0,139.55182369,35.90147476,0.14383000135421753,0.14383000135421753,,,,,56759.31069444,-999.0,-0.6164245941499661,0.5255128229157058,0.5863932065416649,130.7497444304023,19.206164569858508,188.05476805308794,44.278355098606994,-999,0,1,0,0,1,0,0,-999.0,-999.0,-999.0,-999.0,0,-999.0,-999.0,-999.0,-999.0,-999.0,0,-999.0,-999.0,-999.0,0,0,-999.0,-999.0,-999.0,-999.0,0,-999.0,-999.0,-999.0,-999.0,-999.0,0,-999.0,-999.0,-999.0,0,0,0.9695479869842529,16.5,0.14304199814796448,-999.0,1,16.5,16.5,-999.0,-999.0,-999.0,1,16.877399444580078,0.14304199814796448,-999.0,1,272,-999.0,-999.0,-999.0,-999.0,0,-999.0,-999.0,-999.0,-999.0,-999.0,0,-999.0,-999.0,-999.0,0,0,-999.0,-999.0,-999.0,-999.0,0,-999.0,-999.0,-999.0,-999.0,-999.0,0,-999.0,-999.0,-999.0,0,0,0.036886088547874694
PSO J139.5522+35.9069,-999,-999,-999,151081395522488938,3578835000012502,214022515339477,0,16486948602441,15108,1,2038,90,0.320699354932363,3578835,49831,3,310456320,0,37,-999.0,-999.0,-999.0,-999.0,139.55224227,35.90689747,0.19809000194072723,0.19809000194072723,,,,,55250.31938657,-999.0,-0.6163861961822389,0.5254723121800505,0.5864698681843272,130.7482437740795,19.211409809719527,188.04725641060458,44.27912848928704,-999,0,1,0,1,0,0,0,-999.0,-999.0,-999.0,-999.0,0,-999.0,-999.0,-999.0,-999.0,-999.0,0,-999.0,-999.0,-999.0,0,0,0.998416006565094,21.533300399780273,0.19751699268817902,-999.0,1,21.533300399780273,21.533300399780273,19.951499938964844,0.12597499787807465,-999.0,1,20.738500595092773,0.19751699268817902,-999.0,1,16777496,-999.0,-999.0,-999.0,-999.0,0,-999.0,-999.0,-999.0,-999.0,-999.0,0,-999.0,-999.0,-999.0,0,0,-999.0,-999.0,-999.0,-999.0,0,-999.0,-999.0,-999.0,-999.0,-999.0,0,-999.0,-999.0,-999.0,0,0,-999.0,-999.0,-999.0,-999.0,0,-999.0,-999.0,-999.0,-999.0,-999.0,0,-999.0,-999.0,-999.0,0,0,0.03556988290862471
PSO J139.5527+35.8999,-999,-999,-999,151081395527470465,3578835000012624,214022515339599,0,16486949146477,15108,1,2038,90,0.840370252579795,3578835,49831,3,310456320,0,37,-999.0,-999.0,-999.0,-999.0,139.55274431,35.89986148,0.17595000565052032,0.17595000565052032,,,,,55250.30069444,-999.0,-0.6164456026933802,0.5255136295618724,0.5863703983530397,130.75104005598016,19.204875462507793,188.0570977976922,44.278968784850164,-999,0,1,0,0,1,0,0,-999.0,-999.0,-999.0,-999.0,0,-999.0,-999.0,-999.0,-999.0,-999.0,0,-999.0,-999.0,-999.0,0,0,-999.0,-999.0,-999.0,-999.0,0,-999.0,-999.0,-999.0,-999.0,-999.0,0,-999.0,-999.0,-999.0,0,0,0.998528003692627,20.930200576782227,0.17530499398708344,-999.0,1,20.930200576782227,20.930200576782227,19.781600952148438,0.14982500672340393,-999.0,1,20.151599884033203,0.17530499398708344,-999.0,1,16777488,-999.0,-999.0,-999.0,-999.0,0,-999.0,-999.0,-999.0,-999.0,-999.0,0,-999.0,-999.0,-999.0,0,0,-999.0,-999.0,-999.0,-999.0,0,-999.0,-999.0,-999.0,-999.0,-999.0,0,-999.0,-999.0,-999.0,0,0,0.036612172614833106
PSO J139.5528+35.9002,-999,-999,-999,151081395528100795,3578835000012645,214022515339620,0,16486949146387,15108,1,2038,90,0.926816985874266,3578835,49831,3,268959744,0,32,-999.0,-999.0,-999.0,-999.0,139.55282877,35.90016154,0.16960999369621277,0.16960999369621277,,,,,56043.25655093,-999.0,-0.6164440404219159,0.5255107286498584,0.5863746405688076,130.75100682866574,19.20518161962458,188.05668772427885,44.27906109321348,-999,0,1,0,0,0,1,0,-999.0,-999.0,-999.0,-999.0,0,-999.0,-999.0,-999.0,-999.0,-999.0,0,-999.0,-999.0,-999.0,0,0,-999.0,-999.0,-999.0,-999.0,0,-999.0,-999.0,-999.0,-999.0,-999.0,0,-999.0,-999.0,-999.0,0,0,-999.0,-999.0,-999.0,-999.0,0,-999.0,-999.0,-999.0,-999.0,-999.0,0,-999.0,-999.0,-999.0,0,0,0.010149000212550163,20.87220001220703,0.16894400119781494,-999.0,1,20.87220001220703,20.87220001220703,-999.0,-999.0,-999.0,0,22.087099075317383,0.16894400119781494,-999.0,1,4120,-999.0,-999.0,-999.0,-999.0,0,-999.0,-999.0,-999.0,-999.0,-999.0,0,-999.0,-999.0,-999.0,0,0,0.036458526297623695
PSO J139.5531+35.9009,-999,-999,-999,151081395530321727,3578835000012699,214022515339674,0,16486949146254,15108,1,2038,90,0.145537418448867,3578835,49831,3,268959744,0,32,-999.0,-999.0,-999.0,-999.0,139.55307407,35.9009304,0.2621999979019165,0.2621999979019165,,,,,56043.26700231,-999.0,-0.6164403021321154,0.5255029846905492,0.5863855105547805,130.75094515366933,19.205973601910465,188.05563959002674,44.2793209318797,-999,0,1,0,0,0,1,0,-999.0,-999.0,-999.0,-999.0,0,-999.0,-999.0,-999.0,-999.0,-999.0,0,-999.0,-999.0,-999.0,0,0,-999.0,-999.0,-999.0,-999.0,0,-999.0,-999.0,-999.0,-999.0,-999.0,0,-999.0,-999.0,-999.0,0,0,-999.0,-999.0,-999.0,-999.0,0,-999.0,-999.0,-999.0,-999.0,-999.0,0,-999.0,-999.0,-999.0,0,0,0.06607899814844131,21.319400787353516,0.2617749869823456,-999.0,1,21.319400787353516,21.319400787353516,-999.0,-999.0,-999.0,0,21.414199829101562,0.2617749869823456,-999.0,1,4120,-999.0,-999.0,-999.0,-999.0,0,-999.0,-999.0,-999.0,-999.0,-999.0,0,-999.0,-999.0,-999.0,0,0,0.03605131885453398
PSO J139.5535+35.8999,-999,-999,-999,151081395534570524,3578835000012814,214022515339789,0,16486949146581,15108,1,2038,90,0.601216014103234,3578835,49831,3,268959744,0,32,-999.0,-999.0,-999.0,-999.0,139.55347877,35.89993672,0.22169999778270721,0.22169999778270721,,,,,56049.23498843,-999.0,-0.6164517530783564,0.5255052279222558,0.5863714620895181,130.75161127706173,19.205137441993575,188.0570598252715,44.279567851009205,-999,0,1,0,0,0,0,1,-999.0,-999.0,-999.0,-999.0,0,-999.0,-999.0,-999.0,-999.0,-999.0,0,-999.0,-999.0,-999.0,0,0,-999.0,-999.0,-999.0,-999.0,0,-999.0,-999.0,-999.0,-999.0,-999.0,0,-999.0,-999.0,-999.0,0,0,-999.0,-999.0,-999.0,-999.0,0,-999.0,-999.0,-999.0,-999.0,-999.0,0,-999.0,-999.0,-999.0,0,0,-999.0,-999.0,-999.0,-999.0,0,-999.0,-999.0,-999.0,-999.0,-999.0,0,-999.0,-999.0,-999.0,0,0,0.045687999576330185,19.97260093688965,0.22119200229644775,-999.0,1,19.97260093688965,19.97260093688965,-999.0,-999.0,-999.0,0,20.962200164794922,0.22119200229644775,-999.0,1,4120,0.03602194845416511
PSO J139.5536+35.9076,-999,-999,-999,151081395536189763,3578835000012854,214022515339829,0,16486948602645,15108,1,2038,90,0.578650732132281,3578835,49831,3,277348352,0,33,-999.0,-999.0,-999.0,-999.0,139.55361737,35.90759851,0.19568000733852386,0.19568000733852386,,,,,55250.32483796,-999.0,-0.6163933464820911,0.5254528635534855,0.5864797785056625,130.74912302182352,19.212430892963322,188.04640520678473,44.28029493486977,-999,0,1,0,1,0,0,0,-999.0,-999.0,-999.0,-999.0,0,-999.0,-999.0,-999.0,-999.0,-999.0,0,-999.0,-999.0,-999.0,0,0,0.7130119800567627,21.413799285888672,0.19510699808597565,-999.0,1,21.413799285888672,21.413799285888672,20.24970054626465,0.1114640012383461,-999.0,1,20.677799224853516,0.19510699808597565,-999.0,1,16781336,-999.0,-999.0,-999.0,-999.0,0,-999.0,-999.0,-999.0,-999.0,-999.0,0,-999.0,-999.0,-999.0,0,0,-999.0,-999.0,-999.0,-999.0,0,-999.0,-999.0,-999.0,-999.0,-999.0,0,-999.0,-999.0,-999.0,0,0,-999.0,-999.0,-999.0,-999.0,0,-999.0,-999.0,-999.0,-999.0,-999.0,0,-999.0,-999.0,-999.0,0,0,0.034391419589737314
PSO J139.5542+35.9019,-999,-999,-999,151081395542222908,3578835000013012,214022515339987,0,16486949143120,15108,1,2038,90,0.886254357999428,3578835,49831,3,268959744,0,32,-999.0,-999.0,-999.0,-999.0,139.55422327,35.90192734,0.27219998836517334,0.27219998836517334,,,,,55901.64604167,-999.0,-0.6164430773777525,0.5254840013630707,0.5863996049320827,130.75154047424368,19.207216333418224,188.05435604450014,44.28032889132367,-999,0,1,0,0,0,1,0,-999.0,-999.0,-999.0,-999.0,0,-999.0,-999.0,-999.0,-999.0,-999.0,0,-999.0,-999.0,-999.0,0,0,-999.0,-999.0,-999.0,-999.0,0,-999.0,-999.0,-999.0,-999.0,-999.0,0,-999.0,-999.0,-999.0,0,0,-999.0,-999.0,-999.0,-999.0,0,-999.0,-999.0,-999.0,-999.0,-999.0,0,-999.0,-999.0,-999.0,0,0,0.6037039756774902,21.538700103759766,0.271791011095047,-999.0,1,21.538700103759766,21.538700103759766,-999.0,-999.0,-999.0,1,21.821300506591797,0.271791011095047,-999.0,1,4120,-999.0,-999.0,-999.0,-999.0,0,-999.0,-999.0,-999.0,-999.0,-999.0,0,-999.0,-999.0,-999.0,0,0,0.034891069140380024
PSO J139.5544+35.9068,-999,-999,-999,151081395543478734,3578835000186547,214022515515145,0,16486948602815,15108,1,2038,90,0.732062015432922,3578835,49831,3,1343750144,0,160,139.55435909,35.90677461,0.0010000000474974513,0.0010000000474974513,139.55435909,35.90677461,0.0010000000474974513,0.0010000000474974513,,,,,55677.96204861,-999.0,-0.6164065666275261,0.5254503549585764,0.5864681313527371,130.7500053419461,19.211843062199055,188.04761963317776,44.28082766615344,-999,1,0,0,0,0,0,0,-999.0,-999.0,-999.0,-999.0,0,-999.0,-999.0,-999.0,-999.0,-999.0,0,-999.0,-999.0,-999.0,0,16416,-999.0,-999.0,-999.0,-999.0,0,-999.0,-999.0,-999.0,-999.0,-999.0,0,-999.0,-999.0,-999.0,0,16416,-999.0,-999.0,-999.0,-999.0,0,-999.0,-999.0,-999.0,-999.0,-999.0,0,-999.0,-999.0,-999.0,0,16416,-999.0,-999.0,-999.0,-999.0,0,-999.0,-999.0,-999.0,-999.0,-999.0,0,-999.0,-999.0,-999.0,0,114720,-999.0,-999.0,-999.0,-999.0,0,-999.0,-999.0,-999.0,-999.0,-999.0,0,-999.0,-999.0,-999.0,0,16416,0.03388017906616162
PSO J139.5546+35.9001,-999,-999,-999,151081395546160697,3578835000013123,214022515340098,0,16486949146052,15108,1,2038,90,0.169514757738928,3578835,49831,3,310456320,0,37,-999.0,-999.0,-999.0,-999.0,139.55461416,35.90005442,0.1647299975156784,0.1647299975156784,,,,,55250.30069444,-999.0,-0.6164612498258873,0.5254922306064241,0.5863731261197,130.75249384593099,19.205543750497007,188.05699917825837,44.28049404778723,-999,0,1,0,0,1,0,0,-999.0,-999.0,-999.0,-999.0,0,-999.0,-999.0,-999.0,-999.0,-999.0,0,-999.0,-999.0,-999.0,0,0,-999.0,-999.0,-999.0,-999.0,0,-999.0,-999.0,-999.0,-999.0,-999.0,0,-999.0,-999.0,-999.0,0,0,0.9951030015945435,20.819400787353516,0.16404199600219727,-999.0,1,20.819400787353516,20.819400787353516,19.283199310302734,0.1058489978313446,-999.0,1,19.67449951171875,0.16404199600219727,-999.0,1,16777488,-999.0,-999.0,-999.0,-999.0,0,-999.0,-999.0,-999.0,-999.0,-999.0,0,-999.0,-999.0,-999.0,0,0,-999.0,-999.0,-999.0,-999.0,0,-999.0,-999.0,-999.0,-999.0,-999.0,0,-999.0,-999.0,-999.0,0,0,0.03510973753974623
PSO J139.5547+35.9029,-999,-999,-999,151081395546814140,3578835000013141,214022515340116,0,16486949077058,15108,1,2038,90,0.334340952648167,3578835,49831,3,268959744,0,32,-999.0,-999.0,-999.0,-999.0,139.55469869,35.90294947,0.27456000447273254,0.27456000447273254,,,,,56759.28498843,-999.0,-0.6164394763759087,0.5254720998950304,0.5864140552521765,130.75157978111474,19.20830797095347,188.0529761560373,44.28079482895979,-999,0,1,0,0,1,0,0,-999.0,-999.0,-999.0,-999.0,0,-999.0,-999.0,-999.0,-999.0,-999.0,0,-999.0,-999.0,-999.0,0,0,-999.0,-999.0,-999.0,-999.0,0,-999.0,-999.0,-999.0,-999.0,-999.0,0,-999.0,-999.0,-999.0,0,0,0.7491580247879028,20.576799392700195,0.2741450071334839,-999.0,1,20.576799392700195,20.576799392700195,-999.0,-999.0,-999.0,0,20.573999404907227,0.2741450071334839,-999.0,1,4112,-999.0,-999.0,-999.0,-999.0,0,-999.0,-999.0,-999.0,-999.0,-999.0,0,-999.0,-999.0,-999.0,0,0,-999.0,-999.0,-999.0,-999.0,0,-999.0,-999.0,-999.0,-999.0,-999.0,0,-999.0,-999.0,-999.0,0,0,0.03427143376772479
PSO J139.5549+35.8995,-999,-999,-999,151081395548530002,3578835000013187,214022515340162,0,16486949145988,15107,1,2038,90,0.762495800631583,3578835,49831,3,310456320,0,37,-999.0,-999.0,-999.0,-999.0,139.55485744,35.89948682,0.17951999604701996,0.17951999604701996,,,,,55250.35447917,-999.0,-0.6164679017808617,0.525493381405759,0.5863651014279783,130.7528841873873,19.20506927541414,188.05781154725432,44.280644872202686,-999,0,1,1,0,0,0,0,0.9262850284576416,21.43939971923828,0.17889299988746643,-999.0,1,21.43939971923828,21.43939971923828,20.755399703979492,0.169405996799469,-999.0,1,20.833900451660156,0.17889299988746643,-999.0,1,16777496,-999.0,-999.0,-999.0,-999.0,0,-999.0,-999.0,-999.0,-999.0,-999.0,0,-999.0,-999.0,-999.0,0,0,-999.0,-999.0,-999.0,-999.0,0,-999.0,-999.0,-999.0,-999.0,-999.0,0,-999.0,-999.0,-999.0,0,0,-999.0,-999.0,-999.0,-999.0,0,-999.0,-999.0,-999.0,-999.0,-999.0,0,-999.0,-999.0,-999.0,0,0,-999.0,-999.0,-999.0,-999.0,0,-999.0,-999.0,-999.0,-999.0,-999.0,0,-999.0,-999.0,-999.0,0,0,0.035100212263978366
PSO J139.5550+35.9065,-999,-999,-999,151081395549898418,3578835000013224,214022515340199,0,16486948602240,15108,1,2038,90,0.908373974178335,3578835,49831,3,268959744,0,32,-999.0,-999.0,-999.0,-999.0,139.55500266,35.90652369,0.2691799998283386,0.2691799998283386,,,,,55249.33246528,-999.0,-0.616414423261298,0.5254450973310009,0.586464584170482,130.75061340788884,19.21177249055826,188.04802740650365,44.281327128303175,-999,0,1,1,0,0,0,0,0.6517810225486755,22.252399444580078,0.26876300573349,-999.0,1,22.252399444580078,22.252399444580078,-999.0,-999.0,-999.0,1,23.548099517822266,0.26876300573349,-999.0,1,4120,-999.0,-999.0,-999.0,-999.0,0,-999.0,-999.0,-999.0,-999.0,-999.0,0,-999.0,-999.0,-999.0,0,0,-999.0,-999.0,-999.0,-999.0,0,-999.0,-999.0,-999.0,-999.0,-999.0,0,-999.0,-999.0,-999.0,0,0,-999.0,-999.0,-999.0,-999.0,0,-999.0,-999.0,-999.0,-999.0,-999.0,0,-999.0,-999.0,-999.0,0,0,-999.0,-999.0,-999.0,-999.0,0,-999.0,-999.0,-999.0,-999.0,-999.0,0,-999.0,-999.0,-999.0,0,0,0.033393455491126975
PSO J139.5552+35.9042,-999,-999,-999,151081395551725586,3578835000013270,214022515340245,0,16486949077208,15108,1,2038,90,0.0359712755642564,3578835,49831,3,268959744,0,32,-999.0,-999.0,-999.0,-999.0,139.55518214,35.90415999,0.2238900065422058,0.2238900065422058,,,,,55249.28297454,-999.0,-0.616434481248577,0.5254588611115477,0.5864311686866184,130.75156164933284,19.20958013986567,188.05133467685644,44.28128234598325,-999,0,1,0,0,1,0,0,-999.0,-999.0,-999.0,-999.0,0,-999.0,-999.0,-999.0,-999.0,-999.0,0,-999.0,-999.0,-999.0,0,0,-999.0,-999.0,-999.0,-999.0,0,-999.0,-999.0,-999.0,-999.0,-999.0,0,-999.0,-999.0,-999.0,0,0,0.7827200293540955,20.872400283813477,0.22338899970054626,-999.0,1,20.872400283813477,20.872400283813477,20.8789005279541,0.28316500782966614,-999.0,1,21.038700103759766,0.22338899970054626,-999.0,1,4120,-999.0,-999.0,-999.0,-999.0,0,-999.0,-999.0,-999.0,-999.0,-999.0,0,-999.0,-999.0,-999.0,0,0,-999.0,-999.0,-999.0,-999.0,0,-999.0,-999.0,-999.0,-999.0,-999.0,0,-999.0,-999.0,-999.0,0,0,0.03363201238427819
PSO J139.5557+35.9003,-999,-999,-999,151081395556540958,3578835000013382,214022515340357,0,16486949144859,15108,1,2038,90,0.643541196960529,3578835,49831,3,277348352,0,33,-999.0,-999.0,-999.0,-999.0,139.55565496,35.90027254,0.18081000447273254,0.18081000447273254,,,,,55250.31938657,-999.0,-0.6164690966497667,0.5254795841643012,0.5863762098707057,130.7532654686816,19.206020622284043,188.05679010272246,44.28135193564014,-999,0,1,0,1,0,0,0,-999.0,-999.0,-999.0,-999.0,0,-999.0,-999.0,-999.0,-999.0,-999.0,0,-999.0,-999.0,-999.0,0,0,0.7219989895820618,21.243600845336914,0.18018999695777893,-999.0,1,21.243600845336914,21.243600845336914,20.47949981689453,0.14282900094985962,-999.0,1,20.720399856567383,0.18018999695777893,-999.0,1,16781336,-999.0,-999.0,-999.0,-999.0,0,-999.0,-999.0,-999.0,-999.0,-999.0,0,-999.0,-999.0,-999.0,0,0,-999.0,-999.0,-999.0,-999.0,0,-999.0,-999.0,-999.0,-999.0,-999.0,0,-999.0,-999.0,-999.0,0,0,-999.0,-999.0,-999.0,-999.0,0,-999.0,-999.0,-999.0,-999.0,-999.0,0,-999.0,-999.0,-999.0,0,0,0.034240319154499654
PSO J139.5560+35.9025,-999,-999,-999,151081395559483615,3578835000013453,214022515340428,0,16486949077454,15108,1,2038,90,0.411635888192464,3578835,49831,3,310456320,0,37,-999.0,-999.0,-999.0,-999.0,139.55596351,35.90250549,0.17106999456882477,0.17106999456882477,,,,,55250.25818287,-999.0,-0.6164545343673506,0.5254614394431091,0.5864077785264352,130.7527581615176,19.208215850376735,188.05370921021216,44.28178039401122,-999,0,1,0,0,0,1,0,-999.0,-999.0,-999.0,-999.0,0,-999.0,-999.0,-999.0,-999.0,-999.0,0,-999.0,-999.0,-999.0,0,0,-999.0,-999.0,-999.0,-999.0,0,-999.0,-999.0,-999.0,-999.0,-999.0,0,-999.0,-999.0,-999.0,0,0,-999.0,-999.0,-999.0,-999.0,0,-999.0,-999.0,-999.0,-999.0,-999.0,0,-999.0,-999.0,-999.0,0,0,0.996068000793457,20.339000701904297,0.170414000749588,-999.0,1,20.339000701904297,20.339000701904297,18.671199798583984,0.10251100361347198,-999.0,1,19.15760040283203,0.170414000749588,-999.0,1,16777496,-999.0,-999.0,-999.0,-999.0,0,-999.0,-999.0,-999.0,-999.0,-999.0,0,-999.0,-999.0,-999.0,0,0,0.03338163238494894
PSO J139.5561+35.9074,-999,-999,-999,151081395559999571,3578835000013472,214022515340447,0,16486948569622,15108,1,2038,90,0.125042692874598,3578835,49831,3,302067712,0,36,-999.0,-999.0,-999.0,-999.0,139.55610133,35.90740115,0.12710000574588776,0.12710000574588776,,,,,55248.28841435,3.8801000118255615,-0.6164176634435403,0.5254274508785657,0.5864769885153711,130.751208163133,19.212888918572368,188.04690542131897,44.282284540080106,-999,0,2,1,0,0,0,1,0.9996629953384399,21.87420082092285,0.16998200118541718,-999.0,1,21.87420082092285,21.87420082092285,20.973800659179688,0.19388599693775177,-999.0,1,21.049699783325195,0.16998200118541718,-999.0,1,16777496,-999.0,-999.0,-999.0,-999.0,0,-999.0,-999.0,-999.0,-999.0,-999.0,0,-999.0,-999.0,-999.0,0,0,-999.0,-999.0,-999.0,-999.0,0,-999.0,-999.0,-999.0,-999.0,-999.0,0,-999.0,-999.0,-999.0,0,0,-999.0,-999.0,-999.0,-999.0,0,-999.0,-999.0,-999.0,-999.0,-999.0,0,-999.0,-999.0,-999.0,0,0,0.9983490109443665,19.262100219726562,0.1898999959230423,-999.0,1,19.262100219726562,19.262100219726562,-999.0,-999.0,-999.0,1,19.103599548339844,0.1898999959230423,-999.0,1,280,0.032408370270325275
PSO J139.5565+35.9042,-999,-999,-999,151081395564775614,3578835000013598,214022515340573,0,16486949077572,15108,1,2038,90,0.875566325034542,3578835,49831,3,276901888,0,33,-999.0,-999.0,-999.0,-999.0,139.5564898,35.90417447,0.019940000027418137,0.019940000027418137,,,,,55249.33488426,-999.0,-0.6164463608303054,0.525444695967151,0.5864313733925406,130.7526191936489,19.20993340777708,188.05143326822918,44.28233929409,-999,0,1,1,0,0,0,0,0.9810450077056885,18.98590087890625,0.013131000101566315,-999.0,1,18.98590087890625,18.98590087890625,18.24970054626465,0.020023999735713005,-999.0,1,18.638599395751953,0.013131000101566315,-999.0,1,16777240,-999.0,-999.0,-999.0,-999.0,0,-999.0,-999.0,-999.0,-999.0,-999.0,0,-999.0,-999.0,-999.0,0,0,-999.0,-999.0,-999.0,-999.0,0,-999.0,-999.0,-999.0,-999.0,-999.0,0,-999.0,-999.0,-999.0,0,0,-999.0,-999.0,-999.0,-999.0,0,-999.0,-999.0,-999.0,-999.0,-999.0,0,-999.0,-999.0,-999.0,0,0,-999.0,-999.0,-999.0,-999.0,0,-999.0,-999.0,-999.0,-999.0,-999.0,0,-999.0,-999.0,-999.0,0,0,0.03259111828839415
PSO J139.5565+35.9070,-999,-999,-999,151081395565308969,3578835000013623,214022515340598,0,16486948569851,15108,1,2038,90,0.79928724262797,3578835,49831,3,302067712,0,36,-999.0,-999.0,-999.0,-999.0,139.55654199,35.90697264,0.1882299929857254,0.1882299929857254,,,,,56652.66532407,-999.0,-0.6164250425625972,0.5254255553218418,0.5864709308366736,130.75171166127777,19.212597446933824,188.04754203720012,44.28260594034397,-999,0,1,0,0,0,1,0,-999.0,-999.0,-999.0,-999.0,0,-999.0,-999.0,-999.0,-999.0,-999.0,0,-999.0,-999.0,-999.0,0,0,-999.0,-999.0,-999.0,-999.0,0,-999.0,-999.0,-999.0,-999.0,-999.0,0,-999.0,-999.0,-999.0,0,0,-999.0,-999.0,-999.0,-999.0,0,-999.0,-999.0,-999.0,-999.0,-999.0,0,-999.0,-999.0,-999.0,0,0,0.9993469715118408,20.80419921875,0.18762999773025513,-999.0,1,20.80419921875,20.80419921875,20.827899932861328,0.2833330035209656,-999.0,1,20.804100036621094,0.18762999773025513,-999.0,1,280,-999.0,-999.0,-999.0,-999.0,0,-999.0,-999.0,-999.0,-999.0,-999.0,0,-999.0,-999.0,-999.0,0,0,0.03210107430726577
PSO J139.5567+35.8998,-999,-999,-999,151081395566550329,3578835000013650,214022515340625,0,16486949144978,15108,1,2038,90,0.418814108165739,3578835,49831,3,268513280,0,32,-999.0,-999.0,-999.0,-999.0,139.55667633,35.89979005,0.01816999912261963,0.01816999912261963,,,,,55968.36913194,-999.0,-0.6164822218473109,0.5254717979097827,0.5863693884810695,130.75425913323022,19.205828817235364,188.05755470855203,44.282137854674666,-999,0,1,0,0,1,0,0,-999.0,-999.0,-999.0,-999.0,0,-999.0,-999.0,-999.0,-999.0,-999.0,0,-999.0,-999.0,-999.0,0,0,-999.0,-999.0,-999.0,-999.0,0,-999.0,-999.0,-999.0,-999.0,-999.0,0,-999.0,-999.0,-999.0,0,0,0.9988939762115479,18.16200065612793,0.010251999832689762,-999.0,1,18.16200065612793,18.16200065612793,18.507999420166016,0.01912900060415268,-999.0,1,18.394800186157227,0.010251999832689762,-999.0,1,24,-999.0,-999.0,-999.0,-999.0,0,-999.0,-999.0,-999.0,-999.0,-999.0,0,-999.0,-999.0,-999.0,0,0,-999.0,-999.0,-999.0,-999.0,0,-999.0,-999.0,-999.0,-999.0,-999.0,0,-999.0,-999.0,-999.0,0,0,0.033607993820871616
PSO J139.5569+35.9066,-999,-999,-999,151081395568758506,3578835000013718,214022515340693,0,16486948569782,15108,1,2038,90,0.056485857867157,3578835,49831,3,302067712,0,36,-999.0,-999.0,-999.0,-999.0,139.55688614,35.90659699,0.144569993019104,0.144569993019104,,,,,55248.27881944,-999.0,-0.6164311248456881,0.5254243469991497,0.5864656203921904,130.7521188035614,19.212330986546856,188.04809630047728,44.28285366241304,-999,0,2,1,0,1,0,0,0.5416520237922668,20.81369972229004,0.2309959977865219,-999.0,1,20.81369972229004,20.81369972229004,20.692399978637695,0.2321529984474182,-999.0,1,20.501699447631836,0.2309959977865219,-999.0,1,4112,-999.0,-999.0,-999.0,-999.0,0,-999.0,-999.0,-999.0,-999.0,-999.0,0,-999.0,-999.0,-999.0,0,0,0.9997239708900452,21.056299209594727,0.14378699660301208,-999.0,1,21.056299209594727,21.056299209594727,20.529699325561523,0.19939100742340088,-999.0,1,20.431499481201172,0.14378699660301208,-999.0,1,16777496,-999.0,-999.0,-999.0,-999.0,0,-999.0,-999.0,-999.0,-999.0,-999.0,0,-999.0,-999.0,-999.0,0,0,-999.0,-999.0,-999.0,-999.0,0,-999.0,-999.0,-999.0,-999.0,-999.0,0,-999.0,-999.0,-999.0,0,0,0.03187112769839369
PSO J139.5574+35.9045,-999,-999,-999,151081395573935986,3578835000013868,214022515340843,0,16486949077600,15108,1,2038,90,0.847034008099729,3578835,49831,3,277348352,0,33,-999.0,-999.0,-999.0,-999.0,139.55741891,35.90445393,0.2292100042104721,0.2292100042104721,,,,,55250.34751157,-999.0,-0.6164527045052508,0.5254328441330859,0.5864353241529522,130.7532792128476,19.210439378881453,188.05112853002112,44.28311187065471,-999,0,1,1,0,0,0,0,0.5368310213088989,20.797100067138672,0.22871899604797363,-999.0,1,20.797100067138672,20.797100067138672,20.56760025024414,0.17146100103855133,-999.0,1,20.17340087890625,0.22871899604797363,-999.0,1,16781328,-999.0,-999.0,-999.0,-999.0,0,-999.0,-999.0,-999.0,-999.0,-999.0,0,-999.0,-999.0,-999.0,0,0,-999.0,-999.0,-999.0,-999.0,0,-999.0,-999.0,-999.0,-999.0,-999.0,0,-999.0,-999.0,-999.0,0,0,-999.0,-999.0,-999.0,-999.0,0,-999.0,-999.0,-999.0,-999.0,-999.0,0,-999.0,-999.0,-999.0,0,0,-999.0,-999.0,-999.0,-999.0,0,-999.0,-999.0,-999.0,-999.0,-999.0,0,-999.0,-999.0,-999.0,0,0,0.0317978436037887
PSO J139.5575+35.9022,-999,-999,-999,151081395575013267,3578835000013893,214022515340868,0,16486949080714,15108,1,2038,90,0.214468698217039,3578835,49831,3,268959744,0,32,-999.0,-999.0,-999.0,-999.0,139.55751892,35.90222144,0.24223999679088593,0.24223999679088593,,,,,56759.28498843,-999.0,-0.6164710113789521,0.5254465901779451,0.5864037627776466,130.75411835994973,19.20835068647516,188.05424599326463,44.28301343062521,-999,0,1,0,0,1,0,0,-999.0,-999.0,-999.0,-999.0,0,-999.0,-999.0,-999.0,-999.0,-999.0,0,-999.0,-999.0,-999.0,0,0,-999.0,-999.0,-999.0,-999.0,0,-999.0,-999.0,-999.0,-999.0,-999.0,0,-999.0,-999.0,-999.0,0,0,0.5873379707336426,20.14929962158203,0.24177099764347076,-999.0,1,20.14929962158203,20.14929962158203,19.901100158691406,0.25798699259757996,-999.0,1,20.033100128173828,0.24177099764347076,-999.0,1,4112,-999.0,-999.0,-999.0,-999.0,0,-999.0,-999.0,-999.0,-999.0,-999.0,0,-999.0,-999.0,-999.0,0,0,-999.0,-999.0,-999.0,-999.0,0,-999.0,-999.0,-999.0,-999.0,-999.0,0,-999.0,-999.0,-999.0,0,0,0.03223636113096634
PSO J139.5582+35.9031,-999,-999,-999,151081395581134332,3578835000014073,214022515341048,0,16486949080426,15108,1,2038,90,0.717770551999817,3578835,49831,3,436527104,7,52,139.55814475,35.90310746,0.0010000000474974513,0.0010000000474974513,139.55816074817517,35.903118098462876,0.00422234970329858,0.00422234970329858,-3.8840822718459815,-1.988906553300267,2.1871907778384148,2.1871907778384148,55919.95417011047,2.5703749656677246,-0.6164699130263859,0.5254337314591321,0.5864164392120782,130.7543300265668,19.20936000560669,188.05306157535833,44.28359627638387,-999,5,118,30,30,38,19,1,0.9998170137405396,21.061199188232422,0.02419999986886978,0.11054600030183792,28,20.815799713134766,21.408599853515625,21.07509994506836,0.04311399906873703,0.2518469989299774,28,21.05340003967285,0.0315219983458519,0.19550399482250214,28,115000,0.9997100234031677,20.650999069213867,0.01585100032389164,0.08859200030565262,29,20.495800018310547,20.827299118041992,20.77869987487793,0.03273500129580498,0.21342100203037262,29,20.646299362182617,0.03278699889779091,0.2048410028219223,29,115000,0.9996830224990845,20.515199661254883,0.019881000742316246,0.1234159991145134,36,20.214399337768555,20.69860076904297,20.65559959411621,0.02169799990952015,0.16139599680900574,37,20.537700653076172,0.022815000265836716,0.15603399276733398,37,115000,0.9997050166130066,20.39900016784668,0.03796900063753128,0.13620300590991974,18,20.079700469970703,20.595399856567383,20.418500900268555,0.061445001512765884,0.2757900059223175,18,20.39299964904785,0.06290800124406815,0.28461700677871704,18,115000,0.997713029384613,20.21339988708496,0.14672699570655823,-999.0,1,20.21339988708496,20.21339988708496,19.341999053955078,0.1702899932861328,-999.0,1,19.390100479125977,0.14672699570655823,-999.0,1,16892216,0.03150602166222204
PSO J139.5584+35.9013,-999,-999,-999,151081395583632209,3578835000014139,214022515341114,0,16486949080948,15108,1,2038,90,0.666055860618181,3578835,49831,3,277348352,0,33,-999.0,-999.0,-999.0,-999.0,139.5583873,35.90131035,0.17986999452114105,0.17986999452114105,,,,,55250.34751157,-999.0,-0.6164860716798235,0.5254432954477205,0.5863908821714566,130.7551332173314,19.20771318097508,188.05559342727227,44.28364142071309,-999,0,1,1,0,0,0,0,0.6695029735565186,20.685400009155273,0.17924800515174866,-999.0,1,20.685400009155273,20.685400009155273,20.063199996948242,0.13339200615882874,-999.0,1,19.972400665283203,0.17924800515174866,-999.0,1,16781328,-999.0,-999.0,-999.0,-999.0,0,-999.0,-999.0,-999.0,-999.0,-999.0,0,-999.0,-999.0,-999.0,0,0,-999.0,-999.0,-999.0,-999.0,0,-999.0,-999.0,-999.0,-999.0,-999.0,0,-999.0,-999.0,-999.0,0,0,-999.0,-999.0,-999.0,-999.0,0,-999.0,-999.0,-999.0,-999.0,-999.0,0,-999.0,-999.0,-999.0,0,0,-999.0,-999.0,-999.0,-999.0,0,-999.0,-999.0,-999.0,-999.0,-999.0,0,-999.0,-999.0,-999.0,0,0,0.03181708458867396
PSO J139.5588+35.9049,-999,-999,-999,151081395587506429,3578835000014243,214022515341218,0,16486948572682,15108,1,2038,90,0.242001883910971,3578835,49831,3,268513280,0,32,-999.0,-999.0,-999.0,-999.0,139.55875228,35.90485829,0.019290000200271606,0.019290000200271606,,,,,57035.55862269,-999.0,-0.6164617821774624,0.5254158134245556,0.5864410406153371,130.75422528068395,19.211168636260762,188.05068656364324,44.28422085433999,-999,0,1,0,0,1,0,0,-999.0,-999.0,-999.0,-999.0,0,-999.0,-999.0,-999.0,-999.0,-999.0,0,-999.0,-999.0,-999.0,0,0,-999.0,-999.0,-999.0,-999.0,0,-999.0,-999.0,-999.0,-999.0,-999.0,0,-999.0,-999.0,-999.0,0,0,0.9971140027046204,18.56209945678711,0.012132000178098679,-999.0,1,18.56209945678711,18.56209945678711,19.106599807739258,0.026763999834656715,-999.0,1,19.026899337768555,0.012132000178098679,-999.0,1,24,-999.0,-999.0,-999.0,-999.0,0,-999.0,-999.0,-999.0,-999.0,-999.0,0,-999.0,-999.0,-999.0,0,0,-999.0,-999.0,-999.0,-999.0,0,-999.0,-999.0,-999.0,-999.0,-999.0,0,-999.0,-999.0,-999.0,0,0,0.03065964756282648
PSO J139.5594+35.9019,-999,-999,-999,151081395593592816,3578835000014405,214022515341380,0,16486949080995,15108,1,2038,90,0.245222370368636,3578835,49831,3,268959744,0,32,-999.0,-999.0,-999.0,-999.0,139.55935879,35.90185205,0.24873000383377075,0.24873000383377075,,,,,55918.62197917,-999.0,-0.6164907614016475,0.5254292462242017,0.5863985405154793,130.75573865913628,19.208478568015558,188.05492743349237,44.284469300301055,-999,0,1,0,1,0,0,0,-999.0,-999.0,-999.0,-999.0,0,-999.0,-999.0,-999.0,-999.0,-999.0,0,-999.0,-999.0,-999.0,0,0,0.7542780041694641,22.05739974975586,0.24828100204467773,-999.0,1,22.05739974975586,22.05739974975586,-999.0,-999.0,-999.0,1,22.052099227905273,0.24828100204467773,-999.0,1,4120,-999.0,-999.0,-999.0,-999.0,0,-999.0,-999.0,-999.0,-999.0,-999.0,0,-999.0,-999.0,-999.0,0,0,-999.0,-999.0,-999.0,-999.0,0,-999.0,-999.0,-999.0,-999.0,-999.0,0,-999.0,-999.0,-999.0,0,0,-999.0,-999.0,-999.0,-999.0,0,-999.0,-999.0,-999.0,-999.0,-999.0,0,-999.0,-999.0,-999.0,0,0,0.030906118771020532
PSO J139.5604+35.9058,-999,-999,-999,151081395604587531,3578835000014709,214022515341684,0,16486948570804,15108,1,2038,90,0.0727332551709686,3578835,49831,3,277348352,0,33,-999.0,-999.0,-999.0,-999.0,139.56042089,35.90575017,0.09781000018119812,0.09781000018119812,,,,,55908.12547454,-999.0,-0.6164701356351733,0.5253919388006087,0.5864536490749191,130.75527820009415,19.212446740743943,188.04959615632717,44.285639591090124,-999,0,3,0,1,0,2,0,-999.0,-999.0,-999.0,-999.0,0,-999.0,-999.0,-999.0,-999.0,-999.0,0,-999.0,-999.0,-999.0,0,0,0.8348580002784729,21.128000259399414,0.15763099491596222,-999.0,1,21.128000259399414,21.128000259399414,20.097000122070312,0.09733899682760239,-999.0,1,20.39620018005371,0.15763099491596222,-999.0,1,16781336,-999.0,-999.0,-999.0,-999.0,0,-999.0,-999.0,-999.0,-999.0,-999.0,0,-999.0,-999.0,-999.0,0,0,0.7254359722137451,20.65719985961914,0.10700500011444092,0.15735499560832977,2,20.580699920654297,20.794700622558594,19.59149932861328,0.17389899492263794,0.27109700441360474,2,19.92060089111328,0.08466500043869019,0.12427199631929398,2,16781336,-999.0,-999.0,-999.0,-999.0,0,-999.0,-999.0,-999.0,-999.0,-999.0,0,-999.0,-999.0,-999.0,0,0,0.029168273922354375
PSO J139.5606+35.9031,-999,-999,-999,151081395606314339,3578835000014746,214022515341721,0,16486949079852,15108,1,2038,90,0.56900668197219,3578835,49831,3,310456320,0,37,-999.0,-999.0,-999.0,-999.0,139.56063068,35.90311026,0.14893999695777893,0.14893999695777893,,,,,55918.62197917,-999.0,-0.6164926241427713,0.5254072079509793,0.5864163283970836,130.75634491356925,19.210000656780952,188.0532910188137,44.28559720632854,-999,0,1,0,1,0,0,0,-999.0,-999.0,-999.0,-999.0,0,-999.0,-999.0,-999.0,-999.0,-999.0,0,-999.0,-999.0,-999.0,0,0,0.876990020275116,21.234100341796875,0.14817899465560913,-999.0,1,21.234100341796875,21.234100341796875,20.4778995513916,0.10485900193452835,-999.0,1,20.50079917907715,0.14817899465560913,-999.0,1,16777496,-999.0,-999.0,-999.0,-999.0,0,-999.0,-999.0,-999.0,-999.0,-999.0,0,-999.0,-999.0,-999.0,0,0,-999.0,-999.0,-999.0,-999.0,0,-999.0,-999.0,-999.0,-999.0,-999.0,0,-999.0,-999.0,-999.0,0,0,-999.0,-999.0,-999.0,-999.0,0,-999.0,-999.0,-999.0,-999.0,-999.0,0,-999.0,-999.0,-999.0,0,0,0.02957102876901264
PSO J139.5606+35.9012,-999,-999,-999,151081395606342054,3578835000014743,214022515341718,0,16486949080092,15108,1,2038,90,0.837955216726247,3578835,49831,3,310456320,0,37,-999.0,-999.0,-999.0,-999.0,139.56063363,35.90121012,0.18253999948501587,0.18253999948501587,,,,,55918.62197917,-999.0,-0.6165074523868295,0.5254197905571871,0.586389465152933,130.7569924013086,19.20820157897613,188.05593703667867,44.28544709309139,-999,0,1,0,1,0,0,0,-999.0,-999.0,-999.0,-999.0,0,-999.0,-999.0,-999.0,-999.0,-999.0,0,-999.0,-999.0,-999.0,0,0,0.999019980430603,21.838600158691406,0.18192100524902344,-999.0,1,21.838600158691406,21.838600158691406,20.936100006103516,0.19130000472068787,-999.0,1,21.29949951171875,0.18192100524902344,-999.0,1,16777496,-999.0,-999.0,-999.0,-999.0,0,-999.0,-999.0,-999.0,-999.0,-999.0,0,-999.0,-999.0,-999.0,0,0,-999.0,-999.0,-999.0,-999.0,0,-999.0,-999.0,-999.0,-999.0,-999.0,0,-999.0,-999.0,-999.0,0,0,-999.0,-999.0,-999.0,-999.0,0,-999.0,-999.0,-999.0,-999.0,-999.0,0,-999.0,-999.0,-999.0,0,0,0.030115984212870445
PSO J139.5609+35.9054,-999,-999,-999,151081395608567032,3578835000014799,214022515341774,0,16486948571104,15108,1,2038,90,0.925677742739839,3578835,49831,3,436285440,0,52,139.56081199,35.90538591,0.0010000000474974513,0.0010000000474974513,139.56090637,35.90540464,0.1379300057888031,0.1379300057888031,,,,,55638.16224537,0.7307000160217285,-0.616477279124873,0.5253890093177777,0.5864487643527587,130.75578995359132,19.212245520226322,188.050121328798,44.286003845499096,-999,4,3,0,1,0,2,0,-999.0,-999.0,-999.0,-999.0,0,-999.0,-999.0,-999.0,-999.0,-999.0,0,-999.0,-999.0,-999.0,0,16416,0.7838510274887085,21.199800491333008,0.168381005525589,-999.0,1,21.199800491333008,21.199800491333008,20.06719970703125,0.09609200060367584,-999.0,1,20.24209976196289,0.168381005525589,-999.0,1,16896056,-999.0,-999.0,-999.0,-999.0,0,-999.0,-999.0,-999.0,-999.0,-999.0,0,-999.0,-999.0,-999.0,0,114720,0.997776985168457,21.11319923400879,0.012485000304877758,0.03469400107860565,2,21.089099884033203,21.138099670410156,20.723899841308594,0.07805600017309189,0.11592300236225128,2,20.9552001953125,0.16893400251865387,0.23895399272441864,2,115000,-999.0,-999.0,-999.0,-999.0,0,-999.0,-999.0,-999.0,-999.0,-999.0,0,-999.0,-999.0,-999.0,0,114720,0.02884304836356465
PSO J139.5616+35.9029,-999,-999,-999,151081395615994112,3578835000014986,214022515341961,0,16486949080036,15108,1,2038,90,0.048497920901047,3578835,49831,3,277348352,0,33,-999.0,-999.0,-999.0,-999.0,139.56160314,35.90293063,0.15942999720573425,0.15942999720573425,,,,,55918.63284722,-999.0,-0.6165029408774847,0.5253979368749824,0.5864137889041532,130.75719601747392,19.210083045243,188.05362942513528,44.28636795700409,-999,0,1,0,1,0,0,0,-999.0,-999.0,-999.0,-999.0,0,-999.0,-999.0,-999.0,-999.0,-999.0,0,-999.0,-999.0,-999.0,0,0,0.7818800210952759,21.15180015563965,0.15872199833393097,-999.0,1,21.15180015563965,21.15180015563965,19.34760093688965,0.07174000144004822,-999.0,1,20.28070068359375,0.15872199833393097,-999.0,1,16781336,-999.0,-999.0,-999.0,-999.0,0,-999.0,-999.0,-999.0,-999.0,-999.0,0,-999.0,-999.0,-999.0,0,0,-999.0,-999.0,-999.0,-999.0,0,-999.0,-999.0,-999.0,-999.0,-999.0,0,-999.0,-999.0,-999.0,0,0,-999.0,-999.0,-999.0,-999.0,0,-999.0,-999.0,-999.0,-999.0,-999.0,0,-999.0,-999.0,-999.0,0,0,0.028859006309809112
PSO J139.5620+35.9034,-999,-999,-999,151081395620364652,3578835000015123,214022515342098,0,16486949079888,15108,1,2038,90,0.688134682074315,3578835,49831,3,277348352,0,33,-999.0,-999.0,-999.0,-999.0,139.56204051,35.90338206,0.16118000447750092,0.16118000447750092,,,,,55901.65012731,-999.0,-0.6165034349248059,0.5253902338883536,0.5864201709189893,130.75739811407996,19.21062422711089,188.05304054657392,44.28675730569661,-999,0,1,0,0,0,1,0,-999.0,-999.0,-999.0,-999.0,0,-999.0,-999.0,-999.0,-999.0,-999.0,0,-999.0,-999.0,-999.0,0,0,-999.0,-999.0,-999.0,-999.0,0,-999.0,-999.0,-999.0,-999.0,-999.0,0,-999.0,-999.0,-999.0,0,0,-999.0,-999.0,-999.0,-999.0,0,-999.0,-999.0,-999.0,-999.0,-999.0,0,-999.0,-999.0,-999.0,0,0,0.8074139952659607,20.590999603271484,0.16047899425029755,-999.0,1,20.590999603271484,20.590999603271484,-999.0,-999.0,-999.0,0,20.111299514770508,0.16047899425029755,-999.0,1,16781336,-999.0,-999.0,-999.0,-999.0,0,-999.0,-999.0,-999.0,-999.0,-999.0,0,-999.0,-999.0,-999.0,0,0,0.028397628012979546
PSO J139.5619+35.9049,-999,-999,-999,151081395621216633,3578835000015143,214022515342118,0,16486948570279,15108,1,2038,90,0.505642712587158,3578835,49831,3,302067712,0,36,-999.0,-999.0,-999.0,-999.0,139.56190999,35.90487997,0.1413400024175644,0.1413400024175644,,,,,56344.39150463,-999.0,-0.6164905692956075,0.5253816939845345,0.586441347106016,130.75678350907833,19.212009171915224,188.05094296310355,44.2867720712244,-999,0,2,1,1,0,0,0,0.6886579990386963,21.687599182128906,0.2749750018119812,-999.0,1,21.687599182128906,21.687599182128906,-999.0,-999.0,-999.0,0,21.848899841308594,0.2749750018119812,-999.0,1,4120,0.9988740086555481,20.92889976501465,0.14054200053215027,-999.0,1,20.92889976501465,20.92889976501465,19.83340072631836,0.1351729929447174,-999.0,1,19.78820037841797,0.14054200053215027,-999.0,1,16777496,-999.0,-999.0,-999.0,-999.0,0,-999.0,-999.0,-999.0,-999.0,-999.0,0,-999.0,-999.0,-999.0,0,0,-999.0,-999.0,-999.0,-999.0,0,-999.0,-999.0,-999.0,-999.0,-999.0,0,-999.0,-999.0,-999.0,0,0,-999.0,-999.0,-999.0,-999.0,0,-999.0,-999.0,-999.0,-999.0,-999.0,0,-999.0,-999.0,-999.0,0,0,0.028149448268760903
PSO J139.5622+35.9053,-999,-999,-999,151081395621646980,3578835000015154,214022515342129,0,16486948571040,15108,1,2038,90,0.973412102994893,3578835,49831,3,310456320,0,37,-999.0,-999.0,-999.0,-999.0,139.56217713,35.90531544,0.152319997549057,0.152319997549057,,,,,56344.35071759,-999.0,-0.616489626443101,0.5253759285660294,0.5864475033380464,130.75685270626462,19.212491027629518,188.05036083821597,44.28702267620749,-999,0,1,0,0,1,0,0,-999.0,-999.0,-999.0,-999.0,0,-999.0,-999.0,-999.0,-999.0,-999.0,0,-999.0,-999.0,-999.0,0,0,-999.0,-999.0,-999.0,-999.0,0,-999.0,-999.0,-999.0,-999.0,-999.0,0,-999.0,-999.0,-999.0,0,0,0.9993619918823242,21.302900314331055,0.15158100426197052,-999.0,1,21.302900314331055,21.302900314331055,20.03070068359375,0.12307099997997284,-999.0,1,20.27199935913086,0.15158100426197052,-999.0,1,16777496,-999.0,-999.0,-999.0,-999.0,0,-999.0,-999.0,-999.0,-999.0,-999.0,0,-999.0,-999.0,-999.0,0,0,-999.0,-999.0,-999.0,-999.0,0,-999.0,-999.0,-999.0,-999.0,-999.0,0,-999.0,-999.0,-999.0,0,0,0.027849552462336273
PSO J139.5622+35.9037,-999,-999,-999,151081395622105040,3578835000015170,214022515342145,0,16486949079126,15108,1,2038,90,0.912228920415257,3578835,49831,3,310456320,0,37,-999.0,-999.0,-999.0,-999.0,139.56222576,35.90370109,0.16971999406814575,0.16971999406814575,,,,,56344.39150463,-999.0,-0.6165026483905832,0.5253861226656894,0.5864246811293928,130.75744031394376,19.210974524378933,188.05261313351863,44.28693246746185,-999,0,1,0,1,0,0,0,-999.0,-999.0,-999.0,-999.0,0,-999.0,-999.0,-999.0,-999.0,-999.0,0,-999.0,-999.0,-999.0,0,0,0.9989950060844421,21.13330078125,0.1690549999475479,-999.0,1,21.13330078125,21.13330078125,20.27630043029785,0.19509799778461456,-999.0,1,20.194599151611328,0.1690549999475479,-999.0,1,16777496,-999.0,-999.0,-999.0,-999.0,0,-999.0,-999.0,-999.0,-999.0,-999.0,0,-999.0,-999.0,-999.0,0,0,-999.0,-999.0,-999.0,-999.0,0,-999.0,-999.0,-999.0,-999.0,-999.0,0,-999.0,-999.0,-999.0,0,0,-999.0,-999.0,-999.0,-999.0,0,-999.0,-999.0,-999.0,-999.0,-999.0,0,-999.0,-999.0,-999.0,0,0,0.028171178036144412
PSO J139.5624+35.9048,-999,-999,-999,151081395623506347,3578835000015210,214022515342185,0,16486948570280,15108,1,2038,90,0.657454929926856,3578835,49831,3,310456320,0,37,-999.0,-999.0,-999.0,-999.0,139.56236092,35.90479017,0.1672700047492981,0.1672700047492981,,,,,56344.36663194,-999.0,-0.6164954037050844,0.5253774382233843,0.5864400776007204,130.75718037093375,19.212041214116198,188.05110892237417,44.28712894298948,-999,0,1,0,0,1,0,0,-999.0,-999.0,-999.0,-999.0,0,-999.0,-999.0,-999.0,-999.0,-999.0,0,-999.0,-999.0,-999.0,0,0,-999.0,-999.0,-999.0,-999.0,0,-999.0,-999.0,-999.0,-999.0,-999.0,0,-999.0,-999.0,-999.0,0,0,0.9974370002746582,21.336299896240234,0.16659900546073914,-999.0,1,21.336299896240234,21.336299896240234,19.901100158691406,0.1149040013551712,-999.0,1,20.4158992767334,0.16659900546073914,-999.0,1,16777496,-999.0,-999.0,-999.0,-999.0,0,-999.0,-999.0,-999.0,-999.0,-999.0,0,-999.0,-999.0,-999.0,0,0,-999.0,-999.0,-999.0,-999.0,0,-999.0,-999.0,-999.0,-999.0,-999.0,0,-999.0,-999.0,-999.0,0,0,0.027811466306992917
PSO J139.5624+35.9078,-999,-999,-999,151081395624109946,3578835000015230,214022515342205,0,16486948583990,15108,1,2038,90,0.0312964702316527,3578835,49831,3,310456320,0,37,-999.0,-999.0,-999.0,-999.0,139.5624096,35.90778277,0.16739000380039215,0.16739000380039215,,,,,55918.62197917,-999.0,-0.6164725362053359,0.5253570463811787,0.5864823833008156,130.75620386458624,19.21488847862563,188.046946297006,44.28740815925954,-999,0,1,0,1,0,0,0,-999.0,-999.0,-999.0,-999.0,0,-999.0,-999.0,-999.0,-999.0,-999.0,0,-999.0,-999.0,-999.0,0,0,0.9991949796676636,21.720800399780273,0.16671699285507202,-999.0,1,21.720800399780273,21.720800399780273,19.9606990814209,0.09788499772548676,-999.0,1,20.60140037536621,0.16671699285507202,-999.0,1,16777496,-999.0,-999.0,-999.0,-999.0,0,-999.0,-999.0,-999.0,-999.0,-999.0,0,-999.0,-999.0,-999.0,0,0,-999.0,-999.0,-999.0,-999.0,0,-999.0,-999.0,-999.0,-999.0,-999.0,0,-999.0,-999.0,-999.0,0,0,-999.0,-999.0,-999.0,-999.0,0,-999.0,-999.0,-999.0,-999.0,-999.0,0,-999.0,-999.0,-999.0,0,0,0.02728725087656865
PSO J139.5626+35.8995,-999,-999,-999,151081395625680030,3578835000015267,214022515342242,0,16486949092466,15108,1,2038,90,0.868952483748042,3578835,49831,3,268513280,0,32,-999.0,-999.0,-999.0,-999.0,139.5625838,35.89951936,0.020179999992251396,0.020179999992251396,,,,,55576.50894676,-999.0,-0.6165385057170111,0.5254100296729306,0.5863655614779276,130.75915094172473,19.20710651443949,188.05846841588036,44.28688597876578,-999,0,1,0,0,1,0,0,-999.0,-999.0,-999.0,-999.0,0,-999.0,-999.0,-999.0,-999.0,-999.0,0,-999.0,-999.0,-999.0,0,0,-999.0,-999.0,-999.0,-999.0,0,-999.0,-999.0,-999.0,-999.0,-999.0,0,-999.0,-999.0,-999.0,0,0,0.9988669753074646,18.23509979248047,0.013497999869287014,-999.0,1,18.23509979248047,18.23509979248047,19.078699111938477,0.038878001272678375,-999.0,1,18.912599563598633,0.013497999869287014,-999.0,1,24,-999.0,-999.0,-999.0,-999.0,0,-999.0,-999.0,-999.0,-999.0,-999.0,0,-999.0,-999.0,-999.0,0,0,-999.0,-999.0,-999.0,-999.0,0,-999.0,-999.0,-999.0,-999.0,-999.0,0,-999.0,-999.0,-999.0,0,0,0.02922941021413624
PSO J139.5628+35.9036,-999,-999,-999,151081395627574947,3578835000015324,214022515342299,0,16486949079293,15108,1,2038,90,0.407051121263812,3578835,49831,3,310456320,0,37,-999.0,-999.0,-999.0,-999.0,139.56276009,35.90362288,0.19981999695301056,0.19981999695301056,,,,,55901.64604167,-999.0,-0.6165081572792787,0.5253808924557909,0.5864235754558857,130.75790100555542,19.211039204811744,188.05277053345245,44.28735760898072,-999,0,1,0,0,0,1,0,-999.0,-999.0,-999.0,-999.0,0,-999.0,-999.0,-999.0,-999.0,-999.0,0,-999.0,-999.0,-999.0,0,0,-999.0,-999.0,-999.0,-999.0,0,-999.0,-999.0,-999.0,-999.0,-999.0,0,-999.0,-999.0,-999.0,0,0,-999.0,-999.0,-999.0,-999.0,0,-999.0,-999.0,-999.0,-999.0,-999.0,0,-999.0,-999.0,-999.0,0,0,0.8728110194206238,20.91160011291504,0.19925500452518463,-999.0,1,20.91160011291504,20.91160011291504,20.076200485229492,0.1427060067653656,-999.0,1,20.15329933166504,0.19925500452518463,-999.0,1,16777496,-999.0,-999.0,-999.0,-999.0,0,-999.0,-999.0,-999.0,-999.0,-999.0,0,-999.0,-999.0,-999.0,0,0,0.027772347085793906
PSO J139.5631+35.9012,-999,-999,-999,151081395630652068,3578835000015392,214022515342367,0,16486949090646,15108,1,2038,90,0.227001437197441,3578835,49831,3,268959744,0,32,-999.0,-999.0,-999.0,-999.0,139.56306843,35.90122819,0.20472000539302826,0.20472000539302826,,,,,55902.66887731,-999.0,-0.6165296389308466,0.5253934714765056,0.5863897206207371,130.75896455608324,19.208851000236375,188.0561329983969,44.28741443988723,-999,0,1,0,0,0,0,1,-999.0,-999.0,-999.0,-999.0,0,-999.0,-999.0,-999.0,-999.0,-999.0,0,-999.0,-999.0,-999.0,0,0,-999.0,-999.0,-999.0,-999.0,0,-999.0,-999.0,-999.0,-999.0,-999.0,0,-999.0,-999.0,-999.0,0,0,-999.0,-999.0,-999.0,-999.0,0,-999.0,-999.0,-999.0,-999.0,-999.0,0,-999.0,-999.0,-999.0,0,0,-999.0,-999.0,-999.0,-999.0,0,-999.0,-999.0,-999.0,-999.0,-999.0,0,-999.0,-999.0,-999.0,0,0,0.824999988079071,19.718599319458008,0.20417100191116333,-999.0,1,19.718599319458008,19.718599319458008,-999.0,-999.0,-999.0,0,19.284799575805664,0.20417100191116333,-999.0,1,4120,0.028246213646500103
PSO J139.5634+35.9063,-999,-999,-999,151081395633588130,3578835000015467,214022515342442,0,16486948584261,15108,1,2038,90,0.0729951728815168,3578835,49831,3,268959744,0,32,-999.0,-999.0,-999.0,-999.0,139.56336207,35.9062795,0.24767999351024628,0.24767999351024628,,,,,55901.64604167,-999.0,-0.6164929811307758,0.5253567785153228,0.5864611321174584,130.75748812229028,19.21371191307158,188.04912592289634,44.28805665926224,-999,0,1,0,0,0,1,0,-999.0,-999.0,-999.0,-999.0,0,-999.0,-999.0,-999.0,-999.0,-999.0,0,-999.0,-999.0,-999.0,0,0,-999.0,-999.0,-999.0,-999.0,0,-999.0,-999.0,-999.0,-999.0,-999.0,0,-999.0,-999.0,-999.0,0,0,-999.0,-999.0,-999.0,-999.0,0,-999.0,-999.0,-999.0,-999.0,-999.0,0,-999.0,-999.0,-999.0,0,0,0.5897970199584961,21.031700134277344,0.24722599983215332,-999.0,1,21.031700134277344,21.031700134277344,-999.0,-999.0,-999.0,0,20.773099899291992,0.24722599983215332,-999.0,1,4120,-999.0,-999.0,-999.0,-999.0,0,-999.0,-999.0,-999.0,-999.0,-999.0,0,-999.0,-999.0,-999.0,0,0,0.026730721303263615
PSO J139.5639+35.8999,-999,-999,-999,151081395638200568,3578835000015572,214022515342547,0,16486949093246,15108,1,2038,90,0.698658454882594,3578835,49831,3,268959744,0,32,-999.0,-999.0,-999.0,-999.0,139.56389555,35.89991777,0.1760600060224533,0.1760600060224533,,,,,55903.56032407,-999.0,-0.6165474310865092,0.5253932697142394,0.5863711941761861,130.7600814966809,19.207824559755377,188.05803280680317,44.28797710696985,-999,0,1,0,0,0,0,1,-999.0,-999.0,-999.0,-999.0,0,-999.0,-999.0,-999.0,-999.0,-999.0,0,-999.0,-999.0,-999.0,0,0,-999.0,-999.0,-999.0,-999.0,0,-999.0,-999.0,-999.0,-999.0,-999.0,0,-999.0,-999.0,-999.0,0,0,-999.0,-999.0,-999.0,-999.0,0,-999.0,-999.0,-999.0,-999.0,-999.0,0,-999.0,-999.0,-999.0,0,0,-999.0,-999.0,-999.0,-999.0,0,-999.0,-999.0,-999.0,-999.0,-999.0,0,-999.0,-999.0,-999.0,0,0,0.8070700168609619,19.74020004272461,0.1754159927368164,-999.0,1,19.74020004272461,19.74020004272461,-999.0,-999.0,-999.0,0,19.520599365234375,0.1754159927368164,-999.0,1,4120,0.02809535506769598
PSO J139.5640+35.9014,-999,-999,-999,151081395639702266,3578835000015618,214022515342593,0,16486949091092,15108,1,2038,90,0.439669305868139,3578835,49831,3,268513280,0,32,-999.0,-999.0,-999.0,-999.0,139.56398168,35.90137854,0.020880000665783882,0.020880000665783882,,,,,56408.28144676,-999.0,-0.6165368420247885,0.5253826463779373,0.5863918462180526,130.75965553085683,19.209230586276814,188.0560065669708,44.28816387727751,-999,0,1,0,0,0,0,1,-999.0,-999.0,-999.0,-999.0,0,-999.0,-999.0,-999.0,-999.0,-999.0,0,-999.0,-999.0,-999.0,0,0,-999.0,-999.0,-999.0,-999.0,0,-999.0,-999.0,-999.0,-999.0,-999.0,0,-999.0,-999.0,-999.0,0,0,-999.0,-999.0,-999.0,-999.0,0,-999.0,-999.0,-999.0,-999.0,-999.0,0,-999.0,-999.0,-999.0,0,0,-999.0,-999.0,-999.0,-999.0,0,-999.0,-999.0,-999.0,-999.0,-999.0,0,-999.0,-999.0,-999.0,0,0,0.9996359944343567,16.719999313354492,0.014525000005960464,-999.0,1,16.719999313354492,16.719999313354492,17.684999465942383,0.050937000662088394,-999.0,1,17.61359977722168,0.014525000005960464,-999.0,1,24,0.027499300755282518
PSO J139.5640+35.9027,-999,-999,-999,151081395639793788,3578835000015622,214022515342597,0,16486949090510,15108,1,2038,90,0.598057008905389,3578835,49831,3,310456320,0,37,-999.0,-999.0,-999.0,-999.0,139.56397979,35.90265556,0.17256000638008118,0.17256000638008118,,,,,55918.62197917,-999.0,-0.6165268768512865,0.5253741896480881,0.5864099001309692,130.7592204259574,19.210439702282375,188.05422819055275,44.28826480226069,-999,0,1,0,1,0,0,0,-999.0,-999.0,-999.0,-999.0,0,-999.0,-999.0,-999.0,-999.0,-999.0,0,-999.0,-999.0,-999.0,0,0,0.9992920160293579,21.739700317382812,0.17190200090408325,-999.0,1,21.739700317382812,21.739700317382812,20.579599380493164,0.15126800537109375,-999.0,1,20.832799911499023,0.17190200090408325,-999.0,1,16777496,-999.0,-999.0,-999.0,-999.0,0,-999.0,-999.0,-999.0,-999.0,-999.0,0,-999.0,-999.0,-999.0,0,0,-999.0,-999.0,-999.0,-999.0,0,-999.0,-999.0,-999.0,-999.0,-999.0,0,-999.0,-999.0,-999.0,0,0,-999.0,-999.0,-999.0,-999.0,0,-999.0,-999.0,-999.0,-999.0,-999.0,0,-999.0,-999.0,-999.0,0,0,0.02709198423076371
PSO J139.5650+35.9070,-999,-999,-999,151081395649688949,3578835000015892,214022515342867,0,16486948583840,15108,1,2038,90,0.914865230130838,3578835,49831,3,268959744,0,32,-999.0,-999.0,-999.0,-999.0,139.56497478,35.90696534,0.3222399950027466,0.3222399950027466,,,,,55249.26106481,-999.0,-0.6165024248669428,0.5253348726873602,0.5864708276391373,130.758565537429,19.214780358700875,188.04831715348703,44.28941367808161,-999,0,1,0,0,0,0,1,-999.0,-999.0,-999.0,-999.0,0,-999.0,-999.0,-999.0,-999.0,-999.0,0,-999.0,-999.0,-999.0,0,0,-999.0,-999.0,-999.0,-999.0,0,-999.0,-999.0,-999.0,-999.0,-999.0,0,-999.0,-999.0,-999.0,0,0,-999.0,-999.0,-999.0,-999.0,0,-999.0,-999.0,-999.0,-999.0,-999.0,0,-999.0,-999.0,-999.0,0,0,-999.0,-999.0,-999.0,-999.0,0,-999.0,-999.0,-999.0,-999.0,-999.0,0,-999.0,-999.0,-999.0,0,0,0.5839260220527649,19.648700714111328,0.3218879997730255,-999.0,1,19.648700714111328,19.648700714111328,-999.0,-999.0,-999.0,1,19.92099952697754,0.3218879997730255,-999.0,1,4112,0.025332223623733677
PSO J139.5666+35.9022,-999,-999,-999,151081395665513262,3578835000016262,214022515343237,0,16486949086656,15108,1,2038,90,0.799660522304159,3578835,49831,3,302067712,0,36,-999.0,-999.0,-999.0,-999.0,139.56655539,35.90221583,0.1800999939441681,0.1800999939441681,,,,,55901.65012731,-999.0,-0.6165539188300688,0.5253493934444549,0.5864036834662862,130.76146239472064,19.2106920886338,188.05507427805819,44.29030908986823,-999,0,1,0,0,0,1,0,-999.0,-999.0,-999.0,-999.0,0,-999.0,-999.0,-999.0,-999.0,-999.0,0,-999.0,-999.0,-999.0,0,0,-999.0,-999.0,-999.0,-999.0,0,-999.0,-999.0,-999.0,-999.0,-999.0,0,-999.0,-999.0,-999.0,0,0,-999.0,-999.0,-999.0,-999.0,0,-999.0,-999.0,-999.0,-999.0,-999.0,0,-999.0,-999.0,-999.0,0,0,0.9979889988899231,21.220199584960938,0.1794770061969757,-999.0,1,21.220199584960938,21.220199584960938,20.5580997467041,0.2105260044336319,-999.0,1,20.886699676513672,0.1794770061969757,-999.0,1,280,-999.0,-999.0,-999.0,-999.0,0,-999.0,-999.0,-999.0,-999.0,-999.0,0,-999.0,-999.0,-999.0,0,0,0.025254095002409778
PSO J139.5675+35.9047,-999,-999,-999,151081395674346285,3578835000016484,214022515343459,0,16486948575661,15108,1,2038,90,0.592185091778808,3578835,49831,3,268513280,0,32,-999.0,-999.0,-999.0,-999.0,139.56745882,35.90473973,0.019740000367164612,0.019740000367164612,,,,,55248.30240741,-999.0,-0.6165425397641581,0.5253229182063273,0.5864393645282946,130.76133945663918,19.21331736985398,188.05164163326975,44.29124086998958,-999,0,1,0,1,0,0,0,-999.0,-999.0,-999.0,-999.0,0,-999.0,-999.0,-999.0,-999.0,-999.0,0,-999.0,-999.0,-999.0,0,0,0.9978269934654236,18.778900146484375,0.0128389997407794,-999.0,1,18.778900146484375,18.778900146484375,18.80109977722168,0.02180200070142746,-999.0,1,18.740400314331055,0.0128389997407794,-999.0,1,24,-999.0,-999.0,-999.0,-999.0,0,-999.0,-999.0,-999.0,-999.0,-999.0,0,-999.0,-999.0,-999.0,0,0,-999.0,-999.0,-999.0,-999.0,0,-999.0,-999.0,-999.0,-999.0,-999.0,0,-999.0,-999.0,-999.0,0,0,-999.0,-999.0,-999.0,-999.0,0,-999.0,-999.0,-999.0,-999.0,-999.0,0,-999.0,-999.0,-999.0,0,0,0.023807431492015224
PSO J139.5693+35.8998,-999,-999,-999,151081395693190340,3578835000016913,214022515343888,0,16486949088036,15108,1,2038,90,0.378355357217002,3578835,49831,3,276901888,0,33,-999.0,-999.0,-999.0,-999.0,139.569332,35.89977953,0.0228899996727705,0.0228899996727705,,,,,57033.58118056,-999.0,-0.6165983566044455,0.5253356844034839,0.5863692397500233,130.76454561977022,19.20910555997647,188.05871894866343,44.29235557461438,-999,0,1,0,0,1,0,0,-999.0,-999.0,-999.0,-999.0,0,-999.0,-999.0,-999.0,-999.0,-999.0,0,-999.0,-999.0,-999.0,0,0,-999.0,-999.0,-999.0,-999.0,0,-999.0,-999.0,-999.0,-999.0,-999.0,0,-999.0,-999.0,-999.0,0,0,0.9970009922981262,18.969600677490234,0.017287999391555786,-999.0,1,18.969600677490234,18.969600677490234,18.880699157714844,0.025807000696659088,-999.0,1,18.717599868774414,0.017287999391555786,-999.0,1,16777240,-999.0,-999.0,-999.0,-999.0,0,-999.0,-999.0,-999.0,-999.0,-999.0,0,-999.0,-999.0,-999.0,0,0,-999.0,-999.0,-999.0,-999.0,0,-999.0,-999.0,-999.0,-999.0,-999.0,0,-999.0,-999.0,-999.0,0,0,0.024154731395515147
PSO J139.5703+35.9031,-999,-999,-999,151081395703204325,3578835000017136,214022515344111,0,16486949085671,15108,1,2038,90,0.910408245316155,3578835,49831,3,268513280,0,32,-999.0,-999.0,-999.0,-999.0,139.57034195,35.90310238,0.024250000715255737,0.024250000715255737,,,,,56324.5365162,-999.0,-0.6165817298568368,0.5253027611313266,0.5864162169948536,130.7642379329902,19.212515277977268,188.05418325706736,44.293437463481624,-999,0,1,0,0,1,0,0,-999.0,-999.0,-999.0,-999.0,0,-999.0,-999.0,-999.0,-999.0,-999.0,0,-999.0,-999.0,-999.0,0,0,-999.0,-999.0,-999.0,-999.0,0,-999.0,-999.0,-999.0,-999.0,-999.0,0,-999.0,-999.0,-999.0,0,0,0.9969429969787598,19.048099517822266,0.019058000296354294,-999.0,1,19.048099517822266,19.048099517822266,19.937299728393555,0.05770999938249588,-999.0,1,19.77440071105957,0.019058000296354294,-999.0,1,24,-999.0,-999.0,-999.0,-999.0,0,-999.0,-999.0,-999.0,-999.0,-999.0,0,-999.0,-999.0,-999.0,0,0,-999.0,-999.0,-999.0,-999.0,0,-999.0,-999.0,-999.0,-999.0,-999.0,0,-999.0,-999.0,-999.0,0,0,0.022068728768393588
PSO J139.5707+35.9072,-999,-999,-999,151081395706809298,3578835000017205,214022515344180,0,16486948576997,15108,1,2038,90,0.160970480331192,3578835,49831,3,268959744,0,32,-999.0,-999.0,-999.0,-999.0,139.57066154,35.9071943,0.23773999512195587,0.23773999512195587,,,,,55250.30069444,-999.0,-0.6165527787595702,0.5252721607270888,0.5864740643617141,130.76310810583936,19.21647413765855,188.04851379154593,44.29402331707822,-999,0,1,0,0,1,0,0,-999.0,-999.0,-999.0,-999.0,0,-999.0,-999.0,-999.0,-999.0,-999.0,0,-999.0,-999.0,-999.0,0,0,-999.0,-999.0,-999.0,-999.0,0,-999.0,-999.0,-999.0,-999.0,-999.0,0,-999.0,-999.0,-999.0,0,0,0.6553009748458862,21.23040008544922,0.23726600408554077,-999.0,1,21.23040008544922,21.23040008544922,21.47209930419922,0.3080489933490753,-999.0,1,21.85460090637207,0.23726600408554077,-999.0,1,4112,-999.0,-999.0,-999.0,-999.0,0,-999.0,-999.0,-999.0,-999.0,-999.0,0,-999.0,-999.0,-999.0,0,0,-999.0,-999.0,-999.0,-999.0,0,-999.0,-999.0,-999.0,-999.0,-999.0,0,-999.0,-999.0,-999.0,0,0,0.020748823979927652
PSO J139.5710+35.9014,-999,-999,-999,151081395709322249,3578835000017252,214022515344227,0,16486949085842,15108,1,2038,90,0.477907472735185,3578835,49831,3,268959744,0,32,-999.0,-999.0,-999.0,-999.0,139.57095966,35.90140078,0.1914999932050705,0.1914999932050705,,,,,56232.65170139,-999.0,-0.6166006498730051,0.5253074076357338,0.5863921606392881,130.76531761300467,19.21106396319196,188.05660894172837,44.29379980627016,-999,0,1,0,0,0,0,1,-999.0,-999.0,-999.0,-999.0,0,-999.0,-999.0,-999.0,-999.0,-999.0,0,-999.0,-999.0,-999.0,0,0,-999.0,-999.0,-999.0,-999.0,0,-999.0,-999.0,-999.0,-999.0,-999.0,0,-999.0,-999.0,-999.0,0,0,-999.0,-999.0,-999.0,-999.0,0,-999.0,-999.0,-999.0,-999.0,-999.0,0,-999.0,-999.0,-999.0,0,0,-999.0,-999.0,-999.0,-999.0,0,-999.0,-999.0,-999.0,-999.0,-999.0,0,-999.0,-999.0,-999.0,0,0,0.7906699776649475,19.85449981689453,0.19091300666332245,-999.0,1,19.85449981689453,19.85449981689453,-999.0,-999.0,-999.0,0,20.040000915527344,0.19091300666332245,-999.0,1,4120,0.02225971476122244
PSO J139.5710+35.9016,-999,-999,-999,151081395709572774,3578835000017261,214022515344236,0,16486949085850,15108,1,2038,90,0.581838302856161,3578835,49831,3,302067712,0,36,-999.0,-999.0,-999.0,-999.0,139.57101758,35.90158849,0.18322999775409698,0.18322999775409698,,,,,56049.25005787,-999.0,-0.6165997185286523,0.5253055384628016,0.5863948144132013,130.76530093482287,19.211256805560957,188.056352791133,44.29386162100125,-999,0,2,0,0,1,0,1,-999.0,-999.0,-999.0,-999.0,0,-999.0,-999.0,-999.0,-999.0,-999.0,0,-999.0,-999.0,-999.0,0,0,-999.0,-999.0,-999.0,-999.0,0,-999.0,-999.0,-999.0,-999.0,-999.0,0,-999.0,-999.0,-999.0,0,0,0.756496012210846,21.581899642944336,0.21227000653743744,-999.0,1,21.581899642944336,21.581899642944336,-999.0,-999.0,-999.0,0,22.50040054321289,0.21227000653743744,-999.0,1,4120,-999.0,-999.0,-999.0,-999.0,0,-999.0,-999.0,-999.0,-999.0,-999.0,0,-999.0,-999.0,-999.0,0,0,0.9974460005760193,19.918100357055664,0.18261300027370453,-999.0,1,19.918100357055664,19.918100357055664,19.758100509643555,0.28734099864959717,-999.0,1,19.530099868774414,0.18261300027370453,-999.0,1,280,0.022138790719021778
PSO J139.5714+35.8997,-999,-999,-999,151081395713190214,3578835000017334,214022515344309,0,16486949119512,15108,1,2038,90,0.969707511337202,3578835,49831,3,268959744,0,32,-999.0,-999.0,-999.0,-999.0,139.57135749,35.89970535,0.13218000531196594,0.13218000531196594,,,,,55972.32666667,-999.0,-0.6166175054931641,0.5253143787347959,0.5863681909976556,130.76621654409263,19.209561384856155,188.05900610537284,44.29398507532359,-999,0,1,1,0,0,0,0,0.7229599952697754,21.57069969177246,0.1313209980726242,-999.0,1,21.57069969177246,21.57069969177246,-999.0,-999.0,-999.0,0,21.593599319458008,0.1313209980726242,-999.0,1,4112,-999.0,-999.0,-999.0,-999.0,0,-999.0,-999.0,-999.0,-999.0,-999.0,0,-999.0,-999.0,-999.0,0,0,-999.0,-999.0,-999.0,-999.0,0,-999.0,-999.0,-999.0,-999.0,-999.0,0,-999.0,-999.0,-999.0,0,0,-999.0,-999.0,-999.0,-999.0,0,-999.0,-999.0,-999.0,-999.0,-999.0,0,-999.0,-999.0,-999.0,0,0,-999.0,-999.0,-999.0,-999.0,0,-999.0,-999.0,-999.0,-999.0,-999.0,0,-999.0,-999.0,-999.0,0,0,0.022741252659984355
PSO J139.5714+35.9014,-999,-999,-999,151081395714262305,3578835000017354,214022515344329,0,16486949085915,15108,1,2038,90,0.729695594617813,3578835,49831,3,268959744,0,32,-999.0,-999.0,-999.0,-999.0,139.57142979,35.90142066,0.41863998770713806,0.41863998770713806,,,,,55248.25253472,-999.0,-0.6166048052878731,0.5253022162699964,0.5863924416956054,130.7656928443788,19.211204902449722,188.05662391121007,44.29418099235009,-999,0,1,0,0,0,0,1,-999.0,-999.0,-999.0,-999.0,0,-999.0,-999.0,-999.0,-999.0,-999.0,0,-999.0,-999.0,-999.0,0,0,-999.0,-999.0,-999.0,-999.0,0,-999.0,-999.0,-999.0,-999.0,-999.0,0,-999.0,-999.0,-999.0,0,0,-999.0,-999.0,-999.0,-999.0,0,-999.0,-999.0,-999.0,-999.0,-999.0,0,-999.0,-999.0,-999.0,0,0,-999.0,-999.0,-999.0,-999.0,0,-999.0,-999.0,-999.0,-999.0,-999.0,0,-999.0,-999.0,-999.0,0,0,0.575124979019165,20.106800079345703,0.41836899518966675,-999.0,1,20.106800079345703,20.106800079345703,-999.0,-999.0,-999.0,1,19.968900680541992,0.41836899518966675,-999.0,1,4120,0.02190624222815781
PSO J139.5715+35.9038,-999,-999,-999,151081395714475200,3578835000017363,214022515344338,0,16486949085575,15108,1,2038,90,0.121165643558992,3578835,49831,3,268513280,0,32,-999.0,-999.0,-999.0,-999.0,139.5714546,35.90383477,0.01834999956190586,0.01834999956190586,,,,,56271.62,-999.0,-0.6165862247381237,0.5252859262311546,0.5864265709930492,130.76489325632718,19.213497983862823,188.0532642305323,44.294394511186354,-999,0,1,0,0,0,1,0,-999.0,-999.0,-999.0,-999.0,0,-999.0,-999.0,-999.0,-999.0,-999.0,0,-999.0,-999.0,-999.0,0,0,-999.0,-999.0,-999.0,-999.0,0,-999.0,-999.0,-999.0,-999.0,-999.0,0,-999.0,-999.0,-999.0,0,0,-999.0,-999.0,-999.0,-999.0,0,-999.0,-999.0,-999.0,-999.0,-999.0,0,-999.0,-999.0,-999.0,0,0,0.9996629953384399,17.591299057006836,0.010568000376224518,-999.0,1,17.591299057006836,17.591299057006836,18.447900772094727,0.03172000125050545,-999.0,1,18.33650016784668,0.010568000376224518,-999.0,1,24,-999.0,-999.0,-999.0,-999.0,0,-999.0,-999.0,-999.0,-999.0,-999.0,0,-999.0,-999.0,-999.0,0,0,0.02097281837120285
PSO J139.5720+35.9067,-999,-999,-999,151081395718778671,3578835000017464,214022515344439,0,16486948573672,15108,1,2038,90,0.863737800031656,3578835,49831,3,268959744,0,32,-999.0,-999.0,-999.0,-999.0,139.57195838,35.90665931,0.3481000065803528,0.3481000065803528,,,,,55903.57219907,-999.0,-0.6165688361789474,0.5252617566490421,0.5864665013919387,130.76434341990438,19.216304220017204,188.04937635073918,44.2950275060583,-999,0,1,0,0,0,0,1,-999.0,-999.0,-999.0,-999.0,0,-999.0,-999.0,-999.0,-999.0,-999.0,0,-999.0,-999.0,-999.0,0,0,-999.0,-999.0,-999.0,-999.0,0,-999.0,-999.0,-999.0,-999.0,-999.0,0,-999.0,-999.0,-999.0,0,0,-999.0,-999.0,-999.0,-999.0,0,-999.0,-999.0,-999.0,-999.0,-999.0,0,-999.0,-999.0,-999.0,0,0,-999.0,-999.0,-999.0,-999.0,0,-999.0,-999.0,-999.0,-999.0,-999.0,0,-999.0,-999.0,-999.0,0,0,0.5149499773979187,20.591899871826172,0.34777700901031494,-999.0,1,20.591899871826172,20.591899871826172,-999.0,-999.0,-999.0,0,20.182199478149414,0.34777700901031494,-999.0,1,4120,0.019818349213155496
PSO J139.5720+35.9041,-999,-999,-999,151081395719515520,3578835000017479,214022515344454,0,16486948574017,15108,1,2038,90,0.670994000202971,3578835,49831,3,404226048,0,48,139.57203144,35.90412763,0.0010000000474974513,0.0010000000474974513,139.57203144,35.90412763,0.0010000000474974513,0.0010000000474974513,,,,,55646.49783565,-999.0,-0.6165892314302412,0.5252777747401421,0.586430711208331,130.76526248415365,19.21392520345989,188.052908688852,44.2948837146731,-999,3,1,0,0,0,0,1,-999.0,-999.0,-999.0,-999.0,0,-999.0,-999.0,-999.0,-999.0,-999.0,0,-999.0,-999.0,-999.0,0,16416,-999.0,-999.0,-999.0,-999.0,0,-999.0,-999.0,-999.0,-999.0,-999.0,0,-999.0,-999.0,-999.0,0,16416,-999.0,-999.0,-999.0,-999.0,0,-999.0,-999.0,-999.0,-999.0,-999.0,0,-999.0,-999.0,-999.0,0,114720,-999.0,-999.0,-999.0,-999.0,0,-999.0,-999.0,-999.0,-999.0,-999.0,0,-999.0,-999.0,-999.0,0,114720,0.7305989861488342,19.95039939880371,0.21678100526332855,-999.0,1,19.95039939880371,19.95039939880371,-999.0,-999.0,-999.0,0,19.635499954223633,0.21678100526332855,-999.0,1,118840,0.02043549525155293
PSO J139.5721+35.9072,-999,-999,-999,151081395721269258,3578835000017519,214022515344494,0,16486948573450,15108,1,2038,90,0.596204960342688,3578835,49831,3,268959744,0,32,-999.0,-999.0,-999.0,-999.0,139.57212875,35.90717397,0.13922999799251556,0.13922999799251556,,,,,55250.29579861,-999.0,-0.6165663879479502,0.5252565070381321,0.5864737769644253,130.76430706937668,19.216835952325944,188.04867504906935,44.295206266725245,-999,0,1,0,0,1,0,0,-999.0,-999.0,-999.0,-999.0,0,-999.0,-999.0,-999.0,-999.0,-999.0,0,-999.0,-999.0,-999.0,0,0,-999.0,-999.0,-999.0,-999.0,0,-999.0,-999.0,-999.0,-999.0,-999.0,0,-999.0,-999.0,-999.0,0,0,0.48217201232910156,20.381799697875977,0.13841700553894043,-999.0,1,20.381799697875977,20.381799697875977,20.137399673461914,0.17178699374198914,-999.0,1,20.117799758911133,0.13841700553894043,-999.0,1,4112,-999.0,-999.0,-999.0,-999.0,0,-999.0,-999.0,-999.0,-999.0,-999.0,0,-999.0,-999.0,-999.0,0,0,-999.0,-999.0,-999.0,-999.0,0,-999.0,-999.0,-999.0,-999.0,-999.0,0,-999.0,-999.0,-999.0,0,0,0.01958280093038105
PSO J139.5722+35.9077,-999,-999,-999,151081395721419894,3578835000017526,214022515344501,0,16486948592899,15108,1,2038,90,0.397020623457637,3578835,49831,3,268959744,0,32,-999.0,-999.0,-999.0,-999.0,139.57221914,35.9076888,0.225040003657341,0.225040003657341,,,,,55903.56032407,-999.0,-0.6165632051104517,0.5252521169455248,0.5864810548928003,130.7642056781479,19.217347072273547,188.04796626021923,44.29532046202364,-999,0,1,0,0,0,0,1,-999.0,-999.0,-999.0,-999.0,0,-999.0,-999.0,-999.0,-999.0,-999.0,0,-999.0,-999.0,-999.0,0,0,-999.0,-999.0,-999.0,-999.0,0,-999.0,-999.0,-999.0,-999.0,-999.0,0,-999.0,-999.0,-999.0,0,0,-999.0,-999.0,-999.0,-999.0,0,-999.0,-999.0,-999.0,-999.0,-999.0,0,-999.0,-999.0,-999.0,0,0,-999.0,-999.0,-999.0,-999.0,0,-999.0,-999.0,-999.0,-999.0,-999.0,0,-999.0,-999.0,-999.0,0,0,0.6732339859008789,19.92460060119629,0.22454200685024261,-999.0,1,19.92460060119629,19.92460060119629,-999.0,-999.0,-999.0,0,19.810400009155273,0.22454200685024261,-999.0,1,4120,0.01942299822355213
PSO J139.5725+35.9029,-999,-999,-999,151081395723984326,3578835000186745,214022515515343,0,16486949085344,15108,1,2038,90,0.203341813947392,3578835,49831,3,404226048,0,48,139.5725216,35.90294816,0.0010000000474974513,0.0010000000474974513,139.5725216,35.90294816,0.0010000000474974513,0.0010000000474974513,,,,,55646.49783565,-999.0,-0.61660291455293,0.5252803282898074,0.5864140367322257,130.76606125021917,19.212935327444445,188.0545957089349,44.295184964894965,-999,2,0,0,0,0,0,0,-999.0,-999.0,-999.0,-999.0,0,-999.0,-999.0,-999.0,-999.0,-999.0,0,-999.0,-999.0,-999.0,0,16416,-999.0,-999.0,-999.0,-999.0,0,-999.0,-999.0,-999.0,-999.0,-999.0,0,-999.0,-999.0,-999.0,0,114720,-999.0,-999.0,-999.0,-999.0,0,-999.0,-999.0,-999.0,-999.0,-999.0,0,-999.0,-999.0,-999.0,0,114720,-999.0,-999.0,-999.0,-999.0,0,-999.0,-999.0,-999.0,-999.0,-999.0,0,-999.0,-999.0,-999.0,0,16416,-999.0,-999.0,-999.0,-999.0,0,-999.0,-999.0,-999.0,-999.0,-999.0,0,-999.0,-999.0,-999.0,0,16416,0.020480104734046895
PSO J139.5725+35.9071,-999,-999,-999,151081395724559119,3578835000017615,214022515344590,0,16486948590104,15108,1,2038,90,0.281899072492401,3578835,49831,3,268959744,0,32,-999.0,-999.0,-999.0,-999.0,139.57245563,35.90706159,0.22012999653816223,0.22012999653816223,,,,,55250.31938657,-999.0,-0.6165702602413898,0.5252537353958008,0.5864721882908198,130.76461081149574,19.21681440702901,188.04886117191722,44.29546118167924,-999,0,1,0,1,0,0,0,-999.0,-999.0,-999.0,-999.0,0,-999.0,-999.0,-999.0,-999.0,-999.0,0,-999.0,-999.0,-999.0,0,0,0.6963610053062439,21.62649917602539,0.21962299942970276,-999.0,1,21.62649917602539,21.62649917602539,20.914199829101562,0.19726799428462982,-999.0,1,21.238800048828125,0.21962299942970276,-999.0,1,4120,-999.0,-999.0,-999.0,-999.0,0,-999.0,-999.0,-999.0,-999.0,-999.0,0,-999.0,-999.0,-999.0,0,0,-999.0,-999.0,-999.0,-999.0,0,-999.0,-999.0,-999.0,-999.0,-999.0,0,-999.0,-999.0,-999.0,0,0,-999.0,-999.0,-999.0,-999.0,0,-999.0,-999.0,-999.0,-999.0,-999.0,0,-999.0,-999.0,-999.0,0,0,0.019343683488272298
PSO J139.5728+35.9067,-999,-999,-999,151081395727448617,3578835000017695,214022515344670,0,16486948590304,15108,1,2038,90,0.16270462066187,3578835,49831,3,268959744,0,32,-999.0,-999.0,-999.0,-999.0,139.5727662,35.9067041,0.22054000198841095,0.22054000198841095,,,,,56232.65667824,-999.0,-0.616575892851634,0.5252527662163304,0.5864671345747373,130.76498453930094,19.216556459893162,188.04938717234066,44.29568330413749,-999,0,1,0,0,0,0,1,-999.0,-999.0,-999.0,-999.0,0,-999.0,-999.0,-999.0,-999.0,-999.0,0,-999.0,-999.0,-999.0,0,0,-999.0,-999.0,-999.0,-999.0,0,-999.0,-999.0,-999.0,-999.0,-999.0,0,-999.0,-999.0,-999.0,0,0,-999.0,-999.0,-999.0,-999.0,0,-999.0,-999.0,-999.0,-999.0,-999.0,0,-999.0,-999.0,-999.0,0,0,-999.0,-999.0,-999.0,-999.0,0,-999.0,-999.0,-999.0,-999.0,-999.0,0,-999.0,-999.0,-999.0,0,0,0.6636809706687927,19.728700637817383,0.22003400325775146,-999.0,1,19.728700637817383,19.728700637817383,-999.0,-999.0,-999.0,0,19.85140037536621,0.22003400325775146,-999.0,1,4120,0.019169109946637578
PSO J139.5728+35.9012,-999,-999,-999,151081395728412130,3578835000017711,214022515344686,0,16486949118357,15108,1,2038,90,0.262997696421107,3578835,49831,3,268959744,0,32,-999.0,-999.0,-999.0,-999.0,139.57284484,35.90123982,0.2951599955558777,0.2951599955558777,,,,,55250.32483796,-999.0,-0.6166191875223195,0.5252881878549036,0.5863898850418774,130.76690398307676,19.211401154590657,188.0570041303228,44.29530903672075,-999,0,1,0,1,0,0,0,-999.0,-999.0,-999.0,-999.0,0,-999.0,-999.0,-999.0,-999.0,-999.0,0,-999.0,-999.0,-999.0,0,0,0.8140280246734619,21.98069953918457,0.29478299617767334,-999.0,1,21.98069953918457,21.98069953918457,-999.0,-999.0,-999.0,1,22.700899124145508,0.29478299617767334,-999.0,1,4120,-999.0,-999.0,-999.0,-999.0,0,-999.0,-999.0,-999.0,-999.0,-999.0,0,-999.0,-999.0,-999.0,0,0,-999.0,-999.0,-999.0,-999.0,0,-999.0,-999.0,-999.0,-999.0,-999.0,0,-999.0,-999.0,-999.0,0,0,-999.0,-999.0,-999.0,-999.0,0,-999.0,-999.0,-999.0,-999.0,-999.0,0,-999.0,-999.0,-999.0,0,0,0.020956388056941302
PSO J139.5731+35.9009,-999,-999,-999,151081395730651725,3578835000017767,214022515344742,0,16486949118459,15108,1,2038,90,0.265627996312108,3578835,49831,3,268959744,0,32,-999.0,-999.0,-999.0,-999.0,139.57305558,35.90092893,0.30382999777793884,0.30382999777793884,,,,,55250.27944444,-999.0,-0.6166235416549445,0.5252879831686502,0.586385489772321,130.7671807783787,19.21116141923639,188.05745620701398,44.295454272032934,-999,0,1,0,0,0,0,1,-999.0,-999.0,-999.0,-999.0,0,-999.0,-999.0,-999.0,-999.0,-999.0,0,-999.0,-999.0,-999.0,0,0,-999.0,-999.0,-999.0,-999.0,0,-999.0,-999.0,-999.0,-999.0,-999.0,0,-999.0,-999.0,-999.0,0,0,-999.0,-999.0,-999.0,-999.0,0,-999.0,-999.0,-999.0,-999.0,-999.0,0,-999.0,-999.0,-999.0,0,0,-999.0,-999.0,-999.0,-999.0,0,-999.0,-999.0,-999.0,-999.0,-999.0,0,-999.0,-999.0,-999.0,0,0,0.7002390027046204,18.277700424194336,0.3034600019454956,-999.0,1,18.277700424194336,18.277700424194336,-999.0,-999.0,-999.0,1,20.03070068359375,0.3034600019454956,-999.0,1,4112,0.020948397833825086
PSO J139.5732+35.9064,-999,-999,-999,151081395731818326,3578835000017799,214022515344774,0,16486948590193,15108,1,2038,90,0.617783784510366,3578835,49831,3,277348352,0,33,-999.0,-999.0,-999.0,-999.0,139.57318358,35.90639136,0.19014999270439148,0.19014999270439148,,,,,55250.35447917,-999.0,-0.6165821559297671,0.5252503505141441,0.5864627134556545,130.76542985140932,19.21636864248105,188.04986053233958,44.295995245444665,-999,0,1,1,0,0,0,0,0.659250020980835,21.523099899291992,0.18955999612808228,-999.0,1,21.523099899291992,21.523099899291992,20.707799911499023,0.13649499416351318,-999.0,1,20.94529914855957,0.18955999612808228,-999.0,1,16781336,-999.0,-999.0,-999.0,-999.0,0,-999.0,-999.0,-999.0,-999.0,-999.0,0,-999.0,-999.0,-999.0,0,0,-999.0,-999.0,-999.0,-999.0,0,-999.0,-999.0,-999.0,-999.0,-999.0,0,-999.0,-999.0,-999.0,0,0,-999.0,-999.0,-999.0,-999.0,0,-999.0,-999.0,-999.0,-999.0,-999.0,0,-999.0,-999.0,-999.0,0,0,-999.0,-999.0,-999.0,-999.0,0,-999.0,-999.0,-999.0,-999.0,-999.0,0,-999.0,-999.0,-999.0,0,0,0.018908470738555644
PSO J139.5733+35.9027,-999,-999,-999,151081395732793872,3578835000017811,214022515344786,0,16486949085333,15108,1,2038,90,0.557939988149274,3578835,49831,3,268959744,0,32,-999.0,-999.0,-999.0,-999.0,139.57329407,35.90271565,0.4592199921607971,0.4592199921607971,,,,,55248.33767361,-999.0,-0.6166118079157201,0.525273558287462,0.5864107496481756,130.7667678313756,19.212915736108183,188.05498956487006,44.29579003187402,-999,0,1,1,0,0,0,0,0.5827590227127075,22.366899490356445,0.4589709937572479,-999.0,1,22.366899490356445,22.366899490356445,-999.0,-999.0,-999.0,1,26.17460060119629,0.4589709937572479,-999.0,1,4120,-999.0,-999.0,-999.0,-999.0,0,-999.0,-999.0,-999.0,-999.0,-999.0,0,-999.0,-999.0,-999.0,0,0,-999.0,-999.0,-999.0,-999.0,0,-999.0,-999.0,-999.0,-999.0,-999.0,0,-999.0,-999.0,-999.0,0,0,-999.0,-999.0,-999.0,-999.0,0,-999.0,-999.0,-999.0,-999.0,-999.0,0,-999.0,-999.0,-999.0,0,0,-999.0,-999.0,-999.0,-999.0,0,-999.0,-999.0,-999.0,-999.0,-999.0,0,-999.0,-999.0,-999.0,0,0,0.01999534243786632
PSO J139.5739+35.9075,-999,-999,-999,151081395739259664,3578835000017986,214022515344961,0,16486948590232,15108,1,2038,90,0.165522113596575,3578835,49831,3,268959744,0,32,-999.0,-999.0,-999.0,-999.0,139.57390406,35.90750902,0.19594000279903412,0.19594000279903412,,,,,55250.27490741,-999.0,-0.6165800520050626,0.5252351785235827,0.58647851342631,130.76563566740234,19.217614412901423,188.04836926687202,44.29666641547851,-999,0,1,0,0,0,0,1,-999.0,-999.0,-999.0,-999.0,0,-999.0,-999.0,-999.0,-999.0,-999.0,0,-999.0,-999.0,-999.0,0,0,-999.0,-999.0,-999.0,-999.0,0,-999.0,-999.0,-999.0,-999.0,-999.0,0,-999.0,-999.0,-999.0,0,0,-999.0,-999.0,-999.0,-999.0,0,-999.0,-999.0,-999.0,-999.0,-999.0,0,-999.0,-999.0,-999.0,0,0,-999.0,-999.0,-999.0,-999.0,0,-999.0,-999.0,-999.0,-999.0,-999.0,0,-999.0,-999.0,-999.0,0,0,0.6536020040512085,18.855100631713867,0.19536499679088593,-999.0,1,18.855100631713867,18.855100631713867,18.594600677490234,0.22274799644947052,-999.0,1,18.700599670410156,0.19536499679088593,-999.0,1,4112,0.018107969349587097
PSO J139.5740+35.9015,-999,-999,-999,151081395739932429,3578835000017996,214022515344971,0,16486949118868,15108,1,2038,90,0.679490986912969,3578835,49831,3,268959744,0,32,-999.0,-999.0,-999.0,-999.0,139.57400967,35.90149906,0.298550009727478,0.298550009727478,,,,,55250.25818287,-999.0,-0.6166278468458529,0.5252739313079912,0.5863935500860279,130.76776237941667,19.211949262874715,188.0567487606412,44.29627032402271,-999,0,1,0,0,0,1,0,-999.0,-999.0,-999.0,-999.0,0,-999.0,-999.0,-999.0,-999.0,-999.0,0,-999.0,-999.0,-999.0,0,0,-999.0,-999.0,-999.0,-999.0,0,-999.0,-999.0,-999.0,-999.0,-999.0,0,-999.0,-999.0,-999.0,0,0,-999.0,-999.0,-999.0,-999.0,0,-999.0,-999.0,-999.0,-999.0,-999.0,0,-999.0,-999.0,-999.0,0,0,0.8182780146598816,20.9158992767334,0.2981710135936737,-999.0,1,20.9158992767334,20.9158992767334,-999.0,-999.0,-999.0,1,21.576900482177734,0.2981710135936737,-999.0,1,4120,-999.0,-999.0,-999.0,-999.0,0,-999.0,-999.0,-999.0,-999.0,-999.0,0,-999.0,-999.0,-999.0,0,0,0.019998946127760944
PSO J139.5741+35.9040,-999,-999,-999,151081395740395435,3578835000018014,214022515344989,0,16486948573196,15108,1,2038,90,0.605801879061201,3578835,49831,3,268959744,0,32,-999.0,-999.0,-999.0,-999.0,139.57405298,35.90403291,0.3922399878501892,0.3922399878501892,,,,,55249.29931713,-999.0,-0.6166085021801916,0.5252566482541543,0.586429372136076,130.76693712147207,19.214360555242944,188.05322387118568,44.29650831127452,-999,0,1,0,0,1,0,0,-999.0,-999.0,-999.0,-999.0,0,-999.0,-999.0,-999.0,-999.0,-999.0,0,-999.0,-999.0,-999.0,0,0,-999.0,-999.0,-999.0,-999.0,0,-999.0,-999.0,-999.0,-999.0,-999.0,0,-999.0,-999.0,-999.0,0,0,0.7090150117874146,21.699100494384766,0.3919549882411957,-999.0,1,21.699100494384766,21.699100494384766,-999.0,-999.0,-999.0,0,-999.0,-999.0,-999.0,0,4120,-999.0,-999.0,-999.0,-999.0,0,-999.0,-999.0,-999.0,-999.0,-999.0,0,-999.0,-999.0,-999.0,0,0,-999.0,-999.0,-999.0,-999.0,0,-999.0,-999.0,-999.0,-999.0,-999.0,0,-999.0,-999.0,-999.0,0,0,0.01892734701754738
PSO J139.5741+35.9071,-999,-999,-999,151081395740909198,3578835000018035,214022515345010,0,16486948590262,15108,1,2038,90,0.743476960569133,3578835,49831,3,268959744,0,32,-999.0,-999.0,-999.0,-999.0,139.57409211,35.90712348,0.17459000647068024,0.17459000647068024,,,,,55250.32483796,-999.0,-0.6165847800205743,0.5252357139227973,0.5864730632066484,130.7659193803675,19.21729807684524,188.04892323768814,44.29678738012374,-999,0,1,0,1,0,0,0,-999.0,-999.0,-999.0,-999.0,0,-999.0,-999.0,-999.0,-999.0,-999.0,0,-999.0,-999.0,-999.0,0,0,0.7412099838256836,21.416099548339844,0.17394700646400452,-999.0,1,21.416099548339844,21.416099548339844,21.2716007232666,0.21039900183677673,-999.0,1,21.276899337768555,0.17394700646400452,-999.0,1,4120,-999.0,-999.0,-999.0,-999.0,0,-999.0,-999.0,-999.0,-999.0,-999.0,0,-999.0,-999.0,-999.0,0,0,-999.0,-999.0,-999.0,-999.0,0,-999.0,-999.0,-999.0,-999.0,-999.0,0,-999.0,-999.0,-999.0,0,0,-999.0,-999.0,-999.0,-999.0,0,-999.0,-999.0,-999.0,-999.0,-999.0,0,-999.0,-999.0,-999.0,0,0,0.018031748725967665
PSO J139.5741+35.9062,-999,-999,-999,151081395741268045,3578835000018042,214022515345017,0,16486948590442,15108,1,2038,90,0.78479956722334,3578835,49831,3,268959744,0,32,-999.0,-999.0,-999.0,-999.0,139.57410849,35.9061503,0.18735000491142273,0.18735000491142273,,,,,55250.30069444,-999.0,-0.6165925131271524,0.5252419971574004,0.5864593056450277,130.76626317710495,19.216380545358263,188.0502800558394,44.296722695661046,-999,0,1,0,0,1,0,0,-999.0,-999.0,-999.0,-999.0,0,-999.0,-999.0,-999.0,-999.0,-999.0,0,-999.0,-999.0,-999.0,0,0,-999.0,-999.0,-999.0,-999.0,0,-999.0,-999.0,-999.0,-999.0,-999.0,0,-999.0,-999.0,-999.0,0,0,0.7266700267791748,20.968900680541992,0.18674899637699127,-999.0,1,20.968900680541992,20.968900680541992,20.42639923095703,0.19719000160694122,-999.0,1,20.568599700927734,0.18674899637699127,-999.0,1,4112,-999.0,-999.0,-999.0,-999.0,0,-999.0,-999.0,-999.0,-999.0,-999.0,0,-999.0,-999.0,-999.0,0,0,-999.0,-999.0,-999.0,-999.0,0,-999.0,-999.0,-999.0,-999.0,-999.0,0,-999.0,-999.0,-999.0,0,0,0.018239651441652596
PSO J139.5744+35.9076,-999,-999,-999,151081395743349645,3578835000018079,214022515345054,0,16486948592973,15108,1,2038,90,0.96023653909586,3578835,49831,3,277348352,0,33,-999.0,-999.0,-999.0,-999.0,139.57436806,35.90755889,0.13875000178813934,0.13875000178813934,,,,,55972.32666667,-999.0,-0.616583916918045,0.5252298542202404,0.5864792184159524,130.76599571496016,19.217782166761637,188.04834184210364,44.29704502485954,-999,0,1,1,0,0,0,0,0.6629930138587952,21.580699920654297,0.13793499767780304,-999.0,1,21.580699920654297,21.580699920654297,-999.0,-999.0,-999.0,0,21.03260040283203,0.13793499767780304,-999.0,1,16781328,-999.0,-999.0,-999.0,-999.0,0,-999.0,-999.0,-999.0,-999.0,-999.0,0,-999.0,-999.0,-999.0,0,0,-999.0,-999.0,-999.0,-999.0,0,-999.0,-999.0,-999.0,-999.0,-999.0,0,-999.0,-999.0,-999.0,0,0,-999.0,-999.0,-999.0,-999.0,0,-999.0,-999.0,-999.0,-999.0,-999.0,0,-999.0,-999.0,-999.0,0,0,-999.0,-999.0,-999.0,-999.0,0,-999.0,-999.0,-999.0,-999.0,-999.0,0,-999.0,-999.0,-999.0,0,0,0.017729300014911523
PSO J139.5745+35.9000,-999,-999,-999,151081395744740647,3578835000018107,214022515345082,0,16486949121347,15108,1,2038,90,0.132363539312373,3578835,49831,3,268959744,0,32,-999.0,-999.0,-999.0,-999.0,139.57449039,35.90001514,0.22100000083446503,0.22100000083446503,,,,,55250.25818287,-999.0,-0.616643814975856,0.5252786057748741,0.5863725707834795,130.76865686836564,19.210668570586975,188.05885897497015,44.296539527757524,-999,0,1,0,0,0,1,0,-999.0,-999.0,-999.0,-999.0,0,-999.0,-999.0,-999.0,-999.0,-999.0,0,-999.0,-999.0,-999.0,0,0,-999.0,-999.0,-999.0,-999.0,0,-999.0,-999.0,-999.0,-999.0,-999.0,0,-999.0,-999.0,-999.0,0,0,-999.0,-999.0,-999.0,-999.0,0,-999.0,-999.0,-999.0,-999.0,-999.0,0,-999.0,-999.0,-999.0,0,0,0.7259699702262878,20.49329948425293,0.22049100697040558,-999.0,1,20.49329948425293,20.49329948425293,-999.0,-999.0,-999.0,1,21.004600524902344,0.22049100697040558,-999.0,1,4120,-999.0,-999.0,-999.0,-999.0,0,-999.0,-999.0,-999.0,-999.0,-999.0,0,-999.0,-999.0,-999.0,0,0,0.020395212792854615
PSO J139.5745+35.9064,-999,-999,-999,151081395745368372,3578835000018129,214022515345104,0,16486948590570,15108,1,2038,90,0.106810997339721,3578835,49831,3,268959744,0,32,-999.0,-999.0,-999.0,-999.0,139.57453794,35.90643906,0.17523999512195587,0.17523999512195587,,,,,55250.31938657,-999.0,-0.6165941999715537,0.5252354589674799,0.5864633877785214,130.7665140312412,19.21676560073506,188.04991681209458,44.29709254196786,-999,0,1,0,1,0,0,0,-999.0,-999.0,-999.0,-999.0,0,-999.0,-999.0,-999.0,-999.0,-999.0,0,-999.0,-999.0,-999.0,0,0,0.6807559728622437,21.359800338745117,0.17459599673748016,-999.0,1,21.359800338745117,21.359800338745117,21.1427001953125,0.18541200459003448,-999.0,1,21.12980079650879,0.17459599673748016,-999.0,1,4120,-999.0,-999.0,-999.0,-999.0,0,-999.0,-999.0,-999.0,-999.0,-999.0,0,-999.0,-999.0,-999.0,0,0,-999.0,-999.0,-999.0,-999.0,0,-999.0,-999.0,-999.0,-999.0,-999.0,0,-999.0,-999.0,-999.0,0,0,-999.0,-999.0,-999.0,-999.0,0,-999.0,-999.0,-999.0,-999.0,-999.0,0,-999.0,-999.0,-999.0,0,0,0.01783123831737619
PSO J139.5747+35.9015,-999,-999,-999,151081395747072385,3578835000186773,214022515515371,0,16486949118804,15108,1,2038,90,0.512018591642397,3578835,49831,3,1343750144,0,160,139.57470678,35.90148354,0.0010000000474974513,0.0010000000474974513,139.57470678,35.90148354,0.0010000000474974513,0.0010000000474974513,,,,,55646.49783565,-999.0,-0.6166343586539067,0.5252665318418529,0.586393330670052,130.7683340523796,19.212115635257454,188.0568336020465,44.29683194145381,-999,1,0,0,0,0,0,0,-999.0,-999.0,-999.0,-999.0,0,-999.0,-999.0,-999.0,-999.0,-999.0,0,-999.0,-999.0,-999.0,0,16416,-999.0,-999.0,-999.0,-999.0,0,-999.0,-999.0,-999.0,-999.0,-999.0,0,-999.0,-999.0,-999.0,0,16416,-999.0,-999.0,-999.0,-999.0,0,-999.0,-999.0,-999.0,-999.0,-999.0,0,-999.0,-999.0,-999.0,0,114720,-999.0,-999.0,-999.0,-999.0,0,-999.0,-999.0,-999.0,-999.0,-999.0,0,-999.0,-999.0,-999.0,0,16416,-999.0,-999.0,-999.0,-999.0,0,-999.0,-999.0,-999.0,-999.0,-999.0,0,-999.0,-999.0,-999.0,0,16416,0.019507460832735895
PSO J139.5750+35.9075,-999,-999,-999,151081395749599586,3578835000018227,214022515345202,0,16486948593281,15108,1,2038,90,0.364387099970493,3578835,49831,3,310456320,0,37,-999.0,-999.0,-999.0,-999.0,139.57497291,35.90747964,0.16619999706745148,0.16619999706745148,,,,,55248.33767361,-999.0,-0.6165900790692195,0.5252238711721663,0.5864780980943255,130.76651404751536,19.21786420487955,188.04850699764873,44.297527017480085,-999,0,1,1,0,0,0,0,0.21980999410152435,21.729400634765625,0.16552600264549255,-999.0,1,21.729400634765625,21.729400634765625,21.365400314331055,0.21299199759960175,-999.0,1,21.124799728393555,0.16552600264549255,-999.0,1,16777752,-999.0,-999.0,-999.0,-999.0,0,-999.0,-999.0,-999.0,-999.0,-999.0,0,-999.0,-999.0,-999.0,0,0,-999.0,-999.0,-999.0,-999.0,0,-999.0,-999.0,-999.0,-999.0,-999.0,0,-999.0,-999.0,-999.0,0,0,-999.0,-999.0,-999.0,-999.0,0,-999.0,-999.0,-999.0,-999.0,-999.0,0,-999.0,-999.0,-999.0,0,0,-999.0,-999.0,-999.0,-999.0,0,-999.0,-999.0,-999.0,-999.0,-999.0,0,-999.0,-999.0,-999.0,0,0,0.017262475898234864
PSO J139.5756+35.9020,-999,-999,-999,151081395755623022,3578835000018372,214022515345347,0,16486949118081,15108,1,2038,90,0.590682208156848,3578835,49831,3,302067712,0,36,-999.0,-999.0,-999.0,-999.0,139.57557467,35.90202815,0.19407999515533447,0.19407999515533447,,,,,55249.26106481,-999.0,-0.6166380719222042,0.5252535769604104,0.5864010301375336,130.7688542717806,19.212856919877478,188.0561538359206,44.29757633165558,-999,0,1,0,0,0,0,1,-999.0,-999.0,-999.0,-999.0,0,-999.0,-999.0,-999.0,-999.0,-999.0,0,-999.0,-999.0,-999.0,0,0,-999.0,-999.0,-999.0,-999.0,0,-999.0,-999.0,-999.0,-999.0,-999.0,0,-999.0,-999.0,-999.0,0,0,-999.0,-999.0,-999.0,-999.0,0,-999.0,-999.0,-999.0,-999.0,-999.0,0,-999.0,-999.0,-999.0,0,0,-999.0,-999.0,-999.0,-999.0,0,-999.0,-999.0,-999.0,-999.0,-999.0,0,-999.0,-999.0,-999.0,0,0,0.9807260036468506,19.261999130249023,0.19349999725818634,-999.0,1,19.261999130249023,19.261999130249023,19.129499435424805,0.32142800092697144,-999.0,1,19.068099975585938,0.19349999725818634,-999.0,1,272,0.01863067823936675
PSO J139.5758+35.9036,-999,-999,-999,151081395758124871,3578835000186782,214022515515380,0,16486949064915,15108,1,2038,90,0.420068719815527,3578835,49831,3,1343750144,0,160,139.5757687,35.90357156,0.0010000000474974513,0.0010000000474974513,139.5757687,35.90357156,0.0010000000474974513,0.0010000000474974513,,,,,55520.6409838,-999.0,-0.6166278253442632,0.5252412456087694,0.5864228499321571,130.76848779152763,19.214369220678872,188.05402191487968,44.29785663130549,-999,1,0,0,0,0,0,0,-999.0,-999.0,-999.0,-999.0,0,-999.0,-999.0,-999.0,-999.0,-999.0,0,-999.0,-999.0,-999.0,0,114720,-999.0,-999.0,-999.0,-999.0,0,-999.0,-999.0,-999.0,-999.0,-999.0,0,-999.0,-999.0,-999.0,0,16416,-999.0,-999.0,-999.0,-999.0,0,-999.0,-999.0,-999.0,-999.0,-999.0,0,-999.0,-999.0,-999.0,0,16416,-999.0,-999.0,-999.0,-999.0,0,-999.0,-999.0,-999.0,-999.0,-999.0,0,-999.0,-999.0,-999.0,0,16416,-999.0,-999.0,-999.0,-999.0,0,-999.0,-999.0,-999.0,-999.0,-999.0,0,-999.0,-999.0,-999.0,0,16416,0.017815902111597635
PSO J139.5763+35.9019,-999,-999,-999,151081395762532849,3578835000018539,214022515345514,0,16486949065096,15108,1,2038,90,0.494170058047557,3578835,49831,3,310456320,0,37,-999.0,-999.0,-999.0,-999.0,139.57626654,35.90186918,0.09531000256538391,0.09531000256538391,,,,,55248.33767361,-999.0,-0.616645653112008,0.5252471857663938,0.5863987826919053,130.7694703992872,19.212886060977826,188.05643796993112,44.29812222321444,-999,0,1,1,0,0,0,0,0.4001759886741638,21.091400146484375,0.09412600100040436,-999.0,1,21.091400146484375,21.091400146484375,20.209299087524414,0.09118600189685822,-999.0,1,20.163299560546875,0.09412600100040436,-999.0,1,16777752,-999.0,-999.0,-999.0,-999.0,0,-999.0,-999.0,-999.0,-999.0,-999.0,0,-999.0,-999.0,-999.0,0,0,-999.0,-999.0,-999.0,-999.0,0,-999.0,-999.0,-999.0,-999.0,-999.0,0,-999.0,-999.0,-999.0,0,0,-999.0,-999.0,-999.0,-999.0,0,-999.0,-999.0,-999.0,-999.0,-999.0,0,-999.0,-999.0,-999.0,0,0,-999.0,-999.0,-999.0,-999.0,0,-999.0,-999.0,-999.0,-999.0,-999.0,0,-999.0,-999.0,-999.0,0,0,0.018214370987433982
PSO J139.5771+35.9072,-999,-999,-999,151081395771019277,3578835000186798,214022515515396,0,16486948589826,15108,1,2038,90,0.97230276649101,3578835,49831,3,1343750144,0,160,139.5771015,35.9072279,0.0010000000474974513,0.0010000000474974513,139.5771015,35.9072279,0.0010000000474974513,0.0010000000474974513,,,,,55646.49783565,-999.0,-0.6166115528467155,0.5252026347879643,0.5864745393516605,130.76832894587642,19.218178649964607,188.04905037973512,44.29922542829586,-999,1,0,0,0,0,0,0,-999.0,-999.0,-999.0,-999.0,0,-999.0,-999.0,-999.0,-999.0,-999.0,0,-999.0,-999.0,-999.0,0,16416,-999.0,-999.0,-999.0,-999.0,0,-999.0,-999.0,-999.0,-999.0,-999.0,0,-999.0,-999.0,-999.0,0,16416,-999.0,-999.0,-999.0,-999.0,0,-999.0,-999.0,-999.0,-999.0,-999.0,0,-999.0,-999.0,-999.0,0,114720,-999.0,-999.0,-999.0,-999.0,0,-999.0,-999.0,-999.0,-999.0,-999.0,0,-999.0,-999.0,-999.0,0,16416,-999.0,-999.0,-999.0,-999.0,0,-999.0,-999.0,-999.0,-999.0,-999.0,0,-999.0,-999.0,-999.0,0,16416,0.01562790253423196
PSO J139.5773+35.9042,-999,-999,-999,151081395772515671,3578835000018797,214022515345772,0,16486948545467,15108,1,2038,90,0.0563760465536043,3578835,49831,3,268959744,0,32,-999.0,-999.0,-999.0,-999.0,139.57726962,35.90422651,0.4700300097465515,0.4700300097465515,,,,,56331.38431713,-999.0,-0.616636481123128,0.5252207455698491,0.586432109089482,130.76948484652465,19.21537944892221,188.05324577963614,44.29912092343356,-999,0,1,0,1,0,0,0,-999.0,-999.0,-999.0,-999.0,0,-999.0,-999.0,-999.0,-999.0,-999.0,0,-999.0,-999.0,-999.0,0,0,0.42664098739624023,22.320899963378906,0.4697889983654022,-999.0,1,22.320899963378906,22.320899963378906,-999.0,-999.0,-999.0,0,21.82469940185547,0.4697889983654022,-999.0,1,4120,-999.0,-999.0,-999.0,-999.0,0,-999.0,-999.0,-999.0,-999.0,-999.0,0,-999.0,-999.0,-999.0,0,0,-999.0,-999.0,-999.0,-999.0,0,-999.0,-999.0,-999.0,-999.0,-999.0,0,-999.0,-999.0,-999.0,0,0,-999.0,-999.0,-999.0,-999.0,0,-999.0,-999.0,-999.0,-999.0,-999.0,0,-999.0,-999.0,-999.0,0,0,0.01643966798133128
PSO J139.5774+35.9067,-999,-999,-999,151081395774048678,3578835000018843,214022515345818,0,16486948545078,15108,1,2038,90,0.583136902733833,3578835,49831,3,268513280,0,32,-999.0,-999.0,-999.0,-999.0,139.57743181,35.90673511,0.019540000706911087,0.019540000706911087,,,,,55248.33142361,-999.0,-0.6166184206344988,0.5252023507260152,0.5864675729535983,130.76876467176575,19.217797685458578,188.04976662707867,44.299452677678254,-999,0,1,1,0,0,0,0,0.9988179802894592,18.740999221801758,0.012523000128567219,-999.0,1,18.740999221801758,18.740999221801758,19.513599395751953,0.03330500051379204,-999.0,1,19.39940071105957,0.012523000128567219,-999.0,1,24,-999.0,-999.0,-999.0,-999.0,0,-999.0,-999.0,-999.0,-999.0,-999.0,0,-999.0,-999.0,-999.0,0,0,-999.0,-999.0,-999.0,-999.0,0,-999.0,-999.0,-999.0,-999.0,-999.0,0,-999.0,-999.0,-999.0,0,0,-999.0,-999.0,-999.0,-999.0,0,-999.0,-999.0,-999.0,-999.0,-999.0,0,-999.0,-999.0,-999.0,0,0,-999.0,-999.0,-999.0,-999.0,0,-999.0,-999.0,-999.0,-999.0,-999.0,0,-999.0,-999.0,-999.0,0,0,0.015487788291865572
PSO J139.5779+35.9055,-999,-999,-999,151081395778927190,3578835000018949,214022515345924,0,16486948545336,15108,1,2038,90,0.489050944791223,3578835,49831,3,268959744,0,32,-999.0,-999.0,-999.0,-999.0,139.57789526,35.90545064,0.3084700107574463,0.3084700107574463,,,,,55250.29579861,-999.0,-0.6166326777649657,0.5252058879787913,0.5864494146512701,130.76957743876306,19.216701439418518,188.05159755767602,44.29972405826017,-999,0,1,0,0,1,0,0,-999.0,-999.0,-999.0,-999.0,0,-999.0,-999.0,-999.0,-999.0,-999.0,0,-999.0,-999.0,-999.0,0,0,-999.0,-999.0,-999.0,-999.0,0,-999.0,-999.0,-999.0,-999.0,-999.0,0,-999.0,-999.0,-999.0,0,0,0.4457879960536957,21.275800704956055,0.3081029951572418,-999.0,1,21.275800704956055,21.275800704956055,21.334699630737305,0.30590400099754333,-999.0,1,23.231399536132812,0.3081029951572418,-999.0,1,4112,-999.0,-999.0,-999.0,-999.0,0,-999.0,-999.0,-999.0,-999.0,-999.0,0,-999.0,-999.0,-999.0,0,0,-999.0,-999.0,-999.0,-999.0,0,-999.0,-999.0,-999.0,-999.0,-999.0,0,-999.0,-999.0,-999.0,0,0,0.015516117935632092
PSO J139.5785+35.9061,-999,-999,-999,151081395785057864,3578835000019095,214022515346070,0,16486948547967,15108,1,2038,90,0.125957359677141,3578835,49831,3,268513280,0,32,-999.0,-999.0,-999.0,-999.0,139.57853499,35.90606795,0.019819999113678932,0.019819999113678932,,,,,55250.32818287,-999.0,-0.616633731607059,0.5251949060462618,0.5864581414793486,130.76988755311066,19.21745231898514,188.05079573491616,44.30028997191754,-999,0,1,1,0,0,0,0,0.9990130066871643,18.574199676513672,0.01295000035315752,-999.0,1,18.574199676513672,18.574199676513672,19.372299194335938,0.03658900037407875,-999.0,1,19.236499786376953,0.01295000035315752,-999.0,1,24,-999.0,-999.0,-999.0,-999.0,0,-999.0,-999.0,-999.0,-999.0,-999.0,0,-999.0,-999.0,-999.0,0,0,-999.0,-999.0,-999.0,-999.0,0,-999.0,-999.0,-999.0,-999.0,-999.0,0,-999.0,-999.0,-999.0,0,0,-999.0,-999.0,-999.0,-999.0,0,-999.0,-999.0,-999.0,-999.0,-999.0,0,-999.0,-999.0,-999.0,0,0,-999.0,-999.0,-999.0,-999.0,0,-999.0,-999.0,-999.0,-999.0,-999.0,0,-999.0,-999.0,-999.0,0,0,0.014823718401892786
PSO J139.5787+35.9051,-999,-999,-999,151081395787056819,3578835000019142,214022515346117,0,16486948544841,15108,1,2038,90,0.175403304561417,3578835,49831,3,268959744,0,32,-999.0,-999.0,-999.0,-999.0,139.57870733,35.90514568,0.1874299943447113,0.1874299943447113,,,,,55250.31938657,-999.0,-0.6166424979136466,0.5251991721327149,0.5864451034478243,130.77034079647822,19.216623528084067,188.05209585803198,44.30035530512068,-999,0,1,0,1,0,0,0,-999.0,-999.0,-999.0,-999.0,0,-999.0,-999.0,-999.0,-999.0,-999.0,0,-999.0,-999.0,-999.0,0,0,0.7133439779281616,21.46139907836914,0.18682999908924103,-999.0,1,21.46139907836914,21.46139907836914,21.406200408935547,0.24234500527381897,-999.0,1,21.64109992980957,0.18682999908924103,-999.0,1,4120,-999.0,-999.0,-999.0,-999.0,0,-999.0,-999.0,-999.0,-999.0,-999.0,0,-999.0,-999.0,-999.0,0,0,-999.0,-999.0,-999.0,-999.0,0,-999.0,-999.0,-999.0,-999.0,-999.0,0,-999.0,-999.0,-999.0,0,0,-999.0,-999.0,-999.0,-999.0,0,-999.0,-999.0,-999.0,-999.0,-999.0,0,-999.0,-999.0,-999.0,0,0,0.015010816465887996
PSO J139.5789+35.9073,-999,-999,-999,151081395789019290,3578835000019196,214022515346171,0,16486948547997,15108,1,2038,90,0.0081584611983583,3578835,49831,3,268959744,0,32,-999.0,-999.0,-999.0,-999.0,139.5789185,35.90725406,0.22279000282287598,0.22279000282287598,,,,,55249.32556713,-999.0,-0.6166280042403902,0.5251829065252173,0.5864749091651221,130.76979631043088,19.218675399747095,188.04917847410783,44.30069451409103,-999,0,1,1,0,0,0,0,0.7006139755249023,21.877399444580078,0.22228200733661652,-999.0,1,21.877399444580078,21.877399444580078,-999.0,-999.0,-999.0,0,-999.0,-999.0,-999.0,0,4120,-999.0,-999.0,-999.0,-999.0,0,-999.0,-999.0,-999.0,-999.0,-999.0,0,-999.0,-999.0,-999.0,0,0,-999.0,-999.0,-999.0,-999.0,0,-999.0,-999.0,-999.0,-999.0,-999.0,0,-999.0,-999.0,-999.0,0,0,-999.0,-999.0,-999.0,-999.0,0,-999.0,-999.0,-999.0,-999.0,-999.0,0,-999.0,-999.0,-999.0,0,0,-999.0,-999.0,-999.0,-999.0,0,-999.0,-999.0,-999.0,-999.0,-999.0,0,-999.0,-999.0,-999.0,0,0,0.014191491949740379
PSO J139.5792+35.9047,-999,-999,-999,151081395791966279,3578835000019283,214022515346258,0,16486948548243,15108,1,2038,90,0.325523299468237,3578835,49831,3,268959744,0,32,-999.0,-999.0,-999.0,-999.0,139.57917913,35.90467905,0.2264000028371811,0.2264000028371811,,,,,55250.30069444,-999.0,-0.6166504586969487,0.5251971912127461,0.5864385066919507,130.77088260071028,19.21630409991105,188.05278850924944,44.30069888317115,-999,0,1,0,0,1,0,0,-999.0,-999.0,-999.0,-999.0,0,-999.0,-999.0,-999.0,-999.0,-999.0,0,-999.0,-999.0,-999.0,0,0,-999.0,-999.0,-999.0,-999.0,0,-999.0,-999.0,-999.0,-999.0,-999.0,0,-999.0,-999.0,-999.0,0,0,0.6485030055046082,21.12820053100586,0.22590599954128265,-999.0,1,21.12820053100586,21.12820053100586,-999.0,-999.0,-999.0,1,21.31290054321289,0.22590599954128265,-999.0,1,4112,-999.0,-999.0,-999.0,-999.0,0,-999.0,-999.0,-999.0,-999.0,-999.0,0,-999.0,-999.0,-999.0,0,0,-999.0,-999.0,-999.0,-999.0,0,-999.0,-999.0,-999.0,-999.0,-999.0,0,-999.0,-999.0,-999.0,0,0,0.014841727839675764
PSO J139.5829+35.9110,-999,-999,-999,151091395829163856,3578835000020161,214022515347136,0,16486948541837,15109,1,2038,90,0.720635394305583,3578835,49831,3,276901888,0,33,-999.0,-999.0,-999.0,-999.0,139.58292712,35.91104565,0.029270000755786896,0.029270000755786896,,,,,55249.24679398,-999.0,-0.6166351969634668,0.5251145999626767,0.5865285080640705,130.77176531833015,19.223307990190182,188.04426014178668,44.30423403818767,-999,0,1,0,0,0,1,0,-999.0,-999.0,-999.0,-999.0,0,-999.0,-999.0,-999.0,-999.0,-999.0,0,-999.0,-999.0,-999.0,0,0,-999.0,-999.0,-999.0,-999.0,0,-999.0,-999.0,-999.0,-999.0,-999.0,0,-999.0,-999.0,-999.0,0,0,-999.0,-999.0,-999.0,-999.0,0,-999.0,-999.0,-999.0,-999.0,-999.0,0,-999.0,-999.0,-999.0,0,0,0.9986060261726379,18.448299407958984,0.02513900026679039,-999.0,1,18.448299407958984,18.448299407958984,18.22760009765625,0.04892599955201149,-999.0,1,18.30820083618164,0.02513900026679039,-999.0,1,16777240,-999.0,-999.0,-999.0,-999.0,0,-999.0,-999.0,-999.0,-999.0,-999.0,0,-999.0,-999.0,-999.0,0,0,0.010511284620523798
PSO J139.5831+35.9127,-999,-999,-999,151091395830535820,3578835000020189,214022515347164,0,16486948542113,15109,1,2038,90,0.218961700069682,3578835,49831,3,268513280,0,32,-999.0,-999.0,-999.0,-999.0,139.58307748,35.91268119,0.017489999532699585,0.017489999532699585,,,,,57033.59305556,-999.0,-0.6166238276907832,0.5251021264287228,0.5865516276884764,130.7713319299433,19.22489618379126,188.04199561624003,44.3044860867406,-999,0,1,0,0,1,0,0,-999.0,-999.0,-999.0,-999.0,0,-999.0,-999.0,-999.0,-999.0,-999.0,0,-999.0,-999.0,-999.0,0,0,-999.0,-999.0,-999.0,-999.0,0,-999.0,-999.0,-999.0,-999.0,-999.0,0,-999.0,-999.0,-999.0,0,0,0.9974750280380249,18.089599609375,0.008994000032544136,-999.0,1,18.089599609375,18.089599609375,18.4955997467041,0.01807199977338314,-999.0,1,18.562999725341797,0.008994000032544136,-999.0,1,24,-999.0,-999.0,-999.0,-999.0,0,-999.0,-999.0,-999.0,-999.0,-999.0,0,-999.0,-999.0,-999.0,0,0,-999.0,-999.0,-999.0,-999.0,0,-999.0,-999.0,-999.0,-999.0,-999.0,0,-999.0,-999.0,-999.0,0,0,0.010563269040461381
PSO J139.5839+35.9138,-999,-999,-999,151091395837827250,3578835000020360,214022515347335,0,16486948544235,15109,1,2038,90,0.724409069609278,3578835,49831,3,277348352,0,33,-999.0,-999.0,-999.0,-999.0,139.58386254,35.9138113,0.1609099954366684,0.1609099954366684,,,,,55903.57219907,-999.0,-0.6166222141031882,0.5250861766432621,0.5865676023892241,130.77158585844182,19.22617052036912,188.0404924390751,44.305210130543514,-999,0,1,0,0,0,0,1,-999.0,-999.0,-999.0,-999.0,0,-999.0,-999.0,-999.0,-999.0,-999.0,0,-999.0,-999.0,-999.0,0,0,-999.0,-999.0,-999.0,-999.0,0,-999.0,-999.0,-999.0,-999.0,-999.0,0,-999.0,-999.0,-999.0,0,0,-999.0,-999.0,-999.0,-999.0,0,-999.0,-999.0,-999.0,-999.0,-999.0,0,-999.0,-999.0,-999.0,0,0,-999.0,-999.0,-999.0,-999.0,0,-999.0,-999.0,-999.0,-999.0,-999.0,0,-999.0,-999.0,-999.0,0,0,0.8081160187721252,19.828100204467773,0.16021400690078735,-999.0,1,19.828100204467773,19.828100204467773,-999.0,-999.0,-999.0,0,19.401199340820312,0.16021400690078735,-999.0,1,16781336,0.010218659757412122
PSO J139.5838+35.9128,-999,-999,-999,151091395838015978,3578835000020368,214022515347343,0,16486948542095,15109,1,2038,90,0.498955328482162,3578835,49831,3,268513280,0,32,-999.0,-999.0,-999.0,-999.0,139.58382624,35.91281189,0.021369999274611473,0.021369999274611473,,,,,57033.59305556,-999.0,-0.6166296711423227,0.5250932006623237,0.5865534752135629,130.77189584919745,19.225214481612493,188.04188124455362,44.30510101729317,-999,0,1,0,0,1,0,0,-999.0,-999.0,-999.0,-999.0,0,-999.0,-999.0,-999.0,-999.0,-999.0,0,-999.0,-999.0,-999.0,0,0,-999.0,-999.0,-999.0,-999.0,0,-999.0,-999.0,-999.0,-999.0,-999.0,0,-999.0,-999.0,-999.0,0,0,0.9980279803276062,18.65220069885254,0.015223000198602676,-999.0,1,18.65220069885254,18.65220069885254,19.226600646972656,0.034627001732587814,-999.0,1,19.3971004486084,0.015223000198602676,-999.0,1,24,-999.0,-999.0,-999.0,-999.0,0,-999.0,-999.0,-999.0,-999.0,-999.0,0,-999.0,-999.0,-999.0,0,0,-999.0,-999.0,-999.0,-999.0,0,-999.0,-999.0,-999.0,-999.0,-999.0,0,-999.0,-999.0,-999.0,0,0,0.009993806676977739
PSO J139.5839+35.9107,-999,-999,-999,151091395839223396,3578835000020396,214022515347371,0,16486948549218,15109,1,2038,90,0.239369547217497,3578835,49831,3,268959744,0,32,-999.0,-999.0,-999.0,-999.0,139.58392277,35.91065972,-999.0,-999.0,,,,,-999.0,-999.0,-0.6166473298650138,0.5251064457502697,0.5865230525749758,130.77270531471927,19.223201088591377,188.044887734482,44.305007031506605,-999,0,1,0,0,0,1,0,-999.0,-999.0,-999.0,-999.0,0,-999.0,-999.0,-999.0,-999.0,-999.0,0,-999.0,-999.0,-999.0,0,0,-999.0,-999.0,-999.0,-999.0,0,-999.0,-999.0,-999.0,-999.0,-999.0,0,-999.0,-999.0,-999.0,0,0,-999.0,-999.0,-999.0,-999.0,0,-999.0,-999.0,-999.0,-999.0,-999.0,0,-999.0,-999.0,-999.0,0,0,-999.0,-999.0,-999.0,-999.0,0,-999.0,-999.0,19.732900619506836,0.11879800260066986,-999.0,1,-999.0,-999.0,-999.0,0,24,-999.0,-999.0,-999.0,-999.0,0,-999.0,-999.0,-999.0,-999.0,-999.0,0,-999.0,-999.0,-999.0,0,0,0.009701162783953977
PSO J139.5843+35.9130,-999,-999,-999,151091395841766278,3578835000020450,214022515347425,0,16486948544071,15109,1,2038,90,0.817682670259553,3578835,49831,3,436527104,7,52,139.58430755,35.91298521,0.0010000000474974513,0.0010000000474974513,139.58432503181183,35.91299928512217,0.030549109324214792,0.030549109324214792,54.002859322288316,-31.84042734121962,14.29042382467163,14.29042382467163,56219.391775608994,10.198739051818848,-0.6166327817370517,0.5250865887688038,0.586556124153833,130.77222773253627,19.225545342877492,188.0416297007358,44.305519668038286,-999,4,10,1,5,4,0,0,0.9991670250892639,22.08810043334961,0.2014089971780777,-999.0,1,22.08810043334961,22.08810043334961,-999.0,-999.0,-999.0,1,22.23579978942871,0.2014089971780777,-999.0,1,115000,0.9995099902153015,21.839500427246094,0.02733599953353405,0.08644700050354004,5,21.752599716186523,21.958999633789062,21.689300537109375,0.08555100113153458,0.2573130130767822,5,21.524599075317383,0.10320000350475311,0.21807299554347992,5,115000,0.9995009899139404,21.69179916381836,0.06713999807834625,0.1727830022573471,4,21.489500045776367,21.911300659179688,21.64739990234375,0.07939299941062927,0.24689599871635437,4,21.650999069213867,0.10364799946546555,0.19468900561332703,4,115000,-999.0,-999.0,-999.0,-999.0,0,-999.0,-999.0,-999.0,-999.0,-999.0,0,-999.0,-999.0,-999.0,0,114720,-999.0,-999.0,-999.0,-999.0,0,-999.0,-999.0,-999.0,-999.0,-999.0,0,-999.0,-999.0,-999.0,0,16416,0.009640858172603175
PSO J139.5844+35.9105,-999,-999,-999,151091395844273142,3578835000020508,214022515347483,0,16486948549141,15109,1,2038,90,0.891432312216081,3578835,49831,3,268513280,0,32,-999.0,-999.0,-999.0,-999.0,139.58443828,35.91045118,0.02411000058054924,0.02411000058054924,,,,,55249.24679398,-999.0,-0.6166536797368091,0.5251022815663909,0.5865201046518556,130.77319497286916,19.223137481823912,188.04522482681807,44.305406563560105,-999,0,1,0,0,0,1,0,-999.0,-999.0,-999.0,-999.0,0,-999.0,-999.0,-999.0,-999.0,-999.0,0,-999.0,-999.0,-999.0,0,0,-999.0,-999.0,-999.0,-999.0,0,-999.0,-999.0,-999.0,-999.0,-999.0,0,-999.0,-999.0,-999.0,0,0,-999.0,-999.0,-999.0,-999.0,0,-999.0,-999.0,-999.0,-999.0,-999.0,0,-999.0,-999.0,-999.0,0,0,0.9971370100975037,18.112699508666992,0.018876999616622925,-999.0,1,18.112699508666992,18.112699508666992,18.34869956970215,0.04287799820303917,-999.0,1,18.24489974975586,0.018876999616622925,-999.0,1,24,-999.0,-999.0,-999.0,-999.0,0,-999.0,-999.0,-999.0,-999.0,-999.0,0,-999.0,-999.0,-999.0,0,0,0.009288034999023087
PSO J139.5847+35.9142,-999,-999,-999,151091395846377654,3578835000020556,214022515347531,0,16486948544156,15109,1,2038,90,0.485816946705633,3578835,49831,3,436285440,0,52,139.58461335,35.91416246,0.0010000000474974513,0.0010000000474974513,139.58465501,35.91420858,0.16328999400138855,0.16328999400138855,,,,,57049.45013889,-999.0,-0.6166263800085813,0.5250750111065039,0.5865732180972957,130.77209472753293,19.22675266897981,188.04001066524586,44.30588162023282,-999,2,1,0,0,1,0,0,-999.0,-999.0,-999.0,-999.0,0,-999.0,-999.0,-999.0,-999.0,-999.0,0,-999.0,-999.0,-999.0,0,16416,-999.0,-999.0,-999.0,-999.0,0,-999.0,-999.0,-999.0,-999.0,-999.0,0,-999.0,-999.0,-999.0,0,114720,0.9987350106239319,21.940000534057617,0.1626020073890686,-999.0,1,21.940000534057617,21.940000534057617,21.55340003967285,0.24221999943256378,-999.0,1,21.524599075317383,0.1626020073890686,-999.0,1,115000,-999.0,-999.0,-999.0,-999.0,0,-999.0,-999.0,-999.0,-999.0,-999.0,0,-999.0,-999.0,-999.0,0,16416,-999.0,-999.0,-999.0,-999.0,0,-999.0,-999.0,-999.0,-999.0,-999.0,0,-999.0,-999.0,-999.0,0,16416,0.009742066214091778
PSO J139.5853+35.9101,-999,-999,-999,151091395852432741,3578835000020697,214022515347672,0,16486948551997,15109,1,2038,90,0.626077057445494,3578835,49831,3,268513280,0,32,-999.0,-999.0,-999.0,-999.0,139.58525466,35.91011747,0.03815000131726265,0.03815000131726265,,,,,55249.24679398,-999.0,-0.6166637625082045,0.5250957098088438,0.5865153873084415,130.7739715899893,19.22303347903383,188.04576347946667,44.306039003242816,-999,0,1,0,0,0,1,0,-999.0,-999.0,-999.0,-999.0,0,-999.0,-999.0,-999.0,-999.0,-999.0,0,-999.0,-999.0,-999.0,0,0,-999.0,-999.0,-999.0,-999.0,0,-999.0,-999.0,-999.0,-999.0,-999.0,0,-999.0,-999.0,-999.0,0,0,-999.0,-999.0,-999.0,-999.0,0,-999.0,-999.0,-999.0,-999.0,-999.0,0,-999.0,-999.0,-999.0,0,0,0.996999979019165,18.834400177001953,0.035075001418590546,-999.0,1,18.834400177001953,18.834400177001953,18.917999267578125,0.05726499855518341,-999.0,1,18.73710060119629,0.035075001418590546,-999.0,1,24,-999.0,-999.0,-999.0,-999.0,0,-999.0,-999.0,-999.0,-999.0,-999.0,0,-999.0,-999.0,-999.0,0,0,0.008645202535028765
PSO J139.5858+35.9099,-999,-999,-999,151091395857832484,3578835000020834,214022515347809,0,16486948551969,15109,1,2038,90,0.576154760621632,3578835,49831,3,268959744,0,32,-999.0,-999.0,-999.0,-999.0,139.5857832,35.90990037,-999.0,-999.0,,,,,-999.0,-999.0,-0.6166702984244921,0.5250914619884336,0.5865123183598936,130.7744747447881,19.222965153330502,188.0461136781598,44.30644837474827,-999,0,1,0,0,0,1,0,-999.0,-999.0,-999.0,-999.0,0,-999.0,-999.0,-999.0,-999.0,-999.0,0,-999.0,-999.0,-999.0,0,0,-999.0,-999.0,-999.0,-999.0,0,-999.0,-999.0,-999.0,-999.0,-999.0,0,-999.0,-999.0,-999.0,0,0,-999.0,-999.0,-999.0,-999.0,0,-999.0,-999.0,-999.0,-999.0,-999.0,0,-999.0,-999.0,-999.0,0,0,-999.0,-999.0,-999.0,-999.0,0,-999.0,-999.0,19.790800094604492,0.12768499553203583,-999.0,1,-999.0,-999.0,-999.0,0,24,-999.0,-999.0,-999.0,-999.0,0,-999.0,-999.0,-999.0,-999.0,-999.0,0,-999.0,-999.0,-999.0,0,0,0.008237891307654215
PSO J139.5860+35.9120,-999,-999,-999,151091395859215000,3578835000020870,214022515347845,0,16486948543595,15109,1,2038,90,0.876580719721113,3578835,49831,3,268959744,0,32,-999.0,-999.0,-999.0,-999.0,139.58595094,35.91199343,0.2898400127887726,0.2898400127887726,,,,,55249.29138889,-999.0,-0.6166555221466099,0.5250757658022132,0.5865419057265315,130.77390004168632,19.224991203910644,188.04321333606774,44.30675098412049,-999,0,1,0,0,1,0,0,-999.0,-999.0,-999.0,-999.0,0,-999.0,-999.0,-999.0,-999.0,-999.0,0,-999.0,-999.0,-999.0,0,0,-999.0,-999.0,-999.0,-999.0,0,-999.0,-999.0,-999.0,-999.0,-999.0,0,-999.0,-999.0,-999.0,0,0,0.7743319869041443,21.356300354003906,0.28944799304008484,-999.0,1,21.356300354003906,21.356300354003906,-999.0,-999.0,-999.0,1,23.128299713134766,0.28944799304008484,-999.0,1,4120,-999.0,-999.0,-999.0,-999.0,0,-999.0,-999.0,-999.0,-999.0,-999.0,0,-999.0,-999.0,-999.0,0,0,-999.0,-999.0,-999.0,-999.0,0,-999.0,-999.0,-999.0,-999.0,-999.0,0,-999.0,-999.0,-999.0,0,0,0.008153367354573374
PSO J139.5863+35.9133,-999,-999,-999,151091395862236549,3578835000020944,214022515347919,0,16486948544402,15109,1,2038,90,0.687642220116819,3578835,49831,3,268959744,0,32,-999.0,-999.0,-999.0,-999.0,139.58625328,35.91328427,0.3660399913787842,0.3660399913787842,,,,,55249.29138889,-999.0,-0.6166482314676384,0.5250639447192172,0.5865601525706708,130.77370718191008,19.22629238294286,188.04144258109858,44.30709813897515,-999,0,1,0,0,1,0,0,-999.0,-999.0,-999.0,-999.0,0,-999.0,-999.0,-999.0,-999.0,-999.0,0,-999.0,-999.0,-999.0,0,0,-999.0,-999.0,-999.0,-999.0,0,-999.0,-999.0,-999.0,-999.0,-999.0,0,-999.0,-999.0,-999.0,0,0,0.7625730037689209,21.61680030822754,0.3657290041446686,-999.0,1,21.61680030822754,21.61680030822754,-999.0,-999.0,-999.0,0,25.512800216674805,0.3657290041446686,-999.0,1,4120,-999.0,-999.0,-999.0,-999.0,0,-999.0,-999.0,-999.0,-999.0,-999.0,0,-999.0,-999.0,-999.0,0,0,-999.0,-999.0,-999.0,-999.0,0,-999.0,-999.0,-999.0,-999.0,-999.0,0,-999.0,-999.0,-999.0,0,0,0.008213793562324318
PSO J139.5865+35.9096,-999,-999,-999,151091395864522144,3578835000020994,214022515347969,0,16486948551018,15109,1,2038,90,0.616476785965708,3578835,49831,3,268513280,0,32,-999.0,-999.0,-999.0,-999.0,139.58646459,35.90961859,0.028119999915361404,0.028119999915361404,,,,,55249.24679398,-999.0,-0.6166787392089484,0.5250859981894974,0.586508335075471,130.7751240541845,19.222875274601037,188.04656779599674,44.30697598422845,-999,0,1,0,0,0,1,0,-999.0,-999.0,-999.0,-999.0,0,-999.0,-999.0,-999.0,-999.0,-999.0,0,-999.0,-999.0,-999.0,0,0,-999.0,-999.0,-999.0,-999.0,0,-999.0,-999.0,-999.0,-999.0,-999.0,0,-999.0,-999.0,-999.0,0,0,-999.0,-999.0,-999.0,-999.0,0,-999.0,-999.0,-999.0,-999.0,-999.0,0,-999.0,-999.0,-999.0,0,0,0.9981570243835449,18.382699966430664,0.02379000000655651,-999.0,1,18.382699966430664,18.382699966430664,18.178300857543945,0.04466399922966957,-999.0,1,18.282499313354492,0.02379000000655651,-999.0,1,24,-999.0,-999.0,-999.0,-999.0,0,-999.0,-999.0,-999.0,-999.0,-999.0,0,-999.0,-999.0,-999.0,0,0,0.007725389971065679
PSO J139.5866+35.9154,-999,-999,-999,151091395865519014,3578835000021031,214022515348006,0,16486948541022,15109,1,2038,90,0.358680247663222,3578835,49831,3,268959744,0,32,-999.0,-999.0,-999.0,-999.0,139.58657393,35.91535187,0.30928000807762146,0.30928000807762146,,,,,55248.27881944,-999.0,-0.6166350533634276,0.5250467709196546,0.5865893787909279,130.77326531658923,19.228334034090278,188.0385914543054,44.30752202729627,-999,0,1,0,0,1,0,0,-999.0,-999.0,-999.0,-999.0,0,-999.0,-999.0,-999.0,-999.0,-999.0,0,-999.0,-999.0,-999.0,0,0,-999.0,-999.0,-999.0,-999.0,0,-999.0,-999.0,-999.0,-999.0,-999.0,0,-999.0,-999.0,-999.0,0,0,0.6315339803695679,21.762100219726562,0.3089120090007782,-999.0,1,21.762100219726562,21.762100219726562,-999.0,-999.0,-999.0,1,-999.0,-999.0,-999.0,0,4120,-999.0,-999.0,-999.0,-999.0,0,-999.0,-999.0,-999.0,-999.0,-999.0,0,-999.0,-999.0,-999.0,0,0,-999.0,-999.0,-999.0,-999.0,0,-999.0,-999.0,-999.0,-999.0,-999.0,0,-999.0,-999.0,-999.0,0,0,0.008844712096182558
PSO J139.5872+35.9159,-999,-999,-999,151091395871289733,3578835000021183,214022515348158,0,16486947430790,15109,1,2038,90,0.0285706836996327,3578835,49831,3,268959744,0,32,-999.0,-999.0,-999.0,-999.0,139.58715776,35.91593726,0.25644001364707947,0.25644001364707947,,,,,55249.29138889,-999.0,-0.616635840237009,0.5250366021863994,0.586597653336389,130.7735407639993,19.229040157783793,188.03782873900596,44.30804005987422,-999,0,1,0,0,1,0,0,-999.0,-999.0,-999.0,-999.0,0,-999.0,-999.0,-999.0,-999.0,-999.0,0,-999.0,-999.0,-999.0,0,0,-999.0,-999.0,-999.0,-999.0,0,-999.0,-999.0,-999.0,-999.0,-999.0,0,-999.0,-999.0,-999.0,0,0,0.76835697889328,21.181900024414062,0.25600001215934753,-999.0,1,21.181900024414062,21.181900024414062,-999.0,-999.0,-999.0,0,21.10300064086914,0.25600001215934753,-999.0,1,4120,-999.0,-999.0,-999.0,-999.0,0,-999.0,-999.0,-999.0,-999.0,-999.0,0,-999.0,-999.0,-999.0,0,0,-999.0,-999.0,-999.0,-999.0,0,-999.0,-999.0,-999.0,-999.0,-999.0,0,-999.0,-999.0,-999.0,0,0,0.00877721535361525
PSO J139.5874+35.9145,-999,-999,-999,151091395872998062,3578835000021221,214022515348196,0,16486948540965,15109,1,2038,90,0.502596946901266,3578835,49831,3,277348352,0,33,-999.0,-999.0,-999.0,-999.0,139.58737858,35.91448948,0.22223000228405,0.22223000228405,,,,,55903.57219907,-999.0,-0.6166491492995106,0.5250438346951901,0.5865771887115624,130.77421198756036,19.22772624170548,188.03986541482166,44.308102808402666,-999,0,1,0,0,0,0,1,-999.0,-999.0,-999.0,-999.0,0,-999.0,-999.0,-999.0,-999.0,-999.0,0,-999.0,-999.0,-999.0,0,0,-999.0,-999.0,-999.0,-999.0,0,-999.0,-999.0,-999.0,-999.0,-999.0,0,-999.0,-999.0,-999.0,0,0,-999.0,-999.0,-999.0,-999.0,0,-999.0,-999.0,-999.0,-999.0,-999.0,0,-999.0,-999.0,-999.0,0,0,-999.0,-999.0,-999.0,-999.0,0,-999.0,-999.0,-999.0,-999.0,-999.0,0,-999.0,-999.0,-999.0,0,0,0.8210750222206116,20.198400497436523,0.2217240035533905,-999.0,1,20.198400497436523,20.198400497436523,-999.0,-999.0,-999.0,0,19.57900047302246,0.2217240035533905,-999.0,1,16781336,0.00784957659000187
PSO J139.5878+35.9091,-999,-999,-999,151091395878061466,3578835000021361,214022515348336,0,16486948551661,15109,1,2038,90,0.368064643226624,3578835,49831,3,276901888,0,33,-999.0,-999.0,-999.0,-999.0,139.58781919,35.90905407,0.036479998379945755,0.036479998379945755,,,,,55249.24679398,-999.0,-0.6166955531232157,0.5250751645889851,0.5865003548932439,130.77641635900116,19.22269249062552,188.04747663897362,44.308024529568534,-999,0,1,0,0,0,1,0,-999.0,-999.0,-999.0,-999.0,0,-999.0,-999.0,-999.0,-999.0,-999.0,0,-999.0,-999.0,-999.0,0,0,-999.0,-999.0,-999.0,-999.0,0,-999.0,-999.0,-999.0,-999.0,-999.0,0,-999.0,-999.0,-999.0,0,0,-999.0,-999.0,-999.0,-999.0,0,-999.0,-999.0,-999.0,-999.0,-999.0,0,-999.0,-999.0,-999.0,0,0,0.9920639991760254,18.779199600219727,0.033254001289606094,-999.0,1,18.779199600219727,18.779199600219727,18.680700302124023,0.05962799862027168,-999.0,1,18.56839942932129,0.033254001289606094,-999.0,1,16777240,-999.0,-999.0,-999.0,-999.0,0,-999.0,-999.0,-999.0,-999.0,-999.0,0,-999.0,-999.0,-999.0,0,0,0.006761128445237186
PSO J139.5885+35.9083,-999,-999,-999,151091395885010548,3578835000021542,214022515348517,0,16486948551286,15109,1,2038,90,0.515390564236222,3578835,49831,3,276901888,0,33,-999.0,-999.0,-999.0,-999.0,139.5885315,35.90829075,0.019009999930858612,0.019009999930858612,,,,,56042.24768519,-999.0,-0.6167080301937562,0.5250725630008227,0.5864895643387733,130.77725437060795,19.222154555891734,188.0486043401358,44.30853863833418,-999,0,1,0,0,0,1,0,-999.0,-999.0,-999.0,-999.0,0,-999.0,-999.0,-999.0,-999.0,-999.0,0,-999.0,-999.0,-999.0,0,0,-999.0,-999.0,-999.0,-999.0,0,-999.0,-999.0,-999.0,-999.0,-999.0,0,-999.0,-999.0,-999.0,0,0,-999.0,-999.0,-999.0,-999.0,0,-999.0,-999.0,-999.0,-999.0,-999.0,0,-999.0,-999.0,-999.0,0,0,0.9977570176124573,17.80579948425293,0.01168499980121851,-999.0,1,17.80579948425293,17.80579948425293,17.77440071105957,0.016596000641584396,-999.0,1,17.617300033569336,0.01168499980121851,-999.0,1,16777240,-999.0,-999.0,-999.0,-999.0,0,-999.0,-999.0,-999.0,-999.0,-999.0,0,-999.0,-999.0,-999.0,0,0,0.0064549063167722584
PSO J139.5885+35.9088,-999,-999,-999,151091395885041106,3578835000021543,214022515348518,0,16486948551524,15109,1,2038,90,0.57914810588504,3578835,49831,3,268513280,0,32,-999.0,-999.0,-999.0,-999.0,139.58851732,35.90875363,0.02896999940276146,0.02896999940276146,,,,,55249.24679398,-999.0,-0.6167042925800966,0.5250696440182578,0.5864961077823302,130.77708561330067,19.222589294646742,188.0479582733435,44.308564170832106,-999,0,1,0,0,0,1,0,-999.0,-999.0,-999.0,-999.0,0,-999.0,-999.0,-999.0,-999.0,-999.0,0,-999.0,-999.0,-999.0,0,0,-999.0,-999.0,-999.0,-999.0,0,-999.0,-999.0,-999.0,-999.0,-999.0,0,-999.0,-999.0,-999.0,0,0,-999.0,-999.0,-999.0,-999.0,0,-999.0,-999.0,-999.0,-999.0,-999.0,0,-999.0,-999.0,-999.0,0,0,0.9986240267753601,18.427900314331055,0.024778999388217926,-999.0,1,18.427900314331055,18.427900314331055,18.536100387573242,0.05196300148963928,-999.0,1,18.40530014038086,0.024778999388217926,-999.0,1,24,-999.0,-999.0,-999.0,-999.0,0,-999.0,-999.0,-999.0,-999.0,-999.0,0,-999.0,-999.0,-999.0,0,0,0.006303999339359387
PSO J139.5890+35.9148,-999,-999,-999,151091395889008444,3578835000021647,214022515348622,0,16486947434027,15109,1,2038,90,0.456508004531737,3578835,49831,3,277348352,0,33,-999.0,-999.0,-999.0,-999.0,139.58897933,35.91480879,0.20909999310970306,0.20909999310970306,,,,,55903.57219907,-999.0,-0.6166613288499514,0.5250244871340073,0.5865817022467414,130.77540399035135,19.22844452741906,188.03956517684992,44.30942058740171,-999,0,1,0,0,0,0,1,-999.0,-999.0,-999.0,-999.0,0,-999.0,-999.0,-999.0,-999.0,-999.0,0,-999.0,-999.0,-999.0,0,0,-999.0,-999.0,-999.0,-999.0,0,-999.0,-999.0,-999.0,-999.0,-999.0,0,-999.0,-999.0,-999.0,0,0,-999.0,-999.0,-999.0,-999.0,0,-999.0,-999.0,-999.0,-999.0,-999.0,0,-999.0,-999.0,-999.0,0,0,-999.0,-999.0,-999.0,-999.0,0,-999.0,-999.0,-999.0,-999.0,-999.0,0,-999.0,-999.0,-999.0,0,0,0.8108119964599609,20.119300842285156,0.20855799317359924,-999.0,1,20.119300842285156,20.119300842285156,-999.0,-999.0,-999.0,0,19.539199829101562,0.20855799317359924,-999.0,1,16781336,0.006920347488675931
PSO J139.5893+35.9084,-999,-999,-999,151091395893970656,3578835000021790,214022515348765,0,16486948537741,15109,1,2038,90,0.598197271673192,3578835,49831,3,268513280,0,32,-999.0,-999.0,-999.0,-999.0,139.58926236,35.90843006,0.01933000050485134,0.01933000050485134,,,,,55250.11561343,60.22169876098633,-0.6167136421404266,0.5250637718589652,0.5864915336806885,130.77780083913004,19.222476380768295,188.04847637325776,44.309139840427946,-999,0,2,0,0,1,1,0,-999.0,-999.0,-999.0,-999.0,0,-999.0,-999.0,-999.0,-999.0,-999.0,0,-999.0,-999.0,-999.0,0,0,-999.0,-999.0,-999.0,-999.0,0,-999.0,-999.0,-999.0,-999.0,-999.0,0,-999.0,-999.0,-999.0,0,0,0.9993709921836853,17.98150062561035,0.014998000115156174,-999.0,1,17.98150062561035,17.98150062561035,18.88520050048828,0.0464400015771389,-999.0,1,18.81879997253418,0.014998000115156174,-999.0,1,16,0.9980670213699341,19.108699798583984,0.04454899951815605,-999.0,1,19.108699798583984,19.108699798583984,18.69059944152832,0.06846500188112259,-999.0,1,18.71030044555664,0.04454899951815605,-999.0,1,16777240,-999.0,-999.0,-999.0,-999.0,0,-999.0,-999.0,-999.0,-999.0,-999.0,0,-999.0,-999.0,-999.0,0,0,0.005855315141658439
PSO J139.5896+35.9113,-999,-999,-999,151091395896154114,3578835000021855,214022515348830,0,16486948542703,15109,1,2038,90,0.615908241473053,3578835,49831,3,302067712,0,36,-999.0,-999.0,-999.0,-999.0,139.58964709,35.91126109,0.1901399940252304,0.1901399940252304,,,,,56303.54353009,-999.0,-0.6166951018404165,0.5250408442319778,0.5865315535026315,130.77715170215254,19.225257771520788,188.04456750308438,44.30967654615476,-999,0,1,0,1,0,0,0,-999.0,-999.0,-999.0,-999.0,0,-999.0,-999.0,-999.0,-999.0,-999.0,0,-999.0,-999.0,-999.0,0,0,0.9980999827384949,22.091400146484375,0.1895419955253601,-999.0,1,22.091400146484375,22.091400146484375,-999.0,-999.0,-999.0,1,21.952600479125977,0.1895419955253601,-999.0,1,280,-999.0,-999.0,-999.0,-999.0,0,-999.0,-999.0,-999.0,-999.0,-999.0,0,-999.0,-999.0,-999.0,0,0,-999.0,-999.0,-999.0,-999.0,0,-999.0,-999.0,-999.0,-999.0,-999.0,0,-999.0,-999.0,-999.0,0,0,-999.0,-999.0,-999.0,-999.0,0,-999.0,-999.0,-999.0,-999.0,-999.0,0,-999.0,-999.0,-999.0,0,0,0.0050901368394560284
PSO J139.5899+35.9146,-999,-999,-999,151091395898408070,3578835000021905,214022515348880,0,16486947434091,15109,1,2038,90,0.435591300423808,3578835,49831,3,268513280,0,32,-999.0,-999.0,-999.0,-999.0,139.58986915,35.91455255,0.01844000071287155,0.01844000071287155,,,,,55248.27152778,-999.0,-0.616671480016375,0.5250166107220618,0.586578080224903,130.77621394531104,19.228432992975137,188.04000247325484,44.31011850479642,-999,0,1,0,0,0,1,0,-999.0,-999.0,-999.0,-999.0,0,-999.0,-999.0,-999.0,-999.0,-999.0,0,-999.0,-999.0,-999.0,0,0,-999.0,-999.0,-999.0,-999.0,0,-999.0,-999.0,-999.0,-999.0,-999.0,0,-999.0,-999.0,-999.0,0,0,-999.0,-999.0,-999.0,-999.0,0,-999.0,-999.0,-999.0,-999.0,-999.0,0,-999.0,-999.0,-999.0,0,0,0.9987019896507263,17.884700775146484,0.010723999701440334,-999.0,1,17.884700775146484,17.884700775146484,18.80430030822754,0.035103000700473785,-999.0,1,18.759300231933594,0.010723999701440334,-999.0,1,24,-999.0,-999.0,-999.0,-999.0,0,-999.0,-999.0,-999.0,-999.0,-999.0,0,-999.0,-999.0,-999.0,0,0,0.006190098781542765
PSO J139.5905+35.9079,-999,-999,-999,151091395905200139,3578835000022045,214022515349020,0,16486948538353,15109,1,2038,90,0.0816354733720752,3578835,49831,3,268513280,0,32,-999.0,-999.0,-999.0,-999.0,139.59053433,35.90794752,0.02370999939739704,0.02370999939739704,,,,,55249.24679398,-999.0,-0.6167290594142957,0.5250532825601667,0.5864847122873297,130.77899817771558,19.2223497986428,188.0492635720449,44.310128241490034,-999,0,1,0,0,0,1,0,-999.0,-999.0,-999.0,-999.0,0,-999.0,-999.0,-999.0,-999.0,-999.0,0,-999.0,-999.0,-999.0,0,0,-999.0,-999.0,-999.0,-999.0,0,-999.0,-999.0,-999.0,-999.0,-999.0,0,-999.0,-999.0,-999.0,0,0,-999.0,-999.0,-999.0,-999.0,0,-999.0,-999.0,-999.0,-999.0,-999.0,0,-999.0,-999.0,-999.0,0,0,0.9987180233001709,18.068899154663086,0.018358999863266945,-999.0,1,18.068899154663086,18.068899154663086,17.99679946899414,0.037087999284267426,-999.0,1,18.04170036315918,0.018358999863266945,-999.0,1,24,-999.0,-999.0,-999.0,-999.0,0,-999.0,-999.0,-999.0,-999.0,-999.0,0,-999.0,-999.0,-999.0,0,0,0.005171147304033044
PSO J139.5907+35.9158,-999,-999,-999,151091395906889522,3578835000022097,214022515349072,0,16486947434454,15109,1,2038,90,0.373754899365599,3578835,49831,3,436285440,0,52,139.59049471,35.91589931,0.0010000000474974513,0.0010000000474974513,139.59071591,35.91576593,0.17475000023841858,0.17475000023841858,,,,,55250.29743056,-999.0,-0.6166697801905666,0.5249994442775303,0.5865952315762571,130.77648964430188,19.229802233385477,188.03838862481757,44.31089888405186,-999,2,1,0,0,1,0,0,-999.0,-999.0,-999.0,-999.0,0,-999.0,-999.0,-999.0,-999.0,-999.0,0,-999.0,-999.0,-999.0,0,16416,-999.0,-999.0,-999.0,-999.0,0,-999.0,-999.0,-999.0,-999.0,-999.0,0,-999.0,-999.0,-999.0,0,114720,0.998848021030426,20.88949966430664,0.17410199344158173,-999.0,1,20.88949966430664,20.88949966430664,20.741100311279297,0.2242870032787323,-999.0,1,21.290700912475586,0.17410199344158173,-999.0,1,114992,-999.0,-999.0,-999.0,-999.0,0,-999.0,-999.0,-999.0,-999.0,-999.0,0,-999.0,-999.0,-999.0,0,16416,-999.0,-999.0,-999.0,-999.0,0,-999.0,-999.0,-999.0,-999.0,-999.0,0,-999.0,-999.0,-999.0,0,16416,0.0065412542983627146
PSO J139.5914+35.9153,-999,-999,-999,151091395913589061,3578835000022258,214022515349233,0,16486947434413,15109,1,2038,90,0.846777823610956,3578835,49831,3,277348352,0,33,-999.0,-999.0,-999.0,-999.0,139.59143608,35.91532423,0.23635999858379364,0.23635999858379364,,,,,55903.57219907,-999.0,-0.6166798223579338,0.5249946244886107,0.5865889880952844,130.77722477942183,19.229570971534805,188.03906894580533,44.31144505335386,-999,0,1,0,0,0,0,1,-999.0,-999.0,-999.0,-999.0,0,-999.0,-999.0,-999.0,-999.0,-999.0,0,-999.0,-999.0,-999.0,0,0,-999.0,-999.0,-999.0,-999.0,0,-999.0,-999.0,-999.0,-999.0,-999.0,0,-999.0,-999.0,-999.0,0,0,-999.0,-999.0,-999.0,-999.0,0,-999.0,-999.0,-999.0,-999.0,-999.0,0,-999.0,-999.0,-999.0,0,0,-999.0,-999.0,-999.0,-999.0,0,-999.0,-999.0,-999.0,-999.0,-999.0,0,-999.0,-999.0,-999.0,0,0,0.746399998664856,20.166400909423828,0.23588299751281738,-999.0,1,20.166400909423828,20.166400909423828,-999.0,-999.0,-999.0,0,19.446199417114258,0.23588299751281738,-999.0,1,16781336,0.005830475710105575
PSO J139.5919+35.9095,-999,-999,-999,151091395919151939,3578835000022377,214022515349352,0,16486947424340,15109,1,2038,90,0.291513794373268,3578835,49831,3,268959744,0,32,-999.0,-999.0,-999.0,-999.0,139.59193363,35.90946347,0.35089999437332153,0.35089999437332153,,,,,56344.39150463,-999.0,-0.6167300663935684,0.525028161421839,0.5865061422697873,130.7796200604615,19.22414919037191,188.04727829122265,44.3113790596261,-999,0,1,0,1,0,0,0,-999.0,-999.0,-999.0,-999.0,0,-999.0,-999.0,-999.0,-999.0,-999.0,0,-999.0,-999.0,-999.0,0,0,0.5711169838905334,21.56399917602539,0.35058099031448364,-999.0,1,21.56399917602539,21.56399917602539,-999.0,-999.0,-999.0,0,21.38599967956543,0.35058099031448364,-999.0,1,4120,-999.0,-999.0,-999.0,-999.0,0,-999.0,-999.0,-999.0,-999.0,-999.0,0,-999.0,-999.0,-999.0,0,0,-999.0,-999.0,-999.0,-999.0,0,-999.0,-999.0,-999.0,-999.0,-999.0,0,-999.0,-999.0,-999.0,0,0,-999.0,-999.0,-999.0,-999.0,0,-999.0,-999.0,-999.0,-999.0,-999.0,0,-999.0,-999.0,-999.0,0,0,0.0034605504196859927
PSO J139.5920+35.9112,-999,-999,-999,151091395919354063,3578835000022387,214022515349362,0,16486947435771,15109,1,2038,90,0.213605001767729,3578835,49831,3,268959744,0,32,-999.0,-999.0,-999.0,-999.0,139.59195739,35.91123189,0.29589998722076416,0.29589998722076416,,,,,56344.37971065,-999.0,-0.6167164998253891,0.5250161709809072,0.5865311407348015,130.77903859603398,19.225830331982213,188.0448169228011,44.311539417175915,-999,0,1,0,1,0,0,0,-999.0,-999.0,-999.0,-999.0,0,-999.0,-999.0,-999.0,-999.0,-999.0,0,-999.0,-999.0,-999.0,0,0,0.750307023525238,21.88249969482422,0.295524001121521,-999.0,1,21.88249969482422,21.88249969482422,-999.0,-999.0,-999.0,0,22.640399932861328,0.295524001121521,-999.0,1,4120,-999.0,-999.0,-999.0,-999.0,0,-999.0,-999.0,-999.0,-999.0,-999.0,0,-999.0,-999.0,-999.0,0,0,-999.0,-999.0,-999.0,-999.0,0,-999.0,-999.0,-999.0,-999.0,-999.0,0,-999.0,-999.0,-999.0,0,0,-999.0,-999.0,-999.0,-999.0,0,-999.0,-999.0,-999.0,-999.0,-999.0,0,-999.0,-999.0,-999.0,0,0,0.003229390973638578
PSO J139.5925+35.9092,-999,-999,-999,151091395924311645,3578835000022514,214022515349489,0,16486947425199,15109,1,2038,90,0.671609743192428,3578835,49831,3,268513280,0,32,-999.0,-999.0,-999.0,-999.0,139.59245988,35.90920245,0.02239999920129776,0.02239999920129776,,,,,57033.59305556,-999.0,-0.6167369231800581,0.5250242288482492,0.586502452431954,130.7801362847735,19.224038688839908,188.04768947012695,44.31178309149602,-999,0,1,0,0,1,0,0,-999.0,-999.0,-999.0,-999.0,0,-999.0,-999.0,-999.0,-999.0,-999.0,0,-999.0,-999.0,-999.0,0,0,-999.0,-999.0,-999.0,-999.0,0,-999.0,-999.0,-999.0,-999.0,-999.0,0,-999.0,-999.0,-999.0,0,0,0.9972890019416809,18.803800582885742,0.016635999083518982,-999.0,1,18.803800582885742,18.803800582885742,18.945199966430664,0.025915000587701797,-999.0,1,18.792999267578125,0.016635999083518982,-999.0,1,24,-999.0,-999.0,-999.0,-999.0,0,-999.0,-999.0,-999.0,-999.0,-999.0,0,-999.0,-999.0,-999.0,0,0,-999.0,-999.0,-999.0,-999.0,0,-999.0,-999.0,-999.0,-999.0,-999.0,0,-999.0,-999.0,-999.0,0,0,0.003187211693051095
PSO J139.5926+35.9086,-999,-999,-999,151091395925330963,3578835000022543,214022515349518,0,16486947425176,15109,1,2038,90,0.347658950227926,3578835,49831,3,268959744,0,32,-999.0,-999.0,-999.0,-999.0,139.59255571,35.90864865,0.27063000202178955,0.27063000202178955,,,,,56344.37971065,-999.0,-0.6167421178997238,0.5250268719995039,0.5864946237494252,130.78040227786167,19.223539052021337,188.0484696116796,44.31181624023417,-999,0,1,0,1,0,0,0,-999.0,-999.0,-999.0,-999.0,0,-999.0,-999.0,-999.0,-999.0,-999.0,0,-999.0,-999.0,-999.0,0,0,0.7387970089912415,21.77440071105957,0.27021101117134094,-999.0,1,21.77440071105957,21.77440071105957,-999.0,-999.0,-999.0,0,21.95330047607422,0.27021101117134094,-999.0,1,4120,-999.0,-999.0,-999.0,-999.0,0,-999.0,-999.0,-999.0,-999.0,-999.0,0,-999.0,-999.0,-999.0,0,0,-999.0,-999.0,-999.0,-999.0,0,-999.0,-999.0,-999.0,-999.0,-999.0,0,-999.0,-999.0,-999.0,0,0,-999.0,-999.0,-999.0,-999.0,0,-999.0,-999.0,-999.0,-999.0,-999.0,0,-999.0,-999.0,-999.0,0,0,0.003428211022397847
PSO J139.5926+35.9147,-999,-999,-999,151091395925698218,3578835000022560,214022515349535,0,16486947433494,15109,1,2038,90,0.198379375225286,3578835,49831,3,268513280,0,32,-999.0,-999.0,-999.0,-999.0,139.59260252,35.91468198,0.020099999383091927,0.020099999383091927,,,,,55249.3515162,-999.0,-0.6166955169371185,0.5249863320716744,0.5865799097544935,130.77839060906427,19.22926570303007,188.04006894121025,44.31233550968483,-999,0,1,1,0,0,0,0,0.9984480142593384,18.880399703979492,0.013371000066399574,-999.0,1,18.880399703979492,18.880399703979492,19.600200653076172,0.0329120010137558,-999.0,1,19.529399871826172,0.013371000066399574,-999.0,1,24,-999.0,-999.0,-999.0,-999.0,0,-999.0,-999.0,-999.0,-999.0,-999.0,0,-999.0,-999.0,-999.0,0,0,-999.0,-999.0,-999.0,-999.0,0,-999.0,-999.0,-999.0,-999.0,-999.0,0,-999.0,-999.0,-999.0,0,0,-999.0,-999.0,-999.0,-999.0,0,-999.0,-999.0,-999.0,-999.0,-999.0,0,-999.0,-999.0,-999.0,0,0,-999.0,-999.0,-999.0,-999.0,0,-999.0,-999.0,-999.0,-999.0,-999.0,0,-999.0,-999.0,-999.0,0,0,0.00475320192095657
PSO J139.5928+35.9139,-999,-999,-999,151091395928087216,3578835000022626,214022515349601,0,16486947431740,15109,1,2038,90,0.742938800475503,3578835,49831,3,268959744,0,32,-999.0,-999.0,-999.0,-999.0,139.59282983,35.91385645,0.32923999428749084,0.32923999428749084,,,,,56344.35071759,-999.0,-0.6167040351597509,0.5249893638283994,0.5865682406035407,130.77885574572363,19.22854285689483,188.04123949961308,44.312453178211534,-999,0,1,0,0,1,0,0,-999.0,-999.0,-999.0,-999.0,0,-999.0,-999.0,-999.0,-999.0,-999.0,0,-999.0,-999.0,-999.0,0,0,-999.0,-999.0,-999.0,-999.0,0,-999.0,-999.0,-999.0,-999.0,-999.0,0,-999.0,-999.0,-999.0,0,0,0.6382279992103577,21.797300338745117,0.3288959860801697,-999.0,1,21.797300338745117,21.797300338745117,-999.0,-999.0,-999.0,0,-999.0,-999.0,-999.0,0,4120,-999.0,-999.0,-999.0,-999.0,0,-999.0,-999.0,-999.0,-999.0,-999.0,0,-999.0,-999.0,-999.0,0,0,-999.0,-999.0,-999.0,-999.0,0,-999.0,-999.0,-999.0,-999.0,-999.0,0,-999.0,-999.0,-999.0,0,0,0.003979083598649031
PSO J139.5932+35.9094,-999,-999,-999,151091395932271834,3578835000022735,214022515349710,0,16486947425252,15109,1,2038,90,0.780805305373674,3578835,49831,3,268959744,0,32,-999.0,-999.0,-999.0,-999.0,139.59324765,35.90937148,0.20658999681472778,0.20658999681472778,,,,,56344.36663194,-999.0,-0.6167428242458759,0.5250146275989698,0.5865048418797033,130.7807188844944,19.224403459177108,188.04752519277932,44.31243260170743,-999,0,1,0,0,1,0,0,-999.0,-999.0,-999.0,-999.0,0,-999.0,-999.0,-999.0,-999.0,-999.0,0,-999.0,-999.0,-999.0,0,0,-999.0,-999.0,-999.0,-999.0,0,-999.0,-999.0,-999.0,-999.0,-999.0,0,-999.0,-999.0,-999.0,0,0,0.7593460083007812,21.458999633789062,0.20604200661182404,-999.0,1,21.458999633789062,21.458999633789062,-999.0,-999.0,-999.0,0,20.947399139404297,0.20604200661182404,-999.0,1,4120,-999.0,-999.0,-999.0,-999.0,0,-999.0,-999.0,-999.0,-999.0,-999.0,0,-999.0,-999.0,-999.0,0,0,-999.0,-999.0,-999.0,-999.0,0,-999.0,-999.0,-999.0,-999.0,-999.0,0,-999.0,-999.0,-999.0,0,0,0.0025524999515842924
PSO J139.5936+35.9157,-999,-999,-999,151091395934899514,3578835000022804,214022515349779,0,16486947433154,15109,1,2038,90,0.347391173567056,3578835,49831,3,268959744,0,32,-999.0,-999.0,-999.0,-999.0,139.59356659,35.91570349,0.21793000400066376,0.21793000400066376,,,,,55903.57219907,-999.0,-0.6166963868949016,0.524969176365159,0.5865943489816965,130.77882677763037,19.23048369520365,188.038732884181,44.313195264288744,-999,0,1,0,0,0,0,1,-999.0,-999.0,-999.0,-999.0,0,-999.0,-999.0,-999.0,-999.0,-999.0,0,-999.0,-999.0,-999.0,0,0,-999.0,-999.0,-999.0,-999.0,0,-999.0,-999.0,-999.0,-999.0,-999.0,0,-999.0,-999.0,-999.0,0,0,-999.0,-999.0,-999.0,-999.0,0,-999.0,-999.0,-999.0,-999.0,-999.0,0,-999.0,-999.0,-999.0,0,0,-999.0,-999.0,-999.0,-999.0,0,-999.0,-999.0,-999.0,-999.0,-999.0,0,-999.0,-999.0,-999.0,0,0,0.8113200068473816,20.137100219726562,0.21740899980068207,-999.0,1,20.137100219726562,20.137100219726562,-999.0,-999.0,-999.0,0,19.760299682617188,0.21740899980068207,-999.0,1,4120,0.005301751698796276
PSO J139.5935+35.9155,-999,-999,-999,151091395935289180,3578835000022815,214022515349790,0,16486947433162,15109,1,2038,90,0.0536345774807358,3578835,49831,3,268959744,0,32,-999.0,-999.0,-999.0,-999.0,139.59352582,35.9154637,0.29061999917030334,0.29061999917030334,,,,,55651.25465278,-999.0,-0.6166978827110591,0.524971206510128,0.5865909595237532,130.77887512445187,19.230245986042306,188.03906325945584,44.31314323256016,-999,0,1,0,0,0,0,1,-999.0,-999.0,-999.0,-999.0,0,-999.0,-999.0,-999.0,-999.0,-999.0,0,-999.0,-999.0,-999.0,0,0,-999.0,-999.0,-999.0,-999.0,0,-999.0,-999.0,-999.0,-999.0,-999.0,0,-999.0,-999.0,-999.0,0,0,-999.0,-999.0,-999.0,-999.0,0,-999.0,-999.0,-999.0,-999.0,-999.0,0,-999.0,-999.0,-999.0,0,0,-999.0,-999.0,-999.0,-999.0,0,-999.0,-999.0,-999.0,-999.0,-999.0,0,-999.0,-999.0,-999.0,0,0,0.761148989200592,20.367300033569336,0.2902339994907379,-999.0,1,20.367300033569336,20.367300033569336,20.453899383544922,0.2933200001716614,-999.0,1,20.5762996673584,0.2902339994907379,-999.0,1,4120,0.005090813481064543
PSO J139.5936+35.9136,-999,-999,-999,151091395935526861,3578835000022820,214022515349795,0,16486947436084,15109,1,2038,90,0.880892219842311,3578835,49831,3,268959744,0,32,-999.0,-999.0,-999.0,-999.0,139.59357056,35.91356524,0.2125599980354309,0.2125599980354309,,,,,56344.39150463,-999.0,-0.6167130923949667,0.5249833233977139,0.5865641242208124,130.77955646687698,19.22845948349227,188.0417120581012,44.313027957285485,-999,0,1,0,1,0,0,0,-999.0,-999.0,-999.0,-999.0,0,-999.0,-999.0,-999.0,-999.0,-999.0,0,-999.0,-999.0,-999.0,0,0,0.5049430131912231,21.085899353027344,0.21202899515628815,-999.0,1,21.085899353027344,21.085899353027344,-999.0,-999.0,-999.0,0,21.604700088500977,0.21202899515628815,-999.0,1,4120,-999.0,-999.0,-999.0,-999.0,0,-999.0,-999.0,-999.0,-999.0,-999.0,0,-999.0,-999.0,-999.0,0,0,-999.0,-999.0,-999.0,-999.0,0,-999.0,-999.0,-999.0,-999.0,-999.0,0,-999.0,-999.0,-999.0,0,0,-999.0,-999.0,-999.0,-999.0,0,-999.0,-999.0,-999.0,-999.0,-999.0,0,-999.0,-999.0,-999.0,0,0,0.0033889582123849166
PSO J139.5938+35.9093,-999,-999,-999,151091395937801717,3578835000022874,214022515349849,0,16486947425043,15109,1,2038,90,0.783385674267435,3578835,49831,3,268959744,0,32,-999.0,-999.0,-999.0,-999.0,139.59381453,35.90928949,0.1136000007390976,0.1136000007390976,,,,,56232.45351852,-999.0,-0.6167486577586072,0.5250090695938547,0.5865036828504587,130.78120729941284,19.224473086423572,188.04769063939395,44.31288373289779,-999,0,2,0,0,1,1,0,-999.0,-999.0,-999.0,-999.0,0,-999.0,-999.0,-999.0,-999.0,-999.0,0,-999.0,-999.0,-999.0,0,0,-999.0,-999.0,-999.0,-999.0,0,-999.0,-999.0,-999.0,-999.0,-999.0,0,-999.0,-999.0,-999.0,0,0,0.8269190192222595,20.980600357055664,0.12313199788331985,-999.0,1,20.980600357055664,20.980600357055664,19.57830047607422,0.10608600080013275,-999.0,1,20.420799255371094,0.12313199788331985,-999.0,1,16781336,0.8026940226554871,21.561899185180664,0.28254199028015137,-999.0,1,21.561899185180664,21.561899185180664,21.140499114990234,0.23016099631786346,-999.0,1,21.085100173950195,0.28254199028015137,-999.0,1,4120,-999.0,-999.0,-999.0,-999.0,0,-999.0,-999.0,-999.0,-999.0,-999.0,0,-999.0,-999.0,-999.0,0,0,0.002232971259082834
PSO J139.5939+35.9146,-999,-999,-999,151091395938938057,3578835000022906,214022515349881,0,16486947434791,15109,1,2038,90,0.950322549743878,3578835,49831,3,268959744,0,32,-999.0,-999.0,-999.0,-999.0,139.59391556,35.91456043,0.17089000344276428,0.17089000344276428,,,,,56344.37971065,-999.0,-0.6167084953895042,0.5249730058210301,0.5865781916110132,130.77949863996457,19.22949171140896,188.04035679151568,44.313385850197996,-999,0,1,0,1,0,0,0,-999.0,-999.0,-999.0,-999.0,0,-999.0,-999.0,-999.0,-999.0,-999.0,0,-999.0,-999.0,-999.0,0,0,0.6244170069694519,21.28580093383789,0.17023099958896637,-999.0,1,21.28580093383789,21.28580093383789,-999.0,-999.0,-999.0,0,22.149700164794922,0.17023099958896637,-999.0,1,4120,-999.0,-999.0,-999.0,-999.0,0,-999.0,-999.0,-999.0,-999.0,-999.0,0,-999.0,-999.0,-999.0,0,0,-999.0,-999.0,-999.0,-999.0,0,-999.0,-999.0,-999.0,-999.0,-999.0,0,-999.0,-999.0,-999.0,0,0,-999.0,-999.0,-999.0,-999.0,0,-999.0,-999.0,-999.0,-999.0,-999.0,0,-999.0,-999.0,-999.0,0,0,0.004135521644437802
PSO J139.5939+35.9109,-999,-999,-999,151091395939163652,3578835000022912,214022515349887,0,16486947435948,15109,1,2038,90,0.245843075444776,3578835,49831,3,302067712,0,36,-999.0,-999.0,-999.0,-999.0,139.59389451,35.91090642,0.03516000136733055,0.03516000136733055,,,,,55250.29357639,-999.0,-0.6167367868647746,0.5249974797076444,0.5865265399181311,130.78072295749828,19.22602534524415,188.0454453239935,44.31307736509546,-999,0,1,0,0,1,0,0,-999.0,-999.0,-999.0,-999.0,0,-999.0,-999.0,-999.0,-999.0,-999.0,0,-999.0,-999.0,-999.0,0,0,-999.0,-999.0,-999.0,-999.0,0,-999.0,-999.0,-999.0,-999.0,-999.0,0,-999.0,-999.0,-999.0,0,0,0.9996650218963623,18.854999542236328,0.03180000185966492,-999.0,1,18.854999542236328,18.854999542236328,18.858200073242188,0.06203300133347511,-999.0,1,18.825899124145508,0.03180000185966492,-999.0,1,272,-999.0,-999.0,-999.0,-999.0,0,-999.0,-999.0,-999.0,-999.0,-999.0,0,-999.0,-999.0,-999.0,0,0,-999.0,-999.0,-999.0,-999.0,0,-999.0,-999.0,-999.0,-999.0,-999.0,0,-999.0,-999.0,-999.0,0,0,0.0016318223377371425
PSO J139.5939+35.9118,-999,-999,-999,151091395939184703,3578835000022914,214022515349889,0,16486947436350,15109,1,2038,90,0.67719986073412,3578835,49831,3,268959744,0,32,-999.0,-999.0,-999.0,-999.0,139.59393375,35.91175401,0.16220000386238098,0.16220000386238098,,,,,55249.29931713,-999.0,-0.61673053936332,0.5249914330739724,0.5865385213398734,130.78046688053774,19.226838336300485,188.0442680876093,44.31317667997255,-999,0,1,0,0,1,0,0,-999.0,-999.0,-999.0,-999.0,0,-999.0,-999.0,-999.0,-999.0,-999.0,0,-999.0,-999.0,-999.0,0,0,-999.0,-999.0,-999.0,-999.0,0,-999.0,-999.0,-999.0,-999.0,-999.0,0,-999.0,-999.0,-999.0,0,0,0.7798299789428711,20.678800582885742,0.16150400042533875,-999.0,1,20.678800582885742,20.678800582885742,18.536800384521484,0.07547900080680847,-999.0,1,20.608299255371094,0.16150400042533875,-999.0,1,4120,-999.0,-999.0,-999.0,-999.0,0,-999.0,-999.0,-999.0,-999.0,-999.0,0,-999.0,-999.0,-999.0,0,0,-999.0,-999.0,-999.0,-999.0,0,-999.0,-999.0,-999.0,-999.0,-999.0,0,-999.0,-999.0,-999.0,0,0,0.00188259114333158
PSO J139.5940+35.9087,-999,-999,-999,151091395939420999,3578835000022916,214022515349891,0,16486947425034,15109,1,2038,90,0.654209951548101,3578835,49831,3,310456320,0,37,-999.0,-999.0,-999.0,-999.0,139.59397543,35.90866055,0.15519000589847565,0.15519000589847565,,,,,56795.24583333,-999.0,-0.6167550344843308,0.525011510757618,0.5864947919719624,130.7815516904783,19.22391918884382,188.04858135279946,44.312963425410445,-999,0,1,0,0,0,0,1,-999.0,-999.0,-999.0,-999.0,0,-999.0,-999.0,-999.0,-999.0,-999.0,0,-999.0,-999.0,-999.0,0,0,-999.0,-999.0,-999.0,-999.0,0,-999.0,-999.0,-999.0,-999.0,-999.0,0,-999.0,-999.0,-999.0,0,0,-999.0,-999.0,-999.0,-999.0,0,-999.0,-999.0,-999.0,-999.0,-999.0,0,-999.0,-999.0,-999.0,0,0,-999.0,-999.0,-999.0,-999.0,0,-999.0,-999.0,-999.0,-999.0,-999.0,0,-999.0,-999.0,-999.0,0,0,0.9976999759674072,20.260700225830078,0.1544640064239502,-999.0,1,20.260700225830078,20.260700225830078,18.563400268554688,0.09472399950027466,-999.0,1,18.879899978637695,0.1544640064239502,-999.0,1,16777496,0.0026068428457158557
PSO J139.5943+35.9128,-999,-999,-999,151091395942495930,3578835000022993,214022515349968,0,16486947438183,15109,1,2038,90,0.0433031106770999,3578835,49831,3,268959744,0,32,-999.0,-999.0,-999.0,-999.0,139.59427195,35.91278751,0.24748000502586365,0.24748000502586365,,,,,56344.37971065,-999.0,-0.6167255817550327,0.5249809347080747,0.5865531305874624,130.78039052217179,19.22790508493195,188.04285884776576,44.31353217197908,-999,0,1,0,1,0,0,0,-999.0,-999.0,-999.0,-999.0,0,-999.0,-999.0,-999.0,-999.0,-999.0,0,-999.0,-999.0,-999.0,0,0,0.4835450053215027,21.538400650024414,0.24702900648117065,-999.0,1,21.538400650024414,21.538400650024414,-999.0,-999.0,-999.0,0,22.058300018310547,0.24702900648117065,-999.0,1,4120,-999.0,-999.0,-999.0,-999.0,0,-999.0,-999.0,-999.0,-999.0,-999.0,0,-999.0,-999.0,-999.0,0,0,-999.0,-999.0,-999.0,-999.0,0,-999.0,-999.0,-999.0,-999.0,-999.0,0,-999.0,-999.0,-999.0,0,0,-999.0,-999.0,-999.0,-999.0,0,-999.0,-999.0,-999.0,-999.0,-999.0,0,-999.0,-999.0,-999.0,0,0,0.0024269594827379675
PSO J139.5943+35.9124,-999,-999,-999,151091395942585521,3578835000022999,214022515349974,0,16486947436165,15109,1,2038,90,0.31564929179442,3578835,49831,3,268959744,0,32,-999.0,-999.0,-999.0,-999.0,139.59427464,35.91243596,0.21626999974250793,0.21626999974250793,,,,,55249.34458333,-999.0,-0.6167283468709818,0.5249832385468897,0.5865481612029873,130.78051214438128,19.22757281330021,188.0433488404781,44.31350630000904,-999,0,1,1,0,0,0,0,0.8064619898796082,21.875900268554688,0.2157520055770874,-999.0,1,21.875900268554688,21.875900268554688,-999.0,-999.0,-999.0,0,21.804399490356445,0.2157520055770874,-999.0,1,4120,-999.0,-999.0,-999.0,-999.0,0,-999.0,-999.0,-999.0,-999.0,-999.0,0,-999.0,-999.0,-999.0,0,0,-999.0,-999.0,-999.0,-999.0,0,-999.0,-999.0,-999.0,-999.0,-999.0,0,-999.0,-999.0,-999.0,0,0,-999.0,-999.0,-999.0,-999.0,0,-999.0,-999.0,-999.0,-999.0,-999.0,0,-999.0,-999.0,-999.0,0,0,-999.0,-999.0,-999.0,-999.0,0,-999.0,-999.0,-999.0,-999.0,-999.0,0,-999.0,-999.0,-999.0,0,0,0.0021390215748223218
PSO J139.5945+35.9141,-999,-999,-999,151091395944747494,3578835000023057,214022515350032,0,16486947434770,15109,1,2038,90,0.0893068090912949,3578835,49831,3,268959744,0,32,-999.0,-999.0,-999.0,-999.0,139.5944869,35.91408088,0.25718000531196594,0.25718000531196594,,,,,55249.31701389,-999.0,-0.6167174687096038,0.5249700384086154,0.5865714130109615,130.78012573364896,19.229185945812368,188.0410764318791,44.31380886116887,-999,0,1,0,1,0,0,0,-999.0,-999.0,-999.0,-999.0,0,-999.0,-999.0,-999.0,-999.0,-999.0,0,-999.0,-999.0,-999.0,0,0,0.7887459993362427,21.858600616455078,0.25673800706863403,-999.0,1,21.858600616455078,21.858600616455078,-999.0,-999.0,-999.0,0,23.2106990814209,0.25673800706863403,-999.0,1,4120,-999.0,-999.0,-999.0,-999.0,0,-999.0,-999.0,-999.0,-999.0,-999.0,0,-999.0,-999.0,-999.0,0,0,-999.0,-999.0,-999.0,-999.0,0,-999.0,-999.0,-999.0,-999.0,-999.0,0,-999.0,-999.0,-999.0,0,0,-999.0,-999.0,-999.0,-999.0,0,-999.0,-999.0,-999.0,-999.0,-999.0,0,-999.0,-999.0,-999.0,0,0,0.00352201924189106
PSO J139.5948+35.9112,-999,-999,-999,151091395947374015,3578835000023117,214022515350092,0,16486947436007,15109,1,2038,90,0.733486897063895,3578835,49831,3,302067712,0,36,-999.0,-999.0,-999.0,-999.0,139.5947632,35.91117539,0.21719999611377716,0.21719999611377716,,,,,56408.27100694,-999.0,-0.6167426498823482,0.5249863442630937,0.5865303420568894,130.78133733488204,19.226505800007104,188.04514908369717,44.31380016152376,-999,0,1,0,0,0,0,1,-999.0,-999.0,-999.0,-999.0,0,-999.0,-999.0,-999.0,-999.0,-999.0,0,-999.0,-999.0,-999.0,0,0,-999.0,-999.0,-999.0,-999.0,0,-999.0,-999.0,-999.0,-999.0,-999.0,0,-999.0,-999.0,-999.0,0,0,-999.0,-999.0,-999.0,-999.0,0,-999.0,-999.0,-999.0,-999.0,-999.0,0,-999.0,-999.0,-999.0,0,0,-999.0,-999.0,-999.0,-999.0,0,-999.0,-999.0,-999.0,-999.0,-999.0,0,-999.0,-999.0,-999.0,0,0,0.9717680215835571,19.52519989013672,0.21668300032615662,-999.0,1,19.52519989013672,19.52519989013672,-999.0,-999.0,-999.0,0,19.04560089111328,0.21668300032615662,-999.0,1,280,0.001014246663209425
PSO J139.5950+35.9096,-999,-999,-999,151091395949722093,3578835000023161,214022515350136,0,16486947424977,15109,1,2038,90,0.156946999167043,3578835,49831,3,277348352,0,33,-999.0,-999.0,-999.0,-999.0,139.59498073,35.90958254,0.11032000184059143,0.11032000184059143,,,,,55901.64604167,-999.0,-0.616757059393672,0.524994571738551,0.5865078254662303,130.78205521744292,19.225053650401907,188.04738776410986,44.313848669183145,-999,0,1,0,0,0,1,0,-999.0,-999.0,-999.0,-999.0,0,-999.0,-999.0,-999.0,-999.0,-999.0,0,-999.0,-999.0,-999.0,0,0,-999.0,-999.0,-999.0,-999.0,0,-999.0,-999.0,-999.0,-999.0,-999.0,0,-999.0,-999.0,-999.0,0,0,-999.0,-999.0,-999.0,-999.0,0,-999.0,-999.0,-999.0,-999.0,-999.0,0,-999.0,-999.0,-999.0,0,0,0.8186140060424805,20.578100204467773,0.10930000245571136,-999.0,1,20.578100204467773,20.578100204467773,19.343399047851562,0.06038200110197067,-999.0,1,19.748699188232422,0.10930000245571136,-999.0,1,16781336,-999.0,-999.0,-999.0,-999.0,0,-999.0,-999.0,-999.0,-999.0,-999.0,0,-999.0,-999.0,-999.0,0,0,0.0013846730751270872
PSO J139.5950+35.9157,-999,-999,-999,151091395950239481,3578835000023182,214022515350157,0,16486947435395,15109,1,2038,90,0.459829090591361,3578835,49831,3,268959744,0,32,-999.0,-999.0,-999.0,-999.0,139.59503941,35.91573632,0.2237199991941452,0.2237199991941452,,,,,55249.32226852,-999.0,-0.6167096253722689,0.5249531058026178,0.5865948130365468,130.78001215590731,19.23089743991556,188.0388200420304,44.31438689376091,-999,0,1,0,1,0,0,0,-999.0,-999.0,-999.0,-999.0,0,-999.0,-999.0,-999.0,-999.0,-999.0,0,-999.0,-999.0,-999.0,0,0,0.8146049976348877,21.787900924682617,0.22321699559688568,-999.0,1,21.787900924682617,21.787900924682617,-999.0,-999.0,-999.0,1,22.08769989013672,0.22321699559688568,-999.0,1,4120,-999.0,-999.0,-999.0,-999.0,0,-999.0,-999.0,-999.0,-999.0,-999.0,0,-999.0,-999.0,-999.0,0,0,-999.0,-999.0,-999.0,-999.0,0,-999.0,-999.0,-999.0,-999.0,-999.0,0,-999.0,-999.0,-999.0,0,0,-999.0,-999.0,-999.0,-999.0,0,-999.0,-999.0,-999.0,-999.0,-999.0,0,-999.0,-999.0,-999.0,0,0,0.005034798116102356
PSO J139.5956+35.9117,-999,-999,-999,151091395955664619,3578835000023310,214022515350285,0,16486947437764,15109,1,2038,90,0.101742100065334,3578835,49831,3,302067712,0,36,-999.0,-999.0,-999.0,-999.0,139.59558295,35.91166807,0.2210800051689148,0.2210800051689148,,,,,56408.28144676,-999.0,-0.6167463203795751,0.5249742511507803,0.5865373065090845,130.78183594351023,19.227185427999107,188.04453674836608,44.31450128858034,-999,0,1,0,0,0,0,1,-999.0,-999.0,-999.0,-999.0,0,-999.0,-999.0,-999.0,-999.0,-999.0,0,-999.0,-999.0,-999.0,0,0,-999.0,-999.0,-999.0,-999.0,0,-999.0,-999.0,-999.0,-999.0,-999.0,0,-999.0,-999.0,-999.0,0,0,-999.0,-999.0,-999.0,-999.0,0,-999.0,-999.0,-999.0,-999.0,-999.0,0,-999.0,-999.0,-999.0,0,0,-999.0,-999.0,-999.0,-999.0,0,-999.0,-999.0,-999.0,-999.0,-999.0,0,-999.0,-999.0,-999.0,0,0,0.9727789759635925,19.708599090576172,0.22057299315929413,-999.0,1,19.708599090576172,19.708599090576172,-999.0,-999.0,-999.0,0,-999.0,-999.0,-999.0,0,280,0.0009533059614634217
PSO J139.5957+35.9134,-999,-999,-999,151091395957006632,3578835000023345,214022515350320,0,16486947438363,15109,1,2038,90,0.800618397817592,3578835,49831,3,268959744,0,32,-999.0,-999.0,-999.0,-999.0,139.59570033,35.91335684,-999.0,-999.0,,,,,-999.0,-999.0,-0.6167342310122719,0.5249617817607224,0.5865611783849228,130.78135754448164,19.228815439785567,188.04219464788102,44.31473075096275,-999,0,1,0,0,0,0,1,-999.0,-999.0,-999.0,-999.0,0,-999.0,-999.0,-999.0,-999.0,-999.0,0,-999.0,-999.0,-999.0,0,0,-999.0,-999.0,-999.0,-999.0,0,-999.0,-999.0,-999.0,-999.0,-999.0,0,-999.0,-999.0,-999.0,0,0,-999.0,-999.0,-999.0,-999.0,0,-999.0,-999.0,-999.0,-999.0,-999.0,0,-999.0,-999.0,-999.0,0,0,-999.0,-999.0,-999.0,-999.0,0,-999.0,-999.0,-999.0,-999.0,-999.0,0,-999.0,-999.0,-999.0,0,0,-999.0,-999.0,-999.0,-999.0,0,-999.0,-999.0,-999.0,-999.0,-999.0,0,-999.0,-999.0,-999.0,0,24,0.0026118512540375047
PSO J139.5956+35.9096,-999,-999,-999,151091395957032066,3578835000023342,214022515350317,0,16486947425306,15109,1,2038,90,0.204509387914566,3578835,49831,3,268959744,0,32,-999.0,-999.0,-999.0,-999.0,139.59558115,35.90961859,0.051920000463724136,0.051920000463724136,,,,,55915.90144676,-999.0,-0.6167622799297416,0.5249878693292505,0.586508335075471,130.78253077895369,19.225243797913794,188.04739178739047,44.314336301254556,-999,0,2,0,1,0,1,0,-999.0,-999.0,-999.0,-999.0,0,-999.0,-999.0,-999.0,-999.0,-999.0,0,-999.0,-999.0,-999.0,0,0,0.8184890151023865,20.506200790405273,0.054639000445604324,-999.0,1,20.506200790405273,20.506200790405273,19.75309944152832,0.03883200138807297,-999.0,1,19.899900436401367,0.054639000445604324,-999.0,1,16781336,-999.0,-999.0,-999.0,-999.0,0,-999.0,-999.0,-999.0,-999.0,-999.0,0,-999.0,-999.0,-999.0,0,0,0.8424130082130432,20.833999633789062,0.1288120001554489,-999.0,1,20.833999633789062,20.833999633789062,19.961299896240234,0.09171000123023987,-999.0,1,20.585899353027344,0.1288120001554489,-999.0,1,4120,-999.0,-999.0,-999.0,-999.0,0,-999.0,-999.0,-999.0,-999.0,-999.0,0,-999.0,-999.0,-999.0,0,0,0.0011605088955106994
PSO J139.5958+35.9102,-999,-999,-999,151091395957982925,3578835000023366,214022515350341,0,16486947425280,15109,1,2038,90,0.109515041214894,3578835,49831,3,277348352,0,33,-999.0,-999.0,-999.0,-999.0,139.59575921,35.91017971,0.019859999418258667,0.019859999418258667,,,,,56331.38888889,-999.0,-0.6167595374907476,0.5249822295055133,0.5865162671381073,130.7824848071845,19.22582152642397,188.0466261575302,44.31452483929766,-999,0,2,0,2,0,0,0,-999.0,-999.0,-999.0,-999.0,0,-999.0,-999.0,-999.0,-999.0,-999.0,0,-999.0,-999.0,-999.0,0,0,0.7428979873657227,18.854799270629883,3.999999989900971e-06,-999.0,1,18.851200103759766,18.851200103759766,-999.0,-999.0,-999.0,0,18.664400100708008,3.999999989900971e-06,-999.0,2,16781336,-999.0,-999.0,-999.0,-999.0,0,-999.0,-999.0,-999.0,-999.0,-999.0,0,-999.0,-999.0,-999.0,0,0,-999.0,-999.0,-999.0,-999.0,0,-999.0,-999.0,-999.0,-999.0,-999.0,0,-999.0,-999.0,-999.0,0,0,-999.0,-999.0,-999.0,-999.0,0,-999.0,-999.0,-999.0,-999.0,-999.0,0,-999.0,-999.0,-999.0,0,0,0.0005815786108493969
PSO J139.5958+35.9108,-999,-999,-999,151091395958013484,3578835000023368,214022515350343,0,16486947437628,15109,1,2038,90,0.723038175816683,3578835,49831,3,512024576,7,61,139.59581701,35.91074576,0.0010000000474974513,0.0010000000474974513,139.5958393997419,35.910753098408655,0.00033017452098835643,0.0003302542956707351,1.4633130854982899,0.6360212763763036,0.16893088183288235,0.16896358524030217,55889.34190839545,47.21344757080078,-0.6167558025845897,0.5249775617673041,0.5865243725703946,130.78235179518148,19.22638985356612,188.04582718155365,44.31463416562244,-999,5,164,34,32,45,20,33,0.9997400045394897,17.86949920654297,0.021131999790668488,0.10527999699115753,31,17.719900131225586,18.054500579833984,17.145599365234375,0.007646999787539244,0.03198400139808655,33,17.371200561523438,0.012331999838352203,0.06841599941253662,33,16892216,0.9994850158691406,17.45400047302246,0.018526000902056694,0.09337200224399567,28,17.31920051574707,17.613399505615234,16.502300262451172,0.004422000143676996,0.019215000793337822,32,16.961599349975586,0.022758999839425087,0.10943199694156647,32,16892216,0.9996479749679565,16.851499557495117,0.012436999939382076,0.07892999798059464,36,16.73550033569336,16.994199752807617,16.046100616455078,0.008264999836683273,0.06177299842238426,44,16.39430046081543,0.009065999649465084,0.056519001722335815,44,16892216,0.9996449947357178,16.858400344848633,0.016630999743938446,0.05623399838805199,11,16.794300079345703,16.96430015563965,15.895299911499023,0.010812999680638313,0.04486199840903282,20,16.35300064086914,0.01871900074183941,0.07445300370454788,20,16892216,0.9997230172157288,16.635099411010742,0.006819999776780605,0.05174899846315384,25,16.524200439453125,16.744199752807617,15.795100212097168,0.01387100014835596,0.07504100352525711,30,16.15530014038086,0.00829899962991476,0.05024600028991699,31,16892216,4.917976317746184e-05
PSO J139.5958+35.9161,-999,-999,-999,151091395958049881,3578835000023377,214022515350352,0,16486947434583,15109,1,2038,90,0.0908643511038873,3578835,49831,3,268959744,0,32,-999.0,-999.0,-999.0,-999.0,139.59581028,35.9160579,0.3184800148010254,0.3184800148010254,,,,,55651.26361111,-999.0,-0.6167141810544713,0.5249426743859978,0.5865993585870931,130.78052915562955,19.231402304383906,188.0384415782999,44.315034850525926,-999,0,1,0,0,0,0,1,-999.0,-999.0,-999.0,-999.0,0,-999.0,-999.0,-999.0,-999.0,-999.0,0,-999.0,-999.0,-999.0,0,0,-999.0,-999.0,-999.0,-999.0,0,-999.0,-999.0,-999.0,-999.0,-999.0,0,-999.0,-999.0,-999.0,0,0,-999.0,-999.0,-999.0,-999.0,0,-999.0,-999.0,-999.0,-999.0,-999.0,0,-999.0,-999.0,-999.0,0,0,-999.0,-999.0,-999.0,-999.0,0,-999.0,-999.0,-999.0,-999.0,-999.0,0,-999.0,-999.0,-999.0,0,0,0.22268100082874298,19.60300064086914,0.3181230127811432,-999.0,1,19.60300064086914,19.60300064086914,-999.0,-999.0,-999.0,0,20.628700256347656,0.3181230127811432,-999.0,1,4120,0.005308397362470838
PSO J139.5959+35.9152,-999,-999,-999,151091395958888871,3578835000023397,214022515350372,0,16486947435513,15109,1,2038,90,0.157418045361916,3578835,49831,3,268959744,0,32,-999.0,-999.0,-999.0,-999.0,139.59589458,35.91521705,0.39862000942230225,0.39862000942230225,,,,,55651.26361111,-999.0,-0.6167215087957517,0.5249473468879012,0.5865874730882383,130.78088333303276,19.230627799752433,188.03962062150262,44.315035885583036,-999,0,1,0,0,0,0,1,-999.0,-999.0,-999.0,-999.0,0,-999.0,-999.0,-999.0,-999.0,-999.0,0,-999.0,-999.0,-999.0,0,0,-999.0,-999.0,-999.0,-999.0,0,-999.0,-999.0,-999.0,-999.0,-999.0,0,-999.0,-999.0,-999.0,0,0,-999.0,-999.0,-999.0,-999.0,0,-999.0,-999.0,-999.0,-999.0,-999.0,0,-999.0,-999.0,-999.0,0,0,-999.0,-999.0,-999.0,-999.0,0,-999.0,-999.0,-999.0,-999.0,-999.0,0,-999.0,-999.0,-999.0,0,0,0.5438969731330872,20.52899932861328,0.39833900332450867,-999.0,1,20.52899932861328,20.52899932861328,-999.0,-999.0,-999.0,0,21.16160011291504,0.39833900332450867,-999.0,1,4120,0.004467052156847355
PSO J139.5959+35.9120,-999,-999,-999,151091395959154957,3578835000023399,214022515350374,0,16486947437763,15109,1,2038,90,3.38070094900271e-05,3578835,49831,3,277348352,0,33,-999.0,-999.0,-999.0,-999.0,139.59592474,35.9119685,0.11681000143289566,0.11681000143289566,,,,,55918.63284722,-999.0,-0.6167471100485877,0.5249685785578941,0.5865415533222001,130.78201155399202,19.227558783726217,188.0441490690684,44.31480119493652,-999,0,1,0,1,0,0,0,-999.0,-999.0,-999.0,-999.0,0,-999.0,-999.0,-999.0,-999.0,-999.0,0,-999.0,-999.0,-999.0,0,0,0.6043760180473328,21.037599563598633,0.11584000289440155,-999.0,1,21.037599563598633,21.037599563598633,-999.0,-999.0,-999.0,0,20.632200241088867,0.11584000289440155,-999.0,1,16781336,-999.0,-999.0,-999.0,-999.0,0,-999.0,-999.0,-999.0,-999.0,-999.0,0,-999.0,-999.0,-999.0,0,0,-999.0,-999.0,-999.0,-999.0,0,-999.0,-999.0,-999.0,-999.0,-999.0,0,-999.0,-999.0,-999.0,0,0,-999.0,-999.0,-999.0,-999.0,0,-999.0,-999.0,-999.0,-999.0,-999.0,0,-999.0,-999.0,-999.0,0,0,0.0012186647420720724
PSO J139.5962+35.9103,-999,-999,-999,151091395961403012,3578835000023456,214022515350431,0,16486947437070,15109,1,2038,90,0.690423989380173,3578835,49831,3,268959744,0,32,-999.0,-999.0,-999.0,-999.0,139.59615878,35.91032476,0.04771000146865845,0.04771000146865845,,,,,56408.27592593,-999.0,-0.6167620679148789,0.5249769659057474,0.586518317573934,130.78276015479355,19.226062728342804,188.0464601742184,44.31485900816053,-999,0,2,0,0,0,0,2,-999.0,-999.0,-999.0,-999.0,0,-999.0,-999.0,-999.0,-999.0,-999.0,0,-999.0,-999.0,-999.0,0,0,-999.0,-999.0,-999.0,-999.0,0,-999.0,-999.0,-999.0,-999.0,-999.0,0,-999.0,-999.0,-999.0,0,0,-999.0,-999.0,-999.0,-999.0,0,-999.0,-999.0,-999.0,-999.0,-999.0,0,-999.0,-999.0,-999.0,0,0,-999.0,-999.0,-999.0,-999.0,0,-999.0,-999.0,-999.0,-999.0,-999.0,0,-999.0,-999.0,-999.0,0,0,0.693215012550354,18.170499801635742,0.12570999562740326,0.17897699773311615,2,18.05940055847168,18.31089973449707,-999.0,-999.0,-999.0,1,18.137300491333008,0.10533100366592407,0.14946000277996063,2,4120,0.00047408752486959504
PSO J139.5963+35.9109,-999,-999,-999,151091395963373526,3578835000023510,214022515350485,0,16486947437094,15109,1,2038,90,0.384631198257796,3578835,49831,3,277348352,0,33,-999.0,-999.0,-999.0,-999.0,139.59629654,35.910851,0.020889999344944954,0.020889999344944954,,,,,56143.70341435,-999.0,-0.6167592279818546,0.5249719913070722,0.5865257565037651,130.78269328787317,19.22659694880055,188.04573948640166,44.315012216498246,-999,0,2,0,0,1,1,0,-999.0,-999.0,-999.0,-999.0,0,-999.0,-999.0,-999.0,-999.0,-999.0,0,-999.0,-999.0,-999.0,0,0,-999.0,-999.0,-999.0,-999.0,0,-999.0,-999.0,-999.0,-999.0,-999.0,0,-999.0,-999.0,-999.0,0,0,0.5865780115127563,18.656600952148438,0.019726000726222992,-999.0,1,18.656600952148438,18.656600952148438,-999.0,-999.0,-999.0,0,18.37339973449707,0.019726000726222992,-999.0,1,16781336,0.6512219905853271,19.016399383544922,0.03584999963641167,-999.0,1,19.016399383544922,19.016399383544922,-999.0,-999.0,-999.0,0,18.628799438476562,0.03584999963641167,-999.0,1,16781336,-999.0,-999.0,-999.0,-999.0,0,-999.0,-999.0,-999.0,-999.0,-999.0,0,-999.0,-999.0,-999.0,0,0,0.0003366767252094332
PSO J139.5966+35.9094,-999,-999,-999,151091395965501891,3578835000023563,214022515350538,0,16486947423715,15109,1,2038,90,0.644057388085925,3578835,49831,3,268959744,0,32,-999.0,-999.0,-999.0,-999.0,139.59655968,35.90941358,0.1644199937582016,0.1644199937582016,,,,,55918.63284722,-999.0,-0.6167728439494282,0.52497869606213,0.5865054370143896,130.7833954329812,19.22530387075606,188.04776579580903,44.315109966610954,-999,0,1,0,1,0,0,0,-999.0,-999.0,-999.0,-999.0,0,-999.0,-999.0,-999.0,-999.0,-999.0,0,-999.0,-999.0,-999.0,0,0,0.7937759757041931,21.804000854492188,0.1637360006570816,-999.0,1,21.804000854492188,21.804000854492188,20.682899475097656,0.13832299411296844,-999.0,1,21.622499465942383,0.1637360006570816,-999.0,1,4120,-999.0,-999.0,-999.0,-999.0,0,-999.0,-999.0,-999.0,-999.0,-999.0,0,-999.0,-999.0,-999.0,0,0,-999.0,-999.0,-999.0,-999.0,0,-999.0,-999.0,-999.0,-999.0,-999.0,0,-999.0,-999.0,-999.0,0,0,-999.0,-999.0,-999.0,-999.0,0,-999.0,-999.0,-999.0,-999.0,-999.0,0,-999.0,-999.0,-999.0,0,0,0.0014392689520269287
PSO J139.5967+35.9107,-999,-999,-999,151091395966983451,3578835000023610,214022515350585,0,16486947437096,15109,1,2038,90,0.540977119971977,3578835,49831,3,277348352,0,33,-999.0,-999.0,-999.0,-999.0,139.59670268,35.91069799,0.08021000027656555,0.08021000027656555,,,,,55650.25525463,-999.0,-0.6167641419823722,0.5249686346470587,0.5865235935591605,130.78307523692064,19.226557551496075,188.04598933177562,44.31532790593799,-999,0,1,0,0,0,1,0,-999.0,-999.0,-999.0,-999.0,0,-999.0,-999.0,-999.0,-999.0,-999.0,0,-999.0,-999.0,-999.0,0,0,-999.0,-999.0,-999.0,-999.0,0,-999.0,-999.0,-999.0,-999.0,-999.0,0,-999.0,-999.0,-999.0,0,0,-999.0,-999.0,-999.0,-999.0,0,-999.0,-999.0,-999.0,-999.0,-999.0,0,-999.0,-999.0,-999.0,0,0,0.6836640238761902,20.091699600219727,0.0787929967045784,-999.0,1,20.091699600219727,20.091699600219727,-999.0,-999.0,-999.0,0,19.725299835205078,0.0787929967045784,-999.0,1,16781336,-999.0,-999.0,-999.0,-999.0,0,-999.0,-999.0,-999.0,-999.0,-999.0,0,-999.0,-999.0,-999.0,0,0,0.0006521932280842242
PSO J139.5967+35.9113,-999,-999,-999,151091395967364126,3578835000023622,214022515350597,0,16486947437203,15109,1,2038,90,0.234402582267674,3578835,49831,3,277348352,0,33,-999.0,-999.0,-999.0,-999.0,139.59674077,35.91125997,0.07146000117063522,0.07146000117063522,,,,,55650.25525463,-999.0,-0.6167601101393224,0.5249644958079316,0.5865315376704436,130.7829152488667,19.227099725672506,188.04520984403575,44.31540349084287,-999,0,1,0,0,0,1,0,-999.0,-999.0,-999.0,-999.0,0,-999.0,-999.0,-999.0,-999.0,-999.0,0,-999.0,-999.0,-999.0,0,0,-999.0,-999.0,-999.0,-999.0,0,-999.0,-999.0,-999.0,-999.0,-999.0,0,-999.0,-999.0,-999.0,0,0,-999.0,-999.0,-999.0,-999.0,0,-999.0,-999.0,-999.0,-999.0,-999.0,0,-999.0,-999.0,-999.0,0,0,0.6972259879112244,19.9507999420166,0.06987299770116806,-999.0,1,19.9507999420166,19.9507999420166,-999.0,-999.0,-999.0,0,19.577899932861328,0.06987299770116806,-999.0,1,16781336,-999.0,-999.0,-999.0,-999.0,0,-999.0,-999.0,-999.0,-999.0,-999.0,0,-999.0,-999.0,-999.0,0,0,0.0008507534169052256
PSO J139.5971+35.9125,-999,-999,-999,151091395970585535,3578835000023705,214022515350680,0,16486947437963,15109,1,2038,90,0.853827004184785,3578835,49831,3,268959744,0,32,-999.0,-999.0,-999.0,-999.0,139.59706712,35.91245178,0.3626300096511841,0.3626300096511841,,,,,55901.65012731,-999.0,-0.616753809428327,0.524953074864592,0.5865483848292969,130.78277546090933,19.228313337388517,188.04357891964472,44.31576202547304,-999,0,1,0,0,0,1,0,-999.0,-999.0,-999.0,-999.0,0,-999.0,-999.0,-999.0,-999.0,-999.0,0,-999.0,-999.0,-999.0,0,0,-999.0,-999.0,-999.0,-999.0,0,-999.0,-999.0,-999.0,-999.0,-999.0,0,-999.0,-999.0,-999.0,0,0,-999.0,-999.0,-999.0,-999.0,0,-999.0,-999.0,-999.0,-999.0,-999.0,0,-999.0,-999.0,-999.0,0,0,0.5494769811630249,21.6156005859375,0.3623160123825073,-999.0,1,21.6156005859375,21.6156005859375,-999.0,-999.0,-999.0,0,21.364599227905273,0.3623160123825073,-999.0,1,4120,-999.0,-999.0,-999.0,-999.0,0,-999.0,-999.0,-999.0,-999.0,-999.0,0,-999.0,-999.0,-999.0,0,0,0.0019466905709197638
PSO J139.5971+35.9161,-999,-999,-999,151091395971279905,3578835000023724,214022515350699,0,16486947434631,15109,1,2038,90,0.215924299523164,3578835,49831,3,268959744,0,32,-999.0,-999.0,-999.0,-999.0,139.59713142,35.91607465,0.2234099954366684,0.2234099954366684,,,,,55650.25525463,-999.0,-0.6167261545570552,0.5249283427497201,0.5865995953487352,130.78159676720327,19.231761422685754,188.03853741542224,44.316102743463816,-999,0,1,0,0,0,1,0,-999.0,-999.0,-999.0,-999.0,0,-999.0,-999.0,-999.0,-999.0,-999.0,0,-999.0,-999.0,-999.0,0,0,-999.0,-999.0,-999.0,-999.0,0,-999.0,-999.0,-999.0,-999.0,-999.0,0,-999.0,-999.0,-999.0,0,0,-999.0,-999.0,-999.0,-999.0,0,-999.0,-999.0,-999.0,-999.0,-999.0,0,-999.0,-999.0,-999.0,0,0,0.7178440093994141,21.237499237060547,0.22290700674057007,-999.0,1,21.237499237060547,21.237499237060547,-999.0,-999.0,-999.0,0,21.71969985961914,0.22290700674057007,-999.0,1,4120,-999.0,-999.0,-999.0,-999.0,0,-999.0,-999.0,-999.0,-999.0,-999.0,0,-999.0,-999.0,-999.0,0,0,0.005417247417071174
PSO J139.5978+35.9113,-999,-999,-999,151091395977524214,3578835000023889,214022515350864,0,16486947437341,15109,1,2038,90,0.752636410996911,3578835,49831,3,268959744,0,32,-999.0,-999.0,-999.0,-999.0,139.59776876,35.91134762,0.46983999013900757,0.46983999013900757,,,,,55249.27380787,-999.0,-0.616768845573752,0.5249528483681836,0.5865327766798307,130.7837206447455,19.2274498436571,188.0451805534428,44.31624042514192,-999,0,1,0,0,0,0,1,-999.0,-999.0,-999.0,-999.0,0,-999.0,-999.0,-999.0,-999.0,-999.0,0,-999.0,-999.0,-999.0,0,0,-999.0,-999.0,-999.0,-999.0,0,-999.0,-999.0,-999.0,-999.0,-999.0,0,-999.0,-999.0,-999.0,0,0,-999.0,-999.0,-999.0,-999.0,0,-999.0,-999.0,-999.0,-999.0,-999.0,0,-999.0,-999.0,-999.0,0,0,-999.0,-999.0,-999.0,-999.0,0,-999.0,-999.0,-999.0,-999.0,-999.0,0,-999.0,-999.0,-999.0,0,0,0.6355649828910828,20.224300384521484,0.4696049988269806,-999.0,1,20.224300384521484,20.224300384521484,-999.0,-999.0,-999.0,0,20.360599517822266,0.4696049988269806,-999.0,1,4112,0.0016272737409572034
PSO J139.5987+35.9152,-999,-999,-999,151091395986348838,3578835000024083,214022515351058,0,16486947427834,15109,1,2038,90,0.536203357890438,3578835,49831,3,302067712,0,36,-999.0,-999.0,-999.0,-999.0,139.59867014,35.91519978,0.19146999716758728,0.19146999716758728,,,,,56303.54353009,-999.0,-0.616747072561822,0.5249175852372783,0.5865872289737369,130.783144097909,19.231332592065716,188.03989507746158,44.317275245458035,-999,0,1,0,1,0,0,0,-999.0,-999.0,-999.0,-999.0,0,-999.0,-999.0,-999.0,-999.0,-999.0,0,-999.0,-999.0,-999.0,0,0,0.9920870065689087,22.095399856567383,0.1908850073814392,-999.0,1,22.095399856567383,22.095399856567383,-999.0,-999.0,-999.0,1,22.121999740600586,0.1908850073814392,-999.0,1,280,-999.0,-999.0,-999.0,-999.0,0,-999.0,-999.0,-999.0,-999.0,-999.0,0,-999.0,-999.0,-999.0,0,0,-999.0,-999.0,-999.0,-999.0,0,-999.0,-999.0,-999.0,-999.0,-999.0,0,-999.0,-999.0,-999.0,0,0,-999.0,-999.0,-999.0,-999.0,0,-999.0,-999.0,-999.0,-999.0,-999.0,0,-999.0,-999.0,-999.0,0,0,0.004983383122931377
PSO J139.5987+35.9119,-999,-999,-999,151091395986804832,3578835000024091,214022515351066,0,16486947437457,15109,1,2038,90,0.856073496729204,3578835,49831,3,310456320,0,37,-999.0,-999.0,-999.0,-999.0,139.59866925,35.91185469,0.10377000272274017,0.10377000272274017,,,,,55384.87579861,5.325099945068359,-0.6167731429582234,0.5249397904477802,0.586539944530699,130.78427994899877,19.228164087519556,188.04455540296075,44.31700786968768,-999,0,3,0,1,1,1,0,-999.0,-999.0,-999.0,-999.0,0,-999.0,-999.0,-999.0,-999.0,-999.0,0,-999.0,-999.0,-999.0,0,0,0.8699939846992493,21.66189956665039,0.17513899505138397,-999.0,1,21.66189956665039,21.66189956665039,21.092500686645508,0.14007900655269623,-999.0,1,21.077199935913086,0.17513899505138397,-999.0,1,16777496,0.9997029900550842,20.930700302124023,0.1798110008239746,-999.0,1,20.930700302124023,20.930700302124023,19.528400421142578,0.12421400099992752,-999.0,1,19.819000244140625,0.1798110008239746,-999.0,1,16777488,0.9982060194015503,21.16189956665039,0.18260599672794342,-999.0,1,21.16189956665039,21.16189956665039,19.948699951171875,0.14850099384784698,-999.0,1,20.470399856567383,0.18260599672794342,-999.0,1,16777496,-999.0,-999.0,-999.0,-999.0,0,-999.0,-999.0,-999.0,-999.0,-999.0,0,-999.0,-999.0,-999.0,0,0,0.002500176816364194
PSO J139.5988+35.9080,-999,-999,-999,151091395987260166,3578835000024097,214022515351072,0,16486947423858,15109,1,2038,90,0.400654974766686,3578835,49831,3,268959744,0,32,-999.0,-999.0,-999.0,-999.0,139.59875339,35.90797038,0.4438000023365021,0.4438000023365021,,,,,57049.45013889,-999.0,-0.6168041935881788,0.5249646559233065,0.5864850354470784,130.78566804099066,19.22450695078638,188.0499746029756,44.316765922840595,-999,0,1,0,0,1,0,0,-999.0,-999.0,-999.0,-999.0,0,-999.0,-999.0,-999.0,-999.0,-999.0,0,-999.0,-999.0,-999.0,0,0,-999.0,-999.0,-999.0,-999.0,0,-999.0,-999.0,-999.0,-999.0,-999.0,0,-999.0,-999.0,-999.0,0,0,0.5445209741592407,22.845399856567383,0.44354501366615295,-999.0,1,22.845399856567383,22.845399856567383,-999.0,-999.0,-999.0,0,-999.0,-999.0,-999.0,0,4120,-999.0,-999.0,-999.0,-999.0,0,-999.0,-999.0,-999.0,-999.0,-999.0,0,-999.0,-999.0,-999.0,0,0,-999.0,-999.0,-999.0,-999.0,0,-999.0,-999.0,-999.0,-999.0,-999.0,0,-999.0,-999.0,-999.0,0,0,0.003614890118386627
PSO J139.5996+35.9108,-999,-999,-999,151091395995863542,3578835000024313,214022515351288,0,16486947436794,15109,1,2038,90,0.407582181885449,3578835,49831,3,268959744,0,32,-999.0,-999.0,-999.0,-999.0,139.59961226,35.9107833,0.20367999374866486,0.20367999374866486,,,,,57049.45013889,-999.0,-0.6167901349662773,0.5249367475998629,0.5865247994991851,130.78541010737732,19.227394357163956,188.04613320448178,44.31768376276452,-999,0,1,0,0,1,0,0,-999.0,-999.0,-999.0,-999.0,0,-999.0,-999.0,-999.0,-999.0,-999.0,0,-999.0,-999.0,-999.0,0,0,-999.0,-999.0,-999.0,-999.0,0,-999.0,-999.0,-999.0,-999.0,-999.0,0,-999.0,-999.0,-999.0,0,0,0.7048900127410889,22.09510040283203,0.20312799513339996,-999.0,1,22.09510040283203,22.09510040283203,-999.0,-999.0,-999.0,0,23.125999450683594,0.20312799513339996,-999.0,1,4120,-999.0,-999.0,-999.0,-999.0,0,-999.0,-999.0,-999.0,-999.0,-999.0,0,-999.0,-999.0,-999.0,0,0,-999.0,-999.0,-999.0,-999.0,0,-999.0,-999.0,-999.0,-999.0,-999.0,0,-999.0,-999.0,-999.0,0,0,0.0030068604820341687
PSO J139.5998+35.9111,-999,-999,-999,151091395998353972,3578835000024370,214022515351345,0,16486947436656,15109,1,2038,90,0.0475194426695997,3578835,49831,3,268959744,0,32,-999.0,-999.0,-999.0,-999.0,139.59984534,35.91112775,0.4193100035190582,0.4193100035190582,,,,,56759.31069444,-999.0,-0.6167895851746925,0.5249319531573257,0.5865296686225394,130.78548243632133,19.22778116327281,188.04567435203506,44.31789940971621,-999,0,1,0,0,1,0,0,-999.0,-999.0,-999.0,-999.0,0,-999.0,-999.0,-999.0,-999.0,-999.0,0,-999.0,-999.0,-999.0,0,0,-999.0,-999.0,-999.0,-999.0,0,-999.0,-999.0,-999.0,-999.0,-999.0,0,-999.0,-999.0,-999.0,0,0,0.6352859735488892,17.613000869750977,0.4190390110015869,-999.0,1,17.613000869750977,17.613000869750977,-999.0,-999.0,-999.0,0,-999.0,-999.0,-999.0,0,4112,-999.0,-999.0,-999.0,-999.0,0,-999.0,-999.0,-999.0,-999.0,-999.0,0,-999.0,-999.0,-999.0,0,0,-999.0,-999.0,-999.0,-999.0,0,-999.0,-999.0,-999.0,-999.0,-999.0,0,-999.0,-999.0,-999.0,0,0,0.003217698345803438
PSO J139.6003+35.9096,-999,-999,-999,151091396002322161,3578835000024479,214022515351454,0,16486947423281,15109,1,2038,90,0.83454068920998,3578835,49831,3,268959744,0,32,-999.0,-999.0,-999.0,-999.0,139.60026042,35.90963192,0.2820500135421753,0.2820500135421753,,,,,57049.42515046,-999.0,-0.6168050490186394,0.5249374089874367,0.5865085235106737,130.78632790224998,19.226472256561696,188.0477958543949,44.31811522423592,-999,0,1,0,0,1,0,0,-999.0,-999.0,-999.0,-999.0,0,-999.0,-999.0,-999.0,-999.0,-999.0,0,-999.0,-999.0,-999.0,0,0,-999.0,-999.0,-999.0,-999.0,0,-999.0,-999.0,-999.0,-999.0,-999.0,0,-999.0,-999.0,-999.0,0,0,0.694923996925354,22.32349967956543,0.2816529870033264,-999.0,1,22.32349967956543,22.32349967956543,-999.0,-999.0,-999.0,0,22.883899688720703,0.2816529870033264,-999.0,1,4120,-999.0,-999.0,-999.0,-999.0,0,-999.0,-999.0,-999.0,-999.0,-999.0,0,-999.0,-999.0,-999.0,0,0,-999.0,-999.0,-999.0,-999.0,0,-999.0,-999.0,-999.0,-999.0,-999.0,0,-999.0,-999.0,-999.0,0,0,0.003704426307557365
PSO J139.6005+35.9091,-999,-999,-999,151091396004571534,3578835000024538,214022515351513,0,16486947883232,15109,1,2038,90,0.40838247761911,3578835,49831,3,268959744,0,32,-999.0,-999.0,-999.0,-999.0,139.60047813,35.9091124,0.3362500071525574,0.3362500071525574,,,,,57049.41266204,-999.0,-0.616811093565084,0.5249385119657376,0.5865011794619363,130.78668129624634,19.226036768698968,188.04853932355806,44.318249553004144,-999,0,1,0,0,1,0,0,-999.0,-999.0,-999.0,-999.0,0,-999.0,-999.0,-999.0,-999.0,-999.0,0,-999.0,-999.0,-999.0,0,0,-999.0,-999.0,-999.0,-999.0,0,-999.0,-999.0,-999.0,-999.0,-999.0,0,-999.0,-999.0,-999.0,0,0,0.6227139830589294,22.455900192260742,0.3359200060367584,-999.0,1,22.455900192260742,22.455900192260742,-999.0,-999.0,-999.0,0,22.668500900268555,0.3359200060367584,-999.0,1,4120,-999.0,-999.0,-999.0,-999.0,0,-999.0,-999.0,-999.0,-999.0,-999.0,0,-999.0,-999.0,-999.0,0,0,-999.0,-999.0,-999.0,-999.0,0,-999.0,-999.0,-999.0,-999.0,-999.0,0,-999.0,-999.0,-999.0,0,0,0.0040535263849146306
PSO J139.6006+35.9141,-999,-999,-999,151091396005957501,3578835000024574,214022515351549,0,16486947429503,15109,1,2038,90,0.814389278008034,3578835,49831,3,268959744,0,32,-999.0,-999.0,-999.0,-999.0,139.60062059,35.91408158,0.25824999809265137,0.25824999809265137,,,,,57049.45013889,-999.0,-0.616773659380677,0.5249040092479009,0.5865714229057261,130.78510861835687,19.230780291276464,188.04162892860614,44.31876076788815,-999,0,1,0,0,1,0,0,-999.0,-999.0,-999.0,-999.0,0,-999.0,-999.0,-999.0,-999.0,-999.0,0,-999.0,-999.0,-999.0,0,0,-999.0,-999.0,-999.0,-999.0,0,-999.0,-999.0,-999.0,-999.0,-999.0,0,-999.0,-999.0,-999.0,0,0,0.6507009863853455,22.339000701904297,0.25780901312828064,-999.0,1,22.339000701904297,22.339000701904297,-999.0,-999.0,-999.0,0,22.67609977722168,0.25780901312828064,-999.0,1,4120,-999.0,-999.0,-999.0,-999.0,0,-999.0,-999.0,-999.0,-999.0,-999.0,0,-999.0,-999.0,-999.0,0,0,-999.0,-999.0,-999.0,-999.0,0,-999.0,-999.0,-999.0,-999.0,-999.0,0,-999.0,-999.0,-999.0,0,0,0.005071178721036576
PSO J139.6008+35.9102,-999,-999,-999,151091396007142792,3578835000024605,214022515351580,0,16486947436559,15109,1,2038,90,0.238170289656306,3578835,49831,3,302067712,0,36,-999.0,-999.0,-999.0,-999.0,139.60075692,35.91017711,0.1814499944448471,0.1814499944448471,,,,,55250.32818287,-999.0,-0.6168053477727502,0.5249284469856003,0.5865162303843112,130.78654604060245,19.22711764083543,188.04708110873085,44.3185595630832,-999,0,2,1,0,1,0,0,0.14322400093078613,21.525800704956055,0.18083199858665466,-999.0,1,21.525800704956055,21.525800704956055,20.604999542236328,0.1813099980354309,-999.0,1,20.62529945373535,0.18083199858665466,-999.0,1,16777752,-999.0,-999.0,-999.0,-999.0,0,-999.0,-999.0,-999.0,-999.0,-999.0,0,-999.0,-999.0,-999.0,0,0,0.5540739893913269,21.99090003967285,0.2318660020828247,-999.0,1,21.99090003967285,21.99090003967285,-999.0,-999.0,-999.0,0,22.681800842285156,0.2318660020828247,-999.0,1,4120,-999.0,-999.0,-999.0,-999.0,0,-999.0,-999.0,-999.0,-999.0,-999.0,0,-999.0,-999.0,-999.0,0,0,-999.0,-999.0,-999.0,-999.0,0,-999.0,-999.0,-999.0,-999.0,-999.0,0,-999.0,-999.0,-999.0,0,0,0.003975284299641933
PSO J139.6014+35.9134,-999,-999,-999,151091396013906738,3578835000024759,214022515351734,0,16486947429129,15109,1,2038,90,0.356676176522557,3578835,49831,3,268959744,0,32,-999.0,-999.0,-999.0,-999.0,139.6014177,35.91344561,0.2897999882698059,0.2897999882698059,,,,,57049.42515046,-999.0,-0.6167859201836265,0.5248996481516095,0.5865624331932224,130.78597230176567,19.23038506140448,188.04258690484448,44.319353613868515,-999,0,1,0,0,1,0,0,-999.0,-999.0,-999.0,-999.0,0,-999.0,-999.0,-999.0,-999.0,-999.0,0,-999.0,-999.0,-999.0,0,0,-999.0,-999.0,-999.0,-999.0,0,-999.0,-999.0,-999.0,-999.0,-999.0,0,-999.0,-999.0,-999.0,0,0,0.6645349860191345,22.28070068359375,0.28941500186920166,-999.0,1,22.28070068359375,22.28070068359375,-999.0,-999.0,-999.0,0,23.104700088500977,0.28941500186920166,-999.0,1,4120,-999.0,-999.0,-999.0,-999.0,0,-999.0,-999.0,-999.0,-999.0,-999.0,0,-999.0,-999.0,-999.0,0,0,-999.0,-999.0,-999.0,-999.0,0,-999.0,-999.0,-999.0,-999.0,-999.0,0,-999.0,-999.0,-999.0,0,0,0.0052189302629707095
PSO J139.6015+35.9127,-999,-999,-999,151091396014825792,3578835000024782,214022515351757,0,16486947429343,15109,1,2038,90,0.621052835715053,3578835,49831,3,268959744,0,32,-999.0,-999.0,-999.0,-999.0,139.6015031,35.91265955,0.268310010433197,0.268310010433197,,,,,57049.41266204,-999.0,-0.6167928309170612,0.524903944195209,0.586551321793439,130.78630877736038,19.22966274569051,188.0436897975131,44.31935991208731,-999,0,1,0,0,1,0,0,-999.0,-999.0,-999.0,-999.0,0,-999.0,-999.0,-999.0,-999.0,-999.0,0,-999.0,-999.0,-999.0,0,0,-999.0,-999.0,-999.0,-999.0,0,-999.0,-999.0,-999.0,-999.0,-999.0,0,-999.0,-999.0,-999.0,0,0,0.42521899938583374,21.90239906311035,0.26789000630378723,-999.0,1,21.90239906311035,21.90239906311035,-999.0,-999.0,-999.0,0,-999.0,-999.0,-999.0,0,4120,-999.0,-999.0,-999.0,-999.0,0,-999.0,-999.0,-999.0,-999.0,-999.0,0,-999.0,-999.0,-999.0,0,0,-999.0,-999.0,-999.0,-999.0,0,-999.0,-999.0,-999.0,-999.0,-999.0,0,-999.0,-999.0,-999.0,0,0,0.004923463016014129
PSO J139.6018+35.9135,-999,-999,-999,151091396017836839,3578835000024845,214022515351820,0,16486947428725,15109,1,2038,90,0.116809333783397,3578835,49831,3,268959744,0,32,-999.0,-999.0,-999.0,-999.0,139.60180371,35.91353195,0.24527999758720398,0.24527999758720398,,,,,57049.41266204,-999.0,-0.6167887833516479,0.5248949199099686,0.5865636536509073,130.7862565667846,19.230567139065233,188.04250143208955,44.31967213091203,-999,0,1,0,0,1,0,0,-999.0,-999.0,-999.0,-999.0,0,-999.0,-999.0,-999.0,-999.0,-999.0,0,-999.0,-999.0,-999.0,0,0,-999.0,-999.0,-999.0,-999.0,0,-999.0,-999.0,-999.0,-999.0,-999.0,0,-999.0,-999.0,-999.0,0,0,0.6319599747657776,22.100099563598633,0.24482400715351105,-999.0,1,22.100099563598633,22.100099563598633,-999.0,-999.0,-999.0,0,22.248899459838867,0.24482400715351105,-999.0,1,4120,-999.0,-999.0,-999.0,-999.0,0,-999.0,-999.0,-999.0,-999.0,-999.0,0,-999.0,-999.0,-999.0,0,0,-999.0,-999.0,-999.0,-999.0,0,-999.0,-999.0,-999.0,-999.0,-999.0,0,-999.0,-999.0,-999.0,0,0,0.005531921297966224
PSO J139.6021+35.9153,-999,-999,-999,151091396020288953,3578835000024894,214022515351869,0,16486947430204,15109,1,2038,90,0.238033714925902,3578835,49831,3,268513280,0,32,-999.0,-999.0,-999.0,-999.0,139.60206401,35.91530456,0.01931999996304512,0.01931999996304512,,,,,56232.65170139,-999.0,-0.6167773476089449,0.5248803565675275,0.5865887100567313,130.78586571031613,19.232313677105424,188.04005517104406,44.32002350215305,-999,0,2,0,0,1,0,1,-999.0,-999.0,-999.0,-999.0,0,-999.0,-999.0,-999.0,-999.0,-999.0,0,-999.0,-999.0,-999.0,0,0,-999.0,-999.0,-999.0,-999.0,0,-999.0,-999.0,-999.0,-999.0,-999.0,0,-999.0,-999.0,-999.0,0,0,0.7564579844474792,22.266000747680664,0.26047399640083313,-999.0,1,22.266000747680664,22.266000747680664,-999.0,-999.0,-999.0,0,23.103500366210938,0.26047399640083313,-999.0,1,4120,-999.0,-999.0,-999.0,-999.0,0,-999.0,-999.0,-999.0,-999.0,-999.0,0,-999.0,-999.0,-999.0,0,0,0.999127984046936,16.686199188232422,0.012171000242233276,-999.0,1,16.686199188232422,16.686199188232422,16.660200119018555,0.019773999229073524,-999.0,1,16.531600952148438,0.012171000242233276,-999.0,1,16777240,0.006757729256387983
PSO J139.6023+35.9158,-999,-999,-999,151091396022899583,3578835000024953,214022515351928,0,16486947430023,15109,1,2038,90,0.611507180716383,3578835,49831,3,268959744,0,32,-999.0,-999.0,-999.0,-999.0,139.60231707,35.91583296,0.2980400025844574,0.2980400025844574,,,,,55250.28234954,-999.0,-0.616775545989464,0.5248741264277128,0.5865961790500718,130.7858917461938,19.232879898140652,188.03934177491413,44.3202698865568,-999,0,1,0,0,1,0,0,-999.0,-999.0,-999.0,-999.0,0,-999.0,-999.0,-999.0,-999.0,-999.0,0,-999.0,-999.0,-999.0,0,0,-999.0,-999.0,-999.0,-999.0,0,-999.0,-999.0,-999.0,-999.0,-999.0,0,-999.0,-999.0,-999.0,0,0,0.8224980235099792,19.881200790405273,0.29766398668289185,-999.0,1,19.881200790405273,19.881200790405273,19.61870002746582,0.3021090030670166,-999.0,1,20.7283992767334,0.29766398668289185,-999.0,1,4112,-999.0,-999.0,-999.0,-999.0,0,-999.0,-999.0,-999.0,-999.0,-999.0,0,-999.0,-999.0,-999.0,0,0,-999.0,-999.0,-999.0,-999.0,0,-999.0,-999.0,-999.0,-999.0,-999.0,0,-999.0,-999.0,-999.0,0,0,0.007269634595304661
PSO J139.6030+35.9083,-999,-999,-999,151091396030150550,3578835000025116,214022515352091,0,16486947895225,15109,1,2038,90,0.266709815027853,3578835,49831,3,268513280,0,32,-999.0,-999.0,-999.0,-999.0,139.60304107,35.90829952,0.023989999666810036,0.023989999666810036,,,,,55248.2472338,-999.0,-0.6168409113049877,0.5249163129875872,0.5864896883151055,130.7890397529042,19.22593284345773,188.04990331688074,44.32025395462902,-999,0,1,0,0,0,0,1,-999.0,-999.0,-999.0,-999.0,0,-999.0,-999.0,-999.0,-999.0,-999.0,0,-999.0,-999.0,-999.0,0,0,-999.0,-999.0,-999.0,-999.0,0,-999.0,-999.0,-999.0,-999.0,-999.0,0,-999.0,-999.0,-999.0,0,0,-999.0,-999.0,-999.0,-999.0,0,-999.0,-999.0,-999.0,-999.0,-999.0,0,-999.0,-999.0,-999.0,0,0,-999.0,-999.0,-999.0,-999.0,0,-999.0,-999.0,-999.0,-999.0,-999.0,0,-999.0,-999.0,-999.0,0,0,0.9877979755401611,16.628400802612305,0.018727999180555344,-999.0,1,16.628400802612305,16.628400802612305,17.674699783325195,0.0669889971613884,-999.0,1,17.584699630737305,0.018727999180555344,-999.0,1,24,0.006281558714954526
PSO J139.6032+35.9127,-999,-999,-999,151091396033095858,3578835000025192,214022515352167,0,16486947890704,15109,1,2038,90,0.898818579408171,3578835,49831,3,268959744,0,32,-999.0,-999.0,-999.0,-999.0,139.60324618,35.91272998,0.21649999916553497,0.21649999916553497,,,,,55250.29290509,-999.0,-0.6168082504106591,0.524884712311595,0.5865523173655661,130.7877009686852,19.23018238739001,188.0437489277964,44.32077277550407,-999,0,2,0,1,1,0,0,-999.0,-999.0,-999.0,-999.0,0,-999.0,-999.0,-999.0,-999.0,-999.0,0,-999.0,-999.0,-999.0,0,0,0.6316760182380676,21.837900161743164,0.3771910071372986,-999.0,1,21.837900161743164,21.837900161743164,-999.0,-999.0,-999.0,0,22.79520034790039,0.3771910071372986,-999.0,1,4120,0.7868130207061768,20.718599319458008,0.2638530135154724,-999.0,1,20.718599319458008,20.718599319458008,-999.0,-999.0,-999.0,0,21.653200149536133,0.2638530135154724,-999.0,1,4112,-999.0,-999.0,-999.0,-999.0,0,-999.0,-999.0,-999.0,-999.0,-999.0,0,-999.0,-999.0,-999.0,0,0,-999.0,-999.0,-999.0,-999.0,0,-999.0,-999.0,-999.0,-999.0,-999.0,0,-999.0,-999.0,-999.0,0,0,0.006270628771796158
PSO J139.6040+35.9109,-999,-999,-999,151091396040173675,3578835000025364,214022515352339,0,16486947891165,15109,1,2038,90,0.689735709400601,3578835,49831,3,268959744,0,32,-999.0,-999.0,-999.0,-999.0,139.60402735,35.91090044,0.303849995136261,0.303849995136261,,,,,55918.63284722,-999.0,-0.6168296703909667,0.5248884403934556,0.5865264553851746,130.78895728845058,19.228652559041674,188.04636851030125,44.32125763471527,-999,0,1,0,1,0,0,0,-999.0,-999.0,-999.0,-999.0,0,-999.0,-999.0,-999.0,-999.0,-999.0,0,-999.0,-999.0,-999.0,0,0,0.6248279809951782,22.285999298095703,0.30348101258277893,-999.0,1,22.285999298095703,22.285999298095703,-999.0,-999.0,-999.0,0,22.46430015563965,0.30348101258277893,-999.0,1,4120,-999.0,-999.0,-999.0,-999.0,0,-999.0,-999.0,-999.0,-999.0,-999.0,0,-999.0,-999.0,-999.0,0,0,-999.0,-999.0,-999.0,-999.0,0,-999.0,-999.0,-999.0,-999.0,-999.0,0,-999.0,-999.0,-999.0,0,0,-999.0,-999.0,-999.0,-999.0,0,-999.0,-999.0,-999.0,-999.0,-999.0,0,-999.0,-999.0,-999.0,0,0,0.006584310274964546
PSO J139.6043+35.9161,-999,-999,-999,151091396043079892,3578835000025441,214022515352416,0,16486947427275,15109,1,2038,90,0.461884811019418,3578835,49831,3,268959744,0,32,-999.0,-999.0,-999.0,-999.0,139.60433143,35.91609756,0.2896600067615509,0.2896600067615509,,,,,55250.31005787,-999.0,-0.6167919355860586,0.5248506863972145,0.5865999191820401,130.78743830896354,19.233653931943095,188.0391546880178,44.32191716277174,-999,0,1,0,1,0,0,0,-999.0,-999.0,-999.0,-999.0,0,-999.0,-999.0,-999.0,-999.0,-999.0,0,-999.0,-999.0,-999.0,0,0,0.6929519772529602,21.869800567626953,0.28926798701286316,-999.0,1,21.869800567626953,21.869800567626953,-999.0,-999.0,-999.0,0,21.791799545288086,0.28926798701286316,-999.0,1,4120,-999.0,-999.0,-999.0,-999.0,0,-999.0,-999.0,-999.0,-999.0,-999.0,0,-999.0,-999.0,-999.0,0,0,-999.0,-999.0,-999.0,-999.0,0,-999.0,-999.0,-999.0,-999.0,-999.0,0,-999.0,-999.0,-999.0,0,0,-999.0,-999.0,-999.0,-999.0,0,-999.0,-999.0,-999.0,-999.0,-999.0,0,-999.0,-999.0,-999.0,0,0,0.008673342536319203
PSO J139.6047+35.9094,-999,-999,-999,151091396046331848,3578835000025525,214022515352500,0,16486947895028,15109,1,2038,90,0.50710249646297,3578835,49831,3,444674048,7,53,139.60471419,35.90937517,0.0010000000474974513,0.0010000000474974513,139.60474928797072,35.90938133732239,0.05677287007526382,0.05677287007526382,-25.34039414803696,72.66125353655505,45.52823808258914,45.52823808258914,56459.118677899765,11.899018287658691,-0.6168481271697194,0.5248907457800235,0.5865049812249684,130.79006105947678,19.22739734919611,188.04855596066673,44.32171871911482,-999,4,3,0,1,2,0,0,-999.0,-999.0,-999.0,-999.0,0,-999.0,-999.0,-999.0,-999.0,-999.0,0,-999.0,-999.0,-999.0,0,114720,0.9980250000953674,22.089799880981445,0.18925000727176666,-999.0,1,22.089799880981445,22.089799880981445,21.80069923400879,0.24696999788284302,-999.0,1,21.842199325561523,0.18925000727176666,-999.0,1,115000,0.9970080256462097,21.895000457763672,0.018015999346971512,0.03569599986076355,2,21.89459991455078,21.930700302124023,21.565099716186523,0.19694900512695312,0.3899489939212799,2,21.35140037536621,0.07963799685239792,0.15796099603176117,2,16892216,-999.0,-999.0,-999.0,-999.0,0,-999.0,-999.0,-999.0,-999.0,-999.0,0,-999.0,-999.0,-999.0,0,114720,-999.0,-999.0,-999.0,-999.0,0,-999.0,-999.0,-999.0,-999.0,-999.0,0,-999.0,-999.0,-999.0,0,16416,0.007296887974344524
PSO J139.6047+35.9155,-999,-999,-999,151091396046859164,3578835000025542,214022515352517,0,16486947427144,15109,1,2038,90,0.621129538511047,3578835,49831,3,268959744,0,32,-999.0,-999.0,-999.0,-999.0,139.60470656,35.91546895,0.2531900107860565,0.2531900107860565,,,,,55249.28762731,-999.0,-0.6168002732958368,0.5248508188104597,0.5865910337331889,130.7879566802353,19.233156034784333,188.04006436520345,44.32216995569163,-999,0,1,0,0,1,0,0,-999.0,-999.0,-999.0,-999.0,0,-999.0,-999.0,-999.0,-999.0,-999.0,0,-999.0,-999.0,-999.0,0,0,-999.0,-999.0,-999.0,-999.0,0,-999.0,-999.0,-999.0,-999.0,-999.0,0,-999.0,-999.0,-999.0,0,0,0.7957550287246704,21.144500732421875,0.25274598598480225,-999.0,1,21.144500732421875,21.144500732421875,-999.0,-999.0,-999.0,1,21.731800079345703,0.25274598598480225,-999.0,1,4120,-999.0,-999.0,-999.0,-999.0,0,-999.0,-999.0,-999.0,-999.0,-999.0,0,-999.0,-999.0,-999.0,0,0,-999.0,-999.0,-999.0,-999.0,0,-999.0,-999.0,-999.0,-999.0,-999.0,0,-999.0,-999.0,-999.0,0,0,0.008552252642039557
PSO J139.6049+35.9087,-999,-999,-999,151091396048341008,3578835000025572,214022515352547,0,16486947894975,15109,1,2038,90,0.833170482733446,3578835,49831,3,302067712,0,36,-999.0,-999.0,-999.0,-999.0,139.6048888,35.90868357,0.2024500072002411,0.2024500072002411,,,,,55250.28234954,-999.0,-0.6168548450025554,0.524893872581728,0.5864951173906139,130.79041044801238,19.22677674511813,188.04953505219817,44.32177639432287,-999,0,1,0,0,1,0,0,-999.0,-999.0,-999.0,-999.0,0,-999.0,-999.0,-999.0,-999.0,-999.0,0,-999.0,-999.0,-999.0,0,0,-999.0,-999.0,-999.0,-999.0,0,-999.0,-999.0,-999.0,-999.0,-999.0,0,-999.0,-999.0,-999.0,0,0,0.8485050201416016,19.46940040588379,0.201897993683815,-999.0,1,19.46940040588379,19.46940040588379,-999.0,-999.0,-999.0,1,20.116600036621094,0.201897993683815,-999.0,1,528,-999.0,-999.0,-999.0,-999.0,0,-999.0,-999.0,-999.0,-999.0,-999.0,0,-999.0,-999.0,-999.0,0,0,-999.0,-999.0,-999.0,-999.0,0,-999.0,-999.0,-999.0,-999.0,-999.0,0,-999.0,-999.0,-999.0,0,0,0.007567990368448719
PSO J139.6049+35.9157,-999,-999,-999,151091396050099490,3578835000025621,214022515352596,0,16486947427143,15109,1,2038,90,0.816724258304317,3578835,49831,3,436527104,7,52,139.60491057,35.91574084,0.0010000000474974513,0.0010000000474974513,139.60493518933782,35.91574841453878,0.011842664108878485,0.011842664108878485,6.5952235501104575,-21.21630628807101,6.318562542435412,6.318562542435412,56092.06397022128,3.589531898498535,-0.6168001885846566,0.5248465033847552,0.5865949839938355,130.78805160625663,19.23347118430392,188.03970924163332,44.32237684788728,-999,5,51,14,17,18,2,0,0.9997490048408508,21.826900482177734,0.050133999437093735,0.21568100154399872,14,21.317699432373047,22.15410041809082,21.682199478149414,0.10683699697256088,0.37862399220466614,14,21.663700103759766,0.11506900191307068,0.307886004447937,14,115000,0.999671995639801,21.582399368286133,0.06260000169277191,0.2110770046710968,15,21.316999435424805,21.94409942626953,21.422500610351562,0.12594300508499146,0.34613901376724243,15,21.36520004272461,0.09516599774360657,0.28873398900032043,15,115000,0.9990460276603699,21.51889991760254,0.06241400167346001,0.18768499791622162,18,21.166900634765625,21.872499465942383,21.288299560546875,0.08003199845552444,0.2533949911594391,18,21.21820068359375,0.06694000214338303,0.24029800295829773,18,115000,0.9986129999160767,20.98940086364746,0.02411700040102005,0.03438900038599968,2,20.968299865722656,21.016599655151367,20.68600082397461,0.17725899815559387,0.2511250078678131,2,20.899900436401367,0.21825499832630157,0.31290099024772644,2,115000,-999.0,-999.0,-999.0,-999.0,0,-999.0,-999.0,-999.0,-999.0,-999.0,0,-999.0,-999.0,-999.0,0,114720,0.008861840210886337
PSO J139.6056+35.9154,-999,-999,-999,151091396055379016,3578835000025758,214022515352733,0,16486947890050,15109,1,2038,90,0.997880873268359,3578835,49831,3,268959744,0,32,-999.0,-999.0,-999.0,-999.0,139.60555937,35.91535595,0.28213000297546387,0.28213000297546387,,,,,55250.24451389,-999.0,-0.6168089663727118,0.5248423878013458,0.5865894364623426,130.78868790996816,19.233270615683235,188.0402986847941,44.322849442124046,-999,0,1,0,0,0,1,0,-999.0,-999.0,-999.0,-999.0,0,-999.0,-999.0,-999.0,-999.0,-999.0,0,-999.0,-999.0,-999.0,0,0,-999.0,-999.0,-999.0,-999.0,0,-999.0,-999.0,-999.0,-999.0,-999.0,0,-999.0,-999.0,-999.0,0,0,-999.0,-999.0,-999.0,-999.0,0,-999.0,-999.0,-999.0,-999.0,-999.0,0,-999.0,-999.0,-999.0,0,0,0.5853009819984436,20.937400817871094,0.2817310094833374,-999.0,1,20.937400817871094,20.937400817871094,-999.0,-999.0,-999.0,0,21.625900268554688,0.2817310094833374,-999.0,1,4120,-999.0,-999.0,-999.0,-999.0,0,-999.0,-999.0,-999.0,-999.0,-999.0,0,-999.0,-999.0,-999.0,0,0,0.009078394947741996
PSO J139.6058+35.9118,-999,-999,-999,151091396057684732,3578835000187117,214022515515715,0,16486947893112,15109,1,2038,90,0.578613474572649,3578835,49831,3,1343750144,0,160,139.60576776,35.91177292,0.0010000000474974513,0.0010000000474974513,139.60576776,35.91177292,0.0010000000474974513,0.0010000000474974513,,,,,55646.49783565,-999.0,-0.6168388117854546,0.5248639153978792,0.5865387886477043,130.7900747839518,19.229931176620074,188.0453098877849,44.322732287155986,-999,1,0,0,0,0,0,0,-999.0,-999.0,-999.0,-999.0,0,-999.0,-999.0,-999.0,-999.0,-999.0,0,-999.0,-999.0,-999.0,0,16416,-999.0,-999.0,-999.0,-999.0,0,-999.0,-999.0,-999.0,-999.0,-999.0,0,-999.0,-999.0,-999.0,0,16416,-999.0,-999.0,-999.0,-999.0,0,-999.0,-999.0,-999.0,-999.0,-999.0,0,-999.0,-999.0,-999.0,0,114720,-999.0,-999.0,-999.0,-999.0,0,-999.0,-999.0,-999.0,-999.0,-999.0,0,-999.0,-999.0,-999.0,0,16416,-999.0,-999.0,-999.0,-999.0,0,-999.0,-999.0,-999.0,-999.0,-999.0,0,-999.0,-999.0,-999.0,0,16416,0.00805735514305272
PSO J139.6064+35.9129,-999,-999,-999,151091396063586105,3578835000025980,214022515352955,0,16486947893055,15109,1,2038,90,0.187578865501637,3578835,49831,3,268959744,0,32,-999.0,-999.0,-999.0,-999.0,139.60638099,35.91293055,0.2564699947834015,0.2564699947834015,,,,,55250.24451389,-999.0,-0.6168354035663276,0.5248496336401595,0.5865551525431826,130.79017960892457,19.231186957825212,188.04375220929063,44.32331959939596,-999,0,1,0,0,0,1,0,-999.0,-999.0,-999.0,-999.0,0,-999.0,-999.0,-999.0,-999.0,-999.0,0,-999.0,-999.0,-999.0,0,0,-999.0,-999.0,-999.0,-999.0,0,-999.0,-999.0,-999.0,-999.0,-999.0,0,-999.0,-999.0,-999.0,0,0,-999.0,-999.0,-999.0,-999.0,0,-999.0,-999.0,-999.0,-999.0,-999.0,0,-999.0,-999.0,-999.0,0,0,0.3903430104255676,20.60449981689453,0.25603199005126953,-999.0,1,20.60449981689453,20.60449981689453,-999.0,-999.0,-999.0,0,21.73740005493164,0.25603199005126953,-999.0,1,4120,-999.0,-999.0,-999.0,-999.0,0,-999.0,-999.0,-999.0,-999.0,-999.0,0,-999.0,-999.0,-999.0,0,0,0.008764358641020126
PSO J139.6064+35.9118,-999,-999,-999,151091396064014732,3578835000025995,214022515352970,0,16486947893184,15109,1,2038,90,0.540487323459692,3578835,49831,3,268959744,0,32,-999.0,-999.0,-999.0,-999.0,139.60642143,35.91177617,0.2252199947834015,0.2252199947834015,,,,,56331.38431713,-999.0,-0.6168447744178983,0.5248568564783005,0.5865388345890227,130.7906047409421,19.230104120755737,188.04536432294913,44.323260284032905,-999,0,1,0,1,0,0,0,-999.0,-999.0,-999.0,-999.0,0,-999.0,-999.0,-999.0,-999.0,-999.0,0,-999.0,-999.0,-999.0,0,0,0.7822160124778748,21.96190071105957,0.2247229963541031,-999.0,1,21.96190071105957,21.96190071105957,-999.0,-999.0,-999.0,0,24.499399185180664,0.2247229963541031,-999.0,1,4120,-999.0,-999.0,-999.0,-999.0,0,-999.0,-999.0,-999.0,-999.0,-999.0,0,-999.0,-999.0,-999.0,0,0,-999.0,-999.0,-999.0,-999.0,0,-999.0,-999.0,-999.0,-999.0,-999.0,0,-999.0,-999.0,-999.0,0,0,-999.0,-999.0,-999.0,-999.0,0,-999.0,-999.0,-999.0,-999.0,-999.0,0,-999.0,-999.0,-999.0,0,0,0.008583146836946852
PSO J139.6069+35.9136,-999,-999,-999,151091396068516853,3578835000026112,214022515353087,0,16486947889798,15109,1,2038,90,0.05919369874447,3578835,49831,3,268959744,0,32,-999.0,-999.0,-999.0,-999.0,139.6068681,35.91356275,0.2764100134372711,0.2764100134372711,,,,,55250.32818287,-999.0,-0.6168349364028852,0.524840195393694,0.5865640890234908,130.7903605123165,19.231912314430293,188.0429152447739,44.32376321303716,-999,0,1,1,0,0,0,0,0.43367800116539,21.614099502563477,0.27600300312042236,-999.0,1,21.614099502563477,21.614099502563477,-999.0,-999.0,-999.0,0,22.292299270629883,0.27600300312042236,-999.0,1,4120,-999.0,-999.0,-999.0,-999.0,0,-999.0,-999.0,-999.0,-999.0,-999.0,0,-999.0,-999.0,-999.0,0,0,-999.0,-999.0,-999.0,-999.0,0,-999.0,-999.0,-999.0,-999.0,-999.0,0,-999.0,-999.0,-999.0,0,0,-999.0,-999.0,-999.0,-999.0,0,-999.0,-999.0,-999.0,-999.0,-999.0,0,-999.0,-999.0,-999.0,0,0,-999.0,-999.0,-999.0,-999.0,0,-999.0,-999.0,-999.0,-999.0,-999.0,0,-999.0,-999.0,-999.0,0,0,0.009317926050424013
PSO J139.6069+35.9158,-999,-999,-999,151091396068749540,3578835000026126,214022515353101,0,16486947889348,15109,1,2038,90,0.359631560146465,3578835,49831,3,268959744,0,32,-999.0,-999.0,-999.0,-999.0,139.60687583,35.91578978,0.32311001420021057,0.32311001420021057,,,,,55250.26215278,-999.0,-0.6168176425359435,0.5248253372699457,0.5865955686977944,130.78960998382414,19.234023601301065,188.0398128472784,44.32394677385673,-999,0,1,0,0,0,0,1,-999.0,-999.0,-999.0,-999.0,0,-999.0,-999.0,-999.0,-999.0,-999.0,0,-999.0,-999.0,-999.0,0,0,-999.0,-999.0,-999.0,-999.0,0,-999.0,-999.0,-999.0,-999.0,-999.0,0,-999.0,-999.0,-999.0,0,0,-999.0,-999.0,-999.0,-999.0,0,-999.0,-999.0,-999.0,-999.0,-999.0,0,-999.0,-999.0,-999.0,0,0,-999.0,-999.0,-999.0,-999.0,0,-999.0,-999.0,-999.0,-999.0,-999.0,0,-999.0,-999.0,-999.0,0,0,0.5045220255851746,19.524999618530273,0.3227579891681671,-999.0,1,19.524999618530273,19.524999618530273,-999.0,-999.0,-999.0,0,20.26689910888672,0.3227579891681671,-999.0,1,4112,0.010218640343900494
PSO J139.6071+35.9140,-999,-999,-999,151091396071017360,3578835000026186,214022515353161,0,16486947889829,15109,1,2038,90,0.326454621112398,3578835,49831,3,268959744,0,32,-999.0,-999.0,-999.0,-999.0,139.60711323,35.91396743,0.30880001187324524,0.30880001187324524,,,,,57035.57056713,-999.0,-0.6168340265077744,0.5248348716500755,0.5865698093511591,130.79042213966144,19.23235929832384,188.0423734728784,44.323993340646815,-999,0,1,0,0,1,0,0,-999.0,-999.0,-999.0,-999.0,0,-999.0,-999.0,-999.0,-999.0,-999.0,0,-999.0,-999.0,-999.0,0,0,-999.0,-999.0,-999.0,-999.0,0,-999.0,-999.0,-999.0,-999.0,-999.0,0,-999.0,-999.0,-999.0,0,0,0.8350880146026611,22.158599853515625,0.3084299862384796,-999.0,1,22.158599853515625,22.158599853515625,-999.0,-999.0,-999.0,0,23.56089973449707,0.3084299862384796,-999.0,1,4120,-999.0,-999.0,-999.0,-999.0,0,-999.0,-999.0,-999.0,-999.0,-999.0,0,-999.0,-999.0,-999.0,0,0,-999.0,-999.0,-999.0,-999.0,0,-999.0,-999.0,-999.0,-999.0,-999.0,0,-999.0,-999.0,-999.0,0,0,0.009634848558045046
PSO J139.6072+35.9103,-999,-999,-999,151091396071702923,3578835000026196,214022515353171,0,16486947891752,15109,1,2038,90,0.175288992165857,3578835,49831,3,276901888,0,33,-999.0,-999.0,-999.0,-999.0,139.60719807,35.91026663,0.022110000252723694,0.022110000252723694,,,,,57049.43763889,-999.0,-0.6168636580136542,0.5248585090189744,0.5865174958450879,130.79174867296814,19.22887621745445,188.0475377224685,44.323767020297566,-999,0,1,0,0,1,0,0,-999.0,-999.0,-999.0,-999.0,0,-999.0,-999.0,-999.0,-999.0,-999.0,0,-999.0,-999.0,-999.0,0,0,-999.0,-999.0,-999.0,-999.0,0,-999.0,-999.0,-999.0,-999.0,-999.0,0,-999.0,-999.0,-999.0,0,0,0.9982680082321167,19.090200424194336,0.016242999583482742,-999.0,1,19.090200424194336,19.090200424194336,18.742799758911133,0.023440999910235405,-999.0,1,18.7322998046875,0.016242999583482742,-999.0,1,16777240,-999.0,-999.0,-999.0,-999.0,0,-999.0,-999.0,-999.0,-999.0,-999.0,0,-999.0,-999.0,-999.0,0,0,-999.0,-999.0,-999.0,-999.0,0,-999.0,-999.0,-999.0,-999.0,-999.0,0,-999.0,-999.0,-999.0,0,0,0.009163449676910445
PSO J139.6074+35.9155,-999,-999,-999,151091396073659139,3578835000026249,214022515353224,0,16486947889290,15109,1,2038,90,0.000631176867178806,3578835,49831,3,268959744,0,32,-999.0,-999.0,-999.0,-999.0,139.60738699,35.91546268,0.22045999765396118,0.22045999765396118,,,,,55250.33512731,-999.0,-0.6168248752544422,0.5248220044806486,0.5865909451059194,130.79013641323039,19.233846628064747,188.0403146881014,44.32433340099719,-999,0,1,1,0,0,0,0,0.7075510025024414,21.408300399780273,0.2199459969997406,-999.0,1,21.408300399780273,21.408300399780273,-999.0,-999.0,-999.0,0,20.91069984436035,0.2199459969997406,-999.0,1,4120,-999.0,-999.0,-999.0,-999.0,0,-999.0,-999.0,-999.0,-999.0,-999.0,0,-999.0,-999.0,-999.0,0,0,-999.0,-999.0,-999.0,-999.0,0,-999.0,-999.0,-999.0,-999.0,-999.0,0,-999.0,-999.0,-999.0,0,0,-999.0,-999.0,-999.0,-999.0,0,-999.0,-999.0,-999.0,-999.0,-999.0,0,-999.0,-999.0,-999.0,0,0,-999.0,-999.0,-999.0,-999.0,0,-999.0,-999.0,-999.0,-999.0,-999.0,0,-999.0,-999.0,-999.0,0,0,0.010428930403915434
PSO J139.6074+35.9160,-999,-999,-999,151091396074009864,3578835000026260,214022515353235,0,16486947934305,15109,1,2038,90,0.400715777092349,3578835,49831,3,268959744,0,32,-999.0,-999.0,-999.0,-999.0,139.60741123,35.9160495,0.265610009431839,0.265610009431839,,,,,55250.31699074,-999.0,-0.6168205215610775,0.524817850292029,0.5865992398528778,130.78995668336023,19.234408718714633,188.03949920177698,44.32439968034533,-999,0,1,0,1,0,0,0,-999.0,-999.0,-999.0,-999.0,0,-999.0,-999.0,-999.0,-999.0,-999.0,0,-999.0,-999.0,-999.0,0,0,0.6275650262832642,21.608699798583984,0.26518499851226807,-999.0,1,21.608699798583984,21.608699798583984,-999.0,-999.0,-999.0,0,-999.0,-999.0,-999.0,0,4120,-999.0,-999.0,-999.0,-999.0,0,-999.0,-999.0,-999.0,-999.0,-999.0,0,-999.0,-999.0,-999.0,0,0,-999.0,-999.0,-999.0,-999.0,0,-999.0,-999.0,-999.0,-999.0,-999.0,0,-999.0,-999.0,-999.0,0,0,-999.0,-999.0,-999.0,-999.0,0,-999.0,-999.0,-999.0,-999.0,-999.0,0,-999.0,-999.0,-999.0,0,0,0.01072394372879753
PSO J139.6074+35.9099,-999,-999,-999,151091396074252505,3578835000026263,214022515353238,0,16486947891729,15109,1,2038,90,0.0437534200435071,3578835,49831,3,268959744,0,32,-999.0,-999.0,-999.0,-999.0,139.6074378,35.90992092,0.20333999395370483,0.20333999395370483,,,,,57035.55862269,-999.0,-0.6168685493638632,0.524858221291439,0.5865126088572264,130.79206091617567,19.228611085202377,188.04804105428963,44.323933017723334,-999,0,1,0,0,1,0,0,-999.0,-999.0,-999.0,-999.0,0,-999.0,-999.0,-999.0,-999.0,-999.0,0,-999.0,-999.0,-999.0,0,0,-999.0,-999.0,-999.0,-999.0,0,-999.0,-999.0,-999.0,-999.0,-999.0,0,-999.0,-999.0,-999.0,0,0,0.7847359776496887,21.654600143432617,0.20278200507164001,-999.0,1,21.654600143432617,21.654600143432617,-999.0,-999.0,-999.0,0,22.332799911499023,0.20278200507164001,-999.0,1,4120,-999.0,-999.0,-999.0,-999.0,0,-999.0,-999.0,-999.0,-999.0,-999.0,0,-999.0,-999.0,-999.0,0,0,-999.0,-999.0,-999.0,-999.0,0,-999.0,-999.0,-999.0,-999.0,-999.0,0,-999.0,-999.0,-999.0,0,0,0.009381583884827266
PSO J139.6075+35.9083,-999,-999,-999,151091396075350576,3578835000026300,214022515353275,0,16486947893580,15109,1,2038,90,0.203080273422487,3578835,49831,3,268959744,0,32,-999.0,-999.0,-999.0,-999.0,139.60754822,35.90831323,0.24075999855995178,0.24075999855995178,,,,,57035.55862269,-999.0,-0.6168820948473287,0.5248676968736413,0.586489882125285,130.79269693659296,19.227117091782137,188.0502911250927,44.323894018112206,-999,0,1,0,0,1,0,0,-999.0,-999.0,-999.0,-999.0,0,-999.0,-999.0,-999.0,-999.0,-999.0,0,-999.0,-999.0,-999.0,0,0,-999.0,-999.0,-999.0,-999.0,0,-999.0,-999.0,-999.0,-999.0,-999.0,0,-999.0,-999.0,-999.0,0,0,0.6192169785499573,21.61009979248047,0.24028900265693665,-999.0,1,21.61009979248047,21.61009979248047,-999.0,-999.0,-999.0,0,24.318300247192383,0.24028900265693665,-999.0,1,4120,-999.0,-999.0,-999.0,-999.0,0,-999.0,-999.0,-999.0,-999.0,-999.0,0,-999.0,-999.0,-999.0,0,0,-999.0,-999.0,-999.0,-999.0,0,-999.0,-999.0,-999.0,-999.0,-999.0,0,-999.0,-999.0,-999.0,0,0,0.009744017676400485
PSO J139.6076+35.9094,-999,-999,-999,151091396075941826,3578835000026317,214022515353292,0,16486947893722,15109,1,2038,90,0.786191063733949,3578835,49831,3,268959744,0,32,-999.0,-999.0,-999.0,-999.0,139.60761685,35.9093657,0.42684000730514526,0.42684000730514526,,,,,55250.24451389,-999.0,-0.6168745182522175,0.5248599765902021,0.5865047601723511,130.79239505501135,19.22813175138323,188.04883083869026,44.324033325011186,-999,0,1,0,0,0,1,0,-999.0,-999.0,-999.0,-999.0,0,-999.0,-999.0,-999.0,-999.0,-999.0,0,-999.0,-999.0,-999.0,0,0,-999.0,-999.0,-999.0,-999.0,0,-999.0,-999.0,-999.0,-999.0,-999.0,0,-999.0,-999.0,-999.0,0,0,-999.0,-999.0,-999.0,-999.0,0,-999.0,-999.0,-999.0,-999.0,-999.0,0,-999.0,-999.0,-999.0,0,0,0.3296760022640228,20.95509910583496,0.4265750050544739,-999.0,1,20.95509910583496,20.95509910583496,-999.0,-999.0,-999.0,0,-999.0,-999.0,-999.0,0,4120,-999.0,-999.0,-999.0,-999.0,0,-999.0,-999.0,-999.0,-999.0,-999.0,0,-999.0,-999.0,-999.0,0,0,0.009590362947401879
PSO J139.6078+35.9103,-999,-999,-999,151091396078052949,3578835000026392,214022515353367,0,16486947891959,15109,1,2038,90,0.109945904565925,3578835,49831,3,268513280,0,32,-999.0,-999.0,-999.0,-999.0,139.60783033,35.91028919,0.02311999909579754,0.02311999909579754,,,,,57033.55729167,-999.0,-0.6168692739101136,0.52485155223278,0.5865178147545483,130.79225467955254,19.22906189243298,188.04756333120585,44.32427927990586,-999,0,1,0,0,1,0,0,-999.0,-999.0,-999.0,-999.0,0,-999.0,-999.0,-999.0,-999.0,-999.0,0,-999.0,-999.0,-999.0,0,0,-999.0,-999.0,-999.0,-999.0,0,-999.0,-999.0,-999.0,-999.0,-999.0,0,-999.0,-999.0,-999.0,0,0,0.9938690066337585,18.97960090637207,0.01758899912238121,-999.0,1,18.97960090637207,18.97960090637207,19.7987003326416,0.0522800013422966,-999.0,1,19.73900032043457,0.01758899912238121,-999.0,1,24,-999.0,-999.0,-999.0,-999.0,0,-999.0,-999.0,-999.0,-999.0,-999.0,0,-999.0,-999.0,-999.0,0,0,-999.0,-999.0,-999.0,-999.0,0,-999.0,-999.0,-999.0,-999.0,-999.0,0,-999.0,-999.0,-999.0,0,0,0.009673761093868461
PSO J139.6080+35.9161,-999,-999,-999,151091396081539829,3578835000026522,214022515353497,0,16486947934323,15109,1,2038,90,0.541178796944375,3578835,49831,3,268959744,0,32,-999.0,-999.0,-999.0,-999.0,139.60797585,35.91605736,0.16088999807834625,0.16088999807834625,,,,,55636.93905093,-999.0,-0.6168256320478007,0.5248117196757006,0.5865993509541797,130.7904127116662,19.23456288763269,188.0395391235839,44.32485612820904,-999,0,2,0,1,0,0,1,-999.0,-999.0,-999.0,-999.0,0,-999.0,-999.0,-999.0,-999.0,-999.0,0,-999.0,-999.0,-999.0,0,0,0.608905017375946,21.81170082092285,0.2109909951686859,-999.0,1,21.81170082092285,21.81170082092285,21.554800033569336,0.22888299822807312,-999.0,1,22.61910057067871,0.2109909951686859,-999.0,1,4120,-999.0,-999.0,-999.0,-999.0,0,-999.0,-999.0,-999.0,-999.0,-999.0,0,-999.0,-999.0,-999.0,0,0,-999.0,-999.0,-999.0,-999.0,0,-999.0,-999.0,-999.0,-999.0,-999.0,0,-999.0,-999.0,-999.0,0,0,0.6759799718856812,18.999000549316406,0.24736900627613068,-999.0,1,18.999000549316406,18.999000549316406,-999.0,-999.0,-999.0,0,18.799800872802734,0.24736900627613068,-999.0,1,4112,0.011127535044831223
PSO J139.6084+35.9133,-999,-999,-999,151091396083726505,3578835000026594,214022515353569,0,16486947892539,15109,1,2038,90,0.584617976643721,3578835,49831,3,268959744,0,32,-999.0,-999.0,-999.0,-999.0,139.60839261,35.91326719,0.2519800066947937,0.2519800066947937,,,,,55250.26677083,-999.0,-0.6168512055174579,0.5248257433661577,0.5865599111359546,130.79169949434697,19.232028554369247,188.0434645195927,44.32497046153202,-999,0,1,0,0,0,0,1,-999.0,-999.0,-999.0,-999.0,0,-999.0,-999.0,-999.0,-999.0,-999.0,0,-999.0,-999.0,-999.0,0,0,-999.0,-999.0,-999.0,-999.0,0,-999.0,-999.0,-999.0,-999.0,-999.0,0,-999.0,-999.0,-999.0,0,0,-999.0,-999.0,-999.0,-999.0,0,-999.0,-999.0,-999.0,-999.0,-999.0,0,-999.0,-999.0,-999.0,0,0,-999.0,-999.0,-999.0,-999.0,0,-999.0,-999.0,-999.0,-999.0,-999.0,0,-999.0,-999.0,-999.0,0,0,0.5685750246047974,19.456100463867188,0.25153398513793945,-999.0,1,19.456100463867188,19.456100463867188,-999.0,-999.0,-999.0,0,20.059799194335938,0.25153398513793945,-999.0,1,4112,0.01042641569876063
PSO J139.6086+35.9156,-999,-999,-999,151091396085819314,3578835000026682,214022515353657,0,16486947935167,15109,1,2038,90,0.180029754694579,3578835,49831,3,268959744,0,32,-999.0,-999.0,-999.0,-999.0,139.60859918,35.9155922,0.2681899964809418,0.2681899964809418,,,,,57033.59305556,-999.0,-0.6168349686772158,0.5248080951115431,0.5865927758866211,130.791077188903,19.234284306978555,188.04024344592995,44.32532232721093,-999,0,1,0,0,1,0,0,-999.0,-999.0,-999.0,-999.0,0,-999.0,-999.0,-999.0,-999.0,-999.0,0,-999.0,-999.0,-999.0,0,0,-999.0,-999.0,-999.0,-999.0,0,-999.0,-999.0,-999.0,-999.0,-999.0,0,-999.0,-999.0,-999.0,0,0,0.6046580076217651,21.576499938964844,0.267767995595932,-999.0,1,21.576499938964844,21.576499938964844,-999.0,-999.0,-999.0,0,22.654800415039062,0.267767995595932,-999.0,1,4120,-999.0,-999.0,-999.0,-999.0,0,-999.0,-999.0,-999.0,-999.0,-999.0,0,-999.0,-999.0,-999.0,0,0,-999.0,-999.0,-999.0,-999.0,0,-999.0,-999.0,-999.0,-999.0,-999.0,0,-999.0,-999.0,-999.0,0,0,0.011367992936642113
PSO J139.6087+35.9105,-999,-999,-999,151091396086783185,3578835000026715,214022515353690,0,16486947892076,15109,1,2038,90,0.605954136332454,3578835,49831,3,302067712,0,36,-999.0,-999.0,-999.0,-999.0,139.60870495,35.91048537,0.19336000084877014,0.19336000084877014,,,,,55249.29614583,-999.0,-0.6168757561515947,0.5248408343188603,0.5865205879625036,130.79289858843995,19.22947499308417,188.0473688773563,44.32500104509197,-999,0,2,1,0,1,0,0,0.5581269860267639,21.072200775146484,0.18885500729084015,-999.0,1,21.072200775146484,21.072200775146484,20.931100845336914,0.20413300395011902,-999.0,1,21.066499710083008,0.18885500729084015,-999.0,1,4120,-999.0,-999.0,-999.0,-999.0,0,-999.0,-999.0,-999.0,-999.0,-999.0,0,-999.0,-999.0,-999.0,0,0,0.9133599996566772,21.057100296020508,0.1927729994058609,-999.0,1,21.057100296020508,21.057100296020508,-999.0,-999.0,-999.0,1,20.712400436401367,0.1927729994058609,-999.0,1,280,-999.0,-999.0,-999.0,-999.0,0,-999.0,-999.0,-999.0,-999.0,-999.0,0,-999.0,-999.0,-999.0,0,0,-999.0,-999.0,-999.0,-999.0,0,-999.0,-999.0,-999.0,-999.0,-999.0,0,-999.0,-999.0,-999.0,0,0,0.010374526693678563
PSO J139.6088+35.9119,-999,-999,-999,151091396087604867,3578835000026744,214022515353719,0,16486947891542,15109,1,2038,90,0.196077335808498,3578835,49831,3,268959744,0,32,-999.0,-999.0,-999.0,-999.0,139.60876562,35.91188555,0.1790499985218048,0.1790499985218048,,,,,55250.29357639,-999.0,-0.6168653949808371,0.5248308929667506,0.5865403807606592,130.79247206077721,19.230816905200097,188.0454233353087,44.3251615711392,-999,0,1,0,0,1,0,0,-999.0,-999.0,-999.0,-999.0,0,-999.0,-999.0,-999.0,-999.0,-999.0,0,-999.0,-999.0,-999.0,0,0,-999.0,-999.0,-999.0,-999.0,0,-999.0,-999.0,-999.0,-999.0,-999.0,0,-999.0,-999.0,-999.0,0,0,0.7251319885253906,20.67060089111328,0.17841799557209015,-999.0,1,20.67060089111328,20.67060089111328,20.645599365234375,0.2518100142478943,-999.0,1,20.766000747680664,0.17841799557209015,-999.0,1,4112,-999.0,-999.0,-999.0,-999.0,0,-999.0,-999.0,-999.0,-999.0,-999.0,0,-999.0,-999.0,-999.0,0,0,-999.0,-999.0,-999.0,-999.0,0,-999.0,-999.0,-999.0,-999.0,-999.0,0,-999.0,-999.0,-999.0,0,0,0.010481888678703814
PSO J139.5964+35.9221,-999,-999,-999,151101395963497139,3578835000023525,214022515350500,0,16486947487539,15110,1,2038,90,0.645533198160616,3578835,49831,3,302067712,0,36,-999.0,-999.0,-999.0,-999.0,139.59638755,35.92212793,0.18671999871730804,0.18671999871730804,,,,,55250.32818287,-999.0,-0.6166721428469191,0.5248961771279059,0.5866851553202101,130.7789356484973,19.23730146801721,188.03003699075404,44.315984314004055,-999,0,2,1,0,0,0,1,0.1607310026884079,21.551000595092773,0.18611399829387665,-999.0,1,21.551000595092773,21.551000595092773,21.162500381469727,0.23429399728775024,-999.0,1,20.878000259399414,0.18611399829387665,-999.0,1,16777752,-999.0,-999.0,-999.0,-999.0,0,-999.0,-999.0,-999.0,-999.0,-999.0,0,-999.0,-999.0,-999.0,0,0,-999.0,-999.0,-999.0,-999.0,0,-999.0,-999.0,-999.0,-999.0,-999.0,0,-999.0,-999.0,-999.0,0,0,-999.0,-999.0,-999.0,-999.0,0,-999.0,-999.0,-999.0,-999.0,-999.0,0,-999.0,-999.0,-999.0,0,0,0.6318719983100891,20.13599967956543,0.2646839916706085,-999.0,1,20.13599967956543,20.13599967956543,-999.0,-999.0,-999.0,0,19.996299743652344,0.2646839916706085,-999.0,1,4120,0.0113847793380482
PSO J139.5965+35.9181,-999,-999,-999,151101395965132341,3578835000023562,214022515350537,0,16486947483704,15110,1,2038,90,0.43301233968978,3578835,49831,3,268959744,0,32,-999.0,-999.0,-999.0,-999.0,139.59651115,35.9180966,0.2190999984741211,0.2190999984741211,,,,,55651.25465278,-999.0,-0.6167047076692759,0.5249216012827972,0.5866281752910076,130.78040584867517,19.23351534142373,188.03566453051323,44.315763098308025,-999,0,1,0,0,0,0,1,-999.0,-999.0,-999.0,-999.0,0,-999.0,-999.0,-999.0,-999.0,-999.0,0,-999.0,-999.0,-999.0,0,0,-999.0,-999.0,-999.0,-999.0,0,-999.0,-999.0,-999.0,-999.0,-999.0,0,-999.0,-999.0,-999.0,0,0,-999.0,-999.0,-999.0,-999.0,0,-999.0,-999.0,-999.0,-999.0,-999.0,0,-999.0,-999.0,-999.0,0,0,-999.0,-999.0,-999.0,-999.0,0,-999.0,-999.0,-999.0,-999.0,-999.0,0,-999.0,-999.0,-999.0,0,0,0.6964510083198547,20.06559944152832,0.21858899295330048,-999.0,1,20.06559944152832,20.06559944152832,-999.0,-999.0,-999.0,0,20.111900329589844,0.21858899295330048,-999.0,1,4120,0.007363254960549572
PSO J139.5967+35.9215,-999,-999,-999,151101395966846420,3578835000023617,214022515350592,0,16486947487373,15110,1,2038,90,0.0475298194657358,3578835,49831,3,268959744,0,32,-999.0,-999.0,-999.0,-999.0,139.59668159,35.92149486,0.22130000591278076,0.22130000591278076,,,,,55651.25465278,-999.0,-0.6166797728846726,0.5248972139910317,0.5866762075108909,130.77938963107442,19.23677825550349,188.03094547089745,44.31617128818305,-999,0,1,0,0,0,0,1,-999.0,-999.0,-999.0,-999.0,0,-999.0,-999.0,-999.0,-999.0,-999.0,0,-999.0,-999.0,-999.0,0,0,-999.0,-999.0,-999.0,-999.0,0,-999.0,-999.0,-999.0,-999.0,-999.0,0,-999.0,-999.0,-999.0,0,0,-999.0,-999.0,-999.0,-999.0,0,-999.0,-999.0,-999.0,-999.0,-999.0,0,-999.0,-999.0,-999.0,0,0,-999.0,-999.0,-999.0,-999.0,0,-999.0,-999.0,-999.0,-999.0,-999.0,0,-999.0,-999.0,-999.0,0,0,0.5456219911575317,20.018999099731445,0.22078800201416016,-999.0,1,20.018999099731445,20.018999099731445,-999.0,-999.0,-999.0,0,21.06049919128418,0.22078800201416016,-999.0,1,4120,0.010763488960552558
PSO J139.5967+35.9163,-999,-999,-999,151101395967150198,3578835000023621,214022515350596,0,16486947434645,15110,1,2038,90,0.0980883949418444,3578835,49831,3,268959744,0,32,-999.0,-999.0,-999.0,-999.0,139.59673176,35.91632106,0.21562999486923218,0.21562999486923218,,,,,55650.26423611,-999.0,-0.6167205718683375,0.5249310094668952,0.5866030783540582,130.78118835755413,19.231890969300032,188.03815807281993,44.31579973336607,-999,0,1,0,0,0,1,0,-999.0,-999.0,-999.0,-999.0,0,-999.0,-999.0,-999.0,-999.0,-999.0,0,-999.0,-999.0,-999.0,0,0,-999.0,-999.0,-999.0,-999.0,0,-999.0,-999.0,-999.0,-999.0,-999.0,0,-999.0,-999.0,-999.0,0,0,-999.0,-999.0,-999.0,-999.0,0,-999.0,-999.0,-999.0,-999.0,-999.0,0,-999.0,-999.0,-999.0,0,0,0.615684986114502,21.11720085144043,0.21510499715805054,-999.0,1,21.11720085144043,21.11720085144043,-999.0,-999.0,-999.0,0,21.252700805664062,0.21510499715805054,-999.0,1,4120,-999.0,-999.0,-999.0,-999.0,0,-999.0,-999.0,-999.0,-999.0,-999.0,0,-999.0,-999.0,-999.0,0,0,0.005611640322106365
PSO J139.5970+35.9203,-999,-999,-999,151101395970034924,3578835000023692,214022515350667,0,16486947484560,15110,1,2038,90,0.0355587434354785,3578835,49831,3,268959744,0,32,-999.0,-999.0,-999.0,-999.0,139.59702045,35.92025838,0.178849995136261,0.178849995136261,,,,,55650.26423611,-999.0,-0.6166925183865373,0.5249017729297831,0.5866587309000361,130.7800850585607,19.23569517473116,188.03269866621278,44.316346401674316,-999,0,1,0,0,0,1,0,-999.0,-999.0,-999.0,-999.0,0,-999.0,-999.0,-999.0,-999.0,-999.0,0,-999.0,-999.0,-999.0,0,0,-999.0,-999.0,-999.0,-999.0,0,-999.0,-999.0,-999.0,-999.0,-999.0,0,-999.0,-999.0,-999.0,0,0,-999.0,-999.0,-999.0,-999.0,0,-999.0,-999.0,-999.0,-999.0,-999.0,0,-999.0,-999.0,-999.0,0,0,0.5916230082511902,20.856199264526367,0.17821599543094635,-999.0,1,20.856199264526367,20.856199264526367,-999.0,-999.0,-999.0,0,21.33930015563965,0.17821599543094635,-999.0,1,4120,-999.0,-999.0,-999.0,-999.0,0,-999.0,-999.0,-999.0,-999.0,-999.0,0,-999.0,-999.0,-999.0,0,0,0.009551582354986756
PSO J139.5973+35.9238,-999,-999,-999,151101395972879138,3578835000023781,214022515350756,0,16486947486877,15110,1,2038,90,0.164321196418555,3578835,49831,3,268959744,0,32,-999.0,-999.0,-999.0,-999.0,139.59730461,35.9237687,0.27827000617980957,0.27827000617980957,,,,,55650.26423611,-999.0,-0.6166677499076655,0.524875417025966,0.5867083456246682,130.77912310225156,19.23909376219207,188.02783365139717,44.31685516161138,-999,0,1,0,0,0,1,0,-999.0,-999.0,-999.0,-999.0,0,-999.0,-999.0,-999.0,-999.0,-999.0,0,-999.0,-999.0,-999.0,0,0,-999.0,-999.0,-999.0,-999.0,0,-999.0,-999.0,-999.0,-999.0,-999.0,0,-999.0,-999.0,-999.0,0,0,-999.0,-999.0,-999.0,-999.0,0,-999.0,-999.0,-999.0,-999.0,-999.0,0,-999.0,-999.0,-999.0,0,0,0.6621869802474976,21.423799514770508,0.27786898612976074,-999.0,1,21.423799514770508,21.423799514770508,-999.0,-999.0,-999.0,0,22.9601993560791,0.27786898612976074,-999.0,1,4120,-999.0,-999.0,-999.0,-999.0,0,-999.0,-999.0,-999.0,-999.0,-999.0,0,-999.0,-999.0,-999.0,0,0,0.013068303524792083
PSO J139.5974+35.9229,-999,-999,-999,151101395974018046,3578835000023803,214022515350778,0,16486947487562,15110,1,2038,90,0.172903510902918,3578835,49831,3,302067712,0,36,-999.0,-999.0,-999.0,-999.0,139.59742865,35.92286808,0.18176999688148499,0.18176999688148499,,,,,55650.26423611,-999.0,-0.6166759090346049,0.524880059430459,0.5866956165070791,130.77952990213132,19.238272977591514,188.0290995817568,44.316883635932946,-999,0,1,0,0,0,1,0,-999.0,-999.0,-999.0,-999.0,0,-999.0,-999.0,-999.0,-999.0,-999.0,0,-999.0,-999.0,-999.0,0,0,-999.0,-999.0,-999.0,-999.0,0,-999.0,-999.0,-999.0,-999.0,-999.0,0,-999.0,-999.0,-999.0,0,0,-999.0,-999.0,-999.0,-999.0,0,-999.0,-999.0,-999.0,-999.0,-999.0,0,-999.0,-999.0,-999.0,0,0,0.8820269703865051,21.046199798583984,0.18115299940109253,-999.0,1,21.046199798583984,21.046199798583984,20.934799194335938,0.21050000190734863,-999.0,1,20.987300872802734,0.18115299940109253,-999.0,1,280,-999.0,-999.0,-999.0,-999.0,0,-999.0,-999.0,-999.0,-999.0,-999.0,0,-999.0,-999.0,-999.0,0,0,0.01218115448276985
PSO J139.5974+35.9224,-999,-999,-999,151101395974057534,3578835000023804,214022515350779,0,16486947487325,15110,1,2038,90,0.124572375905302,3578835,49831,3,268959744,0,32,-999.0,-999.0,-999.0,-999.0,139.59740924,35.92242886,0.21362000703811646,0.21362000703811646,,,,,55650.25525463,-999.0,-0.6166791560994398,0.5248831834071407,0.5866894086387351,130.77966338192198,19.237851932782252,188.02970976246948,44.31683301733493,-999,0,1,0,0,0,1,0,-999.0,-999.0,-999.0,-999.0,0,-999.0,-999.0,-999.0,-999.0,-999.0,0,-999.0,-999.0,-999.0,0,0,-999.0,-999.0,-999.0,-999.0,0,-999.0,-999.0,-999.0,-999.0,-999.0,0,-999.0,-999.0,-999.0,0,0,-999.0,-999.0,-999.0,-999.0,0,-999.0,-999.0,-999.0,-999.0,-999.0,0,-999.0,-999.0,-999.0,0,0,0.40955498814582825,20.903200149536133,0.21309399604797363,-999.0,1,20.903200149536133,20.903200149536133,-999.0,-999.0,-999.0,0,21.939300537109375,0.21309399604797363,-999.0,1,4120,-999.0,-999.0,-999.0,-999.0,0,-999.0,-999.0,-999.0,-999.0,-999.0,0,-999.0,-999.0,-999.0,0,0,0.011742647319574485
PSO J139.5975+35.9205,-999,-999,-999,151101395974465277,3578835000023810,214022515350785,0,16486947484108,15110,1,2038,90,0.456135604955382,3578835,49831,3,268959744,0,32,-999.0,-999.0,-999.0,-999.0,139.59745037,35.92054898,0.22404000163078308,0.22404000163078308,,,,,55650.25525463,-999.0,-0.6166941911080339,0.5248952169686967,0.5866628383125971,130.780335573302,19.236082111796584,188.03233254095002,44.31671659530033,-999,0,1,0,0,0,1,0,-999.0,-999.0,-999.0,-999.0,0,-999.0,-999.0,-999.0,-999.0,-999.0,0,-999.0,-999.0,-999.0,0,0,-999.0,-999.0,-999.0,-999.0,0,-999.0,-999.0,-999.0,-999.0,-999.0,0,-999.0,-999.0,-999.0,0,0,-999.0,-999.0,-999.0,-999.0,0,-999.0,-999.0,-999.0,-999.0,-999.0,0,-999.0,-999.0,-999.0,0,0,0.648389995098114,21.18869972229004,0.22353799641132355,-999.0,1,21.18869972229004,21.18869972229004,-999.0,-999.0,-999.0,0,21.12579917907715,0.22353799641132355,-999.0,1,4120,-999.0,-999.0,-999.0,-999.0,0,-999.0,-999.0,-999.0,-999.0,-999.0,0,-999.0,-999.0,-999.0,0,0,0.009879098153832446
PSO J139.5981+35.9235,-999,-999,-999,151101395981098799,3578835000023971,214022515350946,0,16486947485448,15110,1,2038,90,0.555782888602263,3578835,49831,3,310456320,0,37,-999.0,-999.0,-999.0,-999.0,139.59814519,35.92349009,0.1833299994468689,0.1833299994468689,,,,,55275.32935185,-999.0,-0.6166776228045229,0.5248682190326548,0.5867044078423577,130.77990062953907,19.239048269905965,188.02829750459847,44.31751154124605,-999,0,1,1,0,0,0,0,0.9994300007820129,21.969600677490234,0.18271499872207642,-999.0,1,21.969600677490234,21.969600677490234,21.173099517822266,0.1891860067844391,-999.0,1,21.161300659179688,0.18271499872207642,-999.0,1,16778264,-999.0,-999.0,-999.0,-999.0,0,-999.0,-999.0,-999.0,-999.0,-999.0,0,-999.0,-999.0,-999.0,0,0,-999.0,-999.0,-999.0,-999.0,0,-999.0,-999.0,-999.0,-999.0,-999.0,0,-999.0,-999.0,-999.0,0,0,-999.0,-999.0,-999.0,-999.0,0,-999.0,-999.0,-999.0,-999.0,-999.0,0,-999.0,-999.0,-999.0,0,0,-999.0,-999.0,-999.0,-999.0,0,-999.0,-999.0,-999.0,-999.0,-999.0,0,-999.0,-999.0,-999.0,0,0,0.012869192762730072
PSO J139.5986+35.9174,-999,-999,-999,151101395985021493,3578835000024057,214022515351032,0,16486947427469,15110,1,2038,90,0.56101943232214,3578835,49831,3,268959744,0,32,-999.0,-999.0,-999.0,-999.0,139.59857242,35.91736235,0.18490999937057495,0.18490999937057495,,,,,55903.56032407,-999.0,-0.6167293166571597,0.5249042868685508,0.586617796868294,130.78232990227067,19.233355458040293,188.03687333497842,44.3173686476117,-999,0,1,0,0,0,0,1,-999.0,-999.0,-999.0,-999.0,0,-999.0,-999.0,-999.0,-999.0,-999.0,0,-999.0,-999.0,-999.0,0,0,-999.0,-999.0,-999.0,-999.0,0,-999.0,-999.0,-999.0,-999.0,-999.0,0,-999.0,-999.0,-999.0,0,0,-999.0,-999.0,-999.0,-999.0,0,-999.0,-999.0,-999.0,-999.0,-999.0,0,-999.0,-999.0,-999.0,0,0,-999.0,-999.0,-999.0,-999.0,0,-999.0,-999.0,-999.0,-999.0,-999.0,0,-999.0,-999.0,-999.0,0,0,0.7879819869995117,19.835500717163086,0.18430200219154358,-999.0,1,19.835500717163086,19.835500717163086,-999.0,-999.0,-999.0,0,19.682100296020508,0.18430200219154358,-999.0,1,4120,0.006957567355868014
PSO J139.5994+35.9238,-999,-999,-999,151101395994189113,3578835000024283,214022515351258,0,16486947485644,15110,1,2038,90,0.196146536801147,3578835,49831,3,268959744,0,32,-999.0,-999.0,-999.0,-999.0,139.59944198,35.92377215,0.27153000235557556,0.27153000235557556,,,,,55250.28234954,-999.0,-0.6166873026032517,0.5248523895012978,0.5867083943857492,130.78085824135837,19.23965234122494,188.0280212758544,44.31858079005238,-999,0,1,0,0,1,0,0,-999.0,-999.0,-999.0,-999.0,0,-999.0,-999.0,-999.0,-999.0,-999.0,0,-999.0,-999.0,-999.0,0,0,-999.0,-999.0,-999.0,-999.0,0,-999.0,-999.0,-999.0,-999.0,-999.0,0,-999.0,-999.0,-999.0,0,0,0.7962909936904907,19.763200759887695,0.27111899852752686,-999.0,1,19.763200759887695,19.763200759887695,-999.0,-999.0,-999.0,1,20.491899490356445,0.27111899852752686,-999.0,1,4112,-999.0,-999.0,-999.0,-999.0,0,-999.0,-999.0,-999.0,-999.0,-999.0,0,-999.0,-999.0,-999.0,0,0,-999.0,-999.0,-999.0,-999.0,0,-999.0,-999.0,-999.0,-999.0,-999.0,0,-999.0,-999.0,-999.0,0,0,0.013334347710060906
PSO J139.5995+35.9179,-999,-999,-999,151101395995222052,3578835000024304,214022515351279,0,16486947482046,15110,1,2038,90,0.495140682435726,3578835,49831,3,268959744,0,32,-999.0,-999.0,-999.0,-999.0,139.5995487,35.9178736,0.25960999727249146,0.25960999727249146,,,,,57049.42515046,-999.0,-0.6167342743845518,0.5248903855928303,0.5866250232572511,130.78294930978612,19.234093343927103,188.03624905683014,44.31819750502223,-999,0,1,0,0,1,0,0,-999.0,-999.0,-999.0,-999.0,0,-999.0,-999.0,-999.0,-999.0,-999.0,0,-999.0,-999.0,-999.0,0,0,-999.0,-999.0,-999.0,-999.0,0,-999.0,-999.0,-999.0,-999.0,-999.0,0,-999.0,-999.0,-999.0,0,0,0.8386440277099609,22.20949935913086,0.2591800093650818,-999.0,1,22.20949935913086,22.20949935913086,-999.0,-999.0,-999.0,0,23.65250015258789,0.2591800093650818,-999.0,1,4120,-999.0,-999.0,-999.0,-999.0,0,-999.0,-999.0,-999.0,-999.0,-999.0,0,-999.0,-999.0,-999.0,0,0,-999.0,-999.0,-999.0,-999.0,0,-999.0,-999.0,-999.0,-999.0,-999.0,0,-999.0,-999.0,-999.0,0,0,0.007712203489270992
PSO J139.5998+35.9221,-999,-999,-999,151101395997997159,3578835000024371,214022515351346,0,16486947480976,15110,1,2038,90,0.384535401486359,3578835,49831,3,302067712,0,36,-999.0,-999.0,-999.0,-999.0,139.59982137,35.92213061,0.2052299976348877,0.2052299976348877,,,,,57049.45013889,-999.0,-0.6167035786380997,0.5248592003345418,0.5866851931991692,130.78172426666177,19.23819615535689,188.0303425318066,44.31875646834702,-999,0,1,0,0,1,0,0,-999.0,-999.0,-999.0,-999.0,0,-999.0,-999.0,-999.0,-999.0,-999.0,0,-999.0,-999.0,-999.0,0,0,-999.0,-999.0,-999.0,-999.0,0,-999.0,-999.0,-999.0,-999.0,-999.0,0,-999.0,-999.0,-999.0,0,0,0.85869300365448,22.0447998046875,0.20468200743198395,-999.0,1,22.0447998046875,22.0447998046875,-999.0,-999.0,-999.0,0,21.801799774169922,0.20468200743198395,-999.0,1,280,-999.0,-999.0,-999.0,-999.0,0,-999.0,-999.0,-999.0,-999.0,-999.0,0,-999.0,-999.0,-999.0,0,0,-999.0,-999.0,-999.0,-999.0,0,-999.0,-999.0,-999.0,-999.0,-999.0,0,-999.0,-999.0,-999.0,0,0,0.011815416733668078
PSO J139.6001+35.9214,-999,-999,-999,151101396002216387,3578835000024494,214022515351469,0,16486947480854,15110,1,2038,90,0.612765815679697,3578835,49831,3,302067712,0,36,-999.0,-999.0,-999.0,-999.0,139.6000892,35.9214054,0.20223000645637512,0.20223000645637512,,,,,55250.28708333,-999.0,-0.6167116871224673,0.5248611303299757,0.5866749430777662,130.78218828044933,19.237578872182535,188.03137706170958,44.31891497334631,-999,0,2,0,0,2,0,0,-999.0,-999.0,-999.0,-999.0,0,-999.0,-999.0,-999.0,-999.0,-999.0,0,-999.0,-999.0,-999.0,0,0,-999.0,-999.0,-999.0,-999.0,0,-999.0,-999.0,-999.0,-999.0,-999.0,0,-999.0,-999.0,-999.0,0,0,0.8874840140342712,20.497299194335938,0.2016720026731491,-999.0,1,20.497299194335938,20.497299194335938,20.654399871826172,0.27440500259399414,-999.0,1,20.41790008544922,0.2016720026731491,-999.0,1,272,-999.0,-999.0,-999.0,-999.0,0,-999.0,-999.0,-999.0,-999.0,-999.0,0,-999.0,-999.0,-999.0,0,0,-999.0,-999.0,-999.0,-999.0,0,-999.0,-999.0,-999.0,-999.0,-999.0,0,-999.0,-999.0,-999.0,0,0,0.01118249585264722
PSO J139.6003+35.9236,-999,-999,-999,151101396003138891,3578835000024522,214022515351497,0,16486947484854,15110,1,2038,90,0.890226080911445,3578835,49831,3,268959744,0,32,-999.0,-999.0,-999.0,-999.0,139.6003282,35.92358965,0.3061699867248535,0.3061699867248535,,,,,55250.32818287,-999.0,-0.6166968438268526,0.5248440620490983,0.5867058149923187,130.78164018753498,19.239709744700328,188.02835532514896,44.31928166216388,-999,0,1,1,0,0,0,0,0.6794679760932922,21.82710075378418,0.3057999908924103,-999.0,1,21.82710075378418,21.82710075378418,-999.0,-999.0,-999.0,1,23.57270050048828,0.3057999908924103,-999.0,1,4120,-999.0,-999.0,-999.0,-999.0,0,-999.0,-999.0,-999.0,-999.0,-999.0,0,-999.0,-999.0,-999.0,0,0,-999.0,-999.0,-999.0,-999.0,0,-999.0,-999.0,-999.0,-999.0,-999.0,0,-999.0,-999.0,-999.0,0,0,-999.0,-999.0,-999.0,-999.0,0,-999.0,-999.0,-999.0,-999.0,-999.0,0,-999.0,-999.0,-999.0,0,0,-999.0,-999.0,-999.0,-999.0,0,-999.0,-999.0,-999.0,-999.0,-999.0,0,-999.0,-999.0,-999.0,0,0,0.013331083509235614
PSO J139.6004+35.9193,-999,-999,-999,151101396003753726,3578835000024531,214022515351506,0,16486947483011,15110,1,2038,90,0.849990967521436,3578835,49831,3,268959744,0,32,-999.0,-999.0,-999.0,-999.0,139.60039262,35.91927353,0.31136998534202576,0.31136998534202576,,,,,55249.27380787,-999.0,-0.6167310899674411,0.5248720118063177,0.5866448106733416,130.7831592037392,19.235638540902578,188.03437465568248,44.31899024584504,-999,0,1,0,0,0,0,1,-999.0,-999.0,-999.0,-999.0,0,-999.0,-999.0,-999.0,-999.0,-999.0,0,-999.0,-999.0,-999.0,0,0,-999.0,-999.0,-999.0,-999.0,0,-999.0,-999.0,-999.0,-999.0,-999.0,0,-999.0,-999.0,-999.0,0,0,-999.0,-999.0,-999.0,-999.0,0,-999.0,-999.0,-999.0,-999.0,-999.0,0,-999.0,-999.0,-999.0,0,0,-999.0,-999.0,-999.0,-999.0,0,-999.0,-999.0,-999.0,-999.0,-999.0,0,-999.0,-999.0,-999.0,0,0,0.8493970036506653,19.9822998046875,0.31100499629974365,-999.0,1,19.9822998046875,19.9822998046875,-999.0,-999.0,-999.0,1,20.255800247192383,0.31100499629974365,-999.0,1,4112,0.009267652543051414
PSO J139.6009+35.9190,-999,-999,-999,151101396008613408,3578835000024638,214022515351613,0,16486947483071,15110,1,2038,90,0.610186771126638,3578835,49831,3,268959744,0,32,-999.0,-999.0,-999.0,-999.0,139.60088029,35.91902465,0.28571000695228577,0.28571000695228577,,,,,55250.30479167,-999.0,-0.6167374979775752,0.5248684140521437,0.5866412928858212,130.78363995171134,19.235529528678914,188.03476535369168,44.319364118417205,-999,0,1,0,1,0,0,0,-999.0,-999.0,-999.0,-999.0,0,-999.0,-999.0,-999.0,-999.0,-999.0,0,-999.0,-999.0,-999.0,0,0,0.5383870005607605,21.446800231933594,0.28531500697135925,-999.0,1,21.446800231933594,21.446800231933594,-999.0,-999.0,-999.0,0,21.86709976196289,0.28531500697135925,-999.0,1,4120,-999.0,-999.0,-999.0,-999.0,0,-999.0,-999.0,-999.0,-999.0,-999.0,0,-999.0,-999.0,-999.0,0,0,-999.0,-999.0,-999.0,-999.0,0,-999.0,-999.0,-999.0,-999.0,-999.0,0,-999.0,-999.0,-999.0,0,0,-999.0,-999.0,-999.0,-999.0,0,-999.0,-999.0,-999.0,-999.0,-999.0,0,-999.0,-999.0,-999.0,0,0,0.009205369113498745
PSO J139.6013+35.9165,-999,-999,-999,151101396012720358,3578835000024734,214022515351709,0,16486947430120,15110,1,2038,90,0.575610406301553,3578835,49831,3,268959744,0,32,-999.0,-999.0,-999.0,-999.0,139.60129741,35.91646294,0.3440699875354767,0.3440699875354767,,,,,57049.45013889,-999.0,-0.616761293140116,0.5248809226074388,0.5866050838229206,130.78484930032377,19.23321162639895,188.0383721087698,44.3194968847652,-999,0,1,0,0,1,0,0,-999.0,-999.0,-999.0,-999.0,0,-999.0,-999.0,-999.0,-999.0,-999.0,0,-999.0,-999.0,-999.0,0,0,-999.0,-999.0,-999.0,-999.0,0,-999.0,-999.0,-999.0,-999.0,-999.0,0,-999.0,-999.0,-999.0,0,0,0.5168190002441406,22.49920082092285,0.34374600648880005,-999.0,1,22.49920082092285,22.49920082092285,-999.0,-999.0,-999.0,0,-999.0,-999.0,-999.0,0,4120,-999.0,-999.0,-999.0,-999.0,0,-999.0,-999.0,-999.0,-999.0,-999.0,0,-999.0,-999.0,-999.0,0,0,-999.0,-999.0,-999.0,-999.0,0,-999.0,-999.0,-999.0,-999.0,-999.0,0,-999.0,-999.0,-999.0,0,0,0.007193511241215999
PSO J139.6015+35.9185,-999,-999,-999,151101396014682793,3578835000024783,214022515351758,0,16486947483123,15110,1,2038,90,0.662357974483034,3578835,49831,3,268959744,0,32,-999.0,-999.0,-999.0,-999.0,139.60148835,35.91850152,0.21342000365257263,0.21342000365257263,,,,,55250.24451389,-999.0,-0.6167471472297253,0.5248653401586257,0.5866338986831273,130.78431169755086,19.235192047834925,188.0355490101044,44.319813349342986,-999,0,1,0,0,0,1,0,-999.0,-999.0,-999.0,-999.0,0,-999.0,-999.0,-999.0,-999.0,-999.0,0,-999.0,-999.0,-999.0,0,0,-999.0,-999.0,-999.0,-999.0,0,-999.0,-999.0,-999.0,-999.0,-999.0,0,-999.0,-999.0,-999.0,0,0,-999.0,-999.0,-999.0,-999.0,0,-999.0,-999.0,-999.0,-999.0,-999.0,0,-999.0,-999.0,-999.0,0,0,0.7342529892921448,20.49209976196289,0.2128939926624298,-999.0,1,20.49209976196289,20.49209976196289,-999.0,-999.0,-999.0,0,21.227399826049805,0.2128939926624298,-999.0,1,4120,-999.0,-999.0,-999.0,-999.0,0,-999.0,-999.0,-999.0,-999.0,-999.0,0,-999.0,-999.0,-999.0,0,0,0.00897610006269206
PSO J139.6016+35.9180,-999,-999,-999,151101396015262129,3578835000024791,214022515351766,0,16486947482938,15110,1,2038,90,0.543519686482399,3578835,49831,3,268959744,0,32,-999.0,-999.0,-999.0,-999.0,139.60155285,35.91795375,0.2463500052690506,0.2463500052690506,,,,,55250.28234954,-999.0,-0.6167520092088601,0.5248682806705758,0.586626156152918,130.78455023441606,19.234689995871843,188.03631802128226,44.31982181098658,-999,0,1,0,0,1,0,0,-999.0,-999.0,-999.0,-999.0,0,-999.0,-999.0,-999.0,-999.0,-999.0,0,-999.0,-999.0,-999.0,0,0,-999.0,-999.0,-999.0,-999.0,0,-999.0,-999.0,-999.0,-999.0,-999.0,0,-999.0,-999.0,-999.0,0,0,0.8012549877166748,19.653499603271484,0.24589300155639648,-999.0,1,19.653499603271484,19.653499603271484,-999.0,-999.0,-999.0,1,19.90999984741211,0.24589300155639648,-999.0,1,4112,-999.0,-999.0,-999.0,-999.0,0,-999.0,-999.0,-999.0,-999.0,-999.0,0,-999.0,-999.0,-999.0,0,0,-999.0,-999.0,-999.0,-999.0,0,-999.0,-999.0,-999.0,-999.0,-999.0,0,-999.0,-999.0,-999.0,0,0,0.008535458538455736
PSO J139.6019+35.9181,-999,-999,-999,151101396018352275,3578835000024857,214022515351832,0,16486947482905,15110,1,2038,90,0.479923630580235,3578835,49831,3,268513280,0,32,-999.0,-999.0,-999.0,-999.0,139.60186244,35.91806319,0.019990000873804092,0.019990000873804092,,,,,55249.32787037,-999.0,-0.6167539919203383,0.5248642219301886,0.5866277030518974,130.78476455445477,19.23487409249118,188.03619343960924,44.32008045167047,-999,0,1,1,0,0,0,0,0.8998510241508484,18.845600128173828,0.013209999538958073,-999.0,1,18.845600128173828,18.845600128173828,19.51889991760254,0.029225999489426613,-999.0,1,19.791400909423828,0.013209999538958073,-999.0,1,24,-999.0,-999.0,-999.0,-999.0,0,-999.0,-999.0,-999.0,-999.0,-999.0,0,-999.0,-999.0,-999.0,0,0,-999.0,-999.0,-999.0,-999.0,0,-999.0,-999.0,-999.0,-999.0,-999.0,0,-999.0,-999.0,-999.0,0,0,-999.0,-999.0,-999.0,-999.0,0,-999.0,-999.0,-999.0,-999.0,-999.0,0,-999.0,-999.0,-999.0,0,0,-999.0,-999.0,-999.0,-999.0,0,-999.0,-999.0,-999.0,-999.0,-999.0,0,-999.0,-999.0,-999.0,0,0,0.008763644324970704
PSO J139.6019+35.9225,-999,-999,-999,151101396018897522,3578835000024867,214022515351842,0,16486947481588,15110,1,2038,90,0.376005163766449,3578835,49831,3,268959744,0,32,-999.0,-999.0,-999.0,-999.0,139.60191055,35.922453,0.3627200126647949,0.3627200126647949,,,,,55250.31005787,-999.0,-0.6167202021793756,0.5248345736205074,0.5866897498307005,130.78331189307298,19.239044320143336,188.03008145813007,44.320468598396886,-999,0,1,0,1,0,0,0,-999.0,-999.0,-999.0,-999.0,0,-999.0,-999.0,-999.0,-999.0,-999.0,0,-999.0,-999.0,-999.0,0,0,0.49148300290107727,21.97610092163086,0.362405002117157,-999.0,1,21.97610092163086,21.97610092163086,-999.0,-999.0,-999.0,0,24.00749969482422,0.362405002117157,-999.0,1,4120,-999.0,-999.0,-999.0,-999.0,0,-999.0,-999.0,-999.0,-999.0,-999.0,0,-999.0,-999.0,-999.0,0,0,-999.0,-999.0,-999.0,-999.0,0,-999.0,-999.0,-999.0,-999.0,-999.0,0,-999.0,-999.0,-999.0,0,0,-999.0,-999.0,-999.0,-999.0,0,-999.0,-999.0,-999.0,-999.0,-999.0,0,-999.0,-999.0,-999.0,0,0,0.012674992549711047
PSO J139.6022+35.9221,-999,-999,-999,151101396021897149,3578835000024937,214022515351912,0,16486947481569,15110,1,2038,90,0.7044065293897,3578835,49831,3,268513280,0,32,-999.0,-999.0,-999.0,-999.0,139.60222193,35.92212603,0.023169999942183495,0.023169999942183495,,,,,55250.34986111,-999.0,-0.6167256041927505,0.5248333918209134,0.5866851284657235,130.7836759618042,19.23881554265632,188.0305650615235,44.320693953147526,-999,0,1,1,0,0,0,0,0.9993839859962463,18.693500518798828,0.017650999128818512,-999.0,1,18.693500518798828,18.693500518798828,19.649599075317383,0.05962799862027168,-999.0,1,19.612899780273438,0.017650999128818512,-999.0,1,24,-999.0,-999.0,-999.0,-999.0,0,-999.0,-999.0,-999.0,-999.0,-999.0,0,-999.0,-999.0,-999.0,0,0,-999.0,-999.0,-999.0,-999.0,0,-999.0,-999.0,-999.0,-999.0,-999.0,0,-999.0,-999.0,-999.0,0,0,-999.0,-999.0,-999.0,-999.0,0,-999.0,-999.0,-999.0,-999.0,-999.0,0,-999.0,-999.0,-999.0,0,0,-999.0,-999.0,-999.0,-999.0,0,-999.0,-999.0,-999.0,-999.0,-999.0,0,-999.0,-999.0,-999.0,0,0,0.012475098295145145
PSO J139.6023+35.9181,-999,-999,-999,151101396022012352,3578835000024936,214022515351911,0,16486947480098,15110,1,2038,90,0.305387830646139,3578835,49831,3,268959744,0,32,-999.0,-999.0,-999.0,-999.0,139.60226964,35.91807999,0.21738000214099884,0.21738000214099884,,,,,55903.56032407,-999.0,-0.6167575911093692,0.524859727181419,0.5866279405142705,130.78508965197156,19.2349958097668,188.0362067263969,44.3204105160928,-999,0,1,0,0,0,0,1,-999.0,-999.0,-999.0,-999.0,0,-999.0,-999.0,-999.0,-999.0,-999.0,0,-999.0,-999.0,-999.0,0,0,-999.0,-999.0,-999.0,-999.0,0,-999.0,-999.0,-999.0,-999.0,-999.0,0,-999.0,-999.0,-999.0,0,0,-999.0,-999.0,-999.0,-999.0,0,-999.0,-999.0,-999.0,-999.0,-999.0,0,-999.0,-999.0,-999.0,0,0,-999.0,-999.0,-999.0,-999.0,0,-999.0,-999.0,-999.0,-999.0,-999.0,0,-999.0,-999.0,-999.0,0,0,0.79578697681427,20.010900497436523,0.2168630063533783,-999.0,1,20.010900497436523,20.010900497436523,-999.0,-999.0,-999.0,0,20.19849967956543,0.2168630063533783,-999.0,1,4120,0.008963330163596003
PSO J139.6023+35.9174,-999,-999,-999,151101396022351577,3578835000024941,214022515351916,0,16486947480089,15110,1,2038,90,0.0667425664763363,3578835,49831,3,268959744,0,32,-999.0,-999.0,-999.0,-999.0,139.6023093,35.91742678,0.24647000432014465,0.24647000432014465,,,,,55903.57219907,-999.0,-0.6167630476796472,0.5248636346164722,0.586618707572559,130.78534384052585,19.234387438651034,188.03712041597134,44.320390530179594,-999,0,1,0,0,0,0,1,-999.0,-999.0,-999.0,-999.0,0,-999.0,-999.0,-999.0,-999.0,-999.0,0,-999.0,-999.0,-999.0,0,0,-999.0,-999.0,-999.0,-999.0,0,-999.0,-999.0,-999.0,-999.0,-999.0,0,-999.0,-999.0,-999.0,0,0,-999.0,-999.0,-999.0,-999.0,0,-999.0,-999.0,-999.0,-999.0,-999.0,0,-999.0,-999.0,-999.0,0,0,-999.0,-999.0,-999.0,-999.0,0,-999.0,-999.0,-999.0,-999.0,-999.0,0,-999.0,-999.0,-999.0,0,0,0.7814210057258606,20.18440055847168,0.24601300060749054,-999.0,1,20.18440055847168,20.18440055847168,-999.0,-999.0,-999.0,0,19.737899780273438,0.24601300060749054,-999.0,1,4120,0.008457220630480735
PSO J139.6026+35.9236,-999,-999,-999,151101396025638897,3578835000025016,214022515351991,0,16486947480733,15110,1,2038,90,0.214804452112694,3578835,49831,3,268959744,0,32,-999.0,-999.0,-999.0,-999.0,139.60258326,35.92358718,0.17228999733924866,0.17228999733924866,,,,,55250.24451389,-999.0,-0.6167175195402914,0.5248198059432289,0.5867057800821311,130.78347294568889,19.240293324233445,188.02856173877137,44.321101830756476,-999,0,1,0,0,0,1,0,-999.0,-999.0,-999.0,-999.0,0,-999.0,-999.0,-999.0,-999.0,-999.0,0,-999.0,-999.0,-999.0,0,0,-999.0,-999.0,-999.0,-999.0,0,-999.0,-999.0,-999.0,-999.0,-999.0,0,-999.0,-999.0,-999.0,0,0,-999.0,-999.0,-999.0,-999.0,0,-999.0,-999.0,-999.0,-999.0,-999.0,0,-999.0,-999.0,-999.0,0,0,0.6141290068626404,20.37779998779297,0.17163600027561188,-999.0,1,20.37779998779297,20.37779998779297,-999.0,-999.0,-999.0,0,20.640300750732422,0.17163600027561188,-999.0,1,4120,-999.0,-999.0,-999.0,-999.0,0,-999.0,-999.0,-999.0,-999.0,-999.0,0,-999.0,-999.0,-999.0,0,0,0.013931576598806214
PSO J139.6028+35.9169,-999,-999,-999,151101396027690824,3578835000025060,214022515352035,0,16486947426809,15110,1,2038,90,0.891267347979608,3578835,49831,3,268959744,0,32,-999.0,-999.0,-999.0,-999.0,139.60279004,35.91685229,0.3634200096130371,0.3634200096130371,,,,,57049.41266204,-999.0,-0.6167719309514186,0.5248622715655827,0.5866105872531412,130.78592961141297,19.23396823628166,188.03796418081373,44.320732888637686,-999,0,1,0,0,1,0,0,-999.0,-999.0,-999.0,-999.0,0,-999.0,-999.0,-999.0,-999.0,-999.0,0,-999.0,-999.0,-999.0,0,0,-999.0,-999.0,-999.0,-999.0,0,-999.0,-999.0,-999.0,-999.0,-999.0,0,-999.0,-999.0,-999.0,0,0,0.5257959961891174,22.38279914855957,0.3631129860877991,-999.0,1,22.38279914855957,22.38279914855957,-999.0,-999.0,-999.0,0,-999.0,-999.0,-999.0,0,4120,-999.0,-999.0,-999.0,-999.0,0,-999.0,-999.0,-999.0,-999.0,-999.0,0,-999.0,-999.0,-999.0,0,0,-999.0,-999.0,-999.0,-999.0,0,-999.0,-999.0,-999.0,-999.0,-999.0,0,-999.0,-999.0,-999.0,0,0,0.008269043976970985
PSO J139.6039+35.9217,-999,-999,-999,151101396038626640,3578835000025332,214022515352307,0,16486947449134,15110,1,2038,90,0.018169169331127,3578835,49831,3,268959744,0,32,-999.0,-999.0,-999.0,-999.0,139.60388812,35.9216965,0.2542499899864197,0.2542499899864197,,,,,57049.42515046,-999.0,-0.6167442159315989,0.5248183072344638,0.5866790574977679,130.78517549177465,19.238841655319376,188.0313135394675,44.32200482601266,-999,0,1,0,0,1,0,0,-999.0,-999.0,-999.0,-999.0,0,-999.0,-999.0,-999.0,-999.0,-999.0,0,-999.0,-999.0,-999.0,0,0,-999.0,-999.0,-999.0,-999.0,0,-999.0,-999.0,-999.0,-999.0,-999.0,0,-999.0,-999.0,-999.0,0,0,0.7228469848632812,22.074499130249023,0.2538119852542877,-999.0,1,22.074499130249023,22.074499130249023,-999.0,-999.0,-999.0,0,22.174800872802734,0.2538119852542877,-999.0,1,4120,-999.0,-999.0,-999.0,-999.0,0,-999.0,-999.0,-999.0,-999.0,-999.0,0,-999.0,-999.0,-999.0,0,0,-999.0,-999.0,-999.0,-999.0,0,-999.0,-999.0,-999.0,-999.0,-999.0,0,-999.0,-999.0,-999.0,0,0,0.012715297169996224
PSO J139.6040+35.9198,-999,-999,-999,151101396039864361,3578835000025362,214022515352337,0,16486947480037,15110,1,2038,90,0.488112817041681,3578835,49831,3,268959744,0,32,-999.0,-999.0,-999.0,-999.0,139.60400684,35.91980864,0.2293899953365326,0.2293899953365326,,,,,55250.24451389,-999.0,-0.6167600249978293,0.524829556606969,0.5866523741334464,130.78591349699917,19.23708445944567,188.03395466345492,44.321950493380385,-999,0,1,0,0,0,1,0,-999.0,-999.0,-999.0,-999.0,0,-999.0,-999.0,-999.0,-999.0,-999.0,0,-999.0,-999.0,-999.0,0,0,-999.0,-999.0,-999.0,-999.0,0,-999.0,-999.0,-999.0,-999.0,-999.0,0,-999.0,-999.0,-999.0,0,0,-999.0,-999.0,-999.0,-999.0,0,-999.0,-999.0,-999.0,-999.0,-999.0,0,-999.0,-999.0,-999.0,0,0,0.684798002243042,20.762399673461914,0.22889600694179535,-999.0,1,20.762399673461914,20.762399673461914,-999.0,-999.0,-999.0,0,21.020200729370117,0.22889600694179535,-999.0,1,4120,-999.0,-999.0,-999.0,-999.0,0,-999.0,-999.0,-999.0,-999.0,-999.0,0,-999.0,-999.0,-999.0,0,0,0.01118776983856989
PSO J139.6052+35.9164,-999,-999,-999,151101396051340221,3578835000025650,214022515352625,0,16486947426503,15110,1,2038,90,0.021519910564199,3578835,49831,3,268959744,0,32,-999.0,-999.0,-999.0,-999.0,139.60515614,35.91635932,0.4048300087451935,0.4048300087451935,,,,,55250.24451389,-999.0,-0.6167974491446927,0.524840071563828,0.5866036191581809,130.78801935451696,19.234116154358293,188.0388642951066,44.322603795062626,-999,0,1,0,0,0,1,0,-999.0,-999.0,-999.0,-999.0,0,-999.0,-999.0,-999.0,-999.0,-999.0,0,-999.0,-999.0,-999.0,0,0,-999.0,-999.0,-999.0,-999.0,0,-999.0,-999.0,-999.0,-999.0,-999.0,0,-999.0,-999.0,-999.0,0,0,-999.0,-999.0,-999.0,-999.0,0,-999.0,-999.0,-999.0,-999.0,-999.0,0,-999.0,-999.0,-999.0,0,0,0.49716898798942566,21.203500747680664,0.40455299615859985,-999.0,1,21.203500747680664,21.203500747680664,-999.0,-999.0,-999.0,0,22.439899444580078,0.40455299615859985,-999.0,1,4120,-999.0,-999.0,-999.0,-999.0,0,-999.0,-999.0,-999.0,-999.0,-999.0,0,-999.0,-999.0,-999.0,0,0,0.0093628575522561
PSO J139.6060+35.9226,-999,-999,-999,151101396060047694,3578835000025876,214022515352851,0,16486947450767,15110,1,2038,90,0.539138465690555,3578835,49831,3,268959744,0,32,-999.0,-999.0,-999.0,-999.0,139.60601148,35.92258558,0.23428000509738922,0.23428000509738922,,,,,55918.62197917,-999.0,-0.6167567315535519,0.5247895509292817,0.5866916236992162,130.78659828947883,19.24023546232262,188.0302658373969,44.32378960379611,-999,0,1,0,1,0,0,0,-999.0,-999.0,-999.0,-999.0,0,-999.0,-999.0,-999.0,-999.0,-999.0,0,-999.0,-999.0,-999.0,0,0,0.7472540140151978,22.17919921875,0.23379699885845184,-999.0,1,22.17919921875,22.17919921875,-999.0,-999.0,-999.0,1,22.220300674438477,0.23379699885845184,-999.0,1,4120,-999.0,-999.0,-999.0,-999.0,0,-999.0,-999.0,-999.0,-999.0,-999.0,0,-999.0,-999.0,-999.0,0,0,-999.0,-999.0,-999.0,-999.0,0,-999.0,-999.0,-999.0,-999.0,-999.0,0,-999.0,-999.0,-999.0,0,0,-999.0,-999.0,-999.0,-999.0,0,-999.0,-999.0,-999.0,-999.0,-999.0,0,-999.0,-999.0,-999.0,0,0,0.014392379481618756
PSO J139.6065+35.9200,-999,-999,-999,151101396064414584,3578835000026014,214022515352989,0,16486947447569,15110,1,2038,90,0.437857163546474,3578835,49831,3,268959744,0,32,-999.0,-999.0,-999.0,-999.0,139.60645235,35.91999077,0.230430006980896,0.230430006980896,,,,,55918.63284722,-999.0,-0.616781005036716,0.5248020229759447,0.5866549484204958,130.7878382876666,19.23789241742227,188.03392110241757,44.323939172208604,-999,0,1,0,1,0,0,0,-999.0,-999.0,-999.0,-999.0,0,-999.0,-999.0,-999.0,-999.0,-999.0,0,-999.0,-999.0,-999.0,0,0,0.7073869705200195,22.161399841308594,0.2299399971961975,-999.0,1,22.161399841308594,22.161399841308594,22.36949920654297,0.31071099638938904,-999.0,1,22.162099838256836,0.2299399971961975,-999.0,1,4120,-999.0,-999.0,-999.0,-999.0,0,-999.0,-999.0,-999.0,-999.0,-999.0,0,-999.0,-999.0,-999.0,0,0,-999.0,-999.0,-999.0,-999.0,0,-999.0,-999.0,-999.0,-999.0,-999.0,0,-999.0,-999.0,-999.0,0,0,-999.0,-999.0,-999.0,-999.0,0,-999.0,-999.0,-999.0,-999.0,-999.0,0,-999.0,-999.0,-999.0,0,0,0.012586860935835002
PSO J139.6065+35.9169,-999,-999,-999,151101396064960821,3578835000026023,214022515352998,0,16486947889158,15110,1,2038,90,0.790421670107564,3578835,49831,3,268959744,0,32,-999.0,-999.0,-999.0,-999.0,139.60647175,35.91688507,0.2879199981689453,0.2879199981689453,,,,,55250.35140046,-999.0,-0.6168054006524193,0.5248224204875549,0.5866110505945082,130.78890949164497,19.234955974278073,188.0382502817378,44.32370773827185,-999,0,1,1,0,0,0,0,0.4814009964466095,21.418899536132812,0.28752899169921875,-999.0,1,21.418899536132812,21.418899536132812,-999.0,-999.0,-999.0,0,22.44809913635254,0.28752899169921875,-999.0,1,4120,-999.0,-999.0,-999.0,-999.0,0,-999.0,-999.0,-999.0,-999.0,-999.0,0,-999.0,-999.0,-999.0,0,0,-999.0,-999.0,-999.0,-999.0,0,-999.0,-999.0,-999.0,-999.0,-999.0,0,-999.0,-999.0,-999.0,0,0,-999.0,-999.0,-999.0,-999.0,0,-999.0,-999.0,-999.0,-999.0,-999.0,0,-999.0,-999.0,-999.0,0,0,-999.0,-999.0,-999.0,-999.0,0,-999.0,-999.0,-999.0,-999.0,-999.0,0,-999.0,-999.0,-999.0,0,0,0.01053318555987143
PSO J139.6068+35.9189,-999,-999,-999,151101396067823331,3578835000026096,214022515353071,0,16486947446978,15110,1,2038,90,0.00356298219744394,3578835,49831,3,268959744,0,32,-999.0,-999.0,-999.0,-999.0,139.60684924,35.91889722,0.28391000628471375,0.28391000628471375,,,,,55903.56032407,-999.0,-0.6167931679871493,0.524805006333004,0.5866394917257035,130.78853235298027,19.236959823898456,188.03548058313197,44.32417258784194,-999,0,1,0,0,0,0,1,-999.0,-999.0,-999.0,-999.0,0,-999.0,-999.0,-999.0,-999.0,-999.0,0,-999.0,-999.0,-999.0,0,0,-999.0,-999.0,-999.0,-999.0,0,-999.0,-999.0,-999.0,-999.0,-999.0,0,-999.0,-999.0,-999.0,0,0,-999.0,-999.0,-999.0,-999.0,0,-999.0,-999.0,-999.0,-999.0,-999.0,0,-999.0,-999.0,-999.0,0,0,-999.0,-999.0,-999.0,-999.0,0,-999.0,-999.0,-999.0,-999.0,-999.0,0,-999.0,-999.0,-999.0,0,0,0.5705090165138245,19.911699295043945,0.28351399302482605,-999.0,1,19.911699295043945,19.911699295043945,-999.0,-999.0,-999.0,0,20.053199768066406,0.28351399302482605,-999.0,1,4120,0.01204213118435764
PSO J139.6068+35.9181,-999,-999,-999,151101396067902265,3578835000026100,214022515353075,0,16486947446804,15110,1,2038,90,0.501000915189274,3578835,49831,3,268513280,0,32,-999.0,-999.0,-999.0,-999.0,139.60681933,35.918056,0.020080000162124634,0.020080000162124634,,,,,55521.60189815,-999.0,-0.616799453808966,0.52481090978457,0.5866276014236401,130.7887939373554,19.2361553121708,188.03665003814152,44.3240815163073,-999,0,1,0,0,0,0,1,-999.0,-999.0,-999.0,-999.0,0,-999.0,-999.0,-999.0,-999.0,-999.0,0,-999.0,-999.0,-999.0,0,0,-999.0,-999.0,-999.0,-999.0,0,-999.0,-999.0,-999.0,-999.0,-999.0,0,-999.0,-999.0,-999.0,0,0,-999.0,-999.0,-999.0,-999.0,0,-999.0,-999.0,-999.0,-999.0,-999.0,0,-999.0,-999.0,-999.0,0,0,-999.0,-999.0,-999.0,-999.0,0,-999.0,-999.0,-999.0,-999.0,-999.0,0,-999.0,-999.0,-999.0,0,0,0.9969559907913208,16.93280029296875,0.013345999643206596,-999.0,1,16.93280029296875,16.93280029296875,17.87540054321289,0.03626200184226036,-999.0,1,17.797000885009766,0.013345999643206596,-999.0,1,24,0.011471057769028518
PSO J139.6069+35.9241,-999,-999,-999,151101396068439478,3578835000026125,214022515353100,0,16486947449915,15110,1,2038,90,0.66054449105686,3578835,49831,3,268959744,0,32,-999.0,-999.0,-999.0,-999.0,139.60685668,35.92406549,0.2433999925851822,0.2433999925851822,,,,,57035.59429398,-999.0,-0.6167529313244656,0.5247706324750516,0.5867125403418725,130.7867819338802,19.241856738465437,188.02827976887497,44.324589506191465,-999,0,1,0,0,1,0,0,-999.0,-999.0,-999.0,-999.0,0,-999.0,-999.0,-999.0,-999.0,-999.0,0,-999.0,-999.0,-999.0,0,0,-999.0,-999.0,-999.0,-999.0,0,-999.0,-999.0,-999.0,-999.0,-999.0,0,-999.0,-999.0,-999.0,0,0,0.8325260281562805,21.865800857543945,0.2429410070180893,-999.0,1,21.865800857543945,21.865800857543945,-999.0,-999.0,-999.0,0,21.63990020751953,0.2429410070180893,-999.0,1,4120,-999.0,-999.0,-999.0,-999.0,0,-999.0,-999.0,-999.0,-999.0,-999.0,0,-999.0,-999.0,-999.0,0,0,-999.0,-999.0,-999.0,-999.0,0,-999.0,-999.0,-999.0,-999.0,-999.0,0,-999.0,-999.0,-999.0,0,0,0.016001242475563997
PSO J139.6071+35.9206,-999,-999,-999,151101396070625277,3578835000026183,214022515353158,0,16486947447110,15110,1,2038,90,0.906399516301602,3578835,49831,3,268959744,0,32,-999.0,-999.0,-999.0,-999.0,139.60707502,35.92056426,0.2952600121498108,0.2952600121498108,,,,,57035.57056713,-999.0,-0.6167822361078117,0.5247915147566794,0.5866630542834939,130.7881492306829,19.23859738530958,188.03317805981817,44.32448744290088,-999,0,1,0,0,1,0,0,-999.0,-999.0,-999.0,-999.0,0,-999.0,-999.0,-999.0,-999.0,-999.0,0,-999.0,-999.0,-999.0,0,0,-999.0,-999.0,-999.0,-999.0,0,-999.0,-999.0,-999.0,-999.0,-999.0,0,-999.0,-999.0,-999.0,0,0,0.6005799770355225,21.849599838256836,0.29487600922584534,-999.0,1,21.849599838256836,21.849599838256836,-999.0,-999.0,-999.0,0,21.992300033569336,0.29487600922584534,-999.0,1,4120,-999.0,-999.0,-999.0,-999.0,0,-999.0,-999.0,-999.0,-999.0,-999.0,0,-999.0,-999.0,-999.0,0,0,-999.0,-999.0,-999.0,-999.0,0,-999.0,-999.0,-999.0,-999.0,-999.0,0,-999.0,-999.0,-999.0,0,0,0.01335028736590512
PSO J139.6072+35.9217,-999,-999,-999,151101396071466593,3578835000026200,214022515353175,0,16486947450652,15110,1,2038,90,0.653690709409947,3578835,49831,3,268959744,0,32,-999.0,-999.0,-999.0,-999.0,139.60715903,35.92166049,0.2786499857902527,0.2786499857902527,,,,,57035.55862269,-999.0,-0.6167744566592931,0.5247833365355492,0.5866785485316898,130.78784491854793,19.239657478621837,188.0316581265369,44.32464242284812,-999,0,1,0,0,1,0,0,-999.0,-999.0,-999.0,-999.0,0,-999.0,-999.0,-999.0,-999.0,-999.0,0,-999.0,-999.0,-999.0,0,0,-999.0,-999.0,-999.0,-999.0,0,-999.0,-999.0,-999.0,-999.0,-999.0,0,-999.0,-999.0,-999.0,0,0,0.6287019848823547,21.795299530029297,0.27824199199676514,-999.0,1,21.795299530029297,21.795299530029297,21.972299575805664,0.27769699692726135,-999.0,1,22.446800231933594,0.27824199199676514,-999.0,1,4120,-999.0,-999.0,-999.0,-999.0,0,-999.0,-999.0,-999.0,-999.0,-999.0,0,-999.0,-999.0,-999.0,0,0,-999.0,-999.0,-999.0,-999.0,0,-999.0,-999.0,-999.0,-999.0,-999.0,0,-999.0,-999.0,-999.0,0,0,0.014219152310833313
PSO J139.6073+35.9186,-999,-999,-999,151101396073212871,3578835000026239,214022515353214,0,16486947446897,15110,1,2038,90,0.75223491783462,3578835,49831,3,268959744,0,32,-999.0,-999.0,-999.0,-999.0,139.60733455,35.91855876,0.2885200083255768,0.2885200083255768,,,,,57035.55862269,-999.0,-0.6168002525261481,0.5248020275786519,0.5866347077466656,130.7890416370123,19.236765371738464,188.03599589678905,44.32453744561702,-999,0,1,0,0,1,0,0,-999.0,-999.0,-999.0,-999.0,0,-999.0,-999.0,-999.0,-999.0,-999.0,0,-999.0,-999.0,-999.0,0,0,-999.0,-999.0,-999.0,-999.0,0,-999.0,-999.0,-999.0,-999.0,-999.0,0,-999.0,-999.0,-999.0,0,0,0.7196869850158691,21.978599548339844,0.2881290018558502,-999.0,1,21.978599548339844,21.978599548339844,-999.0,-999.0,-999.0,0,22.693099975585938,0.2881290018558502,-999.0,1,4120,-999.0,-999.0,-999.0,-999.0,0,-999.0,-999.0,-999.0,-999.0,-999.0,0,-999.0,-999.0,-999.0,0,0,-999.0,-999.0,-999.0,-999.0,0,-999.0,-999.0,-999.0,-999.0,-999.0,0,-999.0,-999.0,-999.0,0,0,0.012113552615508267
PSO J139.6074+35.9174,-999,-999,-999,151101396073481471,3578835000026245,214022515353220,0,16486947917885,15110,1,2038,90,0.434324518250604,3578835,49831,3,268959744,0,32,-999.0,-999.0,-999.0,-999.0,139.60736109,35.91739245,0.1922599971294403,0.1922599971294403,,,,,57035.55862269,-999.0,-0.6168095904009855,0.5248094801212166,0.5866182223254464,130.78945956185225,19.235667629223876,188.03762342344578,44.32446607758593,-999,0,1,0,0,1,0,0,-999.0,-999.0,-999.0,-999.0,0,-999.0,-999.0,-999.0,-999.0,-999.0,0,-999.0,-999.0,-999.0,0,0,-999.0,-999.0,-999.0,-999.0,0,-999.0,-999.0,-999.0,-999.0,-999.0,0,-999.0,-999.0,-999.0,0,0,0.7538099884986877,21.54949951171875,0.19167199730873108,-999.0,1,21.54949951171875,21.54949951171875,-999.0,-999.0,-999.0,0,23.142799377441406,0.19167199730873108,-999.0,1,4120,-999.0,-999.0,-999.0,-999.0,0,-999.0,-999.0,-999.0,-999.0,-999.0,0,-999.0,-999.0,-999.0,0,0,-999.0,-999.0,-999.0,-999.0,0,-999.0,-999.0,-999.0,-999.0,-999.0,0,-999.0,-999.0,-999.0,0,0,0.011414175803996816
PSO J139.6074+35.9200,-999,-999,-999,151101396073614571,3578835000026255,214022515353230,0,16486947447584,15110,1,2038,90,0.0893058870819452,3578835,49831,3,268959744,0,32,-999.0,-999.0,-999.0,-999.0,139.60737487,35.9199752,0.3316099941730499,0.3316099941730499,,,,,57035.55862269,-999.0,-0.616789576219496,0.5247921954189513,0.5866547283490791,130.78859301587354,19.238117391098065,188.03402585274267,44.32468265828282,-999,0,1,0,0,1,0,0,-999.0,-999.0,-999.0,-999.0,0,-999.0,-999.0,-999.0,-999.0,-999.0,0,-999.0,-999.0,-999.0,0,0,-999.0,-999.0,-999.0,-999.0,0,-999.0,-999.0,-999.0,-999.0,-999.0,0,-999.0,-999.0,-999.0,0,0,0.6193900108337402,21.957700729370117,0.3312709927558899,-999.0,1,21.957700729370117,21.957700729370117,-999.0,-999.0,-999.0,0,24.773700714111328,0.3312709927558899,-999.0,1,4120,-999.0,-999.0,-999.0,-999.0,0,-999.0,-999.0,-999.0,-999.0,-999.0,0,-999.0,-999.0,-999.0,0,0,-999.0,-999.0,-999.0,-999.0,0,-999.0,-999.0,-999.0,-999.0,-999.0,0,-999.0,-999.0,-999.0,0,0,0.013094658272364675
PSO J139.6074+35.9227,-999,-999,-999,151101396073787797,3578835000026261,214022515353236,0,16486947450713,15110,1,2038,90,0.275204086001221,3578835,49831,3,268959744,0,32,-999.0,-999.0,-999.0,-999.0,139.60735536,35.92269643,0.2585600018501282,0.2585600018501282,,,,,55250.35140046,-999.0,-0.616768175895946,0.5247743491231625,0.5866931904363204,130.78765233551474,19.240689655421356,188.03023229967002,44.32488325880597,-999,0,1,1,0,0,0,0,0.8003630042076111,21.747900009155273,0.2581219971179962,-999.0,1,21.747900009155273,21.747900009155273,-999.0,-999.0,-999.0,0,22.542499542236328,0.2581219971179962,-999.0,1,4120,-999.0,-999.0,-999.0,-999.0,0,-999.0,-999.0,-999.0,-999.0,-999.0,0,-999.0,-999.0,-999.0,0,0,-999.0,-999.0,-999.0,-999.0,0,-999.0,-999.0,-999.0,-999.0,-999.0,0,-999.0,-999.0,-999.0,0,0,-999.0,-999.0,-999.0,-999.0,0,-999.0,-999.0,-999.0,-999.0,-999.0,0,-999.0,-999.0,-999.0,0,0,-999.0,-999.0,-999.0,-999.0,0,-999.0,-999.0,-999.0,-999.0,-999.0,0,-999.0,-999.0,-999.0,0,0,0.015125691848427726
PSO J139.6085+35.9191,-999,-999,-999,151101396084893561,3578835000026656,214022515353631,0,16486947918412,15110,1,2038,90,0.582697414404431,3578835,49831,3,268959744,0,32,-999.0,-999.0,-999.0,-999.0,139.60850747,35.91913157,0.21604999899864197,0.21604999899864197,,,,,57033.59305556,-999.0,-0.6168065288941574,0.5247856002773481,0.5866428041449792,130.7897998313299,19.237612687650504,188.03530334987636,44.32552988597762,-999,0,1,0,0,1,0,0,-999.0,-999.0,-999.0,-999.0,0,-999.0,-999.0,-999.0,-999.0,-999.0,0,-999.0,-999.0,-999.0,0,0,-999.0,-999.0,-999.0,-999.0,0,-999.0,-999.0,-999.0,-999.0,-999.0,0,-999.0,-999.0,-999.0,0,0,0.7749170064926147,21.582799911499023,0.21553100645542145,-999.0,1,21.582799911499023,21.582799911499023,-999.0,-999.0,-999.0,0,22.83009910583496,0.21553100645542145,-999.0,1,4120,-999.0,-999.0,-999.0,-999.0,0,-999.0,-999.0,-999.0,-999.0,-999.0,0,-999.0,-999.0,-999.0,0,0,-999.0,-999.0,-999.0,-999.0,0,-999.0,-999.0,-999.0,-999.0,-999.0,0,-999.0,-999.0,-999.0,0,0,0.013210149089956328
PSO J139.6086+35.9167,-999,-999,-999,151101396085570697,3578835000026676,214022515353651,0,16486947934398,15110,1,2038,90,0.0973025831368776,3578835,49831,3,268959744,0,32,-999.0,-999.0,-999.0,-999.0,139.60857588,35.91674536,0.2848399877548218,0.2848399877548218,,,,,57033.59305556,-999.0,-0.6168257632484494,0.5248006954753184,0.5866090758090858,130.7906663643333,19.235370435322267,188.0386345127216,44.325395286495194,-999,0,1,0,0,1,0,0,-999.0,-999.0,-999.0,-999.0,0,-999.0,-999.0,-999.0,-999.0,-999.0,0,-999.0,-999.0,-999.0,0,0,-999.0,-999.0,-999.0,-999.0,0,-999.0,-999.0,-999.0,-999.0,-999.0,0,-999.0,-999.0,-999.0,0,0,0.6573349833488464,21.790700912475586,0.28444400429725647,-999.0,1,21.790700912475586,21.790700912475586,-999.0,-999.0,-999.0,0,22.606800079345703,0.28444400429725647,-999.0,1,4120,-999.0,-999.0,-999.0,-999.0,0,-999.0,-999.0,-999.0,-999.0,-999.0,0,-999.0,-999.0,-999.0,0,0,-999.0,-999.0,-999.0,-999.0,0,-999.0,-999.0,-999.0,-999.0,-999.0,0,-999.0,-999.0,-999.0,0,0,0.01188862250761139
PSO J139.6087+35.9241,-999,-999,-999,151101396087239492,3578835000026745,214022515353720,0,16486947448240,15110,1,2038,90,0.49098454927186,3578835,49831,3,268959744,0,32,-999.0,-999.0,-999.0,-999.0,139.60874054,35.92407511,0.25571000576019287,0.25571000576019287,,,,,57033.56925926,-999.0,-0.6167701101899459,0.5247502897921216,0.5867126763070375,130.78830902684965,19.242355371386576,188.0284357986613,44.32611098840445,-999,0,1,0,0,1,0,0,-999.0,-999.0,-999.0,-999.0,0,-999.0,-999.0,-999.0,-999.0,-999.0,0,-999.0,-999.0,-999.0,0,0,-999.0,-999.0,-999.0,-999.0,0,-999.0,-999.0,-999.0,-999.0,-999.0,0,-999.0,-999.0,-999.0,0,0,0.7336710095405579,21.732099533081055,0.2552739977836609,-999.0,1,21.732099533081055,21.732099533081055,-999.0,-999.0,-999.0,1,22.235700607299805,0.2552739977836609,-999.0,1,4120,-999.0,-999.0,-999.0,-999.0,0,-999.0,-999.0,-999.0,-999.0,-999.0,0,-999.0,-999.0,-999.0,0,0,-999.0,-999.0,-999.0,-999.0,0,-999.0,-999.0,-999.0,-999.0,-999.0,0,-999.0,-999.0,-999.0,0,0,0.016902647440108932
PSO J139.6089+35.9203,-999,-999,-999,151101396088644926,3578835000026787,214022515353762,0,16486947447077,15110,1,2038,90,0.742064266225383,3578835,49831,3,268959744,0,32,-999.0,-999.0,-999.0,-999.0,139.60888193,35.92027044,0.30737999081611633,0.30737999081611633,,,,,57033.56925926,-999.0,-0.616801077272457,0.5247740128201398,0.5866589013593709,130.789716979889,19.238788641709515,188.0337501190694,44.325922741414544,-999,0,1,0,0,1,0,0,-999.0,-999.0,-999.0,-999.0,0,-999.0,-999.0,-999.0,-999.0,-999.0,0,-999.0,-999.0,-999.0,0,0,-999.0,-999.0,-999.0,-999.0,0,-999.0,-999.0,-999.0,-999.0,-999.0,0,-999.0,-999.0,-999.0,0,0,0.7671099901199341,22.04669952392578,0.3070110082626343,-999.0,1,22.04669952392578,22.04669952392578,-999.0,-999.0,-999.0,0,22.644399642944336,0.3070110082626343,-999.0,1,4120,-999.0,-999.0,-999.0,-999.0,0,-999.0,-999.0,-999.0,-999.0,-999.0,0,-999.0,-999.0,-999.0,0,0,-999.0,-999.0,-999.0,-999.0,0,-999.0,-999.0,-999.0,-999.0,-999.0,0,-999.0,-999.0,-999.0,0,0,0.014183781858728995
PSO J139.6089+35.9213,-999,-999,-999,151101396088736128,3578835000026791,214022515353766,0,16486947450394,15110,1,2038,90,0.213625126717263,3578835,49831,3,268959744,0,32,-999.0,-999.0,-999.0,-999.0,139.60889124,35.92127168,0.21807999908924103,0.21807999908924103,,,,,57033.56925926,-999.0,-0.6167933542597147,0.5247672693151006,0.5866730530684214,130.789384256856,19.239739354071496,188.03235578751085,44.326009855888735,-999,0,1,0,0,1,0,0,-999.0,-999.0,-999.0,-999.0,0,-999.0,-999.0,-999.0,-999.0,-999.0,0,-999.0,-999.0,-999.0,0,0,-999.0,-999.0,-999.0,-999.0,0,-999.0,-999.0,-999.0,-999.0,-999.0,0,-999.0,-999.0,-999.0,0,0,0.7372859716415405,21.63279914855957,0.21756500005722046,-999.0,1,21.63279914855957,21.63279914855957,-999.0,-999.0,-999.0,0,24.066600799560547,0.21756500005722046,-999.0,1,4120,-999.0,-999.0,-999.0,-999.0,0,-999.0,-999.0,-999.0,-999.0,-999.0,0,-999.0,-999.0,-999.0,0,0,-999.0,-999.0,-999.0,-999.0,0,-999.0,-999.0,-999.0,-999.0,-999.0,0,-999.0,-999.0,-999.0,0,0,0.014879645310915464
PSO J139.6089+35.9181,-999,-999,-999,151101396088772323,3578835000026788,214022515353763,0,16486947918787,15110,1,2038,90,0.475682798284742,3578835,49831,3,268959744,0,32,-999.0,-999.0,-999.0,-999.0,139.60889417,35.91809967,0.261819988489151,0.261819988489151,,,,,57033.58118056,-999.0,-0.6168181177281661,0.5247882836777443,0.5866282186844147,130.7904646783229,19.236735843578895,188.03677604922018,44.32575998747659,-999,0,1,0,0,1,0,0,-999.0,-999.0,-999.0,-999.0,0,-999.0,-999.0,-999.0,-999.0,-999.0,0,-999.0,-999.0,-999.0,0,0,-999.0,-999.0,-999.0,-999.0,0,-999.0,-999.0,-999.0,-999.0,-999.0,0,-999.0,-999.0,-999.0,0,0,0.7270579934120178,21.8927001953125,0.2613860070705414,-999.0,1,21.8927001953125,21.8927001953125,-999.0,-999.0,-999.0,0,-999.0,-999.0,-999.0,0,4120,-999.0,-999.0,-999.0,-999.0,0,-999.0,-999.0,-999.0,-999.0,-999.0,0,-999.0,-999.0,-999.0,0,0,-999.0,-999.0,-999.0,-999.0,0,-999.0,-999.0,-999.0,-999.0,-999.0,0,-999.0,-999.0,-999.0,0,0,0.0128362815290753
PSO J139.6089+35.9227,-999,-999,-999,151101396088927785,3578835000026797,214022515353772,0,16486947448580,15110,1,2038,90,0.958217724187502,3578835,49831,3,268959744,0,32,-999.0,-999.0,-999.0,-999.0,139.60890985,35.92265245,0.335889995098114,0.335889995098114,,,,,57033.56925926,-999.0,-0.6167827563042064,0.5247579072348766,0.586692568829927,130.78893009331344,19.241051941968898,188.0304334329976,44.32613462242945,-999,0,1,0,0,1,0,0,-999.0,-999.0,-999.0,-999.0,0,-999.0,-999.0,-999.0,-999.0,-999.0,0,-999.0,-999.0,-999.0,0,0,-999.0,-999.0,-999.0,-999.0,0,-999.0,-999.0,-999.0,-999.0,-999.0,0,-999.0,-999.0,-999.0,0,0,0.7080550193786621,22.064300537109375,0.33555200695991516,-999.0,1,22.064300537109375,22.064300537109375,-999.0,-999.0,-999.0,0,-999.0,-999.0,-999.0,0,4120,-999.0,-999.0,-999.0,-999.0,0,-999.0,-999.0,-999.0,-999.0,-999.0,0,-999.0,-999.0,-999.0,0,0,-999.0,-999.0,-999.0,-999.0,0,-999.0,-999.0,-999.0,-999.0,-999.0,0,-999.0,-999.0,-999.0,0,0,0.015895969633216715
PSO J139.6091+35.9200,-999,-999,-999,151101396090634610,3578835000026848,214022515353823,0,16486947918367,15110,1,2038,90,0.882193862350838,3578835,49831,3,268959744,0,32,-999.0,-999.0,-999.0,-999.0,139.60908732,35.92001191,0.2895900011062622,0.2895900011062622,,,,,55249.27831019,-999.0,-0.616804974593269,0.5247735170778037,0.5866552472200253,130.78997169906796,19.238597156214155,188.03412885229835,44.326067991196815,-999,0,1,0,0,0,0,1,-999.0,-999.0,-999.0,-999.0,0,-999.0,-999.0,-999.0,-999.0,-999.0,0,-999.0,-999.0,-999.0,0,0,-999.0,-999.0,-999.0,-999.0,0,-999.0,-999.0,-999.0,-999.0,-999.0,0,-999.0,-999.0,-999.0,0,0,-999.0,-999.0,-999.0,-999.0,0,-999.0,-999.0,-999.0,-999.0,-999.0,0,-999.0,-999.0,-999.0,0,0,-999.0,-999.0,-999.0,-999.0,0,-999.0,-999.0,-999.0,-999.0,-999.0,0,-999.0,-999.0,-999.0,0,0,0.8405349850654602,19.8971004486084,0.2892040014266968,-999.0,1,19.8971004486084,19.8971004486084,-999.0,-999.0,-999.0,0,-999.0,-999.0,-999.0,0,4112,0.014136820479764816
PSO J139.6096+35.9206,-999,-999,-999,151101396096055275,3578835000026983,214022515353958,0,16486947921153,15110,1,2038,90,0.790801814562456,3578835,49831,3,268959744,0,32,-999.0,-999.0,-999.0,-999.0,139.60962378,35.92056489,0.2724300026893616,0.2724300026893616,,,,,55249.27380787,-999.0,-0.6168055755433465,0.5247640729598898,0.5866630631880522,130.79021956810513,19.23926030007697,188.03340658541705,44.3265450237108,-999,0,1,0,0,0,0,1,-999.0,-999.0,-999.0,-999.0,0,-999.0,-999.0,-999.0,-999.0,-999.0,0,-999.0,-999.0,-999.0,0,0,-999.0,-999.0,-999.0,-999.0,0,-999.0,-999.0,-999.0,-999.0,-999.0,0,-999.0,-999.0,-999.0,0,0,-999.0,-999.0,-999.0,-999.0,0,-999.0,-999.0,-999.0,-999.0,-999.0,0,-999.0,-999.0,-999.0,0,0,-999.0,-999.0,-999.0,-999.0,0,-999.0,-999.0,-999.0,-999.0,-999.0,0,-999.0,-999.0,-999.0,0,0,0.7088479995727539,19.76020050048828,0.27202001214027405,-999.0,1,19.76020050048828,19.76020050048828,-999.0,-999.0,-999.0,0,21.424299240112305,0.27202001214027405,-999.0,1,4112,0.014827917859650142
PSO J139.6108+35.9164,-999,-999,-999,151101396107860271,3578835000027266,214022515354241,0,16486947934933,15110,1,2038,90,0.495105897537531,3578835,49831,3,268959744,0,32,-999.0,-999.0,-999.0,-999.0,139.61079672,35.91638531,0.2799600064754486,0.2799600064754486,,,,,55250.34422454,-999.0,-0.6168489122547317,0.5247791749316445,0.586603986526018,130.79259293931463,19.235606558505204,188.03933626257074,44.3271595336894,-999,0,1,1,0,0,0,0,0.5139750242233276,21.459299087524414,0.279556006193161,-999.0,1,21.459299087524414,21.459299087524414,-999.0,-999.0,-999.0,0,-999.0,-999.0,-999.0,0,4120,-999.0,-999.0,-999.0,-999.0,0,-999.0,-999.0,-999.0,-999.0,-999.0,0,-999.0,-999.0,-999.0,0,0,-999.0,-999.0,-999.0,-999.0,0,-999.0,-999.0,-999.0,-999.0,-999.0,0,-999.0,-999.0,-999.0,0,0,-999.0,-999.0,-999.0,-999.0,0,-999.0,-999.0,-999.0,-999.0,-999.0,0,-999.0,-999.0,-999.0,0,0,-999.0,-999.0,-999.0,-999.0,0,-999.0,-999.0,-999.0,-999.0,-999.0,0,-999.0,-999.0,-999.0,0,0,0.013316095622068862
PSO J139.6113+35.9188,-999,-999,-999,151101396112133138,3578835000027381,214022515354356,0,16486947921544,15110,1,2038,90,0.755603948380429,3578835,49831,3,436285440,0,52,139.61119628,35.91880722,0.0010000000474974513,0.0010000000474974513,139.61130927,35.91879544,0.09072999656200409,0.09072999656200409,,,,,57045.80773148,3.2874999046325684,-0.6168348118335223,0.5247576674517553,0.586638053113584,130.7921902113625,19.238022432351844,188.03602396151868,44.327765001492615,-999,6,3,0,0,3,0,0,-999.0,-999.0,-999.0,-999.0,0,-999.0,-999.0,-999.0,-999.0,-999.0,0,-999.0,-999.0,-999.0,0,16416,-999.0,-999.0,-999.0,-999.0,0,-999.0,-999.0,-999.0,-999.0,-999.0,0,-999.0,-999.0,-999.0,0,16416,0.9981099963188171,21.7012996673584,0.17662300169467926,-999.0,1,21.7012996673584,21.7012996673584,-999.0,-999.0,-999.0,1,22.166799545288086,0.17662300169467926,-999.0,1,16892216,-999.0,-999.0,-999.0,-999.0,0,-999.0,-999.0,-999.0,-999.0,-999.0,0,-999.0,-999.0,-999.0,0,114720,-999.0,-999.0,-999.0,-999.0,0,-999.0,-999.0,-999.0,-999.0,-999.0,0,-999.0,-999.0,-999.0,0,114720,0.014848401185644837
PSO J139.6116+35.9175,-999,-999,-999,151101396116171613,3578835000027499,214022515354474,0,16486947921444,15110,1,2038,90,0.898660882281755,3578835,49831,3,268959744,0,32,-999.0,-999.0,-999.0,-999.0,139.61164753,35.91751378,0.2549799978733063,0.2549799978733063,,,,,56303.54353009,-999.0,-0.6168479048106353,0.5247625286693895,0.5866199372977682,130.79290060872773,19.236896457981285,188.03784038649525,44.32793615696846,-999,0,1,0,1,0,0,0,-999.0,-999.0,-999.0,-999.0,0,-999.0,-999.0,-999.0,-999.0,-999.0,0,-999.0,-999.0,-999.0,0,0,0.6232280135154724,22.224700927734375,0.25453799962997437,-999.0,1,22.224700927734375,22.224700927734375,-999.0,-999.0,-999.0,1,22.71619987487793,0.25453799962997437,-999.0,1,4120,-999.0,-999.0,-999.0,-999.0,0,-999.0,-999.0,-999.0,-999.0,-999.0,0,-999.0,-999.0,-999.0,0,0,-999.0,-999.0,-999.0,-999.0,0,-999.0,-999.0,-999.0,-999.0,-999.0,0,-999.0,-999.0,-999.0,0,0,-999.0,-999.0,-999.0,-999.0,0,-999.0,-999.0,-999.0,-999.0,-999.0,0,-999.0,-999.0,-999.0,0,0,0.014436415781580855
PSO J139.6120+35.9186,-999,-999,-999,151101396120122901,3578835000027607,214022515354582,0,16486947921602,15110,1,2038,90,0.467468566696596,3578835,49831,3,268959744,0,32,-999.0,-999.0,-999.0,-999.0,139.61204266,35.91858643,0.3080599904060364,0.3080599904060364,,,,,56303.54353009,-999.0,-0.6168431587006717,0.5247511585132462,0.5866350988503706,130.79285704464044,19.238015066678805,188.0363812299066,44.32834043884884,-999,0,1,0,1,0,0,0,-999.0,-999.0,-999.0,-999.0,0,-999.0,-999.0,-999.0,-999.0,-999.0,0,-999.0,-999.0,-999.0,0,0,0.5039629936218262,22.347000122070312,0.30769601464271545,-999.0,1,22.347000122070312,22.347000122070312,-999.0,-999.0,-999.0,0,22.95549964904785,0.30769601464271545,-999.0,1,4120,-999.0,-999.0,-999.0,-999.0,0,-999.0,-999.0,-999.0,-999.0,-999.0,0,-999.0,-999.0,-999.0,0,0,-999.0,-999.0,-999.0,-999.0,0,-999.0,-999.0,-999.0,-999.0,-999.0,0,-999.0,-999.0,-999.0,0,0,-999.0,-999.0,-999.0,-999.0,0,-999.0,-999.0,-999.0,-999.0,-999.0,0,-999.0,-999.0,-999.0,0,0,0.015242505078705665
PSO J139.6123+35.9189,-999,-999,-999,151101396122803232,3578835000027671,214022515354646,0,16486947921774,15110,1,2038,90,0.58075383545901,3578835,49831,3,268959744,0,32,-999.0,-999.0,-999.0,-999.0,139.61230983,35.91887358,0.2566100060939789,0.2566100060939789,,,,,56232.65667824,-999.0,-0.6168433662313139,0.5247463771419572,0.5866391575856593,130.7929764942289,19.238356462228968,188.03600513379627,44.32857895135104,-999,0,1,0,0,0,0,1,-999.0,-999.0,-999.0,-999.0,0,-999.0,-999.0,-999.0,-999.0,-999.0,0,-999.0,-999.0,-999.0,0,0,-999.0,-999.0,-999.0,-999.0,0,-999.0,-999.0,-999.0,-999.0,-999.0,0,-999.0,-999.0,-999.0,0,0,-999.0,-999.0,-999.0,-999.0,0,-999.0,-999.0,-999.0,-999.0,-999.0,0,-999.0,-999.0,-999.0,0,0,-999.0,-999.0,-999.0,-999.0,0,-999.0,-999.0,-999.0,-999.0,-999.0,0,-999.0,-999.0,-999.0,0,0,0.642553985118866,19.642000198364258,0.2561750113964081,-999.0,1,19.642000198364258,19.642000198364258,-999.0,-999.0,-999.0,0,22.328800201416016,0.2561750113964081,-999.0,1,4120,0.015576291015016392
PSO J139.6129+35.9168,-999,-999,-999,151101396128790713,3578835000027809,214022515354784,0,16486947936559,15110,1,2038,90,0.651586281742515,3578835,49831,3,310456320,0,37,-999.0,-999.0,-999.0,-999.0,139.61289949,35.9167612,0.16598999500274658,0.16598999500274658,,,,,55901.64604167,-999.0,-0.6168652400727851,0.5247540424698838,0.586609299705912,130.79417347642269,19.236509039926844,188.03900182973678,44.32888701198581,-999,0,1,0,0,0,1,0,-999.0,-999.0,-999.0,-999.0,0,-999.0,-999.0,-999.0,-999.0,-999.0,0,-999.0,-999.0,-999.0,0,0,-999.0,-999.0,-999.0,-999.0,0,-999.0,-999.0,-999.0,-999.0,-999.0,0,-999.0,-999.0,-999.0,0,0,-999.0,-999.0,-999.0,-999.0,0,-999.0,-999.0,-999.0,-999.0,-999.0,0,-999.0,-999.0,-999.0,0,0,0.2152860015630722,20.943199157714844,0.1653120070695877,-999.0,1,20.943199157714844,20.943199157714844,19.39889907836914,0.11409799754619598,-999.0,1,20.116199493408203,0.1653120070695877,-999.0,1,16777752,-999.0,-999.0,-999.0,-999.0,0,-999.0,-999.0,-999.0,-999.0,-999.0,0,-999.0,-999.0,-999.0,0,0,0.015022970047748654
PSO J139.6134+35.9243,-999,-999,-999,151101396133319823,3578835000027924,214022515354899,0,16486947914770,15110,1,2038,90,0.125214714673548,3578835,49831,3,310456320,0,37,-999.0,-999.0,-999.0,-999.0,139.61337713,35.92433886,0.13213999569416046,0.13213999569416046,,,,,55259.44527778,-999.0,-0.6168105157462458,0.5246986267374818,0.5867164040357582,130.79198592853007,19.24381005518544,188.02848512888383,44.32987475719913,-999,0,1,0,0,1,0,0,-999.0,-999.0,-999.0,-999.0,0,-999.0,-999.0,-999.0,-999.0,-999.0,0,-999.0,-999.0,-999.0,0,0,-999.0,-999.0,-999.0,-999.0,0,-999.0,-999.0,-999.0,-999.0,-999.0,0,-999.0,-999.0,-999.0,0,0,0.9984809756278992,20.69540023803711,0.1312820017337799,-999.0,1,20.69540023803711,20.69540023803711,19.268800735473633,0.09260000288486481,-999.0,1,19.435699462890625,0.1312820017337799,-999.0,1,16777496,-999.0,-999.0,-999.0,-999.0,0,-999.0,-999.0,-999.0,-999.0,-999.0,0,-999.0,-999.0,-999.0,0,0,-999.0,-999.0,-999.0,-999.0,0,-999.0,-999.0,-999.0,-999.0,-999.0,0,-999.0,-999.0,-999.0,0,0,0.019621280551045152
PSO J139.6136+35.9169,-999,-999,-999,151101396135900833,3578835000187221,214022515515819,0,16486947936665,15110,1,2038,90,0.126474556630919,3578835,49831,3,1343750144,0,160,139.61359769,35.91686754,0.0010000000474974513,0.0010000000474974513,139.61359769,35.91686754,0.0010000000474974513,0.0010000000474974513,,,,,55611.19278935,-999.0,-0.6168708053380062,0.524745819943472,0.5866108028100854,130.79470455014217,19.236791208755356,188.03891650733772,44.329459128876294,-999,2,0,0,0,0,0,0,-999.0,-999.0,-999.0,-999.0,0,-999.0,-999.0,-999.0,-999.0,-999.0,0,-999.0,-999.0,-999.0,0,16416,-999.0,-999.0,-999.0,-999.0,0,-999.0,-999.0,-999.0,-999.0,-999.0,0,-999.0,-999.0,-999.0,0,16416,-999.0,-999.0,-999.0,-999.0,0,-999.0,-999.0,-999.0,-999.0,-999.0,0,-999.0,-999.0,-999.0,0,16416,-999.0,-999.0,-999.0,-999.0,0,-999.0,-999.0,-999.0,-999.0,-999.0,0,-999.0,-999.0,-999.0,0,114720,-999.0,-999.0,-999.0,-999.0,0,-999.0,-999.0,-999.0,-999.0,-999.0,0,-999.0,-999.0,-999.0,0,16416,0.01558427505008988
PSO J139.6137+35.9244,-999,-999,-999,151101396136669935,3578835000028003,214022515354978,0,16486947914977,15110,1,2038,90,0.963171185891303,3578835,49831,3,268959744,0,32,-999.0,-999.0,-999.0,-999.0,139.61370085,35.92444882,0.25398001074790955,0.25398001074790955,,,,,56032.28560185,-999.0,-0.6168126226014871,0.5246944121799552,0.5867179581592903,130.79221152666636,19.243998325682337,188.02836099064325,44.33014480591117,-999,0,1,1,0,0,0,0,0.5473759770393372,21.023000717163086,0.2535319924354553,-999.0,1,21.023000717163086,21.023000717163086,-999.0,-999.0,-999.0,0,21.047300338745117,0.2535319924354553,-999.0,1,4112,-999.0,-999.0,-999.0,-999.0,0,-999.0,-999.0,-999.0,-999.0,-999.0,0,-999.0,-999.0,-999.0,0,0,-999.0,-999.0,-999.0,-999.0,0,-999.0,-999.0,-999.0,-999.0,-999.0,0,-999.0,-999.0,-999.0,0,0,-999.0,-999.0,-999.0,-999.0,0,-999.0,-999.0,-999.0,-999.0,-999.0,0,-999.0,-999.0,-999.0,0,0,-999.0,-999.0,-999.0,-999.0,0,-999.0,-999.0,-999.0,-999.0,-999.0,0,-999.0,-999.0,-999.0,0,0,0.019886808388218272
PSO J139.6145+35.9245,-999,-999,-999,151101396145099954,3578835000028188,214022515355163,0,16486947914828,15110,1,2038,90,0.43015702760793,3578835,49831,3,268959744,0,32,-999.0,-999.0,-999.0,-999.0,139.61453835,35.92446249,0.17584000527858734,0.17584000527858734,,,,,56032.27366898,-999.0,-0.6168201854378861,0.5246853053933551,0.5867181513645657,130.79288722386252,19.24422891931298,188.02841721092776,44.33082195071871,-999,0,1,1,0,0,0,0,0.427619993686676,20.65239906311035,0.17520299553871155,-999.0,1,20.65239906311035,20.65239906311035,-999.0,-999.0,-999.0,0,20.721099853515625,0.17520299553871155,-999.0,1,4120,-999.0,-999.0,-999.0,-999.0,0,-999.0,-999.0,-999.0,-999.0,-999.0,0,-999.0,-999.0,-999.0,0,0,-999.0,-999.0,-999.0,-999.0,0,-999.0,-999.0,-999.0,-999.0,-999.0,0,-999.0,-999.0,-999.0,0,0,-999.0,-999.0,-999.0,-999.0,0,-999.0,-999.0,-999.0,-999.0,-999.0,0,-999.0,-999.0,-999.0,0,0,-999.0,-999.0,-999.0,-999.0,0,-999.0,-999.0,-999.0,-999.0,-999.0,0,-999.0,-999.0,-999.0,0,0,0.02039303120396011
PSO J139.6147+35.9222,-999,-999,-999,151101396146907203,3578835000028223,214022515355198,0,16486947928513,15110,1,2038,90,0.899367258790291,3578835,49831,3,268959744,0,32,-999.0,-999.0,-999.0,-999.0,139.61471945,35.92216995,0.25971001386642456,0.25971001386642456,,,,,56032.27366898,-999.0,-0.6168397251315149,0.5246985659902274,0.5866857492282185,130.79381359898665,19.242104703567524,188.03162829899853,44.33078610428778,-999,0,1,1,0,0,0,0,0.3940240144729614,21.775999069213867,0.2592810094356537,-999.0,1,21.775999069213867,21.775999069213867,-999.0,-999.0,-999.0,0,21.224300384521484,0.2592810094356537,-999.0,1,4120,-999.0,-999.0,-999.0,-999.0,0,-999.0,-999.0,-999.0,-999.0,-999.0,0,-999.0,-999.0,-999.0,0,0,-999.0,-999.0,-999.0,-999.0,0,-999.0,-999.0,-999.0,-999.0,-999.0,0,-999.0,-999.0,-999.0,0,0,-999.0,-999.0,-999.0,-999.0,0,-999.0,-999.0,-999.0,-999.0,-999.0,0,-999.0,-999.0,-999.0,0,0,-999.0,-999.0,-999.0,-999.0,0,-999.0,-999.0,-999.0,-999.0,-999.0,0,-999.0,-999.0,-999.0,0,0,0.01904506584552359
PSO J139.6150+35.9214,-999,-999,-999,151101396149926235,3578835000028291,214022515355266,0,16486947928342,15110,1,2038,90,0.256779589929413,3578835,49831,3,268959744,0,32,-999.0,-999.0,-999.0,-999.0,139.61501813,35.9213666,0.23725999891757965,0.23725999891757965,,,,,56303.55474537,-999.0,-0.6168487260865039,0.5247006801570855,0.5866743946757428,130.79432929973902,19.241421467245488,188.0327746783782,44.33096340761108,-999,0,1,0,1,0,0,0,-999.0,-999.0,-999.0,-999.0,0,-999.0,-999.0,-999.0,-999.0,-999.0,0,-999.0,-999.0,-999.0,0,0,0.7752159833908081,21.96339988708496,0.23678100109100342,-999.0,1,21.96339988708496,21.96339988708496,21.841699600219727,0.21440699696540833,-999.0,1,21.718599319458008,0.23678100109100342,-999.0,1,4120,-999.0,-999.0,-999.0,-999.0,0,-999.0,-999.0,-999.0,-999.0,-999.0,0,-999.0,-999.0,-999.0,0,0,-999.0,-999.0,-999.0,-999.0,0,-999.0,-999.0,-999.0,-999.0,-999.0,0,-999.0,-999.0,-999.0,0,0,-999.0,-999.0,-999.0,-999.0,0,-999.0,-999.0,-999.0,-999.0,-999.0,0,-999.0,-999.0,-999.0,0,0,0.018773544553456197
PSO J139.6150+35.9172,-999,-999,-999,151101396150041294,3578835000028290,214022515355265,0,16486947919031,15110,1,2038,90,0.341779028383809,3578835,49831,3,310456320,0,37,-999.0,-999.0,-999.0,-999.0,139.61503492,35.91722477,0.18866999447345734,0.18866999447345734,,,,,55259.45986111,-999.0,-0.6168811821730269,0.5247279762183384,0.5866158522019461,130.79575073362977,19.237503068034982,188.03854807753464,44.330647813590595,-999,0,1,0,0,1,0,0,-999.0,-999.0,-999.0,-999.0,0,-999.0,-999.0,-999.0,-999.0,-999.0,0,-999.0,-999.0,-999.0,0,0,-999.0,-999.0,-999.0,-999.0,0,-999.0,-999.0,-999.0,-999.0,-999.0,0,-999.0,-999.0,-999.0,0,0,0.9902949929237366,20.67799949645996,0.18807800114154816,-999.0,1,20.67799949645996,20.67799949645996,20.23430061340332,0.24686700105667114,-999.0,1,20.1343994140625,0.18807800114154816,-999.0,1,16777488,-999.0,-999.0,-999.0,-999.0,0,-999.0,-999.0,-999.0,-999.0,-999.0,0,-999.0,-999.0,-999.0,0,0,-999.0,-999.0,-999.0,-999.0,0,-999.0,-999.0,-999.0,-999.0,-999.0,0,-999.0,-999.0,-999.0,0,0,0.01679554304434729
PSO J139.6155+35.9216,-999,-999,-999,151101396154676521,3578835000028383,214022515355358,0,16486947928417,15110,1,2038,90,0.241267637574363,3578835,49831,3,268513280,0,32,-999.0,-999.0,-999.0,-999.0,139.61549763,35.92160991,0.019430000334978104,0.019430000334978104,,,,,55249.31701389,-999.0,-0.6168512195086998,0.524693903637976,0.5866778336325418,130.79463612783644,19.241776523517515,188.03247872696252,44.331369816337954,-999,0,1,0,1,0,0,0,-999.0,-999.0,-999.0,-999.0,0,-999.0,-999.0,-999.0,-999.0,-999.0,0,-999.0,-999.0,-999.0,0,0,0.9985079765319824,18.547000885009766,0.01235399954020977,-999.0,1,18.547000885009766,18.547000885009766,18.90049934387207,0.022353999316692352,-999.0,1,18.616500854492188,0.01235399954020977,-999.0,1,24,-999.0,-999.0,-999.0,-999.0,0,-999.0,-999.0,-999.0,-999.0,-999.0,0,-999.0,-999.0,-999.0,0,0,-999.0,-999.0,-999.0,-999.0,0,-999.0,-999.0,-999.0,-999.0,-999.0,0,-999.0,-999.0,-999.0,0,0,-999.0,-999.0,-999.0,-999.0,0,-999.0,-999.0,-999.0,-999.0,-999.0,0,-999.0,-999.0,-999.0,0,0,0.019231404914822614
PSO J139.6156+35.9233,-999,-999,-999,151101396155648519,3578835000028415,214022515355390,0,16486947928736,15110,1,2038,90,0.402964432167787,3578835,49831,3,268959744,0,32,-999.0,-999.0,-999.0,-999.0,139.61559388,35.92326502,0.16067999601364136,0.16067999601364136,,,,,56043.25655093,-999.0,-0.616839191564999,0.5246818867274525,0.5867012267667071,130.7941517258127,19.243369101672144,188.0301808480502,44.3315789490704,-999,0,1,0,0,0,1,0,-999.0,-999.0,-999.0,-999.0,0,-999.0,-999.0,-999.0,-999.0,-999.0,0,-999.0,-999.0,-999.0,0,0,-999.0,-999.0,-999.0,-999.0,0,-999.0,-999.0,-999.0,-999.0,-999.0,0,-999.0,-999.0,-999.0,0,0,-999.0,-999.0,-999.0,-999.0,0,-999.0,-999.0,-999.0,-999.0,-999.0,0,-999.0,-999.0,-999.0,0,0,0.6172429919242859,20.479400634765625,0.1599770039319992,-999.0,1,20.479400634765625,20.479400634765625,-999.0,-999.0,-999.0,0,20.809600830078125,0.1599770039319992,-999.0,1,4120,-999.0,-999.0,-999.0,-999.0,0,-999.0,-999.0,-999.0,-999.0,-999.0,0,-999.0,-999.0,-999.0,0,0,0.020273385919691553
PSO J139.6157+35.9230,-999,-999,-999,151101396156938192,3578835000028445,214022515355420,0,16486947928742,15110,1,2038,90,0.617454417624934,3578835,49831,3,268959744,0,32,-999.0,-999.0,-999.0,-999.0,139.61572216,35.92299296,0.27445998787879944,0.27445998787879944,,,,,56043.26700231,-999.0,-0.6168424883045243,0.524682310661923,0.586697381535616,130.79434841258032,19.24314477039207,188.0305715181886,44.331660901698605,-999,0,1,0,0,0,1,0,-999.0,-999.0,-999.0,-999.0,0,-999.0,-999.0,-999.0,-999.0,-999.0,0,-999.0,-999.0,-999.0,0,0,-999.0,-999.0,-999.0,-999.0,0,-999.0,-999.0,-999.0,-999.0,-999.0,0,-999.0,-999.0,-999.0,0,0,-999.0,-999.0,-999.0,-999.0,0,-999.0,-999.0,-999.0,-999.0,-999.0,0,-999.0,-999.0,-999.0,0,0,0.6638129949569702,21.122699737548828,0.27404698729515076,-999.0,1,21.122699737548828,21.122699737548828,-999.0,-999.0,-999.0,0,21.2283992767334,0.27404698729515076,-999.0,1,4120,-999.0,-999.0,-999.0,-999.0,0,-999.0,-999.0,-999.0,-999.0,-999.0,0,-999.0,-999.0,-999.0,0,0,0.020189110121138956
PSO J139.6159+35.9210,-999,-999,-999,151101396159005801,3578835000028491,214022515355466,0,16486947929587,15110,1,2038,90,0.426557989256976,3578835,49831,3,268959744,0,32,-999.0,-999.0,-999.0,-999.0,139.61591522,35.92100121,0.2863599956035614,0.2863599956035614,,,,,55249.24679398,-999.0,-0.6168597912015996,0.5246934460417689,0.5866692302136974,130.7951822676936,19.241308547089176,188.03336455132944,44.331658573637746,-999,0,1,0,0,0,1,0,-999.0,-999.0,-999.0,-999.0,0,-999.0,-999.0,-999.0,-999.0,-999.0,0,-999.0,-999.0,-999.0,0,0,-999.0,-999.0,-999.0,-999.0,0,-999.0,-999.0,-999.0,-999.0,-999.0,0,-999.0,-999.0,-999.0,0,0,-999.0,-999.0,-999.0,-999.0,0,-999.0,-999.0,-999.0,-999.0,-999.0,0,-999.0,-999.0,-999.0,0,0,0.8067089915275574,21.07819938659668,0.2859709858894348,-999.0,1,21.07819938659668,21.07819938659668,-999.0,-999.0,-999.0,1,20.905000686645508,0.2859709858894348,-999.0,1,4120,-999.0,-999.0,-999.0,-999.0,0,-999.0,-999.0,-999.0,-999.0,-999.0,0,-999.0,-999.0,-999.0,0,0,0.019179375807885493
PSO J139.6159+35.9242,-999,-999,-999,151101396159129669,3578835000028496,214022515355471,0,16486947915154,15110,1,2038,90,0.168436601914872,3578835,49831,3,268959744,0,32,-999.0,-999.0,-999.0,-999.0,139.61594341,35.92422568,0.2056400030851364,0.2056400030851364,,,,,56303.54353009,-999.0,-0.616834899211787,0.5246717501564867,0.5867148043999859,130.79410912194803,19.24436978463509,188.0288734939508,44.331937368666765,-999,0,1,0,1,0,0,0,-999.0,-999.0,-999.0,-999.0,0,-999.0,-999.0,-999.0,-999.0,-999.0,0,-999.0,-999.0,-999.0,0,0,0.5189689993858337,21.22559928894043,0.20509099960327148,-999.0,1,21.22559928894043,21.22559928894043,-999.0,-999.0,-999.0,0,21.79840087890625,0.20509099960327148,-999.0,1,4120,-999.0,-999.0,-999.0,-999.0,0,-999.0,-999.0,-999.0,-999.0,-999.0,0,-999.0,-999.0,-999.0,0,0,-999.0,-999.0,-999.0,-999.0,0,-999.0,-999.0,-999.0,-999.0,-999.0,0,-999.0,-999.0,-999.0,0,0,-999.0,-999.0,-999.0,-999.0,0,-999.0,-999.0,-999.0,-999.0,-999.0,0,-999.0,-999.0,-999.0,0,0,0.021097038672660322
PSO J139.6158+35.9239,-999,-999,-999,151101396160079065,3578835000028517,214022515355492,0,16486947928682,15110,1,2038,90,0.530159678803906,3578835,49831,3,302067712,0,36,-999.0,-999.0,-999.0,-999.0,139.6158318,35.92387825,0.25009000301361084,0.25009000301361084,,,,,57035.59429398,-999.0,-0.6168365871355447,0.524675256797002,0.5867098939646183,130.79413655384363,19.24401172651618,188.02934764071512,44.33181969331906,-999,0,2,0,1,1,0,0,-999.0,-999.0,-999.0,-999.0,0,-999.0,-999.0,-999.0,-999.0,-999.0,0,-999.0,-999.0,-999.0,0,0,0.4559899866580963,21.457500457763672,0.28575700521469116,-999.0,1,21.457500457763672,21.457500457763672,-999.0,-999.0,-999.0,0,21.310300827026367,0.28575700521469116,-999.0,1,4120,0.8753330111503601,22.069900512695312,0.24963699281215668,-999.0,1,22.069900512695312,22.069900512695312,-999.0,-999.0,-999.0,1,21.71500015258789,0.24963699281215668,-999.0,1,280,-999.0,-999.0,-999.0,-999.0,0,-999.0,-999.0,-999.0,-999.0,-999.0,0,-999.0,-999.0,-999.0,0,0,-999.0,-999.0,-999.0,-999.0,0,-999.0,-999.0,-999.0,-999.0,-999.0,0,-999.0,-999.0,-999.0,0,0,0.020806655120695353
PSO J139.6161+35.9220,-999,-999,-999,151101396160426935,3578835000028525,214022515355500,0,16486947929487,15110,1,2038,90,0.718389052635421,3578835,49831,3,268959744,0,32,-999.0,-999.0,-999.0,-999.0,139.61608381,35.92201789,0.15352000296115875,0.15352000296115875,,,,,56039.48569444,-999.0,-0.6168534054016998,0.5246848861092597,0.5866836000203511,130.79497364390159,19.24231526510988,188.03196287745774,44.33187541783659,-999,0,2,1,0,0,0,1,0.28286901116371155,21.32990074157715,0.20193499326705933,-999.0,1,21.32990074157715,21.32990074157715,-999.0,-999.0,-999.0,0,21.673500061035156,0.20193499326705933,-999.0,1,4120,-999.0,-999.0,-999.0,-999.0,0,-999.0,-999.0,-999.0,-999.0,-999.0,0,-999.0,-999.0,-999.0,0,0,-999.0,-999.0,-999.0,-999.0,0,-999.0,-999.0,-999.0,-999.0,-999.0,0,-999.0,-999.0,-999.0,0,0,-999.0,-999.0,-999.0,-999.0,0,-999.0,-999.0,-999.0,-999.0,-999.0,0,-999.0,-999.0,-999.0,0,0,0.7137140035629272,19.881500244140625,0.23495300114154816,-999.0,1,19.881500244140625,19.881500244140625,-999.0,-999.0,-999.0,0,19.732500076293945,0.23495300114154816,-999.0,1,4120,0.019853670302514455
PSO J139.6162+35.9222,-999,-999,-999,151101396162157267,3578835000028562,214022515355537,0,16486947929987,15110,1,2038,90,0.873414170810407,3578835,49831,3,268959744,0,32,-999.0,-999.0,-999.0,-999.0,139.61623001,35.92222298,0.30921998620033264,0.30921998620033264,,,,,55249.24679398,-999.0,-0.6168531445792531,0.5246819514779067,0.5866864987504166,130.79502269851537,19.2425475026775,188.03169020927825,44.33200972534989,-999,0,1,0,0,0,1,0,-999.0,-999.0,-999.0,-999.0,0,-999.0,-999.0,-999.0,-999.0,-999.0,0,-999.0,-999.0,-999.0,0,0,-999.0,-999.0,-999.0,-999.0,0,-999.0,-999.0,-999.0,-999.0,-999.0,0,-999.0,-999.0,-999.0,0,0,-999.0,-999.0,-999.0,-999.0,0,-999.0,-999.0,-999.0,-999.0,-999.0,0,-999.0,-999.0,-999.0,0,0,0.6683220267295837,20.976299285888672,0.30885401368141174,-999.0,1,20.976299285888672,20.976299285888672,-999.0,-999.0,-999.0,0,-999.0,-999.0,-999.0,0,4120,-999.0,-999.0,-999.0,-999.0,0,-999.0,-999.0,-999.0,-999.0,-999.0,0,-999.0,-999.0,-999.0,0,0,0.020067795003059084
PSO J139.6162+35.9178,-999,-999,-999,151101396162531900,3578835000028566,214022515355541,0,16486947918957,15110,1,2038,90,0.795026059071558,3578835,49831,3,444674048,0,53,139.61612613,35.91785278,0.0010000000474974513,0.0010000000474974513,139.61620308,35.91775296,0.11055000126361847,0.11055000126361847,,,,,55570.19581019,2.3327999114990234,-0.6168877610529067,0.5247118952227009,0.5866233180456888,130.79652021055412,19.23830692086199,188.03791714714774,44.33163285695347,-999,4,2,0,0,1,1,0,-999.0,-999.0,-999.0,-999.0,0,-999.0,-999.0,-999.0,-999.0,-999.0,0,-999.0,-999.0,-999.0,0,16416,-999.0,-999.0,-999.0,-999.0,0,-999.0,-999.0,-999.0,-999.0,-999.0,0,-999.0,-999.0,-999.0,0,114720,0.9941139817237854,20.79520034790039,0.15314699709415436,-999.0,1,20.79520034790039,20.79520034790039,20.123899459838867,0.1675560027360916,-999.0,1,20.2189998626709,0.15314699709415436,-999.0,1,16892216,0.5715150237083435,20.994800567626953,0.15821300446987152,-999.0,1,20.994800567626953,20.994800567626953,19.99139976501465,0.15503700077533722,-999.0,1,20.222700119018555,0.15821300446987152,-999.0,1,16794168,-999.0,-999.0,-999.0,-999.0,0,-999.0,-999.0,-999.0,-999.0,-999.0,0,-999.0,-999.0,-999.0,0,16416,0.017872496830864233
PSO J139.6166+35.9219,-999,-999,-999,151101396165806859,3578835000028631,214022515355606,0,16486947930043,15110,1,2038,90,0.992950470180205,3578835,49831,3,276901888,0,33,-999.0,-999.0,-999.0,-999.0,139.61661363,35.92188998,0.020500000566244125,0.020500000566244125,,,,,55249.34458333,-999.0,-0.6168592548541489,0.5246800305589947,0.5866817921440859,130.795447529965,19.242331816213213,188.03218876600118,44.332292962391435,-999,0,1,1,0,0,0,0,0.9973520040512085,18.880599975585938,0.013965999707579613,-999.0,1,18.880599975585938,18.880599975585938,18.68280029296875,0.02757900021970272,-999.0,1,18.582700729370117,0.013965999707579613,-999.0,1,16777240,-999.0,-999.0,-999.0,-999.0,0,-999.0,-999.0,-999.0,-999.0,-999.0,0,-999.0,-999.0,-999.0,0,0,-999.0,-999.0,-999.0,-999.0,0,-999.0,-999.0,-999.0,-999.0,-999.0,0,-999.0,-999.0,-999.0,0,0,-999.0,-999.0,-999.0,-999.0,0,-999.0,-999.0,-999.0,-999.0,-999.0,0,-999.0,-999.0,-999.0,0,0,-999.0,-999.0,-999.0,-999.0,0,-999.0,-999.0,-999.0,-999.0,-999.0,0,-999.0,-999.0,-999.0,0,0,0.020137393657821846
PSO J139.6167+35.9235,-999,-999,-999,151101396167088779,3578835000028654,214022515355629,0,16486947928621,15110,1,2038,90,0.561316336096559,3578835,49831,3,268959744,0,32,-999.0,-999.0,-999.0,-999.0,139.6167363,35.92348415,0.22851000726222992,0.22851000726222992,,,,,56042.25787037,-999.0,-0.6168479438531623,0.5246681336759654,0.5867043238881959,130.79500529200646,19.243873541014903,188.02997814749122,44.33251856011479,-999,0,1,0,0,0,1,0,-999.0,-999.0,-999.0,-999.0,0,-999.0,-999.0,-999.0,-999.0,-999.0,0,-999.0,-999.0,-999.0,0,0,-999.0,-999.0,-999.0,-999.0,0,-999.0,-999.0,-999.0,-999.0,-999.0,0,-999.0,-999.0,-999.0,0,0,-999.0,-999.0,-999.0,-999.0,0,-999.0,-999.0,-999.0,-999.0,-999.0,0,-999.0,-999.0,-999.0,0,0,0.5354970097541809,20.841699600219727,0.2280150055885315,-999.0,1,20.841699600219727,20.841699600219727,-999.0,-999.0,-999.0,0,20.94809913635254,0.2280150055885315,-999.0,1,4120,-999.0,-999.0,-999.0,-999.0,0,-999.0,-999.0,-999.0,-999.0,-999.0,0,-999.0,-999.0,-999.0,0,0,0.021140278283364494
PSO J139.6168+35.9208,-999,-999,-999,151101396167265465,3578835000028656,214022515355631,0,16486947929466,15110,1,2038,90,0.00428391807180263,3578835,49831,3,436363264,7,52,139.61674856,35.9207529,0.0010000000474974513,0.0010000000474974513,139.61679978958742,35.92078931574356,0.04760773209490381,0.04760773209490381,110.80583807165276,95.35598558139361,42.88814414917521,42.88814414917521,56684.906054647065,3.1765825748443604,-0.6168695443677872,0.5246853282015562,0.5866662352662746,130.79596130321036,19.241315742393496,188.03376161589935,44.332337079439306,-999,10,6,0,0,3,2,1,-999.0,-999.0,-999.0,-999.0,0,-999.0,-999.0,-999.0,-999.0,-999.0,0,-999.0,-999.0,-999.0,0,114720,-999.0,-999.0,-999.0,-999.0,0,-999.0,-999.0,-999.0,-999.0,-999.0,0,-999.0,-999.0,-999.0,0,114720,0.9996749758720398,21.579999923706055,0.014081999659538269,0.36552000045776367,3,21.565000534057617,22.096599578857422,-999.0,-999.0,-999.0,2,21.72909927368164,0.2146340012550354,0.3042289912700653,3,115000,0.8670480251312256,20.997100830078125,0.07376699894666672,0.10753899812698364,2,20.94179916381836,21.08930015563965,-999.0,-999.0,-999.0,0,21.132200241088867,0.38994699716567993,0.6097670197486877,2,115000,0.9989129900932312,20.697399139404297,0.1590300053358078,-999.0,1,20.697399139404297,20.697399139404297,20.785999298095703,0.3250400125980377,-999.0,1,20.563800811767578,0.1590300053358078,-999.0,1,115000,0.01967964371194096
PSO J139.6170+35.9184,-999,-999,-999,151101396170142641,3578835000028720,214022515355695,0,16486947926189,15110,1,2038,90,0.551112098201282,3578835,49831,3,268959744,0,32,-999.0,-999.0,-999.0,-999.0,139.61703797,35.91836975,0.2833099961280823,0.2833099961280823,,,,,55249.27831019,-999.0,-0.6168905964941211,0.5246988146544869,0.5866320361668835,130.7969888184074,19.23910807354145,188.03713272085713,44.33235587930039,-999,0,1,0,0,0,0,1,-999.0,-999.0,-999.0,-999.0,0,-999.0,-999.0,-999.0,-999.0,-999.0,0,-999.0,-999.0,-999.0,0,0,-999.0,-999.0,-999.0,-999.0,0,-999.0,-999.0,-999.0,-999.0,-999.0,0,-999.0,-999.0,-999.0,0,0,-999.0,-999.0,-999.0,-999.0,0,-999.0,-999.0,-999.0,-999.0,-999.0,0,-999.0,-999.0,-999.0,0,0,-999.0,-999.0,-999.0,-999.0,0,-999.0,-999.0,-999.0,-999.0,-999.0,0,-999.0,-999.0,-999.0,0,0,0.6919749975204468,19.776899337768555,0.28291401267051697,-999.0,1,19.776899337768555,19.776899337768555,-999.0,-999.0,-999.0,0,-999.0,-999.0,-999.0,0,4112,0.01873865992540051
PSO J139.6171+35.9232,-999,-999,-999,151101396170348446,3578835000028727,214022515355702,0,16486947929314,15110,1,2038,90,0.724836974148487,3578835,49831,3,277348352,0,33,-999.0,-999.0,-999.0,-999.0,139.61706231,35.92320269,0.3840799927711487,0.3840799927711487,,,,,56042.24768519,-999.0,-0.616853124577506,0.5246664911396249,0.5867003458105352,130.79536580348054,19.24369169638598,188.03039969305408,44.33275938740517,-999,0,1,0,0,0,1,0,-999.0,-999.0,-999.0,-999.0,0,-999.0,-999.0,-999.0,-999.0,-999.0,0,-999.0,-999.0,-999.0,0,0,-999.0,-999.0,-999.0,-999.0,0,-999.0,-999.0,-999.0,-999.0,-999.0,0,-999.0,-999.0,-999.0,0,0,-999.0,-999.0,-999.0,-999.0,0,-999.0,-999.0,-999.0,-999.0,-999.0,0,-999.0,-999.0,-999.0,0,0,0.425601989030838,21.222400665283203,0.3837890028953552,-999.0,1,21.222400665283203,21.222400665283203,-999.0,-999.0,-999.0,0,20.249500274658203,0.3837890028953552,-999.0,1,16781336,-999.0,-999.0,-999.0,-999.0,0,-999.0,-999.0,-999.0,-999.0,-999.0,0,-999.0,-999.0,-999.0,0,0,0.021184986663634508
PSO J139.6171+35.9207,-999,-999,-999,151101396170795469,3578835000028732,214022515355707,0,16486947929414,15110,1,2038,90,0.481986450480285,3578835,49831,3,310456320,0,37,-999.0,-999.0,-999.0,-999.0,139.61710664,35.92072639,0.18366000056266785,0.18366000056266785,,,,,55248.26421296,-999.0,-0.6168728451306864,0.5246824419635082,0.5866653458621722,130.7962435587431,19.241357905732063,188.03385467871217,44.33259854183894,-999,0,1,0,0,0,1,0,-999.0,-999.0,-999.0,-999.0,0,-999.0,-999.0,-999.0,-999.0,-999.0,0,-999.0,-999.0,-999.0,0,0,-999.0,-999.0,-999.0,-999.0,0,-999.0,-999.0,-999.0,-999.0,-999.0,0,-999.0,-999.0,-999.0,0,0,-999.0,-999.0,-999.0,-999.0,0,-999.0,-999.0,-999.0,-999.0,-999.0,0,-999.0,-999.0,-999.0,0,0,0.9994109869003296,21.024200439453125,0.18304499983787537,-999.0,1,21.024200439453125,21.024200439453125,20.626300811767578,0.23228199779987335,-999.0,1,20.529699325561523,0.18304499983787537,-999.0,1,16777496,-999.0,-999.0,-999.0,-999.0,0,-999.0,-999.0,-999.0,-999.0,-999.0,0,-999.0,-999.0,-999.0,0,0,0.019862116184562684
PSO J139.6172+35.9226,-999,-999,-999,151101396171197709,3578835000028742,214022515355717,0,16486947929175,15110,1,2038,90,0.0120012117661547,3578835,49831,3,276901888,0,33,-999.0,-999.0,-999.0,-999.0,139.61715227,35.92259813,0.019290000200271606,0.019290000200271606,,,,,55249.34458333,-999.0,-0.6168586639043749,0.5246695334328475,0.5866918010791249,130.79564438749463,19.243142495932517,188.03125030284596,44.33278401215708,-999,0,1,1,0,0,0,0,0.9982510209083557,18.650699615478516,0.012120000086724758,-999.0,1,18.650699615478516,18.650699615478516,18.557100296020508,0.019499000161886215,-999.0,1,18.53689956665039,0.012120000086724758,-999.0,1,16777240,-999.0,-999.0,-999.0,-999.0,0,-999.0,-999.0,-999.0,-999.0,-999.0,0,-999.0,-999.0,-999.0,0,0,-999.0,-999.0,-999.0,-999.0,0,-999.0,-999.0,-999.0,-999.0,-999.0,0,-999.0,-999.0,-999.0,0,0,-999.0,-999.0,-999.0,-999.0,0,-999.0,-999.0,-999.0,-999.0,-999.0,0,-999.0,-999.0,-999.0,0,0,-999.0,-999.0,-999.0,-999.0,0,-999.0,-999.0,-999.0,-999.0,-999.0,0,-999.0,-999.0,-999.0,0,0,0.020895387750365334
PSO J139.6173+35.9205,-999,-999,-999,151101396173065149,3578835000028790,214022515355765,0,16486947929856,15110,1,2038,90,0.269148605195012,3578835,49831,3,268959744,0,32,-999.0,-999.0,-999.0,-999.0,139.6173282,35.92045972,0.322380006313324,0.322380006313324,,,,,56678.54153935,-999.0,-0.6168769539553731,0.5246818255980837,0.5866615766911982,130.79651419341818,19.241162924271734,188.03424623620373,44.332756220200366,-999,0,1,0,1,0,0,0,-999.0,-999.0,-999.0,-999.0,0,-999.0,-999.0,-999.0,-999.0,-999.0,0,-999.0,-999.0,-999.0,0,0,0.7629780173301697,22.515899658203125,0.32203298807144165,-999.0,1,22.515899658203125,22.515899658203125,-999.0,-999.0,-999.0,0,22.790000915527344,0.32203298807144165,-999.0,1,4120,-999.0,-999.0,-999.0,-999.0,0,-999.0,-999.0,-999.0,-999.0,-999.0,0,-999.0,-999.0,-999.0,0,0,-999.0,-999.0,-999.0,-999.0,0,-999.0,-999.0,-999.0,-999.0,-999.0,0,-999.0,-999.0,-999.0,0,0,-999.0,-999.0,-999.0,-999.0,0,-999.0,-999.0,-999.0,-999.0,-999.0,0,-999.0,-999.0,-999.0,0,0,0.019885944465535595
PSO J139.6177+35.9233,-999,-999,-999,151101396176688571,3578835000028874,214022515355849,0,16486947929130,15110,1,2038,90,0.546245883727675,3578835,49831,3,276901888,0,33,-999.0,-999.0,-999.0,-999.0,139.61770185,35.92331624,0.022360000759363174,0.022360000759363174,,,,,55249.34458333,-999.0,-0.61685809520629,0.5246588524245193,0.5867019506964797,130.7958467398095,19.243965451581683,188.03029892233906,44.33328466852822,-999,0,1,1,0,0,0,0,0.9973829984664917,19.01259994506836,0.016574999317526817,-999.0,1,19.01259994506836,19.01259994506836,18.614700317382812,0.028140999376773834,-999.0,1,18.471799850463867,0.016574999317526817,-999.0,1,16777240,-999.0,-999.0,-999.0,-999.0,0,-999.0,-999.0,-999.0,-999.0,-999.0,0,-999.0,-999.0,-999.0,0,0,-999.0,-999.0,-999.0,-999.0,0,-999.0,-999.0,-999.0,-999.0,-999.0,0,-999.0,-999.0,-999.0,0,0,-999.0,-999.0,-999.0,-999.0,0,-999.0,-999.0,-999.0,-999.0,-999.0,0,-999.0,-999.0,-999.0,0,0,-999.0,-999.0,-999.0,-999.0,0,-999.0,-999.0,-999.0,-999.0,-999.0,0,-999.0,-999.0,-999.0,0,0,0.021671780871324313
PSO J139.6180+35.9183,-999,-999,-999,151101396179842632,3578835000028944,214022515355919,0,16486947926138,15110,1,2038,90,0.807717844664788,3578835,49831,3,310456320,0,37,-999.0,-999.0,-999.0,-999.0,139.61801662,35.91833957,0.18209999799728394,0.18209999799728394,,,,,55259.45986111,-999.0,-0.6168997939889942,0.5246884778732668,0.5866316095842184,130.79779411967002,19.23933384309208,188.03726282633775,44.333143538304675,-999,0,1,0,0,1,0,0,-999.0,-999.0,-999.0,-999.0,0,-999.0,-999.0,-999.0,-999.0,-999.0,0,-999.0,-999.0,-999.0,0,0,-999.0,-999.0,-999.0,-999.0,0,-999.0,-999.0,-999.0,-999.0,-999.0,0,-999.0,-999.0,-999.0,0,0,0.9933000206947327,20.637500762939453,0.18148000538349152,-999.0,1,20.637500762939453,20.637500762939453,19.858600616455078,0.20608200132846832,-999.0,1,20.036699295043945,0.18148000538349152,-999.0,1,16777488,-999.0,-999.0,-999.0,-999.0,0,-999.0,-999.0,-999.0,-999.0,-999.0,0,-999.0,-999.0,-999.0,0,0,-999.0,-999.0,-999.0,-999.0,0,-999.0,-999.0,-999.0,-999.0,-999.0,0,-999.0,-999.0,-999.0,0,0,0.019453651433752564
PSO J139.6180+35.9165,-999,-999,-999,151101396180070389,3578835000028946,214022515355921,0,16486947931180,15110,1,2038,90,0.702585384904021,3578835,49831,3,302067712,0,36,-999.0,-999.0,-999.0,-999.0,139.61802766,35.91647811,0.19245000183582306,0.19245000183582306,,,,,56759.31069444,-999.0,-0.6169144126877074,0.5247007065776234,0.5866052982501299,130.79843581280372,19.23757371546081,188.0398579752701,44.333004513310144,-999,0,1,0,0,1,0,0,-999.0,-999.0,-999.0,-999.0,0,-999.0,-999.0,-999.0,-999.0,-999.0,0,-999.0,-999.0,-999.0,0,0,-999.0,-999.0,-999.0,-999.0,0,-999.0,-999.0,-999.0,-999.0,-999.0,0,-999.0,-999.0,-999.0,0,0,0.9973390102386475,16.871999740600586,0.19186000525951385,-999.0,1,16.871999740600586,16.871999740600586,-999.0,-999.0,-999.0,1,16.81049919128418,0.19186000525951385,-999.0,1,272,-999.0,-999.0,-999.0,-999.0,0,-999.0,-999.0,-999.0,-999.0,-999.0,0,-999.0,-999.0,-999.0,0,0,-999.0,-999.0,-999.0,-999.0,0,-999.0,-999.0,-999.0,-999.0,-999.0,0,-999.0,-999.0,-999.0,0,0,0.01881441401585346
PSO J139.6181+35.9235,-999,-999,-999,151101396180598845,3578835000028964,214022515355939,0,16486947927322,15110,1,2038,90,0.239110923594898,3578835,49831,3,268959744,0,32,-999.0,-999.0,-999.0,-999.0,139.61807691,35.92353997,0.1523600071668625,0.1523600071668625,,,,,55249.28297454,-999.0,-0.6168597844932819,0.5246533301647378,0.5867051128309284,130.79607536948967,19.244274822516022,188.0300208281762,44.333605192697405,-999,0,1,0,0,1,0,0,-999.0,-999.0,-999.0,-999.0,0,-999.0,-999.0,-999.0,-999.0,-999.0,0,-999.0,-999.0,-999.0,0,0,-999.0,-999.0,-999.0,-999.0,0,-999.0,-999.0,-999.0,-999.0,-999.0,0,-999.0,-999.0,-999.0,0,0,0.6759459972381592,20.13610076904297,0.15161600708961487,-999.0,1,20.13610076904297,20.13610076904297,-999.0,-999.0,-999.0,0,-999.0,-999.0,-999.0,0,4120,-999.0,-999.0,-999.0,-999.0,0,-999.0,-999.0,-999.0,-999.0,-999.0,0,-999.0,-999.0,-999.0,0,0,-999.0,-999.0,-999.0,-999.0,0,-999.0,-999.0,-999.0,-999.0,-999.0,0,-999.0,-999.0,-999.0,0,0,0.022048962055329593
PSO J139.6185+35.9175,-999,-999,-999,151101396184281633,3578835000029047,214022515356022,0,16486947924216,15110,1,2038,90,0.430169877065504,3578835,49831,3,268513280,0,32,-999.0,-999.0,-999.0,-999.0,139.61845606,35.91752467,0.019360000267624855,0.019360000267624855,,,,,57049.45013889,-999.0,-0.6169101737184564,0.5246891519113304,0.5866200912253456,130.79842810961222,19.238676261312357,188.03843802312338,44.333433542446926,-999,0,1,0,0,1,0,0,-999.0,-999.0,-999.0,-999.0,0,-999.0,-999.0,-999.0,-999.0,-999.0,0,-999.0,-999.0,-999.0,0,0,-999.0,-999.0,-999.0,-999.0,0,-999.0,-999.0,-999.0,-999.0,-999.0,0,-999.0,-999.0,-999.0,0,0,0.9557690024375916,18.865299224853516,0.012234999798238277,-999.0,1,18.865299224853516,18.865299224853516,19.30940055847168,0.024607999250292778,-999.0,1,19.23419952392578,0.012234999798238277,-999.0,1,24,-999.0,-999.0,-999.0,-999.0,0,-999.0,-999.0,-999.0,-999.0,-999.0,0,-999.0,-999.0,-999.0,0,0,-999.0,-999.0,-999.0,-999.0,0,-999.0,-999.0,-999.0,-999.0,-999.0,0,-999.0,-999.0,-999.0,0,0,0.019483814743528678
PSO J139.6185+35.9234,-999,-999,-999,151101396184338687,3578835000029055,214022515356030,0,16486947927529,15110,1,2038,90,0.436461987380369,3578835,49831,3,268959744,0,32,-999.0,-999.0,-999.0,-999.0,139.61845429,35.92340564,0.17041000723838806,0.17041000723838806,,,,,55249.28762731,-999.0,-0.6168642879260436,0.5246501583617448,0.5867032142510311,130.79642759949255,19.24424567813489,188.03024194628182,44.333899169809406,-999,0,1,0,0,1,0,0,-999.0,-999.0,-999.0,-999.0,0,-999.0,-999.0,-999.0,-999.0,-999.0,0,-999.0,-999.0,-999.0,0,0,-999.0,-999.0,-999.0,-999.0,0,-999.0,-999.0,-999.0,-999.0,-999.0,0,-999.0,-999.0,-999.0,0,0,0.794547975063324,20.536300659179688,0.16975000500679016,-999.0,1,20.536300659179688,20.536300659179688,-999.0,-999.0,-999.0,1,22.18600082397461,0.16975000500679016,-999.0,1,4120,-999.0,-999.0,-999.0,-999.0,0,-999.0,-999.0,-999.0,-999.0,-999.0,0,-999.0,-999.0,-999.0,0,0,-999.0,-999.0,-999.0,-999.0,0,-999.0,-999.0,-999.0,-999.0,-999.0,0,-999.0,-999.0,-999.0,0,0,0.022221856948932712
PSO J139.6188+35.9201,-999,-999,-999,151101396187284666,3578835000029119,214022515356094,0,16486947926505,15110,1,2038,90,0.893968776700989,3578835,49831,3,268959744,0,32,-999.0,-999.0,-999.0,-999.0,139.61875533,35.92005556,0.3118799924850464,0.3118799924850464,,,,,56043.26700231,-999.0,-0.6168931749105843,0.5246691412391361,0.5866558641828501,130.797810940501,19.241151055625,188.03493781688928,44.333876207160536,-999,0,1,0,0,0,1,0,-999.0,-999.0,-999.0,-999.0,0,-999.0,-999.0,-999.0,-999.0,-999.0,0,-999.0,-999.0,-999.0,0,0,-999.0,-999.0,-999.0,-999.0,0,-999.0,-999.0,-999.0,-999.0,-999.0,0,-999.0,-999.0,-999.0,0,0,-999.0,-999.0,-999.0,-999.0,0,-999.0,-999.0,-999.0,-999.0,-999.0,0,-999.0,-999.0,-999.0,0,0,0.6618810296058655,21.365800857543945,0.3115220069885254,-999.0,1,21.365800857543945,21.365800857543945,-999.0,-999.0,-999.0,0,21.703800201416016,0.3115220069885254,-999.0,1,4120,-999.0,-999.0,-999.0,-999.0,0,-999.0,-999.0,-999.0,-999.0,-999.0,0,-999.0,-999.0,-999.0,0,0,0.02071761744149009
PSO J139.6189+35.9209,-999,-999,-999,151101396188555705,3578835000029143,214022515356118,0,16486947929843,15110,1,2038,90,0.896057295516187,3578835,49831,3,277348352,0,33,-999.0,-999.0,-999.0,-999.0,139.6188812,35.92092519,0.23544000089168549,0.23544000089168549,,,,,56303.55474537,-999.0,-0.6168875446584048,0.5246620171986422,0.5866681557357415,130.79761758544953,19.24200739721131,188.03373718206487,44.33404687998925,-999,0,1,0,1,0,0,0,-999.0,-999.0,-999.0,-999.0,0,-999.0,-999.0,-999.0,-999.0,-999.0,0,-999.0,-999.0,-999.0,0,0,0.6486700177192688,21.87700080871582,0.23496100306510925,-999.0,1,21.87700080871582,21.87700080871582,-999.0,-999.0,-999.0,0,21.078500747680664,0.23496100306510925,-999.0,1,16781336,-999.0,-999.0,-999.0,-999.0,0,-999.0,-999.0,-999.0,-999.0,-999.0,0,-999.0,-999.0,-999.0,0,0,-999.0,-999.0,-999.0,-999.0,0,-999.0,-999.0,-999.0,-999.0,-999.0,0,-999.0,-999.0,-999.0,0,0,-999.0,-999.0,-999.0,-999.0,0,-999.0,-999.0,-999.0,-999.0,-999.0,0,-999.0,-999.0,-999.0,0,0,0.021211816432531946
PSO J139.6195+35.9179,-999,-999,-999,151101396194342021,3578835000187298,214022515515896,0,16486947924937,15110,1,2038,90,0.246800573772565,3578835,49831,3,1343750144,0,160,139.61945075,35.91785391,0.0010000000474974513,0.0010000000474974513,139.61945075,35.91785391,0.0010000000474974513,0.0010000000474974513,,,,,55618.95489583,-999.0,-0.6169167147248789,0.5246762580023207,0.5866247449449645,130.79912427343695,19.23924661460474,188.03806867330502,44.33426271712083,-999,2,0,0,0,0,0,0,-999.0,-999.0,-999.0,-999.0,0,-999.0,-999.0,-999.0,-999.0,-999.0,0,-999.0,-999.0,-999.0,0,16416,-999.0,-999.0,-999.0,-999.0,0,-999.0,-999.0,-999.0,-999.0,-999.0,0,-999.0,-999.0,-999.0,0,16416,-999.0,-999.0,-999.0,-999.0,0,-999.0,-999.0,-999.0,-999.0,-999.0,0,-999.0,-999.0,-999.0,0,16416,-999.0,-999.0,-999.0,-999.0,0,-999.0,-999.0,-999.0,-999.0,-999.0,0,-999.0,-999.0,-999.0,0,114720,-999.0,-999.0,-999.0,-999.0,0,-999.0,-999.0,-999.0,-999.0,-999.0,0,-999.0,-999.0,-999.0,0,16416,0.02035360646061764
PSO J139.6195+35.9230,-999,-999,-999,151101396194788226,3578835000029281,214022515356256,0,16486947928016,15110,1,2038,90,0.492276359807957,3578835,49831,3,268959744,0,32,-999.0,-999.0,-999.0,-999.0,139.61950628,35.92302885,0.26857998967170715,0.26857998967170715,,,,,55250.24451389,-999.0,-0.6168768598362999,0.5246413318445015,0.5866978887970654,130.79741027567707,19.244162232455732,188.0308615888278,44.33471848350771,-999,0,1,0,0,0,1,0,-999.0,-999.0,-999.0,-999.0,0,-999.0,-999.0,-999.0,-999.0,-999.0,0,-999.0,-999.0,-999.0,0,0,-999.0,-999.0,-999.0,-999.0,0,-999.0,-999.0,-999.0,-999.0,-999.0,0,-999.0,-999.0,-999.0,0,0,-999.0,-999.0,-999.0,-999.0,0,-999.0,-999.0,-999.0,-999.0,-999.0,0,-999.0,-999.0,-999.0,0,0,0.8485789895057678,20.84160041809082,0.2681640088558197,-999.0,1,20.84160041809082,20.84160041809082,-999.0,-999.0,-999.0,0,-999.0,-999.0,-999.0,0,4120,-999.0,-999.0,-999.0,-999.0,0,-999.0,-999.0,-999.0,-999.0,-999.0,0,-999.0,-999.0,-999.0,0,0,0.02272152374644978
PSO J139.6197+35.9208,-999,-999,-999,151101396195995466,3578835000029308,214022515356283,0,16486947927560,15110,1,2038,90,0.329522649133133,3578835,49831,3,444915712,7,53,139.61965706,35.9207695,0.0010000000474974513,0.0010000000474974513,139.61968672690435,35.92076958449136,0.0035535744914135994,0.0035524928373232593,-4.300807179983811,2.8682651939507924,1.983247767841994,1.9812229496258742,55806.80543367358,6.324364185333252,-0.6168961345753634,0.524654376489255,0.5866659563811814,130.79832388198042,19.242071354990646,188.0340234140059,44.334684727119225,-999,10,129,30,30,43,14,12,0.9996640086174011,21.26580047607422,0.03885500133037567,0.20217899978160858,26,20.984699249267578,21.78969955444336,20.87459945678711,0.03458999842405319,0.20937900245189667,26,20.83650016784668,0.030685000121593475,0.18849700689315796,27,16892216,0.9996950030326843,20.428300857543945,0.026846999302506447,0.1060359999537468,25,20.28030014038086,20.66550064086914,20.033100128173828,0.016787000000476837,0.08486100286245346,28,19.999000549316406,0.01812399923801422,0.07740899920463562,29,16892216,0.9996780157089233,20.055200576782227,0.020680999383330345,0.13602900505065918,38,19.82040023803711,20.424100875854492,19.739700317382812,0.029541999101638794,0.1360979974269867,40,19.668100357055664,0.020002000033855438,0.11855699867010117,41,16892216,0.9992690086364746,19.792699813842773,0.04160099849104881,0.13621599972248077,14,19.626399993896484,20.007699966430664,19.42329978942871,0.03620599955320358,0.17281900346279144,14,19.393699645996094,0.028363000601530075,0.14850099384784698,14,16892216,0.9996809959411621,19.643999099731445,0.0695979967713356,0.31766200065612793,10,19.027099609375,19.886600494384766,19.302799224853516,0.06187000125646591,0.20226900279521942,10,19.28179931640625,0.08330000191926956,0.2416830062866211,10,16892216,0.021714263867580907
PSO J139.6199+35.9224,-999,-999,-999,151101396199347454,3578835000029413,214022515356388,0,16486947928034,15110,1,2038,90,0.515854385230555,3578835,49831,3,268959744,0,32,-999.0,-999.0,-999.0,-999.0,139.61994831,35.92237728,0.3009699881076813,0.3009699881076813,,,,,57035.55862269,-999.0,-0.616885989775355,0.5246408951209016,0.5866886796126372,130.79799085712634,19.24366001701322,188.03180938150686,44.33502359996096,-999,0,1,0,0,1,0,0,-999.0,-999.0,-999.0,-999.0,0,-999.0,-999.0,-999.0,-999.0,-999.0,0,-999.0,-999.0,-999.0,0,0,-999.0,-999.0,-999.0,-999.0,0,-999.0,-999.0,-999.0,-999.0,-999.0,0,-999.0,-999.0,-999.0,0,0,0.5578849911689758,21.956499099731445,0.30059900879859924,-999.0,1,21.956499099731445,21.956499099731445,-999.0,-999.0,-999.0,0,22.06559944152832,0.30059900879859924,-999.0,1,4120,-999.0,-999.0,-999.0,-999.0,0,-999.0,-999.0,-999.0,-999.0,-999.0,0,-999.0,-999.0,-999.0,0,0,-999.0,-999.0,-999.0,-999.0,0,-999.0,-999.0,-999.0,-999.0,-999.0,0,-999.0,-999.0,-999.0,0,0,0.022682820778760434
PSO J139.6201+35.9210,-999,-999,-999,151101396200415780,3578835000029431,214022515356406,0,16486947927613,15110,1,2038,90,0.049737688200304,3578835,49831,3,268959744,0,32,-999.0,-999.0,-999.0,-999.0,139.62006619,35.92098161,0.18950000405311584,0.18950000405311584,,,,,57049.43763889,-999.0,-0.6168979555016084,0.5246488843668224,0.586668953184489,130.7985610579864,19.242368818283012,188.0337650791027,44.335007967062566,-999,0,1,0,0,1,0,0,-999.0,-999.0,-999.0,-999.0,0,-999.0,-999.0,-999.0,-999.0,-999.0,0,-999.0,-999.0,-999.0,0,0,-999.0,-999.0,-999.0,-999.0,0,-999.0,-999.0,-999.0,-999.0,-999.0,0,-999.0,-999.0,-999.0,0,0,0.6059970259666443,21.834199905395508,0.18890100717544556,-999.0,1,21.834199905395508,21.834199905395508,-999.0,-999.0,-999.0,0,24.707599639892578,0.18890100717544556,-999.0,1,4120,-999.0,-999.0,-999.0,-999.0,0,-999.0,-999.0,-999.0,-999.0,-999.0,0,-999.0,-999.0,-999.0,0,0,-999.0,-999.0,-999.0,-999.0,0,-999.0,-999.0,-999.0,-999.0,-999.0,0,-999.0,-999.0,-999.0,0,0,0.02208477085699489
PSO J139.6208+35.9176,-999,-999,-999,151101396207971684,3578835000029605,214022515356580,0,16486947924318,15110,1,2038,90,0.107648123155952,3578835,49831,3,268959744,0,32,-999.0,-999.0,-999.0,-999.0,139.6208207,35.91757229,0.2492399960756302,0.2492399960756302,,,,,55249.27831019,-999.0,-0.6169314561028908,0.5246633752573138,0.5866207643225476,130.80033293666617,19.23933596185712,188.03858439095748,44.33534630353608,-999,0,1,0,0,0,0,1,-999.0,-999.0,-999.0,-999.0,0,-999.0,-999.0,-999.0,-999.0,-999.0,0,-999.0,-999.0,-999.0,0,0,-999.0,-999.0,-999.0,-999.0,0,-999.0,-999.0,-999.0,-999.0,-999.0,0,-999.0,-999.0,-999.0,0,0,-999.0,-999.0,-999.0,-999.0,0,-999.0,-999.0,-999.0,-999.0,-999.0,0,-999.0,-999.0,-999.0,0,0,-999.0,-999.0,-999.0,-999.0,0,-999.0,-999.0,-999.0,-999.0,-999.0,0,-999.0,-999.0,-999.0,0,0,0.6958640217781067,19.589500427246094,0.2487889975309372,-999.0,1,19.589500427246094,19.589500427246094,-999.0,-999.0,-999.0,0,-999.0,-999.0,-999.0,0,4112,0.021305043846206476
PSO J139.6211+35.9192,-999,-999,-999,151101396210783622,3578835000187317,214022515515915,0,16486947925098,15110,1,2038,90,0.820782381874307,3578835,49831,3,1343750144,0,160,139.62107817,35.91918131,0.0010000000474974513,0.0010000000474974513,139.62107817,35.91918131,0.0010000000474974513,0.0010000000474974513,,,,,55646.49783565,-999.0,-0.6169212641051247,0.524649930298818,0.5866435071935768,130.79999514877704,19.24092678315858,188.03636509389952,44.33568196358893,-999,1,0,0,0,0,0,0,-999.0,-999.0,-999.0,-999.0,0,-999.0,-999.0,-999.0,-999.0,-999.0,0,-999.0,-999.0,-999.0,0,16416,-999.0,-999.0,-999.0,-999.0,0,-999.0,-999.0,-999.0,-999.0,-999.0,0,-999.0,-999.0,-999.0,0,16416,-999.0,-999.0,-999.0,-999.0,0,-999.0,-999.0,-999.0,-999.0,-999.0,0,-999.0,-999.0,-999.0,0,114720,-999.0,-999.0,-999.0,-999.0,0,-999.0,-999.0,-999.0,-999.0,-999.0,0,-999.0,-999.0,-999.0,0,16416,-999.0,-999.0,-999.0,-999.0,0,-999.0,-999.0,-999.0,-999.0,-999.0,0,-999.0,-999.0,-999.0,0,16416,0.022065824908437278
PSO J139.6213+35.9182,-999,-999,-999,151101396212772444,3578835000029691,214022515356666,0,16486947924290,15110,1,2038,90,0.821286050436353,3578835,49831,3,310456320,0,37,-999.0,-999.0,-999.0,-999.0,139.62131018,35.91818448,0.18060000240802765,0.18060000240802765,,,,,55259.45986111,-999.0,-0.6169311635188777,0.5246540441740781,0.586629417444291,130.8005224844647,19.2400429908838,188.03777522221276,44.33579009171877,-999,0,1,0,0,1,0,0,-999.0,-999.0,-999.0,-999.0,0,-999.0,-999.0,-999.0,-999.0,-999.0,0,-999.0,-999.0,-999.0,0,0,-999.0,-999.0,-999.0,-999.0,0,-999.0,-999.0,-999.0,-999.0,-999.0,0,-999.0,-999.0,-999.0,0,0,0.9268540143966675,20.59320068359375,0.17997600138187408,-999.0,1,20.59320068359375,20.59320068359375,19.326400756835938,0.13227100670337677,-999.0,1,19.66900062561035,0.17997600138187408,-999.0,1,16777488,-999.0,-999.0,-999.0,-999.0,0,-999.0,-999.0,-999.0,-999.0,-999.0,0,-999.0,-999.0,-999.0,0,0,-999.0,-999.0,-999.0,-999.0,0,-999.0,-999.0,-999.0,-999.0,-999.0,0,-999.0,-999.0,-999.0,0,0,0.021881247617766157
PSO J139.6214+35.9194,-999,-999,-999,151101396213703894,3578835000029715,214022515356690,0,16486947925195,15110,1,2038,90,0.903521866447778,3578835,49831,3,268959744,0,32,-999.0,-999.0,-999.0,-999.0,139.62139668,35.91941235,0.2963300049304962,0.2963300049304962,,,,,56043.26700231,-999.0,-0.6169223785877457,0.5246449682806473,0.5866467728160079,130.8001753616283,19.24122838648366,188.03607173548323,44.33595743990978,-999,0,1,0,0,0,1,0,-999.0,-999.0,-999.0,-999.0,0,-999.0,-999.0,-999.0,-999.0,-999.0,0,-999.0,-999.0,-999.0,0,0,-999.0,-999.0,-999.0,-999.0,0,-999.0,-999.0,-999.0,-999.0,-999.0,0,-999.0,-999.0,-999.0,0,0,-999.0,-999.0,-999.0,-999.0,0,-999.0,-999.0,-999.0,-999.0,-999.0,0,-999.0,-999.0,-999.0,0,0,0.8215339779853821,21.555700302124023,0.2959499955177307,-999.0,1,21.555700302124023,21.555700302124023,-999.0,-999.0,-999.0,0,21.91699981689453,0.2959499955177307,-999.0,1,4120,-999.0,-999.0,-999.0,-999.0,0,-999.0,-999.0,-999.0,-999.0,-999.0,0,-999.0,-999.0,-999.0,0,0,0.022392756259950894
PSO J139.6226+35.9172,-999,-999,-999,151101396225791276,3578835000029994,214022515356969,0,16486947925269,15110,1,2038,90,0.60596034732271,3578835,49831,3,436527104,7,52,139.62257261,35.91722911,0.0010000000474974513,0.0010000000474974513,139.62258967894712,35.91723419458291,0.018369428961655145,0.018369428961655145,-1.8408842825138931,23.354389494164547,9.03652803601362,9.03652803601362,56142.66436364536,3.7018744945526123,-0.6169502915295203,0.5246465700214277,0.5866159854166872,130.8018925036391,19.239460289328285,188.0392382347596,44.33674805298327,-999,8,23,3,12,8,0,0,0.9992650151252747,21.969499588012695,0.09502200037240982,0.14634600281715393,3,21.81920051574707,22.07900047302246,21.964500427246094,0.17675699293613434,0.2822880148887634,3,21.942899703979492,0.16545599699020386,0.264849990606308,3,115000,0.9990739822387695,21.700599670410156,0.05148899927735329,0.1823890060186386,12,21.481000900268555,22.0403995513916,21.65719985961914,0.08218099921941757,0.2405180037021637,12,21.56290054321289,0.08411899954080582,0.3175800144672394,12,115000,0.9991909861564636,21.68670082092285,0.06305799633264542,0.19308699667453766,8,21.43429946899414,22.01059913635254,21.595300674438477,0.10243800282478333,0.2928580045700073,8,21.508100509643555,0.09139099717140198,0.3082039952278137,8,115000,-999.0,-999.0,-999.0,-999.0,0,-999.0,-999.0,-999.0,-999.0,-999.0,0,-999.0,-999.0,-999.0,0,114720,-999.0,-999.0,-999.0,-999.0,0,-999.0,-999.0,-999.0,-999.0,-999.0,0,-999.0,-999.0,-999.0,0,16416,0.022567524294379502
PSO J139.6229+35.9219,-999,-999,-999,151101396228356921,3578835000030050,214022515357025,0,16486947923795,15110,1,2038,90,0.215233739665927,3578835,49831,3,268959744,0,32,-999.0,-999.0,-999.0,-999.0,139.6228562,35.92193365,0.30507999658584595,0.30507999658584595,,,,,55249.28762731,-999.0,-0.6169160762207011,0.5246125288538861,0.58668240937494,130.80050393022535,19.243995652103326,188.032688957653,44.33733581707697,-999,0,1,0,0,1,0,0,-999.0,-999.0,-999.0,-999.0,0,-999.0,-999.0,-999.0,-999.0,-999.0,0,-999.0,-999.0,-999.0,0,0,-999.0,-999.0,-999.0,-999.0,0,-999.0,-999.0,-999.0,-999.0,-999.0,0,-999.0,-999.0,-999.0,0,0,0.7750239968299866,21.111600875854492,0.3047119975090027,-999.0,1,21.111600875854492,21.111600875854492,-999.0,-999.0,-999.0,0,-999.0,-999.0,-999.0,0,4120,-999.0,-999.0,-999.0,-999.0,0,-999.0,-999.0,-999.0,-999.0,-999.0,0,-999.0,-999.0,-999.0,0,0,-999.0,-999.0,-999.0,-999.0,0,-999.0,-999.0,-999.0,-999.0,-999.0,0,-999.0,-999.0,-999.0,0,0,0.024529013214063495
PSO J139.6235+35.9190,-999,-999,-999,151101396234333446,3578835000030202,214022515357177,0,16486947925678,15110,1,2038,90,0.529347212546828,3578835,49831,3,268959744,0,32,-999.0,-999.0,-999.0,-999.0,139.62345927,35.91903941,0.3453199863433838,0.3453199863433838,,,,,56043.26700231,-999.0,-0.6169441738107176,0.5246252330054241,0.5866415015109444,130.80197774790255,19.24141128809989,188.03677694281814,44.33759293114386,-999,0,1,0,0,0,1,0,-999.0,-999.0,-999.0,-999.0,0,-999.0,-999.0,-999.0,-999.0,-999.0,0,-999.0,-999.0,-999.0,0,0,-999.0,-999.0,-999.0,-999.0,0,-999.0,-999.0,-999.0,-999.0,-999.0,0,-999.0,-999.0,-999.0,0,0,-999.0,-999.0,-999.0,-999.0,0,-999.0,-999.0,-999.0,-999.0,-999.0,0,-999.0,-999.0,-999.0,0,0,0.6189389824867249,21.425600051879883,0.34499800205230713,-999.0,1,21.425600051879883,21.425600051879883,-999.0,-999.0,-999.0,0,22.6835994720459,0.34499800205230713,-999.0,1,4120,-999.0,-999.0,-999.0,-999.0,0,-999.0,-999.0,-999.0,-999.0,-999.0,0,-999.0,-999.0,-999.0,0,0,0.02380955026042578
PSO J139.6248+35.9190,-999,-999,-999,151101396248383413,3578835000030565,214022515357540,0,16486947922415,15110,1,2038,90,0.0468650255788723,3578835,49831,3,268513280,0,32,-999.0,-999.0,-999.0,-999.0,139.6248275,35.91903177,0.014600000344216824,0.014600000344216824,,,,,55754.22980324,81.37259674072266,-0.616956761340509,0.5246105508290229,0.5866413935234194,130.8030918698766,19.24175969512073,188.03691058585326,44.33869688377516,-999,0,2,1,0,1,0,0,0.9994410276412964,18.521799087524414,0.00974700041115284,-999.0,1,18.521799087524414,18.521799087524414,19.35219955444336,0.031065000221133232,-999.0,1,19.249799728393555,0.00974700041115284,-999.0,1,24,-999.0,-999.0,-999.0,-999.0,0,-999.0,-999.0,-999.0,-999.0,-999.0,0,-999.0,-999.0,-999.0,0,0,0.9978780150413513,18.467100143432617,0.020304000005126,-999.0,1,18.467100143432617,18.467100143432617,18.15570068359375,0.034557998180389404,-999.0,1,18.207799911499023,0.020304000005126,-999.0,1,16777232,-999.0,-999.0,-999.0,-999.0,0,-999.0,-999.0,-999.0,-999.0,-999.0,0,-999.0,-999.0,-999.0,0,0,-999.0,-999.0,-999.0,-999.0,0,-999.0,-999.0,-999.0,-999.0,-999.0,0,-999.0,-999.0,-999.0,0,0,0.02484878645273665
PSO J139.6249+35.9183,-999,-999,-999,151101396248802570,3578835000030572,214022515357547,0,16486947922259,15110,1,2038,90,0.716729653735393,3578835,49831,3,268513280,0,32,-999.0,-999.0,-999.0,-999.0,139.62491785,35.91830808,0.023250000551342964,0.023250000551342964,,,,,56759.32336806,-999.0,-0.6169632334361553,0.5246143778461814,0.5866311644850349,130.8034112903592,19.241097779488438,188.03792735544766,44.338712368947206,-999,0,1,0,0,1,0,0,-999.0,-999.0,-999.0,-999.0,0,-999.0,-999.0,-999.0,-999.0,-999.0,0,-999.0,-999.0,-999.0,0,0,-999.0,-999.0,-999.0,-999.0,0,-999.0,-999.0,-999.0,-999.0,-999.0,0,-999.0,-999.0,-999.0,0,0,0.99863201379776,18.357999801635742,0.017765000462532043,-999.0,1,18.357999801635742,18.357999801635742,18.61009979248047,0.03365800157189369,-999.0,1,18.384700775146484,0.017765000462532043,-999.0,1,16,-999.0,-999.0,-999.0,-999.0,0,-999.0,-999.0,-999.0,-999.0,-999.0,0,-999.0,-999.0,-999.0,0,0,-999.0,-999.0,-999.0,-999.0,0,-999.0,-999.0,-999.0,-999.0,-999.0,0,-999.0,-999.0,-999.0,0,0,0.024686799748276405
PSO J139.6289+35.9261,-999,-999,-999,151111396288391915,3578835000031572,214022515358547,0,16486948110109,15111,1,2038,90,0.0879027648716259,3578835,49831,3,268959744,0,32,-999.0,-999.0,-999.0,-999.0,139.62885759,35.92609775,0.20791999995708466,0.20791999995708466,,,,,55249.26106481,-999.0,-0.6169385364890575,0.5245202878425517,0.586741263110331,130.8039634462423,19.249499340533276,188.0274238373923,44.342510590214644,-999,0,1,0,0,0,0,1,-999.0,-999.0,-999.0,-999.0,0,-999.0,-999.0,-999.0,-999.0,-999.0,0,-999.0,-999.0,-999.0,0,0,-999.0,-999.0,-999.0,-999.0,0,-999.0,-999.0,-999.0,-999.0,-999.0,0,-999.0,-999.0,-999.0,0,0,-999.0,-999.0,-999.0,-999.0,0,-999.0,-999.0,-999.0,-999.0,-999.0,0,-999.0,-999.0,-999.0,0,0,-999.0,-999.0,-999.0,-999.0,0,-999.0,-999.0,-999.0,-999.0,-999.0,0,-999.0,-999.0,-999.0,0,0,0.6906110048294067,19.12459945678711,0.20738300681114197,-999.0,1,19.12459945678711,19.12459945678711,-999.0,-999.0,-999.0,0,19.832000732421875,0.20738300681114197,-999.0,1,4112,0.03078883670575303
PSO J139.6292+35.9263,-999,-999,-999,151111396291392186,3578835000031649,214022515358624,0,16486948109997,15111,1,2038,90,0.971267760704521,3578835,49831,3,268513280,0,32,-999.0,-999.0,-999.0,-999.0,139.62917387,35.92630907,0.017720000818371773,0.017720000818371773,,,,,56283.60864583,-999.0,-0.6169397831835456,0.5245154805358226,0.5867442497406471,130.8041485212271,19.249781690229586,188.02715765674867,44.34278264208316,-999,0,1,1,0,0,0,0,0.9987379908561707,18.364200592041016,0.00942699983716011,-999.0,1,18.364200592041016,18.364200592041016,19.31279945373535,0.03217799961566925,-999.0,1,19.295799255371094,0.00942699983716011,-999.0,1,24,-999.0,-999.0,-999.0,-999.0,0,-999.0,-999.0,-999.0,-999.0,-999.0,0,-999.0,-999.0,-999.0,0,0,-999.0,-999.0,-999.0,-999.0,0,-999.0,-999.0,-999.0,-999.0,-999.0,0,-999.0,-999.0,-999.0,0,0,-999.0,-999.0,-999.0,-999.0,0,-999.0,-999.0,-999.0,-999.0,-999.0,0,-999.0,-999.0,-999.0,0,0,-999.0,-999.0,-999.0,-999.0,0,-999.0,-999.0,-999.0,-999.0,-999.0,0,-999.0,-999.0,-999.0,0,0,0.03111624245578182
PSO J139.6295+35.9311,-999,-999,-999,151111396294777943,3578835000031743,214022515358718,0,16486948034577,15111,1,2038,90,0.291930760528828,3578835,49831,3,302067712,0,36,-999.0,-999.0,-999.0,-999.0,139.62952141,35.93111739,0.19606000185012817,0.19606000185012817,,,,,55248.31858796,-999.0,-0.6169054478458188,0.5244798422857441,0.586812204588547,130.80279590427983,19.254425877410625,188.02048656975936,44.34344389693344,-999,0,1,1,0,0,0,0,0.9997029900550842,22.007999420166016,0.19548499584197998,-999.0,1,22.007999420166016,22.007999420166016,-999.0,-999.0,-999.0,1,21.65570068359375,0.19548499584197998,-999.0,1,280,-999.0,-999.0,-999.0,-999.0,0,-999.0,-999.0,-999.0,-999.0,-999.0,0,-999.0,-999.0,-999.0,0,0,-999.0,-999.0,-999.0,-999.0,0,-999.0,-999.0,-999.0,-999.0,-999.0,0,-999.0,-999.0,-999.0,0,0,-999.0,-999.0,-999.0,-999.0,0,-999.0,-999.0,-999.0,-999.0,-999.0,0,-999.0,-999.0,-999.0,0,0,-999.0,-999.0,-999.0,-999.0,0,-999.0,-999.0,-999.0,-999.0,-999.0,0,-999.0,-999.0,-999.0,0,0,0.03400249013968568
PSO J139.6294+35.9257,-999,-999,-999,151111396295101481,3578835000031745,214022515358720,0,16486948109965,15111,1,2038,90,0.471064134939633,3578835,49831,3,268959744,0,32,-999.0,-999.0,-999.0,-999.0,139.6293741,35.92568887,0.15770000219345093,0.15770000219345093,,,,,55249.28409722,-999.0,-0.616946454969722,0.5245174383788402,0.5867354843000313,130.80452204987833,19.249246359380813,188.02804009868757,44.342895137908705,-999,0,2,0,0,2,0,0,-999.0,-999.0,-999.0,-999.0,0,-999.0,-999.0,-999.0,-999.0,-999.0,0,-999.0,-999.0,-999.0,0,0,-999.0,-999.0,-999.0,-999.0,0,-999.0,-999.0,-999.0,-999.0,-999.0,0,-999.0,-999.0,-999.0,0,0,0.6995279788970947,20.656700134277344,0.1215519979596138,0.17406600713729858,2,20.554500579833984,20.79759979248047,-999.0,-999.0,-999.0,0,21.831100463867188,0.12936900556087494,0.18528200685977936,2,4120,-999.0,-999.0,-999.0,-999.0,0,-999.0,-999.0,-999.0,-999.0,-999.0,0,-999.0,-999.0,-999.0,0,0,-999.0,-999.0,-999.0,-999.0,0,-999.0,-999.0,-999.0,-999.0,-999.0,0,-999.0,-999.0,-999.0,0,0,0.0309528192796634
PSO J139.6304+35.9290,-999,-999,-999,151111396303715432,3578835000031939,214022515358914,0,16486948103591,15111,1,2038,90,0.700849861559318,3578835,49831,3,302067712,0,36,-999.0,-999.0,-999.0,-999.0,139.63039591,35.92902683,0.17103999853134155,0.17103999853134155,,,,,56743.38030093,-999.0,-0.6169297651874471,0.5244842944198089,0.5867826597069109,130.8042171253641,19.25267327247266,188.02347897662744,44.34398431857539,-999,0,1,1,0,0,0,0,0.043758999556303024,21.874000549316406,0.1703840047121048,-999.0,1,21.874000549316406,21.874000549316406,21.374399185180664,0.17629100382328033,-999.0,1,21.438100814819336,0.1703840047121048,-999.0,1,536,-999.0,-999.0,-999.0,-999.0,0,-999.0,-999.0,-999.0,-999.0,-999.0,0,-999.0,-999.0,-999.0,0,0,-999.0,-999.0,-999.0,-999.0,0,-999.0,-999.0,-999.0,-999.0,-999.0,0,-999.0,-999.0,-999.0,0,0,-999.0,-999.0,-999.0,-999.0,0,-999.0,-999.0,-999.0,-999.0,-999.0,0,-999.0,-999.0,-999.0,0,0,-999.0,-999.0,-999.0,-999.0,0,-999.0,-999.0,-999.0,-999.0,-999.0,0,-999.0,-999.0,-999.0,0,0,0.03338365172025744
PSO J139.6309+35.9300,-999,-999,-999,151111396308416574,3578835000032035,214022515359010,0,16486948104136,15111,1,2038,90,0.297212139048811,3578835,49831,3,268959744,0,32,-999.0,-999.0,-999.0,-999.0,139.63086566,35.92996993,0.2756800055503845,0.2756800055503845,,,,,55248.25253472,-999.0,-0.6169267064295606,0.524472980377157,0.586795988183523,130.8042780263778,19.25368856417525,188.0222064770608,44.34443815057144,-999,0,1,0,0,0,0,1,-999.0,-999.0,-999.0,-999.0,0,-999.0,-999.0,-999.0,-999.0,-999.0,0,-999.0,-999.0,-999.0,0,0,-999.0,-999.0,-999.0,-999.0,0,-999.0,-999.0,-999.0,-999.0,-999.0,0,-999.0,-999.0,-999.0,0,0,-999.0,-999.0,-999.0,-999.0,0,-999.0,-999.0,-999.0,-999.0,-999.0,0,-999.0,-999.0,-999.0,0,0,-999.0,-999.0,-999.0,-999.0,0,-999.0,-999.0,-999.0,-999.0,-999.0,0,-999.0,-999.0,-999.0,0,0,0.5147600173950195,19.507999420166016,0.27527400851249695,-999.0,1,19.507999420166016,19.507999420166016,-999.0,-999.0,-999.0,0,-999.0,-999.0,-999.0,0,4120,0.034223114054950224
PSO J139.6308+35.9257,-999,-999,-999,151111396308701383,3578835000032038,214022515359013,0,16486948106702,15111,1,2038,90,0.622546256168323,3578835,49831,3,268959744,0,32,-999.0,-999.0,-999.0,-999.0,139.63084622,35.92568152,0.1661199927330017,0.1661199927330017,,,,,55249.26258102,-999.0,-0.6169599887167562,0.5245016355415223,0.5867353804202438,130.80572040995145,19.24962206521192,188.02818240004237,44.34408290013612,-999,0,2,0,0,0,0,2,-999.0,-999.0,-999.0,-999.0,0,-999.0,-999.0,-999.0,-999.0,-999.0,0,-999.0,-999.0,-999.0,0,0,-999.0,-999.0,-999.0,-999.0,0,-999.0,-999.0,-999.0,-999.0,-999.0,0,-999.0,-999.0,-999.0,0,0,-999.0,-999.0,-999.0,-999.0,0,-999.0,-999.0,-999.0,-999.0,-999.0,0,-999.0,-999.0,-999.0,0,0,-999.0,-999.0,-999.0,-999.0,0,-999.0,-999.0,-999.0,-999.0,-999.0,0,-999.0,-999.0,-999.0,0,0,0.7581719756126404,19.175600051879883,0.3641679883003235,0.56666499376297,2,18.978500366210938,19.706899642944336,-999.0,-999.0,-999.0,0,19.952499389648438,0.04547499865293503,0.06763800233602524,2,4112,0.03199872216126481
PSO J139.6310+35.9312,-999,-999,-999,151111396309948026,3578835000032065,214022515359040,0,16486948035469,15111,1,2038,90,0.520475873277034,3578835,49831,3,268959744,0,32,-999.0,-999.0,-999.0,-999.0,139.63100578,35.93117223,0.2175000011920929,0.2175000011920929,,,,,55248.27152778,-999.0,-0.6169186074902266,0.5244634960594486,0.5868129796054449,130.80398301913408,19.25486365258571,188.02054311693584,44.34464639576394,-999,0,1,0,0,0,1,0,-999.0,-999.0,-999.0,-999.0,0,-999.0,-999.0,-999.0,-999.0,-999.0,0,-999.0,-999.0,-999.0,0,0,-999.0,-999.0,-999.0,-999.0,0,-999.0,-999.0,-999.0,-999.0,-999.0,0,-999.0,-999.0,-999.0,0,0,-999.0,-999.0,-999.0,-999.0,0,-999.0,-999.0,-999.0,-999.0,-999.0,0,-999.0,-999.0,-999.0,0,0,0.5334399938583374,20.820899963378906,0.21697799861431122,-999.0,1,20.820899963378906,20.820899963378906,-999.0,-999.0,-999.0,0,-999.0,-999.0,-999.0,0,4120,-999.0,-999.0,-999.0,-999.0,0,-999.0,-999.0,-999.0,-999.0,-999.0,0,-999.0,-999.0,-999.0,0,0,0.03500443145731065
PSO J139.6311+35.9305,-999,-999,-999,151111396310337197,3578835000032073,214022515359048,0,16486948104010,15111,1,2038,90,0.410378259057531,3578835,49831,3,268959744,0,32,-999.0,-999.0,-999.0,-999.0,139.63105243,35.93049473,0.32877999544143677,0.32877999544143677,,,,,55249.31875,-999.0,-0.6169243210860281,0.5244674880605413,0.5868034049151464,130.80425129029493,19.254234136877233,188.0214916817995,44.34463044190518,-999,0,1,0,1,0,0,0,-999.0,-999.0,-999.0,-999.0,0,-999.0,-999.0,-999.0,-999.0,-999.0,0,-999.0,-999.0,-999.0,0,0,0.8047760128974915,22.361400604248047,0.32844001054763794,-999.0,1,22.361400604248047,22.361400604248047,-999.0,-999.0,-999.0,0,23.117300033569336,0.32844001054763794,-999.0,1,4120,-999.0,-999.0,-999.0,-999.0,0,-999.0,-999.0,-999.0,-999.0,-999.0,0,-999.0,-999.0,-999.0,0,0,-999.0,-999.0,-999.0,-999.0,0,-999.0,-999.0,-999.0,-999.0,-999.0,0,-999.0,-999.0,-999.0,0,0,-999.0,-999.0,-999.0,-999.0,0,-999.0,-999.0,-999.0,-999.0,-999.0,0,-999.0,-999.0,-999.0,0,0,0.03464467533447827
PSO J139.6311+35.9298,-999,-999,-999,151111396311016332,3578835000032090,214022515359065,0,16486948104172,15111,1,2038,90,0.0247328700728089,3578835,49831,3,268959744,0,32,-999.0,-999.0,-999.0,-999.0,139.6311283,35.92976471,0.46970999240875244,0.46970999240875244,,,,,55248.29211806,-999.0,-0.6169307118825005,0.5244715137437929,0.5867930879001948,130.80456115455954,19.253562476151828,188.02251607359435,44.34463391044458,-999,0,1,0,0,1,0,0,-999.0,-999.0,-999.0,-999.0,0,-999.0,-999.0,-999.0,-999.0,-999.0,0,-999.0,-999.0,-999.0,0,0,-999.0,-999.0,-999.0,-999.0,0,-999.0,-999.0,-999.0,-999.0,-999.0,0,-999.0,-999.0,-999.0,0,0,0.556181013584137,22.016000747680664,0.46946901082992554,-999.0,1,22.016000747680664,22.016000747680664,-999.0,-999.0,-999.0,0,23.587400436401367,0.46946901082992554,-999.0,1,4120,-999.0,-999.0,-999.0,-999.0,0,-999.0,-999.0,-999.0,-999.0,-999.0,0,-999.0,-999.0,-999.0,0,0,-999.0,-999.0,-999.0,-999.0,0,-999.0,-999.0,-999.0,-999.0,-999.0,0,-999.0,-999.0,-999.0,0,0,0.034285096531433946
PSO J139.6312+35.9321,-999,-999,-999,151111396312229160,3578835000032130,214022515359105,0,16486948035570,15111,1,2038,90,0.0886628442338322,3578835,49831,3,268959744,0,32,-999.0,-999.0,-999.0,-999.0,139.63123777,35.93213035,0.23468999564647675,0.23468999564647675,,,,,55249.29614583,-999.0,-0.6169132545871026,0.5244546422300507,0.5868265199853345,130.80384566258112,19.25583136391608,188.0192283436147,44.34490945327683,-999,0,1,0,0,1,0,0,-999.0,-999.0,-999.0,-999.0,0,-999.0,-999.0,-999.0,-999.0,-999.0,0,-999.0,-999.0,-999.0,0,0,-999.0,-999.0,-999.0,-999.0,0,-999.0,-999.0,-999.0,-999.0,-999.0,0,-999.0,-999.0,-999.0,0,0,0.7578979730606079,21.118200302124023,0.23420999944210052,-999.0,1,21.118200302124023,21.118200302124023,-999.0,-999.0,-999.0,0,23.333999633789062,0.23420999944210052,-999.0,1,4120,-999.0,-999.0,-999.0,-999.0,0,-999.0,-999.0,-999.0,-999.0,-999.0,0,-999.0,-999.0,-999.0,0,0,-999.0,-999.0,-999.0,-999.0,0,-999.0,-999.0,-999.0,-999.0,-999.0,0,-999.0,-999.0,-999.0,0,0,0.03572211814642022
PSO J139.6318+35.9307,-999,-999,-999,151111396317167482,3578835000032258,214022515359233,0,16486948103798,15111,1,2038,90,0.288817185246215,3578835,49831,3,310456320,0,37,-999.0,-999.0,-999.0,-999.0,139.63175717,35.93072177,0.13944000005722046,0.13944000005722046,,,,,55259.44527778,-999.0,-0.616929000389054,0.5244583937584988,0.5868066135407969,130.80474655387158,19.25463234987023,188.02123834331948,44.345217265792854,-999,0,1,0,0,1,0,0,-999.0,-999.0,-999.0,-999.0,0,-999.0,-999.0,-999.0,-999.0,-999.0,0,-999.0,-999.0,-999.0,0,0,-999.0,-999.0,-999.0,-999.0,0,-999.0,-999.0,-999.0,-999.0,-999.0,0,-999.0,-999.0,-999.0,0,0,0.998429000377655,20.75160026550293,0.13862699270248413,-999.0,1,20.75160026550293,20.75160026550293,19.244300842285156,0.09564600139856339,-999.0,1,19.64739990234375,0.13862699270248413,-999.0,1,16777496,-999.0,-999.0,-999.0,-999.0,0,-999.0,-999.0,-999.0,-999.0,-999.0,0,-999.0,-999.0,-999.0,0,0,-999.0,-999.0,-999.0,-999.0,0,-999.0,-999.0,-999.0,-999.0,-999.0,0,-999.0,-999.0,-999.0,0,0,0.03524326909191764
PSO J139.6325+35.9250,-999,-999,-999,151111396325200544,3578835000032462,214022515359437,0,16486948104379,15111,1,2038,90,0.53550032576127,3578835,49831,3,268959744,0,32,-999.0,-999.0,-999.0,-999.0,139.63253614,35.92495202,0.2636899948120117,0.2636899948120117,,,,,57035.55862269,-999.0,-0.6169811501585405,0.5244882767364172,0.5867250701266378,130.80734124782532,19.249370468864768,188.02935084649886,44.3453892797473,-999,0,1,0,0,1,0,0,-999.0,-999.0,-999.0,-999.0,0,-999.0,-999.0,-999.0,-999.0,-999.0,0,-999.0,-999.0,-999.0,0,0,-999.0,-999.0,-999.0,-999.0,0,-999.0,-999.0,-999.0,-999.0,-999.0,0,-999.0,-999.0,-999.0,0,0,0.7103170156478882,21.92329978942871,0.26326000690460205,-999.0,1,21.92329978942871,21.92329978942871,-999.0,-999.0,-999.0,0,21.83609962463379,0.26326000690460205,-999.0,1,4120,-999.0,-999.0,-999.0,-999.0,0,-999.0,-999.0,-999.0,-999.0,-999.0,0,-999.0,-999.0,-999.0,0,0,-999.0,-999.0,-999.0,-999.0,0,-999.0,-999.0,-999.0,-999.0,-999.0,0,-999.0,-999.0,-999.0,0,0,0.03289395763928508
PSO J139.6327+35.9253,-999,-999,-999,151111396326810928,3578835000032506,214022515359481,0,16486948104356,15111,1,2038,90,0.458095503466293,3578835,49831,3,268959744,0,32,-999.0,-999.0,-999.0,-999.0,139.63269765,35.92527656,0.2087399959564209,0.2087399959564209,,,,,55249.26556713,-999.0,-0.6169800965049694,0.5244843850240655,0.5867296569823673,130.80736209680765,19.24971981733982,188.02891294449614,44.34554536402738,-999,0,1,0,0,0,0,1,-999.0,-999.0,-999.0,-999.0,0,-999.0,-999.0,-999.0,-999.0,-999.0,0,-999.0,-999.0,-999.0,0,0,-999.0,-999.0,-999.0,-999.0,0,-999.0,-999.0,-999.0,-999.0,-999.0,0,-999.0,-999.0,-999.0,0,0,-999.0,-999.0,-999.0,-999.0,0,-999.0,-999.0,-999.0,-999.0,-999.0,0,-999.0,-999.0,-999.0,0,0,-999.0,-999.0,-999.0,-999.0,0,-999.0,-999.0,-999.0,-999.0,-999.0,0,-999.0,-999.0,-999.0,0,0,0.6060630083084106,19.132299423217773,0.2081969976425171,-999.0,1,19.132299423217773,19.132299423217773,-999.0,-999.0,-999.0,0,-999.0,-999.0,-999.0,0,4112,0.03315284609957217
PSO J139.6329+35.9309,-999,-999,-999,151111396328977744,3578835000032563,214022515359538,0,16486948034868,15111,1,2038,90,0.689250321769389,3578835,49831,3,310456320,0,37,-999.0,-999.0,-999.0,-999.0,139.63292758,35.93094058,0.1450899988412857,0.1450899988412857,,,,,55259.45824074,-999.0,-0.6169380062012831,0.5244443398751829,0.5868097058478747,130.80562288054327,19.255143818275194,188.02103817837678,44.34617931787455,-999,0,1,0,0,1,0,0,-999.0,-999.0,-999.0,-999.0,0,-999.0,-999.0,-999.0,-999.0,-999.0,0,-999.0,-999.0,-999.0,0,0,-999.0,-999.0,-999.0,-999.0,0,-999.0,-999.0,-999.0,-999.0,-999.0,0,-999.0,-999.0,-999.0,0,0,0.9992370009422302,20.361299514770508,0.14431199431419373,-999.0,1,20.361299514770508,20.361299514770508,19.229299545288086,0.12171699851751328,-999.0,1,19.2007999420166,0.14431199431419373,-999.0,1,16777488,-999.0,-999.0,-999.0,-999.0,0,-999.0,-999.0,-999.0,-999.0,-999.0,0,-999.0,-999.0,-999.0,0,0,-999.0,-999.0,-999.0,-999.0,0,-999.0,-999.0,-999.0,-999.0,-999.0,0,-999.0,-999.0,-999.0,0,0,0.03614994480013324
PSO J139.6330+35.9247,-999,-999,-999,151111396329540287,3578835000032572,214022515359547,0,16486948104408,15111,1,2038,90,0.0563246990147277,3578835,49831,3,277348352,0,33,-999.0,-999.0,-999.0,-999.0,139.63298402,35.92474204,0.17183999717235565,0.17183999717235565,,,,,55248.31858796,-999.0,-0.6169868883537399,0.5244848464672369,0.5867221023839212,130.80777647923222,19.24928803126309,188.02968371964823,44.345734194322354,-999,0,1,1,0,0,0,0,0.8001980185508728,21.7278995513916,0.17118799686431885,-999.0,1,21.7278995513916,21.7278995513916,-999.0,-999.0,-999.0,0,20.80500030517578,0.17118799686431885,-999.0,1,16781336,-999.0,-999.0,-999.0,-999.0,0,-999.0,-999.0,-999.0,-999.0,-999.0,0,-999.0,-999.0,-999.0,0,0,-999.0,-999.0,-999.0,-999.0,0,-999.0,-999.0,-999.0,-999.0,-999.0,0,-999.0,-999.0,-999.0,0,0,-999.0,-999.0,-999.0,-999.0,0,-999.0,-999.0,-999.0,-999.0,-999.0,0,-999.0,-999.0,-999.0,0,0,-999.0,-999.0,-999.0,-999.0,0,-999.0,-999.0,-999.0,-999.0,-999.0,0,-999.0,-999.0,-999.0,0,0,0.03313231168106657
PSO J139.6330+35.9271,-999,-999,-999,151111396330233129,3578835000032595,214022515359570,0,16486948104838,15111,1,2038,90,0.0937341471144316,3578835,49831,3,268959744,0,32,-999.0,-999.0,-999.0,-999.0,139.6330421,35.92710418,0.2770099937915802,0.2770099937915802,,,,,57033.58118056,-999.0,-0.6169689897091554,0.5244685539319117,0.5867554871271623,130.80702045484043,19.251540246772834,188.02639622671848,44.34596814342217,-999,0,1,0,0,1,0,0,-999.0,-999.0,-999.0,-999.0,0,-999.0,-999.0,-999.0,-999.0,-999.0,0,-999.0,-999.0,-999.0,0,0,-999.0,-999.0,-999.0,-999.0,0,-999.0,-999.0,-999.0,-999.0,-999.0,0,-999.0,-999.0,-999.0,0,0,0.7829160094261169,22.049299240112305,0.27660199999809265,-999.0,1,22.049299240112305,22.049299240112305,-999.0,-999.0,-999.0,0,22.873899459838867,0.27660199999809265,-999.0,1,4120,-999.0,-999.0,-999.0,-999.0,0,-999.0,-999.0,-999.0,-999.0,-999.0,0,-999.0,-999.0,-999.0,0,0,-999.0,-999.0,-999.0,-999.0,0,-999.0,-999.0,-999.0,-999.0,-999.0,0,-999.0,-999.0,-999.0,0,0,0.034237882193270994
PSO J139.6333+35.9282,-999,-999,-999,151111396332844475,3578835000032668,214022515359643,0,16486948106181,15111,1,2038,90,0.723330360579612,3578835,49831,3,268959744,0,32,-999.0,-999.0,-999.0,-999.0,139.63331819,35.92823322,0.25203999876976013,0.25203999876976013,,,,,55248.32493056,-999.0,-0.6169627073451611,0.5244580922194956,0.5867714437929101,130.80686081058835,19.252681297918187,188.02484713986598,44.34628038497215,-999,0,1,1,0,0,0,0,0.6535869836807251,21.941499710083008,0.2515980005264282,-999.0,1,21.941499710083008,21.941499710083008,-999.0,-999.0,-999.0,0,23.419099807739258,0.2515980005264282,-999.0,1,4120,-999.0,-999.0,-999.0,-999.0,0,-999.0,-999.0,-999.0,-999.0,-999.0,0,-999.0,-999.0,-999.0,0,0,-999.0,-999.0,-999.0,-999.0,0,-999.0,-999.0,-999.0,-999.0,-999.0,0,-999.0,-999.0,-999.0,0,0,-999.0,-999.0,-999.0,-999.0,0,-999.0,-999.0,-999.0,-999.0,-999.0,0,-999.0,-999.0,-999.0,0,0,-999.0,-999.0,-999.0,-999.0,0,-999.0,-999.0,-999.0,-999.0,-999.0,0,-999.0,-999.0,-999.0,0,0,0.034984628353010944
PSO J139.6337+35.9244,-999,-999,-999,151111396336720018,3578835000032754,214022515359729,0,16486948104418,15110,1,2038,90,0.189475170513126,3578835,49831,3,268959744,0,32,-999.0,-999.0,-999.0,-999.0,139.63368397,35.92437293,0.033799998462200165,0.033799998462200165,,,,,57035.50804398,-999.0,-0.6169961755094414,0.5244797570917324,0.5867168855655339,130.8084705886534,19.24912041524253,188.03026102475906,44.34626998750108,-999,0,4,0,0,4,0,0,-999.0,-999.0,-999.0,-999.0,0,-999.0,-999.0,-999.0,-999.0,-999.0,0,-999.0,-999.0,-999.0,0,0,-999.0,-999.0,-999.0,-999.0,0,-999.0,-999.0,-999.0,-999.0,-999.0,0,-999.0,-999.0,-999.0,0,0,0.8165730237960815,20.6382999420166,0.09751500189304352,0.5795959830284119,3,20.572500228881836,21.44580078125,20.624900817871094,0.04832899942994118,0.08284100145101547,3,20.3705997467041,0.09785100072622299,0.15692000091075897,4,16781336,-999.0,-999.0,-999.0,-999.0,0,-999.0,-999.0,-999.0,-999.0,-999.0,0,-999.0,-999.0,-999.0,0,0,-999.0,-999.0,-999.0,-999.0,0,-999.0,-999.0,-999.0,-999.0,-999.0,0,-999.0,-999.0,-999.0,0,0,0.03349524988507237
PSO J139.6339+35.9249,-999,-999,-999,151111396337520478,3578835000032775,214022515359750,0,16486948104307,15111,1,2038,90,0.310995416074056,3578835,49831,3,268959744,0,32,-999.0,-999.0,-999.0,-999.0,139.63385132,35.9248871,0.06142999976873398,0.06142999976873398,,,,,55867.20708333,-999.0,-0.6169936957401275,0.5244745448465143,0.5867241525836315,130.8084317001718,19.249650875466664,188.02955930310375,44.34644580639998,-999,0,2,1,0,1,0,0,0.6335499882698059,20.50830078125,0.06473799794912338,-999.0,1,20.50830078125,20.50830078125,-999.0,-999.0,-999.0,0,18.761899948120117,0.06473799794912338,-999.0,1,16781328,-999.0,-999.0,-999.0,-999.0,0,-999.0,-999.0,-999.0,-999.0,-999.0,0,-999.0,-999.0,-999.0,0,0,0.7537299990653992,20.424699783325195,0.16040800511837006,-999.0,1,20.424699783325195,20.424699783325195,-999.0,-999.0,-999.0,0,21.121700286865234,0.16040800511837006,-999.0,1,4120,-999.0,-999.0,-999.0,-999.0,0,-999.0,-999.0,-999.0,-999.0,-999.0,0,-999.0,-999.0,-999.0,0,0,-999.0,-999.0,-999.0,-999.0,0,-999.0,-999.0,-999.0,-999.0,-999.0,0,-999.0,-999.0,-999.0,0,0,0.03383063361406327
PSO J139.6337+35.9279,-999,-999,-999,151111396338383880,3578835000032796,214022515359771,0,16486948106140,15111,1,2038,90,0.907213206316543,3578835,49831,3,302067712,0,36,-999.0,-999.0,-999.0,-999.0,139.63370654,35.92787028,0.2098499983549118,0.2098499983549118,,,,,55968.36913194,-999.0,-0.6169690940686579,0.5244563177651317,0.5867663144049247,130.80729969223944,19.252438521056384,188.0253878723428,44.346565138914535,-999,0,2,0,1,1,0,0,-999.0,-999.0,-999.0,-999.0,0,-999.0,-999.0,-999.0,-999.0,-999.0,0,-999.0,-999.0,-999.0,0,0,0.8111569881439209,22.23390007019043,0.29944300651550293,-999.0,1,22.23390007019043,22.23390007019043,-999.0,-999.0,-999.0,0,22.760900497436523,0.29944300651550293,-999.0,1,4120,0.8542770147323608,21.610200881958008,0.20930899679660797,-999.0,1,21.610200881958008,21.610200881958008,-999.0,-999.0,-999.0,1,22.616300582885742,0.20930899679660797,-999.0,1,280,-999.0,-999.0,-999.0,-999.0,0,-999.0,-999.0,-999.0,-999.0,-999.0,0,-999.0,-999.0,-999.0,0,0,-999.0,-999.0,-999.0,-999.0,0,-999.0,-999.0,-999.0,-999.0,-999.0,0,-999.0,-999.0,-999.0,0,0,0.035078897499913754
PSO J139.6343+35.9254,-999,-999,-999,151111396342721080,3578835000032882,214022515359857,0,16486948105103,15111,1,2038,90,0.432796413481977,3578835,49831,3,268959744,0,32,-999.0,-999.0,-999.0,-999.0,139.63429523,35.92540861,0.15973000228405,0.15973000228405,,,,,55249.24423611,-999.0,-0.6169936901708385,0.5244663057464167,0.586731523293301,130.8086149744792,19.250260181504714,188.02887214514524,44.34684545037802,-999,0,1,0,0,0,1,0,-999.0,-999.0,-999.0,-999.0,0,-999.0,-999.0,-999.0,-999.0,-999.0,0,-999.0,-999.0,-999.0,0,0,-999.0,-999.0,-999.0,-999.0,0,-999.0,-999.0,-999.0,-999.0,-999.0,0,-999.0,-999.0,-999.0,0,0,-999.0,-999.0,-999.0,-999.0,0,-999.0,-999.0,-999.0,-999.0,-999.0,0,-999.0,-999.0,-999.0,0,0,0.7222570180892944,20.269899368286133,0.1590220034122467,-999.0,1,20.269899368286133,20.269899368286133,-999.0,-999.0,-999.0,0,20.810100555419922,0.1590220034122467,-999.0,1,4120,-999.0,-999.0,-999.0,-999.0,0,-999.0,-999.0,-999.0,-999.0,-999.0,0,-999.0,-999.0,-999.0,0,0,0.034376602518199614
PSO J139.6345+35.9247,-999,-999,-999,151111396345280192,3578835000032950,214022515359925,0,16486948136124,15111,1,2038,90,0.836827859130528,3578835,49831,3,268959744,0,32,-999.0,-999.0,-999.0,-999.0,139.63454848,35.92466557,0.18603000044822693,0.18603000044822693,,,,,55249.28607639,-999.0,-0.6170018058145531,0.5244685066217819,0.5867210215967198,130.80907336190123,19.249622305810185,188.02993063434866,44.34699103918841,-999,0,1,0,0,1,0,0,-999.0,-999.0,-999.0,-999.0,0,-999.0,-999.0,-999.0,-999.0,-999.0,0,-999.0,-999.0,-999.0,0,0,-999.0,-999.0,-999.0,-999.0,0,-999.0,-999.0,-999.0,-999.0,-999.0,0,-999.0,-999.0,-999.0,0,0,0.8127670288085938,20.680599212646484,0.18542300164699554,-999.0,1,20.680599212646484,20.680599212646484,-999.0,-999.0,-999.0,0,20.43560028076172,0.18542300164699554,-999.0,1,4120,-999.0,-999.0,-999.0,-999.0,0,-999.0,-999.0,-999.0,-999.0,-999.0,0,-999.0,-999.0,-999.0,0,0,-999.0,-999.0,-999.0,-999.0,0,-999.0,-999.0,-999.0,-999.0,-999.0,0,-999.0,-999.0,-999.0,0,0,0.03425383320798258
PSO J139.6348+35.9316,-999,-999,-999,151111396348148438,3578835000033028,214022515360003,0,16486948033243,15111,1,2038,90,0.345930911922763,3578835,49831,3,302067712,0,36,-999.0,-999.0,-999.0,-999.0,139.63483799,35.93155822,0.1190200001001358,0.1190200001001358,,,,,56019.56645833,1.1411999464035034,-0.6169506725698082,0.5244196721272758,0.5868184345277352,130.8069646808364,19.256225373889052,188.02034828955254,44.347770224150096,-999,0,2,0,0,2,0,0,-999.0,-999.0,-999.0,-999.0,0,-999.0,-999.0,-999.0,-999.0,-999.0,0,-999.0,-999.0,-999.0,0,0,-999.0,-999.0,-999.0,-999.0,0,-999.0,-999.0,-999.0,-999.0,-999.0,0,-999.0,-999.0,-999.0,0,0,0.9988359808921814,21.038400650024414,-999.0,0.9083799719810486,2,20.888200759887695,21.93429946899414,19.718799591064453,0.00017100000695791095,-999.0,2,19.993200302124023,0.00024399999529123306,-999.0,2,280,-999.0,-999.0,-999.0,-999.0,0,-999.0,-999.0,-999.0,-999.0,-999.0,0,-999.0,-999.0,-999.0,0,0,-999.0,-999.0,-999.0,-999.0,0,-999.0,-999.0,-999.0,-999.0,-999.0,0,-999.0,-999.0,-999.0,0,0,0.037779751550205416
PSO J139.6350+35.9270,-999,-999,-999,151111396349872991,3578835000033066,214022515360041,0,16486948104477,15111,1,2038,90,0.373174234640947,3578835,49831,3,310456320,0,37,-999.0,-999.0,-999.0,-999.0,139.63502407,35.9269797,0.1918099969625473,0.1918099969625473,,,,,56283.60864583,-999.0,-0.6169881029996107,0.5244480371004961,0.5867537278436146,130.80867279724308,19.251937582552436,188.02674741576726,44.34755818153534,-999,0,1,1,0,0,0,0,0.9984959959983826,21.9325008392334,0.19122199714183807,-999.0,1,21.9325008392334,21.9325008392334,21.82110023498535,0.2678070068359375,-999.0,1,21.228300094604492,0.19122199714183807,-999.0,1,16777496,-999.0,-999.0,-999.0,-999.0,0,-999.0,-999.0,-999.0,-999.0,-999.0,0,-999.0,-999.0,-999.0,0,0,-999.0,-999.0,-999.0,-999.0,0,-999.0,-999.0,-999.0,-999.0,-999.0,0,-999.0,-999.0,-999.0,0,0,-999.0,-999.0,-999.0,-999.0,0,-999.0,-999.0,-999.0,-999.0,-999.0,0,-999.0,-999.0,-999.0,0,0,-999.0,-999.0,-999.0,-999.0,0,-999.0,-999.0,-999.0,-999.0,-999.0,0,-999.0,-999.0,-999.0,0,0,0.03559937003843378
PSO J139.6351+35.9257,-999,-999,-999,151111396350331476,3578835000033076,214022515360051,0,16486948136548,15111,1,2038,90,0.87394181999745,3578835,49831,3,268959744,0,32,-999.0,-999.0,-999.0,-999.0,139.63505876,35.92572705,0.2585499882698059,0.2585499882698059,,,,,55249.30418981,-999.0,-0.6169981945708657,0.5244559715965059,0.5867360239094385,130.80912693679272,19.25076025542633,188.02849670839333,44.347487015516926,-999,0,1,0,1,0,0,0,-999.0,-999.0,-999.0,-999.0,0,-999.0,-999.0,-999.0,-999.0,-999.0,0,-999.0,-999.0,-999.0,0,0,0.8411960005760193,22.372699737548828,0.2581149935722351,-999.0,1,22.372699737548828,22.372699737548828,-999.0,-999.0,-999.0,0,22.5846004486084,0.2581149935722351,-999.0,1,4120,-999.0,-999.0,-999.0,-999.0,0,-999.0,-999.0,-999.0,-999.0,-999.0,0,-999.0,-999.0,-999.0,0,0,-999.0,-999.0,-999.0,-999.0,0,-999.0,-999.0,-999.0,-999.0,-999.0,0,-999.0,-999.0,-999.0,0,0,-999.0,-999.0,-999.0,-999.0,0,-999.0,-999.0,-999.0,-999.0,-999.0,0,-999.0,-999.0,-999.0,0,0,0.03507165523377141
PSO J139.6360+35.9285,-999,-999,-999,151111396359184824,3578835000033292,214022515360267,0,16486948102855,15111,1,2038,90,0.122711861620389,3578835,49831,3,268959744,0,32,-999.0,-999.0,-999.0,-999.0,139.63595872,35.92850287,0.258760005235672,0.258760005235672,,,,,55985.30634259,-999.0,-0.6169847727094182,0.5244278698789078,0.5867752547091425,130.80891407554267,19.253623099652827,188.024707866794,44.34843319078163,-999,0,1,0,0,1,0,0,-999.0,-999.0,-999.0,-999.0,0,-999.0,-999.0,-999.0,-999.0,-999.0,0,-999.0,-999.0,-999.0,0,0,-999.0,-999.0,-999.0,-999.0,0,-999.0,-999.0,-999.0,-999.0,-999.0,0,-999.0,-999.0,-999.0,0,0,0.8067330121994019,22.367599487304688,0.25832799077033997,-999.0,1,22.367599487304688,22.367599487304688,-999.0,-999.0,-999.0,0,-999.0,-999.0,-999.0,0,4112,-999.0,-999.0,-999.0,-999.0,0,-999.0,-999.0,-999.0,-999.0,-999.0,0,-999.0,-999.0,-999.0,0,0,-999.0,-999.0,-999.0,-999.0,0,-999.0,-999.0,-999.0,-999.0,-999.0,0,-999.0,-999.0,-999.0,0,0,0.03698100489932425
PSO J139.6358+35.9247,-999,-999,-999,151111396360950188,3578835000033334,214022515360309,0,16486948136950,15111,1,2038,90,0.318471059499747,3578835,49831,3,268513280,0,32,-999.0,-999.0,-999.0,-999.0,139.63580004,35.92468062,0.02175999991595745,0.02175999991595745,,,,,55249.27831019,-999.0,-0.6170131446479054,0.5244549289944085,0.5867212343056735,130.81008494189018,19.249961922409817,188.03002189380695,44.34800254744155,-999,0,2,0,0,0,0,2,-999.0,-999.0,-999.0,-999.0,0,-999.0,-999.0,-999.0,-999.0,-999.0,0,-999.0,-999.0,-999.0,0,0,-999.0,-999.0,-999.0,-999.0,0,-999.0,-999.0,-999.0,-999.0,-999.0,0,-999.0,-999.0,-999.0,0,0,-999.0,-999.0,-999.0,-999.0,0,-999.0,-999.0,-999.0,-999.0,-999.0,0,-999.0,-999.0,-999.0,0,0,-999.0,-999.0,-999.0,-999.0,0,-999.0,-999.0,-999.0,-999.0,-999.0,0,-999.0,-999.0,-999.0,0,0,0.9980289936065674,19.545400619506836,0.2830379903316498,-999.0,1,19.545400619506836,19.545400619506836,17.376399993896484,0.039393000304698944,-999.0,1,17.283300399780273,0.01576000079512596,-999.0,1,4112,0.0351883750662446
PSO J139.6362+35.9307,-999,-999,-999,151111396361217380,3578835000033349,214022515360324,0,16486948102528,15111,1,2038,90,0.150202182261462,3578835,49831,3,310456320,0,37,-999.0,-999.0,-999.0,-999.0,139.63617618,35.9306547,0.16659000515937805,0.16659000515937805,,,,,55248.33767361,-999.0,-0.6169699714658515,0.5244112556336138,0.5868056656800469,130.808358957575,19.25571755269247,188.02172764278407,44.348778941436876,-999,0,1,1,0,0,0,0,0.9996100068092346,21.75510025024414,0.16591399908065796,-999.0,1,21.75510025024414,21.75510025024414,20.678800582885742,0.16145500540733337,-999.0,1,20.66189956665039,0.16591399908065796,-999.0,1,16777496,-999.0,-999.0,-999.0,-999.0,0,-999.0,-999.0,-999.0,-999.0,-999.0,0,-999.0,-999.0,-999.0,0,0,-999.0,-999.0,-999.0,-999.0,0,-999.0,-999.0,-999.0,-999.0,-999.0,0,-999.0,-999.0,-999.0,0,0,-999.0,-999.0,-999.0,-999.0,0,-999.0,-999.0,-999.0,-999.0,-999.0,0,-999.0,-999.0,-999.0,0,0,-999.0,-999.0,-999.0,-999.0,0,-999.0,-999.0,-999.0,-999.0,-999.0,0,-999.0,-999.0,-999.0,0,0,0.038210676221467246
PSO J139.6364+35.9300,-999,-999,-999,151111396363206639,3578835000033395,214022515360370,0,16486948103094,15111,1,2038,90,0.65460318853576,3578835,49831,3,310456320,0,37,-999.0,-999.0,-999.0,-999.0,139.63636603,35.93004722,0.16648000478744507,0.16648000478744507,,,,,55248.31197917,-999.0,-0.6169764496306701,0.5244132406158238,0.5867970804868947,130.80871976025327,19.25519158397564,188.0225914905836,44.34888414278972,-999,0,1,0,1,0,0,0,-999.0,-999.0,-999.0,-999.0,0,-999.0,-999.0,-999.0,-999.0,-999.0,0,-999.0,-999.0,-999.0,0,0,0.9981769919395447,21.595500946044922,0.16579900681972504,-999.0,1,21.595500946044922,21.595500946044922,20.529800415039062,0.13653099536895752,-999.0,1,20.595199584960938,0.16579900681972504,-999.0,1,16777496,-999.0,-999.0,-999.0,-999.0,0,-999.0,-999.0,-999.0,-999.0,-999.0,0,-999.0,-999.0,-999.0,0,0,-999.0,-999.0,-999.0,-999.0,0,-999.0,-999.0,-999.0,-999.0,-999.0,0,-999.0,-999.0,-999.0,0,0,-999.0,-999.0,-999.0,-999.0,0,-999.0,-999.0,-999.0,-999.0,-999.0,0,-999.0,-999.0,-999.0,0,0,0.03803028678947476
PSO J139.6371+35.9308,-999,-999,-999,151111396370327523,3578835000033563,214022515360538,0,16486948032666,15111,1,2038,90,0.70207938617289,3578835,49831,3,310456320,0,37,-999.0,-999.0,-999.0,-999.0,139.63706801,35.93077148,0.1741899996995926,0.1741899996995926,,,,,55248.27152778,-999.0,-0.6169772227250748,0.5244008776252292,0.5868073160623875,130.8090436834771,19.25605999216881,188.0216447049158,44.349508053802765,-999,0,1,0,0,0,1,0,-999.0,-999.0,-999.0,-999.0,0,-999.0,-999.0,-999.0,-999.0,-999.0,0,-999.0,-999.0,-999.0,0,0,-999.0,-999.0,-999.0,-999.0,0,-999.0,-999.0,-999.0,-999.0,-999.0,0,-999.0,-999.0,-999.0,0,0,-999.0,-999.0,-999.0,-999.0,0,-999.0,-999.0,-999.0,-999.0,-999.0,0,-999.0,-999.0,-999.0,0,0,0.993930995464325,20.972400665283203,0.17353899776935577,-999.0,1,20.972400665283203,20.972400665283203,20.403200149536133,0.19447000324726105,-999.0,1,20.181900024414062,0.17353899776935577,-999.0,1,16777496,-999.0,-999.0,-999.0,-999.0,0,-999.0,-999.0,-999.0,-999.0,-999.0,0,-999.0,-999.0,-999.0,0,0,0.038888971306158995
PSO J139.6372+35.9296,-999,-999,-999,151111396371886096,3578835000033591,214022515360566,0,16486948102319,15111,1,2038,90,0.237478858081139,3578835,49831,3,302067712,0,36,-999.0,-999.0,-999.0,-999.0,139.63720863,35.9295784,0.18062999844551086,0.18062999844551086,,,,,55902.67033565,-999.0,-0.6169878201401745,0.5244072767300171,0.5867904548569983,130.8095636468375,19.25496662737462,188.0233205079339,44.34952720906529,-999,0,1,0,0,0,0,1,-999.0,-999.0,-999.0,-999.0,0,-999.0,-999.0,-999.0,-999.0,-999.0,0,-999.0,-999.0,-999.0,0,0,-999.0,-999.0,-999.0,-999.0,0,-999.0,-999.0,-999.0,-999.0,-999.0,0,-999.0,-999.0,-999.0,0,0,-999.0,-999.0,-999.0,-999.0,0,-999.0,-999.0,-999.0,-999.0,-999.0,0,-999.0,-999.0,-999.0,0,0,-999.0,-999.0,-999.0,-999.0,0,-999.0,-999.0,-999.0,-999.0,-999.0,0,-999.0,-999.0,-999.0,0,0,0.9981439709663391,19.872400283813477,0.18000300228595734,-999.0,1,19.872400283813477,19.872400283813477,19.809099197387695,0.26873499155044556,-999.0,1,19.538400650024414,0.18000300228595734,-999.0,1,280,0.03838781197117249
PSO J139.6373+35.9305,-999,-999,-999,151111396372057195,3578835000033597,214022515360572,0,16486948102255,15111,1,2038,90,0.0172511413854092,3578835,49831,3,310456320,0,37,-999.0,-999.0,-999.0,-999.0,139.63726849,35.93050595,0.16453999280929565,0.16453999280929565,,,,,55248.33142361,-999.0,-0.6169811297494159,0.5244004799949562,0.5868035634811652,130.80929683540273,19.25586063640022,188.02203281812487,44.349648882906514,-999,0,1,1,0,0,0,0,0.9968379735946655,21.705699920654297,0.16384999454021454,-999.0,1,21.705699920654297,21.705699920654297,20.844600677490234,0.15023399889469147,-999.0,1,20.811100006103516,0.16384999454021454,-999.0,1,16777496,-999.0,-999.0,-999.0,-999.0,0,-999.0,-999.0,-999.0,-999.0,-999.0,0,-999.0,-999.0,-999.0,0,0,-999.0,-999.0,-999.0,-999.0,0,-999.0,-999.0,-999.0,-999.0,-999.0,0,-999.0,-999.0,-999.0,0,0,-999.0,-999.0,-999.0,-999.0,0,-999.0,-999.0,-999.0,-999.0,-999.0,0,-999.0,-999.0,-999.0,0,0,-999.0,-999.0,-999.0,-999.0,0,-999.0,-999.0,-999.0,-999.0,-999.0,0,-999.0,-999.0,-999.0,0,0,0.03889274493904884
PSO J139.6383+35.9262,-999,-999,-999,151111396384011976,3578835000185573,214022515512885,0,16486948138781,15111,1,2038,90,0.135438717096521,3578835,49831,3,404226048,0,48,139.63825336,35.92619938,0.0010000000474974513,0.0010000000474974513,139.63825336,35.92619938,0.0010000000474974513,0.0010000000474974513,,,,,55646.00913194,-999.0,-0.6170237497447234,0.5244184368136179,0.5867426994696417,130.81156140716226,19.25203808363181,188.0281246329353,44.35010319692392,-999,4,0,0,0,0,0,0,-999.0,-999.0,-999.0,-999.0,0,-999.0,-999.0,-999.0,-999.0,-999.0,0,-999.0,-999.0,-999.0,0,16416,-999.0,-999.0,-999.0,-999.0,0,-999.0,-999.0,-999.0,-999.0,-999.0,0,-999.0,-999.0,-999.0,0,16416,-999.0,-999.0,-999.0,-999.0,0,-999.0,-999.0,-999.0,-999.0,-999.0,0,-999.0,-999.0,-999.0,0,114720,-999.0,-999.0,-999.0,-999.0,0,-999.0,-999.0,-999.0,-999.0,-999.0,0,-999.0,-999.0,-999.0,0,114720,-999.0,-999.0,-999.0,-999.0,0,-999.0,-999.0,-999.0,-999.0,-999.0,0,-999.0,-999.0,-999.0,0,16416,0.03761876699737708
PSO J139.6386+35.9256,-999,-999,-999,151111396385591291,3578835000033930,214022515360905,0,16486948139004,15111,1,2038,90,0.287613745115338,3578835,49831,3,302067712,0,36,-999.0,-999.0,-999.0,-999.0,139.63859111,35.92556898,0.18453000485897064,0.18453000485897064,,,,,57049.45013889,-999.0,-0.6170317601208356,0.5244189802460176,0.5867337898569593,130.8120501510884,19.25152886284857,188.0290337177336,44.35032594845285,-999,0,1,0,0,1,0,0,-999.0,-999.0,-999.0,-999.0,0,-999.0,-999.0,-999.0,-999.0,-999.0,0,-999.0,-999.0,-999.0,0,0,-999.0,-999.0,-999.0,-999.0,0,-999.0,-999.0,-999.0,-999.0,-999.0,0,-999.0,-999.0,-999.0,0,0,0.9979400038719177,22.052499771118164,0.18391799926757812,-999.0,1,22.052499771118164,22.052499771118164,-999.0,-999.0,-999.0,1,21.9783992767334,0.18391799926757812,-999.0,1,280,-999.0,-999.0,-999.0,-999.0,0,-999.0,-999.0,-999.0,-999.0,-999.0,0,-999.0,-999.0,-999.0,0,0,-999.0,-999.0,-999.0,-999.0,0,-999.0,-999.0,-999.0,-999.0,-999.0,0,-999.0,-999.0,-999.0,0,0,0.03761567209467149
PSO J139.6403+35.9249,-999,-999,-999,151111396402880429,3578835000034358,214022515361333,0,16486948137739,15111,1,2038,90,0.0641913666056389,3578835,49831,3,268959744,0,32,-999.0,-999.0,-999.0,-999.0,139.64030771,35.92486251,0.23791000247001648,0.23791000247001648,,,,,56743.39244213,-999.0,-0.6170529842511924,0.5244051784866361,0.5867238050421143,130.81368486258103,19.25130608001517,188.03017244831872,44.35165574765225,-999,0,1,1,0,0,0,0,0.6236019730567932,21.683799743652344,0.23743599653244019,-999.0,1,21.683799743652344,21.683799743652344,22.012699127197266,0.25707700848579407,-999.0,1,21.738500595092773,0.23743599653244019,-999.0,1,4120,-999.0,-999.0,-999.0,-999.0,0,-999.0,-999.0,-999.0,-999.0,-999.0,0,-999.0,-999.0,-999.0,0,0,-999.0,-999.0,-999.0,-999.0,0,-999.0,-999.0,-999.0,-999.0,-999.0,0,-999.0,-999.0,-999.0,0,0,-999.0,-999.0,-999.0,-999.0,0,-999.0,-999.0,-999.0,-999.0,-999.0,0,-999.0,-999.0,-999.0,0,0,-999.0,-999.0,-999.0,-999.0,0,-999.0,-999.0,-999.0,-999.0,-999.0,0,-999.0,-999.0,-999.0,0,0,0.038633821943982266
PSO J139.5667+35.9400,-999,-999,-999,151121395666978613,3578835000016339,214022515343314,0,16486948452707,15112,1,2038,90,0.0399858300015198,3578835,49831,3,268959744,0,32,-999.0,-999.0,-999.0,-999.0,139.56670722,35.94001019,0.22732000052928925,0.22732000052928925,,,,,55249.24679398,-999.0,-0.6162607496653442,0.52509677301638,0.5869378735349188,130.7487504938754,19.246530102697044,188.00245594235972,44.29345064474792,-999,0,1,0,0,0,1,0,-999.0,-999.0,-999.0,-999.0,0,-999.0,-999.0,-999.0,-999.0,-999.0,0,-999.0,-999.0,-999.0,0,0,-999.0,-999.0,-999.0,-999.0,0,-999.0,-999.0,-999.0,-999.0,-999.0,0,-999.0,-999.0,-999.0,0,0,-999.0,-999.0,-999.0,-999.0,0,-999.0,-999.0,-999.0,-999.0,-999.0,0,-999.0,-999.0,-999.0,0,0,0.8353149890899658,20.826400756835938,0.22682200372219086,-999.0,1,20.826400756835938,20.826400756835938,-999.0,-999.0,-999.0,1,21.130599975585938,0.22682200372219086,-999.0,1,4120,-999.0,-999.0,-999.0,-999.0,0,-999.0,-999.0,-999.0,-999.0,-999.0,0,-999.0,-999.0,-999.0,0,0,0.03761645913651121
PSO J139.5670+35.9335,-999,-999,-999,151121395670940879,3578835000016423,214022515343398,0,16486948619409,15112,1,2038,90,0.320943268314882,3578835,49831,3,268959744,0,32,-999.0,-999.0,-999.0,-999.0,139.56702064,35.93352875,0.15987999737262726,0.15987999737262726,,,,,55256.30368056,-999.0,-0.6163141563168546,0.5251364601481011,0.5868462822124424,130.75120663273788,19.240472368940452,188.01151057215114,44.293187601396276,-999,0,2,0,1,1,0,0,-999.0,-999.0,-999.0,-999.0,0,-999.0,-999.0,-999.0,-999.0,-999.0,0,-999.0,-999.0,-999.0,0,0,0.7645310163497925,22.018199920654297,0.26320400834083557,-999.0,1,22.018199920654297,22.018199920654297,21.999300003051758,0.274370014667511,-999.0,1,22.931900024414062,0.26320400834083557,-999.0,1,4120,0.804269015789032,20.993000030517578,0.20051200687885284,-999.0,1,20.993000030517578,20.993000030517578,-999.0,-999.0,-999.0,0,20.86440086364746,0.20051200687885284,-999.0,1,4120,-999.0,-999.0,-999.0,-999.0,0,-999.0,-999.0,-999.0,-999.0,-999.0,0,-999.0,-999.0,-999.0,0,0,-999.0,-999.0,-999.0,-999.0,0,-999.0,-999.0,-999.0,-999.0,-999.0,0,-999.0,-999.0,-999.0,0,0,0.03264690406073046
PSO J139.5671+35.9397,-999,-999,-999,151121395671428317,3578835000016440,214022515343415,0,16486948452725,15112,1,2038,90,0.217037248627317,3578835,49831,3,444915712,7,53,139.56706951,35.93973923,0.0010000000474974513,0.0010000000474974513,139.56714031395387,35.93972368622034,0.016859086983177753,0.016859086983177753,12.4086586380911,12.208630648997898,9.283783588738979,9.283783588738979,56386.23728103366,6.104666233062744,-0.6162669527833413,0.5250940182092086,0.5869338250161105,130.74920177216487,19.246355833245712,188.00291475376665,44.29377320428359,-999,5,23,0,7,14,2,0,-999.0,-999.0,-999.0,-999.0,0,-999.0,-999.0,-999.0,-999.0,-999.0,0,-999.0,-999.0,-999.0,0,114720,0.9989820122718811,21.748600006103516,0.06140400096774101,0.18646499514579773,7,21.589399337768555,22.02790069580078,21.40570068359375,0.07242199778556824,0.3732599914073944,7,21.392000198364258,0.06890200078487396,0.17948199808597565,7,115000,0.9992979764938354,21.358299255371094,0.058761999011039734,0.3334760069847107,13,20.823200225830078,22.047500610351562,21.06100082397461,0.08526899665594101,0.2918800115585327,13,20.950599670410156,0.054889000952243805,0.20960499346256256,13,16892216,0.9969879984855652,21.322200775146484,0.0764470025897026,0.11060799658298492,2,21.229299545288086,21.382200241088867,21.0939998626709,0.15880100429058075,0.24272200465202332,2,20.90730094909668,0.0565200001001358,0.08173699676990509,2,115000,-999.0,-999.0,-999.0,-999.0,0,-999.0,-999.0,-999.0,-999.0,-999.0,0,-999.0,-999.0,-999.0,0,114720,0.03717334052127226
PSO J139.5672+35.9382,-999,-999,-999,151121395672176451,3578835000016464,214022515343439,0,16486948453604,15112,1,2038,90,0.941248586346627,3578835,49831,3,268959744,0,32,-999.0,-999.0,-999.0,-999.0,139.56723106,35.93820932,0.19947999715805054,0.19947999715805054,,,,,55972.4722338,-999.0,-0.6162795922560688,0.5251031030475521,0.5869124256126511,130.74978771429846,19.244960365587907,188.00501110071338,44.293730123773805,-999,0,1,0,1,0,0,0,-999.0,-999.0,-999.0,-999.0,0,-999.0,-999.0,-999.0,-999.0,-999.0,0,-999.0,-999.0,-999.0,0,0,0.0,21.834400177001953,0.19891199469566345,-999.0,1,21.834400177001953,21.834400177001953,21.441200256347656,0.20262600481510162,-999.0,1,21.549999237060547,0.19891199469566345,-999.0,1,4112,-999.0,-999.0,-999.0,-999.0,0,-999.0,-999.0,-999.0,-999.0,-999.0,0,-999.0,-999.0,-999.0,0,0,-999.0,-999.0,-999.0,-999.0,0,-999.0,-999.0,-999.0,-999.0,-999.0,0,-999.0,-999.0,-999.0,0,0,-999.0,-999.0,-999.0,-999.0,0,-999.0,-999.0,-999.0,-999.0,-999.0,0,-999.0,-999.0,-999.0,0,0,0.03595816941929929
PSO J139.5681+35.9382,-999,-999,-999,151121395680616482,3578835000016655,214022515343630,0,16486948453073,15112,1,2038,90,0.788931744907919,3578835,49831,3,310456320,0,37,-999.0,-999.0,-999.0,-999.0,139.56806452,35.93823001,0.1569100022315979,0.1569100022315979,,,,,55972.48399306,-999.0,-0.6162870693435627,0.5250940007542771,0.586912717984361,130.7504576874806,19.245196373629064,188.00505731362765,44.29440444123598,-999,0,1,0,1,0,0,0,-999.0,-999.0,-999.0,-999.0,0,-999.0,-999.0,-999.0,-999.0,-999.0,0,-999.0,-999.0,-999.0,0,0,0.0,21.592500686645508,0.15619300305843353,-999.0,1,21.592500686645508,21.592500686645508,20.668899536132812,0.15140600502490997,-999.0,1,20.80620002746582,0.15619300305843353,-999.0,1,16777744,-999.0,-999.0,-999.0,-999.0,0,-999.0,-999.0,-999.0,-999.0,-999.0,0,-999.0,-999.0,-999.0,0,0,-999.0,-999.0,-999.0,-999.0,0,-999.0,-999.0,-999.0,-999.0,-999.0,0,-999.0,-999.0,-999.0,0,0,-999.0,-999.0,-999.0,-999.0,0,-999.0,-999.0,-999.0,-999.0,-999.0,0,-999.0,-999.0,-999.0,0,0,0.03554214349702555
PSO J139.5682+35.9394,-999,-999,-999,151121395680618063,3578835000016657,214022515343632,0,16486948453143,15112,1,2038,90,0.540115066375691,3578835,49831,3,302067712,0,36,-999.0,-999.0,-999.0,-999.0,139.56818405,35.93943557,0.11839000135660172,0.11839000135660172,,,,,55662.25601852,8.194000244140625,-0.6162787646904061,0.5250847059439918,0.5869297536974749,130.75014526676247,19.246369292606257,188.0033891034159,44.29459683277504,-999,0,2,2,0,0,0,0,0.998075008392334,21.23699951171875,0.17144200205802917,-999.0,1,21.23699951171875,21.23699951171875,20.52910041809082,0.19549399614334106,-999.0,1,20.458099365234375,0.17144200205802917,-999.0,1,16777496,-999.0,-999.0,-999.0,-999.0,0,-999.0,-999.0,-999.0,-999.0,-999.0,0,-999.0,-999.0,-999.0,0,0,-999.0,-999.0,-999.0,-999.0,0,-999.0,-999.0,-999.0,-999.0,-999.0,0,-999.0,-999.0,-999.0,0,0,-999.0,-999.0,-999.0,-999.0,0,-999.0,-999.0,-999.0,-999.0,-999.0,0,-999.0,-999.0,-999.0,0,0,-999.0,-999.0,-999.0,-999.0,0,-999.0,-999.0,-999.0,-999.0,-999.0,0,-999.0,-999.0,-999.0,0,0,0.03642242390688563
PSO J139.5682+35.9389,-999,-999,-999,151121395682107348,3578835000016689,214022515343664,0,16486948453037,15112,1,2038,90,0.829701179479902,3578835,49831,3,268959744,0,32,-999.0,-999.0,-999.0,-999.0,139.56821697,35.93894928,0.05561000108718872,0.05561000108718872,,,,,57033.59305556,-999.0,-0.6162828581621886,0.5250875825378792,0.5869228819870371,130.75033719356284,19.245917236373753,188.0040693173933,44.29458471278625,-999,0,1,0,0,1,0,0,-999.0,-999.0,-999.0,-999.0,0,-999.0,-999.0,-999.0,-999.0,-999.0,0,-999.0,-999.0,-999.0,0,0,-999.0,-999.0,-999.0,-999.0,0,-999.0,-999.0,-999.0,-999.0,-999.0,0,-999.0,-999.0,-999.0,0,0,0.6930400133132935,19.965900421142578,0.05355000123381615,-999.0,1,19.965900421142578,19.965900421142578,18.96500015258789,0.06727100163698196,-999.0,1,19.901199340820312,0.05355000123381615,-999.0,1,4120,-999.0,-999.0,-999.0,-999.0,0,-999.0,-999.0,-999.0,-999.0,-999.0,0,-999.0,-999.0,-999.0,0,0,-999.0,-999.0,-999.0,-999.0,0,-999.0,-999.0,-999.0,-999.0,-999.0,0,-999.0,-999.0,-999.0,0,0,0.03602412531268527
PSO J139.5686+35.9396,-999,-999,-999,151121395685768183,3578835000016785,214022515343760,0,16486948453374,15112,1,2038,90,0.793441418365986,3578835,49831,3,436285440,7,52,139.56855745,35.93967765,0.0010000000474974513,0.0010000000474974513,139.56857323140602,35.93965035358163,0.04606866913674601,0.04606866913674601,-23.19898756416326,4.071826276488181,96.53580058512128,96.53580058512128,56957.161053025826,4.196038722991943,-0.6162806565446268,0.5250790929364225,0.5869327887671532,130.75039084115664,19.246670381417825,188.00313062097558,44.2949287658215,-999,4,4,0,0,3,1,0,-999.0,-999.0,-999.0,-999.0,0,-999.0,-999.0,-999.0,-999.0,-999.0,0,-999.0,-999.0,-999.0,0,16416,-999.0,-999.0,-999.0,-999.0,0,-999.0,-999.0,-999.0,-999.0,-999.0,0,-999.0,-999.0,-999.0,0,114720,0.9990419745445251,21.791900634765625,0.026119999587535858,0.07708200067281723,3,21.702499389648438,21.85420036315918,21.76490020751953,0.22467899322509766,0.5352420210838318,3,21.67959976196289,0.22237099707126617,0.39615899324417114,3,115000,0.9987229704856873,21.51569938659668,0.18652799725532532,-999.0,1,21.51569938659668,21.51569938659668,-999.0,-999.0,-999.0,1,21.427200317382812,0.18652799725532532,-999.0,1,115000,-999.0,-999.0,-999.0,-999.0,0,-999.0,-999.0,-999.0,-999.0,-999.0,0,-999.0,-999.0,-999.0,0,114720,0.03639935301203112
PSO J139.5686+35.9384,-999,-999,-999,151121395685816720,3578835000016786,214022515343761,0,16486948453118,15112,1,2038,90,0.483178952227513,3578835,49831,3,268959744,0,32,-999.0,-999.0,-999.0,-999.0,139.56859525,35.9384341,0.25036999583244324,0.25036999583244324,,,,,55972.4722338,-999.0,-0.6162903419163767,0.5250869362328525,0.5869156019890694,130.7508194609296,19.2455274909859,188.00482085097957,44.2948490237481,-999,0,1,0,1,0,0,0,-999.0,-999.0,-999.0,-999.0,0,-999.0,-999.0,-999.0,-999.0,-999.0,0,-999.0,-999.0,-999.0,0,0,0.0,22.066299438476562,0.24991899728775024,-999.0,1,22.066299438476562,22.066299438476562,21.203100204467773,0.17511999607086182,-999.0,1,21.623300552368164,0.24991899728775024,-999.0,1,4112,-999.0,-999.0,-999.0,-999.0,0,-999.0,-999.0,-999.0,-999.0,-999.0,0,-999.0,-999.0,-999.0,0,0,-999.0,-999.0,-999.0,-999.0,0,-999.0,-999.0,-999.0,-999.0,-999.0,0,-999.0,-999.0,-999.0,0,0,-999.0,-999.0,-999.0,-999.0,0,-999.0,-999.0,-999.0,-999.0,-999.0,0,-999.0,-999.0,-999.0,0,0,0.035430362258804
PSO J139.5690+35.9368,-999,-999,-999,151121395690404761,3578835000016882,214022515343857,0,16486948441116,15112,1,2038,90,0.815001936457122,3578835,49831,3,268959744,0,32,-999.0,-999.0,-999.0,-999.0,139.56904635,35.93678492,0.25306999683380127,0.25306999683380127,,,,,55248.25253472,-999.0,-0.6163073349192617,0.5250930398327758,0.5868922971413851,130.7517460835273,19.244082553725832,188.00715826709583,44.29508185911217,-999,0,1,0,0,0,0,1,-999.0,-999.0,-999.0,-999.0,0,-999.0,-999.0,-999.0,-999.0,-999.0,0,-999.0,-999.0,-999.0,0,0,-999.0,-999.0,-999.0,-999.0,0,-999.0,-999.0,-999.0,-999.0,-999.0,0,-999.0,-999.0,-999.0,0,0,-999.0,-999.0,-999.0,-999.0,0,-999.0,-999.0,-999.0,-999.0,-999.0,0,-999.0,-999.0,-999.0,0,0,-999.0,-999.0,-999.0,-999.0,0,-999.0,-999.0,-999.0,-999.0,-999.0,0,-999.0,-999.0,-999.0,0,0,0.5562869906425476,19.590700149536133,0.25262799859046936,-999.0,1,19.590700149536133,19.590700149536133,-999.0,-999.0,-999.0,0,19.753599166870117,0.25262799859046936,-999.0,1,4120,0.0339220773706875
PSO J139.5692+35.9380,-999,-999,-999,151121395691516231,3578835000016904,214022515343879,0,16486948439331,15112,1,2038,90,0.437716900778671,3578835,49831,3,268959744,0,32,-999.0,-999.0,-999.0,-999.0,139.56915513,35.93801861,0.22103999555110931,0.22103999555110931,,,,,55249.28141204,-999.0,-0.6162987125996646,0.5250836741780491,0.5869097306738714,130.751415375966,19.245279325280247,188.00544989761568,44.29526783313589,-999,0,1,0,0,1,0,0,-999.0,-999.0,-999.0,-999.0,0,-999.0,-999.0,-999.0,-999.0,-999.0,0,-999.0,-999.0,-999.0,0,0,-999.0,-999.0,-999.0,-999.0,0,-999.0,-999.0,-999.0,-999.0,-999.0,0,-999.0,-999.0,-999.0,0,0,0.7802090048789978,20.783000946044922,0.22053299844264984,-999.0,1,20.783000946044922,20.783000946044922,-999.0,-999.0,-999.0,0,-999.0,-999.0,-999.0,0,4120,-999.0,-999.0,-999.0,-999.0,0,-999.0,-999.0,-999.0,-999.0,-999.0,0,-999.0,-999.0,-999.0,0,0,-999.0,-999.0,-999.0,-999.0,0,-999.0,-999.0,-999.0,-999.0,-999.0,0,-999.0,-999.0,-999.0,0,0,0.03482293201378093
PSO J139.5693+35.9338,-999,-999,-999,151121395692381136,3578835000016921,214022515343896,0,16486948440478,15112,1,2038,90,0.725819299673493,3578835,49831,3,268959744,0,32,-999.0,-999.0,-999.0,-999.0,139.56925274,35.93378204,0.30573999881744385,0.30573999881744385,,,,,55249.32226852,-999.0,-0.6163326390894691,0.5251107672135047,0.5868498616762678,130.7529337465356,19.24129187659161,188.01135895048185,44.29500935908368,-999,0,1,0,1,0,0,0,-999.0,-999.0,-999.0,-999.0,0,-999.0,-999.0,-999.0,-999.0,-999.0,0,-999.0,-999.0,-999.0,0,0,0.8300269842147827,22.19770050048828,0.30537399649620056,-999.0,1,22.19770050048828,22.19770050048828,-999.0,-999.0,-999.0,0,25.286699295043945,0.30537399649620056,-999.0,1,4120,-999.0,-999.0,-999.0,-999.0,0,-999.0,-999.0,-999.0,-999.0,-999.0,0,-999.0,-999.0,-999.0,0,0,-999.0,-999.0,-999.0,-999.0,0,-999.0,-999.0,-999.0,-999.0,-999.0,0,-999.0,-999.0,-999.0,0,0,-999.0,-999.0,-999.0,-999.0,0,-999.0,-999.0,-999.0,-999.0,-999.0,0,-999.0,-999.0,-999.0,0,0,0.031561713241398094
PSO J139.5704+35.9354,-999,-999,-999,151121395703923078,3578835000186722,214022515515320,0,16486948442008,15112,1,2038,90,0.968282478831971,3578835,49831,3,1343750144,0,160,139.57040032,35.93539478,0.0010000000474974513,0.0010000000474974513,139.57040032,35.93539478,0.0010000000474974513,0.0010000000474974513,,,,,55664.18021991,-999.0,-0.6163305823074836,0.5250877099236807,0.5868726524550473,130.7533181102108,19.243117422617257,188.0092162438262,44.2960640003209,-999,1,0,0,0,0,0,0,-999.0,-999.0,-999.0,-999.0,0,-999.0,-999.0,-999.0,-999.0,-999.0,0,-999.0,-999.0,-999.0,0,16416,-999.0,-999.0,-999.0,-999.0,0,-999.0,-999.0,-999.0,-999.0,-999.0,0,-999.0,-999.0,-999.0,0,16416,-999.0,-999.0,-999.0,-999.0,0,-999.0,-999.0,-999.0,-999.0,-999.0,0,-999.0,-999.0,-999.0,0,114720,-999.0,-999.0,-999.0,-999.0,0,-999.0,-999.0,-999.0,-999.0,-999.0,0,-999.0,-999.0,-999.0,0,16416,-999.0,-999.0,-999.0,-999.0,0,-999.0,-999.0,-999.0,-999.0,-999.0,0,-999.0,-999.0,-999.0,0,16416,0.0321524270957524
PSO J139.5707+35.9357,-999,-999,-999,151121395707183390,3578835000017236,214022515344211,0,16486948442006,15112,1,2038,90,0.155852817144108,3578835,49831,3,310456320,0,37,-999.0,-999.0,-999.0,-999.0,139.57072114,35.9356565,0.1897200047969818,0.1897200047969818,,,,,57035.5824537,-999.0,-0.6163314818349721,0.5250825203521114,0.5868763509631156,130.75348980715563,19.243448625595963,188.00888062898446,44.296343769793005,-999,0,1,0,0,1,0,0,-999.0,-999.0,-999.0,-999.0,0,-999.0,-999.0,-999.0,-999.0,-999.0,0,-999.0,-999.0,-999.0,0,0,-999.0,-999.0,-999.0,-999.0,0,-999.0,-999.0,-999.0,-999.0,-999.0,0,-999.0,-999.0,-999.0,0,0,0.15838399529457092,21.867799758911133,0.18912799656391144,-999.0,1,21.867799758911133,21.867799758911133,21.161800384521484,0.2187110036611557,-999.0,1,21.188800811767578,0.18912799656391144,-999.0,1,16777752,-999.0,-999.0,-999.0,-999.0,0,-999.0,-999.0,-999.0,-999.0,-999.0,0,-999.0,-999.0,-999.0,0,0,-999.0,-999.0,-999.0,-999.0,0,-999.0,-999.0,-999.0,-999.0,-999.0,0,-999.0,-999.0,-999.0,0,0,0.03218825175661074
PSO J139.5717+35.9336,-999,-999,-999,151121395716520934,3578835000017440,214022515344415,0,16486948438554,15112,1,2038,90,0.540007878597833,3578835,49831,3,268959744,0,32,-999.0,-999.0,-999.0,-999.0,139.57166366,35.9336131,0.3928700089454651,0.3928700089454651,,,,,55249.31701389,-999.0,-0.6163560515921886,0.5250859545316672,0.5868474742377743,130.7549495343541,19.241757912532883,188.0118114230456,44.29694182071411,-999,0,1,0,1,0,0,0,-999.0,-999.0,-999.0,-999.0,0,-999.0,-999.0,-999.0,-999.0,-999.0,0,-999.0,-999.0,-999.0,0,0,0.7302680015563965,22.336999893188477,0.3925839960575104,-999.0,1,22.336999893188477,22.336999893188477,-999.0,-999.0,-999.0,0,22.934099197387695,0.3925839960575104,-999.0,1,4120,-999.0,-999.0,-999.0,-999.0,0,-999.0,-999.0,-999.0,-999.0,-999.0,0,-999.0,-999.0,-999.0,0,0,-999.0,-999.0,-999.0,-999.0,0,-999.0,-999.0,-999.0,-999.0,-999.0,0,-999.0,-999.0,-999.0,0,0,-999.0,-999.0,-999.0,-999.0,0,-999.0,-999.0,-999.0,-999.0,-999.0,0,-999.0,-999.0,-999.0,0,0,0.030132012053530086
PSO J139.5720+35.9386,-999,-999,-999,151121395720146900,3578835000017522,214022515344497,0,16486948439924,15112,1,2038,90,0.253268192758102,3578835,49831,3,310456320,0,37,-999.0,-999.0,-999.0,-999.0,139.57201887,35.93857863,0.15955999493598938,0.15955999493598938,,,,,55972.48399306,-999.0,-0.6163205895701079,0.5250491497272227,0.5869176443443109,130.75355128711945,19.246553378667866,188.00492764866556,44.29762366137071,-999,0,1,0,1,0,0,0,-999.0,-999.0,-999.0,-999.0,0,-999.0,-999.0,-999.0,-999.0,-999.0,0,-999.0,-999.0,-999.0,0,0,0.0,21.522899627685547,0.15885399281978607,-999.0,1,21.522899627685547,21.522899627685547,20.583099365234375,0.10955499857664108,-999.0,1,20.590700149536133,0.15885399281978607,-999.0,1,16777744,-999.0,-999.0,-999.0,-999.0,0,-999.0,-999.0,-999.0,-999.0,-999.0,0,-999.0,-999.0,-999.0,0,0,-999.0,-999.0,-999.0,-999.0,0,-999.0,-999.0,-999.0,-999.0,-999.0,0,-999.0,-999.0,-999.0,0,0,-999.0,-999.0,-999.0,-999.0,0,-999.0,-999.0,-999.0,-999.0,-999.0,0,-999.0,-999.0,-999.0,0,0,0.03388830428687583
PSO J139.5721+35.9330,-999,-999,-999,151121395721070216,3578835000017547,214022515344522,0,16486948618716,15112,1,2038,90,0.243988084834058,3578835,49831,3,302067712,0,36,-999.0,-999.0,-999.0,-999.0,139.5721424,35.93301074,0.1960500031709671,0.1960500031709671,,,,,55985.30634259,-999.0,-0.6163651353998377,0.5250848054066541,0.586838961721694,130.7555430323426,19.241311690540588,188.01269348020128,44.297280263075464,-999,0,1,0,0,1,0,0,-999.0,-999.0,-999.0,-999.0,0,-999.0,-999.0,-999.0,-999.0,-999.0,0,-999.0,-999.0,-999.0,0,0,-999.0,-999.0,-999.0,-999.0,0,-999.0,-999.0,-999.0,-999.0,-999.0,0,-999.0,-999.0,-999.0,0,0,0.9990569949150085,22.138599395751953,0.19547900557518005,-999.0,1,22.138599395751953,22.138599395751953,-999.0,-999.0,-999.0,1,21.895599365234375,0.19547900557518005,-999.0,1,272,-999.0,-999.0,-999.0,-999.0,0,-999.0,-999.0,-999.0,-999.0,-999.0,0,-999.0,-999.0,-999.0,0,0,-999.0,-999.0,-999.0,-999.0,0,-999.0,-999.0,-999.0,-999.0,-999.0,0,-999.0,-999.0,-999.0,0,0,0.029422646317649674
PSO J139.5722+35.9339,-999,-999,-999,151121395721811292,3578835000017572,214022515344547,0,16486948438774,15112,1,2038,90,0.7717534282913,3578835,49831,3,1375809536,0,164,139.57225378,35.93392504,0.0010000000474974513,0.0010000000474974513,139.57218912,35.933904,0.19393999874591827,0.19393999874591827,,,,,55972.33878472,-999.0,-0.6163585990441933,0.5250783697096533,0.5868515851962334,130.75527755208557,19.24216989753456,188.01145360188124,44.29738909360163,-999,1,1,1,0,0,0,0,0.997992992401123,21.938100814819336,0.1933560073375702,-999.0,1,21.938100814819336,21.938100814819336,-999.0,-999.0,-999.0,1,21.779399871826172,0.1933560073375702,-999.0,1,114992,-999.0,-999.0,-999.0,-999.0,0,-999.0,-999.0,-999.0,-999.0,-999.0,0,-999.0,-999.0,-999.0,0,16416,-999.0,-999.0,-999.0,-999.0,0,-999.0,-999.0,-999.0,-999.0,-999.0,0,-999.0,-999.0,-999.0,0,16416,-999.0,-999.0,-999.0,-999.0,0,-999.0,-999.0,-999.0,-999.0,-999.0,0,-999.0,-999.0,-999.0,0,16416,-999.0,-999.0,-999.0,-999.0,0,-999.0,-999.0,-999.0,-999.0,-999.0,0,-999.0,-999.0,-999.0,0,16416,0.030079905682664134
PSO J139.5722+35.9380,-999,-999,-999,151121395722056156,3578835000017583,214022515344558,0,16486948439755,15112,1,2038,90,0.726865713230209,3578835,49831,3,268959744,0,32,-999.0,-999.0,-999.0,-999.0,139.57222231,35.93797005,0.17990000545978546,0.17990000545978546,,,,,55249.24423611,-999.0,-0.6163271993518873,0.5250510040570868,0.5869090444674574,130.7539232763157,19.246029775706226,188.00579356311553,44.29773944879523,-999,0,1,0,0,0,1,0,-999.0,-999.0,-999.0,-999.0,0,-999.0,-999.0,-999.0,-999.0,-999.0,0,-999.0,-999.0,-999.0,0,0,-999.0,-999.0,-999.0,-999.0,0,-999.0,-999.0,-999.0,-999.0,-999.0,0,-999.0,-999.0,-999.0,0,0,-999.0,-999.0,-999.0,-999.0,0,-999.0,-999.0,-999.0,-999.0,-999.0,0,-999.0,-999.0,-999.0,0,0,0.7075300216674805,20.378599166870117,0.1792760044336319,-999.0,1,20.378599166870117,20.378599166870117,-999.0,-999.0,-999.0,0,20.618499755859375,0.1792760044336319,-999.0,1,4120,-999.0,-999.0,-999.0,-999.0,0,-999.0,-999.0,-999.0,-999.0,-999.0,0,-999.0,-999.0,-999.0,0,0,0.033295251446301584
PSO J139.5725+35.9355,-999,-999,-999,151121395725363204,3578835000017674,214022515344649,0,16486948438349,15112,1,2038,90,0.132406991098455,3578835,49831,3,268959744,0,32,-999.0,-999.0,-999.0,-999.0,139.57252276,35.93546709,0.3527100086212158,0.3527100086212158,,,,,55651.25465278,-999.0,-0.6163494691938363,0.5250643981725736,0.5868736743083212,130.7550175924628,19.243737057197603,188.0093066407871,44.29778279850432,-999,0,1,0,0,0,0,1,-999.0,-999.0,-999.0,-999.0,0,-999.0,-999.0,-999.0,-999.0,-999.0,0,-999.0,-999.0,-999.0,0,0,-999.0,-999.0,-999.0,-999.0,0,-999.0,-999.0,-999.0,-999.0,-999.0,0,-999.0,-999.0,-999.0,0,0,-999.0,-999.0,-999.0,-999.0,0,-999.0,-999.0,-999.0,-999.0,-999.0,0,-999.0,-999.0,-999.0,0,0,-999.0,-999.0,-999.0,-999.0,0,-999.0,-999.0,-999.0,-999.0,-999.0,0,-999.0,-999.0,-999.0,0,0,0.6789609789848328,20.411800384521484,0.3523930013179779,-999.0,1,20.411800384521484,20.411800384521484,-999.0,-999.0,-999.0,0,-999.0,-999.0,-999.0,0,4120,0.031133865384824322
PSO J139.5727+35.9392,-999,-999,-999,151121395726517657,3578835000017704,214022515344679,0,16486947376009,15112,1,2038,90,0.344867080771241,3578835,49831,3,310456320,0,37,-999.0,-999.0,-999.0,-999.0,139.57265992,35.93921155,0.15095999836921692,0.15095999836921692,,,,,55972.4722338,-999.0,-0.6163215286133541,0.5250380496193388,0.5869265881007771,130.75385698394768,19.247319326114447,188.00410380578975,44.29819137332956,-999,0,1,0,1,0,0,0,-999.0,-999.0,-999.0,-999.0,0,-999.0,-999.0,-999.0,-999.0,-999.0,0,-999.0,-999.0,-999.0,0,0,0.0,21.45639991760254,0.15021300315856934,-999.0,1,21.45639991760254,21.45639991760254,20.460800170898438,0.10059899836778641,-999.0,1,20.81290054321289,0.15021300315856934,-999.0,1,16777744,-999.0,-999.0,-999.0,-999.0,0,-999.0,-999.0,-999.0,-999.0,-999.0,0,-999.0,-999.0,-999.0,0,0,-999.0,-999.0,-999.0,-999.0,0,-999.0,-999.0,-999.0,-999.0,-999.0,0,-999.0,-999.0,-999.0,0,0,-999.0,-999.0,-999.0,-999.0,0,-999.0,-999.0,-999.0,-999.0,-999.0,0,-999.0,-999.0,-999.0,0,0,0.03412085848933939
PSO J139.5733+35.9332,-999,-999,-999,151121395732880422,3578835000017858,214022515344833,0,16486948618626,15112,1,2038,90,0.803612807582703,3578835,49831,3,268959744,0,32,-999.0,-999.0,-999.0,-999.0,139.57330134,35.9332182,0.15082000195980072,0.15082000195980072,,,,,55249.54092593,-999.0,-0.6163741388057554,0.5250709599626074,0.5868418935415308,130.75641397608823,19.241809150161274,188.0125089312418,44.298232198756565,-999,0,2,0,0,2,0,0,-999.0,-999.0,-999.0,-999.0,0,-999.0,-999.0,-999.0,-999.0,-999.0,0,-999.0,-999.0,-999.0,0,0,-999.0,-999.0,-999.0,-999.0,0,-999.0,-999.0,-999.0,-999.0,-999.0,0,-999.0,-999.0,-999.0,0,0,0.7375119924545288,20.76919937133789,0.19352999329566956,0.3860979974269867,2,20.768199920654297,21.15530014038086,-999.0,-999.0,-999.0,1,21.286399841308594,0.07941500097513199,0.1583479940891266,2,4120,-999.0,-999.0,-999.0,-999.0,0,-999.0,-999.0,-999.0,-999.0,-999.0,0,-999.0,-999.0,-999.0,0,0,-999.0,-999.0,-999.0,-999.0,0,-999.0,-999.0,-999.0,-999.0,-999.0,0,-999.0,-999.0,-999.0,0,0,0.028978236238286968
PSO J139.5734+35.9373,-999,-999,-999,151121395734245368,3578835000017889,214022515344864,0,16486948439558,15112,1,2038,90,0.295463975794114,3578835,49831,3,268959744,0,32,-999.0,-999.0,-999.0,-999.0,139.57344396,35.93731112,0.2574000060558319,0.2574000060558319,,,,,55249.26556713,-999.0,-0.6163435323735309,0.5250422397154849,0.5868997330173745,130.75513944365036,19.245722889456594,188.00682123487164,44.298673017810046,-999,0,1,0,0,0,0,1,-999.0,-999.0,-999.0,-999.0,0,-999.0,-999.0,-999.0,-999.0,-999.0,0,-999.0,-999.0,-999.0,0,0,-999.0,-999.0,-999.0,-999.0,0,-999.0,-999.0,-999.0,-999.0,-999.0,0,-999.0,-999.0,-999.0,0,0,-999.0,-999.0,-999.0,-999.0,0,-999.0,-999.0,-999.0,-999.0,-999.0,0,-999.0,-999.0,-999.0,0,0,-999.0,-999.0,-999.0,-999.0,0,-999.0,-999.0,-999.0,-999.0,-999.0,0,-999.0,-999.0,-999.0,0,0,0.7038779854774475,19.527299880981445,0.2569600045681,-999.0,1,19.527299880981445,19.527299880981445,-999.0,-999.0,-999.0,0,21.687700271606445,0.2569600045681,-999.0,1,4112,0.032189752208891836
PSO J139.5737+35.9342,-999,-999,-999,151121395736481638,3578835000017944,214022515344919,0,16486948438871,15112,1,2038,90,0.0430259295208621,3578835,49831,3,302067712,0,36,-999.0,-999.0,-999.0,-999.0,139.57365927,35.93419476,0.17066000401973724,0.17066000401973724,,,,,55534.65167824,-999.0,-0.6163698047421624,0.5250606231977257,0.5868556941611152,130.75637298795291,19.242827071783644,188.0111810360779,44.29859883175419,-999,0,1,0,0,0,1,0,-999.0,-999.0,-999.0,-999.0,0,-999.0,-999.0,-999.0,-999.0,-999.0,0,-999.0,-999.0,-999.0,0,0,-999.0,-999.0,-999.0,-999.0,0,-999.0,-999.0,-999.0,-999.0,-999.0,0,-999.0,-999.0,-999.0,0,0,-999.0,-999.0,-999.0,-999.0,0,-999.0,-999.0,-999.0,-999.0,-999.0,0,-999.0,-999.0,-999.0,0,0,0.9993889927864075,20.545299530029297,0.17000100016593933,-999.0,1,20.545299530029297,20.545299530029297,20.58799934387207,0.25714799761772156,-999.0,1,20.89310073852539,0.17000100016593933,-999.0,1,280,-999.0,-999.0,-999.0,-999.0,0,-999.0,-999.0,-999.0,-999.0,-999.0,0,-999.0,-999.0,-999.0,0,0,0.0295642640813629
PSO J139.5738+35.9370,-999,-999,-999,151121395737935057,3578835000017978,214022515344953,0,16486947373568,15112,1,2038,90,0.112484280124758,3578835,49831,3,268959744,0,32,-999.0,-999.0,-999.0,-999.0,139.5737981,35.93704072,0.1901399940252304,0.1901399940252304,,,,,55249.28141204,-999.0,-0.6163488860786883,0.5250402262613987,0.586895911927268,130.7555189639428,19.245558737734648,188.0072297134505,44.29893733392338,-999,0,1,0,0,1,0,0,-999.0,-999.0,-999.0,-999.0,0,-999.0,-999.0,-999.0,-999.0,-999.0,0,-999.0,-999.0,-999.0,0,0,-999.0,-999.0,-999.0,-999.0,0,-999.0,-999.0,-999.0,-999.0,-999.0,0,-999.0,-999.0,-999.0,0,0,0.7530350089073181,20.5846004486084,0.18954899907112122,-999.0,1,20.5846004486084,20.5846004486084,-999.0,-999.0,-999.0,0,22.738000869750977,0.18954899907112122,-999.0,1,4120,-999.0,-999.0,-999.0,-999.0,0,-999.0,-999.0,-999.0,-999.0,-999.0,0,-999.0,-999.0,-999.0,0,0,-999.0,-999.0,-999.0,-999.0,0,-999.0,-999.0,-999.0,-999.0,-999.0,0,-999.0,-999.0,-999.0,0,0,0.03180475178638392
PSO J139.5742+35.9369,-999,-999,-999,151121395742084823,3578835000018073,214022515345048,0,16486947373621,15112,1,2038,90,0.24001657146962,3578835,49831,3,268959744,0,32,-999.0,-999.0,-999.0,-999.0,139.57422942,35.9368501,0.2516700029373169,0.2516700029373169,,,,,55249.28607639,-999.0,-0.6163543249251003,0.5250368525665152,0.5868932182204624,130.755934074764,19.245490194525445,188.00753402201659,44.29927028862675,-999,0,1,0,0,1,0,0,-999.0,-999.0,-999.0,-999.0,0,-999.0,-999.0,-999.0,-999.0,-999.0,0,-999.0,-999.0,-999.0,0,0,-999.0,-999.0,-999.0,-999.0,0,-999.0,-999.0,-999.0,-999.0,-999.0,0,-999.0,-999.0,-999.0,0,0,0.7456960082054138,20.897899627685547,0.2512190043926239,-999.0,1,20.897899627685547,20.897899627685547,-999.0,-999.0,-999.0,0,22.552000045776367,0.2512190043926239,-999.0,1,4120,-999.0,-999.0,-999.0,-999.0,0,-999.0,-999.0,-999.0,-999.0,-999.0,0,-999.0,-999.0,-999.0,0,0,-999.0,-999.0,-999.0,-999.0,0,-999.0,-999.0,-999.0,-999.0,-999.0,0,-999.0,-999.0,-999.0,0,0,0.031451157626641336
PSO J139.5743+35.9371,-999,-999,-999,151121395742845159,3578835000018093,214022515345068,0,16486947376440,15112,1,2038,90,0.959835716485824,3578835,49831,3,268959744,0,32,-999.0,-999.0,-999.0,-999.0,139.57429705,35.93713241,0.24039000272750854,0.24039000272750854,,,,,55249.26106481,-999.0,-0.6163527433055007,0.5250342498390114,0.5868972076230813,130.75589310419065,19.245775152606996,188.00714690507317,44.29934732791241,-999,0,1,0,0,0,0,1,-999.0,-999.0,-999.0,-999.0,0,-999.0,-999.0,-999.0,-999.0,-999.0,0,-999.0,-999.0,-999.0,0,0,-999.0,-999.0,-999.0,-999.0,0,-999.0,-999.0,-999.0,-999.0,-999.0,0,-999.0,-999.0,-999.0,0,0,-999.0,-999.0,-999.0,-999.0,0,-999.0,-999.0,-999.0,-999.0,-999.0,0,-999.0,-999.0,-999.0,0,0,-999.0,-999.0,-999.0,-999.0,0,-999.0,-999.0,-999.0,-999.0,-999.0,0,-999.0,-999.0,-999.0,0,0,0.653124988079071,19.22559928894043,0.2399190068244934,-999.0,1,19.22559928894043,19.22559928894043,-999.0,-999.0,-999.0,0,-999.0,-999.0,-999.0,0,4112,0.03165551110616164
PSO J139.5757+35.9335,-999,-999,-999,151121395757190860,3578835000018448,214022515345423,0,16486948438023,15112,1,2038,90,0.193899407232087,3578835,49831,3,268959744,0,32,-999.0,-999.0,-999.0,-999.0,139.57573428,35.93354909,0.29756999015808105,0.29756999015808105,,,,,55249.3515162,-999.0,-0.6163938542445042,0.5250425888758088,0.5868465696553004,130.75827786295034,19.24275437390606,188.01226716579328,44.30022223786439,-999,0,1,1,0,0,0,0,0.6837019920349121,22.138700485229492,0.29718801379203796,-999.0,1,22.138700485229492,22.138700485229492,-999.0,-999.0,-999.0,0,23.59779930114746,0.29718801379203796,-999.0,1,4120,-999.0,-999.0,-999.0,-999.0,0,-999.0,-999.0,-999.0,-999.0,-999.0,0,-999.0,-999.0,-999.0,0,0,-999.0,-999.0,-999.0,-999.0,0,-999.0,-999.0,-999.0,-999.0,-999.0,0,-999.0,-999.0,-999.0,0,0,-999.0,-999.0,-999.0,-999.0,0,-999.0,-999.0,-999.0,-999.0,-999.0,0,-999.0,-999.0,-999.0,0,0,-999.0,-999.0,-999.0,-999.0,0,-999.0,-999.0,-999.0,-999.0,-999.0,0,-999.0,-999.0,-999.0,0,0,0.028044317451646428
PSO J139.5759+35.9359,-999,-999,-999,151121395758973691,3578835000186784,214022515515382,0,16486947374063,15112,1,2038,90,0.174878982989936,3578835,49831,3,404226048,0,48,139.57589776,35.93590553,0.0010000000474974513,0.0010000000474974513,139.57589776,35.93590553,0.0010000000474974513,0.0010000000474974513,,,,,55646.49783565,-999.0,-0.6163769781944386,0.5250251791938135,0.5868798701305034,130.75761013457173,19.24502877561688,188.00899976835095,44.30054167670915,-999,2,0,0,0,0,0,0,-999.0,-999.0,-999.0,-999.0,0,-999.0,-999.0,-999.0,-999.0,-999.0,0,-999.0,-999.0,-999.0,0,114720,-999.0,-999.0,-999.0,-999.0,0,-999.0,-999.0,-999.0,-999.0,-999.0,0,-999.0,-999.0,-999.0,0,16416,-999.0,-999.0,-999.0,-999.0,0,-999.0,-999.0,-999.0,-999.0,-999.0,0,-999.0,-999.0,-999.0,0,114720,-999.0,-999.0,-999.0,-999.0,0,-999.0,-999.0,-999.0,-999.0,-999.0,0,-999.0,-999.0,-999.0,0,16416,-999.0,-999.0,-999.0,-999.0,0,-999.0,-999.0,-999.0,-999.0,-999.0,0,-999.0,-999.0,-999.0,0,16416,0.029919419964498803
PSO J139.5762+35.9364,-999,-999,-999,151121395762174329,3578835000018567,214022515345542,0,16486947373884,15112,1,2038,90,0.0566102453103384,3578835,49831,3,268959744,0,32,-999.0,-999.0,-999.0,-999.0,139.5762385,35.9364388,0.19548000395298004,0.19548000395298004,,,,,55249.28607639,-999.0,-0.6163759422351319,0.5250179716110486,0.5868874059980954,130.75770574899067,19.245622359542708,188.00828767104937,44.30085910559102,-999,0,1,0,0,1,0,0,-999.0,-999.0,-999.0,-999.0,0,-999.0,-999.0,-999.0,-999.0,-999.0,0,-999.0,-999.0,-999.0,0,0,-999.0,-999.0,-999.0,-999.0,0,-999.0,-999.0,-999.0,-999.0,-999.0,0,-999.0,-999.0,-999.0,0,0,0.7360219955444336,20.60740089416504,0.19489899277687073,-999.0,1,20.60740089416504,20.60740089416504,-999.0,-999.0,-999.0,0,21.487699508666992,0.19489899277687073,-999.0,1,4120,-999.0,-999.0,-999.0,-999.0,0,-999.0,-999.0,-999.0,-999.0,-999.0,0,-999.0,-999.0,-999.0,0,0,-999.0,-999.0,-999.0,-999.0,0,-999.0,-999.0,-999.0,-999.0,-999.0,0,-999.0,-999.0,-999.0,0,0,0.030222853062869735
PSO J139.5765+35.9409,-999,-999,-999,151121395765189645,3578835000018654,214022515345629,0,16486947388430,15112,1,2038,90,0.677294827697142,3578835,49831,3,310456320,0,37,-999.0,-999.0,-999.0,-999.0,139.57652412,35.94087449,0.18595999479293823,0.18595999479293823,,,,,55249.26106481,-999.0,-0.616343968951357,0.5249854356984548,0.5869500866698906,130.75643078739446,19.249897864700785,188.0021350922117,44.30144223426773,-999,0,1,0,0,0,0,1,-999.0,-999.0,-999.0,-999.0,0,-999.0,-999.0,-999.0,-999.0,-999.0,0,-999.0,-999.0,-999.0,0,0,-999.0,-999.0,-999.0,-999.0,0,-999.0,-999.0,-999.0,-999.0,-999.0,0,-999.0,-999.0,-999.0,0,0,-999.0,-999.0,-999.0,-999.0,0,-999.0,-999.0,-999.0,-999.0,-999.0,0,-999.0,-999.0,-999.0,0,0,-999.0,-999.0,-999.0,-999.0,0,-999.0,-999.0,-999.0,-999.0,-999.0,0,-999.0,-999.0,-999.0,0,0,0.9969120025634766,19.208599090576172,0.18535399436950684,-999.0,1,19.208599090576172,19.208599090576172,18.871400833129883,0.23945200443267822,-999.0,1,18.6825008392334,0.18535399436950684,-999.0,1,16777488,0.033965654362421764
PSO J139.5766+35.9365,-999,-999,-999,151121395765924394,3578835000018666,214022515345641,0,16486947373432,15112,1,2038,90,0.706740990007986,3578835,49831,3,268959744,0,32,-999.0,-999.0,-999.0,-999.0,139.57659901,35.93648876,0.2829500138759613,0.2829500138759613,,,,,55249.28141204,-999.0,-0.6163788561023765,0.5250137614777116,0.5868881120017259,130.75798161362317,19.245763302340446,188.00825052134766,44.301154047861445,-999,0,1,0,0,1,0,0,-999.0,-999.0,-999.0,-999.0,0,-999.0,-999.0,-999.0,-999.0,-999.0,0,-999.0,-999.0,-999.0,0,0,-999.0,-999.0,-999.0,-999.0,0,-999.0,-999.0,-999.0,-999.0,-999.0,0,-999.0,-999.0,-999.0,0,0,0.7809410095214844,21.05970001220703,0.2825529873371124,-999.0,1,21.05970001220703,21.05970001220703,-999.0,-999.0,-999.0,0,23.588600158691406,0.2825529873371124,-999.0,1,4120,-999.0,-999.0,-999.0,-999.0,0,-999.0,-999.0,-999.0,-999.0,-999.0,0,-999.0,-999.0,-999.0,0,0,-999.0,-999.0,-999.0,-999.0,0,-999.0,-999.0,-999.0,-999.0,-999.0,0,-999.0,-999.0,-999.0,0,0,0.030112767072779115
PSO J139.5584+35.9342,-999,-999,-999,151121395583591624,3578835000014175,214022515341150,0,16486948446651,15112,1,2038,90,0.110876329346445,3578835,49831,3,268513280,0,32,-999.0,-999.0,-999.0,-999.0,139.55837577,35.93418415,0.016920000314712524,0.016920000314712524,,,,,55248.31858796,-999.0,-0.6162298069689937,0.5252250900497992,0.5868555442228839,130.74396175824273,19.238848603315425,188.00981853638643,44.28626239511039,-999,0,1,1,0,0,0,0,0.9996070265769958,18.358800888061523,0.007829000242054462,-999.0,1,18.358800888061523,18.358800888061523,18.82740020751953,0.0179469995200634,-999.0,1,18.727699279785156,0.007829000242054462,-999.0,1,24,-999.0,-999.0,-999.0,-999.0,0,-999.0,-999.0,-999.0,-999.0,-999.0,0,-999.0,-999.0,-999.0,0,0,-999.0,-999.0,-999.0,-999.0,0,-999.0,-999.0,-999.0,-999.0,-999.0,0,-999.0,-999.0,-999.0,0,0,-999.0,-999.0,-999.0,-999.0,0,-999.0,-999.0,-999.0,-999.0,-999.0,0,-999.0,-999.0,-999.0,0,0,-999.0,-999.0,-999.0,-999.0,0,-999.0,-999.0,-999.0,-999.0,-999.0,0,-999.0,-999.0,-999.0,0,0,0.03837398928698383
PSO J139.6201+35.9445,-999,-999,-999,151131396200694047,3578835000029455,214022515356430,0,16486947525710,15113,1,2038,90,0.00266961381087975,3578835,49831,3,268959744,0,32,-999.0,-999.0,-999.0,-999.0,139.62010265,35.94453628,0.22144000232219696,0.22144000232219696,,,,,56032.27366898,-999.0,-0.6167145119677191,0.5244921961349376,0.5870018287211449,130.79058254785332,19.264686712065334,188.00093990079876,44.33690280956179,-999,0,1,1,0,0,0,0,0.0,21.737199783325195,0.2209320068359375,-999.0,1,21.737199783325195,21.737199783325195,-999.0,-999.0,-999.0,0,21.36680030822754,0.2209320068359375,-999.0,1,4120,-999.0,-999.0,-999.0,-999.0,0,-999.0,-999.0,-999.0,-999.0,-999.0,0,-999.0,-999.0,-999.0,0,0,-999.0,-999.0,-999.0,-999.0,0,-999.0,-999.0,-999.0,-999.0,-999.0,0,-999.0,-999.0,-999.0,0,0,-999.0,-999.0,-999.0,-999.0,0,-999.0,-999.0,-999.0,-999.0,-999.0,0,-999.0,-999.0,-999.0,0,0,-999.0,-999.0,-999.0,-999.0,0,-999.0,-999.0,-999.0,-999.0,-999.0,0,-999.0,-999.0,-999.0,0,0,0.039059009780825306
PSO J139.6207+35.9441,-999,-999,-999,151131396204733673,3578835000029553,214022515356528,0,16486947526070,15113,1,2038,90,0.906449992122548,3578835,49831,3,444915712,7,53,139.62063014,35.94415537,0.0010000000474974513,0.0010000000474974513,139.62065636174268,35.94414021983105,0.013599963138665386,0.013599963138665386,-20.306024941885003,-22.95267841570815,6.663260917453156,6.663260917453156,56111.36502495624,7.3522629737854,-0.6167226716936305,0.5244888648616409,0.5869962324029157,130.79117311259694,19.264446151937396,188.00155664264076,44.33732004519088,-999,10,42,3,16,19,4,0,0.9994230270385742,21.9689998626709,0.1275009959936142,0.22222599387168884,3,21.77280044555664,22.211200714111328,21.55139923095703,0.13324500620365143,0.23550300300121307,3,21.382699966430664,0.11964099854230881,0.27882298827171326,3,16892216,0.9992049932479858,21.603099822998047,0.05660799890756607,0.24388399720191956,14,21.15169906616211,22.0221004486084,21.30270004272461,0.06319300085306168,0.29284799098968506,14,21.29360008239746,0.07099000364542007,0.2875640094280243,14,115000,0.9994869828224182,21.434099197387695,0.0421300008893013,0.23823699355125427,19,21.018999099731445,21.782899856567383,21.146299362182617,0.051697999238967896,0.2540319859981537,19,21.065000534057617,0.04825900122523308,0.2567079961299896,19,16892216,0.9997040033340454,20.859100341796875,0.10067299753427505,0.2480279952287674,4,20.633800506591797,21.1968994140625,20.72610092163086,0.15953700244426727,0.3490599989891052,4,20.638399124145508,0.17835600674152374,0.2921310067176819,4,115000,-999.0,-999.0,-999.0,-999.0,0,-999.0,-999.0,-999.0,-999.0,-999.0,0,-999.0,-999.0,-999.0,0,114720,0.03894583489978146
PSO J139.6208+35.9440,-999,-999,-999,151131396208253416,3578835000029624,214022515356599,0,16486947526058,15113,1,2038,90,0.979875178988907,3578835,49831,3,302067712,0,36,-999.0,-999.0,-999.0,-999.0,139.6207746,35.94403989,0.12033999711275101,0.12033999711275101,,,,,55249.31094907,1.7795000076293945,-0.616724537063307,0.5244882580680456,0.5869948147409796,130.79129711073904,19.26439120784147,188.00169183476265,44.33740589921182,-999,0,2,0,2,0,0,0,-999.0,-999.0,-999.0,-999.0,0,-999.0,-999.0,-999.0,-999.0,-999.0,0,-999.0,-999.0,-999.0,0,0,0.9987279772758484,21.75029945373535,0.03258100152015686,0.04642099887132645,2,21.72170066833496,21.78689956665039,21.51409912109375,0.20675300061702728,0.29259100556373596,2,21.489099502563477,0.23086200654506683,0.3313080072402954,2,280,-999.0,-999.0,-999.0,-999.0,0,-999.0,-999.0,-999.0,-999.0,-999.0,0,-999.0,-999.0,-999.0,0,0,-999.0,-999.0,-999.0,-999.0,0,-999.0,-999.0,-999.0,-999.0,-999.0,0,-999.0,-999.0,-999.0,0,0,-999.0,-999.0,-999.0,-999.0,0,-999.0,-999.0,-999.0,-999.0,-999.0,0,-999.0,-999.0,-999.0,0,0,0.03890933652920583
PSO J139.6220+35.9435,-999,-999,-999,151131396219602767,3578835000029864,214022515356839,0,16486947527826,15113,1,2038,90,0.373617058967815,3578835,49831,3,302067712,0,36,-999.0,-999.0,-999.0,-999.0,139.62200064,35.94347023,0.2073100060224533,0.2073100060224533,,,,,56043.25655093,-999.0,-0.616740206032634,0.524478841808301,0.5869867654029752,130.79248664059233,19.26417030809518,188.00259544722013,44.3383503900493,-999,0,2,0,0,0,2,0,-999.0,-999.0,-999.0,-999.0,0,-999.0,-999.0,-999.0,-999.0,-999.0,0,-999.0,-999.0,-999.0,0,0,-999.0,-999.0,-999.0,-999.0,0,-999.0,-999.0,-999.0,-999.0,-999.0,0,-999.0,-999.0,-999.0,0,0,-999.0,-999.0,-999.0,-999.0,0,-999.0,-999.0,-999.0,-999.0,-999.0,0,-999.0,-999.0,-999.0,0,0,0.0,21.153499603271484,0.20676399767398834,-999.0,1,21.153499603271484,21.153499603271484,-999.0,-999.0,-999.0,0,21.66819953918457,0.20676399767398834,-999.0,1,536,-999.0,-999.0,-999.0,-999.0,0,-999.0,-999.0,-999.0,-999.0,-999.0,0,-999.0,-999.0,-999.0,0,0,0.03895275233418339
PSO J139.6221+35.9412,-999,-999,-999,151131396221320019,3578835000029911,214022515356886,0,16486947527269,15113,1,2038,90,0.377898518348018,3578835,49831,3,268959744,0,32,-999.0,-999.0,-999.0,-999.0,139.62214516,35.94118153,0.25064998865127563,0.25064998865127563,,,,,55249.24679398,-999.0,-0.6167593904173544,0.5244924755724877,0.5869544253175514,130.79338225245814,19.262040280247174,188.0057983383153,44.3382861876829,-999,0,1,0,0,0,1,0,-999.0,-999.0,-999.0,-999.0,0,-999.0,-999.0,-999.0,-999.0,-999.0,0,-999.0,-999.0,-999.0,0,0,-999.0,-999.0,-999.0,-999.0,0,-999.0,-999.0,-999.0,-999.0,-999.0,0,-999.0,-999.0,-999.0,0,0,-999.0,-999.0,-999.0,-999.0,0,-999.0,-999.0,-999.0,-999.0,-999.0,0,-999.0,-999.0,-999.0,0,0,0.6903449892997742,20.765100479125977,0.25019800662994385,-999.0,1,20.765100479125977,20.765100479125977,-999.0,-999.0,-999.0,0,21.417400360107422,0.25019800662994385,-999.0,1,4120,-999.0,-999.0,-999.0,-999.0,0,-999.0,-999.0,-999.0,-999.0,-999.0,0,-999.0,-999.0,-999.0,0,0,0.037118123255184106
PSO J139.6225+35.9430,-999,-999,-999,151131396224822053,3578835000029990,214022515356965,0,16486947527935,15113,1,2038,90,0.870554558812226,3578835,49831,3,268959744,0,32,-999.0,-999.0,-999.0,-999.0,139.62248293,35.94299995,0.14541999995708466,0.14541999995708466,,,,,56049.24363426,-999.0,-0.61674829109373,0.5244767715000507,0.5869801202680098,130.79303828437565,19.263850251441614,188.00329404880375,44.33870248014575,-999,0,2,0,0,0,0,2,-999.0,-999.0,-999.0,-999.0,0,-999.0,-999.0,-999.0,-999.0,-999.0,0,-999.0,-999.0,-999.0,0,0,-999.0,-999.0,-999.0,-999.0,0,-999.0,-999.0,-999.0,-999.0,-999.0,0,-999.0,-999.0,-999.0,0,0,-999.0,-999.0,-999.0,-999.0,0,-999.0,-999.0,-999.0,-999.0,-999.0,0,-999.0,-999.0,-999.0,0,0,-999.0,-999.0,-999.0,-999.0,0,-999.0,-999.0,-999.0,-999.0,-999.0,0,-999.0,-999.0,-999.0,0,0,0.0,19.94540023803711,0.05366799980401993,0.07675399631261826,2,19.899799346923828,20.007099151611328,-999.0,-999.0,-999.0,0,19.55940055847168,0.6735799908638,1.1863499879837036,2,4120,0.03877404378749021
PSO J139.6228+35.9412,-999,-999,-999,151131396227770069,3578835000030053,214022515357028,0,16486947527261,15113,1,2038,90,0.268129139457018,3578835,49831,3,268959744,0,32,-999.0,-999.0,-999.0,-999.0,139.6228033,35.94123034,0.2753399908542633,0.2753399908542633,,,,,56271.62530093,-999.0,-0.6167650341532506,0.5244850670777655,0.5869551150287146,130.79390022736752,19.262257546279073,188.00578918495833,44.33882122165668,-999,0,1,0,0,0,1,0,-999.0,-999.0,-999.0,-999.0,0,-999.0,-999.0,-999.0,-999.0,-999.0,0,-999.0,-999.0,-999.0,0,0,-999.0,-999.0,-999.0,-999.0,0,-999.0,-999.0,-999.0,-999.0,-999.0,0,-999.0,-999.0,-999.0,0,0,-999.0,-999.0,-999.0,-999.0,0,-999.0,-999.0,-999.0,-999.0,-999.0,0,-999.0,-999.0,-999.0,0,0,0.7833229899406433,21.157800674438477,0.27492600679397583,-999.0,1,21.157800674438477,21.157800674438477,-999.0,-999.0,-999.0,0,21.96769905090332,0.27492600679397583,-999.0,1,4120,-999.0,-999.0,-999.0,-999.0,0,-999.0,-999.0,-999.0,-999.0,-999.0,0,-999.0,-999.0,-999.0,0,0,0.037465517366192094
PSO J139.5595+35.9344,-999,-999,-999,151121395595261850,3578835000014485,214022515341460,0,16486948446515,15112,1,2038,90,0.0518565997964298,3578835,49831,3,268513280,0,32,-999.0,-999.0,-999.0,-999.0,139.55954913,35.9343686,0.027550000697374344,0.027550000697374344,,,,,55249.28607639,-999.0,-0.616239125054574,0.5252112446998322,0.5868581508276307,130.74485224212114,19.23932794606613,188.0096675030297,44.28722413511504,-999,0,1,0,0,1,0,0,-999.0,-999.0,-999.0,-999.0,0,-999.0,-999.0,-999.0,-999.0,-999.0,0,-999.0,-999.0,-999.0,0,0,-999.0,-999.0,-999.0,-999.0,0,-999.0,-999.0,-999.0,-999.0,-999.0,0,-999.0,-999.0,-999.0,0,0,0.9974650144577026,18.340200424194336,0.023113999515771866,-999.0,1,18.340200424194336,18.340200424194336,18.35409927368164,0.03795500099658966,-999.0,1,18.28059959411621,0.023113999515771866,-999.0,1,24,-999.0,-999.0,-999.0,-999.0,0,-999.0,-999.0,-999.0,-999.0,-999.0,0,-999.0,-999.0,-999.0,0,0,-999.0,-999.0,-999.0,-999.0,0,-999.0,-999.0,-999.0,-999.0,-999.0,0,-999.0,-999.0,-999.0,0,0,0.03774114789242779
PSO J139.5596+35.9340,-999,-999,-999,151121395596041366,3578835000014511,214022515341486,0,16486948446500,15112,1,2038,90,0.558364204651084,3578835,49831,3,268959744,0,32,-999.0,-999.0,-999.0,-999.0,139.55961701,35.93397195,0.25297999382019043,0.25297999382019043,,,,,55249.29931713,-999.0,-0.6162428393405538,0.5252131499264057,0.5868525454540309,130.74504208980946,19.238969863293864,188.0102259582236,44.287247300020226,-999,0,1,0,0,1,0,0,-999.0,-999.0,-999.0,-999.0,0,-999.0,-999.0,-999.0,-999.0,-999.0,0,-999.0,-999.0,-999.0,0,0,-999.0,-999.0,-999.0,-999.0,0,-999.0,-999.0,-999.0,-999.0,-999.0,0,-999.0,-999.0,-999.0,0,0,0.7786480188369751,21.229299545288086,0.2525320053100586,-999.0,1,21.229299545288086,21.229299545288086,-999.0,-999.0,-999.0,0,21.070499420166016,0.2525320053100586,-999.0,1,4120,-999.0,-999.0,-999.0,-999.0,0,-999.0,-999.0,-999.0,-999.0,-999.0,0,-999.0,-999.0,-999.0,0,0,-999.0,-999.0,-999.0,-999.0,0,-999.0,-999.0,-999.0,-999.0,-999.0,0,-999.0,-999.0,-999.0,0,0,0.03745111422284643
PSO J139.5597+35.9363,-999,-999,-999,151121395597054161,3578835000014540,214022515341515,0,16486948450087,15112,1,2038,90,0.656511932291567,3578835,49831,3,302067712,0,36,-999.0,-999.0,-999.0,-999.0,139.55967786,35.93629379,0.06956999748945236,0.06956999748945236,,,,,55250.25476852,-999.0,-0.616225296981002,0.5251970690408947,0.5868853568044867,130.74430297593403,19.241184902718548,188.00699827592828,44.28748147674413,-999,0,1,0,0,0,1,0,-999.0,-999.0,-999.0,-999.0,0,-999.0,-999.0,-999.0,-999.0,-999.0,0,-999.0,-999.0,-999.0,0,0,-999.0,-999.0,-999.0,-999.0,0,-999.0,-999.0,-999.0,-999.0,-999.0,0,-999.0,-999.0,-999.0,0,0,-999.0,-999.0,-999.0,-999.0,0,-999.0,-999.0,-999.0,-999.0,-999.0,0,-999.0,-999.0,-999.0,0,0,0.8599029779434204,19.330900192260742,0.06793300062417984,-999.0,1,19.330900192260742,19.330900192260742,-999.0,-999.0,-999.0,0,-999.0,-999.0,-999.0,0,280,-999.0,-999.0,-999.0,-999.0,0,-999.0,-999.0,-999.0,-999.0,-999.0,0,-999.0,-999.0,-999.0,0,0,0.038895932965905884
PSO J139.5597+35.9344,-999,-999,-999,151121395598291841,3578835000014566,214022515341541,0,16486948446525,15112,1,2038,90,0.0145093370364135,3578835,49831,3,268513280,0,32,-999.0,-999.0,-999.0,-999.0,139.5597263,35.93439612,0.018850000575184822,0.018850000575184822,,,,,55521.60189815,-999.0,-0.6162405345783624,0.5252091563221005,0.5868585397333854,130.74498681167253,19.23940001093042,188.00964515671564,44.28736932513088,-999,0,2,0,0,1,0,1,-999.0,-999.0,-999.0,-999.0,0,-999.0,-999.0,-999.0,-999.0,-999.0,0,-999.0,-999.0,-999.0,0,0,-999.0,-999.0,-999.0,-999.0,0,-999.0,-999.0,-999.0,-999.0,-999.0,0,-999.0,-999.0,-999.0,0,0,-999.0,-999.0,-999.0,-999.0,0,-999.0,-999.0,-999.0,-999.0,-999.0,0,-999.0,-999.0,-999.0,0,24,-999.0,-999.0,-999.0,-999.0,0,-999.0,-999.0,-999.0,-999.0,-999.0,0,-999.0,-999.0,-999.0,0,0,0.9961479902267456,16.751699447631836,0.0114120002835989,-999.0,1,16.751699447631836,16.751699447631836,17.568099975585938,0.027848999947309494,-999.0,1,17.44260025024414,0.0114120002835989,-999.0,1,24,0.03764662355784438
PSO J139.5599+35.9366,-999,-999,-999,151121395599134562,3578835000014598,214022515341573,0,16486948450080,15112,1,2038,90,0.016373338193049,3578835,49831,3,268513280,0,32,-999.0,-999.0,-999.0,-999.0,139.55988577,35.93662776,0.03602999821305275,0.03602999821305275,,,,,55250.25476852,-999.0,-0.616224599176662,0.5251926139580233,0.5868900762608796,130.74435843453105,19.241555216177964,188.0065519573591,44.28767589109139,-999,0,1,0,0,0,1,0,-999.0,-999.0,-999.0,-999.0,0,-999.0,-999.0,-999.0,-999.0,-999.0,0,-999.0,-999.0,-999.0,0,0,-999.0,-999.0,-999.0,-999.0,0,-999.0,-999.0,-999.0,-999.0,-999.0,0,-999.0,-999.0,-999.0,0,0,-999.0,-999.0,-999.0,-999.0,0,-999.0,-999.0,-999.0,-999.0,-999.0,0,-999.0,-999.0,-999.0,0,0,0.998009979724884,18.53350067138672,0.03276100009679794,-999.0,1,18.53350067138672,18.53350067138672,18.765199661254883,0.057305000722408295,-999.0,1,18.651100158691406,0.03276100009679794,-999.0,1,24,-999.0,-999.0,-999.0,-999.0,0,-999.0,-999.0,-999.0,-999.0,-999.0,0,-999.0,-999.0,-999.0,0,0,0.03898992643866702
PSO J139.5616+35.9378,-999,-999,-999,151121395615906011,3578835000015015,214022515341990,0,16486948448918,15112,1,2038,90,0.441003528834324,3578835,49831,3,268959744,0,32,-999.0,-999.0,-999.0,-999.0,139.56160208,35.93782901,0.34988000988960266,0.34988000988960266,,,,,56652.66532407,-999.0,-0.6162309659679212,0.525166173303835,0.5869070514141479,130.7453445827174,19.243138631775228,188.00503382019562,44.28915679540604,-999,0,1,0,0,0,1,0,-999.0,-999.0,-999.0,-999.0,0,-999.0,-999.0,-999.0,-999.0,-999.0,0,-999.0,-999.0,-999.0,0,0,-999.0,-999.0,-999.0,-999.0,0,-999.0,-999.0,-999.0,-999.0,-999.0,0,-999.0,-999.0,-999.0,0,0,-999.0,-999.0,-999.0,-999.0,0,-999.0,-999.0,-999.0,-999.0,-999.0,0,-999.0,-999.0,-999.0,0,0,0.6386550068855286,21.321399688720703,0.34956300258636475,-999.0,1,21.321399688720703,21.321399688720703,-999.0,-999.0,-999.0,0,21.076900482177734,0.34956300258636475,-999.0,1,4120,-999.0,-999.0,-999.0,-999.0,0,-999.0,-999.0,-999.0,-999.0,-999.0,0,-999.0,-999.0,-999.0,0,0,0.03879020184113361
PSO J139.5619+35.9338,-999,-999,-999,151121395618431140,3578835000015098,214022515342073,0,16486948624787,15112,1,2038,90,0.263981849201007,3578835,49831,3,268959744,0,32,-999.0,-999.0,-999.0,-999.0,139.56185621,35.93378349,0.22595000267028809,0.22595000267028809,,,,,55249.29931713,-999.0,-0.6162648341051066,0.525190317928123,0.5868498821674606,130.74692501099696,19.239372722165747,188.0106902997756,44.289039575036114,-999,0,1,0,0,1,0,0,-999.0,-999.0,-999.0,-999.0,0,-999.0,-999.0,-999.0,-999.0,-999.0,0,-999.0,-999.0,-999.0,0,0,-999.0,-999.0,-999.0,-999.0,0,-999.0,-999.0,-999.0,-999.0,-999.0,0,-999.0,-999.0,-999.0,0,0,0.6534969806671143,20.959800720214844,0.22544999420642853,-999.0,1,20.959800720214844,20.959800720214844,-999.0,-999.0,-999.0,0,21.343399047851562,0.22544999420642853,-999.0,1,4120,-999.0,-999.0,-999.0,-999.0,0,-999.0,-999.0,-999.0,-999.0,-999.0,0,-999.0,-999.0,-999.0,0,0,-999.0,-999.0,-999.0,-999.0,0,-999.0,-999.0,-999.0,-999.0,-999.0,0,-999.0,-999.0,-999.0,0,0,0.03592489969704201
PSO J139.5623+35.9360,-999,-999,-999,151121395622543826,3578835000015220,214022515342195,0,16486948447605,15112,1,2038,90,0.335840156614632,3578835,49831,3,268959744,0,32,-999.0,-999.0,-999.0,-999.0,139.56229086,35.93602082,0.18905000388622284,0.18905000388622284,,,,,56032.28560185,-999.0,-0.6162513762927222,0.5251707788340126,0.5868814993473574,130.74651820479735,19.24160475702036,188.00761388244112,44.28956867278087,-999,0,1,1,0,0,0,0,0.8206449747085571,21.077800750732422,0.18845300376415253,-999.0,1,21.077800750732422,21.077800750732422,20.766700744628906,0.16727599501609802,-999.0,1,20.66659927368164,0.18845300376415253,-999.0,1,4112,-999.0,-999.0,-999.0,-999.0,0,-999.0,-999.0,-999.0,-999.0,-999.0,0,-999.0,-999.0,-999.0,0,0,-999.0,-999.0,-999.0,-999.0,0,-999.0,-999.0,-999.0,-999.0,-999.0,0,-999.0,-999.0,-999.0,0,0,-999.0,-999.0,-999.0,-999.0,0,-999.0,-999.0,-999.0,-999.0,-999.0,0,-999.0,-999.0,-999.0,0,0,-999.0,-999.0,-999.0,-999.0,0,-999.0,-999.0,-999.0,-999.0,-999.0,0,-999.0,-999.0,-999.0,0,0,0.037139819140490825
PSO J139.5630+35.9357,-999,-999,-999,151121395629703407,3578835000015405,214022515342380,0,16486948447568,15112,1,2038,90,0.525445662928229,3578835,49831,3,277348352,0,33,-999.0,-999.0,-999.0,-999.0,139.56300623,35.93567504,0.23678000271320343,0.23678000271320343,,,,,56032.27366898,-999.0,-0.6162606290418958,0.5251653818100739,0.5868766129615033,130.74721673632232,19.241462973168368,188.0081598674836,44.29011850164863,-999,0,1,1,0,0,0,0,0.4730699956417084,21.05459976196289,0.23630699515342712,-999.0,1,21.05459976196289,21.05459976196289,-999.0,-999.0,-999.0,0,20.368999481201172,0.23630699515342712,-999.0,1,16781336,-999.0,-999.0,-999.0,-999.0,0,-999.0,-999.0,-999.0,-999.0,-999.0,0,-999.0,-999.0,-999.0,0,0,-999.0,-999.0,-999.0,-999.0,0,-999.0,-999.0,-999.0,-999.0,-999.0,0,-999.0,-999.0,-999.0,0,0,-999.0,-999.0,-999.0,-999.0,0,-999.0,-999.0,-999.0,-999.0,-999.0,0,-999.0,-999.0,-999.0,0,0,-999.0,-999.0,-999.0,-999.0,0,-999.0,-999.0,-999.0,-999.0,-999.0,0,-999.0,-999.0,-999.0,0,0,0.03648032842224621
PSO J139.5631+35.9330,-999,-999,-999,151121395630790207,3578835000015425,214022515342400,0,16486948625322,15112,1,2038,90,0.942303205786555,3578835,49831,3,310456320,0,37,-999.0,-999.0,-999.0,-999.0,139.56311359,35.9330112,0.1796800047159195,0.1796800047159195,,,,,56032.27366898,-999.0,-0.6162823800049257,0.5251819241663973,0.5868389682224118,130.74820868474148,19.238967680309745,188.01187912408977,44.28999287704453,-999,0,1,1,0,0,0,0,0.36132898926734924,21.576000213623047,0.17905700206756592,-999.0,1,21.576000213623047,21.576000213623047,20.893999099731445,0.17878100275993347,-999.0,1,20.806900024414062,0.17905700206756592,-999.0,1,16777752,-999.0,-999.0,-999.0,-999.0,0,-999.0,-999.0,-999.0,-999.0,-999.0,0,-999.0,-999.0,-999.0,0,0,-999.0,-999.0,-999.0,-999.0,0,-999.0,-999.0,-999.0,-999.0,-999.0,0,-999.0,-999.0,-999.0,0,0,-999.0,-999.0,-999.0,-999.0,0,-999.0,-999.0,-999.0,-999.0,-999.0,0,-999.0,-999.0,-999.0,0,0,-999.0,-999.0,-999.0,-999.0,0,-999.0,-999.0,-999.0,-999.0,-999.0,0,-999.0,-999.0,-999.0,0,0,0.03464848219110778
PSO J139.5633+35.9390,-999,-999,-999,151121395633017398,3578835000015489,214022515342464,0,16486948450764,15112,1,2038,90,0.967572280175586,3578835,49831,3,268959744,0,32,-999.0,-999.0,-999.0,-999.0,139.56331387,35.93898515,0.2289399951696396,0.2289399951696396,,,,,56652.66532407,-999.0,-0.6162376417411731,0.5251400808415416,0.5869233888635013,130.74634234971515,19.244678150465383,188.0035779805499,44.29063040041858,-999,0,1,0,0,0,1,0,-999.0,-999.0,-999.0,-999.0,0,-999.0,-999.0,-999.0,-999.0,-999.0,0,-999.0,-999.0,-999.0,0,0,-999.0,-999.0,-999.0,-999.0,0,-999.0,-999.0,-999.0,-999.0,-999.0,0,-999.0,-999.0,-999.0,0,0,-999.0,-999.0,-999.0,-999.0,0,-999.0,-999.0,-999.0,-999.0,-999.0,0,-999.0,-999.0,-999.0,0,0,0.7353940010070801,20.90839958190918,0.2284490019083023,-999.0,1,20.90839958190918,20.90839958190918,-999.0,-999.0,-999.0,0,20.884300231933594,0.2284490019083023,-999.0,1,4120,-999.0,-999.0,-999.0,-999.0,0,-999.0,-999.0,-999.0,-999.0,-999.0,0,-999.0,-999.0,-999.0,0,0,0.038646358768540785
PSO J139.5635+35.9341,-999,-999,-999,151121395634801466,3578835000015523,214022515342498,0,16486948447413,15112,1,2038,90,0.850528381625682,3578835,49831,3,268959744,0,32,-999.0,-999.0,-999.0,-999.0,139.56349391,35.93405711,0.24081000685691833,0.24081000685691833,,,,,55249.32226852,-999.0,-0.616277712410419,0.5251708851082425,0.5868537489194442,130.74816239325537,19.240057105524212,188.01045690797284,44.29038320053316,-999,0,1,0,1,0,0,0,-999.0,-999.0,-999.0,-999.0,0,-999.0,-999.0,-999.0,-999.0,-999.0,0,-999.0,-999.0,-999.0,0,0,0.6753180027008057,21.892200469970703,0.2403469979763031,-999.0,1,21.892200469970703,21.892200469970703,-999.0,-999.0,-999.0,0,22.716299057006836,0.2403469979763031,-999.0,1,4120,-999.0,-999.0,-999.0,-999.0,0,-999.0,-999.0,-999.0,-999.0,-999.0,0,-999.0,-999.0,-999.0,0,0,-999.0,-999.0,-999.0,-999.0,0,-999.0,-999.0,-999.0,-999.0,-999.0,0,-999.0,-999.0,-999.0,0,0,-999.0,-999.0,-999.0,-999.0,0,-999.0,-999.0,-999.0,-999.0,-999.0,0,-999.0,-999.0,-999.0,0,0,0.03509855456393124
PSO J139.5640+35.9356,-999,-999,-999,151121395639743385,3578835000015654,214022515342629,0,16486948447625,15112,1,2038,90,0.813024746079952,3578835,49831,3,268959744,0,32,-999.0,-999.0,-999.0,-999.0,139.56398074,35.93563853,0.31046000123023987,0.31046000123023987,,,,,55248.25253472,-999.0,-0.6162698458193173,0.5251551426776985,0.5868760970196358,130.74802072604678,19.241681413407132,188.00829852230402,44.29090212348806,-999,0,1,0,0,0,0,1,-999.0,-999.0,-999.0,-999.0,0,-999.0,-999.0,-999.0,-999.0,-999.0,0,-999.0,-999.0,-999.0,0,0,-999.0,-999.0,-999.0,-999.0,0,-999.0,-999.0,-999.0,-999.0,-999.0,0,-999.0,-999.0,-999.0,0,0,-999.0,-999.0,-999.0,-999.0,0,-999.0,-999.0,-999.0,-999.0,-999.0,0,-999.0,-999.0,-999.0,0,0,-999.0,-999.0,-999.0,-999.0,0,-999.0,-999.0,-999.0,-999.0,-999.0,0,-999.0,-999.0,-999.0,0,0,0.6785749793052673,19.83060073852539,0.31009501218795776,-999.0,1,19.83060073852539,19.83060073852539,-999.0,-999.0,-999.0,0,20.283100128173828,0.31009501218795776,-999.0,1,4120,0.03588281111823068
PSO J139.5641+35.9344,-999,-999,-999,151121395639801908,3578835000015655,214022515342630,0,16486948447429,15112,1,2038,90,0.821329368111984,3578835,49831,3,268959744,0,32,-999.0,-999.0,-999.0,-999.0,139.56408498,35.93439644,0.1837099939584732,0.1837099939584732,,,,,55791.4283912,-999.0,-0.6162804847031338,0.5251622732149879,0.5868585442555446,130.7485272708935,19.240531983668586,188.0100376388009,44.29088730191669,-999,0,2,0,0,1,1,0,-999.0,-999.0,-999.0,-999.0,0,-999.0,-999.0,-999.0,-999.0,-999.0,0,-999.0,-999.0,-999.0,0,0,-999.0,-999.0,-999.0,-999.0,0,-999.0,-999.0,-999.0,-999.0,-999.0,0,-999.0,-999.0,-999.0,0,0,0.6239169836044312,21.526199340820312,0.32375600934028625,-999.0,1,21.526199340820312,21.526199340820312,-999.0,-999.0,-999.0,1,21.8887996673584,0.32375600934028625,-999.0,1,4120,0.6724780201911926,20.88599967956543,0.2224850058555603,-999.0,1,20.88599967956543,20.88599967956543,-999.0,-999.0,-999.0,0,21.216400146484375,0.2224850058555603,-999.0,1,4120,-999.0,-999.0,-999.0,-999.0,0,-999.0,-999.0,-999.0,-999.0,-999.0,0,-999.0,-999.0,-999.0,0,0,0.03497062999032739
PSO J139.5644+35.9340,-999,-999,-999,151121395643861366,3578835000015761,214022515342736,0,16486948447441,15112,1,2038,90,0.0550040966412091,3578835,49831,3,310456320,0,37,-999.0,-999.0,-999.0,-999.0,139.5643905,35.93396665,0.17204999923706055,0.17204999923706055,,,,,55521.60189815,-999.0,-0.6162866356650394,0.5251618422007931,0.5868524705553656,130.74892142143636,19.24020421799467,188.01066369767042,44.291099646648334,-999,0,1,0,0,0,0,1,-999.0,-999.0,-999.0,-999.0,0,-999.0,-999.0,-999.0,-999.0,-999.0,0,-999.0,-999.0,-999.0,0,0,-999.0,-999.0,-999.0,-999.0,0,-999.0,-999.0,-999.0,-999.0,-999.0,0,-999.0,-999.0,-999.0,0,0,-999.0,-999.0,-999.0,-999.0,0,-999.0,-999.0,-999.0,-999.0,-999.0,0,-999.0,-999.0,-999.0,0,0,-999.0,-999.0,-999.0,-999.0,0,-999.0,-999.0,-999.0,-999.0,-999.0,0,-999.0,-999.0,-999.0,0,0,0.9946650266647339,19.99250030517578,0.17139899730682373,-999.0,1,19.99250030517578,19.99250030517578,19.09980010986328,0.17031200230121613,-999.0,1,19.446500778198242,0.17139899730682373,-999.0,1,16777496,0.03449811074886298
PSO J139.5646+35.9399,-999,-999,-999,151121395645848533,3578835000015831,214022515342806,0,16486948451006,15112,1,2038,90,0.826645967389127,3578835,49831,3,302067712,0,36,-999.0,-999.0,-999.0,-999.0,139.56459045,35.9399378,0.18440000712871552,0.18440000712871552,,,,,55249.32787037,-999.0,-0.6162419141824204,0.5251200211388816,0.5869368506099162,130.74705569909236,19.245911933897474,188.002366242285,44.29173651316752,-999,0,1,1,0,0,0,0,0.9312959909439087,21.991100311279297,0.183788001537323,-999.0,1,21.991100311279297,21.991100311279297,21.85700035095215,0.22755299508571625,-999.0,1,22.866600036621094,0.183788001537323,-999.0,1,280,-999.0,-999.0,-999.0,-999.0,0,-999.0,-999.0,-999.0,-999.0,-999.0,0,-999.0,-999.0,-999.0,0,0,-999.0,-999.0,-999.0,-999.0,0,-999.0,-999.0,-999.0,-999.0,-999.0,0,-999.0,-999.0,-999.0,0,0,-999.0,-999.0,-999.0,-999.0,0,-999.0,-999.0,-999.0,-999.0,-999.0,0,-999.0,-999.0,-999.0,0,0,-999.0,-999.0,-999.0,-999.0,0,-999.0,-999.0,-999.0,-999.0,-999.0,0,-999.0,-999.0,-999.0,0,0,0.03866197977328675
PSO J139.5646+35.9350,-999,-999,-999,151121395646652771,3578835000015849,214022515342824,0,16486948447332,15112,1,2038,90,0.819174598734057,3578835,49831,3,268959744,0,32,-999.0,-999.0,-999.0,-999.0,139.56464452,35.93503724,0.17610999941825867,0.17610999941825867,,,,,56303.54945602,-999.0,-0.6162806175673636,0.5251519976786587,0.5868675998425052,130.7487641396732,19.241284224858724,188.0091956887366,44.29138996610688,-999,0,2,0,2,0,0,0,-999.0,-999.0,-999.0,-999.0,0,-999.0,-999.0,-999.0,-999.0,-999.0,0,-999.0,-999.0,-999.0,0,0,0.5438879728317261,21.47249984741211,0.040004000067710876,0.05667100101709366,2,21.430099487304688,21.510099411010742,-999.0,-999.0,-999.0,0,21.489599227905273,0.17200599610805511,0.24372300505638123,2,4120,-999.0,-999.0,-999.0,-999.0,0,-999.0,-999.0,-999.0,-999.0,-999.0,0,-999.0,-999.0,-999.0,0,0,-999.0,-999.0,-999.0,-999.0,0,-999.0,-999.0,-999.0,-999.0,-999.0,0,-999.0,-999.0,-999.0,0,0,-999.0,-999.0,-999.0,-999.0,0,-999.0,-999.0,-999.0,-999.0,-999.0,0,-999.0,-999.0,-999.0,0,0,0.035078660556151546
PSO J139.5648+35.9371,-999,-999,-999,151121395647605140,3578835000015880,214022515342855,0,16486948451991,15112,1,2038,90,0.81766721403009,3578835,49831,3,268959744,0,32,-999.0,-999.0,-999.0,-999.0,139.56478723,35.93710739,0.2915000021457672,0.2915000021457672,,,,,56043.25655093,-999.0,-0.6162657859247263,0.525136709623591,0.586896854058946,130.7481769265246,19.243282099905468,188.0063256373443,44.291670022000545,-999,0,1,0,0,0,1,0,-999.0,-999.0,-999.0,-999.0,0,-999.0,-999.0,-999.0,-999.0,-999.0,0,-999.0,-999.0,-999.0,0,0,-999.0,-999.0,-999.0,-999.0,0,-999.0,-999.0,-999.0,-999.0,-999.0,0,-999.0,-999.0,-999.0,0,0,-999.0,-999.0,-999.0,-999.0,0,-999.0,-999.0,-999.0,-999.0,-999.0,0,-999.0,-999.0,-999.0,0,0,0.6205019950866699,21.2637996673584,0.2911149859428406,-999.0,1,21.2637996673584,21.2637996673584,-999.0,-999.0,-999.0,0,22.63559913635254,0.2911149859428406,-999.0,1,4120,-999.0,-999.0,-999.0,-999.0,0,-999.0,-999.0,-999.0,-999.0,-999.0,0,-999.0,-999.0,-999.0,0,0,0.03646232163081003
PSO J139.5649+35.9357,-999,-999,-999,151121395648793416,3578835000015900,214022515342875,0,16486948452167,15112,1,2038,90,0.504825225570076,3578835,49831,3,268959744,0,32,-999.0,-999.0,-999.0,-999.0,139.56491679,35.93567569,0.3224799931049347,0.3224799931049347,,,,,56049.25005787,-999.0,-0.6162781355667605,0.5251448276425241,0.5868766221469904,130.74876845281847,19.24195965114871,188.00833111119613,44.291660573030505,-999,0,1,0,0,0,0,1,-999.0,-999.0,-999.0,-999.0,0,-999.0,-999.0,-999.0,-999.0,-999.0,0,-999.0,-999.0,-999.0,0,0,-999.0,-999.0,-999.0,-999.0,0,-999.0,-999.0,-999.0,-999.0,-999.0,0,-999.0,-999.0,-999.0,0,0,-999.0,-999.0,-999.0,-999.0,0,-999.0,-999.0,-999.0,-999.0,-999.0,0,-999.0,-999.0,-999.0,0,0,-999.0,-999.0,-999.0,-999.0,0,-999.0,-999.0,-999.0,-999.0,-999.0,0,-999.0,-999.0,-999.0,0,0,0.7211509943008423,20.375699996948242,0.3221319913864136,-999.0,1,20.375699996948242,20.375699996948242,-999.0,-999.0,-999.0,0,22.141599655151367,0.3221319913864136,-999.0,1,4120,0.035366856467745574
PSO J139.5650+35.9345,-999,-999,-999,151121395650082009,3578835000015934,214022515342909,0,16486948447251,15112,1,2038,90,0.379524029213492,3578835,49831,3,268959744,0,32,-999.0,-999.0,-999.0,-999.0,139.5650406,35.93449923,0.26440000534057617,0.26440000534057617,,,,,56042.24768519,-999.0,-0.6162884422883358,0.5251513115197666,0.5868599968569043,130.74926861043852,19.24087746923265,188.00998061705926,44.291666786720626,-999,0,1,0,0,0,1,0,-999.0,-999.0,-999.0,-999.0,0,-999.0,-999.0,-999.0,-999.0,-999.0,0,-999.0,-999.0,-999.0,0,0,-999.0,-999.0,-999.0,-999.0,0,-999.0,-999.0,-999.0,-999.0,-999.0,0,-999.0,-999.0,-999.0,0,0,-999.0,-999.0,-999.0,-999.0,0,-999.0,-999.0,-999.0,-999.0,-999.0,0,-999.0,-999.0,-999.0,0,0,0.6457740068435669,20.95199966430664,0.26397600769996643,-999.0,1,20.95199966430664,20.95199966430664,-999.0,-999.0,-999.0,0,20.465499877929688,0.26397600769996643,-999.0,1,4120,-999.0,-999.0,-999.0,-999.0,0,-999.0,-999.0,-999.0,-999.0,-999.0,0,-999.0,-999.0,-999.0,0,0,0.03447518789939084
PSO J139.5654+35.9373,-999,-999,-999,151121395654045326,3578835000016028,214022515343003,0,16486948451983,15112,1,2038,90,0.8124195642885,3578835,49831,3,277348352,0,33,-999.0,-999.0,-999.0,-999.0,139.56541898,35.93726987,0.1852400004863739,0.1852400004863739,,,,,55972.48399306,-999.0,-0.6162703093052138,0.525128835121338,0.5868991501041407,130.7486348993786,19.243600029211144,188.00615626172333,44.2921928382097,-999,0,1,0,1,0,0,0,-999.0,-999.0,-999.0,-999.0,0,-999.0,-999.0,-999.0,-999.0,-999.0,0,-999.0,-999.0,-999.0,0,0,0.0,21.716100692749023,0.1846349984407425,-999.0,1,21.716100692749023,21.716100692749023,21.100200653076172,0.14731000363826752,-999.0,1,21.199100494384766,0.1846349984407425,-999.0,1,16781328,-999.0,-999.0,-999.0,-999.0,0,-999.0,-999.0,-999.0,-999.0,-999.0,0,-999.0,-999.0,-999.0,0,0,-999.0,-999.0,-999.0,-999.0,0,-999.0,-999.0,-999.0,-999.0,-999.0,0,-999.0,-999.0,-999.0,0,0,-999.0,-999.0,-999.0,-999.0,0,-999.0,-999.0,-999.0,-999.0,-999.0,0,-999.0,-999.0,-999.0,0,0,0.03622946146510636
PSO J139.5658+35.9389,-999,-999,-999,151121395657907282,3578835000016123,214022515343098,0,16486948454367,15112,1,2038,90,0.449508620844696,3578835,49831,3,277348352,0,33,-999.0,-999.0,-999.0,-999.0,139.56579796,35.93889189,0.22269000113010406,0.22269000113010406,,,,,55576.49671296,-999.0,-0.6162611360498637,0.5251139826294434,0.5869220710124778,130.7483917893046,19.245234782675457,188.00393150531718,44.29262782185378,-999,0,1,0,0,1,0,0,-999.0,-999.0,-999.0,-999.0,0,-999.0,-999.0,-999.0,-999.0,-999.0,0,-999.0,-999.0,-999.0,0,0,-999.0,-999.0,-999.0,-999.0,0,-999.0,-999.0,-999.0,-999.0,-999.0,0,-999.0,-999.0,-999.0,0,0,0.8096960186958313,21.280899047851562,0.22217899560928345,-999.0,1,21.280899047851562,21.280899047851562,-999.0,-999.0,-999.0,0,20.701400756835938,0.22217899560928345,-999.0,1,16781336,-999.0,-999.0,-999.0,-999.0,0,-999.0,-999.0,-999.0,-999.0,-999.0,0,-999.0,-999.0,-999.0,0,0,-999.0,-999.0,-999.0,-999.0,0,-999.0,-999.0,-999.0,-999.0,-999.0,0,-999.0,-999.0,-999.0,0,0,0.03723127508172325
PSO J139.5659+35.9367,-999,-999,-999,151121395658454634,3578835000016138,214022515343113,0,16486948452145,15112,1,2038,90,0.835189180295159,3578835,49831,3,310456320,0,37,-999.0,-999.0,-999.0,-999.0,139.56588736,35.93669191,0.1796099990606308,0.1796099990606308,,,,,56032.28560185,-999.0,-0.6162791082595611,0.5251276369100025,0.5868909827865111,130.74921166987392,19.243174207343763,188.00700332984638,44.292524847118585,-999,0,1,1,0,0,0,0,0.9985439777374268,21.604400634765625,0.17898599803447723,-999.0,1,21.604400634765625,21.604400634765625,20.355300903320312,0.15011100471019745,-999.0,1,20.49880027770996,0.17898599803447723,-999.0,1,16777488,-999.0,-999.0,-999.0,-999.0,0,-999.0,-999.0,-999.0,-999.0,-999.0,0,-999.0,-999.0,-999.0,0,0,-999.0,-999.0,-999.0,-999.0,0,-999.0,-999.0,-999.0,-999.0,-999.0,0,-999.0,-999.0,-999.0,0,0,-999.0,-999.0,-999.0,-999.0,0,-999.0,-999.0,-999.0,-999.0,-999.0,0,-999.0,-999.0,-999.0,0,0,-999.0,-999.0,-999.0,-999.0,0,-999.0,-999.0,-999.0,-999.0,-999.0,0,-999.0,-999.0,-999.0,0,0,0.03554823210486761
PSO J139.5659+35.9405,-999,-999,-999,151121395658689117,3578835000016145,214022515343120,0,16486948453693,15112,1,2038,90,0.0799161438643151,3578835,49831,3,436527248,7,52,139.56588002,35.94045704,0.0010000000474974513,0.0010000000474974513,139.56588524036889,35.94045557950946,0.0026238691466600457,0.002621820311896307,1.1936978517842824,0.19124496005146874,1.3530090423332422,1.3542141412860311,55954.59201271467,2.3648414611816406,-0.6162497436031471,0.5251026548175127,0.5869441672021757,130.74793422073716,19.24674093460036,188.00176002922422,44.29282596061095,-999,5,119,30,32,35,15,7,0.9997220039367676,20.226999282836914,0.020347999408841133,0.09575899690389633,24,20.090299606323242,20.39430046081543,20.22879981994629,0.034373000264167786,0.19519799947738647,29,20.139699935913086,0.0322830006480217,0.1512259989976883,29,115000,0.9996849894523621,20.151500701904297,0.020521000027656555,0.07249800115823746,24,20.017000198364258,20.299699783325195,20.206300735473633,0.02971399948000908,0.1257539987564087,29,20.088300704956055,0.022102000191807747,0.09603799879550934,29,115000,0.9996749758720398,19.95490074157715,0.015286000445485115,0.10230900347232819,32,19.667600631713867,20.128700256347656,19.946500778198242,0.031199000775814056,0.171766996383667,34,19.85700035095215,0.02109299972653389,0.14097100496292114,34,115000,0.9995520114898682,19.677400588989258,0.030017999932169914,0.10972999781370163,13,19.553499221801758,19.9237003326416,19.747900009155273,0.042823001742362976,0.16680599749088287,14,19.742000579833984,0.05040600150823593,0.1844010055065155,14,115000,0.9986600279808044,19.712400436401367,0.05044399946928024,0.1808370053768158,6,19.341999053955078,19.772899627685547,19.859399795532227,0.1274379938840866,0.23160600662231445,6,19.75119972229004,0.10900399833917618,0.2757290005683899,6,115000,0.038381908221360894
PSO J139.5660+35.9402,-999,-999,-999,151121395660398788,3578835000016185,214022515343160,0,16486948453672,15112,1,2038,90,0.407652883238767,3578835,49831,3,268959744,0,32,-999.0,-999.0,-999.0,-999.0,139.56604256,35.94015264,0.20191000401973724,0.20191000401973724,,,,,55275.31780093,-999.0,-0.6162535475142045,0.5251029754832551,0.5869398864575402,130.7481622251498,19.246492453327747,188.00219774352036,44.29292555455137,-999,0,1,1,0,0,0,0,0.6988779902458191,22.25429916381836,0.20135200023651123,-999.0,1,22.25429916381836,22.25429916381836,22.600299835205078,0.2924700081348419,-999.0,1,22.471500396728516,0.20135200023651123,-999.0,1,4120,-999.0,-999.0,-999.0,-999.0,0,-999.0,-999.0,-999.0,-999.0,-999.0,0,-999.0,-999.0,-999.0,0,0,-999.0,-999.0,-999.0,-999.0,0,-999.0,-999.0,-999.0,-999.0,-999.0,0,-999.0,-999.0,-999.0,0,0,-999.0,-999.0,-999.0,-999.0,0,-999.0,-999.0,-999.0,-999.0,-999.0,0,-999.0,-999.0,-999.0,0,0,-999.0,-999.0,-999.0,-999.0,0,-999.0,-999.0,-999.0,-999.0,-999.0,0,-999.0,-999.0,-999.0,0,0,0.03806692021277883
PSO J139.5661+35.9342,-999,-999,-999,151121395660821612,3578835000016189,214022515343164,0,16486948440100,15112,1,2038,90,0.27173334106033,3578835,49831,3,310456320,0,37,-999.0,-999.0,-999.0,-999.0,139.56608362,35.93417432,0.16601000726222992,0.16601000726222992,,,,,55250.26677083,-999.0,-0.616300535174162,0.5251422508287614,0.5868554053074263,130.7502262144739,19.240840540335697,188.01052708598118,44.29248274139183,-999,0,1,0,0,0,0,1,-999.0,-999.0,-999.0,-999.0,0,-999.0,-999.0,-999.0,-999.0,-999.0,0,-999.0,-999.0,-999.0,0,0,-999.0,-999.0,-999.0,-999.0,0,-999.0,-999.0,-999.0,-999.0,-999.0,0,-999.0,-999.0,-999.0,0,0,-999.0,-999.0,-999.0,-999.0,0,-999.0,-999.0,-999.0,-999.0,-999.0,0,-999.0,-999.0,-999.0,0,0,-999.0,-999.0,-999.0,-999.0,0,-999.0,-999.0,-999.0,-999.0,-999.0,0,-999.0,-999.0,-999.0,0,0,0.9980220198631287,19.18869972229004,0.16532599925994873,-999.0,1,19.18869972229004,19.18869972229004,18.364599227905273,0.1912360042333603,-999.0,1,18.534000396728516,0.16532599925994873,-999.0,1,16777488,0.03364091728049339
PSO J139.5663+35.9397,-999,-999,-999,151121395662118312,3578835000016225,214022515343200,0,16486948453848,15112,1,2038,90,0.277365426791241,3578835,49831,3,268959744,0,32,-999.0,-999.0,-999.0,-999.0,139.56625411,35.93974286,0.22040000557899475,0.22040000557899475,,,,,55580.69824074,-999.0,-0.6162586814851525,0.5251034226678831,0.5869340959568252,130.74847325374193,19.246159244397912,188.00278746342593,44.29306368510803,-999,0,2,0,0,1,1,0,-999.0,-999.0,-999.0,-999.0,0,-999.0,-999.0,-999.0,-999.0,-999.0,0,-999.0,-999.0,-999.0,0,0,-999.0,-999.0,-999.0,-999.0,0,-999.0,-999.0,-999.0,-999.0,-999.0,0,-999.0,-999.0,-999.0,0,0,0.7064509987831116,21.20170021057129,0.2884939908981323,-999.0,1,21.20170021057129,21.20170021057129,-999.0,-999.0,-999.0,0,21.319299697875977,0.2884939908981323,-999.0,1,4120,0.6871010065078735,21.437599182128906,0.34058499336242676,-999.0,1,21.437599182128906,21.437599182128906,-999.0,-999.0,-999.0,0,21.412200927734375,0.34058499336242676,-999.0,1,4120,-999.0,-999.0,-999.0,-999.0,0,-999.0,-999.0,-999.0,-999.0,-999.0,0,-999.0,-999.0,-999.0,0,0,0.03764185991050057
PSO J139.5663+35.9404,-999,-999,-999,151121395663019101,3578835000016241,214022515343216,0,16486948453671,15112,1,2038,90,0.36307471186209,3578835,49831,3,277348352,0,33,-999.0,-999.0,-999.0,-999.0,139.56630919,35.94040703,0.16923999786376953,0.16923999786376953,,,,,55576.49671296,-999.0,-0.6162540075457698,0.5250984175385645,0.5869434811651577,130.74829238842472,19.246802635906743,188.00186746067627,44.293160980794724,-999,0,1,0,0,1,0,0,-999.0,-999.0,-999.0,-999.0,0,-999.0,-999.0,-999.0,-999.0,-999.0,0,-999.0,-999.0,-999.0,0,0,-999.0,-999.0,-999.0,-999.0,0,-999.0,-999.0,-999.0,-999.0,-999.0,0,-999.0,-999.0,-999.0,0,0,0.7830380201339722,20.930700302124023,0.16856899857521057,-999.0,1,20.930700302124023,20.930700302124023,-999.0,-999.0,-999.0,0,20.21619987487793,0.16856899857521057,-999.0,1,16781336,-999.0,-999.0,-999.0,-999.0,0,-999.0,-999.0,-999.0,-999.0,-999.0,0,-999.0,-999.0,-999.0,0,0,-999.0,-999.0,-999.0,-999.0,0,-999.0,-999.0,-999.0,-999.0,-999.0,0,-999.0,-999.0,-999.0,0,0,0.03812766373365502
PSO J139.6099+35.9472,-999,-999,-999,151131396099257231,3578835000187164,214022515515762,0,16486947537099,15113,1,2038,90,0.304472141251408,3578835,49831,3,1343750144,0,160,139.60992904,35.94718843,0.0010000000474974513,0.0010000000474974513,139.60992904,35.94718843,0.0010000000474974513,0.0010000000474974513,,,,,55629.26444444,-999.0,-0.6166006759311671,0.5245840861215011,0.5870393027977746,130.7814176105657,19.264555008657716,187.99633383373612,44.32890186454122,-999,1,0,0,0,0,0,0,-999.0,-999.0,-999.0,-999.0,0,-999.0,-999.0,-999.0,-999.0,-999.0,0,-999.0,-999.0,-999.0,0,16416,-999.0,-999.0,-999.0,-999.0,0,-999.0,-999.0,-999.0,-999.0,-999.0,0,-999.0,-999.0,-999.0,0,16416,-999.0,-999.0,-999.0,-999.0,0,-999.0,-999.0,-999.0,-999.0,-999.0,0,-999.0,-999.0,-999.0,0,16416,-999.0,-999.0,-999.0,-999.0,0,-999.0,-999.0,-999.0,-999.0,-999.0,0,-999.0,-999.0,-999.0,0,16416,-999.0,-999.0,-999.0,-999.0,0,-999.0,-999.0,-999.0,-999.0,-999.0,0,-999.0,-999.0,-999.0,0,114720,0.03816814823343284
PSO J139.6101+35.9425,-999,-999,-999,151131396101081587,3578835000027132,214022515354107,0,16486947560759,15113,1,2038,90,0.717804984858078,3578835,49831,3,268959744,0,32,-999.0,-999.0,-999.0,-999.0,139.61013061,35.94248393,0.19800999760627747,0.19800999760627747,,,,,57049.42515046,-999.0,-0.6166392319647612,0.5246131487899516,0.5869728287737018,130.78318070240542,19.260151742209118,188.0029078553088,44.32869249909867,-999,0,1,0,0,1,0,0,-999.0,-999.0,-999.0,-999.0,0,-999.0,-999.0,-999.0,-999.0,-999.0,0,-999.0,-999.0,-999.0,0,0,-999.0,-999.0,-999.0,-999.0,0,-999.0,-999.0,-999.0,-999.0,-999.0,0,-999.0,-999.0,-999.0,0,0,0.6901969909667969,21.91510009765625,0.1974399983882904,-999.0,1,21.91510009765625,21.91510009765625,-999.0,-999.0,-999.0,0,22.85409927368164,0.1974399983882904,-999.0,1,4120,-999.0,-999.0,-999.0,-999.0,0,-999.0,-999.0,-999.0,-999.0,-999.0,0,-999.0,-999.0,-999.0,0,0,-999.0,-999.0,-999.0,-999.0,0,-999.0,-999.0,-999.0,-999.0,-999.0,0,-999.0,-999.0,-999.0,0,0,0.033761421232437326
PSO J139.6105+35.9470,-999,-999,-999,151131396104927013,3578835000027225,214022515354200,0,16486947537016,15113,1,2038,90,0.367463417693473,3578835,49831,3,268959744,0,32,-999.0,-999.0,-999.0,-999.0,139.61051113,35.94700641,0.2692300081253052,0.2692300081253052,,,,,57049.45013889,-999.0,-0.616607425790021,0.5245790302476665,0.587036730950476,130.78195227416305,19.2645338559122,187.99663956075491,44.32935723934466,-999,0,1,0,0,1,0,0,-999.0,-999.0,-999.0,-999.0,0,-999.0,-999.0,-999.0,-999.0,-999.0,0,-999.0,-999.0,-999.0,0,0,-999.0,-999.0,-999.0,-999.0,0,-999.0,-999.0,-999.0,-999.0,-999.0,0,-999.0,-999.0,-999.0,0,0,0.6832519769668579,22.393600463867188,0.26881200075149536,-999.0,1,22.393600463867188,22.393600463867188,-999.0,-999.0,-999.0,0,22.190900802612305,0.26881200075149536,-999.0,1,4120,-999.0,-999.0,-999.0,-999.0,0,-999.0,-999.0,-999.0,-999.0,-999.0,0,-999.0,-999.0,-999.0,0,0,-999.0,-999.0,-999.0,-999.0,0,-999.0,-999.0,-999.0,-999.0,-999.0,0,-999.0,-999.0,-999.0,0,0,0.03813799952670104
PSO J139.6107+35.9457,-999,-999,-999,151131396107275448,3578835000027281,214022515354256,0,16486947529556,15113,1,2038,90,0.494271018071353,3578835,49831,3,268959744,0,32,-999.0,-999.0,-999.0,-999.0,139.61074309,35.94571519,0.21661999821662903,0.21661999821662903,,,,,55259.45824074,-999.0,-0.6166196257345861,0.5245851061984476,0.5870184865178459,130.78257965981686,19.263371210596976,187.99845972236545,44.329442366778,-999,0,1,0,0,1,0,0,-999.0,-999.0,-999.0,-999.0,0,-999.0,-999.0,-999.0,-999.0,-999.0,0,-999.0,-999.0,-999.0,0,0,-999.0,-999.0,-999.0,-999.0,0,-999.0,-999.0,-999.0,-999.0,-999.0,0,-999.0,-999.0,-999.0,0,0,0.5457749962806702,20.402799606323242,0.21610400080680847,-999.0,1,20.402799606323242,20.402799606323242,-999.0,-999.0,-999.0,0,22.016399383544922,0.21610400080680847,-999.0,1,4112,-999.0,-999.0,-999.0,-999.0,0,-999.0,-999.0,-999.0,-999.0,-999.0,0,-999.0,-999.0,-999.0,0,0,-999.0,-999.0,-999.0,-999.0,0,-999.0,-999.0,-999.0,-999.0,-999.0,0,-999.0,-999.0,-999.0,0,0,0.03697332023479239
PSO J139.6108+35.9467,-999,-999,-999,151131396108566581,3578835000027320,214022515354295,0,16486947537795,15113,1,2038,90,0.874595172586474,3578835,49831,3,268513280,0,32,-999.0,-999.0,-999.0,-999.0,139.61083942,35.94667037,0.016939999535679817,0.016939999535679817,,,,,55250.29357639,-999.0,-0.6166130538494378,0.5245777281922002,0.5870319828656533,130.78233316231055,19.26430088968161,187.99713722494735,44.32959561754955,-999,0,1,0,0,1,0,0,-999.0,-999.0,-999.0,-999.0,0,-999.0,-999.0,-999.0,-999.0,-999.0,0,-999.0,-999.0,-999.0,0,0,-999.0,-999.0,-999.0,-999.0,0,-999.0,-999.0,-999.0,-999.0,-999.0,0,-999.0,-999.0,-999.0,0,0,0.9984139800071716,17.19729995727539,0.007872999645769596,-999.0,1,17.19729995727539,17.19729995727539,17.927000045776367,0.019297000020742416,-999.0,1,17.86639976501465,0.007872999645769596,-999.0,1,16,-999.0,-999.0,-999.0,-999.0,0,-999.0,-999.0,-999.0,-999.0,-999.0,0,-999.0,-999.0,-999.0,0,0,-999.0,-999.0,-999.0,-999.0,0,-999.0,-999.0,-999.0,-999.0,-999.0,0,-999.0,-999.0,-999.0,0,0,0.03790269485967618
PSO J139.6109+35.9471,-999,-999,-999,151131396109297082,3578835000027339,214022515354314,0,16486947537850,15113,1,2038,90,0.0778362081179733,3578835,49831,3,268959744,0,32,-999.0,-999.0,-999.0,-999.0,139.61094627,35.94706441,0.33153000473976135,0.33153000473976135,,,,,57049.43763889,-999.0,-0.6166109571340911,0.5245739622695931,0.5870375504607517,130.78228598188076,19.264701846505666,187.99659765646388,44.329712993456326,-999,0,1,0,0,1,0,0,-999.0,-999.0,-999.0,-999.0,0,-999.0,-999.0,-999.0,-999.0,-999.0,0,-999.0,-999.0,-999.0,0,0,-999.0,-999.0,-999.0,-999.0,0,-999.0,-999.0,-999.0,-999.0,-999.0,0,-999.0,-999.0,-999.0,0,0,0.6670680046081543,22.46419906616211,0.33118799328804016,-999.0,1,22.46419906616211,22.46419906616211,-999.0,-999.0,-999.0,0,23.412500381469727,0.33118799328804016,-999.0,1,4120,-999.0,-999.0,-999.0,-999.0,0,-999.0,-999.0,-999.0,-999.0,-999.0,0,-999.0,-999.0,-999.0,0,0,-999.0,-999.0,-999.0,-999.0,0,-999.0,-999.0,-999.0,-999.0,-999.0,0,-999.0,-999.0,-999.0,0,0,0.03830375629353512
PSO J139.6111+35.9458,-999,-999,-999,151131396110785540,3578835000027371,214022515354346,0,16486947529580,15113,1,2038,90,0.981552682799802,3578835,49831,3,436285440,0,52,139.61109112,35.94580009,0.0010000000474974513,0.0010000000474974513,139.61112505,35.94579701,0.19415999948978424,0.19415999948978424,,,,,57049.43763889,-999.0,-0.6166224843585761,0.524580452335044,0.5870196426112317,130.78286207900788,19.263547945005467,187.99837987531487,44.32975709199785,-999,9,2,0,0,2,0,0,-999.0,-999.0,-999.0,-999.0,0,-999.0,-999.0,-999.0,-999.0,-999.0,0,-999.0,-999.0,-999.0,0,114720,-999.0,-999.0,-999.0,-999.0,0,-999.0,-999.0,-999.0,-999.0,-999.0,0,-999.0,-999.0,-999.0,0,114720,0.6122469902038574,21.96940040588379,0.1935809999704361,-999.0,1,21.96940040588379,21.96940040588379,22.059999465942383,0.3027440011501312,-999.0,1,21.631900787353516,0.1935809999704361,-999.0,1,115256,-999.0,-999.0,-999.0,-999.0,0,-999.0,-999.0,-999.0,-999.0,-999.0,0,-999.0,-999.0,-999.0,0,114720,-999.0,-999.0,-999.0,-999.0,0,-999.0,-999.0,-999.0,-999.0,-999.0,0,-999.0,-999.0,-999.0,0,114720,0.03715219027310131
PSO J139.6113+35.9410,-999,-999,-999,151131396111880362,3578835000027395,214022515354370,0,16486947559816,15112,1,2038,90,0.965276082945313,3578835,49831,3,436527104,7,52,139.61132192,35.94101362,0.0010000000474974513,0.0010000000474974513,139.61132935765818,35.941013287297814,0.0016854697751623763,0.0016951718934390566,-18.406646931727337,-2.2848868150557964,2.7178930585229617,2.6925180316077775,56872.30824632615,2.1154446601867676,-0.6166616830196225,0.5246100095270287,0.5869520479557571,130.7846542277731,19.259067725247096,188.00506797046913,44.32954247231992,-999,10,32,2,6,17,3,4,0.9995740056037903,20.572500228881836,0.017544999718666077,0.02501700073480606,2,20.55270004272461,20.587799072265625,20.77829933166504,0.08870500326156616,0.12843699753284454,2,20.62809944152832,0.006171000190079212,0.008797000162303448,2,115000,0.9987409710884094,19.52280044555664,0.01208299957215786,0.023788999766111374,3,19.506900787353516,19.551799774169922,19.64940071105957,0.013892999850213528,0.0377580001950264,3,19.53510093688965,0.021534999832510948,0.07285100221633911,3,115000,0.9989299774169922,18.402599334716797,0.003918999806046486,0.03105499967932701,12,18.322900772094727,18.451099395751953,18.513099670410156,0.010338000021874905,0.059004999697208405,12,18.427000045776367,0.005181000102311373,0.04640699923038483,12,115000,0.9990190267562866,17.887500762939453,0.008867999538779259,0.013450000435113907,3,17.875600814819336,17.896900177001953,17.990100860595703,0.00773600023239851,0.020114999264478683,3,17.895999908447266,0.008507000282406807,0.021720999851822853,3,115000,0.9991909861564636,17.647300720214844,0.03057200089097023,0.05226000025868416,4,17.627300262451172,17.722299575805664,17.793699264526367,0.017312999814748764,0.07880300283432007,4,17.67289924621582,0.00836899969726801,0.03680599853396416,4,115000,0.03274102826197309
PSO J139.6113+35.9450,-999,-999,-999,151131396112334598,3578835000027418,214022515354393,0,16486947529521,15113,1,2038,90,0.872458826631735,3578835,49831,3,302067712,0,36,-999.0,-999.0,-999.0,-999.0,139.61127145,35.94499629,0.31749001145362854,0.31749001145362854,,,,,55651.26361111,-999.0,-0.6166300731751206,0.5245841924749631,0.587008328613348,130.78325321376607,19.262827622495504,187.99950884317002,44.32981193652402,-999,0,1,0,0,0,0,1,-999.0,-999.0,-999.0,-999.0,0,-999.0,-999.0,-999.0,-999.0,-999.0,0,-999.0,-999.0,-999.0,0,0,-999.0,-999.0,-999.0,-999.0,0,-999.0,-999.0,-999.0,-999.0,-999.0,0,-999.0,-999.0,-999.0,0,0,-999.0,-999.0,-999.0,-999.0,0,-999.0,-999.0,-999.0,-999.0,-999.0,0,-999.0,-999.0,-999.0,0,0,-999.0,-999.0,-999.0,-999.0,0,-999.0,-999.0,-999.0,-999.0,-999.0,0,-999.0,-999.0,-999.0,0,0,0.8515710234642029,20.41860008239746,0.31713101267814636,-999.0,1,20.41860008239746,20.41860008239746,-999.0,-999.0,-999.0,1,21.007600784301758,0.31713101267814636,-999.0,1,280,0.03643815814541559
PSO J139.6113+35.9460,-999,-999,-999,151131396112675880,3578835000027436,214022515354411,0,16486947529307,15113,1,2038,90,0.318020800424759,3578835,49831,3,310456320,0,37,-999.0,-999.0,-999.0,-999.0,139.61134882,35.9460106,0.16120000183582306,0.16120000183582306,,,,,55903.57219907,-999.0,-0.6166228663400114,0.5245766261300278,0.58702266057169,130.78297121364128,19.263808377070283,187.99810224004895,44.32995456782135,-999,0,1,0,0,0,0,1,-999.0,-999.0,-999.0,-999.0,0,-999.0,-999.0,-999.0,-999.0,-999.0,0,-999.0,-999.0,-999.0,0,0,-999.0,-999.0,-999.0,-999.0,0,-999.0,-999.0,-999.0,-999.0,-999.0,0,-999.0,-999.0,-999.0,0,0,-999.0,-999.0,-999.0,-999.0,0,-999.0,-999.0,-999.0,-999.0,-999.0,0,-999.0,-999.0,-999.0,0,0,-999.0,-999.0,-999.0,-999.0,0,-999.0,-999.0,-999.0,-999.0,-999.0,0,-999.0,-999.0,-999.0,0,0,0.0,19.302200317382812,0.16049900650978088,-999.0,1,19.302200317382812,19.302200317382812,17.596500396728516,0.09215500205755234,-999.0,1,18.25029945373535,0.16049900650978088,-999.0,1,16777752,0.037413934109791096
PSO J139.6113+35.9464,-999,-999,-999,151131396113016279,3578835000187185,214022515515783,0,16486947529290,15113,1,2038,90,0.240113089084731,3578835,49831,3,1075314688,0,128,139.6113037,35.94639546,0.0010000000474974513,0.0010000000474974513,139.6113037,35.94639546,0.0010000000474974513,0.0010000000474974513,,,,,55645.52042824,-999.0,-0.6166194499191282,0.5245745567111993,0.5870280985035389,130.78280372181666,19.264161153982272,187.99756186781465,44.32994857647398,-999,1,0,0,0,0,0,0,-999.0,-999.0,-999.0,-999.0,0,-999.0,-999.0,-999.0,-999.0,-999.0,0,-999.0,-999.0,-999.0,0,32,-999.0,-999.0,-999.0,-999.0,0,-999.0,-999.0,-999.0,-999.0,-999.0,0,-999.0,-999.0,-999.0,0,32,-999.0,-999.0,-999.0,-999.0,0,-999.0,-999.0,-999.0,-999.0,-999.0,0,-999.0,-999.0,-999.0,0,32,-999.0,-999.0,-999.0,-999.0,0,-999.0,-999.0,-999.0,-999.0,-999.0,0,-999.0,-999.0,-999.0,0,32,-999.0,-999.0,-999.0,-999.0,0,-999.0,-999.0,-999.0,-999.0,-999.0,0,-999.0,-999.0,-999.0,0,32800,0.03776476984277398
PSO J139.6118+35.9415,-999,-999,-999,151131396118190442,3578835000027572,214022515354547,0,16486947530357,15113,1,2038,90,0.829410721389028,3578835,49831,3,268959744,0,32,-999.0,-999.0,-999.0,-999.0,139.61184023,35.94153027,0.03610000014305115,0.03610000014305115,,,,,55249.26255787,-999.0,-0.6166623267143627,0.524601079406969,0.5869593531891893,130.78489353831915,19.259692743134895,188.00438993634253,44.32999683302215,-999,0,1,0,0,0,0,1,-999.0,-999.0,-999.0,-999.0,0,-999.0,-999.0,-999.0,-999.0,-999.0,0,-999.0,-999.0,-999.0,0,0,-999.0,-999.0,-999.0,-999.0,0,-999.0,-999.0,-999.0,-999.0,-999.0,0,-999.0,-999.0,-999.0,0,0,-999.0,-999.0,-999.0,-999.0,0,-999.0,-999.0,-999.0,-999.0,-999.0,0,-999.0,-999.0,-999.0,0,0,-999.0,-999.0,-999.0,-999.0,0,-999.0,-999.0,-999.0,-999.0,-999.0,0,-999.0,-999.0,-999.0,0,0,0.70803302526474,17.22920036315918,0.032832998782396317,-999.0,1,17.22920036315918,17.22920036315918,-999.0,-999.0,-999.0,0,-999.0,-999.0,-999.0,0,4112,0.033377253794077244
PSO J139.6119+35.9470,-999,-999,-999,151131396118607010,3578835000027588,214022515354563,0,16486947537348,15113,1,2038,90,0.469030878012097,3578835,49831,3,268959744,0,32,-999.0,-999.0,-999.0,-999.0,139.61187789,35.94700324,0.22010000050067902,0.22010000050067902,,,,,57049.41266204,-999.0,-0.6166199639034944,0.5245643423050775,0.5870366861599833,130.78306345270101,19.264885970454262,187.9967662299747,44.330460002252686,-999,0,1,0,0,1,0,0,-999.0,-999.0,-999.0,-999.0,0,-999.0,-999.0,-999.0,-999.0,-999.0,0,-999.0,-999.0,-999.0,0,0,-999.0,-999.0,-999.0,-999.0,0,-999.0,-999.0,-999.0,-999.0,-999.0,0,-999.0,-999.0,-999.0,0,0,0.6548190116882324,22.031299591064453,0.21959300339221954,-999.0,1,22.031299591064453,22.031299591064453,-999.0,-999.0,-999.0,0,22.104900360107422,0.21959300339221954,-999.0,1,4120,-999.0,-999.0,-999.0,-999.0,0,-999.0,-999.0,-999.0,-999.0,-999.0,0,-999.0,-999.0,-999.0,0,0,-999.0,-999.0,-999.0,-999.0,0,-999.0,-999.0,-999.0,-999.0,-999.0,0,-999.0,-999.0,-999.0,0,0,0.038492727696087276
PSO J139.6120+35.9442,-999,-999,-999,151131396119383718,3578835000027608,214022515354583,0,16486947532421,15113,1,2038,90,0.934517943239322,3578835,49831,3,310456320,0,37,-999.0,-999.0,-999.0,-999.0,139.6120182,35.944212,0.15187999606132507,0.15187999606132507,,,,,55903.57219907,-999.0,-0.616643030327539,0.5245813621984877,0.5869972466566167,130.78412638420428,19.26227885052212,188.0006686466605,44.33035258630897,-999,0,1,0,0,0,0,1,-999.0,-999.0,-999.0,-999.0,0,-999.0,-999.0,-999.0,-999.0,-999.0,0,-999.0,-999.0,-999.0,0,0,-999.0,-999.0,-999.0,-999.0,0,-999.0,-999.0,-999.0,-999.0,-999.0,0,-999.0,-999.0,-999.0,0,0,-999.0,-999.0,-999.0,-999.0,0,-999.0,-999.0,-999.0,-999.0,-999.0,0,-999.0,-999.0,-999.0,0,0,-999.0,-999.0,-999.0,-999.0,0,-999.0,-999.0,-999.0,-999.0,-999.0,0,-999.0,-999.0,-999.0,0,0,0.0,19.412500381469727,0.1511330008506775,-999.0,1,19.412500381469727,19.412500381469727,17.683000564575195,0.08573500066995621,-999.0,1,18.451200485229492,0.1511330008506775,-999.0,1,16777752,0.03591736298812326
PSO J139.6121+35.9416,-999,-999,-999,151131396120490474,3578835000027634,214022515354609,0,16486947530361,15113,1,2038,90,0.239493213817005,3578835,49831,3,268513280,0,32,-999.0,-999.0,-999.0,-999.0,139.61207494,35.94155277,0.024569999426603317,0.024569999426603317,,,,,55249.26255787,-999.0,-0.6166643001528381,0.5245984039149585,0.5869596711247616,130.78507653152306,19.259775039199074,188.00437959893677,44.33018804255374,-999,0,1,0,0,0,0,1,-999.0,-999.0,-999.0,-999.0,0,-999.0,-999.0,-999.0,-999.0,-999.0,0,-999.0,-999.0,-999.0,0,0,-999.0,-999.0,-999.0,-999.0,0,-999.0,-999.0,-999.0,-999.0,-999.0,0,-999.0,-999.0,-999.0,0,0,-999.0,-999.0,-999.0,-999.0,0,-999.0,-999.0,-999.0,-999.0,-999.0,0,-999.0,-999.0,-999.0,0,0,-999.0,-999.0,-999.0,-999.0,0,-999.0,-999.0,-999.0,-999.0,-999.0,0,-999.0,-999.0,-999.0,0,0,0.9975000023841858,16.79010009765625,0.01945899985730648,-999.0,1,16.79010009765625,16.79010009765625,17.708900451660156,0.06158899888396263,-999.0,1,17.354299545288086,0.01945899985730648,-999.0,1,16,0.033471919573781275
PSO J139.6122+35.9428,-999,-999,-999,151131396121712033,3578835000027662,214022515354637,0,16486947532387,15113,1,2038,90,0.866746199193174,3578835,49831,3,302067712,0,36,-999.0,-999.0,-999.0,-999.0,139.61217732,35.9428497,0.193900004029274,0.193900004029274,,,,,56759.31069444,-999.0,-0.6166551175696653,0.5245886929545709,0.5869779972020734,130.78471877325353,19.261029962863432,188.00258137978008,44.33037326769997,-999,0,1,0,0,1,0,0,-999.0,-999.0,-999.0,-999.0,0,-999.0,-999.0,-999.0,-999.0,-999.0,0,-999.0,-999.0,-999.0,0,0,-999.0,-999.0,-999.0,-999.0,0,-999.0,-999.0,-999.0,-999.0,-999.0,0,-999.0,-999.0,-999.0,0,0,0.9555379748344421,16.82080078125,0.19332200288772583,-999.0,1,16.82080078125,16.82080078125,-999.0,-999.0,-999.0,1,16.544099807739258,0.19332200288772583,-999.0,1,272,-999.0,-999.0,-999.0,-999.0,0,-999.0,-999.0,-999.0,-999.0,-999.0,0,-999.0,-999.0,-999.0,0,0,-999.0,-999.0,-999.0,-999.0,0,-999.0,-999.0,-999.0,-999.0,-999.0,0,-999.0,-999.0,-999.0,0,0,0.034700508651281756
PSO J139.6123+35.9473,-999,-999,-999,151131396122607426,3578835000027687,214022515354662,0,16486947537380,15113,1,2038,90,0.909013513390919,3578835,49831,3,302067712,0,36,-999.0,-999.0,-999.0,-999.0,139.61227626,35.94734477,0.20196999609470367,0.20196999609470367,,,,,57049.45013889,-999.0,-0.6166209458270437,0.5245577876615182,0.5870415117953889,130.78327089756212,19.265312939679177,187.99632590005822,44.33080848655998,-999,0,1,0,0,1,0,0,-999.0,-999.0,-999.0,-999.0,0,-999.0,-999.0,-999.0,-999.0,-999.0,0,-999.0,-999.0,-999.0,0,0,-999.0,-999.0,-999.0,-999.0,0,-999.0,-999.0,-999.0,-999.0,-999.0,0,-999.0,-999.0,-999.0,0,0,0.3070729970932007,22.176799774169922,0.20141500234603882,-999.0,1,22.176799774169922,22.176799774169922,-999.0,-999.0,-999.0,1,22.20789909362793,0.20141500234603882,-999.0,1,536,-999.0,-999.0,-999.0,-999.0,0,-999.0,-999.0,-999.0,-999.0,-999.0,0,-999.0,-999.0,-999.0,0,0,-999.0,-999.0,-999.0,-999.0,0,-999.0,-999.0,-999.0,-999.0,-999.0,0,-999.0,-999.0,-999.0,0,0,0.03892326072487427
PSO J139.6123+35.9444,-999,-999,-999,151131396122873855,3578835000027693,214022515354668,0,16486947532550,15113,1,2038,90,0.824984473013305,3578835,49831,3,1384198144,0,165,139.61207981,35.94437115,0.0010000000474974513,0.0010000000474974513,139.61230144,35.94437196,0.16457000374794006,0.16457000374794006,,,,,55901.65012731,-999.0,-0.6166443753363792,0.524577251965196,0.5869995068879106,130.78430205742197,19.26250394336834,188.00047107478161,44.3305938244069,-999,2,1,0,0,0,1,0,-999.0,-999.0,-999.0,-999.0,0,-999.0,-999.0,-999.0,-999.0,-999.0,0,-999.0,-999.0,-999.0,0,16416,-999.0,-999.0,-999.0,-999.0,0,-999.0,-999.0,-999.0,-999.0,-999.0,0,-999.0,-999.0,-999.0,0,16416,-999.0,-999.0,-999.0,-999.0,0,-999.0,-999.0,-999.0,-999.0,-999.0,0,-999.0,-999.0,-999.0,0,16416,0.05925099924206734,21.16819953918457,0.16389000415802002,-999.0,1,21.16819953918457,21.16819953918457,20.243999481201172,0.1679210066795349,-999.0,1,20.464399337768555,0.16389000415802002,-999.0,1,16794168,-999.0,-999.0,-999.0,-999.0,0,-999.0,-999.0,-999.0,-999.0,-999.0,0,-999.0,-999.0,-999.0,0,114720,0.036150062625203774
PSO J139.6133+35.9455,-999,-999,-999,151131396133455250,3578835000187220,214022515515818,0,16486947532052,15113,1,2038,90,0.553141868257096,3578835,49831,3,1343750144,0,160,139.6133438,35.94553837,0.0010000000474974513,0.0010000000474974513,139.6133438,35.94553837,0.0010000000474974513,0.0010000000474974513,,,,,55645.59987269,-999.0,-0.6166448163845518,0.5245582905113441,0.5870159880973249,130.78475212832018,19.263879487149346,187.99893881453352,44.33152726861335,-999,1,0,0,0,0,0,0,-999.0,-999.0,-999.0,-999.0,0,-999.0,-999.0,-999.0,-999.0,-999.0,0,-999.0,-999.0,-999.0,0,16416,-999.0,-999.0,-999.0,-999.0,0,-999.0,-999.0,-999.0,-999.0,-999.0,0,-999.0,-999.0,-999.0,0,16416,-999.0,-999.0,-999.0,-999.0,0,-999.0,-999.0,-999.0,-999.0,-999.0,0,-999.0,-999.0,-999.0,0,16416,-999.0,-999.0,-999.0,-999.0,0,-999.0,-999.0,-999.0,-999.0,-999.0,0,-999.0,-999.0,-999.0,0,16416,-999.0,-999.0,-999.0,-999.0,0,-999.0,-999.0,-999.0,-999.0,-999.0,0,-999.0,-999.0,-999.0,0,114720,0.0375466554179377
PSO J139.6134+35.9444,-999,-999,-999,151131396133813851,3578835000027956,214022515354931,0,16486947532754,15113,1,2038,90,0.756712128181674,3578835,49831,3,268959744,0,32,-999.0,-999.0,-999.0,-999.0,139.61339884,35.94438046,0.2924799919128418,0.2924799919128418,,,,,55250.26314815,-999.0,-0.6166543562486185,0.5245653847044759,0.5869996269925962,130.78519050779363,19.262797137294513,188.00055742910706,44.33148015625504,-999,0,1,0,0,0,0,1,-999.0,-999.0,-999.0,-999.0,0,-999.0,-999.0,-999.0,-999.0,-999.0,0,-999.0,-999.0,-999.0,0,0,-999.0,-999.0,-999.0,-999.0,0,-999.0,-999.0,-999.0,-999.0,-999.0,0,-999.0,-999.0,-999.0,0,0,-999.0,-999.0,-999.0,-999.0,0,-999.0,-999.0,-999.0,-999.0,-999.0,0,-999.0,-999.0,-999.0,0,0,-999.0,-999.0,-999.0,-999.0,0,-999.0,-999.0,-999.0,-999.0,-999.0,0,-999.0,-999.0,-999.0,0,0,0.8188480138778687,19.63330078125,0.2920910120010376,-999.0,1,19.63330078125,19.63330078125,-999.0,-999.0,-999.0,0,19.898500442504883,0.2920910120010376,-999.0,1,4112,0.036493732320307316
PSO J139.6135+35.9439,-999,-999,-999,151131396134503300,3578835000027966,214022515354941,0,16486947532746,15113,1,2038,90,0.566935882500313,3578835,49831,3,310456320,0,37,-999.0,-999.0,-999.0,-999.0,139.61352919,35.94386537,0.15431000292301178,0.15431000292301178,,,,,55903.57219907,-999.0,-0.6166595691765407,0.5245674010386611,0.5869923487666152,130.78547150465033,19.262343167695906,188.00128693405017,44.33154463144192,-999,0,1,0,0,0,0,1,-999.0,-999.0,-999.0,-999.0,0,-999.0,-999.0,-999.0,-999.0,-999.0,0,-999.0,-999.0,-999.0,0,0,-999.0,-999.0,-999.0,-999.0,0,-999.0,-999.0,-999.0,-999.0,-999.0,0,-999.0,-999.0,-999.0,0,0,-999.0,-999.0,-999.0,-999.0,0,-999.0,-999.0,-999.0,-999.0,-999.0,0,-999.0,-999.0,-999.0,0,0,-999.0,-999.0,-999.0,-999.0,0,-999.0,-999.0,-999.0,-999.0,-999.0,0,-999.0,-999.0,-999.0,0,0,0.0,19.552799224853516,0.15357999503612518,-999.0,1,19.552799224853516,19.552799224853516,18.093700408935547,0.10400599986314774,-999.0,1,18.624900817871094,0.15357999503612518,-999.0,1,16777752,0.036061283592635114
PSO J139.6136+35.9428,-999,-999,-999,151131396134941852,3578835000027979,214022515354954,0,16486947531905,15113,1,2038,90,0.707770279336507,3578835,49831,3,436285440,0,52,139.61360466,35.94286529,0.0010000000474974513,0.0010000000474974513,139.61356394,35.94280344,0.12313000112771988,0.12313000112771988,,,,,55590.91091435,5.220699787139893,-0.6166681739849079,0.5245740761495661,0.5869773435371662,130.78586076680432,19.26134644734736,188.00276997172412,44.33148870423677,-999,8,2,0,1,0,0,1,-999.0,-999.0,-999.0,-999.0,0,-999.0,-999.0,-999.0,-999.0,-999.0,0,-999.0,-999.0,-999.0,0,114720,0.9992139935493469,21.807300567626953,0.17486299574375153,-999.0,1,21.807300567626953,21.807300567626953,-999.0,-999.0,-999.0,1,22.847000122070312,0.17486299574375153,-999.0,1,115000,-999.0,-999.0,-999.0,-999.0,0,-999.0,-999.0,-999.0,-999.0,-999.0,0,-999.0,-999.0,-999.0,0,114720,-999.0,-999.0,-999.0,-999.0,0,-999.0,-999.0,-999.0,-999.0,-999.0,0,-999.0,-999.0,-999.0,0,16416,0.013697000220417976,19.70159912109375,0.1721320003271103,-999.0,1,19.70159912109375,19.70159912109375,18.35569953918457,0.13064099848270416,-999.0,1,18.847000122070312,0.1721320003271103,-999.0,1,16892472,0.035100119667447444
PSO J139.6141+35.9462,-999,-999,-999,151131396140536057,3578835000028096,214022515355071,0,16486947531070,15113,1,2038,90,0.149406957579224,3578835,49831,3,310456320,0,37,-999.0,-999.0,-999.0,-999.0,139.61413665,35.94616722,0.1639000028371811,0.1639000028371811,,,,,55903.57219907,-999.0,-0.6166471675777364,0.5245455829019477,0.5870248735585325,130.78518229223596,19.264681078932615,187.99813334530575,44.332216828876064,-999,0,1,0,0,0,0,1,-999.0,-999.0,-999.0,-999.0,0,-999.0,-999.0,-999.0,-999.0,-999.0,0,-999.0,-999.0,-999.0,0,0,-999.0,-999.0,-999.0,-999.0,0,-999.0,-999.0,-999.0,-999.0,-999.0,0,-999.0,-999.0,-999.0,0,0,-999.0,-999.0,-999.0,-999.0,0,-999.0,-999.0,-999.0,-999.0,-999.0,0,-999.0,-999.0,-999.0,0,0,-999.0,-999.0,-999.0,-999.0,0,-999.0,-999.0,-999.0,-999.0,-999.0,0,-999.0,-999.0,-999.0,0,0,0.0,19.492300033569336,0.16321399807929993,-999.0,1,19.492300033569336,19.492300033569336,17.50429916381836,0.07458499819040298,-999.0,1,18.456499099731445,0.16321399807929993,-999.0,1,16777752,0.03837248572612373
PSO J139.6142+35.9448,-999,-999,-999,151131396141584363,3578835000028115,214022515355090,0,16486947532220,15113,1,2038,90,0.621647439544692,3578835,49831,3,302067712,0,36,-999.0,-999.0,-999.0,-999.0,139.6141831,35.9447906,0.16021999716758728,0.16021999716758728,,,,,55576.50894676,-999.0,-0.6166583357899459,0.5245542213740035,0.5870054222402782,130.78568806259722,19.26338936034035,188.00005601446935,44.332145516873545,-999,0,1,0,0,1,0,0,-999.0,-999.0,-999.0,-999.0,0,-999.0,-999.0,-999.0,-999.0,-999.0,0,-999.0,-999.0,-999.0,0,0,-999.0,-999.0,-999.0,-999.0,0,-999.0,-999.0,-999.0,-999.0,-999.0,0,-999.0,-999.0,-999.0,0,0,0.16076500713825226,20.870100021362305,0.15951600670814514,-999.0,1,20.870100021362305,20.870100021362305,20.63759994506836,0.23014900088310242,-999.0,1,20.563800811767578,0.15951600670814514,-999.0,1,536,-999.0,-999.0,-999.0,-999.0,0,-999.0,-999.0,-999.0,-999.0,-999.0,0,-999.0,-999.0,-999.0,0,0,-999.0,-999.0,-999.0,-999.0,0,-999.0,-999.0,-999.0,-999.0,-999.0,0,-999.0,-999.0,-999.0,0,0,0.03712070497801869
PSO J139.6147+35.9447,-999,-999,-999,151131396146914246,3578835000187234,214022515515832,0,16486947531075,15113,1,2038,90,0.37271609657697,3578835,49831,3,1075314688,0,128,139.61469298,35.94470137,0.0010000000474974513,0.0010000000474974513,139.61469298,35.94470137,0.0010000000474974513,0.0010000000474974513,,,,,55675.12987269,-999.0,-0.6166637001501291,0.5245493259756511,0.5870041614295778,130.78613253818483,19.263437339276315,188.0002259843773,44.332549962690855,-999,1,0,0,0,0,0,0,-999.0,-999.0,-999.0,-999.0,0,-999.0,-999.0,-999.0,-999.0,-999.0,0,-999.0,-999.0,-999.0,0,32,-999.0,-999.0,-999.0,-999.0,0,-999.0,-999.0,-999.0,-999.0,-999.0,0,-999.0,-999.0,-999.0,0,32,-999.0,-999.0,-999.0,-999.0,0,-999.0,-999.0,-999.0,-999.0,-999.0,0,-999.0,-999.0,-999.0,0,32,-999.0,-999.0,-999.0,-999.0,0,-999.0,-999.0,-999.0,-999.0,-999.0,0,-999.0,-999.0,-999.0,0,32,-999.0,-999.0,-999.0,-999.0,0,-999.0,-999.0,-999.0,-999.0,-999.0,0,-999.0,-999.0,-999.0,0,32800,0.037205856928461706
PSO J139.6159+35.9418,-999,-999,-999,151131396160780929,3578835000028548,214022515355523,0,16486947534384,15113,1,2038,90,0.488958450489639,3578835,49831,3,302067712,0,36,-999.0,-999.0,-999.0,-999.0,139.61585561,35.94179088,0.1539900004863739,0.1539900004863739,,,,,56759.29760417,-999.0,-0.6166970564543448,0.5245561316509173,0.5869630357253958,130.78806641116745,19.26098294131901,188.00438624189002,44.33325817329431,-999,0,2,0,1,1,0,0,-999.0,-999.0,-999.0,-999.0,0,-999.0,-999.0,-999.0,-999.0,-999.0,0,-999.0,-999.0,-999.0,0,0,0.7330229878425598,21.80900001525879,0.20515500009059906,-999.0,1,21.80900001525879,21.80900001525879,-999.0,-999.0,-999.0,0,21.486600875854492,0.20515500009059906,-999.0,1,4120,0.9925529956817627,20.042200088500977,0.15325599908828735,-999.0,1,20.042200088500977,20.042200088500977,19.774700164794922,0.2428320050239563,-999.0,1,19.78890037536621,0.15325599908828735,-999.0,1,1040,-999.0,-999.0,-999.0,-999.0,0,-999.0,-999.0,-999.0,-999.0,-999.0,0,-999.0,-999.0,-999.0,0,0,-999.0,-999.0,-999.0,-999.0,0,-999.0,-999.0,-999.0,-999.0,-999.0,0,-999.0,-999.0,-999.0,0,0,0.034995227087731895
PSO J139.6180+35.9448,-999,-999,-999,151131396179994326,3578835000028966,214022515355941,0,16486947532926,15113,1,2038,90,0.667997662600128,3578835,49831,3,302067712,0,36,-999.0,-999.0,-999.0,-999.0,139.61802939,35.94477299,0.18073000013828278,0.18073000013828278,,,,,55249.32226852,-999.0,-0.6166936853796358,0.5245129405451943,0.5870051734129065,130.788818106098,19.2643721358848,188.00042459408,44.33524827762188,-999,0,1,0,1,0,0,0,-999.0,-999.0,-999.0,-999.0,0,-999.0,-999.0,-999.0,-999.0,-999.0,0,-999.0,-999.0,-999.0,0,0,0.08381099998950958,21.682100296020508,0.18010400235652924,-999.0,1,21.682100296020508,21.682100296020508,-999.0,-999.0,-999.0,1,24.7992000579834,0.18010400235652924,-999.0,1,536,-999.0,-999.0,-999.0,-999.0,0,-999.0,-999.0,-999.0,-999.0,-999.0,0,-999.0,-999.0,-999.0,0,0,-999.0,-999.0,-999.0,-999.0,0,-999.0,-999.0,-999.0,-999.0,-999.0,0,-999.0,-999.0,-999.0,0,0,-999.0,-999.0,-999.0,-999.0,0,-999.0,-999.0,-999.0,-999.0,-999.0,0,-999.0,-999.0,-999.0,0,0,0.03845347943550699
PSO J139.5984+35.9495,-999,-999,-999,151141395984110003,3578835000024062,214022515351037,0,16486947582871,15113,1,2038,90,0.890497805448713,3578835,49831,3,268959744,0,32,-999.0,-999.0,-999.0,-999.0,139.59841757,35.94948116,0.3036099970340729,0.3036099970340729,,,,,55651.26361111,-999.0,-0.6164773784937353,0.524692732900455,0.587071697364933,130.77128851416856,19.263735893635438,187.99210894455038,44.319793274824136,-999,0,1,0,0,0,0,1,-999.0,-999.0,-999.0,-999.0,0,-999.0,-999.0,-999.0,-999.0,-999.0,0,-999.0,-999.0,-999.0,0,0,-999.0,-999.0,-999.0,-999.0,0,-999.0,-999.0,-999.0,-999.0,-999.0,0,-999.0,-999.0,-999.0,0,0,-999.0,-999.0,-999.0,-999.0,0,-999.0,-999.0,-999.0,-999.0,-999.0,0,-999.0,-999.0,-999.0,0,0,-999.0,-999.0,-999.0,-999.0,0,-999.0,-999.0,-999.0,-999.0,-999.0,0,-999.0,-999.0,-999.0,0,0,0.6193100214004517,20.2721004486084,0.30323898792266846,-999.0,1,20.2721004486084,20.2721004486084,-999.0,-999.0,-999.0,0,20.909700393676758,0.30323898792266846,-999.0,1,4120,0.03878477127316874
PSO J139.5709+35.8811,-999,-999,-999,151051395707168107,3578835000017192,214022515344167,0,16486949096298,15105,1,2038,90,0.706975993427426,3578835,49831,3,436285440,7,52,139.57088722,35.88106255,0.0010000000474974513,0.0010000000474974513,139.57086429884896,35.881055215066496,0.04775110456815272,0.04775110456815272,61.032987760933246,43.9612692082204,47.46909616361827,47.46909616361827,55769.887665890164,12.523468971252441,-0.6167582402355264,0.5254434368949888,0.5861044853313773,130.77214882896013,19.191764406903946,188.08493761666946,44.29208768803111,-999,4,7,0,2,2,3,0,-999.0,-999.0,-999.0,-999.0,0,-999.0,-999.0,-999.0,-999.0,-999.0,0,-999.0,-999.0,-999.0,0,16416,0.9976649880409241,21.7406005859375,0.18906299769878387,-999.0,1,21.7406005859375,21.7406005859375,20.858800888061523,0.19698800146579742,-999.0,1,20.78809928894043,0.18906299769878387,-999.0,1,16892216,0.998803973197937,21.119300842285156,0.17236100137233734,-999.0,1,21.119300842285156,21.119300842285156,20.8572998046875,0.26528099179267883,-999.0,1,20.804500579833984,0.17236100137233734,-999.0,1,115000,0.9982969760894775,20.99370002746582,0.16162200272083282,0.22892700135707855,2,20.822999954223633,21.14620018005371,20.692800521850586,0.047019001096487045,0.07015399634838104,2,20.5447998046875,0.058504000306129456,0.08284900337457657,2,115000,-999.0,-999.0,-999.0,-999.0,0,-999.0,-999.0,-999.0,-999.0,-999.0,0,-999.0,-999.0,-999.0,0,114720,0.03595969412147226
PSO J139.5702+35.8822,-999,-999,-999,151051395702149287,3578835000017095,214022515344070,0,16486949106811,15105,1,2038,90,0.743946414202402,3578835,49831,3,436527104,7,52,139.57021917,35.88220017,0.0010000000474974513,0.0010000000474974513,139.5702459897856,35.882227965908406,0.022025897846170078,0.022025897846170078,1.4474964160437607,-30.46418570932658,12.48757023404599,12.48757023404599,56141.4055299916,4.778463840484619,-0.6167434379011153,0.5254423125404901,0.5861210694029135,130.77124860381474,19.192718281252017,188.0832436925316,44.29168450885495,-999,3,22,0,3,13,6,0,-999.0,-999.0,-999.0,-999.0,0,-999.0,-999.0,-999.0,-999.0,-999.0,0,-999.0,-999.0,-999.0,0,16416,0.9988189935684204,21.993099212646484,0.01563500054180622,0.022112000733613968,2,21.977399826049805,22.00860023498535,21.931100845336914,0.26691699028015137,0.3931240141391754,2,21.782100677490234,0.10484900325536728,0.14827999472618103,2,115000,0.9994469881057739,21.364700317382812,0.07753899693489075,0.261696994304657,9,21.037500381469727,21.753999710083008,21.074100494384766,0.0961180031299591,0.26902100443840027,9,21.039400100708008,0.04331300035119057,0.13830099999904633,9,115000,0.9996979832649231,21.030899047851562,0.05873100087046623,0.16523799300193787,6,20.854799270629883,21.27079963684082,20.730499267578125,0.13777799904346466,0.3485099971294403,6,20.7362003326416,0.17535999417304993,0.46372801065444946,6,115000,-999.0,-999.0,-999.0,-999.0,0,-999.0,-999.0,-999.0,-999.0,-999.0,0,-999.0,-999.0,-999.0,0,16416,0.03529004178821603
PSO J139.5693+35.8818,-999,-999,-999,151051395692428720,3578835000016877,214022515343852,0,16486949095459,15105,1,2038,90,0.691617438282461,3578835,49831,3,268959744,0,32,-999.0,-999.0,-999.0,-999.0,139.56925544,35.88177824,0.24327999353408813,0.24327999353408813,,,,,56759.29760417,-999.0,-0.6167378556742312,0.5254559585325174,0.586114709780453,130.77059493774587,19.192034706019484,188.08377929787883,44.29084701655708,-999,0,1,0,0,1,0,0,-999.0,-999.0,-999.0,-999.0,0,-999.0,-999.0,-999.0,-999.0,-999.0,0,-999.0,-999.0,-999.0,0,0,-999.0,-999.0,-999.0,-999.0,0,-999.0,-999.0,-999.0,-999.0,-999.0,0,-999.0,-999.0,-999.0,0,0,0.7645800113677979,20.405000686645508,0.24282099306583405,-999.0,1,20.405000686645508,20.405000686645508,-999.0,-999.0,-999.0,0,20.748600006103516,0.24282099306583405,-999.0,1,4112,-999.0,-999.0,-999.0,-999.0,0,-999.0,-999.0,-999.0,-999.0,-999.0,0,-999.0,-999.0,-999.0,0,0,-999.0,-999.0,-999.0,-999.0,0,-999.0,-999.0,-999.0,-999.0,-999.0,0,-999.0,-999.0,-999.0,0,0,0.03612812585857152
PSO J139.5689+35.8787,-999,-999,-999,151051395688245026,3578835000016788,214022515343763,0,16486949127848,15105,1,2038,90,0.728315857917365,3578835,49831,3,268959744,0,32,-999.0,-999.0,-999.0,-999.0,139.56885538,35.87868705,0.1965699940919876,0.1965699940919876,,,,,55249.29138889,-999.0,-0.6167582558549517,0.5254807718056576,0.5860709959529548,130.771319178518,19.189002763272715,188.08804725373236,44.29027493150386,-999,0,1,0,0,1,0,0,-999.0,-999.0,-999.0,-999.0,0,-999.0,-999.0,-999.0,-999.0,-999.0,0,-999.0,-999.0,-999.0,0,0,-999.0,-999.0,-999.0,-999.0,0,-999.0,-999.0,-999.0,-999.0,-999.0,0,-999.0,-999.0,-999.0,0,0,0.7603729963302612,20.862300872802734,0.19599999487400055,-999.0,1,20.862300872802734,20.862300872802734,-999.0,-999.0,-999.0,0,21.997900009155273,0.19599999487400055,-999.0,1,4120,-999.0,-999.0,-999.0,-999.0,0,-999.0,-999.0,-999.0,-999.0,-999.0,0,-999.0,-999.0,-999.0,0,0,-999.0,-999.0,-999.0,-999.0,0,-999.0,-999.0,-999.0,-999.0,-999.0,0,-999.0,-999.0,-999.0,0,0,0.038833299885438356
PSO J139.5686+35.8804,-999,-999,-999,151051395685177174,3578835000016705,214022515343680,0,16486949127346,15105,1,2038,90,0.230945851868899,3578835,49831,3,436527232,7,52,139.56854254,35.88043975,0.0010000000474974513,0.0010000000474974513,139.56856649289875,35.88045518881079,0.010191602284667218,0.010191602284667218,-30.39682069089639,-9.350089796945639,5.926643730701476,5.926643730701476,55816.07583065301,6.422202110290527,-0.6167418392688967,0.5254721517735278,0.5860960001618482,130.7704891697977,19.190595734989433,188.08557013051228,44.290185679873204,-999,5,67,3,28,25,11,0,0.9992380142211914,21.991300582885742,0.04125899821519852,0.09285400062799454,3,21.8981990814209,22.08209991455078,21.564300537109375,0.09868200123310089,0.23885099589824677,3,21.46820068359375,0.040460001677274704,0.09757000207901001,3,16892216,0.9996600151062012,21.61520004272461,0.0229909997433424,0.14666900038719177,24,21.348400115966797,21.929000854492188,21.140600204467773,0.05481800064444542,0.3330270051956177,25,21.118000030517578,0.04635399952530861,0.25813400745391846,25,16892216,0.999675989151001,21.138399124145508,0.03707699850201607,0.17200499773025513,20,20.75909996032715,21.373899459838867,20.95549964904785,0.06400100141763687,0.26048099994659424,19,20.890899658203125,0.05957400053739548,0.3174999952316284,20,115000,0.9993739724159241,20.819799423217773,0.07778999954462051,0.31292399764060974,10,20.298900604248047,21.153200149536133,20.696300506591797,0.037105999886989594,0.1701190024614334,10,20.58060073852539,0.06905999779701233,0.24938799440860748,10,115000,-999.0,-999.0,-999.0,-999.0,0,-999.0,-999.0,-999.0,-999.0,-999.0,0,-999.0,-999.0,-999.0,0,114720,0.03752420893278099
PSO J139.5653+35.8820,-999,-999,-999,151051395653249060,3578835000015963,214022515342938,0,16486949132864,15105,1,2038,90,0.155374352964921,3578835,49831,3,268959744,0,32,-999.0,-999.0,-999.0,-999.0,139.56533818,35.88203706,0.18723000586032867,0.18723000586032867,,,,,55250.34751157,-999.0,-0.6166999140479903,0.5254964058984736,0.5861183697863325,130.76732382432905,19.191262346235618,188.0830618138275,44.2877043020002,-999,0,1,1,0,0,0,0,0.3482989966869354,20.257299423217773,0.18662799894809723,-999.0,1,20.257299423217773,20.257299423217773,20.87700080871582,0.1614460051059723,-999.0,1,20.3169002532959,0.18662799894809723,-999.0,1,4112,-999.0,-999.0,-999.0,-999.0,0,-999.0,-999.0,-999.0,-999.0,-999.0,0,-999.0,-999.0,-999.0,0,0,-999.0,-999.0,-999.0,-999.0,0,-999.0,-999.0,-999.0,-999.0,-999.0,0,-999.0,-999.0,-999.0,0,0,-999.0,-999.0,-999.0,-999.0,0,-999.0,-999.0,-999.0,-999.0,-999.0,0,-999.0,-999.0,-999.0,0,0,-999.0,-999.0,-999.0,-999.0,0,-999.0,-999.0,-999.0,-999.0,-999.0,0,-999.0,-999.0,-999.0,0,0,0.03791260268454482
PSO J139.5652+35.8811,-999,-999,-999,151051395651407868,3578835000015912,214022515342887,0,16486949141465,15105,1,2038,90,0.497344527856768,3578835,49831,3,268959744,0,32,-999.0,-999.0,-999.0,-999.0,139.56515229,35.88106966,0.21848000586032867,0.21848000586032867,,,,,56759.29760417,-999.0,-0.6167057414787767,0.5255048251487684,0.5861046896011621,130.7675011436758,19.19029772064346,188.08439188296018,44.28747624286604,-999,0,1,0,0,1,0,0,-999.0,-999.0,-999.0,-999.0,0,-999.0,-999.0,-999.0,-999.0,-999.0,0,-999.0,-999.0,-999.0,0,0,-999.0,-999.0,-999.0,-999.0,0,-999.0,-999.0,-999.0,-999.0,-999.0,0,-999.0,-999.0,-999.0,0,0,0.7895140051841736,20.311399459838867,0.21796700358390808,-999.0,1,20.311399459838867,20.311399459838867,-999.0,-999.0,-999.0,1,20.474899291992188,0.21796700358390808,-999.0,1,4112,-999.0,-999.0,-999.0,-999.0,0,-999.0,-999.0,-999.0,-999.0,-999.0,0,-999.0,-999.0,-999.0,0,0,-999.0,-999.0,-999.0,-999.0,0,-999.0,-999.0,-999.0,-999.0,-999.0,0,-999.0,-999.0,-999.0,0,0,0.03874714944142161
PSO J139.6089+35.8744,-999,-999,-999,151041396088959904,3578835000026747,214022515353722,0,16486948244924,15104,1,2038,90,0.860500231255312,3578835,49831,3,268959744,0,32,-999.0,-999.0,-999.0,-999.0,139.60893594,35.87439907,0.22996999323368073,0.22996999323368073,,,,,55903.57219907,-999.0,-0.6171591032256816,0.5250776182186699,0.5860103549865661,130.805346723004,19.19535637817305,188.09767002602297,44.322301367807796,-999,0,1,0,0,0,0,1,-999.0,-999.0,-999.0,-999.0,0,-999.0,-999.0,-999.0,-999.0,-999.0,0,-999.0,-999.0,-999.0,0,0,-999.0,-999.0,-999.0,-999.0,0,-999.0,-999.0,-999.0,-999.0,-999.0,0,-999.0,-999.0,-999.0,0,0,-999.0,-999.0,-999.0,-999.0,0,-999.0,-999.0,-999.0,-999.0,-999.0,0,-999.0,-999.0,-999.0,0,0,-999.0,-999.0,-999.0,-999.0,0,-999.0,-999.0,-999.0,-999.0,-999.0,0,-999.0,-999.0,-999.0,0,0,0.6925020217895508,20.063800811767578,0.22947700321674347,-999.0,1,20.063800811767578,20.063800811767578,-999.0,-999.0,-999.0,0,20.234399795532227,0.22947700321674347,-999.0,1,4120,0.037853894385713134
PSO J139.6083+35.8743,-999,-999,-999,151041396083069774,3578835000026527,214022515353502,0,16486948243791,15104,1,2038,90,0.839577433503771,3578835,49831,3,310456320,0,37,-999.0,-999.0,-999.0,-999.0,139.60833753,35.87431835,0.17490999400615692,0.17490999400615692,,,,,56678.54153935,-999.0,-0.6171542479581197,0.5250845989269668,0.5860092134062007,130.80488783898465,19.195124372074616,188.09772807264108,44.32181155831181,-999,0,1,0,1,0,0,0,-999.0,-999.0,-999.0,-999.0,0,-999.0,-999.0,-999.0,-999.0,-999.0,0,-999.0,-999.0,-999.0,0,0,0.0724639967083931,21.992900848388672,0.17426499724388123,-999.0,1,21.992900848388672,21.992900848388672,21.11210060119629,0.18876799941062927,-999.0,1,21.225200653076172,0.17426499724388123,-999.0,1,16777752,-999.0,-999.0,-999.0,-999.0,0,-999.0,-999.0,-999.0,-999.0,-999.0,0,-999.0,-999.0,-999.0,0,0,-999.0,-999.0,-999.0,-999.0,0,-999.0,-999.0,-999.0,-999.0,-999.0,0,-999.0,-999.0,-999.0,0,0,-999.0,-999.0,-999.0,-999.0,0,-999.0,-999.0,-999.0,-999.0,-999.0,0,-999.0,-999.0,-999.0,0,0,0.03779931503509641
PSO J139.6080+35.8736,-999,-999,-999,151041396079928975,3578835000026409,214022515353384,0,16486948243917,15104,1,2038,90,0.444212112989474,3578835,49831,3,268959744,0,32,-999.0,-999.0,-999.0,-999.0,139.60800726,35.87364827,0.32784000039100647,0.32784000039100647,,,,,55249.27831019,-999.0,-0.61715644093711,0.5250925974638082,0.5859997367734481,130.80484705231075,19.194403855498752,188.0986316237883,44.3214909952552,-999,0,1,0,0,0,0,1,-999.0,-999.0,-999.0,-999.0,0,-999.0,-999.0,-999.0,-999.0,-999.0,0,-999.0,-999.0,-999.0,0,0,-999.0,-999.0,-999.0,-999.0,0,-999.0,-999.0,-999.0,-999.0,-999.0,0,-999.0,-999.0,-999.0,0,0,-999.0,-999.0,-999.0,-999.0,0,-999.0,-999.0,-999.0,-999.0,-999.0,0,-999.0,-999.0,-999.0,0,0,-999.0,-999.0,-999.0,-999.0,0,-999.0,-999.0,-999.0,-999.0,-999.0,0,-999.0,-999.0,-999.0,0,0,0.5893639922142029,19.989900588989258,0.32750099897384644,-999.0,1,19.989900588989258,19.989900588989258,-999.0,-999.0,-999.0,1,21.111499786376953,0.32750099897384644,-999.0,1,4112,0.038376322314197846
PSO J139.6072+35.8741,-999,-999,-999,151041396068979420,3578835000026090,214022515353065,0,16486948244466,15104,1,2038,90,0.0144063653558552,3578835,49831,3,268513280,0,32,-999.0,-999.0,-999.0,-999.0,139.60718701,35.87410223,0.08901999890804291,0.08901999890804291,,,,,56759.31069444,-999.0,-0.6171453874472493,0.5250984239106697,0.5860061569293579,130.8040262682567,19.194620608797884,188.09792454322945,44.32086494187747,-999,0,2,0,0,1,0,1,-999.0,-999.0,-999.0,-999.0,0,-999.0,-999.0,-999.0,-999.0,-999.0,0,-999.0,-999.0,-999.0,0,0,-999.0,-999.0,-999.0,-999.0,0,-999.0,-999.0,-999.0,-999.0,-999.0,0,-999.0,-999.0,-999.0,0,0,0.9987459778785706,16.008800506591797,0.08774600178003311,-999.0,1,16.008800506591797,16.008800506591797,16.500600814819336,0.1935490071773529,-999.0,1,16.462799072265625,0.08774600178003311,-999.0,1,16,-999.0,-999.0,-999.0,-999.0,0,-999.0,-999.0,-999.0,-999.0,-999.0,0,-999.0,-999.0,-999.0,0,0,0.7341619729995728,20.242399215698242,0.2616020143032074,-999.0,1,20.242399215698242,20.242399215698242,-999.0,-999.0,-999.0,0,21.59000015258789,0.2616020143032074,-999.0,1,4120,0.037771266006159585
PSO J139.6049+35.8727,-999,-999,-999,151041396048417895,3578835000025546,214022515352521,0,16486948373557,15104,1,2038,90,0.381304387358301,3578835,49831,3,302067712,0,36,-999.0,-999.0,-999.0,-999.0,139.60487412,35.87274891,0.16415999829769135,0.16415999829769135,,,,,55249.30418981,-999.0,-0.6171347313577347,0.525132305971631,0.5859870174132991,130.8026063346143,19.192737610248763,188.0995995698642,44.318888122605344,-999,0,1,0,1,0,0,0,-999.0,-999.0,-999.0,-999.0,0,-999.0,-999.0,-999.0,-999.0,-999.0,0,-999.0,-999.0,-999.0,0,0,0.32922300696372986,21.913299560546875,0.16347399353981018,-999.0,1,21.913299560546875,21.913299560546875,-999.0,-999.0,-999.0,1,22.13800048828125,0.16347399353981018,-999.0,1,536,-999.0,-999.0,-999.0,-999.0,0,-999.0,-999.0,-999.0,-999.0,-999.0,0,-999.0,-999.0,-999.0,0,0,-999.0,-999.0,-999.0,-999.0,0,-999.0,-999.0,-999.0,-999.0,-999.0,0,-999.0,-999.0,-999.0,0,0,-999.0,-999.0,-999.0,-999.0,0,-999.0,-999.0,-999.0,-999.0,-999.0,0,-999.0,-999.0,-999.0,0,0,0.038690285435236296
PSO J139.6025+35.8729,-999,-999,-999,151041396024268096,3578835000024950,214022515351925,0,16486948378725,15104,1,2038,90,0.359803053885515,3578835,49831,3,268513280,0,32,-999.0,-999.0,-999.0,-999.0,139.60245549,35.87292157,0.02573000080883503,0.02573000080883503,,,,,55250.26314815,-999.0,-0.6171112185435332,0.5251572122113219,0.5859894592995236,130.80058214515864,19.192272486153783,188.09913890276553,44.31694847262872,-999,0,1,0,0,0,0,1,-999.0,-999.0,-999.0,-999.0,0,-999.0,-999.0,-999.0,-999.0,-999.0,0,-999.0,-999.0,-999.0,0,0,-999.0,-999.0,-999.0,-999.0,0,-999.0,-999.0,-999.0,-999.0,-999.0,0,-999.0,-999.0,-999.0,0,0,-999.0,-999.0,-999.0,-999.0,0,-999.0,-999.0,-999.0,-999.0,-999.0,0,-999.0,-999.0,-999.0,0,0,-999.0,-999.0,-999.0,-999.0,0,-999.0,-999.0,-999.0,-999.0,-999.0,0,-999.0,-999.0,-999.0,0,0,0.9993190169334412,16.716800689697266,0.020907999947667122,-999.0,1,16.716800689697266,16.716800689697266,17.472900390625,0.05586300045251846,-999.0,1,17.44890022277832,0.020907999947667122,-999.0,1,16,0.03819940268693613
PSO J139.6022+35.8744,-999,-999,-999,151041396022109910,3578835000024906,214022515351881,0,16486948251560,15104,1,2038,90,0.186060550795924,3578835,49831,3,268959744,0,32,-999.0,-999.0,-999.0,-999.0,139.60223023,35.87443429,0.24582000076770782,0.24582000076770782,,,,,56344.35071759,-999.0,-0.6170973713046183,0.5251496114409712,0.5860108530840765,130.7998853035618,19.19364672482271,188.09701098591836,44.316888090458264,-999,0,1,0,0,1,0,0,-999.0,-999.0,-999.0,-999.0,0,-999.0,-999.0,-999.0,-999.0,-999.0,0,-999.0,-999.0,-999.0,0,0,-999.0,-999.0,-999.0,-999.0,0,-999.0,-999.0,-999.0,-999.0,-999.0,0,-999.0,-999.0,-999.0,0,0,0.8046290278434753,21.719499588012695,0.24536000192165375,-999.0,1,21.719499588012695,21.719499588012695,-999.0,-999.0,-999.0,0,21.466100692749023,0.24536000192165375,-999.0,1,4120,-999.0,-999.0,-999.0,-999.0,0,-999.0,-999.0,-999.0,-999.0,-999.0,0,-999.0,-999.0,-999.0,0,0,-999.0,-999.0,-999.0,-999.0,0,-999.0,-999.0,-999.0,-999.0,-999.0,0,-999.0,-999.0,-999.0,0,0,0.03667600756686034
PSO J139.6012+35.8721,-999,-999,-999,151041396011207067,3578835000024662,214022515351637,0,16486948379601,15104,1,2038,90,0.25873367978142,3578835,49831,3,268513280,0,32,-999.0,-999.0,-999.0,-999.0,139.60115125,35.87206098,0.01858999952673912,0.01858999952673912,,,,,56042.24768519,-999.0,-0.6171059669107758,0.5251769638744601,0.5859772881423992,130.79981451030534,19.191118374503645,188.1002190708659,44.315825860485255,-999,0,1,0,0,0,1,0,-999.0,-999.0,-999.0,-999.0,0,-999.0,-999.0,-999.0,-999.0,-999.0,0,-999.0,-999.0,-999.0,0,0,-999.0,-999.0,-999.0,-999.0,0,-999.0,-999.0,-999.0,-999.0,-999.0,0,-999.0,-999.0,-999.0,0,0,-999.0,-999.0,-999.0,-999.0,0,-999.0,-999.0,-999.0,-999.0,-999.0,0,-999.0,-999.0,-999.0,0,0,0.9975910186767578,17.685199737548828,0.010978000238537788,-999.0,1,17.685199737548828,17.685199737548828,17.95319938659668,0.018695000559091568,-999.0,1,17.723400115966797,0.010978000238537788,-999.0,1,24,-999.0,-999.0,-999.0,-999.0,0,-999.0,-999.0,-999.0,-999.0,-999.0,0,-999.0,-999.0,-999.0,0,0,0.038922209917853466
PSO J139.5970+35.8724,-999,-999,-999,151041395969307510,3578835000023643,214022515350618,0,16486948377440,15104,1,2038,90,0.612348002951916,3578835,49831,3,310456320,0,37,-999.0,-999.0,-999.0,-999.0,139.59695065,35.87242263,0.18283000588417053,0.18283000588417053,,,,,56331.35887731,-999.0,-0.6170646457002489,0.5252198078076261,0.5859824029041713,130.79627797000256,19.190369158162664,188.0993327393456,44.31246211006053,-999,0,1,1,0,0,0,0,0.09320800006389618,22.20210075378418,0.18221400678157806,-999.0,1,22.20210075378418,22.20210075378418,21.404399871826172,0.20990000665187836,-999.0,1,21.384700775146484,0.18221400678157806,-999.0,1,16777752,-999.0,-999.0,-999.0,-999.0,0,-999.0,-999.0,-999.0,-999.0,-999.0,0,-999.0,-999.0,-999.0,0,0,-999.0,-999.0,-999.0,-999.0,0,-999.0,-999.0,-999.0,-999.0,-999.0,0,-999.0,-999.0,-999.0,0,0,-999.0,-999.0,-999.0,-999.0,0,-999.0,-999.0,-999.0,-999.0,-999.0,0,-999.0,-999.0,-999.0,0,0,-999.0,-999.0,-999.0,-999.0,0,-999.0,-999.0,-999.0,-999.0,-999.0,0,-999.0,-999.0,-999.0,0,0,0.03833681997243214
PSO J139.5968+35.8719,-999,-999,-999,151041395968346876,3578835000023609,214022515350584,0,16486948377392,15104,1,2038,90,0.445868754243356,3578835,49831,3,268959744,0,32,-999.0,-999.0,-999.0,-999.0,139.59684649,35.87189825,0.015469999983906746,0.015469999983906746,,,,,55248.32493056,-999.0,-0.617067774799054,0.5252244056620723,0.5859749866687717,130.7963714018146,19.189845410095753,188.1000537208486,44.312335802709114,-999,0,1,1,0,0,0,0,0.6661580204963684,17.17460060119629,0.003281000070273876,-999.0,1,17.17460060119629,17.17460060119629,17.750499725341797,0.007846999913454056,-999.0,1,17.746200561523438,0.003281000070273876,-999.0,1,4120,-999.0,-999.0,-999.0,-999.0,0,-999.0,-999.0,-999.0,-999.0,-999.0,0,-999.0,-999.0,-999.0,0,0,-999.0,-999.0,-999.0,-999.0,0,-999.0,-999.0,-999.0,-999.0,-999.0,0,-999.0,-999.0,-999.0,0,0,-999.0,-999.0,-999.0,-999.0,0,-999.0,-999.0,-999.0,-999.0,-999.0,0,-999.0,-999.0,-999.0,0,0,-999.0,-999.0,-999.0,-999.0,0,-999.0,-999.0,-999.0,-999.0,-999.0,0,-999.0,-999.0,-999.0,0,0,0.03885931587275209
PSO J139.5936+35.8721,-999,-999,-999,151041395935967075,3578835000022794,214022515349769,0,16486948393162,15104,1,2038,90,0.576924152278271,3578835,49831,3,268513280,0,32,-999.0,-999.0,-999.0,-999.0,139.59362598,35.87206092,0.02734999917447567,0.02734999917447567,,,,,55249.28762731,-999.0,-0.617036984925245,0.525258010895723,0.5859772872938264,130.79369892749935,19.18916250945196,188.09953371763223,44.309747678218635,-999,0,1,0,0,1,0,0,-999.0,-999.0,-999.0,-999.0,0,-999.0,-999.0,-999.0,-999.0,-999.0,0,-999.0,-999.0,-999.0,0,0,-999.0,-999.0,-999.0,-999.0,0,-999.0,-999.0,-999.0,-999.0,-999.0,0,-999.0,-999.0,-999.0,0,0,0.9980660080909729,18.466299057006836,0.02287299931049347,-999.0,1,18.466299057006836,18.466299057006836,19.28619956970215,0.06650300323963165,-999.0,1,19.205299377441406,0.02287299931049347,-999.0,1,24,-999.0,-999.0,-999.0,-999.0,0,-999.0,-999.0,-999.0,-999.0,-999.0,0,-999.0,-999.0,-999.0,0,0,-999.0,-999.0,-999.0,-999.0,0,-999.0,-999.0,-999.0,-999.0,-999.0,0,-999.0,-999.0,-999.0,0,0,0.03873291622442427
PSO J139.5929+35.8736,-999,-999,-999,151041395927918823,3578835000022585,214022515349560,0,16486948229167,15104,1,2038,90,0.206442992395203,3578835,49831,3,436527104,7,52,139.59296291,35.87366235,0.0010000000474974513,0.0010000000474974513,139.5929038115269,35.87359701597053,0.037334342583820714,0.037334342583820714,163.07506288619518,8.717482173169426,25.94447846545387,25.94447846545387,56099.239398626654,15.167244911193848,-0.6170184016738585,0.5252556044809615,0.5859990119080208,130.79259631151697,19.190434095185644,188.09732578092343,44.309294795842895,-999,5,7,0,2,5,0,0,-999.0,-999.0,-999.0,-999.0,0,-999.0,-999.0,-999.0,-999.0,-999.0,0,-999.0,-999.0,-999.0,0,114720,0.9994059801101685,21.840999603271484,0.07778900116682053,0.1100120022892952,2,21.763599395751953,21.919200897216797,21.740400314331055,0.055803000926971436,0.1379760056734085,2,21.539600372314453,0.07532999664545059,0.1065329983830452,2,115000,0.998416006565094,21.19409942626953,0.420866996049881,0.8556510210037231,3,21.191999435424805,22.089599609375,-999.0,-999.0,-999.0,3,20.667400360107422,0.3868589997291565,0.8715940117835999,3,16892216,-999.0,-999.0,-999.0,-999.0,0,-999.0,-999.0,-999.0,-999.0,-999.0,0,-999.0,-999.0,-999.0,0,114720,-999.0,-999.0,-999.0,-999.0,0,-999.0,-999.0,-999.0,-999.0,-999.0,0,-999.0,-999.0,-999.0,0,114720,0.037232188994070485
PSO J139.5920+35.8721,-999,-999,-999,151041395919657095,3578835000022361,214022515349336,0,16486948348795,15104,1,2038,90,0.0829618173492717,3578835,49831,3,268513280,0,32,-999.0,-999.0,-999.0,-999.0,139.59198607,35.872079,0.015420000068843365,0.015420000068843365,,,,,56614.57135417,-999.0,-0.6170218100294942,0.5252755515450858,0.5859775429971124,130.79236007137808,19.188753456003003,188.09935909513203,44.30842457875763,-999,0,1,0,0,0,1,0,-999.0,-999.0,-999.0,-999.0,0,-999.0,-999.0,-999.0,-999.0,-999.0,0,-999.0,-999.0,-999.0,0,0,-999.0,-999.0,-999.0,-999.0,0,-999.0,-999.0,-999.0,-999.0,-999.0,0,-999.0,-999.0,-999.0,0,0,-999.0,-999.0,-999.0,-999.0,0,-999.0,-999.0,-999.0,-999.0,-999.0,0,-999.0,-999.0,-999.0,0,0,0.9984260201454163,16.723600387573242,0.0035860000643879175,-999.0,1,16.723600387573242,16.723600387573242,17.500600814819336,0.008519000373780727,-999.0,1,17.388399124145508,0.0035860000643879175,-999.0,1,24,-999.0,-999.0,-999.0,-999.0,0,-999.0,-999.0,-999.0,-999.0,-999.0,0,-999.0,-999.0,-999.0,0,0,0.03880077512279836
PSO J139.5883+35.8725,-999,-999,-999,151041395882977536,3578835000021462,214022515348437,0,16486948351717,15104,1,2038,90,0.663839316613823,3578835,49831,3,268959744,0,32,-999.0,-999.0,-999.0,-999.0,139.5883204,35.87245007,0.2809300124645233,0.2809300124645233,,,,,56678.5306713,-999.0,-0.616985313116454,0.5253125660693188,0.5859827909830276,130.78925506821224,19.18815233858232,188.0985081285263,44.30549369962005,-999,0,1,0,1,0,0,0,-999.0,-999.0,-999.0,-999.0,0,-999.0,-999.0,-999.0,-999.0,-999.0,0,-999.0,-999.0,-999.0,0,0,0.789214015007019,22.40329933166504,0.28053200244903564,-999.0,1,22.40329933166504,22.40329933166504,-999.0,-999.0,-999.0,0,24.347299575805664,0.28053200244903564,-999.0,1,4120,-999.0,-999.0,-999.0,-999.0,0,-999.0,-999.0,-999.0,-999.0,-999.0,0,-999.0,-999.0,-999.0,0,0,-999.0,-999.0,-999.0,-999.0,0,-999.0,-999.0,-999.0,-999.0,-999.0,0,-999.0,-999.0,-999.0,0,0,-999.0,-999.0,-999.0,-999.0,0,-999.0,-999.0,-999.0,-999.0,-999.0,0,-999.0,-999.0,-999.0,0,0,0.03878904067336029
PSO J139.6054+35.8866,-999,-999,-999,151061396053894469,3578835000025689,214022515352664,0,16486948245725,15106,1,2038,90,0.19403511024456,3578835,49831,3,268513280,0,32,-999.0,-999.0,-999.0,-999.0,139.60541991,35.88656158,0.017249999567866325,0.017249999567866325,,,,,56042.24768519,-999.0,-0.6170321262634314,0.5250348637102019,0.5861823496554962,130.79835795810013,19.205962156091,188.08040521026908,44.32043712284332,-999,0,1,0,0,0,1,0,-999.0,-999.0,-999.0,-999.0,0,-999.0,-999.0,-999.0,-999.0,-999.0,0,-999.0,-999.0,-999.0,0,0,-999.0,-999.0,-999.0,-999.0,0,-999.0,-999.0,-999.0,-999.0,-999.0,0,-999.0,-999.0,-999.0,0,0,-999.0,-999.0,-999.0,-999.0,0,-999.0,-999.0,-999.0,-999.0,-999.0,0,-999.0,-999.0,-999.0,0,0,0.9976990222930908,17.394800186157227,0.008516999892890453,-999.0,1,17.394800186157227,17.394800186157227,18.074600219726562,0.020579999312758446,-999.0,1,17.997699737548828,0.008516999892890453,-999.0,1,24,-999.0,-999.0,-999.0,-999.0,0,-999.0,-999.0,-999.0,-999.0,-999.0,0,-999.0,-999.0,-999.0,0,0,0.025387974998351395
PSO J139.6052+35.8845,-999,-999,-999,151061396051931990,3578835000025639,214022515352614,0,16486948246276,15106,1,2038,90,0.605997688701374,3578835,49831,3,277348352,0,33,-999.0,-999.0,-999.0,-999.0,139.60520541,35.88446849,0.1398800015449524,0.1398800015449524,,,,,55259.44689815,-999.0,-0.6170464691079849,0.5250510507232575,0.5861527523570728,130.79889469007182,19.20392394158287,188.08330191401546,44.32009617680342,-999,0,1,0,0,1,0,0,-999.0,-999.0,-999.0,-999.0,0,-999.0,-999.0,-999.0,-999.0,-999.0,0,-999.0,-999.0,-999.0,0,0,-999.0,-999.0,-999.0,-999.0,0,-999.0,-999.0,-999.0,-999.0,-999.0,0,-999.0,-999.0,-999.0,0,0,0.8154780268669128,20.582199096679688,0.13907000422477722,-999.0,1,20.582199096679688,20.582199096679688,20.4424991607666,0.14380399882793427,-999.0,1,20.016000747680664,0.13907000422477722,-999.0,1,16781336,-999.0,-999.0,-999.0,-999.0,0,-999.0,-999.0,-999.0,-999.0,-999.0,0,-999.0,-999.0,-999.0,0,0,-999.0,-999.0,-999.0,-999.0,0,-999.0,-999.0,-999.0,-999.0,-999.0,0,-999.0,-999.0,-999.0,0,0,0.02734116251847922
PSO J139.6051+35.8884,-999,-999,-999,151061396051586655,3578835000025635,214022515352610,0,16486947754047,15106,1,2038,90,0.763574492897442,3578835,49831,3,268959744,0,32,-999.0,-999.0,-999.0,-999.0,139.60514833,35.88836343,0.2583400011062622,0.2583400011062622,,,,,55250.27944444,-999.0,-0.6170155977377814,0.5250258417228149,0.5862078280537868,130.79752516720424,19.20759818599405,188.07787016327504,44.32036212696555,-999,0,1,0,0,0,0,1,-999.0,-999.0,-999.0,-999.0,0,-999.0,-999.0,-999.0,-999.0,-999.0,0,-999.0,-999.0,-999.0,0,0,-999.0,-999.0,-999.0,-999.0,0,-999.0,-999.0,-999.0,-999.0,-999.0,0,-999.0,-999.0,-999.0,0,0,-999.0,-999.0,-999.0,-999.0,0,-999.0,-999.0,-999.0,-999.0,-999.0,0,-999.0,-999.0,-999.0,0,0,-999.0,-999.0,-999.0,-999.0,0,-999.0,-999.0,-999.0,-999.0,-999.0,0,-999.0,-999.0,-999.0,0,0,0.8446300029754639,18.24370002746582,0.25790199637413025,-999.0,1,18.24370002746582,18.24370002746582,-999.0,-999.0,-999.0,1,18.391700744628906,0.25790199637413025,-999.0,1,4112,0.02360682530303106
PSO J139.6050+35.8881,-999,-999,-999,151061396050176289,3578835000025601,214022515352576,0,16486947753995,15106,1,2038,90,0.161822106839923,3578835,49831,3,268959744,0,32,-999.0,-999.0,-999.0,-999.0,139.60503237,35.88807618,0.28881001472473145,0.28881001472473145,,,,,56759.29760417,-999.0,-0.6170167734113843,0.5250289950644713,0.5862037663394835,130.79752852389387,19.207295980034488,188.078259855645,44.32024547757629,-999,0,1,0,0,1,0,0,-999.0,-999.0,-999.0,-999.0,0,-999.0,-999.0,-999.0,-999.0,-999.0,0,-999.0,-999.0,-999.0,0,0,-999.0,-999.0,-999.0,-999.0,0,-999.0,-999.0,-999.0,-999.0,-999.0,0,-999.0,-999.0,-999.0,0,0,0.6393330097198486,20.482900619506836,0.2884249985218048,-999.0,1,20.482900619506836,20.482900619506836,-999.0,-999.0,-999.0,0,20.6028995513916,0.2884249985218048,-999.0,1,4112,-999.0,-999.0,-999.0,-999.0,0,-999.0,-999.0,-999.0,-999.0,-999.0,0,-999.0,-999.0,-999.0,0,0,-999.0,-999.0,-999.0,-999.0,0,-999.0,-999.0,-999.0,-999.0,-999.0,0,-999.0,-999.0,-999.0,0,0,0.023850102903100974
PSO J139.6046+35.8851,-999,-999,-999,151061396046082678,3578835000025493,214022515352468,0,16486948246495,15106,1,2038,90,0.591608835935228,3578835,49831,3,268513280,0,32,-999.0,-999.0,-999.0,-999.0,139.60457782,35.88511738,0.0157299991697073,0.0157299991697073,,,,,55250.29357639,-999.0,-0.6170356621872728,0.5250535074498871,0.5861619280571583,130.7981642854856,19.204375420944245,188.08234090473084,44.319641346723564,-999,0,1,0,0,1,0,0,-999.0,-999.0,-999.0,-999.0,0,-999.0,-999.0,-999.0,-999.0,-999.0,0,-999.0,-999.0,-999.0,0,0,-999.0,-999.0,-999.0,-999.0,0,-999.0,-999.0,-999.0,-999.0,-999.0,0,-999.0,-999.0,-999.0,0,0,0.9973180294036865,16.655799865722656,0.004728000145405531,-999.0,1,16.655799865722656,16.655799865722656,16.861099243164062,0.008225000463426113,-999.0,1,16.665599822998047,0.004728000145405531,-999.0,1,16,-999.0,-999.0,-999.0,-999.0,0,-999.0,-999.0,-999.0,-999.0,-999.0,0,-999.0,-999.0,-999.0,0,0,-999.0,-999.0,-999.0,-999.0,0,-999.0,-999.0,-999.0,-999.0,-999.0,0,-999.0,-999.0,-999.0,0,0,0.026579055430336257
PSO J139.6046+35.8881,-999,-999,-999,151061396045376327,3578835000025472,214022515352447,0,16486948216892,15106,1,2038,90,0.317019515034761,3578835,49831,3,268959744,0,32,-999.0,-999.0,-999.0,-999.0,139.60455115,35.88808715,0.16899000108242035,0.16899000108242035,,,,,56759.31069444,-999.0,-0.6170122782596619,0.5250341045560596,0.5862039214555275,130.7971337695633,19.207181300304274,188.07820092802038,44.319857741682455,-999,0,1,0,0,1,0,0,-999.0,-999.0,-999.0,-999.0,0,-999.0,-999.0,-999.0,-999.0,-999.0,0,-999.0,-999.0,-999.0,0,0,-999.0,-999.0,-999.0,-999.0,0,-999.0,-999.0,-999.0,-999.0,-999.0,0,-999.0,-999.0,-999.0,0,0,0.7241470217704773,16.582799911499023,0.1683260053396225,-999.0,1,16.582799911499023,16.582799911499023,-999.0,-999.0,-999.0,0,17.445899963378906,0.1683260053396225,-999.0,1,4112,-999.0,-999.0,-999.0,-999.0,0,-999.0,-999.0,-999.0,-999.0,-999.0,0,-999.0,-999.0,-999.0,0,0,-999.0,-999.0,-999.0,-999.0,0,-999.0,-999.0,-999.0,-999.0,-999.0,0,-999.0,-999.0,-999.0,0,0,0.023721606922159084
PSO J139.6042+35.8874,-999,-999,-999,151061396041995452,3578835000025391,214022515352366,0,16486948261936,15106,1,2038,90,0.591762627094763,3578835,49831,3,268959744,0,32,-999.0,-999.0,-999.0,-999.0,139.60420935,35.8873557,0.23432999849319458,0.23432999849319458,,,,,55259.45986111,-999.0,-0.6170148454954372,0.5250426351657383,0.5861935786892067,130.79710450963762,19.206399675309605,188.07918899963224,44.31952312639929,-999,0,1,0,0,1,0,0,-999.0,-999.0,-999.0,-999.0,0,-999.0,-999.0,-999.0,-999.0,-999.0,0,-999.0,-999.0,-999.0,0,0,-999.0,-999.0,-999.0,-999.0,0,-999.0,-999.0,-999.0,-999.0,-999.0,0,-999.0,-999.0,-999.0,0,0,0.4665209949016571,20.60540008544922,0.23384800553321838,-999.0,1,20.60540008544922,20.60540008544922,21.18320083618164,0.28988900780677795,-999.0,1,20.899799346923828,0.23384800553321838,-999.0,1,4112,-999.0,-999.0,-999.0,-999.0,0,-999.0,-999.0,-999.0,-999.0,-999.0,0,-999.0,-999.0,-999.0,0,0,-999.0,-999.0,-999.0,-999.0,0,-999.0,-999.0,-999.0,-999.0,-999.0,0,-999.0,-999.0,-999.0,0,0,0.024343369374426837
PSO J139.6038+35.8841,-999,-999,-999,151061396037171554,3578835000025254,214022515352229,0,16486948245859,15106,1,2038,90,0.83015125415302,3578835,49831,3,310456320,0,37,-999.0,-999.0,-999.0,-999.0,139.60376872,35.88413767,0.1725900024175644,0.1725900024175644,,,,,56032.27366898,-999.0,-0.6170358807480545,0.5250687162902601,0.5861480743317093,130.79783961523637,19.203237199554685,188.08363240422815,44.318909395052515,-999,0,1,1,0,0,0,0,0.06277800351381302,21.66119956970215,0.17193199694156647,-999.0,1,21.66119956970215,21.66119956970215,20.516300201416016,0.14072099328041077,-999.0,1,20.639699935913086,0.17193199694156647,-999.0,1,16777752,-999.0,-999.0,-999.0,-999.0,0,-999.0,-999.0,-999.0,-999.0,-999.0,0,-999.0,-999.0,-999.0,0,0,-999.0,-999.0,-999.0,-999.0,0,-999.0,-999.0,-999.0,-999.0,-999.0,0,-999.0,-999.0,-999.0,0,0,-999.0,-999.0,-999.0,-999.0,0,-999.0,-999.0,-999.0,-999.0,-999.0,0,-999.0,-999.0,-999.0,0,0,-999.0,-999.0,-999.0,-999.0,0,-999.0,-999.0,-999.0,-999.0,-999.0,0,-999.0,-999.0,-999.0,0,0,0.02736505965030298
PSO J139.6037+35.8877,-999,-999,-999,151061396036775793,3578835000025244,214022515352219,0,16486948261986,15106,1,2038,90,0.923717341314738,3578835,49831,3,268959744,0,32,-999.0,-999.0,-999.0,-999.0,139.60369312,35.88766302,0.23339000344276428,0.23339000344276428,,,,,56759.29760417,-999.0,-0.6170077203178985,0.5250461567271139,0.5861979242322485,130.79658063382303,19.206556585157713,188.07871400761616,44.31913085571859,-999,0,1,0,0,1,0,0,-999.0,-999.0,-999.0,-999.0,0,-999.0,-999.0,-999.0,-999.0,-999.0,0,-999.0,-999.0,-999.0,0,0,-999.0,-999.0,-999.0,-999.0,0,-999.0,-999.0,-999.0,-999.0,-999.0,0,-999.0,-999.0,-999.0,0,0,0.8258619904518127,20.401100158691406,0.23290300369262695,-999.0,1,20.401100158691406,20.401100158691406,19.488800048828125,0.24240800738334656,-999.0,1,20.071500778198242,0.23290300369262695,-999.0,1,4112,-999.0,-999.0,-999.0,-999.0,0,-999.0,-999.0,-999.0,-999.0,-999.0,0,-999.0,-999.0,-999.0,0,0,-999.0,-999.0,-999.0,-999.0,0,-999.0,-999.0,-999.0,-999.0,-999.0,0,-999.0,-999.0,-999.0,0,0,0.02393449972860314
PSO J139.6037+35.8834,-999,-999,-999,151061396036400668,3578835000025237,214022515352212,0,16486948249333,15106,1,2038,90,0.495366541198796,3578835,49831,3,310456320,0,37,-999.0,-999.0,-999.0,-999.0,139.60367408,35.88339793,0.1814900040626526,0.1814900040626526,,,,,56303.55474537,-999.0,-0.6170407768046939,0.5250746398594077,0.5861376138218508,130.79801399154726,19.202511956650977,188.08465441526542,44.318773655928325,-999,0,1,0,1,0,0,0,-999.0,-999.0,-999.0,-999.0,0,-999.0,-999.0,-999.0,-999.0,-999.0,0,-999.0,-999.0,-999.0,0,0,0.993565022945404,21.831899642944336,0.180868998169899,-999.0,1,21.831899642944336,21.831899642944336,20.64109992980957,0.15382599830627441,-999.0,1,21.283000946044922,0.180868998169899,-999.0,1,16777496,-999.0,-999.0,-999.0,-999.0,0,-999.0,-999.0,-999.0,-999.0,-999.0,0,-999.0,-999.0,-999.0,0,0,-999.0,-999.0,-999.0,-999.0,0,-999.0,-999.0,-999.0,-999.0,-999.0,0,-999.0,-999.0,-999.0,0,0,-999.0,-999.0,-999.0,-999.0,0,-999.0,-999.0,-999.0,-999.0,-999.0,0,-999.0,-999.0,-999.0,0,0,0.02806768621974491
PSO J139.6031+35.8868,-999,-999,-999,151061396030264775,3578835000025104,214022515352079,0,16486948262736,15106,1,2038,90,0.850193985598342,3578835,49831,3,310456320,0,37,-999.0,-999.0,-999.0,-999.0,139.60306362,35.8868136,0.18603000044822693,0.18603000044822693,,,,,55249.33488426,-999.0,-0.6170085700508312,0.5250585677313901,0.5861859132866378,130.79635766169164,19.205588452143974,188.07984031154305,44.31855443766754,-999,0,1,1,0,0,0,0,0.9985349774360657,22.06909942626953,0.1854259967803955,-999.0,1,22.06909942626953,22.06909942626953,20.94860076904297,0.17232300341129303,-999.0,1,21.343900680541992,0.1854259967803955,-999.0,1,16777496,-999.0,-999.0,-999.0,-999.0,0,-999.0,-999.0,-999.0,-999.0,-999.0,0,-999.0,-999.0,-999.0,0,0,-999.0,-999.0,-999.0,-999.0,0,-999.0,-999.0,-999.0,-999.0,-999.0,0,-999.0,-999.0,-999.0,0,0,-999.0,-999.0,-999.0,-999.0,0,-999.0,-999.0,-999.0,-999.0,-999.0,0,-999.0,-999.0,-999.0,0,0,-999.0,-999.0,-999.0,-999.0,0,-999.0,-999.0,-999.0,-999.0,-999.0,0,-999.0,-999.0,-999.0,0,0,0.02462976089922125
PSO J139.6030+35.8906,-999,-999,-999,151061396029709336,3578835000025092,214022515352067,0,16486948217133,15106,1,2038,90,0.966084861164992,3578835,49831,3,268959744,0,32,-999.0,-999.0,-999.0,-999.0,139.6029784,35.89061089,0.22834999859333038,0.22834999859333038,,,,,55651.26361111,-999.0,-0.6169782009742505,0.5250343066389025,0.586239606624104,130.7949984622268,19.209162904200777,188.0745421918189,44.31878976800268,-999,0,1,0,0,0,0,1,-999.0,-999.0,-999.0,-999.0,0,-999.0,-999.0,-999.0,-999.0,-999.0,0,-999.0,-999.0,-999.0,0,0,-999.0,-999.0,-999.0,-999.0,0,-999.0,-999.0,-999.0,-999.0,-999.0,0,-999.0,-999.0,-999.0,0,0,-999.0,-999.0,-999.0,-999.0,0,-999.0,-999.0,-999.0,-999.0,-999.0,0,-999.0,-999.0,-999.0,0,0,-999.0,-999.0,-999.0,-999.0,0,-999.0,-999.0,-999.0,-999.0,-999.0,0,-999.0,-999.0,-999.0,0,0,0.631771981716156,19.816200256347656,0.22785300016403198,-999.0,1,19.816200256347656,19.816200256347656,-999.0,-999.0,-999.0,0,23.84830093383789,0.22785300016403198,-999.0,1,4120,0.020939427726672545
PSO J139.6027+35.8903,-999,-999,-999,151061396027138961,3578835000025024,214022515351999,0,16486948217337,15106,1,2038,90,0.86659022035691,3578835,49831,3,268959744,0,32,-999.0,-999.0,-999.0,-999.0,139.60274845,35.8903004,0.22121000289916992,0.22121000289916992,,,,,56759.28498843,-999.0,-0.6169785132064695,0.5250388416777064,0.5862352164202238,130.79491708997315,19.208809062558313,188.07495391994553,44.31857921410483,-999,0,1,0,0,1,0,0,-999.0,-999.0,-999.0,-999.0,0,-999.0,-999.0,-999.0,-999.0,-999.0,0,-999.0,-999.0,-999.0,0,0,-999.0,-999.0,-999.0,-999.0,0,-999.0,-999.0,-999.0,-999.0,-999.0,0,-999.0,-999.0,-999.0,0,0,0.7766919732093811,20.33300018310547,0.22069799900054932,-999.0,1,20.33300018310547,20.33300018310547,-999.0,-999.0,-999.0,0,20.39590072631836,0.22069799900054932,-999.0,1,4112,-999.0,-999.0,-999.0,-999.0,0,-999.0,-999.0,-999.0,-999.0,-999.0,0,-999.0,-999.0,-999.0,0,0,-999.0,-999.0,-999.0,-999.0,0,-999.0,-999.0,-999.0,-999.0,-999.0,0,-999.0,-999.0,-999.0,0,0,0.021188695485142888
PSO J139.6025+35.8839,-999,-999,-999,151061396025811158,3578835000024988,214022515351963,0,16486948249094,15106,1,2038,90,0.110617529703879,3578835,49831,3,268959744,0,32,-999.0,-999.0,-999.0,-999.0,139.60253413,35.88387356,0.06265000253915787,0.06265000253915787,,,,,55259.45371528,-999.0,-0.6170266242750114,0.5250837629077045,0.5861443396182116,130.79692610046604,19.202666174812798,188.0838882686123,44.31789116872053,-999,0,2,0,0,2,0,0,-999.0,-999.0,-999.0,-999.0,0,-999.0,-999.0,-999.0,-999.0,-999.0,0,-999.0,-999.0,-999.0,0,0,-999.0,-999.0,-999.0,-999.0,0,-999.0,-999.0,-999.0,-999.0,-999.0,0,-999.0,-999.0,-999.0,0,0,0.681643009185791,19.96929931640625,8.099999831756577e-05,-999.0,1,19.969900131225586,19.969900131225586,19.86210060119629,0.07842700183391571,-999.0,1,19.59830093383789,0.21517199277877808,0.4294719994068146,2,16781336,-999.0,-999.0,-999.0,-999.0,0,-999.0,-999.0,-999.0,-999.0,-999.0,0,-999.0,-999.0,-999.0,0,0,-999.0,-999.0,-999.0,-999.0,0,-999.0,-999.0,-999.0,-999.0,-999.0,0,-999.0,-999.0,-999.0,0,0,0.027408466212524636
PSO J139.6024+35.8870,-999,-999,-999,151061396023774949,3578835000024951,214022515351926,0,16486948262804,15106,1,2038,90,0.000388763845328953,3578835,49831,3,268959744,0,32,-999.0,-999.0,-999.0,-999.0,139.60238822,35.88695921,0.2775999903678894,0.2775999903678894,,,,,55249.29614583,-999.0,-0.6170012461225891,0.525064875493381,0.5861879722463542,130.7957593798592,19.205550833647088,188.07957616557795,44.31802067222813,-999,0,1,0,0,1,0,0,-999.0,-999.0,-999.0,-999.0,0,-999.0,-999.0,-999.0,-999.0,-999.0,0,-999.0,-999.0,-999.0,0,0,-999.0,-999.0,-999.0,-999.0,0,-999.0,-999.0,-999.0,-999.0,-999.0,0,-999.0,-999.0,-999.0,0,0,0.33176401257514954,20.964000701904297,0.2771959900856018,-999.0,1,20.964000701904297,20.964000701904297,-999.0,-999.0,-999.0,0,24.985700607299805,0.2771959900856018,-999.0,1,4120,-999.0,-999.0,-999.0,-999.0,0,-999.0,-999.0,-999.0,-999.0,-999.0,0,-999.0,-999.0,-999.0,0,0,-999.0,-999.0,-999.0,-999.0,0,-999.0,-999.0,-999.0,-999.0,-999.0,0,-999.0,-999.0,-999.0,0,0,0.024364424228127804
PSO J139.6023+35.8876,-999,-999,-999,151061396023105662,3578835000024938,214022515351913,0,16486948262790,15106,1,2038,90,0.605869185743732,3578835,49831,3,268959744,0,32,-999.0,-999.0,-999.0,-999.0,139.60232561,35.88755455,0.2386299967765808,0.2386299967765808,,,,,56759.29760417,-999.0,-0.6169960337328354,0.5250616022674138,0.5861963904548766,130.79550627096856,19.206098438802844,188.0787410674374,44.31801781344698,-999,0,1,0,0,1,0,0,-999.0,-999.0,-999.0,-999.0,0,-999.0,-999.0,-999.0,-999.0,-999.0,0,-999.0,-999.0,-999.0,0,0,-999.0,-999.0,-999.0,-999.0,0,-999.0,-999.0,-999.0,-999.0,-999.0,0,-999.0,-999.0,-999.0,0,0,0.6795430183410645,20.26569938659668,0.2381570041179657,-999.0,1,20.26569938659668,20.26569938659668,-999.0,-999.0,-999.0,0,20.378299713134766,0.2381570041179657,-999.0,1,4112,-999.0,-999.0,-999.0,-999.0,0,-999.0,-999.0,-999.0,-999.0,-999.0,0,-999.0,-999.0,-999.0,0,0,-999.0,-999.0,-999.0,-999.0,0,-999.0,-999.0,-999.0,-999.0,-999.0,0,-999.0,-999.0,-999.0,0,0,0.023772286942990866
PSO J139.6018+35.8836,-999,-999,-999,151061396017130885,3578835000024800,214022515351775,0,16486948264230,15106,1,2038,90,0.903876714318876,3578835,49831,3,310456320,0,37,-999.0,-999.0,-999.0,-999.0,139.6017526,35.8835795,0.14634999632835388,0.14634999632835388,,,,,56032.27366898,-999.0,-0.6170217529024876,0.5250941289171844,0.5861401813745963,130.79639091266245,19.202184536482136,188.0842269750085,44.31723642547365,-999,0,1,1,0,0,0,0,0.9612569808959961,21.25469970703125,0.145578995347023,-999.0,1,21.25469970703125,21.25469970703125,20.57430076599121,0.160971000790596,-999.0,1,20.45159912109375,0.145578995347023,-999.0,1,16777496,-999.0,-999.0,-999.0,-999.0,0,-999.0,-999.0,-999.0,-999.0,-999.0,0,-999.0,-999.0,-999.0,0,0,-999.0,-999.0,-999.0,-999.0,0,-999.0,-999.0,-999.0,-999.0,-999.0,0,-999.0,-999.0,-999.0,0,0,-999.0,-999.0,-999.0,-999.0,0,-999.0,-999.0,-999.0,-999.0,-999.0,0,-999.0,-999.0,-999.0,0,0,-999.0,-999.0,-999.0,-999.0,0,-999.0,-999.0,-999.0,-999.0,-999.0,0,-999.0,-999.0,-999.0,0,0,0.027581032164303108
PSO J139.6015+35.8833,-999,-999,-999,151061396015000545,3578835000024763,214022515351738,0,16486948264400,15106,1,2038,90,0.714089161450126,3578835,49831,3,310456320,0,37,-999.0,-999.0,-999.0,-999.0,139.60154257,35.88329532,0.14881999790668488,0.14881999790668488,,,,,56032.28560185,-999.0,-0.6170220420272694,0.5250982748766687,0.5861361628274141,130.79631676988933,19.201860787902444,188.0846038072814,44.31704401417064,-999,0,1,1,0,0,0,0,0.9733480215072632,21.178800582885742,0.14805899560451508,-999.0,1,21.178800582885742,21.178800582885742,19.83340072631836,0.10594499856233597,-999.0,1,20.019100189208984,0.14805899560451508,-999.0,1,16777488,-999.0,-999.0,-999.0,-999.0,0,-999.0,-999.0,-999.0,-999.0,-999.0,0,-999.0,-999.0,-999.0,0,0,-999.0,-999.0,-999.0,-999.0,0,-999.0,-999.0,-999.0,-999.0,-999.0,0,-999.0,-999.0,-999.0,0,0,-999.0,-999.0,-999.0,-999.0,0,-999.0,-999.0,-999.0,-999.0,-999.0,0,-999.0,-999.0,-999.0,0,0,-999.0,-999.0,-999.0,-999.0,0,-999.0,-999.0,-999.0,-999.0,-999.0,0,-999.0,-999.0,-999.0,0,0,0.027832579386802538
PSO J139.6013+35.8837,-999,-999,-999,151061396013241025,3578835000024722,214022515351697,0,16486948264232,15106,1,2038,90,0.586225038940297,3578835,49831,3,268959744,0,32,-999.0,-999.0,-999.0,-999.0,139.60134545,35.88368711,0.3216699957847595,0.3216699957847595,,,,,55249.33488426,-999.0,-0.6170171831475441,0.5250978000576412,0.5861417030678635,130.7960235086767,19.202180643233298,188.0840400832138,44.31691624122436,-999,0,1,1,0,0,0,0,0.7135170102119446,22.431699752807617,0.3213239908218384,-999.0,1,22.431699752807617,22.431699752807617,-999.0,-999.0,-999.0,0,22.887699127197266,0.3213239908218384,-999.0,1,4120,-999.0,-999.0,-999.0,-999.0,0,-999.0,-999.0,-999.0,-999.0,-999.0,0,-999.0,-999.0,-999.0,0,0,-999.0,-999.0,-999.0,-999.0,0,-999.0,-999.0,-999.0,-999.0,-999.0,0,-999.0,-999.0,-999.0,0,0,-999.0,-999.0,-999.0,-999.0,0,-999.0,-999.0,-999.0,-999.0,-999.0,0,-999.0,-999.0,-999.0,0,0,-999.0,-999.0,-999.0,-999.0,0,-999.0,-999.0,-999.0,-999.0,-999.0,0,-999.0,-999.0,-999.0,0,0,0.02742004133127855
PSO J139.6012+35.8863,-999,-999,-999,151061396011614186,3578835000024691,214022515351666,0,16486948262222,15106,1,2038,90,0.583159743419997,3578835,49831,3,277348352,0,33,-999.0,-999.0,-999.0,-999.0,139.60117355,35.88629724,0.14000000059604645,0.14000000059604645,,,,,55259.44689815,-999.0,-0.6169952722226432,0.5250823450835208,0.5861786118040274,130.79499721977933,19.20460816456178,188.08038816919415,44.3169866858541,-999,0,1,0,0,1,0,0,-999.0,-999.0,-999.0,-999.0,0,-999.0,-999.0,-999.0,-999.0,-999.0,0,-999.0,-999.0,-999.0,0,0,-999.0,-999.0,-999.0,-999.0,0,-999.0,-999.0,-999.0,-999.0,-999.0,0,-999.0,-999.0,-999.0,0,0,0.6966210007667542,20.524999618530273,0.13919800519943237,-999.0,1,20.524999618530273,20.524999618530273,20.172000885009766,0.10371900349855423,-999.0,1,20.028400421142578,0.13919800519943237,-999.0,1,16781336,-999.0,-999.0,-999.0,-999.0,0,-999.0,-999.0,-999.0,-999.0,-999.0,0,-999.0,-999.0,-999.0,0,0,-999.0,-999.0,-999.0,-999.0,0,-999.0,-999.0,-999.0,-999.0,-999.0,0,-999.0,-999.0,-999.0,0,0,0.024823101840196628
PSO J139.6011+35.8860,-999,-999,-999,151061396010853845,3578835000024668,214022515351643,0,16486948265280,15106,1,2038,90,0.512105444923141,3578835,49831,3,277348352,0,33,-999.0,-999.0,-999.0,-999.0,139.60109469,35.88601632,0.1728699952363968,0.1728699952363968,,,,,55259.45986111,-999.0,-0.6169967382217859,0.5250850569570656,0.5861746394924231,130.79502856246395,19.204321595123865,188.0807723761331,44.316900482665254,-999,0,1,0,0,1,0,0,-999.0,-999.0,-999.0,-999.0,0,-999.0,-999.0,-999.0,-999.0,-999.0,0,-999.0,-999.0,-999.0,0,0,-999.0,-999.0,-999.0,-999.0,0,-999.0,-999.0,-999.0,-999.0,-999.0,0,-999.0,-999.0,-999.0,0,0,0.6254540085792542,20.341899871826172,0.17221799492835999,-999.0,1,20.341899871826172,20.341899871826172,-999.0,-999.0,-999.0,0,19.855100631713867,0.17221799492835999,-999.0,1,16781328,-999.0,-999.0,-999.0,-999.0,0,-999.0,-999.0,-999.0,-999.0,-999.0,0,-999.0,-999.0,-999.0,0,0,-999.0,-999.0,-999.0,-999.0,0,-999.0,-999.0,-999.0,-999.0,-999.0,0,-999.0,-999.0,-999.0,0,0,0.02508908526481543
PSO J139.6011+35.8868,-999,-999,-999,151061396010634771,3578835000024661,214022515351636,0,16486948262259,15106,1,2038,90,0.917022371587364,3578835,49831,3,268513280,0,32,-999.0,-999.0,-999.0,-999.0,139.60110567,35.88681599,0.018519999459385872,0.018519999459385872,,,,,55250.31586806,-999.0,-0.6169906084139788,0.5250796364102539,0.5861859470818316,130.79476585068912,19.205081859388052,188.07965930917837,44.316973445755266,-999,0,1,0,1,0,0,0,-999.0,-999.0,-999.0,-999.0,0,-999.0,-999.0,-999.0,-999.0,-999.0,0,-999.0,-999.0,-999.0,0,0,0.9996079802513123,18.239900588989258,0.010859999805688858,-999.0,1,18.239900588989258,18.239900588989258,19.146699905395508,0.033225998282432556,-999.0,1,19.090200424194336,0.010859999805688858,-999.0,1,24,-999.0,-999.0,-999.0,-999.0,0,-999.0,-999.0,-999.0,-999.0,-999.0,0,-999.0,-999.0,-999.0,0,0,-999.0,-999.0,-999.0,-999.0,0,-999.0,-999.0,-999.0,-999.0,-999.0,0,-999.0,-999.0,-999.0,0,0,-999.0,-999.0,-999.0,-999.0,0,-999.0,-999.0,-999.0,-999.0,-999.0,0,-999.0,-999.0,-999.0,0,0,0.02430265135514566
PSO J139.6010+35.8899,-999,-999,-999,151061396009198474,3578835000024631,214022515351606,0,16486948220687,15106,1,2038,90,0.530440355213769,3578835,49831,3,276901888,0,33,-999.0,-999.0,-999.0,-999.0,139.60095462,35.88990186,0.017430000007152557,0.017430000007152557,,,,,55248.32493056,-999.0,-0.6169651802583421,0.5250608007416592,0.5862295811994812,130.79359487278856,19.207965394647452,188.0753464947426,44.31709870649469,-999,0,1,1,0,0,0,0,0.9980459809303284,18.385900497436523,0.008864999748766422,-999.0,1,18.385900497436523,18.385900497436523,18.42060089111328,0.013732999563217163,-999.0,1,18.2278995513916,0.008864999748766422,-999.0,1,16777240,-999.0,-999.0,-999.0,-999.0,0,-999.0,-999.0,-999.0,-999.0,-999.0,0,-999.0,-999.0,-999.0,0,0,-999.0,-999.0,-999.0,-999.0,0,-999.0,-999.0,-999.0,-999.0,-999.0,0,-999.0,-999.0,-999.0,0,0,-999.0,-999.0,-999.0,-999.0,0,-999.0,-999.0,-999.0,-999.0,-999.0,0,-999.0,-999.0,-999.0,0,0,-999.0,-999.0,-999.0,-999.0,0,-999.0,-999.0,-999.0,-999.0,-999.0,0,-999.0,-999.0,-999.0,0,0,0.021246396062246365
PSO J139.6008+35.8877,-999,-999,-999,151061396008205799,3578835000024608,214022515351583,0,16486948262187,15106,1,2038,90,0.754536093915381,3578835,49831,3,302067712,0,36,-999.0,-999.0,-999.0,-999.0,139.60083419,35.88765189,0.18682999908924103,0.18682999908924103,,,,,55250.27944444,-999.0,-0.6169816076512782,0.5250770171666719,0.5861977668529578,130.7942613082778,19.20580303111904,188.07847013560553,44.31682119690768,-999,0,1,0,0,0,0,1,-999.0,-999.0,-999.0,-999.0,0,-999.0,-999.0,-999.0,-999.0,-999.0,0,-999.0,-999.0,-999.0,0,0,-999.0,-999.0,-999.0,-999.0,0,-999.0,-999.0,-999.0,-999.0,-999.0,0,-999.0,-999.0,-999.0,0,0,-999.0,-999.0,-999.0,-999.0,0,-999.0,-999.0,-999.0,-999.0,-999.0,0,-999.0,-999.0,-999.0,0,0,-999.0,-999.0,-999.0,-999.0,0,-999.0,-999.0,-999.0,-999.0,-999.0,0,-999.0,-999.0,-999.0,0,0,0.9801179766654968,17.94420051574707,0.18622900545597076,-999.0,1,17.94420051574707,17.94420051574707,17.726900100708008,0.22727100551128387,-999.0,1,17.653900146484375,0.18622900545597076,-999.0,1,272,0.023441378203286723
PSO J139.6007+35.8864,-999,-999,-999,151061396006674336,3578835000024570,214022515351545,0,16486948265656,15106,1,2038,90,0.922982281933522,3578835,49831,3,268959744,0,32,-999.0,-999.0,-999.0,-999.0,139.60068977,35.88643067,0.26396000385284424,0.26396000385284424,,,,,55250.25818287,-999.0,-0.6169897990600475,0.5250866699676525,0.5861804985481212,130.79455878266145,19.2046088145886,188.0801583714288,44.3166066926854,-999,0,1,0,0,0,1,0,-999.0,-999.0,-999.0,-999.0,0,-999.0,-999.0,-999.0,-999.0,-999.0,0,-999.0,-999.0,-999.0,0,0,-999.0,-999.0,-999.0,-999.0,0,-999.0,-999.0,-999.0,-999.0,-999.0,0,-999.0,-999.0,-999.0,0,0,-999.0,-999.0,-999.0,-999.0,0,-999.0,-999.0,-999.0,-999.0,-999.0,0,-999.0,-999.0,-999.0,0,0,0.8418909907341003,20.77720069885254,0.2635299861431122,-999.0,1,20.77720069885254,20.77720069885254,19.90049934387207,0.24385200440883636,-999.0,1,20.53230094909668,0.2635299861431122,-999.0,1,4120,-999.0,-999.0,-999.0,-999.0,0,-999.0,-999.0,-999.0,-999.0,-999.0,0,-999.0,-999.0,-999.0,0,0,0.024626897354429977
PSO J139.6003+35.8909,-999,-999,-999,151061396002349720,3578835000024466,214022515351441,0,16486948220773,15106,1,2038,90,0.282082535589191,3578835,49831,3,277348352,0,33,-999.0,-999.0,-999.0,-999.0,139.60026843,35.89093271,0.2331800013780594,0.2331800013780594,,,,,56759.28498843,-999.0,-0.6169508596502348,0.5250613536975984,0.5862441570114637,130.79268712568978,19.208763439844937,188.07384812934026,44.31662714293823,-999,0,1,0,0,1,0,0,-999.0,-999.0,-999.0,-999.0,0,-999.0,-999.0,-999.0,-999.0,-999.0,0,-999.0,-999.0,-999.0,0,0,-999.0,-999.0,-999.0,-999.0,0,-999.0,-999.0,-999.0,-999.0,-999.0,0,-999.0,-999.0,-999.0,0,0,0.8156750202178955,20.46929931640625,0.23269900679588318,-999.0,1,20.46929931640625,20.46929931640625,19.799299240112305,0.1942870020866394,-999.0,1,19.723100662231445,0.23269900679588318,-999.0,1,16781328,-999.0,-999.0,-999.0,-999.0,0,-999.0,-999.0,-999.0,-999.0,-999.0,0,-999.0,-999.0,-999.0,0,0,-999.0,-999.0,-999.0,-999.0,0,-999.0,-999.0,-999.0,-999.0,-999.0,0,-999.0,-999.0,-999.0,0,0,0.02013073467573544
PSO J139.6001+35.8829,-999,-999,-999,151061396000910051,3578835000024415,214022515351390,0,16486948264853,15106,1,2038,90,0.176029684186009,3578835,49831,3,302067712,0,36,-999.0,-999.0,-999.0,-999.0,139.60014676,35.88287756,0.18485000729560852,0.18485000729560852,,,,,55248.25677083,-999.0,-0.6170125042401943,0.5251160761306028,0.5861302553191082,130.79532442423707,19.201102341365047,188.08505902139754,44.315883243104665,-999,0,1,0,0,0,0,1,-999.0,-999.0,-999.0,-999.0,0,-999.0,-999.0,-999.0,-999.0,-999.0,0,-999.0,-999.0,-999.0,0,0,-999.0,-999.0,-999.0,-999.0,0,-999.0,-999.0,-999.0,-999.0,-999.0,0,-999.0,-999.0,-999.0,0,0,-999.0,-999.0,-999.0,-999.0,0,-999.0,-999.0,-999.0,-999.0,-999.0,0,-999.0,-999.0,-999.0,0,0,-999.0,-999.0,-999.0,-999.0,0,-999.0,-999.0,-999.0,-999.0,-999.0,0,-999.0,-999.0,-999.0,0,0,0.9988660216331482,19.371999740600586,0.18424299359321594,-999.0,1,19.371999740600586,19.371999740600586,-999.0,-999.0,-999.0,1,19.009300231933594,0.18424299359321594,-999.0,1,280,0.028083942466369808
PSO J139.6000+35.8877,-999,-999,-999,151061395999785826,3578835000024387,214022515351362,0,16486948265485,15106,1,2038,90,0.00827768538918131,3578835,49831,3,268513280,0,32,-999.0,-999.0,-999.0,-999.0,139.6000043,35.88768987,0.020589999854564667,0.020589999854564667,,,,,55268.34509259,-999.0,-0.6169737062907156,0.5250857018220391,0.5861983038937886,130.79357405564656,19.205623329060824,188.07834191806174,44.316154052813594,-999,0,1,0,1,0,0,0,-999.0,-999.0,-999.0,-999.0,0,-999.0,-999.0,-999.0,-999.0,-999.0,0,-999.0,-999.0,-999.0,0,0,0.9985569715499878,18.927799224853516,0.014108000323176384,-999.0,1,18.927799224853516,18.927799224853516,19.779699325561523,0.04624300077557564,-999.0,1,19.636499404907227,0.014108000323176384,-999.0,1,24,-999.0,-999.0,-999.0,-999.0,0,-999.0,-999.0,-999.0,-999.0,-999.0,0,-999.0,-999.0,-999.0,0,0,-999.0,-999.0,-999.0,-999.0,0,-999.0,-999.0,-999.0,-999.0,-999.0,0,-999.0,-999.0,-999.0,0,0,-999.0,-999.0,-999.0,-999.0,0,-999.0,-999.0,-999.0,-999.0,-999.0,0,-999.0,-999.0,-999.0,0,0,0.023298565120785715
PSO J139.5998+35.8871,-999,-999,-999,151061395997555122,3578835000024329,214022515351304,0,16486948265492,15106,1,2038,90,0.181339846161511,3578835,49831,3,268959744,0,32,-999.0,-999.0,-999.0,-999.0,139.59976461,35.88711256,0.259660005569458,0.259660005569458,,,,,55249.26106481,-999.0,-0.6169760076396823,0.5250921109717592,0.5861901406474017,130.79357538816754,19.205014235534556,188.0791244354068,44.315914217868674,-999,0,1,0,0,0,0,1,-999.0,-999.0,-999.0,-999.0,0,-999.0,-999.0,-999.0,-999.0,-999.0,0,-999.0,-999.0,-999.0,0,0,-999.0,-999.0,-999.0,-999.0,0,-999.0,-999.0,-999.0,-999.0,-999.0,0,-999.0,-999.0,-999.0,0,0,-999.0,-999.0,-999.0,-999.0,0,-999.0,-999.0,-999.0,-999.0,-999.0,0,-999.0,-999.0,-999.0,0,0,-999.0,-999.0,-999.0,-999.0,0,-999.0,-999.0,-999.0,-999.0,-999.0,0,-999.0,-999.0,-999.0,0,0,0.6781759858131409,19.407800674438477,0.25923100113868713,-999.0,1,19.407800674438477,19.407800674438477,-999.0,-999.0,-999.0,0,-999.0,-999.0,-999.0,0,4112,0.023843842667111002
PSO J139.5996+35.8868,-999,-999,-999,151061395996104787,3578835000024297,214022515351272,0,16486948265708,15106,1,2038,90,0.2063014136686,3578835,49831,3,268959744,0,32,-999.0,-999.0,-999.0,-999.0,139.599625,35.88683044,0.26927998661994934,0.26927998661994934,,,,,55249.28141204,-999.0,-0.6169769262201853,0.525095485039531,0.5861861514084,130.7935577727848,19.204710741699813,188.0795047932412,44.31577885958228,-999,0,1,0,0,1,0,0,-999.0,-999.0,-999.0,-999.0,0,-999.0,-999.0,-999.0,-999.0,-999.0,0,-999.0,-999.0,-999.0,0,0,-999.0,-999.0,-999.0,-999.0,0,-999.0,-999.0,-999.0,-999.0,-999.0,0,-999.0,-999.0,-999.0,0,0,0.4821839928627014,20.57469940185547,0.2688640058040619,-999.0,1,20.57469940185547,20.57469940185547,-999.0,-999.0,-999.0,0,-999.0,-999.0,-999.0,0,4120,-999.0,-999.0,-999.0,-999.0,0,-999.0,-999.0,-999.0,-999.0,-999.0,0,-999.0,-999.0,-999.0,0,0,-999.0,-999.0,-999.0,-999.0,0,-999.0,-999.0,-999.0,-999.0,-999.0,0,-999.0,-999.0,-999.0,0,0,0.024109134413623227
PSO J139.5996+35.8875,-999,-999,-999,151061395995655634,3578835000024286,214022515351261,0,16486948265476,15106,1,2038,90,0.344330245018313,3578835,49831,3,268959744,0,32,-999.0,-999.0,-999.0,-999.0,139.59958494,35.88754371,0.19408999383449554,0.19408999383449554,,,,,55249.24423611,-999.0,-0.616971001837445,0.5250911867593977,0.5861962371760048,130.79328293970255,19.20537590899157,188.0785074818731,44.31580367958681,-999,0,1,0,0,0,1,0,-999.0,-999.0,-999.0,-999.0,0,-999.0,-999.0,-999.0,-999.0,-999.0,0,-999.0,-999.0,-999.0,0,0,-999.0,-999.0,-999.0,-999.0,0,-999.0,-999.0,-999.0,-999.0,-999.0,0,-999.0,-999.0,-999.0,0,0,-999.0,-999.0,-999.0,-999.0,0,-999.0,-999.0,-999.0,-999.0,-999.0,0,-999.0,-999.0,-999.0,0,0,0.6994860172271729,20.44659996032715,0.1935109943151474,-999.0,1,20.44659996032715,20.44659996032715,-999.0,-999.0,-999.0,0,23.515600204467773,0.1935109943151474,-999.0,1,4120,-999.0,-999.0,-999.0,-999.0,0,-999.0,-999.0,-999.0,-999.0,-999.0,0,-999.0,-999.0,-999.0,0,0,0.023397479409889548
PSO J139.5990+35.8852,-999,-999,-999,151061395989532873,3578835000024139,214022515351114,0,16486948265152,15106,1,2038,90,0.44022861350349,3578835,49831,3,268959744,0,32,-999.0,-999.0,-999.0,-999.0,139.59896246,35.88520615,0.23557999730110168,0.23557999730110168,,,,,55259.45986111,-999.0,-0.6169835089696767,0.5251133898384063,0.5861631833132159,130.79357112214822,19.20300010099906,188.0817074686684,44.31511357855535,-999,0,1,0,0,1,0,0,-999.0,-999.0,-999.0,-999.0,0,-999.0,-999.0,-999.0,-999.0,-999.0,0,-999.0,-999.0,-999.0,0,0,-999.0,-999.0,-999.0,-999.0,0,-999.0,-999.0,-999.0,-999.0,-999.0,0,-999.0,-999.0,-999.0,0,0,0.5689629912376404,20.59429931640625,0.23510199785232544,-999.0,1,20.59429931640625,20.59429931640625,-999.0,-999.0,-999.0,0,20.10379981994629,0.23510199785232544,-999.0,1,4112,-999.0,-999.0,-999.0,-999.0,0,-999.0,-999.0,-999.0,-999.0,-999.0,0,-999.0,-999.0,-999.0,0,0,-999.0,-999.0,-999.0,-999.0,0,-999.0,-999.0,-999.0,-999.0,-999.0,0,-999.0,-999.0,-999.0,0,0,0.025664032405084573
PSO J139.5989+35.8873,-999,-999,-999,151061395988605304,3578835000024114,214022515351089,0,16486948263647,15106,1,2038,90,0.230230657598219,3578835,49831,3,268959744,0,32,-999.0,-999.0,-999.0,-999.0,139.59887513,35.88726202,0.2732900083065033,0.2732900083065033,,,,,55249.26556713,-999.0,-0.6169666913850053,0.5251006979867019,0.5861922540389956,130.7928018444499,19.20492463952844,188.07883548878885,44.31520788430834,-999,0,1,0,0,0,0,1,-999.0,-999.0,-999.0,-999.0,0,-999.0,-999.0,-999.0,-999.0,-999.0,0,-999.0,-999.0,-999.0,0,0,-999.0,-999.0,-999.0,-999.0,0,-999.0,-999.0,-999.0,-999.0,-999.0,0,-999.0,-999.0,-999.0,0,0,-999.0,-999.0,-999.0,-999.0,0,-999.0,-999.0,-999.0,-999.0,-999.0,0,-999.0,-999.0,-999.0,0,0,-999.0,-999.0,-999.0,-999.0,0,-999.0,-999.0,-999.0,-999.0,-999.0,0,-999.0,-999.0,-999.0,0,0,0.5833950042724609,19.424299240112305,0.27288299798965454,-999.0,1,19.424299240112305,19.424299240112305,-999.0,-999.0,-999.0,0,-999.0,-999.0,-999.0,0,4112,0.02361129708044095
PSO J139.5982+35.8859,-999,-999,-999,151061395982193721,3578835000023968,214022515350943,0,16486948263241,15106,1,2038,90,0.163240660133996,3578835,49831,3,268959744,0,32,-999.0,-999.0,-999.0,-999.0,139.59824046,35.88593333,0.25126999616622925,0.25126999616622925,,,,,55249.33488426,-999.0,-0.6169712265326449,0.5251163427383605,0.5861734659807559,130.79273743340428,19.203501222890814,188.08062887568295,44.31458881826694,-999,0,1,1,0,0,0,0,0.0,22.000699996948242,0.2508229911327362,-999.0,1,22.000699996948242,22.000699996948242,-999.0,-999.0,-999.0,0,22.273700714111328,0.2508229911327362,-999.0,1,4120,-999.0,-999.0,-999.0,-999.0,0,-999.0,-999.0,-999.0,-999.0,-999.0,0,-999.0,-999.0,-999.0,0,0,-999.0,-999.0,-999.0,-999.0,0,-999.0,-999.0,-999.0,-999.0,-999.0,0,-999.0,-999.0,-999.0,0,0,-999.0,-999.0,-999.0,-999.0,0,-999.0,-999.0,-999.0,-999.0,-999.0,0,-999.0,-999.0,-999.0,0,0,-999.0,-999.0,-999.0,-999.0,0,-999.0,-999.0,-999.0,-999.0,-999.0,0,-999.0,-999.0,-999.0,0,0,0.024888985186862035
PSO J139.5972+35.8902,-999,-999,-999,151061395972028847,3578835000023721,214022515350696,0,16486948219593,15106,1,2038,90,0.762006657907745,3578835,49831,3,302067712,0,36,-999.0,-999.0,-999.0,-999.0,139.59723583,35.89021898,0.18468999862670898,0.18468999862670898,,,,,55249.26556713,-999.0,-0.6169286289812305,0.5250987407870017,0.58623406517128,130.79046539329252,19.20729934008681,188.0745673905441,44.314121040607915,-999,0,1,0,0,0,0,1,-999.0,-999.0,-999.0,-999.0,0,-999.0,-999.0,-999.0,-999.0,-999.0,0,-999.0,-999.0,-999.0,0,0,-999.0,-999.0,-999.0,-999.0,0,-999.0,-999.0,-999.0,-999.0,-999.0,0,-999.0,-999.0,-999.0,0,0,-999.0,-999.0,-999.0,-999.0,0,-999.0,-999.0,-999.0,-999.0,-999.0,0,-999.0,-999.0,-999.0,0,0,-999.0,-999.0,-999.0,-999.0,0,-999.0,-999.0,-999.0,-999.0,-999.0,0,-999.0,-999.0,-999.0,0,0,0.9977149963378906,19.375600814819336,0.1840759962797165,-999.0,1,19.375600814819336,19.375600814819336,18.79330062866211,0.25093498826026917,-999.0,1,19.025100708007812,0.1840759962797165,-999.0,1,272,0.020559515084474653
PSO J139.5966+35.8856,-999,-999,-999,151061395965303275,3578835000023541,214022515350516,0,16486948263326,15106,1,2038,90,0.572574397150962,3578835,49831,3,302067712,0,36,-999.0,-999.0,-999.0,-999.0,139.5965628,35.88556323,0.19461999833583832,0.19461999833583832,,,,,55250.25818287,-999.0,-0.616958733801707,0.5251368620381952,0.5861682326043198,130.79149988776305,19.20271469774607,188.08099210822087,44.3132042960078,-999,0,1,0,0,0,1,0,-999.0,-999.0,-999.0,-999.0,0,-999.0,-999.0,-999.0,-999.0,-999.0,0,-999.0,-999.0,-999.0,0,0,-999.0,-999.0,-999.0,-999.0,0,-999.0,-999.0,-999.0,-999.0,-999.0,0,-999.0,-999.0,-999.0,0,0,-999.0,-999.0,-999.0,-999.0,0,-999.0,-999.0,-999.0,-999.0,-999.0,0,-999.0,-999.0,-999.0,0,0,0.9372400045394897,20.483200073242188,0.19404500722885132,-999.0,1,20.483200073242188,20.483200073242188,-999.0,-999.0,-999.0,1,20.242599487304688,0.19404500722885132,-999.0,1,280,-999.0,-999.0,-999.0,-999.0,0,-999.0,-999.0,-999.0,-999.0,-999.0,0,-999.0,-999.0,-999.0,0,0,0.025192492003211386
PSO J139.5963+35.8900,-999,-999,-999,151061395962618642,3578835000023472,214022515350447,0,16486948219459,15106,1,2038,90,0.805898091575036,3578835,49831,3,268959744,0,32,-999.0,-999.0,-999.0,-999.0,139.59626145,35.89003171,-999.0,-999.0,,,,,-999.0,-999.0,-0.6169211580838,0.525110474235727,0.5862314172376579,130.7897372560855,19.20686875947259,188.07473987141057,44.31331918619779,-999,0,1,1,0,0,0,0,-999.0,-999.0,-999.0,-999.0,0,-999.0,-999.0,21.125600814819336,0.12626899778842926,-999.0,1,-999.0,-999.0,-999.0,0,24,-999.0,-999.0,-999.0,-999.0,0,-999.0,-999.0,-999.0,-999.0,-999.0,0,-999.0,-999.0,-999.0,0,0,-999.0,-999.0,-999.0,-999.0,0,-999.0,-999.0,-999.0,-999.0,-999.0,0,-999.0,-999.0,-999.0,0,0,-999.0,-999.0,-999.0,-999.0,0,-999.0,-999.0,-999.0,-999.0,-999.0,0,-999.0,-999.0,-999.0,0,0,-999.0,-999.0,-999.0,-999.0,0,-999.0,-999.0,-999.0,-999.0,-999.0,0,-999.0,-999.0,-999.0,0,0,0.02072035871784427
PSO J139.5963+35.8843,-999,-999,-999,151061395962451787,3578835000023463,214022515350438,0,16486948273435,15106,1,2038,90,0.831704077154122,3578835,49831,3,268959744,0,32,-999.0,-999.0,-999.0,-999.0,139.59626653,35.88432183,0.29117000102996826,0.29117000102996826,,,,,55249.30935185,-999.0,-0.6169656893961277,0.5251482840300323,0.58615067848487,130.7916807788691,19.201461897017552,188.08269453405734,44.31286544715751,-999,0,1,0,1,0,0,0,-999.0,-999.0,-999.0,-999.0,0,-999.0,-999.0,-999.0,-999.0,-999.0,0,-999.0,-999.0,-999.0,0,0,0.7120270133018494,22.329500198364258,0.29078298807144165,-999.0,1,22.329500198364258,22.329500198364258,-999.0,-999.0,-999.0,0,23.87179946899414,0.29078298807144165,-999.0,1,4120,-999.0,-999.0,-999.0,-999.0,0,-999.0,-999.0,-999.0,-999.0,-999.0,0,-999.0,-999.0,-999.0,0,0,-999.0,-999.0,-999.0,-999.0,0,-999.0,-999.0,-999.0,-999.0,-999.0,0,-999.0,-999.0,-999.0,0,0,-999.0,-999.0,-999.0,-999.0,0,-999.0,-999.0,-999.0,-999.0,-999.0,0,-999.0,-999.0,-999.0,0,0,0.026429837823050882
PSO J139.5962+35.8891,-999,-999,-999,151061395962177470,3578835000023457,214022515350432,0,16486948219049,15106,1,2038,90,0.242872084717147,3578835,49831,3,268513280,0,32,-999.0,-999.0,-999.0,-999.0,139.59623874,35.88905958,0.01728999987244606,0.01728999987244606,,,,,57035.5824537,-999.0,-0.6169285240864845,0.5251171657150939,0.5862176715519746,130.79004900133467,19.20594209460513,188.07609205389195,44.31322293642205,-999,0,1,0,0,1,0,0,-999.0,-999.0,-999.0,-999.0,0,-999.0,-999.0,-999.0,-999.0,-999.0,0,-999.0,-999.0,-999.0,0,0,-999.0,-999.0,-999.0,-999.0,0,-999.0,-999.0,-999.0,-999.0,-999.0,0,-999.0,-999.0,-999.0,0,0,0.9992510080337524,18.308700561523438,0.008596000261604786,-999.0,1,18.308700561523438,18.308700561523438,18.81719970703125,0.01878800056874752,-999.0,1,18.706100463867188,0.008596000261604786,-999.0,1,24,-999.0,-999.0,-999.0,-999.0,0,-999.0,-999.0,-999.0,-999.0,-999.0,0,-999.0,-999.0,-999.0,0,0,-999.0,-999.0,-999.0,-999.0,0,-999.0,-999.0,-999.0,-999.0,-999.0,0,-999.0,-999.0,-999.0,0,0,0.02169215553491387
PSO J139.5960+35.8865,-999,-999,-999,151061395959514375,3578835000023385,214022515350360,0,16486948262977,15106,1,2038,90,0.578563635776344,3578835,49831,3,268959744,0,32,-999.0,-999.0,-999.0,-999.0,139.59596666,35.8864835,0.2229900062084198,0.2229900062084198,,,,,56759.29760417,-999.0,-0.6169461004824714,0.5251371786769516,0.5861812455808216,130.7907028990426,19.203431425061254,188.07965598437505,44.31279667742398,-999,0,1,0,0,1,0,0,-999.0,-999.0,-999.0,-999.0,0,-999.0,-999.0,-999.0,-999.0,-999.0,0,-999.0,-999.0,-999.0,0,0,-999.0,-999.0,-999.0,-999.0,0,-999.0,-999.0,-999.0,-999.0,-999.0,0,-999.0,-999.0,-999.0,0,0,0.6577619910240173,20.15839958190918,0.22248299419879913,-999.0,1,20.15839958190918,20.15839958190918,-999.0,-999.0,-999.0,0,21.482500076293945,0.22248299419879913,-999.0,1,4112,-999.0,-999.0,-999.0,-999.0,0,-999.0,-999.0,-999.0,-999.0,-999.0,0,-999.0,-999.0,-999.0,0,0,-999.0,-999.0,-999.0,-999.0,0,-999.0,-999.0,-999.0,-999.0,-999.0,0,-999.0,-999.0,-999.0,0,0,0.024266560079016102
PSO J139.5958+35.8876,-999,-999,-999,151061395957285843,3578835000023329,214022515350304,0,16486948263154,15106,1,2038,90,0.538494157175062,3578835,49831,3,268959744,0,32,-999.0,-999.0,-999.0,-999.0,139.59580144,35.88762469,0.1657399982213974,0.1657399982213974,,,,,55249.28375,-999.0,-0.6169356954374279,0.5251313899849541,0.5861973822421994,130.7901810350755,19.204469382982456,188.07805124708466,44.31275476310894,-999,0,2,0,0,2,0,0,-999.0,-999.0,-999.0,-999.0,0,-999.0,-999.0,-999.0,-999.0,-999.0,0,-999.0,-999.0,-999.0,0,0,-999.0,-999.0,-999.0,-999.0,0,-999.0,-999.0,-999.0,-999.0,-999.0,0,-999.0,-999.0,-999.0,0,0,0.6825100183486938,20.722900390625,0.024576999247074127,0.03475800156593323,2,20.69849967956543,20.747699737548828,-999.0,-999.0,-999.0,0,21.442100524902344,0.2332109957933426,-999.0,1,4120,-999.0,-999.0,-999.0,-999.0,0,-999.0,-999.0,-999.0,-999.0,-999.0,0,-999.0,-999.0,-999.0,0,0,-999.0,-999.0,-999.0,-999.0,0,-999.0,-999.0,-999.0,-999.0,-999.0,0,-999.0,-999.0,-999.0,0,0,0.023125447818056578
PSO J139.5954+35.8880,-999,-999,-999,151061395953486193,3578835000023243,214022515350218,0,16486948262966,15106,1,2038,90,0.967063305868826,3578835,49831,3,268959744,0,32,-999.0,-999.0,-999.0,-999.0,139.59536234,35.88800282,0.2793099880218506,0.2793099880218506,,,,,55249.26556713,-999.0,-0.6169287249929138,0.5251336103888544,0.5862027290268994,130.78969579787253,19.204713427937467,188.07748463108766,44.31243048268246,-999,0,1,0,0,0,0,1,-999.0,-999.0,-999.0,-999.0,0,-999.0,-999.0,-999.0,-999.0,-999.0,0,-999.0,-999.0,-999.0,0,0,-999.0,-999.0,-999.0,-999.0,0,-999.0,-999.0,-999.0,-999.0,-999.0,0,-999.0,-999.0,-999.0,0,0,-999.0,-999.0,-999.0,-999.0,0,-999.0,-999.0,-999.0,-999.0,-999.0,0,-999.0,-999.0,-999.0,0,0,-999.0,-999.0,-999.0,-999.0,0,-999.0,-999.0,-999.0,-999.0,-999.0,0,-999.0,-999.0,-999.0,0,0,0.7355819940567017,19.6919002532959,0.27890700101852417,-999.0,1,19.6919002532959,19.6919002532959,-999.0,-999.0,-999.0,0,-999.0,-999.0,-999.0,0,4112,0.022751349074123395
PSO J139.5951+35.8845,-999,-999,-999,151061395950972005,3578835000023169,214022515350144,0,16486948270776,15106,1,2038,90,0.756071910034932,3578835,49831,3,268959744,0,32,-999.0,-999.0,-999.0,-999.0,139.59511724,35.88450244,0.30226999521255493,0.30226999521255493,,,,,55249.30418981,-999.0,-0.6169537483924176,0.5251594619287807,0.5861532324326284,130.79068552262964,19.201334299121637,188.0823385239226,44.311951784682044,-999,0,1,0,1,0,0,0,-999.0,-999.0,-999.0,-999.0,0,-999.0,-999.0,-999.0,-999.0,-999.0,0,-999.0,-999.0,-999.0,0,0,0.7689340114593506,22.4606990814209,0.3018980026245117,-999.0,1,22.4606990814209,22.4606990814209,-999.0,-999.0,-999.0,0,24.42650032043457,0.3018980026245117,-999.0,1,4120,-999.0,-999.0,-999.0,-999.0,0,-999.0,-999.0,-999.0,-999.0,-999.0,0,-999.0,-999.0,-999.0,0,0,-999.0,-999.0,-999.0,-999.0,0,-999.0,-999.0,-999.0,-999.0,-999.0,0,-999.0,-999.0,-999.0,0,0,-999.0,-999.0,-999.0,-999.0,0,-999.0,-999.0,-999.0,-999.0,-999.0,0,-999.0,-999.0,-999.0,0,0,0.026255218005673667
PSO J139.5948+35.8867,-999,-999,-999,151061395948134660,3578835000023111,214022515350086,0,16486948270276,15106,1,2038,90,0.468705450621159,3578835,49831,3,268959744,0,32,-999.0,-999.0,-999.0,-999.0,139.59482957,35.88671429,0.2176399976015091,0.2176399976015091,,,,,55650.26423611,-999.0,-0.6169338805229895,0.5251478919795536,0.5861845090176614,130.78970052688305,19.203354531981784,188.07923122664266,44.31189690866309,-999,0,1,0,0,0,1,0,-999.0,-999.0,-999.0,-999.0,0,-999.0,-999.0,-999.0,-999.0,-999.0,0,-999.0,-999.0,-999.0,0,0,-999.0,-999.0,-999.0,-999.0,0,-999.0,-999.0,-999.0,-999.0,-999.0,0,-999.0,-999.0,-999.0,0,0,-999.0,-999.0,-999.0,-999.0,0,-999.0,-999.0,-999.0,-999.0,-999.0,0,-999.0,-999.0,-999.0,0,0,0.10099700093269348,21.14900016784668,0.2171259969472885,-999.0,1,21.14900016784668,21.14900016784668,-999.0,-999.0,-999.0,0,20.889699935913086,0.2171259969472885,-999.0,1,4120,-999.0,-999.0,-999.0,-999.0,0,-999.0,-999.0,-999.0,-999.0,-999.0,0,-999.0,-999.0,-999.0,0,0,0.024051345686106236
PSO J139.5945+35.8833,-999,-999,-999,151061395945160614,3578835000023039,214022515350014,0,16486948274162,15106,1,2038,90,0.729447850705542,3578835,49831,3,268959744,0,32,-999.0,-999.0,-999.0,-999.0,139.59453225,35.88334361,0.3599500060081482,0.3599500060081482,,,,,55650.26423611,-999.0,-0.6169574137978299,0.5251734453342953,0.5861368456901503,130.79060373620342,19.200084674424673,188.08389963774025,44.311386352199214,-999,0,1,0,0,0,1,0,-999.0,-999.0,-999.0,-999.0,0,-999.0,-999.0,-999.0,-999.0,-999.0,0,-999.0,-999.0,-999.0,0,0,-999.0,-999.0,-999.0,-999.0,0,-999.0,-999.0,-999.0,-999.0,-999.0,0,-999.0,-999.0,-999.0,0,0,-999.0,-999.0,-999.0,-999.0,0,-999.0,-999.0,-999.0,-999.0,-999.0,0,-999.0,-999.0,-999.0,0,0,0.06568100303411484,21.684999465942383,0.35963600873947144,-999.0,1,21.684999465942383,21.684999465942383,-999.0,-999.0,-999.0,0,21.35420036315918,0.35963600873947144,-999.0,1,4120,-999.0,-999.0,-999.0,-999.0,0,-999.0,-999.0,-999.0,-999.0,-999.0,0,-999.0,-999.0,-999.0,0,0,0.027428777280879314
PSO J139.5945+35.8875,-999,-999,-999,151061395944845560,3578835000023036,214022515350011,0,16486948270130,15106,1,2038,90,0.488380945742485,3578835,49831,3,268959744,0,32,-999.0,-999.0,-999.0,-999.0,139.59450206,35.88747869,0.22012999653816223,0.22012999653816223,,,,,56344.39150463,-999.0,-0.6169249235508938,0.5251463492289631,0.5861953177851352,130.78917477209745,19.203993438158424,188.07813665724555,44.31169372825607,-999,0,1,0,1,0,0,0,-999.0,-999.0,-999.0,-999.0,0,-999.0,-999.0,-999.0,-999.0,-999.0,0,-999.0,-999.0,-999.0,0,0,0.7682669758796692,21.277299880981445,0.21962200105190277,-999.0,1,21.277299880981445,21.277299880981445,21.14739990234375,0.20312899351119995,-999.0,1,21.521299362182617,0.21962200105190277,-999.0,1,4120,-999.0,-999.0,-999.0,-999.0,0,-999.0,-999.0,-999.0,-999.0,-999.0,0,-999.0,-999.0,-999.0,0,0,-999.0,-999.0,-999.0,-999.0,0,-999.0,-999.0,-999.0,-999.0,-999.0,0,-999.0,-999.0,-999.0,0,0,-999.0,-999.0,-999.0,-999.0,0,-999.0,-999.0,-999.0,-999.0,-999.0,0,-999.0,-999.0,-999.0,0,0,0.02329884555075076
PSO J139.5937+35.8887,-999,-999,-999,151061395937037078,3578835000022840,214022515349815,0,16486948213992,15106,1,2038,90,0.805168270883307,3578835,49831,3,268959744,0,32,-999.0,-999.0,-999.0,-999.0,139.59372198,35.88874722,0.1728300005197525,0.1728300005197525,,,,,55249.24423611,-999.0,-0.6169078908825381,0.5251463358337929,0.5862132548204617,130.7881100443715,19.204992237429252,188.0762987467352,44.311165491876515,-999,0,1,0,0,0,1,0,-999.0,-999.0,-999.0,-999.0,0,-999.0,-999.0,-999.0,-999.0,-999.0,0,-999.0,-999.0,-999.0,0,0,-999.0,-999.0,-999.0,-999.0,0,-999.0,-999.0,-999.0,-999.0,-999.0,0,-999.0,-999.0,-999.0,0,0,-999.0,-999.0,-999.0,-999.0,0,-999.0,-999.0,-999.0,-999.0,-999.0,0,-999.0,-999.0,-999.0,0,0,0.7220969796180725,20.340299606323242,0.17217899858951569,-999.0,1,20.340299606323242,20.340299606323242,-999.0,-999.0,-999.0,0,21.247900009155273,0.17217899858951569,-999.0,1,4120,-999.0,-999.0,-999.0,-999.0,0,-999.0,-999.0,-999.0,-999.0,-999.0,0,-999.0,-999.0,-999.0,0,0,0.022073401542255358
PSO J139.5932+35.8911,-999,-999,-999,151061395932199926,3578835000186982,214022515515580,0,16486948221678,15106,1,2038,90,0.594787379349384,3578835,49831,3,1343750144,0,160,139.59320843,35.89109571,0.0010000000474974513,0.0010000000474974513,139.59320843,35.89109571,0.0010000000474974513,0.0010000000474974513,,,,,55646.49783565,-999.0,-0.6168848868114298,0.5251362894616708,0.5862464617497298,130.7868950867918,19.2070832000983,188.0729806595308,44.31093904313794,-999,1,0,0,0,0,0,0,-999.0,-999.0,-999.0,-999.0,0,-999.0,-999.0,-999.0,-999.0,-999.0,0,-999.0,-999.0,-999.0,0,16416,-999.0,-999.0,-999.0,-999.0,0,-999.0,-999.0,-999.0,-999.0,-999.0,0,-999.0,-999.0,-999.0,0,114720,-999.0,-999.0,-999.0,-999.0,0,-999.0,-999.0,-999.0,-999.0,-999.0,0,-999.0,-999.0,-999.0,0,16416,-999.0,-999.0,-999.0,-999.0,0,-999.0,-999.0,-999.0,-999.0,-999.0,0,-999.0,-999.0,-999.0,0,16416,-999.0,-999.0,-999.0,-999.0,0,-999.0,-999.0,-999.0,-999.0,-999.0,0,-999.0,-999.0,-999.0,0,16416,0.019774848717176878
PSO J139.5930+35.8889,-999,-999,-999,151061395929767254,3578835000022649,214022515349624,0,16486948213959,15106,1,2038,90,0.93125320033287,3578835,49831,3,268959744,0,32,-999.0,-999.0,-999.0,-999.0,139.59300802,35.88887939,0.2876099944114685,0.2876099944114685,,,,,57049.45013889,-999.0,-0.6169003173050145,0.5251531464879252,0.5862151236899336,130.78748500814592,19.204931900720855,188.07604981772286,44.310599532976994,-999,0,1,0,0,1,0,0,-999.0,-999.0,-999.0,-999.0,0,-999.0,-999.0,-999.0,-999.0,-999.0,0,-999.0,-999.0,-999.0,0,0,-999.0,-999.0,-999.0,-999.0,0,-999.0,-999.0,-999.0,-999.0,-999.0,0,-999.0,-999.0,-999.0,0,0,0.623088002204895,22.433500289916992,0.28721898794174194,-999.0,1,22.433500289916992,22.433500289916992,-999.0,-999.0,-999.0,0,-999.0,-999.0,-999.0,0,4120,-999.0,-999.0,-999.0,-999.0,0,-999.0,-999.0,-999.0,-999.0,-999.0,0,-999.0,-999.0,-999.0,0,0,-999.0,-999.0,-999.0,-999.0,0,-999.0,-999.0,-999.0,-999.0,-999.0,0,-999.0,-999.0,-999.0,0,0,0.021995715390689993
PSO J139.5930+35.8843,-999,-999,-999,151061395929631710,3578835000022636,214022515349611,0,16486948273878,15106,1,2038,90,0.60142849534883,3578835,49831,3,268959744,0,32,-999.0,-999.0,-999.0,-999.0,139.59298682,35.88426545,0.37738001346588135,0.37738001346588135,,,,,57049.41266204,-999.0,-0.6169360671804143,0.5251839732354234,0.5861498812322813,130.78903483044078,19.200556213540118,188.08247506919906,44.31021226374032,-999,0,1,0,0,1,0,0,-999.0,-999.0,-999.0,-999.0,0,-999.0,-999.0,-999.0,-999.0,-999.0,0,-999.0,-999.0,-999.0,0,0,-999.0,-999.0,-999.0,-999.0,0,-999.0,-999.0,-999.0,-999.0,-999.0,0,-999.0,-999.0,-999.0,0,0,0.5605639815330505,22.529399871826172,0.3770810067653656,-999.0,1,22.529399871826172,22.529399871826172,-999.0,-999.0,-999.0,0,-999.0,-999.0,-999.0,0,4120,-999.0,-999.0,-999.0,-999.0,0,-999.0,-999.0,-999.0,-999.0,-999.0,0,-999.0,-999.0,-999.0,0,0,-999.0,-999.0,-999.0,-999.0,0,-999.0,-999.0,-999.0,-999.0,-999.0,0,-999.0,-999.0,-999.0,0,0,0.026589478774700324
PSO J139.5927+35.8845,-999,-999,-999,151061395927081990,3578835000022572,214022515349547,0,16486948273702,15106,1,2038,90,0.656286123819916,3578835,49831,3,268959744,0,32,-999.0,-999.0,-999.0,-999.0,139.5927401,35.88449251,0.21065999567508698,0.21065999567508698,,,,,57049.42515046,-999.0,-0.6169320369166214,0.5251851240716593,0.5861530920158524,130.7887572303607,19.200707165943307,188.0821363580269,44.310031240104756,-999,0,1,0,0,1,0,0,-999.0,-999.0,-999.0,-999.0,0,-999.0,-999.0,-999.0,-999.0,-999.0,0,-999.0,-999.0,-999.0,0,0,-999.0,-999.0,-999.0,-999.0,0,-999.0,-999.0,-999.0,-999.0,-999.0,0,-999.0,-999.0,-999.0,0,0,0.6895890235900879,21.994199752807617,0.21012699604034424,-999.0,1,21.994199752807617,21.994199752807617,-999.0,-999.0,-999.0,0,22.426700592041016,0.21012699604034424,-999.0,1,4120,-999.0,-999.0,-999.0,-999.0,0,-999.0,-999.0,-999.0,-999.0,-999.0,0,-999.0,-999.0,-999.0,0,0,-999.0,-999.0,-999.0,-999.0,0,-999.0,-999.0,-999.0,-999.0,-999.0,0,-999.0,-999.0,-999.0,0,0,0.02638196326462001
PSO J139.5926+35.8859,-999,-999,-999,151061395926203653,3578835000022544,214022515349519,0,16486948268645,15106,1,2038,90,0.427130389425094,3578835,49831,3,268959744,0,32,-999.0,-999.0,-999.0,-999.0,139.59263474,35.88588226,0.240229994058609,0.240229994058609,,,,,56759.29760417,-999.0,-0.6169202449492742,0.5251770423033945,0.5861727438299961,130.78819961953644,19.201996116884768,188.0801908915178,44.31005768129257,-999,0,1,0,0,1,0,0,-999.0,-999.0,-999.0,-999.0,0,-999.0,-999.0,-999.0,-999.0,-999.0,0,-999.0,-999.0,-999.0,0,0,-999.0,-999.0,-999.0,-999.0,0,-999.0,-999.0,-999.0,-999.0,-999.0,0,-999.0,-999.0,-999.0,0,0,0.7532669901847839,20.408599853515625,0.2397570013999939,-999.0,1,20.408599853515625,20.408599853515625,-999.0,-999.0,-999.0,0,20.23419952392578,0.2397570013999939,-999.0,1,4112,-999.0,-999.0,-999.0,-999.0,0,-999.0,-999.0,-999.0,-999.0,-999.0,0,-999.0,-999.0,-999.0,0,0,-999.0,-999.0,-999.0,-999.0,0,-999.0,-999.0,-999.0,-999.0,-999.0,0,-999.0,-999.0,-999.0,0,0,0.025008014653875858
PSO J139.5926+35.8883,-999,-999,-999,151061395925836524,3578835000022534,214022515349509,0,16486948213892,15106,1,2038,90,0.314927777568742,3578835,49831,3,268959744,0,32,-999.0,-999.0,-999.0,-999.0,139.59259215,35.8882671,0.369269996881485,0.369269996881485,,,,,55521.60189815,-999.0,-0.6169012757222491,0.5251616849040905,0.5862064659494626,130.78735504061495,19.204243895835333,188.07686497645673,44.31021459668331,-999,0,1,0,0,0,0,1,-999.0,-999.0,-999.0,-999.0,0,-999.0,-999.0,-999.0,-999.0,-999.0,0,-999.0,-999.0,-999.0,0,0,-999.0,-999.0,-999.0,-999.0,0,-999.0,-999.0,-999.0,-999.0,-999.0,0,-999.0,-999.0,-999.0,0,0,-999.0,-999.0,-999.0,-999.0,0,-999.0,-999.0,-999.0,-999.0,-999.0,0,-999.0,-999.0,-999.0,0,0,-999.0,-999.0,-999.0,-999.0,0,-999.0,-999.0,-999.0,-999.0,-999.0,0,-999.0,-999.0,-999.0,0,0,0.3344709873199463,20.29680061340332,0.3689649999141693,-999.0,1,20.29680061340332,20.29680061340332,-999.0,-999.0,-999.0,0,22.792400360107422,0.3689649999141693,-999.0,1,4120,0.022642009218083136
PSO J139.5923+35.8867,-999,-999,-999,151061395922824578,3578835000022451,214022515349426,0,16486948268906,15106,1,2038,90,0.751694922104194,3578835,49831,3,268513280,0,32,-999.0,-999.0,-999.0,-999.0,139.5923134,35.88666174,0.016289999708533287,0.016289999708533287,,,,,55249.30763889,-999.0,-0.6169112272012666,0.5251753329069309,0.5861837659464151,130.7876737677076,19.202650915636365,188.07907590076815,44.3098607173951,-999,0,1,0,1,0,0,0,-999.0,-999.0,-999.0,-999.0,0,-999.0,-999.0,-999.0,-999.0,-999.0,0,-999.0,-999.0,-999.0,0,0,0.9974610209465027,17.9591007232666,0.006347999908030033,-999.0,1,17.9591007232666,17.9591007232666,18.813800811767578,0.0195700004696846,-999.0,1,18.739200592041016,0.006347999908030033,-999.0,1,24,-999.0,-999.0,-999.0,-999.0,0,-999.0,-999.0,-999.0,-999.0,-999.0,0,-999.0,-999.0,-999.0,0,0,-999.0,-999.0,-999.0,-999.0,0,-999.0,-999.0,-999.0,-999.0,-999.0,0,-999.0,-999.0,-999.0,0,0,-999.0,-999.0,-999.0,-999.0,0,-999.0,-999.0,-999.0,-999.0,-999.0,0,-999.0,-999.0,-999.0,0,0,0.02426283756233535
PSO J139.5922+35.8847,-999,-999,-999,151061395921342183,3578835000022421,214022515349396,0,16486948270350,15106,1,2038,90,0.067245061571938,3578835,49831,3,268959744,0,32,-999.0,-999.0,-999.0,-999.0,139.59216308,35.88465485,0.2691499888896942,0.2691499888896942,,,,,57049.43763889,-999.0,-0.6169254831908215,0.5251902605408887,0.5861553876087509,130.78823320945057,19.200710987908653,188.08185778524393,44.30957827694559,-999,0,1,0,0,1,0,0,-999.0,-999.0,-999.0,-999.0,0,-999.0,-999.0,-999.0,-999.0,-999.0,0,-999.0,-999.0,-999.0,0,0,-999.0,-999.0,-999.0,-999.0,0,-999.0,-999.0,-999.0,-999.0,-999.0,0,-999.0,-999.0,-999.0,0,0,0.6035590171813965,22.18670082092285,0.2687300145626068,-999.0,1,22.18670082092285,22.18670082092285,-999.0,-999.0,-999.0,0,-999.0,-999.0,-999.0,0,4120,-999.0,-999.0,-999.0,-999.0,0,-999.0,-999.0,-999.0,-999.0,-999.0,0,-999.0,-999.0,-999.0,0,0,-999.0,-999.0,-999.0,-999.0,0,-999.0,-999.0,-999.0,-999.0,-999.0,0,-999.0,-999.0,-999.0,0,0,0.026270144312597107
PSO J139.5921+35.8859,-999,-999,-999,151061395921163697,3578835000022416,214022515349391,0,16486948268788,15106,1,2038,90,0.910042945211793,3578835,49831,3,268959744,0,32,-999.0,-999.0,-999.0,-999.0,139.59214895,35.88591531,0.24593999981880188,0.24593999981880188,,,,,57049.45013889,-999.0,-0.6169155346791282,0.5251820537466002,0.5861732111706134,130.78779364570875,19.20190118700735,188.08010071942132,44.30966802213269,-999,0,1,0,0,1,0,0,-999.0,-999.0,-999.0,-999.0,0,-999.0,-999.0,-999.0,-999.0,-999.0,0,-999.0,-999.0,-999.0,0,0,-999.0,-999.0,-999.0,-999.0,0,-999.0,-999.0,-999.0,-999.0,-999.0,0,-999.0,-999.0,-999.0,0,0,0.657738983631134,22.256000518798828,0.24548199772834778,-999.0,1,22.256000518798828,22.256000518798828,-999.0,-999.0,-999.0,0,22.684799194335938,0.24548199772834778,-999.0,1,4120,-999.0,-999.0,-999.0,-999.0,0,-999.0,-999.0,-999.0,-999.0,-999.0,0,-999.0,-999.0,-999.0,0,0,-999.0,-999.0,-999.0,-999.0,0,-999.0,-999.0,-999.0,-999.0,-999.0,0,-999.0,-999.0,-999.0,0,0,0.02501988686885989
PSO J139.5916+35.8887,-999,-999,-999,151061395916157060,3578835000022305,214022515349280,0,16486948214392,15106,1,2038,90,0.125052591902253,3578835,49831,3,268959744,0,32,-999.0,-999.0,-999.0,-999.0,139.59162417,35.88872743,0.22100000083446503,0.22100000083446503,,,,,55249.26106481,-999.0,-0.6168888170989348,0.5251690540098608,0.5862129749917386,130.78641213847195,19.20442837949841,188.07613585267498,44.30946982298516,-999,0,1,0,0,0,0,1,-999.0,-999.0,-999.0,-999.0,0,-999.0,-999.0,-999.0,-999.0,-999.0,0,-999.0,-999.0,-999.0,0,0,-999.0,-999.0,-999.0,-999.0,0,-999.0,-999.0,-999.0,-999.0,-999.0,0,-999.0,-999.0,-999.0,0,0,-999.0,-999.0,-999.0,-999.0,0,-999.0,-999.0,-999.0,-999.0,-999.0,0,-999.0,-999.0,-999.0,0,0,-999.0,-999.0,-999.0,-999.0,0,-999.0,-999.0,-999.0,-999.0,-999.0,0,-999.0,-999.0,-999.0,0,0,0.6713650226593018,19.169200897216797,0.22049100697040558,-999.0,1,19.169200897216797,19.169200897216797,-999.0,-999.0,-999.0,0,19.25349998474121,0.22049100697040558,-999.0,1,4112,0.022293276914650877
PSO J139.5916+35.8841,-999,-999,-999,151061395915901537,3578835000022292,214022515349267,0,16486948271675,15106,1,2038,90,0.611105184639902,3578835,49831,3,268959744,0,32,-999.0,-999.0,-999.0,-999.0,139.59162337,35.88411638,0.2952499985694885,0.2952499985694885,,,,,57049.45013889,-999.0,-0.6169247305812269,0.5251996426896479,0.5861477732756021,130.78797751454496,19.200060718920604,188.08255880083374,44.30909919062776,-999,0,1,0,0,1,0,0,-999.0,-999.0,-999.0,-999.0,0,-999.0,-999.0,-999.0,-999.0,-999.0,0,-999.0,-999.0,-999.0,0,0,-999.0,-999.0,-999.0,-999.0,0,-999.0,-999.0,-999.0,-999.0,-999.0,0,-999.0,-999.0,-999.0,0,0,0.6759819984436035,22.49209976196289,0.29486700892448425,-999.0,1,22.49209976196289,22.49209976196289,-999.0,-999.0,-999.0,0,24.199399948120117,0.29486700892448425,-999.0,1,4120,-999.0,-999.0,-999.0,-999.0,0,-999.0,-999.0,-999.0,-999.0,-999.0,0,-999.0,-999.0,-999.0,0,0,-999.0,-999.0,-999.0,-999.0,0,-999.0,-999.0,-999.0,-999.0,-999.0,0,-999.0,-999.0,-999.0,0,0,0.026857987805260723
PSO J139.5914+35.8868,-999,-999,-999,151061395913434700,3578835000022238,214022515349213,0,16486948268861,15106,1,2038,90,0.505405663983343,3578835,49831,3,436285440,0,52,139.59130395,35.88671241,0.0010000000474974513,0.0010000000474974513,139.59136525,35.88675426,0.20268000662326813,0.20268000662326813,,,,,55249.32787037,-999.0,-0.6169018155894263,0.5251849280995784,0.5861850742039669,130.78687189071871,19.202492172111555,188.07886089426626,44.309102446972815,-999,4,1,1,0,0,0,0,0.9982540011405945,22.1156005859375,0.20212100446224213,-999.0,1,22.1156005859375,22.1156005859375,-999.0,-999.0,-999.0,1,21.763599395751953,0.20212100446224213,-999.0,1,115000,-999.0,-999.0,-999.0,-999.0,0,-999.0,-999.0,-999.0,-999.0,-999.0,0,-999.0,-999.0,-999.0,0,114720,-999.0,-999.0,-999.0,-999.0,0,-999.0,-999.0,-999.0,-999.0,-999.0,0,-999.0,-999.0,-999.0,0,114720,-999.0,-999.0,-999.0,-999.0,0,-999.0,-999.0,-999.0,-999.0,-999.0,0,-999.0,-999.0,-999.0,0,114720,-999.0,-999.0,-999.0,-999.0,0,-999.0,-999.0,-999.0,-999.0,-999.0,0,-999.0,-999.0,-999.0,0,16416,0.024275282962032917
PSO J139.5913+35.8871,-999,-999,-999,151061395912795072,3578835000022222,214022515349197,0,16486948268847,15106,1,2038,90,0.872866044633897,3578835,49831,3,268513280,0,32,-999.0,-999.0,-999.0,-999.0,139.59130432,35.88705423,0.02897999994456768,0.02897999994456768,,,,,56795.24583333,-999.0,-0.6168989202618729,0.5251835947205727,0.5861893158495065,130.78672050260204,19.202760462611014,188.07843751356975,44.30907730976479,-999,0,1,0,0,0,0,1,-999.0,-999.0,-999.0,-999.0,0,-999.0,-999.0,-999.0,-999.0,-999.0,0,-999.0,-999.0,-999.0,0,0,-999.0,-999.0,-999.0,-999.0,0,-999.0,-999.0,-999.0,-999.0,-999.0,0,-999.0,-999.0,-999.0,0,0,-999.0,-999.0,-999.0,-999.0,0,-999.0,-999.0,-999.0,-999.0,-999.0,0,-999.0,-999.0,-999.0,0,0,-999.0,-999.0,-999.0,-999.0,0,-999.0,-999.0,-999.0,-999.0,-999.0,0,-999.0,-999.0,-999.0,0,0,0.9978659749031067,18.177600860595703,0.024800000712275505,-999.0,1,18.177600860595703,18.177600860595703,18.876800537109375,0.06209300085902214,-999.0,1,18.901500701904297,0.024800000712275505,-999.0,1,24,0.023986419841198134
PSO J139.5913+35.8886,-999,-999,-999,151061395912446906,3578835000022216,214022515349191,0,16486948214385,15106,1,2038,90,0.685583239128425,3578835,49831,3,268959744,0,32,-999.0,-999.0,-999.0,-999.0,139.59125756,35.88859542,0.19439999759197235,0.19439999759197235,,,,,55249.28141204,-999.0,-0.6168864851939554,0.5251738767262575,0.5862111083810692,130.78615907502663,19.20420808229919,188.07628644894083,44.30916318031495,-999,0,1,0,0,1,0,0,-999.0,-999.0,-999.0,-999.0,0,-999.0,-999.0,-999.0,-999.0,-999.0,0,-999.0,-999.0,-999.0,0,0,-999.0,-999.0,-999.0,-999.0,0,-999.0,-999.0,-999.0,-999.0,-999.0,0,-999.0,-999.0,-999.0,0,0,0.7128390073776245,20.543399810791016,0.1938219964504242,-999.0,1,20.543399810791016,20.543399810791016,-999.0,-999.0,-999.0,0,22.00469970703125,0.1938219964504242,-999.0,1,4120,-999.0,-999.0,-999.0,-999.0,0,-999.0,-999.0,-999.0,-999.0,-999.0,0,-999.0,-999.0,-999.0,0,0,-999.0,-999.0,-999.0,-999.0,0,-999.0,-999.0,-999.0,-999.0,-999.0,0,-999.0,-999.0,-999.0,0,0,0.02247148005900031
PSO J139.5909+35.8830,-999,-999,-999,151061395909270241,3578835000022127,214022515349102,0,16486948271740,15106,1,2038,90,0.438366271963684,3578835,49831,3,268959744,0,32,-999.0,-999.0,-999.0,-999.0,139.59094748,35.88303336,0.259550005197525,0.259550005197525,,,,,55249.30935185,-999.0,-0.6169269712520226,0.5252141023061954,0.5861324584771803,130.78779608779814,19.19885927978354,188.08400594482106,44.308466389917555,-999,0,1,0,1,0,0,0,-999.0,-999.0,-999.0,-999.0,0,-999.0,-999.0,-999.0,-999.0,-999.0,0,-999.0,-999.0,-999.0,0,0,0.5284010171890259,22.256399154663086,0.2591150104999542,-999.0,1,22.256399154663086,22.256399154663086,-999.0,-999.0,-999.0,0,23.52239990234375,0.2591150104999542,-999.0,1,4120,-999.0,-999.0,-999.0,-999.0,0,-999.0,-999.0,-999.0,-999.0,-999.0,0,-999.0,-999.0,-999.0,0,0,-999.0,-999.0,-999.0,-999.0,0,-999.0,-999.0,-999.0,-999.0,-999.0,0,-999.0,-999.0,-999.0,0,0,-999.0,-999.0,-999.0,-999.0,0,-999.0,-999.0,-999.0,-999.0,-999.0,0,-999.0,-999.0,-999.0,0,0,0.028005490774414197
PSO J139.5906+35.8851,-999,-999,-999,151061395909082766,3578835000022126,214022515349101,0,16486948269298,15106,1,2038,90,0.256472988293015,3578835,49831,3,268513280,0,32,-999.0,-999.0,-999.0,-999.0,139.59060922,35.88514283,0.017909999936819077,0.017909999936819077,,,,,56344.36663194,-999.0,-0.6169074385731126,0.5252037551626783,0.5861622879341375,130.7868048186894,19.200769418253763,188.08103683810154,44.30836257630104,-999,0,2,0,0,1,0,1,-999.0,-999.0,-999.0,-999.0,0,-999.0,-999.0,-999.0,-999.0,-999.0,0,-999.0,-999.0,-999.0,0,0,-999.0,-999.0,-999.0,-999.0,0,-999.0,-999.0,-999.0,-999.0,-999.0,0,-999.0,-999.0,-999.0,0,0,0.9987779855728149,18.02560043334961,0.009783999994397163,-999.0,1,18.02560043334961,18.02560043334961,18.765300750732422,0.024444999173283577,-999.0,1,18.693099975585938,0.009783999994397163,-999.0,1,24,-999.0,-999.0,-999.0,-999.0,0,-999.0,-999.0,-999.0,-999.0,-999.0,0,-999.0,-999.0,-999.0,0,0,0.8467109799385071,18.344200134277344,0.2780649960041046,-999.0,1,18.344200134277344,18.344200134277344,-999.0,-999.0,-999.0,1,18.399999618530273,0.2780649960041046,-999.0,1,4112,0.025963354537947545
PSO J139.5908+35.8855,-999,-999,-999,151061395908113163,3578835000022099,214022515349074,0,16486948269286,15106,1,2038,90,0.415088368966326,3578835,49831,3,268959744,0,32,-999.0,-999.0,-999.0,-999.0,139.59082559,35.88547456,0.254940003156662,0.254940003156662,,,,,56759.29760417,-999.0,-0.6169068378022544,0.5251992255086179,0.586166978767971,130.78686797973242,19.201139847056425,188.08059442121146,44.308563938609325,-999,0,1,0,0,1,0,0,-999.0,-999.0,-999.0,-999.0,0,-999.0,-999.0,-999.0,-999.0,-999.0,0,-999.0,-999.0,-999.0,0,0,-999.0,-999.0,-999.0,-999.0,0,-999.0,-999.0,-999.0,-999.0,-999.0,0,-999.0,-999.0,-999.0,0,0,0.8208379745483398,20.52400016784668,0.25450000166893005,-999.0,1,20.52400016784668,20.52400016784668,20.380399703979492,0.24955399334430695,-999.0,1,20.788400650024414,0.25450000166893005,-999.0,1,4112,-999.0,-999.0,-999.0,-999.0,0,-999.0,-999.0,-999.0,-999.0,-999.0,0,-999.0,-999.0,-999.0,0,0,-999.0,-999.0,-999.0,-999.0,0,-999.0,-999.0,-999.0,-999.0,-999.0,0,-999.0,-999.0,-999.0,0,0,0.02560751347149402
PSO J139.5907+35.8889,-999,-999,-999,151061395906937329,3578835000022073,214022515349048,0,16486948214527,15106,1,2038,90,0.981787887384918,3578835,49831,3,268959744,0,32,-999.0,-999.0,-999.0,-999.0,139.59070821,35.88894963,0.17523999512195587,0.17523999512195587,,,,,55249.26556713,-999.0,-0.6168786903448552,0.5251774421229679,0.5862161168746498,130.78559238668433,19.204400835656255,188.0757431652057,44.30874796408436,-999,0,1,0,0,0,0,1,-999.0,-999.0,-999.0,-999.0,0,-999.0,-999.0,-999.0,-999.0,-999.0,0,-999.0,-999.0,-999.0,0,0,-999.0,-999.0,-999.0,-999.0,0,-999.0,-999.0,-999.0,-999.0,-999.0,0,-999.0,-999.0,-999.0,0,0,-999.0,-999.0,-999.0,-999.0,0,-999.0,-999.0,-999.0,-999.0,-999.0,0,-999.0,-999.0,-999.0,0,0,-999.0,-999.0,-999.0,-999.0,0,-999.0,-999.0,-999.0,-999.0,-999.0,0,-999.0,-999.0,-999.0,0,0,0.7754459977149963,19.179000854492188,0.1745930016040802,-999.0,1,19.179000854492188,19.179000854492188,-999.0,-999.0,-999.0,0,19.468900680541992,0.1745930016040802,-999.0,1,4112,0.022202319356945003
PSO J139.5906+35.8887,-999,-999,-999,151061395905796974,3578835000022044,214022515349019,0,16486948214505,15106,1,2038,90,0.411612854722527,3578835,49831,3,268959744,0,32,-999.0,-999.0,-999.0,-999.0,139.59059537,35.88865681,0.23180000483989716,0.23180000483989716,,,,,55249.28607639,-999.0,-0.6168799372543962,0.5251805991292856,0.586211976431066,130.78560014561086,19.204094164625896,188.07614080274178,44.308633354204005,-999,0,1,0,0,1,0,0,-999.0,-999.0,-999.0,-999.0,0,-999.0,-999.0,-999.0,-999.0,-999.0,0,-999.0,-999.0,-999.0,0,0,-999.0,-999.0,-999.0,-999.0,0,-999.0,-999.0,-999.0,-999.0,-999.0,0,-999.0,-999.0,-999.0,0,0,0.7865989804267883,20.836599349975586,0.23131099343299866,-999.0,1,20.836599349975586,20.836599349975586,-999.0,-999.0,-999.0,0,22.061800003051758,0.23131099343299866,-999.0,1,4120,-999.0,-999.0,-999.0,-999.0,0,-999.0,-999.0,-999.0,-999.0,-999.0,0,-999.0,-999.0,-999.0,0,0,-999.0,-999.0,-999.0,-999.0,0,-999.0,-999.0,-999.0,-999.0,-999.0,0,-999.0,-999.0,-999.0,0,0,0.022507179822068523
PSO J139.5903+35.8856,-999,-999,-999,151061395903373331,3578835000021994,214022515348969,0,16486948269142,15106,1,2038,90,0.46926080199821,3578835,49831,3,268959744,0,32,-999.0,-999.0,-999.0,-999.0,139.59034986,35.88558927,0.15131999552249908,0.15131999552249908,,,,,56759.31069444,-999.0,-0.6169015834499081,0.5252035869519559,0.5861686008221485,130.78644244676798,19.20112488094348,188.08039140568076,44.3081889576291,-999,0,1,0,0,1,0,0,-999.0,-999.0,-999.0,-999.0,0,-999.0,-999.0,-999.0,-999.0,-999.0,0,-999.0,-999.0,-999.0,0,0,-999.0,-999.0,-999.0,-999.0,0,-999.0,-999.0,-999.0,-999.0,-999.0,0,-999.0,-999.0,-999.0,0,0,0.7001019716262817,16.403099060058594,0.15057100355625153,-999.0,1,16.403099060058594,16.403099060058594,-999.0,-999.0,-999.0,0,17.50909996032715,0.15057100355625153,-999.0,1,4112,-999.0,-999.0,-999.0,-999.0,0,-999.0,-999.0,-999.0,-999.0,-999.0,0,-999.0,-999.0,-999.0,0,0,-999.0,-999.0,-999.0,-999.0,0,-999.0,-999.0,-999.0,-999.0,-999.0,0,-999.0,-999.0,-999.0,0,0,0.02555926223457505
PSO J139.5902+35.8885,-999,-999,-999,151061395901586794,3578835000021961,214022515348936,0,16486948214298,15106,1,2038,90,0.0546332812445548,3578835,49831,3,268959744,0,32,-999.0,-999.0,-999.0,-999.0,139.59017083,35.8884972,0.45311999320983887,0.45311999320983887,,,,,55275.31780093,-999.0,-0.6168772892735307,0.5251862285669174,0.5862097195562339,130.78530938210136,19.203832674335917,188.07632457643385,44.308277714869156,-999,0,1,1,0,0,0,0,0.6194379925727844,23.026399612426758,0.4528689980506897,-999.0,1,23.026399612426758,23.026399612426758,-999.0,-999.0,-999.0,1,24.232999801635742,0.4528689980506897,-999.0,1,4120,-999.0,-999.0,-999.0,-999.0,0,-999.0,-999.0,-999.0,-999.0,-999.0,0,-999.0,-999.0,-999.0,0,0,-999.0,-999.0,-999.0,-999.0,0,-999.0,-999.0,-999.0,-999.0,-999.0,0,-999.0,-999.0,-999.0,0,0,-999.0,-999.0,-999.0,-999.0,0,-999.0,-999.0,-999.0,-999.0,-999.0,0,-999.0,-999.0,-999.0,0,0,-999.0,-999.0,-999.0,-999.0,0,-999.0,-999.0,-999.0,-999.0,-999.0,0,-999.0,-999.0,-999.0,0,0,0.022731584891327945
PSO J139.5897+35.8889,-999,-999,-999,151061395898787465,3578835000021890,214022515348865,0,16486948216344,15106,1,2038,90,0.487127381830595,3578835,49831,3,268513280,0,32,-999.0,-999.0,-999.0,-999.0,139.58974466,35.88887804,0.021640000864863396,0.021640000864863396,,,,,55249.29931713,-999.0,-0.6168704160010294,0.5251882909968988,0.5862151046010958,130.78483374458,19.20408266064835,188.07575538690836,44.30796411210783,-999,0,2,0,0,1,0,1,-999.0,-999.0,-999.0,-999.0,0,-999.0,-999.0,-999.0,-999.0,-999.0,0,-999.0,-999.0,-999.0,0,0,-999.0,-999.0,-999.0,-999.0,0,-999.0,-999.0,-999.0,-999.0,-999.0,0,-999.0,-999.0,-999.0,0,0,0.965461015701294,18.246700286865234,0.01559200044721365,-999.0,1,18.246700286865234,18.246700286865234,19.00429916381836,0.03875099867582321,-999.0,1,19.003799438476562,0.01559200044721365,-999.0,1,24,-999.0,-999.0,-999.0,-999.0,0,-999.0,-999.0,-999.0,-999.0,-999.0,0,-999.0,-999.0,-999.0,0,0,0.6411169767379761,19.19219970703125,0.23839400708675385,-999.0,1,19.19219970703125,19.19219970703125,-999.0,-999.0,-999.0,0,21.281299591064453,0.23839400708675385,-999.0,1,4112,0.022433095219286874
PSO J139.5893+35.8890,-999,-999,-999,151061395892627392,3578835000021727,214022515348702,0,16486948216374,15106,1,2038,90,0.0495972410306309,3578835,49831,3,268959744,0,32,-999.0,-999.0,-999.0,-999.0,139.58927485,35.889001,0.2339800000190735,0.2339800000190735,,,,,55249.28141204,-999.0,-0.6168651516746335,0.5251925336025544,0.5862168432393948,130.7844102291983,19.204077051997903,188.07554144642768,44.30759458312251,-999,0,1,0,0,1,0,0,-999.0,-999.0,-999.0,-999.0,0,-999.0,-999.0,-999.0,-999.0,-999.0,0,-999.0,-999.0,-999.0,0,0,-999.0,-999.0,-999.0,-999.0,0,-999.0,-999.0,-999.0,-999.0,-999.0,0,-999.0,-999.0,-999.0,0,0,0.7287399768829346,20.76799964904785,0.2334980070590973,-999.0,1,20.76799964904785,20.76799964904785,-999.0,-999.0,-999.0,0,20.98590087890625,0.2334980070590973,-999.0,1,4120,-999.0,-999.0,-999.0,-999.0,0,-999.0,-999.0,-999.0,-999.0,-999.0,0,-999.0,-999.0,-999.0,0,0,-999.0,-999.0,-999.0,-999.0,0,-999.0,-999.0,-999.0,-999.0,-999.0,0,-999.0,-999.0,-999.0,0,0,0.022401339128335473
PSO J139.5891+35.8852,-999,-999,-999,151061395891292812,3578835000021680,214022515348655,0,16486948269941,15106,1,2038,90,0.236303036321237,3578835,49831,3,268959744,0,32,-999.0,-999.0,-999.0,-999.0,139.58914434,35.88518289,0.2812100052833557,0.2812100052833557,,,,,56759.29760417,-999.0,-0.6168936984452139,0.5252192617709106,0.5861628544043074,130.78560085643642,19.2004267228676,188.08084789754943,44.30718278630595,-999,0,1,0,0,1,0,0,-999.0,-999.0,-999.0,-999.0,0,-999.0,-999.0,-999.0,-999.0,-999.0,0,-999.0,-999.0,-999.0,0,0,-999.0,-999.0,-999.0,-999.0,0,-999.0,-999.0,-999.0,-999.0,-999.0,0,-999.0,-999.0,-999.0,0,0,0.8317599892616272,20.618499755859375,0.2808060050010681,-999.0,1,20.618499755859375,20.618499755859375,-999.0,-999.0,-999.0,1,20.971799850463867,0.2808060050010681,-999.0,1,4112,-999.0,-999.0,-999.0,-999.0,0,-999.0,-999.0,-999.0,-999.0,-999.0,0,-999.0,-999.0,-999.0,0,0,-999.0,-999.0,-999.0,-999.0,0,-999.0,-999.0,-999.0,-999.0,-999.0,0,-999.0,-999.0,-999.0,0,0,0.026146231848466123
PSO J139.5887+35.8899,-999,-999,-999,151061395886728549,3578835000021565,214022515348540,0,16486948216506,15106,1,2038,90,0.850028107734423,3578835,49831,3,302067712,0,36,-999.0,-999.0,-999.0,-999.0,139.58869533,35.88994395,0.19134999811649323,0.19134999811649323,,,,,56759.31069444,-999.0,-0.6168524936144976,0.5251925184833768,0.5862301763391784,130.78361908290483,19.204819611800033,188.07417536579453,44.30720223349777,-999,0,1,0,0,1,0,0,-999.0,-999.0,-999.0,-999.0,0,-999.0,-999.0,-999.0,-999.0,-999.0,0,-999.0,-999.0,-999.0,0,0,-999.0,-999.0,-999.0,-999.0,0,-999.0,-999.0,-999.0,-999.0,-999.0,0,-999.0,-999.0,-999.0,0,0,0.9978529810905457,16.861099243164062,0.19076299667358398,-999.0,1,16.861099243164062,16.861099243164062,-999.0,-999.0,-999.0,1,16.831100463867188,0.19076299667358398,-999.0,1,272,-999.0,-999.0,-999.0,-999.0,0,-999.0,-999.0,-999.0,-999.0,-999.0,0,-999.0,-999.0,-999.0,0,0,-999.0,-999.0,-999.0,-999.0,0,-999.0,-999.0,-999.0,-999.0,-999.0,0,-999.0,-999.0,-999.0,0,0,0.021609055471128135
PSO J139.5884+35.8849,-999,-999,-999,151061395883702445,3578835000021490,214022515348465,0,16486948269669,15106,1,2038,90,0.729358541527166,3578835,49831,3,268959744,0,32,-999.0,-999.0,-999.0,-999.0,139.58838911,35.88486916,0.28808000683784485,0.28808000683784485,,,,,55249.30418981,-999.0,-0.6168892191521718,0.5252294738522797,0.5861584180839522,130.7850937009833,19.199933327007876,188.0812162409445,44.30654768925177,-999,0,1,0,1,0,0,0,-999.0,-999.0,-999.0,-999.0,0,-999.0,-999.0,-999.0,-999.0,-999.0,0,-999.0,-999.0,-999.0,0,0,0.7056339979171753,22.418800354003906,0.2876870036125183,-999.0,1,22.418800354003906,22.418800354003906,-999.0,-999.0,-999.0,0,23.46619987487793,0.2876870036125183,-999.0,1,4120,-999.0,-999.0,-999.0,-999.0,0,-999.0,-999.0,-999.0,-999.0,-999.0,0,-999.0,-999.0,-999.0,0,0,-999.0,-999.0,-999.0,-999.0,0,-999.0,-999.0,-999.0,-999.0,-999.0,0,-999.0,-999.0,-999.0,0,0,-999.0,-999.0,-999.0,-999.0,0,-999.0,-999.0,-999.0,-999.0,-999.0,0,-999.0,-999.0,-999.0,0,0,0.026586398939898667
PSO J139.5881+35.8875,-999,-999,-999,151061395880835618,3578835000021418,214022515348393,0,16486948266644,15106,1,2038,90,0.305994537943969,3578835,49831,3,268959744,0,32,-999.0,-999.0,-999.0,-999.0,139.58809628,35.887518,0.28301000595092773,0.28301000595092773,,,,,55249.3515162,-999.0,-0.6168659010852495,0.5252150586315437,0.5861958736335041,130.78395619571444,19.20236616040271,188.0775000756442,44.30652384111637,-999,0,1,1,0,0,0,0,0.6552600264549255,22.296600341796875,0.28260698914527893,-999.0,1,22.296600341796875,22.296600341796875,-999.0,-999.0,-999.0,1,23.929100036621094,0.28260698914527893,-999.0,1,4120,-999.0,-999.0,-999.0,-999.0,0,-999.0,-999.0,-999.0,-999.0,-999.0,0,-999.0,-999.0,-999.0,0,0,-999.0,-999.0,-999.0,-999.0,0,-999.0,-999.0,-999.0,-999.0,-999.0,0,-999.0,-999.0,-999.0,0,0,-999.0,-999.0,-999.0,-999.0,0,-999.0,-999.0,-999.0,-999.0,-999.0,0,-999.0,-999.0,-999.0,0,0,-999.0,-999.0,-999.0,-999.0,0,-999.0,-999.0,-999.0,-999.0,-999.0,0,-999.0,-999.0,-999.0,0,0,0.024076669474337006
PSO J139.5877+35.8896,-999,-999,-999,151061395876568073,3578835000021296,214022515348271,0,16486948213074,15106,1,2038,90,0.48380547434446,3578835,49831,3,268959744,0,32,-999.0,-999.0,-999.0,-999.0,139.58766501,35.88957188,0.23397000133991241,0.23397000133991241,,,,,55249.26106481,-999.0,-0.6168459478001256,0.5252060788672381,0.5862249153724747,130.78290823735375,19.204199490585292,188.07460006029635,44.30634036793222,-999,0,1,0,0,0,0,1,-999.0,-999.0,-999.0,-999.0,0,-999.0,-999.0,-999.0,-999.0,-999.0,0,-999.0,-999.0,-999.0,0,0,-999.0,-999.0,-999.0,-999.0,0,-999.0,-999.0,-999.0,-999.0,-999.0,0,-999.0,-999.0,-999.0,0,0,-999.0,-999.0,-999.0,-999.0,0,-999.0,-999.0,-999.0,-999.0,-999.0,0,-999.0,-999.0,-999.0,0,0,-999.0,-999.0,-999.0,-999.0,0,-999.0,-999.0,-999.0,-999.0,-999.0,0,-999.0,-999.0,-999.0,0,0,0.7546780109405518,19.31909942626953,0.23349100351333618,-999.0,1,19.31909942626953,19.31909942626953,-999.0,-999.0,-999.0,0,19.99489974975586,0.23349100351333618,-999.0,1,4112,0.022203842466188544
PSO J139.5874+35.8898,-999,-999,-999,151061395872888095,3578835000021197,214022515348172,0,16486948213546,15106,1,2038,90,0.500338300597238,3578835,49831,3,302067712,0,36,-999.0,-999.0,-999.0,-999.0,139.58743783,35.88979898,0.19756999611854553,0.19756999611854553,,,,,56759.31069444,-999.0,-0.6168420961582303,0.5252070183268825,0.5862281265064876,130.78264651166566,19.204355567196394,188.07426310232222,44.306175130019064,-999,0,2,0,0,1,0,1,-999.0,-999.0,-999.0,-999.0,0,-999.0,-999.0,-999.0,-999.0,-999.0,0,-999.0,-999.0,-999.0,0,0,-999.0,-999.0,-999.0,-999.0,0,-999.0,-999.0,-999.0,-999.0,-999.0,0,-999.0,-999.0,-999.0,0,0,0.9980570077896118,16.894699096679688,0.19700300693511963,-999.0,1,16.894699096679688,16.894699096679688,-999.0,-999.0,-999.0,1,16.588199615478516,0.19700300693511963,-999.0,1,272,-999.0,-999.0,-999.0,-999.0,0,-999.0,-999.0,-999.0,-999.0,-999.0,0,-999.0,-999.0,-999.0,0,0,0.6675660014152527,19.37929916381836,0.244377002120018,-999.0,1,19.37929916381836,19.37929916381836,-999.0,-999.0,-999.0,0,20.45479965209961,0.244377002120018,-999.0,1,4112,0.022043864495412194
PSO J139.5856+35.8896,-999,-999,-999,151061395856248123,3578835000020769,214022515347744,0,16486948212913,15106,1,2038,90,0.782008862851196,3578835,49831,3,268959744,0,32,-999.0,-999.0,-999.0,-999.0,139.58564,35.8896137,0.21834999322891235,0.21834999322891235,,,,,55249.28607639,-999.0,-0.6168270592277406,0.5252276023805267,0.58622550669692,130.78124857064518,19.20371296024422,188.07435788312011,44.30470845371738,-999,0,1,0,0,1,0,0,-999.0,-999.0,-999.0,-999.0,0,-999.0,-999.0,-999.0,-999.0,-999.0,0,-999.0,-999.0,-999.0,0,0,-999.0,-999.0,-999.0,-999.0,0,-999.0,-999.0,-999.0,-999.0,-999.0,0,-999.0,-999.0,-999.0,0,0,0.6936240196228027,20.63960075378418,0.21783700585365295,-999.0,1,20.63960075378418,20.63960075378418,-999.0,-999.0,-999.0,0,20.611299514770508,0.21783700585365295,-999.0,1,4120,-999.0,-999.0,-999.0,-999.0,0,-999.0,-999.0,-999.0,-999.0,-999.0,0,-999.0,-999.0,-999.0,0,0,-999.0,-999.0,-999.0,-999.0,0,-999.0,-999.0,-999.0,-999.0,-999.0,0,-999.0,-999.0,-999.0,0,0,0.022711583649172834
PSO J139.5853+35.8879,-999,-999,-999,151061395852736073,3578835000020682,214022515347657,0,16486948266218,15106,1,2038,90,0.469306131330604,3578835,49831,3,268959744,0,32,-999.0,-999.0,-999.0,-999.0,139.58527344,35.88789089,-999.0,-999.0,,,,,-999.0,-999.0,-0.6168371194303272,0.5252429762809908,0.5862011463315155,130.78153577202326,19.201985909289075,188.07672419006192,44.30427417528679,-999,0,1,1,0,0,0,0,-999.0,-999.0,-999.0,-999.0,0,-999.0,-999.0,-999.0,-999.0,-999.0,0,-999.0,-999.0,-999.0,0,16,-999.0,-999.0,-999.0,-999.0,0,-999.0,-999.0,-999.0,-999.0,-999.0,0,-999.0,-999.0,-999.0,0,0,-999.0,-999.0,-999.0,-999.0,0,-999.0,-999.0,-999.0,-999.0,-999.0,0,-999.0,-999.0,-999.0,0,0,-999.0,-999.0,-999.0,-999.0,0,-999.0,-999.0,-999.0,-999.0,-999.0,0,-999.0,-999.0,-999.0,0,0,-999.0,-999.0,-999.0,-999.0,0,-999.0,-999.0,-999.0,-999.0,-999.0,0,-999.0,-999.0,-999.0,0,0,0.024426155813795772
PSO J139.5852+35.8900,-999,-999,-999,151061395851868643,3578835000020663,214022515347638,0,16486949068872,15106,1,2038,90,0.556289054971458,3578835,49831,3,268959744,0,32,-999.0,-999.0,-999.0,-999.0,139.58520046,35.89004472,0.20889000594615936,0.20889000594615936,,,,,55249.26556713,-999.0,-0.6168196722979086,0.5252294752076273,0.5862316011948018,130.78074503930978,19.20400701424794,188.07371761145598,44.304388094493724,-999,0,1,0,0,0,0,1,-999.0,-999.0,-999.0,-999.0,0,-999.0,-999.0,-999.0,-999.0,-999.0,0,-999.0,-999.0,-999.0,0,0,-999.0,-999.0,-999.0,-999.0,0,-999.0,-999.0,-999.0,-999.0,-999.0,0,-999.0,-999.0,-999.0,0,0,-999.0,-999.0,-999.0,-999.0,0,-999.0,-999.0,-999.0,-999.0,-999.0,0,-999.0,-999.0,-999.0,0,0,-999.0,-999.0,-999.0,-999.0,0,-999.0,-999.0,-999.0,-999.0,-999.0,0,-999.0,-999.0,-999.0,0,0,0.7329570055007935,19.32740020751953,0.2083510011434555,-999.0,1,19.32740020751953,19.32740020751953,-999.0,-999.0,-999.0,0,19.770200729370117,0.2083510011434555,-999.0,1,4112,0.02244606907028297
PSO J139.5849+35.8880,-999,-999,-999,151061395848846179,3578835000020590,214022515347565,0,16486948266014,15106,1,2038,90,0.504490695432286,3578835,49831,3,268513280,0,32,-999.0,-999.0,-999.0,-999.0,139.58490785,35.8879569,0.017260000109672546,0.017260000109672546,,,,,55250.34751157,-999.0,-0.6168332537783177,0.5252464743047826,0.5862020797162433,130.78121628395274,19.20195344592721,188.0765990257105,44.30398424163674,-999,0,1,1,0,0,0,0,0.99931401014328,17.549100875854492,0.008472999557852745,-999.0,1,17.549100875854492,17.549100875854492,18.402599334716797,0.026125000789761543,-999.0,1,18.38010025024414,0.008472999557852745,-999.0,1,16,-999.0,-999.0,-999.0,-999.0,0,-999.0,-999.0,-999.0,-999.0,-999.0,0,-999.0,-999.0,-999.0,0,0,-999.0,-999.0,-999.0,-999.0,0,-999.0,-999.0,-999.0,-999.0,-999.0,0,-999.0,-999.0,-999.0,0,0,-999.0,-999.0,-999.0,-999.0,0,-999.0,-999.0,-999.0,-999.0,-999.0,0,-999.0,-999.0,-999.0,0,0,-999.0,-999.0,-999.0,-999.0,0,-999.0,-999.0,-999.0,-999.0,-999.0,0,-999.0,-999.0,-999.0,0,0,0.024470588120698817
PSO J139.5849+35.8828,-999,-999,-999,151061395848790012,3578835000020585,214022515347560,0,16486948236365,15106,1,2038,90,0.187687419529713,3578835,49831,3,268959744,0,32,-999.0,-999.0,-999.0,-999.0,139.58489695,35.88284551,0.2931399941444397,0.2931399941444397,,,,,55248.2978588,-999.0,-0.6168729674381985,0.5252804937673032,0.586129802101522,130.78294314994707,19.19710918905758,188.08371729701634,44.303564905264466,-999,0,1,0,1,0,0,0,-999.0,-999.0,-999.0,-999.0,0,-999.0,-999.0,-999.0,-999.0,-999.0,0,-999.0,-999.0,-999.0,0,0,0.7440069913864136,22.17650032043457,0.2927519977092743,-999.0,1,22.17650032043457,22.17650032043457,-999.0,-999.0,-999.0,0,22.17340087890625,0.2927519977092743,-999.0,1,4120,-999.0,-999.0,-999.0,-999.0,0,-999.0,-999.0,-999.0,-999.0,-999.0,0,-999.0,-999.0,-999.0,0,0,-999.0,-999.0,-999.0,-999.0,0,-999.0,-999.0,-999.0,-999.0,-999.0,0,-999.0,-999.0,-999.0,0,0,-999.0,-999.0,-999.0,-999.0,0,-999.0,-999.0,-999.0,-999.0,-999.0,0,-999.0,-999.0,-999.0,0,0,0.029293468270720373
PSO J139.5847+35.8879,-999,-999,-999,151061395846716097,3578835000020544,214022515347519,0,16486948266013,15106,1,2038,90,0.282038086356631,3578835,49831,3,268959744,0,32,-999.0,-999.0,-999.0,-999.0,139.5846711,35.88791099,-999.0,-999.0,,,,,-999.0,-999.0,-0.6168314410417461,0.5252493276221012,0.5862014305466112,130.78103949577854,19.201848449212665,188.07664145516674,44.30378936861038,-999,0,1,1,0,0,0,0,-999.0,-999.0,-999.0,-999.0,0,-999.0,-999.0,-999.0,-999.0,-999.0,0,-999.0,-999.0,-999.0,0,16,-999.0,-999.0,-999.0,-999.0,0,-999.0,-999.0,-999.0,-999.0,-999.0,0,-999.0,-999.0,-999.0,0,0,-999.0,-999.0,-999.0,-999.0,0,-999.0,-999.0,-999.0,-999.0,-999.0,0,-999.0,-999.0,-999.0,0,0,-999.0,-999.0,-999.0,-999.0,0,-999.0,-999.0,-999.0,-999.0,-999.0,0,-999.0,-999.0,-999.0,0,0,-999.0,-999.0,-999.0,-999.0,0,-999.0,-999.0,-999.0,-999.0,-999.0,0,-999.0,-999.0,-999.0,0,0,0.024583668261662295
PSO J139.5845+35.8872,-999,-999,-999,151061395845305207,3578835000020513,214022515347488,0,16486948233392,15106,1,2038,90,0.491116270880323,3578835,49831,3,436285440,0,52,139.5844935,35.88710058,0.0010000000474974513,0.0010000000474974513,139.58448159,35.88717721,0.16997000575065613,0.16997000575065613,,,,,55985.31829861,-999.0,-0.616835419548984,0.5252562350413383,0.586191054810654,130.78113468431388,19.201104187579624,188.07764625794744,44.3035774181702,-999,3,2,0,0,2,0,0,-999.0,-999.0,-999.0,-999.0,0,-999.0,-999.0,-999.0,-999.0,-999.0,0,-999.0,-999.0,-999.0,0,16416,-999.0,-999.0,-999.0,-999.0,0,-999.0,-999.0,-999.0,-999.0,-999.0,0,-999.0,-999.0,-999.0,0,114720,0.970071017742157,21.789199829101562,0.16931000351905823,-999.0,1,21.789199829101562,21.789199829101562,21.329200744628906,0.2158910036087036,-999.0,1,21.301799774169922,0.16931000351905823,-999.0,1,16892208,-999.0,-999.0,-999.0,-999.0,0,-999.0,-999.0,-999.0,-999.0,-999.0,0,-999.0,-999.0,-999.0,0,114720,-999.0,-999.0,-999.0,-999.0,0,-999.0,-999.0,-999.0,-999.0,-999.0,0,-999.0,-999.0,-999.0,0,16416,0.025322516382524647
PSO J139.5562+35.8962,-999,-999,-999,151071395562016079,3578835000013515,214022515340490,0,16486949156803,15107,1,2038,90,0.271044935352211,3578835,49831,3,268959744,0,32,-999.0,-999.0,-999.0,-999.0,139.55620371,35.8962038,0.22988000512123108,0.22988000512123108,,,,,55250.35447917,-999.0,-0.616505817875127,0.5255006907120016,0.5863186851766964,130.75509248557128,19.202309097251632,188.06250485770659,44.28146803883347,-999,0,1,1,0,0,0,0,0.7573239803314209,21.644399642944336,0.22938700020313263,-999.0,1,21.644399642944336,21.644399642944336,21.557600021362305,0.2763330042362213,-999.0,1,21.472900390625,0.22938700020313263,-999.0,1,4120,-999.0,-999.0,-999.0,-999.0,0,-999.0,-999.0,-999.0,-999.0,-999.0,0,-999.0,-999.0,-999.0,0,0,-999.0,-999.0,-999.0,-999.0,0,-999.0,-999.0,-999.0,-999.0,-999.0,0,-999.0,-999.0,-999.0,0,0,-999.0,-999.0,-999.0,-999.0,0,-999.0,-999.0,-999.0,-999.0,-999.0,0,-999.0,-999.0,-999.0,0,0,-999.0,-999.0,-999.0,-999.0,0,-999.0,-999.0,-999.0,-999.0,-999.0,0,-999.0,-999.0,-999.0,0,0,0.0352914543974599
PSO J139.5562+35.8930,-999,-999,-999,151071395562152223,3578835000013517,214022515340492,0,16486949153820,15107,1,2038,90,0.0305197695554418,3578835,49831,3,268959744,0,32,-999.0,-999.0,-999.0,-999.0,139.55622853,35.89301201,0.2132200002670288,0.2132200002670288,,,,,55249.25519676,-999.0,-0.6165309018962816,0.5255216108488241,0.5862735569150418,130.7561960739816,19.199292186325017,188.06695098047223,44.281231388401935,-999,0,1,0,0,0,1,0,-999.0,-999.0,-999.0,-999.0,0,-999.0,-999.0,-999.0,-999.0,-999.0,0,-999.0,-999.0,-999.0,0,0,-999.0,-999.0,-999.0,-999.0,0,-999.0,-999.0,-999.0,-999.0,-999.0,0,-999.0,-999.0,-999.0,0,0,-999.0,-999.0,-999.0,-999.0,0,-999.0,-999.0,-999.0,-999.0,-999.0,0,-999.0,-999.0,-999.0,0,0,0.7384769916534424,20.56839942932129,0.21269400417804718,-999.0,1,20.56839942932129,20.56839942932129,-999.0,-999.0,-999.0,0,22.29840087890625,0.21269400417804718,-999.0,1,4120,-999.0,-999.0,-999.0,-999.0,0,-999.0,-999.0,-999.0,-999.0,-999.0,0,-999.0,-999.0,-999.0,0,0,0.03670531665193567
PSO J139.5567+35.8967,-999,-999,-999,151071395566626651,3578835000013647,214022515340622,0,16486949155924,15107,1,2038,90,0.0378884766603713,3578835,49831,3,268959744,0,32,-999.0,-999.0,-999.0,-999.0,139.55665581,35.89669508,0.33553001284599304,0.33553001284599304,,,,,55650.25525463,-999.0,-0.6165061383036708,0.5254925648259137,0.5863256311526709,130.75529306910465,19.20289185262387,188.06186197730557,44.28187258351212,-999,0,1,0,0,0,1,0,-999.0,-999.0,-999.0,-999.0,0,-999.0,-999.0,-999.0,-999.0,-999.0,0,-999.0,-999.0,-999.0,0,0,-999.0,-999.0,-999.0,-999.0,0,-999.0,-999.0,-999.0,-999.0,-999.0,0,-999.0,-999.0,-999.0,0,0,-999.0,-999.0,-999.0,-999.0,0,-999.0,-999.0,-999.0,-999.0,-999.0,0,-999.0,-999.0,-999.0,0,0,0.7297390103340149,21.7406005859375,0.335193008184433,-999.0,1,21.7406005859375,21.7406005859375,-999.0,-999.0,-999.0,0,-999.0,-999.0,-999.0,0,4120,-999.0,-999.0,-999.0,-999.0,0,-999.0,-999.0,-999.0,-999.0,-999.0,0,-999.0,-999.0,-999.0,0,0,0.034756487556849534
PSO J139.5571+35.8953,-999,-999,-999,151071395571154975,3578835000013778,214022515340753,0,16486949152640,15107,1,2038,90,0.0601406107285438,3578835,49831,3,310456320,0,37,-999.0,-999.0,-999.0,-999.0,139.55712871,35.89529003,0.16471000015735626,0.16471000015735626,,,,,55250.32483796,-999.0,-0.6165214179979562,0.525496803279904,0.5863057656994268,130.75615426238613,19.201683755440907,188.06386124501137,44.28214147546533,-999,0,1,0,1,0,0,0,-999.0,-999.0,-999.0,-999.0,0,-999.0,-999.0,-999.0,-999.0,-999.0,0,-999.0,-999.0,-999.0,0,0,0.9977660179138184,21.359899520874023,0.16402600705623627,-999.0,1,21.359899520874023,21.359899520874023,19.453899383544922,0.08140400052070618,-999.0,1,20.223800659179688,0.16402600705623627,-999.0,1,16777496,-999.0,-999.0,-999.0,-999.0,0,-999.0,-999.0,-999.0,-999.0,-999.0,0,-999.0,-999.0,-999.0,0,0,-999.0,-999.0,-999.0,-999.0,0,-999.0,-999.0,-999.0,-999.0,-999.0,0,-999.0,-999.0,-999.0,0,0,-999.0,-999.0,-999.0,-999.0,0,-999.0,-999.0,-999.0,-999.0,-999.0,0,-999.0,-999.0,-999.0,0,0,0.03500421090863511
PSO J139.5572+35.8976,-999,-999,-999,151071395571737721,3578835000013800,214022515340775,0,16486949144789,15107,1,2038,90,0.8352773411528,3578835,49831,3,277348352,0,33,-999.0,-999.0,-999.0,-999.0,139.55717542,35.89757322,0.1875,0.1875,,,,,55250.32483796,-999.0,-0.616504064805891,0.5254811444057307,0.5863380466521488,130.7554171807537,19.203858582757217,188.06068659578958,44.28236272189312,-999,0,1,0,1,0,0,0,-999.0,-999.0,-999.0,-999.0,0,-999.0,-999.0,-999.0,-999.0,-999.0,0,-999.0,-999.0,-999.0,0,0,0.7107380032539368,21.341999053955078,0.18689900636672974,-999.0,1,21.341999053955078,21.341999053955078,20.80590057373047,0.15805399417877197,-999.0,1,20.813800811767578,0.18689900636672974,-999.0,1,16781336,-999.0,-999.0,-999.0,-999.0,0,-999.0,-999.0,-999.0,-999.0,-999.0,0,-999.0,-999.0,-999.0,0,0,-999.0,-999.0,-999.0,-999.0,0,-999.0,-999.0,-999.0,-999.0,-999.0,0,-999.0,-999.0,-999.0,0,0,-999.0,-999.0,-999.0,-999.0,0,-999.0,-999.0,-999.0,-999.0,-999.0,0,-999.0,-999.0,-999.0,0,0,0.03402217254173874
PSO J139.5573+35.8925,-999,-999,-999,151071395572701552,3578835000013816,214022515340791,0,16486949153875,15107,1,2038,90,0.127074231511982,3578835,49831,3,302067712,0,36,-999.0,-999.0,-999.0,-999.0,139.55730445,35.89245461,0.18978999555110931,0.18978999555110931,,,,,56049.25005787,-999.0,-0.6165451108951487,0.5255137331150606,0.5862656757296658,130.75725952426964,19.199043604576776,188.0678249853547,44.28205534082186,-999,0,1,0,0,0,0,1,-999.0,-999.0,-999.0,-999.0,0,-999.0,-999.0,-999.0,-999.0,-999.0,0,-999.0,-999.0,-999.0,0,0,-999.0,-999.0,-999.0,-999.0,0,-999.0,-999.0,-999.0,-999.0,-999.0,0,-999.0,-999.0,-999.0,0,0,-999.0,-999.0,-999.0,-999.0,0,-999.0,-999.0,-999.0,-999.0,-999.0,0,-999.0,-999.0,-999.0,0,0,-999.0,-999.0,-999.0,-999.0,0,-999.0,-999.0,-999.0,-999.0,-999.0,0,-999.0,-999.0,-999.0,0,0,0.9983670115470886,19.969900131225586,0.1892009973526001,-999.0,1,19.969900131225586,19.969900131225586,19.670000076293945,0.3072449862957001,-999.0,1,19.685100555419922,0.1892009973526001,-999.0,1,280,0.03622319074608407
PSO J139.5576+35.8932,-999,-999,-999,151071395575662362,3578835000013898,214022515340873,0,16486949153983,15107,1,2038,90,0.766798080659283,3578835,49831,3,268959744,0,32,-999.0,-999.0,-999.0,-999.0,139.55757142,35.89315636,0.23183999955654144,0.23183999955654144,,,,,55250.30479167,-999.0,-0.6165420947036727,0.5255062024062137,0.5862755978982982,130.75723825075713,19.1997776515478,188.06687224220173,44.28232736652657,-999,0,1,0,1,0,0,0,-999.0,-999.0,-999.0,-999.0,0,-999.0,-999.0,-999.0,-999.0,-999.0,0,-999.0,-999.0,-999.0,0,0,0.7271019816398621,21.47170066833496,0.2313539981842041,-999.0,1,21.47170066833496,21.47170066833496,-999.0,-999.0,-999.0,1,22.321300506591797,0.2313539981842041,-999.0,1,4120,-999.0,-999.0,-999.0,-999.0,0,-999.0,-999.0,-999.0,-999.0,-999.0,0,-999.0,-999.0,-999.0,0,0,-999.0,-999.0,-999.0,-999.0,0,-999.0,-999.0,-999.0,-999.0,-999.0,0,-999.0,-999.0,-999.0,0,0,-999.0,-999.0,-999.0,-999.0,0,-999.0,-999.0,-999.0,-999.0,-999.0,0,-999.0,-999.0,-999.0,0,0,0.03568544635899502
PSO J139.5576+35.8912,-999,-999,-999,151071395575890094,3578835000013901,214022515340876,0,16486949154227,15107,1,2038,90,0.531947731535833,3578835,49831,3,310456320,0,37,-999.0,-999.0,-999.0,-999.0,139.55759615,35.89122804,0.16596999764442444,0.16596999764442444,,,,,55250.35447917,-999.0,-0.6165573379352773,0.5255187354384232,0.5862483328260853,130.75791289216474,19.197957514802738,188.06955928958357,44.282192200678566,-999,0,1,1,0,0,0,0,0.9753749966621399,21.3843994140625,0.16529299318790436,-999.0,1,21.3843994140625,21.3843994140625,20.535400390625,0.14899200201034546,-999.0,1,20.79159927368164,0.16529299318790436,-999.0,1,16777496,-999.0,-999.0,-999.0,-999.0,0,-999.0,-999.0,-999.0,-999.0,-999.0,0,-999.0,-999.0,-999.0,0,0,-999.0,-999.0,-999.0,-999.0,0,-999.0,-999.0,-999.0,-999.0,-999.0,0,-999.0,-999.0,-999.0,0,0,-999.0,-999.0,-999.0,-999.0,0,-999.0,-999.0,-999.0,-999.0,-999.0,0,-999.0,-999.0,-999.0,0,0,-999.0,-999.0,-999.0,-999.0,0,-999.0,-999.0,-999.0,-999.0,-999.0,0,-999.0,-999.0,-999.0,0,0,0.036657902711021664
PSO J139.5579+35.8974,-999,-999,-999,151071395578607478,3578835000013993,214022515340968,0,16486949144636,15107,1,2038,90,0.91290969020958,3578835,49831,3,1375809536,0,164,139.55769527,35.89740163,0.0010000000474974513,0.0010000000474974513,139.55786312,35.89739855,0.19565999507904053,0.19565999507904053,,,,,57035.55862269,-999.0,-0.6165117323041713,0.5254749042047114,0.5863355771078189,130.75603525089994,19.20387171499908,188.0609923257481,44.28290396663548,-999,1,1,0,0,1,0,0,-999.0,-999.0,-999.0,-999.0,0,-999.0,-999.0,-999.0,-999.0,-999.0,0,-999.0,-999.0,-999.0,0,16416,-999.0,-999.0,-999.0,-999.0,0,-999.0,-999.0,-999.0,-999.0,-999.0,0,-999.0,-999.0,-999.0,0,16416,0.9981520175933838,21.76460075378418,0.19508400559425354,-999.0,1,21.76460075378418,21.76460075378418,21.86090087890625,0.330500990152359,-999.0,1,21.796300888061523,0.19508400559425354,-999.0,1,115000,-999.0,-999.0,-999.0,-999.0,0,-999.0,-999.0,-999.0,-999.0,-999.0,0,-999.0,-999.0,-999.0,0,16416,-999.0,-999.0,-999.0,-999.0,0,-999.0,-999.0,-999.0,-999.0,-999.0,0,-999.0,-999.0,-999.0,0,16416,0.03357840555291297
PSO J139.5581+35.8935,-999,-999,-999,151071395580782817,3578835000014050,214022515341025,0,16486949152067,15107,1,2038,90,0.593676014424931,3578835,49831,3,268959744,0,32,-999.0,-999.0,-999.0,-999.0,139.55808206,35.89349383,0.22427000105381012,0.22427000105381012,,,,,55250.31938657,-999.0,-0.6165441501019704,0.5254984675647845,0.5862803694156083,130.75753862156637,19.200229921247324,188.06644885526,44.28276684346262,-999,0,1,0,1,0,0,0,-999.0,-999.0,-999.0,-999.0,0,-999.0,-999.0,-999.0,-999.0,-999.0,0,-999.0,-999.0,-999.0,0,0,0.6864429712295532,21.4414005279541,0.22376999258995056,-999.0,1,21.4414005279541,21.4414005279541,20.56170082092285,0.15609799325466156,-999.0,1,20.91309928894043,0.22376999258995056,-999.0,1,4120,-999.0,-999.0,-999.0,-999.0,0,-999.0,-999.0,-999.0,-999.0,-999.0,0,-999.0,-999.0,-999.0,0,0,-999.0,-999.0,-999.0,-999.0,0,-999.0,-999.0,-999.0,-999.0,-999.0,0,-999.0,-999.0,-999.0,0,0,-999.0,-999.0,-999.0,-999.0,0,-999.0,-999.0,-999.0,-999.0,-999.0,0,-999.0,-999.0,-999.0,0,0,0.03515925931802882
PSO J139.5582+35.8922,-999,-999,-999,151071395581151270,3578835000014061,214022515341036,0,16486949154815,15107,1,2038,90,0.774400676390529,3578835,49831,3,444751872,7,53,139.55806597,35.89218779,0.0010000000474974513,0.0010000000474974513,139.55818556499176,35.89220166065003,0.035579900841622304,0.035579900841622304,-156.85782155663847,34.50552406927608,23.40261373941805,23.40261373941805,55947.85915217992,7.558613300323486,-0.6165551621774448,0.5255059305277415,0.5862620992120481,130.75806249881404,19.199028430141556,188.06826361649283,44.282745748874426,-999,4,7,2,4,1,0,0,0.999767005443573,21.948999404907227,0.035328999161720276,0.05001699924468994,2,21.915300369262695,21.986000061035156,21.501100540161133,0.01081399992108345,0.015324999578297138,2,21.451900482177734,0.07375899702310562,0.10443700104951859,2,16892984,0.998557984828949,21.77120018005371,0.0747309997677803,0.2104939967393875,2,21.825199127197266,21.974599838256836,21.482099533081055,0.11946800351142883,0.24734200537204742,3,21.592100143432617,0.07033900171518326,0.12875999510288239,3,16892216,0.9996690154075623,21.5531005859375,0.1925159990787506,-999.0,1,21.5531005859375,21.5531005859375,21.16069984436035,0.264164000749588,-999.0,1,21.00189971923828,0.1925159990787506,-999.0,1,16892216,-999.0,-999.0,-999.0,-999.0,0,-999.0,-999.0,-999.0,-999.0,-999.0,0,-999.0,-999.0,-999.0,0,114720,-999.0,-999.0,-999.0,-999.0,0,-999.0,-999.0,-999.0,-999.0,-999.0,0,-999.0,-999.0,-999.0,0,16416,0.03573967840152467
PSO J139.5584+35.8939,-999,-999,-999,151071395584413331,3578835000014153,214022515341128,0,16486949152571,15107,1,2038,90,0.2560049931109,3578835,49831,3,277348352,0,33,-999.0,-999.0,-999.0,-999.0,139.55844492,35.89391805,0.208979994058609,0.208979994058609,,,,,55250.32483796,-999.0,-0.6165441744327304,0.5254917471208956,0.5862863674697645,130.75768946346855,19.20072598563651,188.06589122717457,44.28309396189048,-999,0,1,0,1,0,0,0,-999.0,-999.0,-999.0,-999.0,0,-999.0,-999.0,-999.0,-999.0,-999.0,0,-999.0,-999.0,-999.0,0,0,0.7538650035858154,21.49690055847168,0.2084359973669052,-999.0,1,21.49690055847168,21.49690055847168,20.377199172973633,0.12367299944162369,-999.0,1,20.67569923400879,0.2084359973669052,-999.0,1,16781336,-999.0,-999.0,-999.0,-999.0,0,-999.0,-999.0,-999.0,-999.0,-999.0,0,-999.0,-999.0,-999.0,0,0,-999.0,-999.0,-999.0,-999.0,0,-999.0,-999.0,-999.0,-999.0,-999.0,0,-999.0,-999.0,-999.0,0,0,-999.0,-999.0,-999.0,-999.0,0,-999.0,-999.0,-999.0,-999.0,-999.0,0,-999.0,-999.0,-999.0,0,0,0.03469562519669395
PSO J139.5587+35.8927,-999,-999,-999,151071395586821826,3578835000014211,214022515341186,0,16486949154657,15107,1,2038,90,0.745852685296771,3578835,49831,3,268959744,0,32,-999.0,-999.0,-999.0,-999.0,139.55867162,35.89266877,0.25356999039649963,0.25356999039649963,,,,,55651.25465278,-999.0,-0.6165559825571234,0.5254975997420888,0.5862687037854942,130.75829773676463,19.199601508357784,188.0676512582941,44.28317654754934,-999,0,1,0,0,0,0,1,-999.0,-999.0,-999.0,-999.0,0,-999.0,-999.0,-999.0,-999.0,-999.0,0,-999.0,-999.0,-999.0,0,0,-999.0,-999.0,-999.0,-999.0,0,-999.0,-999.0,-999.0,-999.0,-999.0,0,-999.0,-999.0,-999.0,0,0,-999.0,-999.0,-999.0,-999.0,0,-999.0,-999.0,-999.0,-999.0,-999.0,0,-999.0,-999.0,-999.0,0,0,-999.0,-999.0,-999.0,-999.0,0,-999.0,-999.0,-999.0,-999.0,-999.0,0,-999.0,-999.0,-999.0,0,0,0.7951369881629944,20.249399185180664,0.2531209886074066,-999.0,1,20.249399185180664,20.249399185180664,-999.0,-999.0,-999.0,0,-999.0,-999.0,-999.0,0,4120,0.035161176766435515
PSO J139.5589+35.8969,-999,-999,-999,151071395588636908,3578835000014265,214022515341240,0,16486949083146,15107,1,2038,90,0.426239946322739,3578835,49831,3,310456320,0,37,-999.0,-999.0,-999.0,-999.0,139.55887318,35.89692074,0.19057999551296234,0.19057999551296234,,,,,57033.58118056,-999.0,-0.6165247171063791,0.5254672074573228,0.5863288216384235,130.75701815551253,19.203681421774444,188.0617494419647,44.283681143735635,-999,0,1,0,0,1,0,0,-999.0,-999.0,-999.0,-999.0,0,-999.0,-999.0,-999.0,-999.0,-999.0,0,-999.0,-999.0,-999.0,0,0,-999.0,-999.0,-999.0,-999.0,0,-999.0,-999.0,-999.0,-999.0,-999.0,0,-999.0,-999.0,-999.0,0,0,0.051573000848293304,21.751699447631836,0.1899929940700531,-999.0,1,21.751699447631836,21.751699447631836,21.187299728393555,0.21641099452972412,-999.0,1,21.130699157714844,0.1899929940700531,-999.0,1,16777752,-999.0,-999.0,-999.0,-999.0,0,-999.0,-999.0,-999.0,-999.0,-999.0,0,-999.0,-999.0,-999.0,0,0,-999.0,-999.0,-999.0,-999.0,0,-999.0,-999.0,-999.0,-999.0,-999.0,0,-999.0,-999.0,-999.0,0,0,0.03302661399660295
PSO J139.5591+35.8971,-999,-999,-999,151071395590347222,3578835000014310,214022515341285,0,16486949091384,15107,1,2038,90,0.438977622835876,3578835,49831,3,310456320,0,37,-999.0,-999.0,-999.0,-999.0,139.55906982,35.89710821,0.10636000335216522,0.10636000335216522,,,,,57035.58362269,3.3980000019073486,-0.6165250604267762,0.5254638471003612,0.586331472169325,130.7571142921602,19.203910063060157,188.06150629934166,44.28385498569409,-999,0,2,0,0,2,0,0,-999.0,-999.0,-999.0,-999.0,0,-999.0,-999.0,-999.0,-999.0,-999.0,0,-999.0,-999.0,-999.0,0,0,-999.0,-999.0,-999.0,-999.0,0,-999.0,-999.0,-999.0,-999.0,-999.0,0,-999.0,-999.0,-999.0,0,0,0.05479700118303299,21.49449920654297,0.011404000222682953,0.01621199958026409,2,21.48430061340332,21.507099151611328,-999.0,-999.0,-999.0,2,20.45599937438965,0.1941549926996231,0.27717000246047974,2,16777752,-999.0,-999.0,-999.0,-999.0,0,-999.0,-999.0,-999.0,-999.0,-999.0,0,-999.0,-999.0,-999.0,0,0,-999.0,-999.0,-999.0,-999.0,0,-999.0,-999.0,-999.0,-999.0,-999.0,0,-999.0,-999.0,-999.0,0,0,0.03280360304171077
PSO J139.5591+35.8953,-999,-999,-999,151071395590675004,3578835000014320,214022515341295,0,16486949151883,15107,1,2038,90,0.0123873828094335,3578835,49831,3,268959744,0,32,-999.0,-999.0,-999.0,-999.0,139.55914119,35.89528208,0.1680700033903122,0.1680700033903122,,,,,55903.56032407,-999.0,-0.6165399372937842,0.5254752007796052,0.5863056532964784,130.75779218802276,19.20219884510849,188.06405539096295,44.283765849086556,-999,0,1,0,0,0,0,1,-999.0,-999.0,-999.0,-999.0,0,-999.0,-999.0,-999.0,-999.0,-999.0,0,-999.0,-999.0,-999.0,0,0,-999.0,-999.0,-999.0,-999.0,0,-999.0,-999.0,-999.0,-999.0,-999.0,0,-999.0,-999.0,-999.0,0,0,-999.0,-999.0,-999.0,-999.0,0,-999.0,-999.0,-999.0,-999.0,-999.0,0,-999.0,-999.0,-999.0,0,0,-999.0,-999.0,-999.0,-999.0,0,-999.0,-999.0,-999.0,-999.0,-999.0,0,-999.0,-999.0,-999.0,0,0,0.6526529788970947,19.603200912475586,0.16740399599075317,-999.0,1,19.603200912475586,19.603200912475586,-999.0,-999.0,-999.0,0,19.474300384521484,0.16740399599075317,-999.0,1,4120,0.03355307826504508
PSO J139.5592+35.8974,-999,-999,-999,151071395592117509,3578835000014363,214022515341338,0,16486949091379,15107,1,2038,90,0.419952177833721,3578835,49831,3,268959744,0,32,-999.0,-999.0,-999.0,-999.0,139.55920692,35.89741728,0.26096999645233154,0.26096999645233154,,,,,55250.27738426,-999.0,-0.6165239106054559,0.5254603202265726,0.5863358419192397,130.75712077070688,19.204238424568544,188.06108843154536,44.28399052125105,-999,0,1,0,0,0,0,1,-999.0,-999.0,-999.0,-999.0,0,-999.0,-999.0,-999.0,-999.0,-999.0,0,-999.0,-999.0,-999.0,0,0,-999.0,-999.0,-999.0,-999.0,0,-999.0,-999.0,-999.0,-999.0,-999.0,0,-999.0,-999.0,-999.0,0,0,-999.0,-999.0,-999.0,-999.0,0,-999.0,-999.0,-999.0,-999.0,-999.0,0,-999.0,-999.0,-999.0,0,0,-999.0,-999.0,-999.0,-999.0,0,-999.0,-999.0,-999.0,-999.0,-999.0,0,-999.0,-999.0,-999.0,0,0,0.6478310227394104,19.090299606323242,0.26054200530052185,-999.0,1,19.090299606323242,19.090299606323242,-999.0,-999.0,-999.0,0,18.946699142456055,0.26054200530052185,-999.0,1,4112,0.0325748733641433
PSO J139.5592+35.8950,-999,-999,-999,151071395592244583,3578835000014364,214022515341339,0,16486949152588,15107,1,2038,90,0.347408457051412,3578835,49831,3,268959744,0,32,-999.0,-999.0,-999.0,-999.0,139.55923799,35.8949929,0.29030001163482666,0.29030001163482666,,,,,55249.28607639,-999.0,-0.6165430772194077,0.5254760786398279,0.586301564649228,130.75796900736987,19.20195006545319,188.0644668336415,44.28382076597446,-999,0,1,0,0,1,0,0,-999.0,-999.0,-999.0,-999.0,0,-999.0,-999.0,-999.0,-999.0,-999.0,0,-999.0,-999.0,-999.0,0,0,-999.0,-999.0,-999.0,-999.0,0,-999.0,-999.0,-999.0,-999.0,-999.0,0,-999.0,-999.0,-999.0,0,0,0.76774001121521,21.042600631713867,0.28991198539733887,-999.0,1,21.042600631713867,21.042600631713867,-999.0,-999.0,-999.0,0,22.11639976501465,0.28991198539733887,-999.0,1,4120,-999.0,-999.0,-999.0,-999.0,0,-999.0,-999.0,-999.0,-999.0,-999.0,0,-999.0,-999.0,-999.0,0,0,-999.0,-999.0,-999.0,-999.0,0,-999.0,-999.0,-999.0,-999.0,-999.0,0,-999.0,-999.0,-999.0,0,0,0.033618132292078426
PSO J139.5595+35.8952,-999,-999,-999,151071395594944804,3578835000014425,214022515341400,0,16486949152576,15107,1,2038,90,0.792694800340286,3578835,49831,3,268959744,0,32,-999.0,-999.0,-999.0,-999.0,139.55950874,35.89517897,0.23454999923706055,0.23454999923706055,,,,,55249.26556713,-999.0,-0.616544111212794,0.5254719301028926,0.5863041954504222,130.7581258401629,19.202196627746794,188.06423238840986,44.28405434594472,-999,0,1,0,0,0,0,1,-999.0,-999.0,-999.0,-999.0,0,-999.0,-999.0,-999.0,-999.0,-999.0,0,-999.0,-999.0,-999.0,0,0,-999.0,-999.0,-999.0,-999.0,0,-999.0,-999.0,-999.0,-999.0,-999.0,0,-999.0,-999.0,-999.0,0,0,-999.0,-999.0,-999.0,-999.0,0,-999.0,-999.0,-999.0,-999.0,-999.0,0,-999.0,-999.0,-999.0,0,0,-999.0,-999.0,-999.0,-999.0,0,-999.0,-999.0,-999.0,-999.0,-999.0,0,-999.0,-999.0,-999.0,0,0,0.5926859974861145,19.212200164794922,0.2340729981660843,-999.0,1,19.212200164794922,19.212200164794922,-999.0,-999.0,-999.0,0,21.65839958190918,0.2340729981660843,-999.0,1,4112,0.03333721709599991
PSO J139.5596+35.8923,-999,-999,-999,151071395594961456,3578835000014422,214022515341397,0,16486949154455,15107,1,2038,90,0.915685449648356,3578835,49831,3,268959744,0,32,-999.0,-999.0,-999.0,-999.0,139.55957092,35.89231691,0.14997999370098114,0.14997999370098114,,,,,55903.57219907,-999.0,-0.6165669706989092,0.5254902577499506,0.586263728754441,130.7591479107177,19.199501764823236,188.06822301627219,44.283874425922065,-999,0,1,0,0,0,0,1,-999.0,-999.0,-999.0,-999.0,0,-999.0,-999.0,-999.0,-999.0,-999.0,0,-999.0,-999.0,-999.0,0,0,-999.0,-999.0,-999.0,-999.0,0,-999.0,-999.0,-999.0,-999.0,-999.0,0,-999.0,-999.0,-999.0,0,0,-999.0,-999.0,-999.0,-999.0,0,-999.0,-999.0,-999.0,-999.0,-999.0,0,-999.0,-999.0,-999.0,0,0,-999.0,-999.0,-999.0,-999.0,0,-999.0,-999.0,-999.0,-999.0,-999.0,0,-999.0,-999.0,-999.0,0,0,0.6269320249557495,19.65570068359375,0.14922699332237244,-999.0,1,19.65570068359375,19.65570068359375,-999.0,-999.0,-999.0,0,19.3439998626709,0.14922699332237244,-999.0,1,4120,0.03472400296471942
PSO J139.5598+35.8932,-999,-999,-999,151071395597822580,3578835000014519,214022515341494,0,16486949154333,15107,1,2038,90,0.668476202216443,3578835,49831,3,268959744,0,32,-999.0,-999.0,-999.0,-999.0,139.55982367,35.89323447,0.1895499974489212,0.1895499974489212,,,,,55400.82476852,-999.0,-0.6165621431430802,0.5254814477964335,0.5862767023041049,130.75904181531865,19.200436539033884,188.06696846031497,44.28415231131011,-999,0,2,0,0,0,2,0,-999.0,-999.0,-999.0,-999.0,0,-999.0,-999.0,-999.0,-999.0,-999.0,0,-999.0,-999.0,-999.0,0,0,-999.0,-999.0,-999.0,-999.0,0,-999.0,-999.0,-999.0,-999.0,-999.0,0,-999.0,-999.0,-999.0,0,0,-999.0,-999.0,-999.0,-999.0,0,-999.0,-999.0,-999.0,-999.0,-999.0,0,-999.0,-999.0,-999.0,0,0,0.7045419812202454,20.85890007019043,0.48402899503707886,0.7453619837760925,2,20.58340072631836,21.55150032043457,-999.0,-999.0,-999.0,0,22.0216007232666,0.3079510033130646,-999.0,1,4120,-999.0,-999.0,-999.0,-999.0,0,-999.0,-999.0,-999.0,-999.0,-999.0,0,-999.0,-999.0,-999.0,0,0,0.0340698365473999
PSO J139.5602+35.8951,-999,-999,-999,151071395601664727,3578835000014620,214022515341595,0,16486949083528,15107,1,2038,90,0.436324054781649,3578835,49831,3,268959744,0,32,-999.0,-999.0,-999.0,-999.0,139.56017049,35.8951149,0.21698999404907227,0.21698999404907227,,,,,55249.26106481,-999.0,-0.6165506792105858,0.525465234428114,0.5863032895800367,130.7586852903926,19.202307793788158,188.0643817881879,44.284583539275665,-999,0,1,0,0,0,0,1,-999.0,-999.0,-999.0,-999.0,0,-999.0,-999.0,-999.0,-999.0,-999.0,0,-999.0,-999.0,-999.0,0,0,-999.0,-999.0,-999.0,-999.0,0,-999.0,-999.0,-999.0,-999.0,-999.0,0,-999.0,-999.0,-999.0,0,0,-999.0,-999.0,-999.0,-999.0,0,-999.0,-999.0,-999.0,-999.0,-999.0,0,-999.0,-999.0,-999.0,0,0,-999.0,-999.0,-999.0,-999.0,0,-999.0,-999.0,-999.0,-999.0,-999.0,0,-999.0,-999.0,-999.0,0,0,0.7146400213241577,19.178199768066406,0.2164739966392517,-999.0,1,19.178199768066406,19.178199768066406,-999.0,-999.0,-999.0,0,19.190500259399414,0.2164739966392517,-999.0,1,4112,0.0328946234225042
PSO J139.5605+35.8970,-999,-999,-999,151071395604587024,3578835000014698,214022515341673,0,16486949083271,15107,1,2038,90,0.918267201556142,3578835,49831,3,268959744,0,32,-999.0,-999.0,-999.0,-999.0,139.56053291,35.89696544,0.24424000084400177,0.24424000084400177,,,,,55903.56032407,-999.0,-0.6165395903045319,0.5254490511904658,0.5863294536266784,130.7583515660577,19.20415478338624,188.06183811157996,44.28502489046533,-999,0,1,0,0,0,0,1,-999.0,-999.0,-999.0,-999.0,0,-999.0,-999.0,-999.0,-999.0,-999.0,0,-999.0,-999.0,-999.0,0,0,-999.0,-999.0,-999.0,-999.0,0,-999.0,-999.0,-999.0,-999.0,-999.0,0,-999.0,-999.0,-999.0,0,0,-999.0,-999.0,-999.0,-999.0,0,-999.0,-999.0,-999.0,-999.0,-999.0,0,-999.0,-999.0,-999.0,0,0,-999.0,-999.0,-999.0,-999.0,0,-999.0,-999.0,-999.0,-999.0,-999.0,0,-999.0,-999.0,-999.0,0,0,0.7446119785308838,20.061899185180664,0.24377399682998657,-999.0,1,20.061899185180664,20.061899185180664,-999.0,-999.0,-999.0,0,19.882699966430664,0.24377399682998657,-999.0,1,4120,0.03179133063844524
PSO J139.5605+35.8963,-999,-999,-999,151071395604746166,3578835000014701,214022515341676,0,16486949083297,15107,1,2038,90,0.663268341369246,3578835,49831,3,310456320,0,37,-999.0,-999.0,-999.0,-999.0,139.56047827,35.89630737,0.17570999264717102,0.17570999264717102,,,,,57033.55729167,-999.0,-0.6165442145705463,0.5254540072746204,0.5863201495076144,130.75853056691213,19.203517256369135,188.06274942302542,44.284927895598386,-999,0,1,0,0,1,0,0,-999.0,-999.0,-999.0,-999.0,0,-999.0,-999.0,-999.0,-999.0,-999.0,0,-999.0,-999.0,-999.0,0,0,-999.0,-999.0,-999.0,-999.0,0,-999.0,-999.0,-999.0,-999.0,-999.0,0,-999.0,-999.0,-999.0,0,0,0.7224770188331604,21.594900131225586,0.1750659942626953,-999.0,1,21.594900131225586,21.594900131225586,21.190799713134766,0.2511749863624573,-999.0,1,21.112300872802734,0.1750659942626953,-999.0,1,16777752,-999.0,-999.0,-999.0,-999.0,0,-999.0,-999.0,-999.0,-999.0,-999.0,0,-999.0,-999.0,-999.0,0,0,-999.0,-999.0,-999.0,-999.0,0,-999.0,-999.0,-999.0,-999.0,-999.0,0,-999.0,-999.0,-999.0,0,0,0.03212178012322975
PSO J139.5611+35.8958,-999,-999,-999,151071395610655574,3578835000186617,214022515515215,0,16486949084158,15107,1,2038,90,0.127066964401926,3578835,49831,3,404226048,0,48,139.56106555,35.89580833,0.0010000000474974513,0.0010000000474974513,139.56106555,35.89580833,0.0010000000474974513,0.0010000000474974513,,,,,55646.49783565,-999.0,-0.6165534871645031,0.5254510001183278,0.5863130937817611,130.75917716498134,19.203197071999547,188.06349767704677,44.28536200091456,-999,2,0,0,0,0,0,0,-999.0,-999.0,-999.0,-999.0,0,-999.0,-999.0,-999.0,-999.0,-999.0,0,-999.0,-999.0,-999.0,0,16416,-999.0,-999.0,-999.0,-999.0,0,-999.0,-999.0,-999.0,-999.0,-999.0,0,-999.0,-999.0,-999.0,0,16416,-999.0,-999.0,-999.0,-999.0,0,-999.0,-999.0,-999.0,-999.0,-999.0,0,-999.0,-999.0,-999.0,0,114720,-999.0,-999.0,-999.0,-999.0,0,-999.0,-999.0,-999.0,-999.0,-999.0,0,-999.0,-999.0,-999.0,0,16416,-999.0,-999.0,-999.0,-999.0,0,-999.0,-999.0,-999.0,-999.0,-999.0,0,-999.0,-999.0,-999.0,0,114720,0.03192814795864731
PSO J139.5611+35.8932,-999,-999,-999,151071395611142429,3578835000014852,214022515341827,0,16486949081613,15107,1,2038,90,0.018769774603443,3578835,49831,3,268959744,0,32,-999.0,-999.0,-999.0,-999.0,139.56112798,35.89320031,0.3076399862766266,0.3076399862766266,,,,,55249.26556713,-999.0,-0.6165743713426586,0.5254676386537153,0.5862762193122742,130.76011323529278,19.20074291551262,188.06713470431717,44.28520277924403,-999,0,1,0,0,0,0,1,-999.0,-999.0,-999.0,-999.0,0,-999.0,-999.0,-999.0,-999.0,-999.0,0,-999.0,-999.0,-999.0,0,0,-999.0,-999.0,-999.0,-999.0,0,-999.0,-999.0,-999.0,-999.0,-999.0,0,-999.0,-999.0,-999.0,0,0,-999.0,-999.0,-999.0,-999.0,0,-999.0,-999.0,-999.0,-999.0,-999.0,0,-999.0,-999.0,-999.0,0,0,-999.0,-999.0,-999.0,-999.0,0,-999.0,-999.0,-999.0,-999.0,-999.0,0,-999.0,-999.0,-999.0,0,0,0.5690609812736511,19.763200759887695,0.3072730004787445,-999.0,1,19.763200759887695,19.763200759887695,-999.0,-999.0,-999.0,0,20.527000427246094,0.3072730004787445,-999.0,1,4112,0.033186137562395704
PSO J139.5612+35.8964,-999,-999,-999,151071395611486399,3578835000014872,214022515341847,0,16486949084023,15107,1,2038,90,0.1479803576581,3578835,49831,3,277348352,0,33,-999.0,-999.0,-999.0,-999.0,139.5612253,35.896433,0.18205000460147858,0.18205000460147858,,,,,55903.57219907,-999.0,-0.616550086987121,0.5254451347584549,0.5863219257326497,130.75909490734108,19.203830258719915,188.06264242162217,44.28554118653568,-999,0,1,0,0,0,0,1,-999.0,-999.0,-999.0,-999.0,0,-999.0,-999.0,-999.0,-999.0,-999.0,0,-999.0,-999.0,-999.0,0,0,-999.0,-999.0,-999.0,-999.0,0,-999.0,-999.0,-999.0,-999.0,-999.0,0,-999.0,-999.0,-999.0,0,0,-999.0,-999.0,-999.0,-999.0,0,-999.0,-999.0,-999.0,-999.0,-999.0,0,-999.0,-999.0,-999.0,0,0,-999.0,-999.0,-999.0,-999.0,0,-999.0,-999.0,-999.0,-999.0,-999.0,0,-999.0,-999.0,-999.0,0,0,0.8241850137710571,20.019800186157227,0.18143199384212494,-999.0,1,20.019800186157227,20.019800186157227,19.751399993896484,0.16413600742816925,-999.0,1,19.11750030517578,0.18143199384212494,-999.0,1,16781336,0.031525193998439345
PSO J139.5612+35.8949,-999,-999,-999,151071395612274495,3578835000014891,214022515341866,0,16486949083486,15107,1,2038,90,0.779215794782355,3578835,49831,3,268959744,0,32,-999.0,-999.0,-999.0,-999.0,139.56123154,35.89492202,0.29302000999450684,0.29302000999450684,,,,,55249.26106481,-999.0,-0.6165619122975435,0.5254550967743719,0.586300562491485,130.7596129172131,19.20240064962181,188.0647468545393,44.28542480446405,-999,0,1,0,0,0,0,1,-999.0,-999.0,-999.0,-999.0,0,-999.0,-999.0,-999.0,-999.0,-999.0,0,-999.0,-999.0,-999.0,0,0,-999.0,-999.0,-999.0,-999.0,0,-999.0,-999.0,-999.0,-999.0,-999.0,0,-999.0,-999.0,-999.0,0,0,-999.0,-999.0,-999.0,-999.0,0,-999.0,-999.0,-999.0,-999.0,-999.0,0,-999.0,-999.0,-999.0,0,0,-999.0,-999.0,-999.0,-999.0,0,-999.0,-999.0,-999.0,-999.0,-999.0,0,-999.0,-999.0,-999.0,0,0,0.7547360062599182,19.566200256347656,0.29264000058174133,-999.0,1,19.566200256347656,19.566200256347656,-999.0,-999.0,-999.0,0,20.819900512695312,0.29264000058174133,-999.0,1,4112,0.032235345091436496
PSO J139.5615+35.8929,-999,-999,-999,151071395615022079,3578835000014956,214022515341931,0,16486949081650,15107,1,2038,90,0.0872931239076826,3578835,49831,3,268959744,0,32,-999.0,-999.0,-999.0,-999.0,139.56152066,35.89287659,0.15254999697208405,0.15254999697208405,,,,,55250.34751157,-999.0,-0.6165804937560424,0.5254655614618624,0.5862716421908233,130.76054220148475,19.200538262990726,188.06762117337664,44.28549383651793,-999,0,1,1,0,0,0,0,0.5403199791908264,20.361900329589844,0.15181399881839752,-999.0,1,20.361900329589844,20.361900329589844,20.034799575805664,0.1295509934425354,-999.0,1,19.97909927368164,0.15181399881839752,-999.0,1,4112,-999.0,-999.0,-999.0,-999.0,0,-999.0,-999.0,-999.0,-999.0,-999.0,0,-999.0,-999.0,-999.0,0,0,-999.0,-999.0,-999.0,-999.0,0,-999.0,-999.0,-999.0,-999.0,-999.0,0,-999.0,-999.0,-999.0,0,0,-999.0,-999.0,-999.0,-999.0,0,-999.0,-999.0,-999.0,-999.0,-999.0,0,-999.0,-999.0,-999.0,0,0,-999.0,-999.0,-999.0,-999.0,0,-999.0,-999.0,-999.0,-999.0,-999.0,0,-999.0,-999.0,-999.0,0,0,0.033090378493478075
PSO J139.5618+35.8975,-999,-999,-999,151071395618187608,3578835000015039,214022515342014,0,16486949091755,15107,1,2038,90,0.826254155325009,3578835,49831,3,310456320,0,37,-999.0,-999.0,-999.0,-999.0,139.56181716,35.89751198,0.15711000561714172,0.15711000561714172,,,,,57035.59429398,-999.0,-0.6165471109120838,0.5254316039345606,0.5863371808206586,130.7592095186532,19.205005994784607,188.06119385840634,44.286105765643505,-999,0,1,0,0,1,0,0,-999.0,-999.0,-999.0,-999.0,0,-999.0,-999.0,-999.0,-999.0,-999.0,0,-999.0,-999.0,-999.0,0,0,-999.0,-999.0,-999.0,-999.0,0,-999.0,-999.0,-999.0,-999.0,-999.0,0,-999.0,-999.0,-999.0,0,0,0.0,21.588199615478516,0.1563899964094162,-999.0,1,21.588199615478516,21.588199615478516,21.083900451660156,0.18204399943351746,-999.0,1,20.99519920349121,0.1563899964094162,-999.0,1,16777752,-999.0,-999.0,-999.0,-999.0,0,-999.0,-999.0,-999.0,-999.0,-999.0,0,-999.0,-999.0,-999.0,0,0,-999.0,-999.0,-999.0,-999.0,0,-999.0,-999.0,-999.0,-999.0,-999.0,0,-999.0,-999.0,-999.0,0,0,0.030616922568197903
PSO J139.5619+35.8945,-999,-999,-999,151071395618744034,3578835000015056,214022515342031,0,16486949084568,15107,1,2038,90,0.820644440893684,3578835,49831,3,268959744,0,32,-999.0,-999.0,-999.0,-999.0,139.56188018,35.89453371,0.2100200057029724,0.2100200057029724,,,,,55249.28141204,-999.0,-0.6165708851499465,0.525450694025726,0.5862950722403305,130.76027178770377,19.2022012900192,188.06534652717863,44.28591735573685,-999,0,1,0,0,1,0,0,-999.0,-999.0,-999.0,-999.0,0,-999.0,-999.0,-999.0,-999.0,-999.0,0,-999.0,-999.0,-999.0,0,0,-999.0,-999.0,-999.0,-999.0,0,-999.0,-999.0,-999.0,-999.0,-999.0,0,-999.0,-999.0,-999.0,0,0,0.7093219757080078,20.602699279785156,0.20947900414466858,-999.0,1,20.602699279785156,20.602699279785156,-999.0,-999.0,-999.0,0,21.01930046081543,0.20947900414466858,-999.0,1,4120,-999.0,-999.0,-999.0,-999.0,0,-999.0,-999.0,-999.0,-999.0,-999.0,0,-999.0,-999.0,-999.0,0,0,-999.0,-999.0,-999.0,-999.0,0,-999.0,-999.0,-999.0,-999.0,-999.0,0,-999.0,-999.0,-999.0,0,0,0.03197391972003381
PSO J139.5620+35.8940,-999,-999,-999,151071395619853421,3578835000186626,214022515515224,0,16486949084634,15107,1,2038,90,0.0525977444393539,3578835,49831,3,1343750144,0,160,139.56198519,35.89401455,0.0010000000474974513,0.0010000000474974513,139.56198519,35.89401455,0.0010000000474974513,0.0010000000474974513,,,,,55646.49783565,-999.0,-0.6165758915026582,0.525453009758361,0.5862877318805008,130.76053335454148,19.201736803666584,188.066078953618,44.28596042101811,-999,1,0,0,0,0,0,0,-999.0,-999.0,-999.0,-999.0,0,-999.0,-999.0,-999.0,-999.0,-999.0,0,-999.0,-999.0,-999.0,0,16416,-999.0,-999.0,-999.0,-999.0,0,-999.0,-999.0,-999.0,-999.0,-999.0,0,-999.0,-999.0,-999.0,0,16416,-999.0,-999.0,-999.0,-999.0,0,-999.0,-999.0,-999.0,-999.0,-999.0,0,-999.0,-999.0,-999.0,0,114720,-999.0,-999.0,-999.0,-999.0,0,-999.0,-999.0,-999.0,-999.0,-999.0,0,-999.0,-999.0,-999.0,0,16416,-999.0,-999.0,-999.0,-999.0,0,-999.0,-999.0,-999.0,-999.0,-999.0,0,-999.0,-999.0,-999.0,0,16416,0.0321677330930398
PSO J139.5622+35.8979,-999,-999,-999,151071395622418125,3578835000015172,214022515342147,0,16486949091671,15107,1,2038,90,0.0122241620088221,3578835,49831,3,268513280,0,32,-999.0,-999.0,-999.0,-999.0,139.56223594,35.89793917,0.02119000069797039,0.02119000069797039,,,,,57035.57056713,-999.0,-0.6165476239907449,0.5254242619574256,0.5863432205610137,130.75940476309847,19.205519394251425,188.06063709679916,44.28647821928506,-999,0,1,0,0,1,0,0,-999.0,-999.0,-999.0,-999.0,0,-999.0,-999.0,-999.0,-999.0,-999.0,0,-999.0,-999.0,-999.0,0,0,-999.0,-999.0,-999.0,-999.0,0,-999.0,-999.0,-999.0,-999.0,-999.0,0,-999.0,-999.0,-999.0,0,0,0.02617100067436695,18.779399871826172,0.014960000291466713,-999.0,1,18.779399871826172,18.779399871826172,19.560800552368164,0.040787000209093094,-999.0,1,19.575700759887695,0.014960000291466713,-999.0,1,24,-999.0,-999.0,-999.0,-999.0,0,-999.0,-999.0,-999.0,-999.0,-999.0,0,-999.0,-999.0,-999.0,0,0,-999.0,-999.0,-999.0,-999.0,0,-999.0,-999.0,-999.0,-999.0,-999.0,0,-999.0,-999.0,-999.0,0,0,0.030127228754273223
PSO J139.5623+35.8965,-999,-999,-999,151071395622946376,3578835000015183,214022515342158,0,16486949083877,15107,1,2038,90,0.665459152930844,3578835,49831,3,310456320,0,37,-999.0,-999.0,-999.0,-999.0,139.56230125,35.89648177,0.1627800017595291,0.1627800017595291,,,,,57035.55862269,-999.0,-0.616559574291899,0.5254332328408617,0.5863226152685849,130.75995259803682,19.204155881988683,188.0626723337152,44.28641389056808,-999,0,1,0,0,1,0,0,-999.0,-999.0,-999.0,-999.0,0,-999.0,-999.0,-999.0,-999.0,-999.0,0,-999.0,-999.0,-999.0,0,0,-999.0,-999.0,-999.0,-999.0,0,-999.0,-999.0,-999.0,-999.0,-999.0,0,-999.0,-999.0,-999.0,0,0,0.6114190220832825,21.549299240112305,0.16209100186824799,-999.0,1,21.549299240112305,21.549299240112305,20.6648006439209,0.1808069944381714,-999.0,1,20.944400787353516,0.16209100186824799,-999.0,1,16777752,-999.0,-999.0,-999.0,-999.0,0,-999.0,-999.0,-999.0,-999.0,-999.0,0,-999.0,-999.0,-999.0,0,0,-999.0,-999.0,-999.0,-999.0,0,-999.0,-999.0,-999.0,-999.0,-999.0,0,-999.0,-999.0,-999.0,0,0,0.03072859235802605
PSO J139.5625+35.8946,-999,-999,-999,151071395624524090,3578835000015228,214022515342203,0,16486949084596,15107,1,2038,90,0.75644940580842,3578835,49831,3,268959744,0,32,-999.0,-999.0,-999.0,-999.0,139.56246592,35.89458459,0.18501999974250793,0.18501999974250793,,,,,55249.26556713,-999.0,-0.6165758605789686,0.5254440530381647,0.5862957916258063,130.76073045623704,19.202401605942182,188.06532895435151,44.286394416374996,-999,0,1,0,0,0,0,1,-999.0,-999.0,-999.0,-999.0,0,-999.0,-999.0,-999.0,-999.0,-999.0,0,-999.0,-999.0,-999.0,0,0,-999.0,-999.0,-999.0,-999.0,0,-999.0,-999.0,-999.0,-999.0,-999.0,0,-999.0,-999.0,-999.0,0,0,-999.0,-999.0,-999.0,-999.0,0,-999.0,-999.0,-999.0,-999.0,-999.0,0,-999.0,-999.0,-999.0,0,0,-999.0,-999.0,-999.0,-999.0,0,-999.0,-999.0,-999.0,-999.0,-999.0,0,-999.0,-999.0,-999.0,0,0,0.6028850078582764,18.96310043334961,0.18440699577331543,-999.0,1,18.96310043334961,18.96310043334961,-999.0,-999.0,-999.0,0,19.97760009765625,0.18440699577331543,-999.0,1,4112,0.03153981216954101
PSO J139.5625+35.8943,-999,-999,-999,151071395625353728,3578835000015253,214022515342228,0,16486949084591,15107,1,2038,90,0.390406069709366,3578835,49831,3,268959744,0,32,-999.0,-999.0,-999.0,-999.0,139.56254891,35.89428132,0.17017999291419983,0.17017999291419983,,,,,55249.28607639,-999.0,-0.6165789836142057,0.5254451728057589,0.5862915037252368,130.76090084296095,19.202135896473333,188.06575877706956,44.28643705569186,-999,0,1,0,0,1,0,0,-999.0,-999.0,-999.0,-999.0,0,-999.0,-999.0,-999.0,-999.0,-999.0,0,-999.0,-999.0,-999.0,0,0,-999.0,-999.0,-999.0,-999.0,0,-999.0,-999.0,-999.0,-999.0,-999.0,0,-999.0,-999.0,-999.0,0,0,0.4262250065803528,20.33329963684082,0.1695220023393631,-999.0,1,20.33329963684082,20.33329963684082,-999.0,-999.0,-999.0,0,20.964000701904297,0.1695220023393631,-999.0,1,4120,-999.0,-999.0,-999.0,-999.0,0,-999.0,-999.0,-999.0,-999.0,-999.0,0,-999.0,-999.0,-999.0,0,0,-999.0,-999.0,-999.0,-999.0,0,-999.0,-999.0,-999.0,-999.0,-999.0,0,-999.0,-999.0,-999.0,0,0,0.031638946324274546
PSO J139.5626+35.8950,-999,-999,-999,151071395625474587,3578835000015258,214022515342233,0,16486949085069,15107,1,2038,90,0.498778034466112,3578835,49831,3,268959744,0,32,-999.0,-999.0,-999.0,-999.0,139.56256073,35.89500271,0.18087999522686005,0.18087999522686005,,,,,55249.24423611,-999.0,-0.6165734735829023,0.525440257614457,0.5863017033507298,130.760665550598,19.202822279636187,188.0647553831555,44.286504574085086,-999,0,1,0,0,0,1,0,-999.0,-999.0,-999.0,-999.0,0,-999.0,-999.0,-999.0,-999.0,-999.0,0,-999.0,-999.0,-999.0,0,0,-999.0,-999.0,-999.0,-999.0,0,-999.0,-999.0,-999.0,-999.0,-999.0,0,-999.0,-999.0,-999.0,0,0,-999.0,-999.0,-999.0,-999.0,0,-999.0,-999.0,-999.0,-999.0,-999.0,0,-999.0,-999.0,-999.0,0,0,0.6399809718132019,20.2460994720459,0.1802539974451065,-999.0,1,20.2460994720459,20.2460994720459,-999.0,-999.0,-999.0,0,-999.0,-999.0,-999.0,0,4120,-999.0,-999.0,-999.0,-999.0,0,-999.0,-999.0,-999.0,-999.0,-999.0,0,-999.0,-999.0,-999.0,0,0,0.03126113863510229
PSO J139.5627+35.8969,-999,-999,-999,151071395626516820,3578835000015288,214022515342263,0,16486949083677,15107,1,2038,90,0.0294532394310955,3578835,49831,3,268513280,0,32,-999.0,-999.0,-999.0,-999.0,139.56267477,35.89685454,0.019659999758005142,0.019659999758005142,,,,,55248.30240741,-999.0,-0.6165600962531296,0.5254267391278173,0.5863278856730593,130.76012954527874,19.204605981194824,188.06218723790175,44.28674543706515,-999,0,1,0,1,0,0,0,-999.0,-999.0,-999.0,-999.0,0,-999.0,-999.0,-999.0,-999.0,-999.0,0,-999.0,-999.0,-999.0,0,0,0.9983569979667664,18.74250030517578,0.012706000357866287,-999.0,1,18.74250030517578,18.74250030517578,19.389299392700195,0.03159800171852112,-999.0,1,19.3356990814209,0.012706000357866287,-999.0,1,24,-999.0,-999.0,-999.0,-999.0,0,-999.0,-999.0,-999.0,-999.0,-999.0,0,-999.0,-999.0,-999.0,0,0,-999.0,-999.0,-999.0,-999.0,0,-999.0,-999.0,-999.0,-999.0,-999.0,0,-999.0,-999.0,-999.0,0,0,-999.0,-999.0,-999.0,-999.0,0,-999.0,-999.0,-999.0,-999.0,-999.0,0,-999.0,-999.0,-999.0,0,0,0.03028808172657564
PSO J139.5632+35.8936,-999,-999,-999,151071395631642872,3578835000015411,214022515342386,0,16486949084484,15107,1,2038,90,0.518449497892009,3578835,49831,3,268959744,0,32,-999.0,-999.0,-999.0,-999.0,139.56317931,35.89355186,0.2242400050163269,0.2242400050163269,,,,,55249.25519676,-999.0,-0.6165904460509242,0.525443230237708,0.5862811899047122,130.76166071031278,19.201608661701417,188.0668318236737,44.28688746353866,-999,0,1,0,0,0,1,0,-999.0,-999.0,-999.0,-999.0,0,-999.0,-999.0,-999.0,-999.0,-999.0,0,-999.0,-999.0,-999.0,0,0,-999.0,-999.0,-999.0,-999.0,0,-999.0,-999.0,-999.0,-999.0,-999.0,0,-999.0,-999.0,-999.0,0,0,-999.0,-999.0,-999.0,-999.0,0,-999.0,-999.0,-999.0,-999.0,-999.0,0,-999.0,-999.0,-999.0,0,0,0.5149340033531189,20.35420036315918,0.22373299300670624,-999.0,1,20.35420036315918,20.35420036315918,-999.0,-999.0,-999.0,0,25.0049991607666,0.22373299300670624,-999.0,1,4120,-999.0,-999.0,-999.0,-999.0,0,-999.0,-999.0,-999.0,-999.0,-999.0,0,-999.0,-999.0,-999.0,0,0,0.03159524137336168
PSO J139.5633+35.8982,-999,-999,-999,151071395633128474,3578835000015454,214022515342429,0,16486949092756,15107,1,2038,90,0.0254404451934997,3578835,49831,3,268513280,0,32,-999.0,-999.0,-999.0,-999.0,139.5633078,35.89822962,0.020560000091791153,0.020560000091791153,,,,,57035.57056713,-999.0,-0.616555190914095,0.5254107999110914,0.5863473270116193,130.76017707014444,19.20607287966985,188.06033006953734,44.28736701170037,-999,0,1,0,0,1,0,0,-999.0,-999.0,-999.0,-999.0,0,-999.0,-999.0,-999.0,-999.0,-999.0,0,-999.0,-999.0,-999.0,0,0,-999.0,-999.0,-999.0,-999.0,0,-999.0,-999.0,-999.0,-999.0,-999.0,0,-999.0,-999.0,-999.0,0,0,0.22330500185489655,18.693300247192383,0.014062999747693539,-999.0,1,18.693300247192383,18.693300247192383,19.42729949951172,0.03623899817466736,-999.0,1,19.505800247192383,0.014062999747693539,-999.0,1,24,-999.0,-999.0,-999.0,-999.0,0,-999.0,-999.0,-999.0,-999.0,-999.0,0,-999.0,-999.0,-999.0,0,0,-999.0,-999.0,-999.0,-999.0,0,-999.0,-999.0,-999.0,-999.0,-999.0,0,-999.0,-999.0,-999.0,0,0,0.029218071331326912
PSO J139.5634+35.8985,-999,-999,-999,151071395634088851,3578835000015469,214022515342444,0,16486949092783,15107,1,2038,90,0.660588848088485,3578835,49831,3,302067712,0,36,-999.0,-999.0,-999.0,-999.0,139.56342293,35.89854867,0.22514000535011292,0.22514000535011292,,,,,55249.31701389,-999.0,-0.6165537615462184,0.5254074432606024,0.5863518377984038,130.76016229891968,19.206404988274365,188.05989627297024,44.287485590239214,-999,0,1,0,1,0,0,0,-999.0,-999.0,-999.0,-999.0,0,-999.0,-999.0,-999.0,-999.0,-999.0,0,-999.0,-999.0,-999.0,0,0,0.8798279762268066,21.91939926147461,0.22463500499725342,-999.0,1,21.91939926147461,21.91939926147461,-999.0,-999.0,-999.0,1,21.964000701904297,0.22463500499725342,-999.0,1,280,-999.0,-999.0,-999.0,-999.0,0,-999.0,-999.0,-999.0,-999.0,-999.0,0,-999.0,-999.0,-999.0,0,0,-999.0,-999.0,-999.0,-999.0,0,-999.0,-999.0,-999.0,-999.0,-999.0,0,-999.0,-999.0,-999.0,0,0,-999.0,-999.0,-999.0,-999.0,0,-999.0,-999.0,-999.0,-999.0,-999.0,0,-999.0,-999.0,-999.0,0,0,0.028998109760084625
PSO J139.5637+35.8972,-999,-999,-999,151071395637047206,3578835000015550,214022515342525,0,16486949092623,15107,1,2038,90,0.500416243914902,3578835,49831,3,302067712,0,36,-999.0,-999.0,-999.0,-999.0,139.56371359,35.89717438,0.1777999997138977,0.1777999997138977,,,,,57033.56925926,-999.0,-0.6165671313668956,0.525413437389908,0.586332407707538,130.76086503598847,19.20517872846538,188.0618363018653,44.28760992656401,-999,0,1,0,0,1,0,0,-999.0,-999.0,-999.0,-999.0,0,-999.0,-999.0,-999.0,-999.0,-999.0,0,-999.0,-999.0,-999.0,0,0,-999.0,-999.0,-999.0,-999.0,0,-999.0,-999.0,-999.0,-999.0,-999.0,0,-999.0,-999.0,-999.0,0,0,0.0,21.590299606323242,0.1771640032529831,-999.0,1,21.590299606323242,21.590299606323242,21.060800552368164,0.2598240077495575,-999.0,1,21.188899993896484,0.1771640032529831,-999.0,1,536,-999.0,-999.0,-999.0,-999.0,0,-999.0,-999.0,-999.0,-999.0,-999.0,0,-999.0,-999.0,-999.0,0,0,-999.0,-999.0,-999.0,-999.0,0,-999.0,-999.0,-999.0,-999.0,-999.0,0,-999.0,-999.0,-999.0,0,0,0.029393807182461318
PSO J139.5642+35.8943,-999,-999,-999,151071395641713764,3578835000015664,214022515342639,0,16486949085025,15107,1,2038,90,0.637514784594546,3578835,49831,3,268959744,0,32,-999.0,-999.0,-999.0,-999.0,139.56417595,35.89431277,0.29093998670578003,0.29093998670578003,,,,,55249.26106481,-999.0,-0.6165936595928259,0.5254274547435263,0.5862919483940284,130.76221221428983,19.202588250999447,188.06586295412544,44.28775338516179,-999,0,1,0,0,0,0,1,-999.0,-999.0,-999.0,-999.0,0,-999.0,-999.0,-999.0,-999.0,-999.0,0,-999.0,-999.0,-999.0,0,0,-999.0,-999.0,-999.0,-999.0,0,-999.0,-999.0,-999.0,-999.0,-999.0,0,-999.0,-999.0,-999.0,0,0,-999.0,-999.0,-999.0,-999.0,0,-999.0,-999.0,-999.0,-999.0,-999.0,0,-999.0,-999.0,-999.0,0,0,-999.0,-999.0,-999.0,-999.0,0,-999.0,-999.0,-999.0,-999.0,-999.0,0,-999.0,-999.0,-999.0,0,0,0.7284330129623413,19.54050064086914,0.29055801033973694,-999.0,1,19.54050064086914,19.54050064086914,-999.0,-999.0,-999.0,0,-999.0,-999.0,-999.0,0,4112,0.03050438122880078
PSO J139.5646+35.8922,-999,-999,-999,151071395645521259,3578835000015762,214022515342737,0,16486949081515,15107,1,2038,90,0.645312552941323,3578835,49831,3,268959744,0,32,-999.0,-999.0,-999.0,-999.0,139.56455156,35.89220695,0.26868999004364014,0.26868999004364014,,,,,55651.26361111,-999.0,-0.6166135048661939,0.5254373882336475,0.5862621739996803,130.7632323110438,19.200691139313083,188.06882934323545,44.28788743904614,-999,0,1,0,0,0,0,1,-999.0,-999.0,-999.0,-999.0,0,-999.0,-999.0,-999.0,-999.0,-999.0,0,-999.0,-999.0,-999.0,0,0,-999.0,-999.0,-999.0,-999.0,0,-999.0,-999.0,-999.0,-999.0,-999.0,0,-999.0,-999.0,-999.0,0,0,-999.0,-999.0,-999.0,-999.0,0,-999.0,-999.0,-999.0,-999.0,-999.0,0,-999.0,-999.0,-999.0,0,0,-999.0,-999.0,-999.0,-999.0,0,-999.0,-999.0,-999.0,-999.0,-999.0,0,-999.0,-999.0,-999.0,0,0,0.7666829824447632,20.15220069885254,0.2682659924030304,-999.0,1,20.15220069885254,20.15220069885254,-999.0,-999.0,-999.0,0,23.146299362182617,0.2682659924030304,-999.0,1,4120,0.03144284587172646
PSO J139.5648+35.8950,-999,-999,-999,151071395648164591,3578835000015846,214022515342821,0,16486949084288,15107,1,2038,90,0.212518899899459,3578835,49831,3,268513280,0,32,-999.0,-999.0,-999.0,-999.0,139.56482991,35.89499659,0.01713000051677227,0.01713000051677227,,,,,55275.32013889,-999.0,-0.6165943306499638,0.5254158786361416,0.5863016168213545,130.76251143591992,19.203405820177007,188.06497023307233,44.288336385491434,-999,0,1,1,0,0,0,0,0.9090570211410522,18.58169937133789,0.008276999928057194,-999.0,1,18.58169937133789,18.58169937133789,18.92169952392578,0.016798000782728195,-999.0,1,18.912700653076172,0.008276999928057194,-999.0,1,24,-999.0,-999.0,-999.0,-999.0,0,-999.0,-999.0,-999.0,-999.0,-999.0,0,-999.0,-999.0,-999.0,0,0,-999.0,-999.0,-999.0,-999.0,0,-999.0,-999.0,-999.0,-999.0,-999.0,0,-999.0,-999.0,-999.0,0,0,-999.0,-999.0,-999.0,-999.0,0,-999.0,-999.0,-999.0,-999.0,-999.0,0,-999.0,-999.0,-999.0,0,0,-999.0,-999.0,-999.0,-999.0,0,-999.0,-999.0,-999.0,-999.0,-999.0,0,-999.0,-999.0,-999.0,0,0,0.029691000342736282
PSO J139.5651+35.8955,-999,-999,-999,151071395650955144,3578835000015917,214022515342892,0,16486949082488,15107,1,2038,90,0.726310621692157,3578835,49831,3,310456320,0,37,-999.0,-999.0,-999.0,-999.0,139.56510529,35.895462,0.17700999975204468,0.17700999975204468,,,,,55248.28778935,-999.0,-0.6165932309835566,0.5254098262095253,0.5863081971350349,130.762577188899,19.203918183990446,188.06434720384826,44.28859613475374,-999,0,1,0,0,1,0,0,-999.0,-999.0,-999.0,-999.0,0,-999.0,-999.0,-999.0,-999.0,-999.0,0,-999.0,-999.0,-999.0,0,0,-999.0,-999.0,-999.0,-999.0,0,-999.0,-999.0,-999.0,-999.0,-999.0,0,-999.0,-999.0,-999.0,0,0,0.9347460269927979,21.17259979248047,0.17637699842453003,-999.0,1,21.17259979248047,21.17259979248047,20.619600296020508,0.18958500027656555,-999.0,1,20.58099937438965,0.17637699842453003,-999.0,1,16778264,-999.0,-999.0,-999.0,-999.0,0,-999.0,-999.0,-999.0,-999.0,-999.0,0,-999.0,-999.0,-999.0,0,0,-999.0,-999.0,-999.0,-999.0,0,-999.0,-999.0,-999.0,-999.0,-999.0,0,-999.0,-999.0,-999.0,0,0,0.02925622989790609
PSO J139.5653+35.8981,-999,-999,-999,151071395652698290,3578835000015966,214022515342941,0,16486949089959,15107,1,2038,90,0.0718748560844686,3578835,49831,3,268513280,0,32,-999.0,-999.0,-999.0,-999.0,139.56528588,35.89806928,0.0195700004696846,0.0195700004696846,,,,,55576.50894676,-999.0,-0.616574578772213,0.5253905778764923,0.5863450600887445,130.76183874388053,19.20643473238515,188.06073305910806,44.28895132971554,-999,0,1,0,0,1,0,0,-999.0,-999.0,-999.0,-999.0,0,-999.0,-999.0,-999.0,-999.0,-999.0,0,-999.0,-999.0,-999.0,0,0,-999.0,-999.0,-999.0,-999.0,0,-999.0,-999.0,-999.0,-999.0,-999.0,0,-999.0,-999.0,-999.0,0,0,0.9988719820976257,18.143299102783203,0.012571999803185463,-999.0,1,18.143299102783203,18.143299102783203,19.148500442504883,0.04152899980545044,-999.0,1,18.974899291992188,0.012571999803185463,-999.0,1,24,-999.0,-999.0,-999.0,-999.0,0,-999.0,-999.0,-999.0,-999.0,-999.0,0,-999.0,-999.0,-999.0,0,0,-999.0,-999.0,-999.0,-999.0,0,-999.0,-999.0,-999.0,-999.0,-999.0,0,-999.0,-999.0,-999.0,0,0,0.027851539272981892
PSO J139.5655+35.8961,-999,-999,-999,151071395654835959,3578835000016013,214022515342988,0,16486949082541,15107,1,2038,90,0.91472609053806,3578835,49831,3,268513280,0,32,-999.0,-999.0,-999.0,-999.0,139.56551136,35.8961428,0.020419999957084656,0.020419999957084656,,,,,55249.29457176,-999.0,-0.6165916520013767,0.5254009377979852,0.5863178227234875,130.76267600454227,19.20466851020217,188.06343612195002,44.28897870463995,-999,0,1,0,0,1,0,0,-999.0,-999.0,-999.0,-999.0,0,-999.0,-999.0,-999.0,-999.0,-999.0,0,-999.0,-999.0,-999.0,0,0,-999.0,-999.0,-999.0,-999.0,0,-999.0,-999.0,-999.0,-999.0,-999.0,0,-999.0,-999.0,-999.0,0,0,0.9979829788208008,17.952699661254883,0.013852999545633793,-999.0,1,17.952699661254883,17.952699661254883,18.573299407958984,0.031089000403881073,-999.0,1,18.4601993560791,0.013852999545633793,-999.0,1,24,-999.0,-999.0,-999.0,-999.0,0,-999.0,-999.0,-999.0,-999.0,-999.0,0,-999.0,-999.0,-999.0,0,0,-999.0,-999.0,-999.0,-999.0,0,-999.0,-999.0,-999.0,-999.0,-999.0,0,-999.0,-999.0,-999.0,0,0,0.028622859843206592
PSO J139.5658+35.8973,-999,-999,-999,151071395657897405,3578835000016081,214022515343056,0,16486949089883,15107,1,2038,90,0.113949369745282,3578835,49831,3,310456320,0,37,-999.0,-999.0,-999.0,-999.0,139.56579666,35.89733945,0.14900000393390656,0.14900000393390656,,,,,57033.55729167,-999.0,-0.6165849473522987,0.5253899252677879,0.586334741530528,130.76250155014333,19.20587608796844,188.06179573933207,44.28930516444892,-999,0,1,0,0,1,0,0,-999.0,-999.0,-999.0,-999.0,0,-999.0,-999.0,-999.0,-999.0,-999.0,0,-999.0,-999.0,-999.0,0,0,-999.0,-999.0,-999.0,-999.0,0,-999.0,-999.0,-999.0,-999.0,-999.0,0,-999.0,-999.0,-999.0,0,0,0.0,21.41990089416504,0.14824800193309784,-999.0,1,21.41990089416504,21.41990089416504,20.11829948425293,0.12813499569892883,-999.0,1,20.427400588989258,0.14824800193309784,-999.0,1,16777752,-999.0,-999.0,-999.0,-999.0,0,-999.0,-999.0,-999.0,-999.0,-999.0,0,-999.0,-999.0,-999.0,0,0,-999.0,-999.0,-999.0,-999.0,0,-999.0,-999.0,-999.0,-999.0,-999.0,0,-999.0,-999.0,-999.0,0,0,0.027828192308187193
PSO J139.5658+35.8938,-999,-999,-999,151071395658273103,3578835000016087,214022515343062,0,16486949082661,15107,1,2038,90,0.895591253317512,3578835,49831,3,268959744,0,32,-999.0,-999.0,-999.0,-999.0,139.56583443,35.89375801,0.18322999775409698,0.18322999775409698,,,,,55249.28141204,-999.0,-0.6166131891301412,0.5254132883814162,0.5862841046651217,130.76374814712872,19.202493517091842,188.06678624438285,44.28904800370894,-999,0,1,0,0,1,0,0,-999.0,-999.0,-999.0,-999.0,0,-999.0,-999.0,-999.0,-999.0,-999.0,0,-999.0,-999.0,-999.0,0,0,-999.0,-999.0,-999.0,-999.0,0,-999.0,-999.0,-999.0,-999.0,-999.0,0,-999.0,-999.0,-999.0,0,0,0.7558760046958923,20.51059913635254,0.18261000514030457,-999.0,1,20.51059913635254,20.51059913635254,-999.0,-999.0,-999.0,0,21.20439910888672,0.18261000514030457,-999.0,1,4120,-999.0,-999.0,-999.0,-999.0,0,-999.0,-999.0,-999.0,-999.0,-999.0,0,-999.0,-999.0,-999.0,0,0,-999.0,-999.0,-999.0,-999.0,0,-999.0,-999.0,-999.0,-999.0,-999.0,0,-999.0,-999.0,-999.0,0,0,0.02969560497142216
PSO J139.5659+35.8988,-999,-999,-999,151071395658389150,3578835000016098,214022515343073,0,16486949089626,15107,1,2038,90,0.141332712156077,3578835,49831,3,268513280,0,32,-999.0,-999.0,-999.0,-999.0,139.56587998,35.8987964,0.015540000051259995,0.015540000051259995,,,,,56032.28560185,-999.0,-0.6165743626605364,0.5253793584493595,0.5863553402375498,130.76207459713567,19.207277764839745,188.05977452491015,44.28948939980377,-999,0,1,1,0,0,0,0,0.030917000025510788,17.458499908447266,0.0039900001138448715,-999.0,1,17.458499908447266,17.458499908447266,18.380800247192383,0.01559200044721365,-999.0,1,18.304000854492188,0.0039900001138448715,-999.0,1,16,-999.0,-999.0,-999.0,-999.0,0,-999.0,-999.0,-999.0,-999.0,-999.0,0,-999.0,-999.0,-999.0,0,0,-999.0,-999.0,-999.0,-999.0,0,-999.0,-999.0,-999.0,-999.0,-999.0,0,-999.0,-999.0,-999.0,0,0,-999.0,-999.0,-999.0,-999.0,0,-999.0,-999.0,-999.0,-999.0,-999.0,0,-999.0,-999.0,-999.0,0,0,-999.0,-999.0,-999.0,-999.0,0,-999.0,-999.0,-999.0,-999.0,-999.0,0,-999.0,-999.0,-999.0,0,0,0.027095320336284145
PSO J139.5662+35.8974,-999,-999,-999,151071395662527438,3578835000016194,214022515343169,0,16486949090166,15107,1,2038,90,0.531744587730378,3578835,49831,3,1384198144,0,165,139.56609014,35.89721798,0.0010000000474974513,0.0010000000474974513,139.56617461,35.897358,0.10926999896764755,0.10926999896764755,,,,,57035.58056713,2.7467000484466553,-0.6165882685678906,0.5253857348525373,0.5863350037972407,130.762802347424,19.20599181967964,188.0618042485752,44.28961183089638,-999,1,2,0,0,2,0,0,-999.0,-999.0,-999.0,-999.0,0,-999.0,-999.0,-999.0,-999.0,-999.0,0,-999.0,-999.0,-999.0,0,16416,-999.0,-999.0,-999.0,-999.0,0,-999.0,-999.0,-999.0,-999.0,-999.0,0,-999.0,-999.0,-999.0,0,16416,0.0,21.503599166870117,0.1394300013780594,0.2003670036792755,2,21.389299392700195,21.66819953918457,-999.0,-999.0,-999.0,2,20.633800506591797,0.3818089962005615,0.6140009760856628,2,16892472,-999.0,-999.0,-999.0,-999.0,0,-999.0,-999.0,-999.0,-999.0,-999.0,0,-999.0,-999.0,-999.0,0,16416,-999.0,-999.0,-999.0,-999.0,0,-999.0,-999.0,-999.0,-999.0,-999.0,0,-999.0,-999.0,-999.0,0,16416,0.027551316594075757
PSO J139.5663+35.8962,-999,-999,-999,151071395663036060,3578835000016208,214022515343183,0,16486949083061,15107,1,2038,90,0.309902617065145,3578835,49831,3,302067712,0,36,-999.0,-999.0,-999.0,-999.0,139.56630432,35.89622262,0.18970000743865967,0.18970000743865967,,,,,57035.59429398,-999.0,-0.6165983016438049,0.5253918745069937,0.5863189512645851,130.76329321360583,19.204950065091182,188.0633970402813,44.289625401648145,-999,0,1,0,0,1,0,0,-999.0,-999.0,-999.0,-999.0,0,-999.0,-999.0,-999.0,-999.0,-999.0,0,-999.0,-999.0,-999.0,0,0,-999.0,-999.0,-999.0,-999.0,0,-999.0,-999.0,-999.0,-999.0,-999.0,0,-999.0,-999.0,-999.0,0,0,0.673865020275116,21.808900833129883,0.18910500407218933,-999.0,1,21.808900833129883,21.808900833129883,-999.0,-999.0,-999.0,1,21.81839942932129,0.18910500407218933,-999.0,1,536,-999.0,-999.0,-999.0,-999.0,0,-999.0,-999.0,-999.0,-999.0,-999.0,0,-999.0,-999.0,-999.0,0,0,-999.0,-999.0,-999.0,-999.0,0,-999.0,-999.0,-999.0,-999.0,-999.0,0,-999.0,-999.0,-999.0,0,0,0.028030947334245392
PSO J139.5664+35.8942,-999,-999,-999,151071395663373808,3578835000016210,214022515343185,0,16486949082860,15107,1,2038,90,0.0748659633797276,3578835,49831,3,268959744,0,32,-999.0,-999.0,-999.0,-999.0,139.56644564,35.89420799,0.15817999839782715,0.15817999839782715,,,,,55249.28583333,-999.0,-0.6166152892646266,0.525403724240743,0.5862904669181124,130.76409201791301,19.20307849063209,188.06621523154473,44.28957769892309,-999,0,2,0,0,2,0,0,-999.0,-999.0,-999.0,-999.0,0,-999.0,-999.0,-999.0,-999.0,-999.0,0,-999.0,-999.0,-999.0,0,0,-999.0,-999.0,-999.0,-999.0,0,-999.0,-999.0,-999.0,-999.0,-999.0,0,-999.0,-999.0,-999.0,0,0,0.777301013469696,20.846200942993164,0.11758899688720703,0.17112499475479126,2,20.757200241088867,20.992399215698242,-999.0,-999.0,-999.0,1,22.0221004486084,0.20103299617767334,-999.0,1,4120,-999.0,-999.0,-999.0,-999.0,0,-999.0,-999.0,-999.0,-999.0,-999.0,0,-999.0,-999.0,-999.0,0,0,-999.0,-999.0,-999.0,-999.0,0,-999.0,-999.0,-999.0,-999.0,-999.0,0,-999.0,-999.0,-999.0,0,0,0.029032165232506534
PSO J139.5668+35.8924,-999,-999,-999,151071395667571464,3578835000016296,214022515343271,0,16486949113118,15107,1,2038,90,0.923602752316373,3578835,49831,3,268513280,0,32,-999.0,-999.0,-999.0,-999.0,139.56677107,35.89240061,0.01795000024139881,0.01795000024139881,,,,,55250.30479167,-999.0,-0.6166323503705167,0.5254122164429521,0.5862649122103735,130.76497004981496,19.201451043544502,188.0687615723203,44.28969525751808,-999,0,1,0,1,0,0,0,-999.0,-999.0,-999.0,-999.0,0,-999.0,-999.0,-999.0,-999.0,-999.0,0,-999.0,-999.0,-999.0,0,0,0.9996629953384399,18.022300720214844,0.009855000302195549,-999.0,1,18.022300720214844,18.022300720214844,18.7544002532959,0.0259419996291399,-999.0,1,18.673999786376953,0.009855000302195549,-999.0,1,24,-999.0,-999.0,-999.0,-999.0,0,-999.0,-999.0,-999.0,-999.0,-999.0,0,-999.0,-999.0,-999.0,0,0,-999.0,-999.0,-999.0,-999.0,0,-999.0,-999.0,-999.0,-999.0,-999.0,0,-999.0,-999.0,-999.0,0,0,-999.0,-999.0,-999.0,-999.0,0,-999.0,-999.0,-999.0,-999.0,-999.0,0,-999.0,-999.0,-999.0,0,0,0.029890340525476507
PSO J139.5669+35.8934,-999,-999,-999,151071395668572706,3578835000016330,214022515343305,0,16486949112115,15107,1,2038,90,0.578410490023355,3578835,49831,3,268959744,0,32,-999.0,-999.0,-999.0,-999.0,139.56687163,35.89343021,0.2165600061416626,0.2165600061416626,,,,,55249.28607639,-999.0,-0.6166252534685986,0.5254043014403496,0.5862794698885206,130.76470221302654,19.202452410726714,188.06733701264534,44.28985919239685,-999,0,1,0,0,1,0,0,-999.0,-999.0,-999.0,-999.0,0,-999.0,-999.0,-999.0,-999.0,-999.0,0,-999.0,-999.0,-999.0,0,0,-999.0,-999.0,-999.0,-999.0,0,-999.0,-999.0,-999.0,-999.0,-999.0,0,-999.0,-999.0,-999.0,0,0,0.7312639951705933,20.670000076293945,0.21603499352931976,-999.0,1,20.670000076293945,20.670000076293945,-999.0,-999.0,-999.0,0,21.444299697875977,0.21603499352931976,-999.0,1,4120,-999.0,-999.0,-999.0,-999.0,0,-999.0,-999.0,-999.0,-999.0,-999.0,0,-999.0,-999.0,-999.0,0,0,-999.0,-999.0,-999.0,-999.0,0,-999.0,-999.0,-999.0,-999.0,-999.0,0,-999.0,-999.0,-999.0,0,0,0.029203817692215247
PSO J139.5670+35.8972,-999,-999,-999,151071395669877223,3578835000016370,214022515343345,0,16486949089457,15107,1,2038,90,0.333993707163254,3578835,49831,3,310456320,0,37,-999.0,-999.0,-999.0,-999.0,139.56700671,35.89718567,0.17071999609470367,0.17071999609470367,,,,,57033.59305556,-999.0,-0.6165972409575736,0.5253779239097001,0.5863325673300446,130.76353696119384,19.206044701996124,188.06211981780723,44.29026987878913,-999,0,1,0,0,1,0,0,-999.0,-999.0,-999.0,-999.0,0,-999.0,-999.0,-999.0,-999.0,-999.0,0,-999.0,-999.0,-999.0,0,0,-999.0,-999.0,-999.0,-999.0,0,-999.0,-999.0,-999.0,-999.0,-999.0,0,-999.0,-999.0,-999.0,0,0,0.0,21.474700927734375,0.1700579971075058,-999.0,1,21.474700927734375,21.474700927734375,20.605100631713867,0.17268399894237518,-999.0,1,20.742300033569336,0.1700579971075058,-999.0,1,16777752,-999.0,-999.0,-999.0,-999.0,0,-999.0,-999.0,-999.0,-999.0,-999.0,0,-999.0,-999.0,-999.0,0,0,-999.0,-999.0,-999.0,-999.0,0,-999.0,-999.0,-999.0,-999.0,-999.0,0,-999.0,-999.0,-999.0,0,0,0.027050310208467106
PSO J139.5670+35.8954,-999,-999,-999,151071395669985132,3578835000016372,214022515343347,0,16486949082971,15107,1,2038,90,0.931656126800604,3578835,49831,3,277348352,0,33,-999.0,-999.0,-999.0,-999.0,139.56701005,35.89543683,0.20569999516010284,0.20569999516010284,,,,,55248.33767361,-999.0,-0.6166108935915645,0.5253894947339579,0.5863078412637927,130.7641334283645,19.204389052961062,188.0645553874888,44.29013215158464,-999,0,1,1,0,0,0,0,0.775521993637085,21.91160011291504,0.2051510065793991,-999.0,1,21.91160011291504,21.91160011291504,21.466299057006836,0.19793400168418884,-999.0,1,21.381900787353516,0.2051510065793991,-999.0,1,16781336,-999.0,-999.0,-999.0,-999.0,0,-999.0,-999.0,-999.0,-999.0,-999.0,0,-999.0,-999.0,-999.0,0,0,-999.0,-999.0,-999.0,-999.0,0,-999.0,-999.0,-999.0,-999.0,-999.0,0,-999.0,-999.0,-999.0,0,0,-999.0,-999.0,-999.0,-999.0,0,-999.0,-999.0,-999.0,-999.0,-999.0,0,-999.0,-999.0,-999.0,0,0,-999.0,-999.0,-999.0,-999.0,0,-999.0,-999.0,-999.0,-999.0,-999.0,0,-999.0,-999.0,-999.0,0,0,0.02796617391796286
PSO J139.5672+35.8936,-999,-999,-999,151071395671762917,3578835000016407,214022515343382,0,16486949112307,15107,1,2038,90,0.962430586072086,3578835,49831,3,268959744,0,32,-999.0,-999.0,-999.0,-999.0,139.56718189,35.89360783,0.20834000408649445,0.20834000408649445,,,,,55249.26106481,-999.0,-0.6166267151323034,0.5253997836191201,0.5862819812668022,130.76489401303738,19.20270123830472,188.06711788868466,44.290123994436264,-999,0,1,0,0,0,0,1,-999.0,-999.0,-999.0,-999.0,0,-999.0,-999.0,-999.0,-999.0,-999.0,0,-999.0,-999.0,-999.0,0,0,-999.0,-999.0,-999.0,-999.0,0,-999.0,-999.0,-999.0,-999.0,-999.0,0,-999.0,-999.0,-999.0,0,0,-999.0,-999.0,-999.0,-999.0,0,-999.0,-999.0,-999.0,-999.0,-999.0,0,-999.0,-999.0,-999.0,0,0,-999.0,-999.0,-999.0,-999.0,0,-999.0,-999.0,-999.0,-999.0,-999.0,0,-999.0,-999.0,-999.0,0,0,0.5178899765014648,18.786800384521484,0.20779600739479065,-999.0,1,18.786800384521484,18.786800384521484,-999.0,-999.0,-999.0,0,20.189800262451172,0.20779600739479065,-999.0,1,4112,0.028896108178385428
PSO J139.5673+35.8923,-999,-999,-999,151071395672671411,3578835000016426,214022515343401,0,16486949113342,15107,1,2038,90,0.411488760645957,3578835,49831,3,268513280,0,32,-999.0,-999.0,-999.0,-999.0,139.56728036,35.89233914,0.015329999849200249,0.015329999849200249,,,,,57033.58118056,-999.0,-0.616637499380159,0.5254071432337738,0.5862640430702784,130.76540474681738,19.201525097784568,188.06889348817091,44.29010156912077,-999,0,1,0,0,1,0,0,-999.0,-999.0,-999.0,-999.0,0,-999.0,-999.0,-999.0,-999.0,-999.0,0,-999.0,-999.0,-999.0,0,0,-999.0,-999.0,-999.0,-999.0,0,-999.0,-999.0,-999.0,-999.0,-999.0,0,-999.0,-999.0,-999.0,0,0,0.9978529810905457,16.900100708007812,0.003143999958410859,-999.0,1,16.900100708007812,16.900100708007812,17.48419952392578,0.007577000185847282,-999.0,1,17.370800018310547,0.003143999958410859,-999.0,1,24,-999.0,-999.0,-999.0,-999.0,0,-999.0,-999.0,-999.0,-999.0,-999.0,0,-999.0,-999.0,-999.0,0,0,-999.0,-999.0,-999.0,-999.0,0,-999.0,-999.0,-999.0,-999.0,-999.0,0,-999.0,-999.0,-999.0,0,0,0.029603967737383854
PSO J139.5676+35.8930,-999,-999,-999,151071395675912255,3578835000016512,214022515343487,0,16486949112161,15107,1,2038,90,0.274155384184937,3578835,49831,3,268513280,0,32,-999.0,-999.0,-999.0,-999.0,139.5676041,35.89304413,0.016019999980926514,0.016019999980926514,,,,,57033.58118056,-999.0,-0.6166349772391302,0.5253989805814346,0.5862740110641839,130.76542845903197,19.202276957799246,188.06794123112948,44.290419636137955,-999,0,1,0,0,1,0,0,-999.0,-999.0,-999.0,-999.0,0,-999.0,-999.0,-999.0,-999.0,-999.0,0,-999.0,-999.0,-999.0,0,0,-999.0,-999.0,-999.0,-999.0,0,-999.0,-999.0,-999.0,-999.0,-999.0,0,-999.0,-999.0,-999.0,0,0,0.9987360239028931,17.63249969482422,0.0056119998916983604,-999.0,1,17.63249969482422,17.63249969482422,-999.0,-999.0,-999.0,0,18.392000198364258,0.0056119998916983604,-999.0,1,24,-999.0,-999.0,-999.0,-999.0,0,-999.0,-999.0,-999.0,-999.0,-999.0,0,-999.0,-999.0,-999.0,0,0,-999.0,-999.0,-999.0,-999.0,0,-999.0,-999.0,-999.0,-999.0,-999.0,0,-999.0,-999.0,-999.0,0,0,0.028962705872087758
PSO J139.5678+35.8936,-999,-999,-999,151071395678282887,3578835000016562,214022515343537,0,16486949112150,15107,1,2038,90,0.661743413341924,3578835,49831,3,268959744,0,32,-999.0,-999.0,-999.0,-999.0,139.56784235,35.89358215,0.26638999581336975,0.26638999581336975,,,,,55249.26556713,-999.0,-0.6166329714957443,0.5253928460237068,0.5862816181763147,130.7654393891192,19.20284845700761,188.0672136972998,44.290655245387825,-999,0,1,0,0,0,0,1,-999.0,-999.0,-999.0,-999.0,0,-999.0,-999.0,-999.0,-999.0,-999.0,0,-999.0,-999.0,-999.0,0,0,-999.0,-999.0,-999.0,-999.0,0,-999.0,-999.0,-999.0,-999.0,-999.0,0,-999.0,-999.0,-999.0,0,0,-999.0,-999.0,-999.0,-999.0,0,-999.0,-999.0,-999.0,-999.0,-999.0,0,-999.0,-999.0,-999.0,0,0,-999.0,-999.0,-999.0,-999.0,0,-999.0,-999.0,-999.0,-999.0,-999.0,0,-999.0,-999.0,-999.0,0,0,0.7850409746170044,19.638099670410156,0.26596999168395996,-999.0,1,19.638099670410156,19.638099670410156,-999.0,-999.0,-999.0,0,22.74250030517578,0.26596999168395996,-999.0,1,4112,0.028482672401778306
PSO J139.5681+35.8973,-999,-999,-999,151071395681407316,3578835000016636,214022515343611,0,16486949089303,15107,1,2038,90,0.284967595045425,3578835,49831,3,310456320,0,37,-999.0,-999.0,-999.0,-999.0,139.56805666,35.89725678,0.11868000030517578,0.11868000030517578,,,,,57034.59644676,2.7701001167297363,-0.6166063145404113,0.5253661526791513,0.5863335727109596,130.76436593283032,19.206384757516727,188.06211618051324,44.29112337534479,-999,0,2,0,0,2,0,0,-999.0,-999.0,-999.0,-999.0,0,-999.0,-999.0,-999.0,-999.0,-999.0,0,-999.0,-999.0,-999.0,0,0,-999.0,-999.0,-999.0,-999.0,0,-999.0,-999.0,-999.0,-999.0,-999.0,0,-999.0,-999.0,-999.0,0,0,0.0,21.636199951171875,0.02112100087106228,0.029870999976992607,2,21.614900588989258,21.657100677490234,20.68939971923828,0.1496019959449768,0.21851900219917297,2,20.889999389648438,0.10359200090169907,0.14650599658489227,2,16777752,-999.0,-999.0,-999.0,-999.0,0,-999.0,-999.0,-999.0,-999.0,-999.0,0,-999.0,-999.0,-999.0,0,0,-999.0,-999.0,-999.0,-999.0,0,-999.0,-999.0,-999.0,-999.0,-999.0,0,-999.0,-999.0,-999.0,0,0,0.026281369402717573
PSO J139.5685+35.8931,-999,-999,-999,151071395684952303,3578835000016710,214022515343685,0,16486949112129,15107,1,2038,90,0.190702633178516,3578835,49831,3,268959744,0,32,-999.0,-999.0,-999.0,-999.0,139.56850935,35.89309493,0.23253999650478363,0.23253999650478363,,,,,55249.28607639,-999.0,-0.6166428825846529,0.5253889008194825,0.5862747293320648,130.7661467769042,19.202560201971753,188.06795280209937,44.291154701244075,-999,0,1,0,0,1,0,0,-999.0,-999.0,-999.0,-999.0,0,-999.0,-999.0,-999.0,-999.0,-999.0,0,-999.0,-999.0,-999.0,0,0,-999.0,-999.0,-999.0,-999.0,0,-999.0,-999.0,-999.0,-999.0,-999.0,0,-999.0,-999.0,-999.0,0,0,0.7231040000915527,20.761899948120117,0.2320529967546463,-999.0,1,20.761899948120117,20.761899948120117,-999.0,-999.0,-999.0,0,22.367700576782227,0.2320529967546463,-999.0,1,4120,-999.0,-999.0,-999.0,-999.0,0,-999.0,-999.0,-999.0,-999.0,-999.0,0,-999.0,-999.0,-999.0,0,0,-999.0,-999.0,-999.0,-999.0,0,-999.0,-999.0,-999.0,-999.0,-999.0,0,-999.0,-999.0,-999.0,0,0,0.028354288939091376
PSO J139.5685+35.8975,-999,-999,-999,151071395684977647,3578835000016718,214022515343693,0,16486949087266,15107,1,2038,90,0.969452969701451,3578835,49831,3,310456320,0,37,-999.0,-999.0,-999.0,-999.0,139.5684965,35.89753985,0.16220000386238098,0.16220000386238098,,,,,57035.57056713,-999.0,-0.6166081425913972,0.5253595405071533,0.586337574856072,130.7646272057967,19.20676712232989,188.06176194961847,44.29150124697033,-999,0,1,0,0,1,0,0,-999.0,-999.0,-999.0,-999.0,0,-999.0,-999.0,-999.0,-999.0,-999.0,0,-999.0,-999.0,-999.0,0,0,-999.0,-999.0,-999.0,-999.0,0,-999.0,-999.0,-999.0,-999.0,-999.0,0,-999.0,-999.0,-999.0,0,0,0.0,21.527999877929688,0.16150100529193878,-999.0,1,21.527999877929688,21.527999877929688,20.625999450683594,0.1685280054807663,-999.0,1,20.70170021057129,0.16150100529193878,-999.0,1,16777752,-999.0,-999.0,-999.0,-999.0,0,-999.0,-999.0,-999.0,-999.0,-999.0,0,-999.0,-999.0,-999.0,0,0,-999.0,-999.0,-999.0,-999.0,0,-999.0,-999.0,-999.0,-999.0,-999.0,0,-999.0,-999.0,-999.0,0,0,0.02583034238310887
PSO J139.5688+35.8973,-999,-999,-999,151071395688217394,3578835000186703,214022515515301,0,16486949087294,15107,1,2038,90,0.101025229414017,3578835,49831,3,1343750144,0,160,139.56881384,35.89732385,0.0010000000474974513,0.0010000000474974513,139.56881384,35.89732385,0.0010000000474974513,0.0010000000474974513,,,,,55860.92542824,-999.0,-0.6166127349036865,0.5253575588788921,0.5863345209719513,130.76495839112,19.206644948973803,188.06209156327725,44.29174014806684,-999,1,0,0,0,0,0,0,-999.0,-999.0,-999.0,-999.0,0,-999.0,-999.0,-999.0,-999.0,-999.0,0,-999.0,-999.0,-999.0,0,16416,-999.0,-999.0,-999.0,-999.0,0,-999.0,-999.0,-999.0,-999.0,-999.0,0,-999.0,-999.0,-999.0,0,16416,-999.0,-999.0,-999.0,-999.0,0,-999.0,-999.0,-999.0,-999.0,-999.0,0,-999.0,-999.0,-999.0,0,114720,-999.0,-999.0,-999.0,-999.0,0,-999.0,-999.0,-999.0,-999.0,-999.0,0,-999.0,-999.0,-999.0,0,16416,-999.0,-999.0,-999.0,-999.0,0,-999.0,-999.0,-999.0,-999.0,-999.0,0,-999.0,-999.0,-999.0,0,16416,0.02572190210466429
PSO J139.5691+35.8971,-999,-999,-999,151071395690607105,3578835000016851,214022515343826,0,16486949087239,15107,1,2038,90,0.236978022602366,3578835,49831,3,310456320,0,37,-999.0,-999.0,-999.0,-999.0,139.56907157,35.89708938,0.17114999890327454,0.17114999890327454,,,,,57033.56925926,-999.0,-0.616616924501816,0.5253563413106527,0.586331205943029,130.76524741328976,19.20648979869963,188.06244148430963,44.29192943465957,-999,0,1,0,0,1,0,0,-999.0,-999.0,-999.0,-999.0,0,-999.0,-999.0,-999.0,-999.0,-999.0,0,-999.0,-999.0,-999.0,0,0,-999.0,-999.0,-999.0,-999.0,0,-999.0,-999.0,-999.0,-999.0,-999.0,0,-999.0,-999.0,-999.0,0,0,0.0,21.545700073242188,0.17049400508403778,-999.0,1,21.545700073242188,21.545700073242188,21.340099334716797,0.2044910043478012,-999.0,1,20.924299240112305,0.17049400508403778,-999.0,1,16777752,-999.0,-999.0,-999.0,-999.0,0,-999.0,-999.0,-999.0,-999.0,-999.0,0,-999.0,-999.0,-999.0,0,0,-999.0,-999.0,-999.0,-999.0,0,-999.0,-999.0,-999.0,-999.0,-999.0,0,-999.0,-999.0,-999.0,0,0,0.025668110526137784
PSO J139.5692+35.8930,-999,-999,-999,151071395692252240,3578835000016889,214022515343864,0,16486949112455,15107,1,2038,90,0.906923955219727,3578835,49831,3,268959744,0,32,-999.0,-999.0,-999.0,-999.0,139.56923354,35.89303905,0.2361299991607666,0.2361299991607666,,,,,55249.28141204,-999.0,-0.6166499584273772,0.5253814775404725,0.5862739392373704,130.76675419237628,19.202695372716008,188.0680964588919,44.29173499153012,-999,0,1,0,0,1,0,0,-999.0,-999.0,-999.0,-999.0,0,-999.0,-999.0,-999.0,-999.0,-999.0,0,-999.0,-999.0,-999.0,0,0,-999.0,-999.0,-999.0,-999.0,0,-999.0,-999.0,-999.0,-999.0,-999.0,0,-999.0,-999.0,-999.0,0,0,0.6909430027008057,20.731199264526367,0.23565800487995148,-999.0,1,20.731199264526367,20.731199264526367,-999.0,-999.0,-999.0,0,21.083799362182617,0.23565800487995148,-999.0,1,4120,-999.0,-999.0,-999.0,-999.0,0,-999.0,-999.0,-999.0,-999.0,-999.0,0,-999.0,-999.0,-999.0,0,0,-999.0,-999.0,-999.0,-999.0,0,-999.0,-999.0,-999.0,-999.0,-999.0,0,-999.0,-999.0,-999.0,0,0,0.02793306533707839
PSO J139.5694+35.8977,-999,-999,-999,151071395694017839,3578835000016928,214022515343903,0,16486949087457,15107,1,2038,90,0.0626731860103767,3578835,49831,3,268959744,0,32,-999.0,-999.0,-999.0,-999.0,139.56943019,35.89772817,0.2325800061225891,0.2325800061225891,,,,,56232.65170139,-999.0,-0.6166152367944504,0.5253482423855961,0.5863402373837983,130.76532191309144,19.207188008724863,188.06158450786967,44.29227027132281,-999,0,1,0,0,0,0,1,-999.0,-999.0,-999.0,-999.0,0,-999.0,-999.0,-999.0,-999.0,-999.0,0,-999.0,-999.0,-999.0,0,0,-999.0,-999.0,-999.0,-999.0,0,-999.0,-999.0,-999.0,-999.0,-999.0,0,-999.0,-999.0,-999.0,0,0,-999.0,-999.0,-999.0,-999.0,0,-999.0,-999.0,-999.0,-999.0,-999.0,0,-999.0,-999.0,-999.0,0,0,-999.0,-999.0,-999.0,-999.0,0,-999.0,-999.0,-999.0,-999.0,-999.0,0,-999.0,-999.0,-999.0,0,0,0.7009980082511902,20.055500030517578,0.2320999950170517,-999.0,1,20.055500030517578,20.055500030517578,-999.0,-999.0,-999.0,0,19.723400115966797,0.2320999950170517,-999.0,1,4120,0.025085116801017666
PSO J139.5695+35.8936,-999,-999,-999,151071395695202883,3578835000016951,214022515343926,0,16486949112489,15107,1,2038,90,0.0578007521646104,3578835,49831,3,268513280,0,32,-999.0,-999.0,-999.0,-999.0,139.56953353,35.89356739,0.016529999673366547,0.016529999673366547,,,,,57033.58118056,-999.0,-0.6166485940335709,0.5253747427977463,0.5862814094840655,130.76681857043732,19.203273739490925,188.0673879960532,44.29201967004407,-999,0,1,0,0,1,0,0,-999.0,-999.0,-999.0,-999.0,0,-999.0,-999.0,-999.0,-999.0,-999.0,0,-999.0,-999.0,-999.0,0,0,-999.0,-999.0,-999.0,-999.0,0,-999.0,-999.0,-999.0,-999.0,-999.0,0,-999.0,-999.0,-999.0,0,0,0.9981240034103394,17.760499954223633,0.006934000179171562,-999.0,1,17.760499954223633,17.760499954223633,18.500099182128906,0.016054999083280563,-999.0,1,18.403499603271484,0.006934000179171562,-999.0,1,24,-999.0,-999.0,-999.0,-999.0,0,-999.0,-999.0,-999.0,-999.0,-999.0,0,-999.0,-999.0,-999.0,0,0,-999.0,-999.0,-999.0,-999.0,0,-999.0,-999.0,-999.0,-999.0,-999.0,0,-999.0,-999.0,-999.0,0,0,0.027411288448059686
PSO J139.5697+35.8972,-999,-999,-999,151071395696767194,3578835000016991,214022515343966,0,16486949119019,15107,1,2038,90,0.391289027772182,3578835,49831,3,310456320,0,37,-999.0,-999.0,-999.0,-999.0,139.56968542,35.8971629,0.1876000016927719,0.1876000016927719,,,,,57033.55729167,-999.0,-0.6166219802849316,0.5253492471063352,0.5863322453987126,130.7657212220436,19.206718875065828,188.06239486095055,44.29243099331123,-999,0,1,0,0,1,0,0,-999.0,-999.0,-999.0,-999.0,0,-999.0,-999.0,-999.0,-999.0,-999.0,0,-999.0,-999.0,-999.0,0,0,-999.0,-999.0,-999.0,-999.0,0,-999.0,-999.0,-999.0,-999.0,-999.0,0,-999.0,-999.0,-999.0,0,0,0.0,21.673900604248047,0.1870030015707016,-999.0,1,21.673900604248047,21.673900604248047,20.855300903320312,0.2006700038909912,-999.0,1,20.80270004272461,0.1870030015707016,-999.0,1,16777752,-999.0,-999.0,-999.0,-999.0,0,-999.0,-999.0,-999.0,-999.0,-999.0,0,-999.0,-999.0,-999.0,0,0,-999.0,-999.0,-999.0,-999.0,0,-999.0,-999.0,-999.0,-999.0,-999.0,0,-999.0,-999.0,-999.0,0,0,0.025208832471800252
PSO J139.5700+35.8933,-999,-999,-999,151071395699402512,3578835000017048,214022515344023,0,16486949112540,15107,1,2038,90,0.408638108902274,3578835,49831,3,310456320,0,37,-999.0,-999.0,-999.0,-999.0,139.56995898,35.89326271,0.14439000189304352,0.14439000189304352,,,,,55534.65986111,-999.0,-0.6166548683303177,0.5253721857055992,0.5862771015922759,130.76726771496396,19.20309565233723,188.06785095247338,44.292338745583976,-999,0,1,0,0,0,1,0,-999.0,-999.0,-999.0,-999.0,0,-999.0,-999.0,-999.0,-999.0,-999.0,0,-999.0,-999.0,-999.0,0,0,-999.0,-999.0,-999.0,-999.0,0,-999.0,-999.0,-999.0,-999.0,-999.0,0,-999.0,-999.0,-999.0,0,0,-999.0,-999.0,-999.0,-999.0,0,-999.0,-999.0,-999.0,-999.0,-999.0,0,-999.0,-999.0,-999.0,0,0,0.9709339737892151,20.14620018005371,0.1436060070991516,-999.0,1,20.14620018005371,20.14620018005371,18.654699325561523,0.08309800177812576,-999.0,1,18.94969940185547,0.1436060070991516,-999.0,1,16777496,-999.0,-999.0,-999.0,-999.0,0,-999.0,-999.0,-999.0,-999.0,-999.0,0,-999.0,-999.0,-999.0,0,0,0.02733755585060399
PSO J139.5701+35.8974,-999,-999,-999,151071395700687475,3578835000017076,214022515344051,0,16486949119195,15107,1,2038,90,0.573103387442514,3578835,49831,3,310456320,0,37,-999.0,-999.0,-999.0,-999.0,139.57010189,35.89740885,0.12293999642133713,0.12293999642133713,,,,,57035.56960648,0.2529999911785126,-0.6166238830340818,0.5253431327420757,0.5863357227329006,130.7659761071846,19.20706001199798,188.06209018498222,44.29278701293714,-999,0,2,0,0,2,0,0,-999.0,-999.0,-999.0,-999.0,0,-999.0,-999.0,-999.0,-999.0,-999.0,0,-999.0,-999.0,-999.0,0,0,-999.0,-999.0,-999.0,-999.0,0,-999.0,-999.0,-999.0,-999.0,-999.0,0,-999.0,-999.0,-999.0,0,0,0.0,21.691699981689453,0.1170860007405281,0.16616100072860718,2,21.584299087524414,21.818500518798828,20.976299285888672,0.20279300212860107,0.3061169981956482,2,21.063600540161133,0.04070800170302391,0.057750001549720764,2,16777752,-999.0,-999.0,-999.0,-999.0,0,-999.0,-999.0,-999.0,-999.0,-999.0,0,-999.0,-999.0,-999.0,0,0,-999.0,-999.0,-999.0,-999.0,0,-999.0,-999.0,-999.0,-999.0,-999.0,0,-999.0,-999.0,-999.0,0,0,0.024792107149590816
PSO J139.5706+35.8973,-999,-999,-999,151071395706027396,3578835000017179,214022515344154,0,16486949119181,15107,1,2038,90,0.620614579525417,3578835,49831,3,310456320,0,37,-999.0,-999.0,-999.0,-999.0,139.5706018,35.89733061,0.16392000019550323,0.16392000019550323,,,,,57035.57056713,-999.0,-0.6166290761416564,0.525338271873439,0.5863346165473398,130.76640886316565,19.20711574856434,188.06224454105674,44.293184389758615,-999,0,1,0,0,1,0,0,-999.0,-999.0,-999.0,-999.0,0,-999.0,-999.0,-999.0,-999.0,-999.0,0,-999.0,-999.0,-999.0,0,0,-999.0,-999.0,-999.0,-999.0,0,-999.0,-999.0,-999.0,-999.0,-999.0,0,-999.0,-999.0,-999.0,0,0,0.0,21.53619956970215,0.16323299705982208,-999.0,1,21.53619956970215,21.53619956970215,20.370399475097656,0.1448040008544922,-999.0,1,20.699399948120117,0.16323299705982208,-999.0,1,16777752,-999.0,-999.0,-999.0,-999.0,0,-999.0,-999.0,-999.0,-999.0,-999.0,0,-999.0,-999.0,-999.0,0,0,-999.0,-999.0,-999.0,-999.0,0,-999.0,-999.0,-999.0,-999.0,-999.0,0,-999.0,-999.0,-999.0,0,0,0.02449456295404596
PSO J139.5706+35.8954,-999,-999,-999,151071395706135031,3578835000017181,214022515344156,0,16486949124006,15107,1,2038,90,0.205243106191273,3578835,49831,3,302067712,0,36,-999.0,-999.0,-999.0,-999.0,139.57062287,35.89535562,0.12224999815225601,0.12224999815225601,,,,,55918.63284722,-999.0,-0.6166446536961064,0.5253511518428584,0.5863066930586679,130.7670965611552,19.20525050628061,188.06499677967287,44.29304288588928,-999,0,1,0,1,0,0,0,-999.0,-999.0,-999.0,-999.0,0,-999.0,-999.0,-999.0,-999.0,-999.0,0,-999.0,-999.0,-999.0,0,0,0.9996730089187622,21.42690086364746,0.12133000046014786,-999.0,1,21.42690086364746,21.42690086364746,-999.0,-999.0,-999.0,0,23.281099319458008,0.12133000046014786,-999.0,1,280,-999.0,-999.0,-999.0,-999.0,0,-999.0,-999.0,-999.0,-999.0,-999.0,0,-999.0,-999.0,-999.0,0,0,-999.0,-999.0,-999.0,-999.0,0,-999.0,-999.0,-999.0,-999.0,-999.0,0,-999.0,-999.0,-999.0,0,0,-999.0,-999.0,-999.0,-999.0,0,-999.0,-999.0,-999.0,-999.0,-999.0,0,-999.0,-999.0,-999.0,0,0,0.025616436651277445
PSO J139.5707+35.8965,-999,-999,-999,151071395706956416,3578835000017201,214022515344176,0,16486949123227,15107,1,2038,90,0.323479665744565,3578835,49831,3,268959744,0,32,-999.0,-999.0,-999.0,-999.0,139.57071644,35.8965135,0.19681000709533691,0.19681000709533691,,,,,56759.28498843,-999.0,-0.6166364923122798,0.5253424607879319,0.5863230638838012,130.76677945100914,19.206371557089465,188.06339284395324,44.29321138226354,-999,0,1,0,0,1,0,0,-999.0,-999.0,-999.0,-999.0,0,-999.0,-999.0,-999.0,-999.0,-999.0,0,-999.0,-999.0,-999.0,0,0,-999.0,-999.0,-999.0,-999.0,0,-999.0,-999.0,-999.0,-999.0,-999.0,0,-999.0,-999.0,-999.0,0,0,0.8335840106010437,20.18910026550293,0.19624100625514984,-999.0,1,20.18910026550293,20.18910026550293,19.312299728393555,0.303849995136261,-999.0,1,19.90719985961914,0.19624100625514984,-999.0,1,4112,-999.0,-999.0,-999.0,-999.0,0,-999.0,-999.0,-999.0,-999.0,-999.0,0,-999.0,-999.0,-999.0,0,0,-999.0,-999.0,-999.0,-999.0,0,-999.0,-999.0,-999.0,-999.0,-999.0,0,-999.0,-999.0,-999.0,0,0,0.024875466039778693
PSO J139.5708+35.8979,-999,-999,-999,151071395707668107,3578835000017214,214022515344189,0,16486949119834,15107,1,2038,90,0.112245915562143,3578835,49831,3,268513280,0,32,-999.0,-999.0,-999.0,-999.0,139.57079484,35.8979341,0.019279999658465385,0.019279999658465385,,,,,55249.27831019,-999.0,-0.616626145000249,0.525332189251325,0.5863431488800241,130.76636080389468,19.20773751512043,188.06142166099264,44.29338868449682,-999,0,1,0,0,0,0,1,-999.0,-999.0,-999.0,-999.0,0,-999.0,-999.0,-999.0,-999.0,-999.0,0,-999.0,-999.0,-999.0,0,0,-999.0,-999.0,-999.0,-999.0,0,-999.0,-999.0,-999.0,-999.0,-999.0,0,-999.0,-999.0,-999.0,0,0,-999.0,-999.0,-999.0,-999.0,0,-999.0,-999.0,-999.0,-999.0,-999.0,0,-999.0,-999.0,-999.0,0,0,-999.0,-999.0,-999.0,-999.0,0,-999.0,-999.0,-999.0,-999.0,-999.0,0,-999.0,-999.0,-999.0,0,0,0.997901976108551,16.318700790405273,0.012117000296711922,-999.0,1,16.318700790405273,16.318700790405273,17.04290008544922,0.029388999566435814,-999.0,1,16.918699264526367,0.012117000296711922,-999.0,1,16,0.024036721024584186
PSO J139.5708+35.8958,-999,-999,-999,151071395708255599,3578835000017224,214022515344199,0,16486949123235,15107,1,2038,90,0.426225093590305,3578835,49831,3,302067712,0,36,-999.0,-999.0,-999.0,-999.0,139.57082915,35.89583116,0.13882000744342804,0.13882000744342804,,,,,55918.62197917,-999.0,-0.6166428408886379,0.5253457759746578,0.58631341656692,130.76710271020414,19.205754518731307,188.06435329480337,44.293247624764994,-999,0,1,0,1,0,0,0,-999.0,-999.0,-999.0,-999.0,0,-999.0,-999.0,-999.0,-999.0,-999.0,0,-999.0,-999.0,-999.0,0,0,0.9986389875411987,21.50309944152832,0.1380070000886917,-999.0,1,21.50309944152832,21.50309944152832,-999.0,-999.0,-999.0,1,22.099700927734375,0.1380070000886917,-999.0,1,280,-999.0,-999.0,-999.0,-999.0,0,-999.0,-999.0,-999.0,-999.0,-999.0,0,-999.0,-999.0,-999.0,0,0,-999.0,-999.0,-999.0,-999.0,0,-999.0,-999.0,-999.0,-999.0,-999.0,0,-999.0,-999.0,-999.0,0,0,-999.0,-999.0,-999.0,-999.0,0,-999.0,-999.0,-999.0,-999.0,-999.0,0,-999.0,-999.0,-999.0,0,0,0.025198609378487034
PSO J139.5712+35.8926,-999,-999,-999,151071395711621705,3578835000017286,214022515344261,0,16486949111046,15107,1,2038,90,0.029506774646702,3578835,49831,3,268959744,0,32,-999.0,-999.0,-999.0,-999.0,139.57116135,35.89257755,0.20176999270915985,0.20176999270915985,,,,,55650.25525463,-999.0,-0.6166712300144972,0.5253637914306308,0.5862674140066456,130.7684773325503,19.202758977579975,188.06891438343493,44.293254622864886,-999,0,1,0,0,0,1,0,-999.0,-999.0,-999.0,-999.0,0,-999.0,-999.0,-999.0,-999.0,-999.0,0,-999.0,-999.0,-999.0,0,0,-999.0,-999.0,-999.0,-999.0,0,-999.0,-999.0,-999.0,-999.0,-999.0,0,-999.0,-999.0,-999.0,0,0,-999.0,-999.0,-999.0,-999.0,0,-999.0,-999.0,-999.0,-999.0,-999.0,0,-999.0,-999.0,-999.0,0,0,0.8134670257568359,21.175100326538086,0.20121200382709503,-999.0,1,21.175100326538086,21.175100326538086,-999.0,-999.0,-999.0,0,21.794200897216797,0.20121200382709503,-999.0,1,4120,-999.0,-999.0,-999.0,-999.0,0,-999.0,-999.0,-999.0,-999.0,-999.0,0,-999.0,-999.0,-999.0,0,0,0.027051729300006808
PSO J139.5718+35.8985,-999,-999,-999,151071395717628742,3578835000017432,214022515344407,0,16486949119651,15107,1,2038,90,0.0682087457442738,3578835,49831,3,302067712,0,36,-999.0,-999.0,-999.0,-999.0,139.5717931,35.89845767,0.13402999937534332,0.13402999937534332,,,,,55968.38200231,-999.0,-0.6166312190795367,0.5253179710744216,0.5863505512257473,130.7669941360099,19.20849272924539,188.06078317398422,44.294236731910715,-999,0,1,0,0,1,0,0,-999.0,-999.0,-999.0,-999.0,0,-999.0,-999.0,-999.0,-999.0,-999.0,0,-999.0,-999.0,-999.0,0,0,-999.0,-999.0,-999.0,-999.0,0,-999.0,-999.0,-999.0,-999.0,-999.0,0,-999.0,-999.0,-999.0,0,0,0.9974340200424194,21.21339988708496,0.13319000601768494,-999.0,1,21.21339988708496,21.21339988708496,21.234800338745117,0.19676199555397034,-999.0,1,21.6742000579834,0.13319000601768494,-999.0,1,280,-999.0,-999.0,-999.0,-999.0,0,-999.0,-999.0,-999.0,-999.0,-999.0,0,-999.0,-999.0,-999.0,0,0,-999.0,-999.0,-999.0,-999.0,0,-999.0,-999.0,-999.0,-999.0,-999.0,0,-999.0,-999.0,-999.0,0,0,0.023073445591687388
PSO J139.5717+35.8938,-999,-999,-999,151071395719973230,3578835000017482,214022515344457,0,16486949123565,15107,1,2038,90,0.112040894210377,3578835,49831,3,268513280,0,32,-999.0,-999.0,-999.0,-999.0,139.57168079,35.89383401,0.01858000084757805,0.01858000084757805,,,,,56271.62530093,-999.0,-0.6166662061807114,0.5253498632062321,0.5862851792292565,130.7684728021532,19.20408402458141,188.0672118745417,44.293774971625545,-999,0,2,0,0,0,2,0,-999.0,-999.0,-999.0,-999.0,0,-999.0,-999.0,-999.0,-999.0,-999.0,0,-999.0,-999.0,-999.0,0,0,-999.0,-999.0,-999.0,-999.0,0,-999.0,-999.0,-999.0,-999.0,-999.0,0,-999.0,-999.0,-999.0,0,0,-999.0,-999.0,-999.0,-999.0,0,-999.0,-999.0,-999.0,-999.0,-999.0,0,-999.0,-999.0,-999.0,0,0,0.9951679706573486,20.084699630737305,0.12443500012159348,-999.0,1,20.084699630737305,20.084699630737305,19.787399291992188,0.09485000371932983,-999.0,1,19.544599533081055,0.12443500012159348,-999.0,1,16781336,-999.0,-999.0,-999.0,-999.0,0,-999.0,-999.0,-999.0,-999.0,-999.0,0,-999.0,-999.0,-999.0,0,0,0.025903989101838235
PSO J139.5722+35.8985,-999,-999,-999,151071395721578806,3578835000186743,214022515515341,0,16486949119670,15107,1,2038,90,0.314137037204706,3578835,49831,3,1343750144,0,160,139.57215737,35.89850154,0.0010000000474974513,0.0010000000474974513,139.57215737,35.89850154,0.0010000000474974513,0.0010000000474974513,,,,,55717.37505787,-999.0,-0.6166342171320469,0.5253137595581869,0.5863511714670577,130.7672752166284,19.20862889943553,188.06075514897947,44.294534379584505,-999,1,0,0,0,0,0,0,-999.0,-999.0,-999.0,-999.0,0,-999.0,-999.0,-999.0,-999.0,-999.0,0,-999.0,-999.0,-999.0,0,16416,-999.0,-999.0,-999.0,-999.0,0,-999.0,-999.0,-999.0,-999.0,-999.0,0,-999.0,-999.0,-999.0,0,16416,-999.0,-999.0,-999.0,-999.0,0,-999.0,-999.0,-999.0,-999.0,-999.0,0,-999.0,-999.0,-999.0,0,114720,-999.0,-999.0,-999.0,-999.0,0,-999.0,-999.0,-999.0,-999.0,-999.0,0,-999.0,-999.0,-999.0,0,16416,-999.0,-999.0,-999.0,-999.0,0,-999.0,-999.0,-999.0,-999.0,-999.0,0,-999.0,-999.0,-999.0,0,16416,0.02280068675809746
PSO J139.5722+35.8990,-999,-999,-999,151071395721789393,3578835000017527,214022515344502,0,16486949119646,15107,1,2038,90,0.493333879386386,3578835,49831,3,302067712,0,36,-999.0,-999.0,-999.0,-999.0,139.57221027,35.8990117,0.19720999896526337,0.19720999896526337,,,,,55968.36913194,-999.0,-0.6166307278797463,0.5253098045440802,0.5863583841682103,130.7671449720412,19.209125862375576,188.0600494932224,44.29461801187272,-999,0,1,0,0,1,0,0,-999.0,-999.0,-999.0,-999.0,0,-999.0,-999.0,-999.0,-999.0,-999.0,0,-999.0,-999.0,-999.0,0,0,-999.0,-999.0,-999.0,-999.0,0,-999.0,-999.0,-999.0,-999.0,-999.0,0,-999.0,-999.0,-999.0,0,0,0.9983109831809998,21.572200775146484,0.19663700461387634,-999.0,1,21.572200775146484,21.572200775146484,-999.0,-999.0,-999.0,1,21.616300582885742,0.19663700461387634,-999.0,1,280,-999.0,-999.0,-999.0,-999.0,0,-999.0,-999.0,-999.0,-999.0,-999.0,0,-999.0,-999.0,-999.0,0,0,-999.0,-999.0,-999.0,-999.0,0,-999.0,-999.0,-999.0,-999.0,-999.0,0,-999.0,-999.0,-999.0,0,0,0.022494123975289763
PSO J139.5723+35.8924,-999,-999,-999,151071395722451414,3578835000017542,214022515344517,0,16486949124820,15107,1,2038,90,0.491656576741167,3578835,49831,3,268959744,0,32,-999.0,-999.0,-999.0,-999.0,139.57226015,35.89235443,0.25185999274253845,0.25185999274253845,,,,,55249.28607639,-999.0,-0.6166830430521864,0.5253534455266471,0.5862642592595727,130.7694459254272,19.20283305389507,188.06932498312244,44.29412398497728,-999,0,1,0,0,1,0,0,-999.0,-999.0,-999.0,-999.0,0,-999.0,-999.0,-999.0,-999.0,-999.0,0,-999.0,-999.0,-999.0,0,0,-999.0,-999.0,-999.0,-999.0,0,-999.0,-999.0,-999.0,-999.0,-999.0,0,-999.0,-999.0,-999.0,0,0,0.7584220170974731,20.89590072631836,0.25141599774360657,-999.0,1,20.89590072631836,20.89590072631836,-999.0,-999.0,-999.0,0,24.650699615478516,0.25141599774360657,-999.0,1,4120,-999.0,-999.0,-999.0,-999.0,0,-999.0,-999.0,-999.0,-999.0,-999.0,0,-999.0,-999.0,-999.0,0,0,-999.0,-999.0,-999.0,-999.0,0,-999.0,-999.0,-999.0,-999.0,-999.0,0,-999.0,-999.0,-999.0,0,0,0.026553283636527966
PSO J139.5725+35.8912,-999,-999,-999,151071395725080384,3578835000017613,214022515344588,0,16486949124685,15107,1,2038,90,0.574380211135727,3578835,49831,3,302067712,0,36,-999.0,-999.0,-999.0,-999.0,139.57249397,35.89120646,0.15627999603748322,0.15627999603748322,,,,,56759.31069444,-999.0,-0.6166941284597875,0.5253585460856232,0.5862480276964889,130.77002568619585,19.201806430750892,188.07094489732296,44.294220587665215,-999,0,2,0,0,1,0,1,-999.0,-999.0,-999.0,-999.0,0,-999.0,-999.0,-999.0,-999.0,-999.0,0,-999.0,-999.0,-999.0,0,0,-999.0,-999.0,-999.0,-999.0,0,-999.0,-999.0,-999.0,-999.0,-999.0,0,-999.0,-999.0,-999.0,0,0,0.9061369895935059,16.513700485229492,0.15555700659751892,-999.0,1,16.513700485229492,16.513700485229492,-999.0,-999.0,-999.0,1,16.792600631713867,0.15555700659751892,-999.0,1,272,-999.0,-999.0,-999.0,-999.0,0,-999.0,-999.0,-999.0,-999.0,-999.0,0,-999.0,-999.0,-999.0,0,0,0.46336400508880615,20.09269905090332,0.45969998836517334,-999.0,1,20.09269905090332,20.09269905090332,-999.0,-999.0,-999.0,1,19.870800018310547,0.45969998836517334,-999.0,1,4120,0.02722897923850631
PSO J139.5726+35.8982,-999,-999,-999,151071395725548393,3578835000017627,214022515344602,0,16486949119759,15107,1,2038,90,0.540366322305395,3578835,49831,3,268959744,0,32,-999.0,-999.0,-999.0,-999.0,139.57257779,35.8981599,0.2809000015258789,0.2809000015258789,,,,,56759.28498843,-999.0,-0.616640733158267,0.5253115021201994,0.5863463412951895,130.7677328217337,19.20841450072322,188.0612690895265,44.294846443239514,-999,0,1,0,0,1,0,0,-999.0,-999.0,-999.0,-999.0,0,-999.0,-999.0,-999.0,-999.0,-999.0,0,-999.0,-999.0,-999.0,0,0,-999.0,-999.0,-999.0,-999.0,0,-999.0,-999.0,-999.0,-999.0,-999.0,0,-999.0,-999.0,-999.0,0,0,0.8493040204048157,20.670499801635742,0.28050199151039124,-999.0,1,20.670499801635742,20.670499801635742,20.0935001373291,0.26562100648880005,-999.0,1,20.40290069580078,0.28050199151039124,-999.0,1,4112,-999.0,-999.0,-999.0,-999.0,0,-999.0,-999.0,-999.0,-999.0,-999.0,0,-999.0,-999.0,-999.0,0,0,-999.0,-999.0,-999.0,-999.0,0,-999.0,-999.0,-999.0,-999.0,-999.0,0,-999.0,-999.0,-999.0,0,0,0.022701908180059894
PSO J139.5726+35.8945,-999,-999,-999,151071395726033991,3578835000017640,214022515344615,0,16486949125249,15107,1,2038,90,0.291350649009785,3578835,49831,3,310456320,0,37,-999.0,-999.0,-999.0,-999.0,139.57262492,35.89449933,0.1934400051832199,0.1934400051832199,,,,,55250.26778935,-999.0,-0.6166696804514944,0.5253352867149613,0.5862945861458736,130.7690140518334,19.204959455444232,188.0663711403062,44.2945907589142,-999,0,1,0,0,0,0,1,-999.0,-999.0,-999.0,-999.0,0,-999.0,-999.0,-999.0,-999.0,-999.0,0,-999.0,-999.0,-999.0,0,0,-999.0,-999.0,-999.0,-999.0,0,-999.0,-999.0,-999.0,-999.0,-999.0,0,-999.0,-999.0,-999.0,0,0,-999.0,-999.0,-999.0,-999.0,0,-999.0,-999.0,-999.0,-999.0,-999.0,0,-999.0,-999.0,-999.0,0,0,-999.0,-999.0,-999.0,-999.0,0,-999.0,-999.0,-999.0,-999.0,-999.0,0,-999.0,-999.0,-999.0,0,0,0.7583600282669067,19.304100036621094,0.19285300374031067,-999.0,1,19.304100036621094,19.304100036621094,19.37470054626465,0.32951200008392334,-999.0,1,18.722299575805664,0.19285300374031067,-999.0,1,16777744,0.024890276479380354
PSO J139.5732+35.8923,-999,-999,-999,151071395732211556,3578835000017797,214022515344772,0,16486949124780,15107,1,2038,90,0.205677749780638,3578835,49831,3,268959744,0,32,-999.0,-999.0,-999.0,-999.0,139.57323523,35.89229541,0.1589300036430359,0.1589300036430359,,,,,55248.95063657,-999.0,-0.6166924433301147,0.5253433421373067,0.5862634247601823,130.77025827338986,19.203030434253765,188.06949580786318,44.29490662543467,-999,0,2,0,0,2,0,0,-999.0,-999.0,-999.0,-999.0,0,-999.0,-999.0,-999.0,-999.0,-999.0,0,-999.0,-999.0,-999.0,0,0,-999.0,-999.0,-999.0,-999.0,0,-999.0,-999.0,-999.0,-999.0,-999.0,0,-999.0,-999.0,-999.0,0,0,0.5844150185585022,20.610000610351562,0.45678699016571045,0.7465729713439941,2,20.41790008544922,21.331499099731445,-999.0,-999.0,-999.0,1,22.489200592041016,0.27444300055503845,-999.0,1,4120,-999.0,-999.0,-999.0,-999.0,0,-999.0,-999.0,-999.0,-999.0,-999.0,0,-999.0,-999.0,-999.0,0,0,-999.0,-999.0,-999.0,-999.0,0,-999.0,-999.0,-999.0,-999.0,-999.0,0,-999.0,-999.0,-999.0,0,0,0.026031264983408305
PSO J139.5737+35.8987,-999,-999,-999,151071395736538995,3578835000017911,214022515344886,0,16486949121905,15107,1,2038,90,0.925930641522566,3578835,49831,3,268959744,0,32,-999.0,-999.0,-999.0,-999.0,139.57366722,35.8986676,0.48938000202178955,0.48938000202178955,,,,,55249.29931713,-999.0,-0.6166467662411825,0.5252964078976418,0.5863535192476693,130.76844561202856,19.209178369698332,188.06066093868995,44.295766821328186,-999,0,1,0,0,1,0,0,-999.0,-999.0,-999.0,-999.0,0,-999.0,-999.0,-999.0,-999.0,-999.0,0,-999.0,-999.0,-999.0,0,0,-999.0,-999.0,-999.0,-999.0,0,-999.0,-999.0,-999.0,-999.0,-999.0,0,-999.0,-999.0,-999.0,0,0,0.5924320220947266,21.863300323486328,0.48915499448776245,-999.0,1,21.863300323486328,21.863300323486328,-999.0,-999.0,-999.0,0,-999.0,-999.0,-999.0,0,4120,-999.0,-999.0,-999.0,-999.0,0,-999.0,-999.0,-999.0,-999.0,-999.0,0,-999.0,-999.0,-999.0,0,0,-999.0,-999.0,-999.0,-999.0,0,-999.0,-999.0,-999.0,-999.0,-999.0,0,-999.0,-999.0,-999.0,0,0,0.02168610329309903
PSO J139.5737+35.8914,-999,-999,-999,151071395736540238,3578835000017904,214022515344879,0,16486949125064,15107,1,2038,90,0.135672790124708,3578835,49831,3,277348352,0,33,-999.0,-999.0,-999.0,-999.0,139.57366766,35.89137119,0.091109998524189,0.091109998524189,,,,,55534.65167824,-999.0,-0.6167036070902824,0.5253448201424629,0.586250356888009,130.77092345359438,19.202267341578104,188.0708222007297,44.29518158959717,-999,0,1,0,0,0,1,0,-999.0,-999.0,-999.0,-999.0,0,-999.0,-999.0,-999.0,-999.0,-999.0,0,-999.0,-999.0,-999.0,0,0,-999.0,-999.0,-999.0,-999.0,0,-999.0,-999.0,-999.0,-999.0,-999.0,0,-999.0,-999.0,-999.0,0,0,-999.0,-999.0,-999.0,-999.0,0,-999.0,-999.0,-999.0,-999.0,-999.0,0,-999.0,-999.0,-999.0,0,0,0.7503560185432434,19.394800186157227,0.08986300230026245,-999.0,1,19.394800186157227,19.394800186157227,19.2362003326416,0.07928299903869629,-999.0,1,19.107200622558594,0.08986300230026245,-999.0,1,16781336,-999.0,-999.0,-999.0,-999.0,0,-999.0,-999.0,-999.0,-999.0,-999.0,0,-999.0,-999.0,-999.0,0,0,0.02645482982297977
PSO J139.5740+35.8984,-999,-999,-999,151071395739408691,3578835000017979,214022515344954,0,16486949121874,15107,1,2038,90,0.138735478873118,3578835,49831,3,268959744,0,32,-999.0,-999.0,-999.0,-999.0,139.57396462,35.89838284,0.20724999904632568,0.20724999904632568,,,,,55249.95587963,-999.0,-0.616651711232373,0.5252950968558875,0.5863494932660467,130.76878394928042,19.208985896284783,188.06108450266333,44.295984119580105,-999,0,2,1,0,0,0,1,0.6199780106544495,22.28700065612793,0.35197100043296814,-999.0,1,22.28700065612793,22.28700065612793,-999.0,-999.0,-999.0,0,23.835100173950195,0.35197100043296814,-999.0,1,4120,-999.0,-999.0,-999.0,-999.0,0,-999.0,-999.0,-999.0,-999.0,-999.0,0,-999.0,-999.0,-999.0,0,0,-999.0,-999.0,-999.0,-999.0,0,-999.0,-999.0,-999.0,-999.0,-999.0,0,-999.0,-999.0,-999.0,0,0,-999.0,-999.0,-999.0,-999.0,0,-999.0,-999.0,-999.0,-999.0,-999.0,0,-999.0,-999.0,-999.0,0,0,0.7479749917984009,18.147199630737305,0.25585800409317017,-999.0,1,18.147199630737305,18.147199630737305,18.359600067138672,0.30809301137924194,-999.0,1,18.383499145507812,0.25585800409317017,-999.0,1,4112,0.021647917541626878
PSO J139.5745+35.8941,-999,-999,-999,151071395744263506,3578835000018088,214022515345063,0,16486949125928,15107,1,2038,90,0.0882801935898887,3578835,49831,3,302067712,0,36,-999.0,-999.0,-999.0,-999.0,139.57445001,35.89409999,0.18750999867916107,0.18750999867916107,,,,,56271.62530093,-999.0,-0.6166895247987203,0.5253182929800024,0.5862889399128257,130.7706326141687,19.2050552814595,188.06709308433025,44.29603243823172,-999,0,1,0,0,0,1,0,-999.0,-999.0,-999.0,-999.0,0,-999.0,-999.0,-999.0,-999.0,-999.0,0,-999.0,-999.0,-999.0,0,0,-999.0,-999.0,-999.0,-999.0,0,-999.0,-999.0,-999.0,-999.0,-999.0,0,-999.0,-999.0,-999.0,0,0,-999.0,-999.0,-999.0,-999.0,0,-999.0,-999.0,-999.0,-999.0,-999.0,0,-999.0,-999.0,-999.0,0,0,0.9996439814567566,20.88159942626953,0.1869100034236908,-999.0,1,20.88159942626953,20.88159942626953,-999.0,-999.0,-999.0,1,20.64929962158203,0.1869100034236908,-999.0,1,280,-999.0,-999.0,-999.0,-999.0,0,-999.0,-999.0,-999.0,-999.0,-999.0,0,-999.0,-999.0,-999.0,0,0,0.024064669824877014
PSO J139.5749+35.8913,-999,-999,-999,151071395748570192,3578835000018191,214022515345166,0,16486949124532,15107,1,2038,90,0.188588130463462,3578835,49831,3,268513280,0,32,-999.0,-999.0,-999.0,-999.0,139.57487675,35.89133618,0.021849999204277992,0.021849999204277992,,,,,55521.6127662,-999.0,-0.6167149657933784,0.525332038265545,0.5862498618662867,130.7719178029421,19.20254826008634,188.0709808681491,44.29615513386925,-999,0,1,0,0,0,0,1,-999.0,-999.0,-999.0,-999.0,0,-999.0,-999.0,-999.0,-999.0,-999.0,0,-999.0,-999.0,-999.0,0,0,-999.0,-999.0,-999.0,-999.0,0,-999.0,-999.0,-999.0,-999.0,-999.0,0,-999.0,-999.0,-999.0,0,0,-999.0,-999.0,-999.0,-999.0,0,-999.0,-999.0,-999.0,-999.0,-999.0,0,-999.0,-999.0,-999.0,0,0,-999.0,-999.0,-999.0,-999.0,0,-999.0,-999.0,-999.0,-999.0,-999.0,0,-999.0,-999.0,-999.0,0,0,0.9988189935684204,17.121599197387695,0.0158890001475811,-999.0,1,17.121599197387695,17.121599197387695,17.425899505615234,0.02723200060427189,-999.0,1,17.33880043029785,0.0158890001475811,-999.0,1,24,0.025824401380100677
PSO J139.5749+35.8919,-999,-999,-999,151071395748700917,3578835000018195,214022515345170,0,16486949124559,15107,1,2038,90,0.908303683538273,3578835,49831,3,268959744,0,32,-999.0,-999.0,-999.0,-999.0,139.57487996,35.89193736,0.24233999848365784,0.24233999848365784,,,,,55249.28141204,-999.0,-0.6167103125133667,0.5253280148725576,0.5862583621831959,130.77171628507807,19.20311853019585,188.07014392980537,44.296206002589976,-999,0,1,0,0,1,0,0,-999.0,-999.0,-999.0,-999.0,0,-999.0,-999.0,-999.0,-999.0,-999.0,0,-999.0,-999.0,-999.0,0,0,-999.0,-999.0,-999.0,-999.0,0,-999.0,-999.0,-999.0,-999.0,-999.0,0,-999.0,-999.0,-999.0,0,0,0.7753890156745911,20.863500595092773,0.24187800288200378,-999.0,1,20.863500595092773,20.863500595092773,-999.0,-999.0,-999.0,0,22.267499923706055,0.24187800288200378,-999.0,1,4120,-999.0,-999.0,-999.0,-999.0,0,-999.0,-999.0,-999.0,-999.0,-999.0,0,-999.0,-999.0,-999.0,0,0,-999.0,-999.0,-999.0,-999.0,0,-999.0,-999.0,-999.0,-999.0,-999.0,0,-999.0,-999.0,-999.0,0,0,0.025373765357509986
PSO J139.5750+35.8976,-999,-999,-999,151071395749597730,3578835000018218,214022515345193,0,16486949121126,15107,1,2038,90,0.306675492140162,3578835,49831,3,268959744,0,32,-999.0,-999.0,-999.0,-999.0,139.57498274,35.89760733,0.2064799964427948,0.2064799964427948,,,,,56759.28498843,-999.0,-0.6166670869291863,0.52528928545467,0.5863385289103843,130.76987453076669,19.208515798909506,188.06225693810467,44.2967440081871,-999,0,1,0,0,1,0,0,-999.0,-999.0,-999.0,-999.0,0,-999.0,-999.0,-999.0,-999.0,-999.0,0,-999.0,-999.0,-999.0,0,0,-999.0,-999.0,-999.0,-999.0,0,-999.0,-999.0,-999.0,-999.0,-999.0,0,-999.0,-999.0,-999.0,0,0,0.7127879858016968,20.15530014038086,0.20593400299549103,-999.0,1,20.15530014038086,20.15530014038086,-999.0,-999.0,-999.0,0,20.19059944152832,0.20593400299549103,-999.0,1,4112,-999.0,-999.0,-999.0,-999.0,0,-999.0,-999.0,-999.0,-999.0,-999.0,0,-999.0,-999.0,-999.0,0,0,-999.0,-999.0,-999.0,-999.0,0,-999.0,-999.0,-999.0,-999.0,-999.0,0,-999.0,-999.0,-999.0,0,0,0.021442797471406212
PSO J139.5752+35.8920,-999,-999,-999,151071395752201007,3578835000018281,214022515345256,0,16486949124605,15107,1,2038,90,0.023793526947306,3578835,49831,3,268959744,0,32,-999.0,-999.0,-999.0,-999.0,139.57523273,35.89200716,0.1845099925994873,0.1845099925994873,,,,,55534.65986111,-999.0,-0.6167130032517448,0.5253237546536231,0.5862593491082537,130.77197923138377,19.203276282840456,188.07007878425017,44.296496471820966,-999,0,1,0,0,0,1,0,-999.0,-999.0,-999.0,-999.0,0,-999.0,-999.0,-999.0,-999.0,-999.0,0,-999.0,-999.0,-999.0,0,0,-999.0,-999.0,-999.0,-999.0,0,-999.0,-999.0,-999.0,-999.0,-999.0,0,-999.0,-999.0,-999.0,0,0,-999.0,-999.0,-999.0,-999.0,0,-999.0,-999.0,-999.0,-999.0,-999.0,0,-999.0,-999.0,-999.0,0,0,0.3746190071105957,19.97330093383789,0.18389500677585602,-999.0,1,19.97330093383789,19.97330093383789,-999.0,-999.0,-999.0,0,20.238500595092773,0.18389500677585602,-999.0,1,4120,-999.0,-999.0,-999.0,-999.0,0,-999.0,-999.0,-999.0,-999.0,-999.0,0,-999.0,-999.0,-999.0,0,0,0.025130798969389367
PSO J139.5755+35.8948,-999,-999,-999,151071395755134407,3578835000186779,214022515515377,0,16486949122374,15107,1,2038,90,0.918227974249262,3578835,49831,3,1343750144,0,160,139.57551321,35.894835,0.0010000000474974513,0.0010000000474974513,139.57551321,35.894835,0.0010000000474974513,0.0010000000474974513,,,,,55646.49783565,-999.0,-0.6166935470924282,0.5253019723127746,0.5862993321323742,130.7712469352291,19.206027659789136,188.06616604289914,44.29694994420118,-999,1,0,0,0,0,0,0,-999.0,-999.0,-999.0,-999.0,0,-999.0,-999.0,-999.0,-999.0,-999.0,0,-999.0,-999.0,-999.0,0,16416,-999.0,-999.0,-999.0,-999.0,0,-999.0,-999.0,-999.0,-999.0,-999.0,0,-999.0,-999.0,-999.0,0,16416,-999.0,-999.0,-999.0,-999.0,0,-999.0,-999.0,-999.0,-999.0,-999.0,0,-999.0,-999.0,-999.0,0,114720,-999.0,-999.0,-999.0,-999.0,0,-999.0,-999.0,-999.0,-999.0,-999.0,0,-999.0,-999.0,-999.0,0,16416,-999.0,-999.0,-999.0,-999.0,0,-999.0,-999.0,-999.0,-999.0,-999.0,0,-999.0,-999.0,-999.0,0,16416,0.022934364761157837
PSO J139.5756+35.8920,-999,-999,-999,151071395755980937,3578835000018371,214022515345346,0,16486949124574,15107,1,2038,90,0.0602915436590943,3578835,49831,3,268959744,0,32,-999.0,-999.0,-999.0,-999.0,139.57561229,35.89195656,0.24354000389575958,0.24354000389575958,,,,,55249.26556713,-999.0,-0.616716877424231,0.5253200049123649,0.5862586336583702,130.77230482742277,19.2033269527572,188.07018374754213,44.296798906802856,-999,0,1,0,0,0,0,1,-999.0,-999.0,-999.0,-999.0,0,-999.0,-999.0,-999.0,-999.0,-999.0,0,-999.0,-999.0,-999.0,0,0,-999.0,-999.0,-999.0,-999.0,0,-999.0,-999.0,-999.0,-999.0,-999.0,0,-999.0,-999.0,-999.0,0,0,-999.0,-999.0,-999.0,-999.0,0,-999.0,-999.0,-999.0,-999.0,-999.0,0,-999.0,-999.0,-999.0,0,0,-999.0,-999.0,-999.0,-999.0,0,-999.0,-999.0,-999.0,-999.0,-999.0,0,-999.0,-999.0,-999.0,0,0,0.674435019493103,19.42889976501465,0.24307900667190552,-999.0,1,19.42889976501465,19.42889976501465,-999.0,-999.0,-999.0,0,19.66819953918457,0.24307900667190552,-999.0,1,4112,0.024965113289353018
PSO J139.5760+35.8961,-999,-999,-999,151071395759415976,3578835000018470,214022515345445,0,16486949122489,15107,1,2038,90,0.184153726495946,3578835,49831,3,268959744,0,32,-999.0,-999.0,-999.0,-999.0,139.57595845,35.89612656,0.19965000450611115,0.19965000450611115,,,,,55250.25818287,-999.0,-0.6166875678307352,0.5252886098987198,0.5863175931128819,130.77117014373286,19.20736667476678,188.0644077487633,44.29741308719618,-999,0,1,0,0,0,1,0,-999.0,-999.0,-999.0,-999.0,0,-999.0,-999.0,-999.0,-999.0,-999.0,0,-999.0,-999.0,-999.0,0,0,-999.0,-999.0,-999.0,-999.0,0,-999.0,-999.0,-999.0,-999.0,-999.0,0,-999.0,-999.0,-999.0,0,0,-999.0,-999.0,-999.0,-999.0,0,-999.0,-999.0,-999.0,-999.0,-999.0,0,-999.0,-999.0,-999.0,0,0,0.777866005897522,20.42300033569336,0.19908300042152405,-999.0,1,20.42300033569336,20.42300033569336,20.156099319458008,0.19606700539588928,-999.0,1,20.10810089111328,0.19908300042152405,-999.0,1,4120,-999.0,-999.0,-999.0,-999.0,0,-999.0,-999.0,-999.0,-999.0,-999.0,0,-999.0,-999.0,-999.0,0,0,0.021788929036886295
PSO J139.5761+35.8967,-999,-999,-999,151071395760936599,3578835000018506,214022515345481,0,16486949120639,15107,1,2038,90,0.439917737096471,3578835,49831,3,268959744,0,32,-999.0,-999.0,-999.0,-999.0,139.57610799,35.89667416,0.32870998978614807,0.32870998978614807,,,,,55250.26314815,-999.0,-0.6166846728794086,0.5252833667006501,0.5863253353755464,130.77110570219205,19.207924202534386,188.06365869007524,44.297577760082,-999,0,1,0,0,0,0,1,-999.0,-999.0,-999.0,-999.0,0,-999.0,-999.0,-999.0,-999.0,-999.0,0,-999.0,-999.0,-999.0,0,0,-999.0,-999.0,-999.0,-999.0,0,-999.0,-999.0,-999.0,-999.0,-999.0,0,-999.0,-999.0,-999.0,0,0,-999.0,-999.0,-999.0,-999.0,0,-999.0,-999.0,-999.0,-999.0,-999.0,0,-999.0,-999.0,-999.0,0,0,-999.0,-999.0,-999.0,-999.0,0,-999.0,-999.0,-999.0,-999.0,-999.0,0,-999.0,-999.0,-999.0,0,0,0.6909760236740112,19.724599838256836,0.3283660113811493,-999.0,1,19.724599838256836,19.724599838256836,-999.0,-999.0,-999.0,0,19.520200729370117,0.3283660113811493,-999.0,1,4112,0.02133404500454437
PSO J139.5762+35.8991,-999,-999,-999,151071395761589513,3578835000018520,214022515345495,0,16486949121424,15107,1,2038,90,0.474822739581412,3578835,49831,3,268959744,0,32,-999.0,-999.0,-999.0,-999.0,139.57615866,35.89909074,-999.0,-999.0,,,,,-999.0,-999.0,-0.6166663109976662,0.525266785277893,0.5863595016407234,130.77032626341483,19.21022632860275,188.06029773282467,44.29781244968556,-999,0,1,0,0,1,0,0,-999.0,-999.0,-999.0,-999.0,0,-999.0,-999.0,-999.0,-999.0,-999.0,0,-999.0,-999.0,-999.0,0,0,-999.0,-999.0,-999.0,-999.0,0,-999.0,-999.0,-999.0,-999.0,-999.0,0,-999.0,-999.0,-999.0,0,0,-999.0,-999.0,-999.0,-999.0,0,-999.0,-999.0,19.327499389648438,0.06219799816608429,-999.0,1,-999.0,-999.0,-999.0,0,16,-999.0,-999.0,-999.0,-999.0,0,-999.0,-999.0,-999.0,-999.0,-999.0,0,-999.0,-999.0,-999.0,0,0,-999.0,-999.0,-999.0,-999.0,0,-999.0,-999.0,-999.0,-999.0,-999.0,0,-999.0,-999.0,-999.0,0,0,0.019789604840155146
PSO J139.5763+35.8915,-999,-999,-999,151071395762310414,3578835000018530,214022515345505,0,16486949116652,15107,1,2038,90,0.640215232633255,3578835,49831,3,268959744,0,32,-999.0,-999.0,-999.0,-999.0,139.57625973,35.89151515,0.17669999599456787,0.17669999599456787,,,,,55249.29428241,-999.0,-0.616726251789644,0.5253159646914586,0.5862523923991944,130.77298079211096,19.20307703789796,188.07085732470304,44.297286279889136,-999,0,2,0,1,1,0,0,-999.0,-999.0,-999.0,-999.0,0,-999.0,-999.0,-999.0,-999.0,-999.0,0,-999.0,-999.0,-999.0,0,0,0.78438800573349,22.320499420166016,0.342756986618042,-999.0,1,22.320499420166016,22.320499420166016,-999.0,-999.0,-999.0,1,23.08810043334961,0.342756986618042,-999.0,1,4120,0.7077590227127075,20.600000381469727,0.2056030035018921,-999.0,1,20.600000381469727,20.600000381469727,-999.0,-999.0,-999.0,0,21.390399932861328,0.2056030035018921,-999.0,1,4120,-999.0,-999.0,-999.0,-999.0,0,-999.0,-999.0,-999.0,-999.0,-999.0,0,-999.0,-999.0,-999.0,0,0,-999.0,-999.0,-999.0,-999.0,0,-999.0,-999.0,-999.0,-999.0,-999.0,0,-999.0,-999.0,-999.0,0,0,0.024961618029925584
PSO J139.5764+35.8988,-999,-999,-999,151071395764259193,3578835000018588,214022515345563,0,16486949120486,15107,1,2038,90,0.315853592302514,3578835,49831,3,310456320,0,37,-999.0,-999.0,-999.0,-999.0,139.57644872,35.89883307,0.17395000159740448,0.17395000159740448,,,,,55250.26778935,-999.0,-0.6166709775986995,0.5252653732894498,0.5863558586818752,130.7706494414221,19.21005761220757,188.06068290799337,44.29802600079857,-999,0,1,0,0,0,0,1,-999.0,-999.0,-999.0,-999.0,0,-999.0,-999.0,-999.0,-999.0,-999.0,0,-999.0,-999.0,-999.0,0,0,-999.0,-999.0,-999.0,-999.0,0,-999.0,-999.0,-999.0,-999.0,-999.0,0,-999.0,-999.0,-999.0,0,0,-999.0,-999.0,-999.0,-999.0,0,-999.0,-999.0,-999.0,-999.0,-999.0,0,-999.0,-999.0,-999.0,0,0,-999.0,-999.0,-999.0,-999.0,0,-999.0,-999.0,-999.0,-999.0,-999.0,0,-999.0,-999.0,-999.0,0,0,0.9670370221138,19.172300338745117,0.17329999804496765,-999.0,1,19.172300338745117,19.172300338745117,17.973100662231445,0.15108299255371094,-999.0,1,18.31399917602539,0.17329999804496765,-999.0,1,16777488,0.019754635454899125
PSO J139.5766+35.8927,-999,-999,-999,151071395765751868,3578835000018620,214022515345595,0,16486949122560,15107,1,2038,90,0.89430293803504,3578835,49831,3,268959744,0,32,-999.0,-999.0,-999.0,-999.0,139.57658862,35.89272955,0.22450000047683716,0.22450000047683716,,,,,55534.65167824,-999.0,-0.6167198076486151,0.5253043671616361,0.5862695631659279,130.77283568006425,19.204312747815237,188.06919594291142,44.29764935402105,-999,0,1,0,0,0,1,0,-999.0,-999.0,-999.0,-999.0,0,-999.0,-999.0,-999.0,-999.0,-999.0,0,-999.0,-999.0,-999.0,0,0,-999.0,-999.0,-999.0,-999.0,0,-999.0,-999.0,-999.0,-999.0,-999.0,0,-999.0,-999.0,-999.0,0,0,-999.0,-999.0,-999.0,-999.0,0,-999.0,-999.0,-999.0,-999.0,-999.0,0,-999.0,-999.0,-999.0,0,0,0.6807060241699219,20.576799392700195,0.2240000069141388,-999.0,1,20.576799392700195,20.576799392700195,-999.0,-999.0,-999.0,0,20.496200561523438,0.2240000069141388,-999.0,1,4120,-999.0,-999.0,-999.0,-999.0,0,-999.0,-999.0,-999.0,-999.0,-999.0,0,-999.0,-999.0,-999.0,0,0,0.023862732239600067
PSO J139.5794+35.9067,-999,-999,-999,151081395794118588,3578835000019334,214022515346309,0,16486948548006,15108,1,2038,90,0.211001347946936,3578835,49831,3,302067712,0,36,-999.0,-999.0,-999.0,-999.0,139.57943026,35.90666147,0.16364000737667084,0.16364000737667084,,,,,55249.32226852,-999.0,-0.61663731291575,0.5251813317791327,0.5864665319272192,130.77041335892858,19.21824704422474,188.05005016462476,44.30106028582603,-999,0,1,0,1,0,0,0,-999.0,-999.0,-999.0,-999.0,0,-999.0,-999.0,-999.0,-999.0,-999.0,0,-999.0,-999.0,-999.0,0,0,0.997189998626709,21.707300186157227,0.16294899582862854,-999.0,1,21.707300186157227,21.707300186157227,22.062000274658203,0.3320539891719818,-999.0,1,21.935199737548828,0.16294899582862854,-999.0,1,280,-999.0,-999.0,-999.0,-999.0,0,-999.0,-999.0,-999.0,-999.0,-999.0,0,-999.0,-999.0,-999.0,0,0,-999.0,-999.0,-999.0,-999.0,0,-999.0,-999.0,-999.0,-999.0,-999.0,0,-999.0,-999.0,-999.0,0,0,-999.0,-999.0,-999.0,-999.0,0,-999.0,-999.0,-999.0,-999.0,-999.0,0,-999.0,-999.0,-999.0,0,0,0.013952199744645595
PSO J139.5794+35.9068,-999,-999,-999,151081395794799021,3578835000019345,214022515346320,0,16486948548023,15108,1,2038,90,0.957438047935663,3578835,49831,3,436527104,7,52,139.57936537,35.90682063,0.0010000000474974513,0.0010000000474974513,139.5793899658132,35.9068598175441,0.02275702121584852,0.02275702121584852,-17.275813268556593,-80.2411969614294,10.841208784606044,10.841208784606044,56216.12192053594,5.147157669067383,-0.6166353979373268,0.525180449040891,0.5864693359041739,130.7703325070329,19.218377489991223,188.0498405681741,44.30104174839855,-999,4,17,1,7,9,0,0,0.9990599751472473,22.06920051574707,0.19679799675941467,-999.0,1,22.06920051574707,22.06920051574707,22.165599822998047,0.3045180141925812,-999.0,1,22.14940071105957,0.19679799675941467,-999.0,1,115000,0.9995430111885071,21.80929946899414,0.05953599885106087,0.14491400122642517,7,21.63800048828125,22.063899993896484,21.802900314331055,0.13836799561977386,0.2916010022163391,6,21.785499572753906,0.11089000105857849,0.28611400723457336,7,115000,0.9990180134773254,21.693500518798828,0.07456699758768082,0.22026200592517853,9,21.404699325561523,21.991600036621094,21.289100646972656,0.08543699979782104,0.2564930021762848,9,21.273799896240234,0.11615300178527832,0.37505099177360535,9,16892216,-999.0,-999.0,-999.0,-999.0,0,-999.0,-999.0,-999.0,-999.0,-999.0,0,-999.0,-999.0,-999.0,0,114720,-999.0,-999.0,-999.0,-999.0,0,-999.0,-999.0,-999.0,-999.0,-999.0,0,-999.0,-999.0,-999.0,0,16416,0.013926688626191048
PSO J139.5798+35.9048,-999,-999,-999,151081395797756450,3578835000019419,214022515346394,0,16486948548351,15108,1,2038,90,0.0972590726774736,3578835,49831,3,268959744,0,32,-999.0,-999.0,-999.0,-999.0,139.57977846,35.90483385,0.275519996881485,0.275519996881485,,,,,55250.29579861,-999.0,-0.6166547461362061,0.5251897135234534,0.5864406951063715,130.7713169708264,19.2166064078404,188.05262719710348,44.301195168851734,-999,0,1,0,0,1,0,0,-999.0,-999.0,-999.0,-999.0,0,-999.0,-999.0,-999.0,-999.0,-999.0,0,-999.0,-999.0,-999.0,0,0,-999.0,-999.0,-999.0,-999.0,0,-999.0,-999.0,-999.0,-999.0,-999.0,0,-999.0,-999.0,-999.0,0,0,0.5478289723396301,21.243000030517578,0.27511000633239746,-999.0,1,21.243000030517578,21.243000030517578,20.980600357055664,0.31396499276161194,-999.0,1,20.954999923706055,0.27511000633239746,-999.0,1,4112,-999.0,-999.0,-999.0,-999.0,0,-999.0,-999.0,-999.0,-999.0,-999.0,0,-999.0,-999.0,-999.0,0,0,-999.0,-999.0,-999.0,-999.0,0,-999.0,-999.0,-999.0,-999.0,-999.0,0,-999.0,-999.0,-999.0,0,0,0.014335544379596466
PSO J139.5798+35.9044,-999,-999,-999,151081395798025957,3578835000019427,214022515346402,0,16486948548144,15108,1,2038,90,0.0812904910010197,3578835,49831,3,277348352,0,33,-999.0,-999.0,-999.0,-999.0,139.57980566,35.90441763,0.16890999674797058,0.16890999674797058,,,,,55250.35447917,-999.0,-0.6166582387334242,0.5251921829935504,0.5864348109761733,130.77148042836598,19.216219237906177,188.05320936943556,44.301183816352676,-999,0,1,1,0,0,0,0,0.6365489959716797,21.381000518798828,0.1682399958372116,-999.0,1,21.381000518798828,21.381000518798828,20.56879997253418,0.12106099724769592,-999.0,1,20.860599517822266,0.1682399958372116,-999.0,1,16781336,-999.0,-999.0,-999.0,-999.0,0,-999.0,-999.0,-999.0,-999.0,-999.0,0,-999.0,-999.0,-999.0,0,0,-999.0,-999.0,-999.0,-999.0,0,-999.0,-999.0,-999.0,-999.0,-999.0,0,-999.0,-999.0,-999.0,0,0,-999.0,-999.0,-999.0,-999.0,0,-999.0,-999.0,-999.0,-999.0,-999.0,0,-999.0,-999.0,-999.0,0,0,-999.0,-999.0,-999.0,-999.0,0,-999.0,-999.0,-999.0,-999.0,-999.0,0,-999.0,-999.0,-999.0,0,0,0.014492478653937726
PSO J139.5810+35.9046,-999,-999,-999,151081395809576110,3578835000019716,214022515346691,0,16486948546199,15108,1,2038,90,0.424230686784005,3578835,49831,3,268959744,0,32,-999.0,-999.0,-999.0,-999.0,139.58095996,35.90455471,0.1892700046300888,0.1892700046300888,,,,,55250.31938657,-999.0,-0.616667751135165,0.5251788497860915,0.5864367488887919,130.7723717196177,19.21664892775795,188.05312300487753,44.302126766293156,-999,0,1,0,1,0,0,0,-999.0,-999.0,-999.0,-999.0,0,-999.0,-999.0,-999.0,-999.0,-999.0,0,-999.0,-999.0,-999.0,0,0,0.6083499789237976,21.393299102783203,0.18867799639701843,-999.0,1,21.393299102783203,21.393299102783203,21.143299102783203,0.2036460041999817,-999.0,1,21.279800415039062,0.18867799639701843,-999.0,1,4120,-999.0,-999.0,-999.0,-999.0,0,-999.0,-999.0,-999.0,-999.0,-999.0,0,-999.0,-999.0,-999.0,0,0,-999.0,-999.0,-999.0,-999.0,0,-999.0,-999.0,-999.0,-999.0,-999.0,0,-999.0,-999.0,-999.0,0,0,-999.0,-999.0,-999.0,-999.0,0,-999.0,-999.0,-999.0,-999.0,-999.0,0,-999.0,-999.0,-999.0,0,0,0.013594595252112616
PSO J139.5811+35.9042,-999,-999,-999,151081395810905649,3578835000019737,214022515346712,0,16486948546303,15108,1,2038,90,0.445108289313603,3578835,49831,3,268959744,0,32,-999.0,-999.0,-999.0,-999.0,139.58107421,35.90415429,0.2964000105857849,0.2964000105857849,,,,,55250.30069444,-999.0,-0.6166719185565748,0.5251802773980633,0.586431088104857,130.77260054028196,19.216299337321992,188.05369106547568,44.30218696518619,-999,0,1,0,0,1,0,0,-999.0,-999.0,-999.0,-999.0,0,-999.0,-999.0,-999.0,-999.0,-999.0,0,-999.0,-999.0,-999.0,0,0,-999.0,-999.0,-999.0,-999.0,0,-999.0,-999.0,-999.0,-999.0,-999.0,0,-999.0,-999.0,-999.0,0,0,0.585312008857727,21.388099670410156,0.29601600766181946,-999.0,1,21.388099670410156,21.388099670410156,-999.0,-999.0,-999.0,1,21.584400177001953,0.29601600766181946,-999.0,1,4112,-999.0,-999.0,-999.0,-999.0,0,-999.0,-999.0,-999.0,-999.0,-999.0,0,-999.0,-999.0,-999.0,0,0,-999.0,-999.0,-999.0,-999.0,0,-999.0,-999.0,-999.0,-999.0,-999.0,0,-999.0,-999.0,-999.0,0,0,0.013700528987674447
PSO J139.5812+35.9052,-999,-999,-999,151081395812456869,3578835000186847,214022515515445,0,16486948546305,15108,1,2038,90,0.851301888796782,3578835,49831,3,1343750144,0,160,139.58124544,35.90521975,0.0010000000474974513,0.0010000000474974513,139.58124544,35.90521975,0.0010000000474974513,0.0010000000474974513,,,,,55646.49783565,-999.0,-0.6166651855899573,0.5251713638036345,0.5864461505730378,130.7723777968647,19.21735299845487,188.0522225791976,44.30241047912953,-999,1,0,0,0,0,0,0,-999.0,-999.0,-999.0,-999.0,0,-999.0,-999.0,-999.0,-999.0,-999.0,0,-999.0,-999.0,-999.0,0,16416,-999.0,-999.0,-999.0,-999.0,0,-999.0,-999.0,-999.0,-999.0,-999.0,0,-999.0,-999.0,-999.0,0,16416,-999.0,-999.0,-999.0,-999.0,0,-999.0,-999.0,-999.0,-999.0,-999.0,0,-999.0,-999.0,-999.0,0,16416,-999.0,-999.0,-999.0,-999.0,0,-999.0,-999.0,-999.0,-999.0,-999.0,0,-999.0,-999.0,-999.0,0,16416,-999.0,-999.0,-999.0,-999.0,0,-999.0,-999.0,-999.0,-999.0,-999.0,0,-999.0,-999.0,-999.0,0,114720,0.01309470178990568
PSO J139.5821+35.9048,-999,-999,-999,151081395820786373,3578835000019962,214022515346937,0,16486948546536,15108,1,2038,90,0.914508856753361,3578835,49831,3,268959744,0,32,-999.0,-999.0,-999.0,-999.0,139.5820816,35.9047697,0.28889000415802,0.28889000415802,,,,,55250.32483796,-999.0,-0.6166763567758426,0.5251653509052328,0.5864397882155145,130.7732100117561,19.21714393299265,188.05292514782013,44.303049578301454,-999,0,1,0,1,0,0,0,-999.0,-999.0,-999.0,-999.0,0,-999.0,-999.0,-999.0,-999.0,-999.0,0,-999.0,-999.0,-999.0,0,0,0.6592710018157959,21.961299896240234,0.2885040044784546,-999.0,1,21.961299896240234,21.961299896240234,-999.0,-999.0,-999.0,1,22.115800857543945,0.2885040044784546,-999.0,1,4120,-999.0,-999.0,-999.0,-999.0,0,-999.0,-999.0,-999.0,-999.0,-999.0,0,-999.0,-999.0,-999.0,0,0,-999.0,-999.0,-999.0,-999.0,0,-999.0,-999.0,-999.0,-999.0,-999.0,0,-999.0,-999.0,-999.0,0,0,-999.0,-999.0,-999.0,-999.0,0,-999.0,-999.0,-999.0,-999.0,-999.0,0,-999.0,-999.0,-999.0,0,0,0.012689893632014837
PSO J139.5831+35.9035,-999,-999,-999,151081395830574821,3578835000020182,214022515347157,0,16486948545688,15108,1,2038,90,0.639620544984583,3578835,49831,3,268959744,0,32,-999.0,-999.0,-999.0,-999.0,139.5830879,35.90351174,0.1732500046491623,0.1732500046491623,,,,,55249.29138889,-999.0,-0.6166953829439659,0.5251628676870915,0.5864220042411997,130.7744548651562,19.216213838283362,188.0547684361079,44.303761402954244,-999,0,1,0,0,1,0,0,-999.0,-999.0,-999.0,-999.0,0,-999.0,-999.0,-999.0,-999.0,-999.0,0,-999.0,-999.0,-999.0,0,0,-999.0,-999.0,-999.0,-999.0,0,-999.0,-999.0,-999.0,-999.0,-999.0,0,-999.0,-999.0,-999.0,0,0,0.7932350039482117,20.76609992980957,0.17259499430656433,-999.0,1,20.76609992980957,20.76609992980957,-999.0,-999.0,-999.0,0,21.351600646972656,0.17259499430656433,-999.0,1,4120,-999.0,-999.0,-999.0,-999.0,0,-999.0,-999.0,-999.0,-999.0,-999.0,0,-999.0,-999.0,-999.0,0,0,-999.0,-999.0,-999.0,-999.0,0,-999.0,-999.0,-999.0,-999.0,-999.0,0,-999.0,-999.0,-999.0,0,0,0.012652384200548837
PSO J139.5833+35.9047,-999,-999,-999,151081395832786350,3578835000020232,214022515347207,0,16486948546471,15108,1,2038,90,0.667844156425301,3578835,49831,3,268959744,0,32,-999.0,-999.0,-999.0,-999.0,139.58325803,35.90474694,0.35030001401901245,0.35030001401901245,,,,,55250.27490741,-999.0,-0.6166873170042113,0.525152839874718,0.5864394664563991,130.77417356683748,19.217427985323468,188.0530633840171,44.303997602314475,-999,0,1,0,0,0,0,1,-999.0,-999.0,-999.0,-999.0,0,-999.0,-999.0,-999.0,-999.0,-999.0,0,-999.0,-999.0,-999.0,0,0,-999.0,-999.0,-999.0,-999.0,0,-999.0,-999.0,-999.0,-999.0,-999.0,0,-999.0,-999.0,-999.0,0,0,-999.0,-999.0,-999.0,-999.0,0,-999.0,-999.0,-999.0,-999.0,-999.0,0,-999.0,-999.0,-999.0,0,0,-999.0,-999.0,-999.0,-999.0,0,-999.0,-999.0,-999.0,-999.0,-999.0,0,-999.0,-999.0,-999.0,0,0,0.5518670082092285,19.40519905090332,0.34998199343681335,-999.0,1,19.40519905090332,19.40519905090332,19.23270034790039,0.32651498913764954,-999.0,1,19.207000732421875,0.34998199343681335,-999.0,1,4112,0.011869477207454135
PSO J139.5834+35.9022,-999,-999,-999,151081395834023249,3578835000020260,214022515347235,0,16486949066934,15108,1,2038,90,0.574847108288526,3578835,49831,3,268513280,0,32,-999.0,-999.0,-999.0,-999.0,139.58343109,35.9022099,0.015860000625252724,0.015860000625252724,,,,,55250.31586806,-999.0,-0.6167086728785125,0.5251678123574625,0.5864035996309205,130.77517585782033,19.215069922240875,188.05661280216992,44.30393430404756,-999,0,1,0,1,0,0,0,-999.0,-999.0,-999.0,-999.0,0,-999.0,-999.0,-999.0,-999.0,-999.0,0,-999.0,-999.0,-999.0,0,0,0.9990329742431641,17.347200393676758,0.0051310001872479916,-999.0,1,17.347200393676758,17.347200393676758,17.844200134277344,0.011487999930977821,-999.0,1,17.753799438476562,0.0051310001872479916,-999.0,1,24,-999.0,-999.0,-999.0,-999.0,0,-999.0,-999.0,-999.0,-999.0,-999.0,0,-999.0,-999.0,-999.0,0,0,-999.0,-999.0,-999.0,-999.0,0,-999.0,-999.0,-999.0,-999.0,-999.0,0,-999.0,-999.0,-999.0,0,0,-999.0,-999.0,-999.0,-999.0,0,-999.0,-999.0,-999.0,-999.0,-999.0,0,-999.0,-999.0,-999.0,0,0,0.013226238940077961
PSO J139.5840+35.9063,-999,-999,-999,151081395839558172,3578835000020403,214022515347378,0,16486948550346,15108,1,2038,90,0.000905793161043705,3578835,49831,3,268959744,0,32,-999.0,-999.0,-999.0,-999.0,139.58398646,35.90630366,0.194240003824234,0.194240003824234,,,,,55249.29138889,-999.0,-0.6166818621778568,0.5251346691766411,0.5864614736618173,130.77423665685507,19.219091700642466,188.0509610168428,44.304710248908314,-999,0,1,0,0,1,0,0,-999.0,-999.0,-999.0,-999.0,0,-999.0,-999.0,-999.0,-999.0,-999.0,0,-999.0,-999.0,-999.0,0,0,-999.0,-999.0,-999.0,-999.0,0,-999.0,-999.0,-999.0,-999.0,-999.0,0,-999.0,-999.0,-999.0,0,0,0.840723991394043,20.943599700927734,0.19366200268268585,-999.0,1,20.943599700927734,20.943599700927734,-999.0,-999.0,-999.0,0,20.83489990234375,0.19366200268268585,-999.0,1,4120,-999.0,-999.0,-999.0,-999.0,0,-999.0,-999.0,-999.0,-999.0,-999.0,0,-999.0,-999.0,-999.0,0,0,-999.0,-999.0,-999.0,-999.0,0,-999.0,-999.0,-999.0,-999.0,-999.0,0,-999.0,-999.0,-999.0,0,0,0.010624562005601784
PSO J139.5841+35.9006,-999,-999,-999,151081395841361584,3578835000020425,214022515347400,0,16486949075392,15108,1,2038,90,0.0513853608177838,3578835,49831,3,302067712,0,36,-999.0,-999.0,-999.0,-999.0,139.58414091,35.90059215,0.02044999971985817,0.02044999971985817,,,,,57014.31895833,10.325499534606934,-0.6167277846577992,0.5251709063951262,0.5863807284582303,130.77630203110166,19.213722031828688,188.05893042453067,44.3043779202248,-999,0,2,0,0,1,1,0,-999.0,-999.0,-999.0,-999.0,0,-999.0,-999.0,-999.0,-999.0,-999.0,0,-999.0,-999.0,-999.0,0,0,-999.0,-999.0,-999.0,-999.0,0,-999.0,-999.0,-999.0,-999.0,-999.0,0,-999.0,-999.0,-999.0,0,0,0.9969199895858765,18.76609992980957,0.01408500038087368,-999.0,1,18.76609992980957,18.76609992980957,19.390899658203125,0.03241400048136711,-999.0,1,19.330699920654297,0.01408500038087368,-999.0,1,24,0.9916179776191711,20.473899841308594,0.18676500022411346,-999.0,1,20.473899841308594,20.473899841308594,20.34119987487793,0.30392199754714966,-999.0,1,20.514799118041992,0.18676500022411346,-999.0,1,280,-999.0,-999.0,-999.0,-999.0,0,-999.0,-999.0,-999.0,-999.0,-999.0,0,-999.0,-999.0,-999.0,0,0,0.013924843088016139
PSO J139.5843+35.9031,-999,-999,-999,151081395842674342,3578835000020472,214022515347447,0,16486949066815,15108,1,2038,90,0.274217158811369,3578835,49831,3,277348352,0,33,-999.0,-999.0,-999.0,-999.0,139.58427094,35.90307126,0.18006999790668488,0.18006999790668488,,,,,55250.35447917,-999.0,-0.6167096587762149,0.5251530569365521,0.5864157770407605,130.77556567632115,19.216103962189795,188.055489123642,44.304681351629384,-999,0,1,1,0,0,0,0,0.6605150103569031,21.47130012512207,0.17944200336933136,-999.0,1,21.47130012512207,21.47130012512207,20.69420051574707,0.13453499972820282,-999.0,1,20.96139907836914,0.17944200336933136,-999.0,1,16781336,-999.0,-999.0,-999.0,-999.0,0,-999.0,-999.0,-999.0,-999.0,-999.0,0,-999.0,-999.0,-999.0,0,0,-999.0,-999.0,-999.0,-999.0,0,-999.0,-999.0,-999.0,-999.0,-999.0,0,-999.0,-999.0,-999.0,0,0,-999.0,-999.0,-999.0,-999.0,0,-999.0,-999.0,-999.0,-999.0,-999.0,0,-999.0,-999.0,-999.0,0,0,-999.0,-999.0,-999.0,-999.0,0,-999.0,-999.0,-999.0,-999.0,-999.0,0,-999.0,-999.0,-999.0,0,0,0.012152546321436282
PSO J139.5848+35.9034,-999,-999,-999,151081395847544729,3578835000020573,214022515347548,0,16486948545538,15108,1,2038,90,0.212008735362448,3578835,49831,3,268959744,0,32,-999.0,-999.0,-999.0,-999.0,139.58475771,35.90340353,0.21480000019073486,0.21480000019073486,,,,,55250.31938657,-999.0,-0.616711531095391,0.5251456127245617,0.5864204744465554,130.7758483166259,19.216545136461693,188.05507039796248,44.30510096306716,-999,0,1,0,1,0,0,0,-999.0,-999.0,-999.0,-999.0,0,-999.0,-999.0,-999.0,-999.0,-999.0,0,-999.0,-999.0,-999.0,0,0,0.632843017578125,21.55579948425293,0.21427099406719208,-999.0,1,21.55579948425293,21.55579948425293,21.190399169921875,0.23035800457000732,-999.0,1,21.355899810791016,0.21427099406719208,-999.0,1,4120,-999.0,-999.0,-999.0,-999.0,0,-999.0,-999.0,-999.0,-999.0,-999.0,0,-999.0,-999.0,-999.0,0,0,-999.0,-999.0,-999.0,-999.0,0,-999.0,-999.0,-999.0,-999.0,-999.0,0,-999.0,-999.0,-999.0,0,0,-999.0,-999.0,-999.0,-999.0,0,-999.0,-999.0,-999.0,-999.0,-999.0,0,-999.0,-999.0,-999.0,0,0,0.011636995082660521
PSO J139.5850+35.9043,-999,-999,-999,151081395850175785,3578835000020630,214022515347605,0,16486948549844,15108,1,2038,90,0.103524377665971,3578835,49831,3,268959744,0,32,-999.0,-999.0,-999.0,-999.0,139.58499725,35.90427557,0.3378399908542633,0.3378399908542633,,,,,55250.27490741,-999.0,-0.6167069310831155,0.525137247890071,0.586432802657293,130.7757467494137,19.21743333819089,188.05387743158187,44.30536413714438,-999,0,1,0,0,0,0,1,-999.0,-999.0,-999.0,-999.0,0,-999.0,-999.0,-999.0,-999.0,-999.0,0,-999.0,-999.0,-999.0,0,0,-999.0,-999.0,-999.0,-999.0,0,-999.0,-999.0,-999.0,-999.0,-999.0,0,-999.0,-999.0,-999.0,0,0,-999.0,-999.0,-999.0,-999.0,0,-999.0,-999.0,-999.0,-999.0,-999.0,0,-999.0,-999.0,-999.0,0,0,-999.0,-999.0,-999.0,-999.0,0,-999.0,-999.0,-999.0,-999.0,-999.0,0,-999.0,-999.0,-999.0,0,0,0.46223801374435425,19.261999130249023,0.3375070095062256,-999.0,1,19.261999130249023,19.261999130249023,18.797700881958008,0.3150489926338196,-999.0,1,19.001100540161133,0.3375070095062256,-999.0,1,4112,0.010949978727220939
PSO J139.5850+35.9073,-999,-999,-999,151081395850329319,3578835000020636,214022515347611,0,16486948552525,15108,1,2038,90,0.68221524793861,3578835,49831,3,310456320,0,37,-999.0,-999.0,-999.0,-999.0,139.58501342,35.90727065,0.1814499944448471,0.1814499944448471,,,,,55250.25476852,-999.0,-0.6166837385387169,0.525117198779693,0.5864751436912563,130.774742578702,19.220274390887642,188.04970704013115,44.30561671429721,-999,0,1,0,0,0,1,0,-999.0,-999.0,-999.0,-999.0,0,-999.0,-999.0,-999.0,-999.0,-999.0,0,-999.0,-999.0,-999.0,0,0,-999.0,-999.0,-999.0,-999.0,0,-999.0,-999.0,-999.0,-999.0,-999.0,0,-999.0,-999.0,-999.0,0,0,-999.0,-999.0,-999.0,-999.0,0,-999.0,-999.0,-999.0,-999.0,-999.0,0,-999.0,-999.0,-999.0,0,0,0.9967359900474548,20.437999725341797,0.18083299696445465,-999.0,1,20.437999725341797,20.437999725341797,20.008499145507812,0.27870601415634155,-999.0,1,19.972400665283203,0.18083299696445465,-999.0,1,16777496,-999.0,-999.0,-999.0,-999.0,0,-999.0,-999.0,-999.0,-999.0,-999.0,0,-999.0,-999.0,-999.0,0,0,0.00947921821711256
PSO J139.5856+35.9071,-999,-999,-999,151081395855429063,3578835000020765,214022515347740,0,16486948551814,15108,1,2038,90,0.468137677263597,3578835,49831,3,436285440,0,52,139.58546227,35.90697242,0.0010000000474974513,0.0010000000474974513,139.58556128,35.90705046,0.16867999732494354,0.16867999732494354,,,,,57049.43763889,-999.0,-0.6166904756792668,0.5251127632421003,0.5864720309500917,130.77526248638998,19.220208159154385,188.05006331923602,44.30604143998052,-999,3,1,0,0,1,0,0,-999.0,-999.0,-999.0,-999.0,0,-999.0,-999.0,-999.0,-999.0,-999.0,0,-999.0,-999.0,-999.0,0,114720,-999.0,-999.0,-999.0,-999.0,0,-999.0,-999.0,-999.0,-999.0,-999.0,0,-999.0,-999.0,-999.0,0,114720,0.9982439875602722,21.819499969482422,0.1680079996585846,-999.0,1,21.819499969482422,21.819499969482422,21.718799591064453,0.22474999725818634,-999.0,1,21.872299194335938,0.1680079996585846,-999.0,1,115000,-999.0,-999.0,-999.0,-999.0,0,-999.0,-999.0,-999.0,-999.0,-999.0,0,-999.0,-999.0,-999.0,0,16416,-999.0,-999.0,-999.0,-999.0,0,-999.0,-999.0,-999.0,-999.0,-999.0,0,-999.0,-999.0,-999.0,0,16416,0.009154670481792124
PSO J139.5856+35.9037,-999,-999,-999,151081395855775141,3578835000020771,214022515347746,0,16486948538422,15108,1,2038,90,0.334103979481481,3578835,49831,3,268959744,0,32,-999.0,-999.0,-999.0,-999.0,139.58558038,35.90374281,0.23411999642848969,0.23411999642848969,,,,,55250.32483796,-999.0,-0.6167164273288547,0.5251345064571904,0.5864252709345809,130.77640148709426,19.217080214578086,188.0546723158612,44.305792338674344,-999,0,1,0,1,0,0,0,-999.0,-999.0,-999.0,-999.0,0,-999.0,-999.0,-999.0,-999.0,-999.0,0,-999.0,-999.0,-999.0,0,0,0.6123570203781128,21.676000595092773,0.23364000022411346,-999.0,1,21.676000595092773,21.676000595092773,21.522600173950195,0.25734400749206543,-999.0,1,21.619699478149414,0.23364000022411346,-999.0,1,4120,-999.0,-999.0,-999.0,-999.0,0,-999.0,-999.0,-999.0,-999.0,-999.0,0,-999.0,-999.0,-999.0,0,0,-999.0,-999.0,-999.0,-999.0,0,-999.0,-999.0,-999.0,-999.0,-999.0,0,-999.0,-999.0,-999.0,0,0,-999.0,-999.0,-999.0,-999.0,0,-999.0,-999.0,-999.0,-999.0,-999.0,0,-999.0,-999.0,-999.0,0,0,0.01090716181191055
PSO J139.5864+35.9038,-999,-999,-999,151081395864685203,3578835000020993,214022515347968,0,16486948538615,15108,1,2038,90,0.937966719211979,3578835,49831,3,268959744,0,32,-999.0,-999.0,-999.0,-999.0,139.58644796,35.90379029,0.2349099963903427,0.2349099963903427,,,,,55250.27490741,-999.0,-0.6167240089087588,0.5251248529499795,0.5864259421698291,130.77709025532917,19.217350577910345,188.05468473743932,44.306496627201994,-999,0,1,0,0,0,0,1,-999.0,-999.0,-999.0,-999.0,0,-999.0,-999.0,-999.0,-999.0,-999.0,0,-999.0,-999.0,-999.0,0,0,-999.0,-999.0,-999.0,-999.0,0,-999.0,-999.0,-999.0,-999.0,-999.0,0,-999.0,-999.0,-999.0,0,0,-999.0,-999.0,-999.0,-999.0,0,-999.0,-999.0,-999.0,-999.0,-999.0,0,-999.0,-999.0,-999.0,0,0,-999.0,-999.0,-999.0,-999.0,0,-999.0,-999.0,-999.0,-999.0,-999.0,0,-999.0,-999.0,-999.0,0,0,0.5665559768676758,18.982900619506836,0.23442600667476654,-999.0,1,18.982900619506836,18.982900619506836,18.973400115966797,0.32318899035453796,-999.0,1,19.293500900268555,0.23442600667476654,-999.0,1,4112,0.010346472340084277
PSO J139.5871+35.9001,-999,-999,-999,151081395870810702,3578835000021157,214022515348132,0,16486949061924,15108,1,2038,90,0.230831179051503,3578835,49831,3,268959744,0,32,-999.0,-999.0,-999.0,-999.0,139.58709197,35.90006712,0.1497499942779541,0.1497499942779541,,,,,56759.31069444,-999.0,-0.616758924305988,0.5251426241371049,0.5863733056708124,130.7788781060342,19.213991417062353,188.05992916229883,44.30671868577385,-999,0,1,0,0,1,0,0,-999.0,-999.0,-999.0,-999.0,0,-999.0,-999.0,-999.0,-999.0,-999.0,0,-999.0,-999.0,-999.0,0,0,-999.0,-999.0,-999.0,-999.0,0,-999.0,-999.0,-999.0,-999.0,-999.0,0,-999.0,-999.0,-999.0,0,0,0.8287510275840759,16.392499923706055,0.14900100231170654,-999.0,1,16.392499923706055,16.392499923706055,-999.0,-999.0,-999.0,1,17.24180030822754,0.14900100231170654,-999.0,1,4112,-999.0,-999.0,-999.0,-999.0,0,-999.0,-999.0,-999.0,-999.0,-999.0,0,-999.0,-999.0,-999.0,0,0,-999.0,-999.0,-999.0,-999.0,0,-999.0,-999.0,-999.0,-999.0,-999.0,0,-999.0,-999.0,-999.0,0,0,0.012846141543981471
PSO J139.5876+35.9000,-999,-999,-999,151081395875570621,3578835000021272,214022515348247,0,16486949061947,15108,1,2038,90,0.74738683341759,3578835,49831,3,268959744,0,32,-999.0,-999.0,-999.0,-999.0,139.58757048,35.90002186,0.2316499948501587,0.2316499948501587,,,,,56759.29760417,-999.0,-0.6167636627297258,0.5251377734941767,0.5863726657901029,130.77928227131798,19.214072867830325,188.0600355643385,44.30710143180055,-999,0,1,0,0,1,0,0,-999.0,-999.0,-999.0,-999.0,0,-999.0,-999.0,-999.0,-999.0,-999.0,0,-999.0,-999.0,-999.0,0,0,-999.0,-999.0,-999.0,-999.0,0,-999.0,-999.0,-999.0,-999.0,-999.0,0,-999.0,-999.0,-999.0,0,0,0.8127400279045105,20.267900466918945,0.2311599999666214,-999.0,1,20.267900466918945,20.267900466918945,-999.0,-999.0,-999.0,0,-999.0,-999.0,-999.0,0,4112,-999.0,-999.0,-999.0,-999.0,0,-999.0,-999.0,-999.0,-999.0,-999.0,0,-999.0,-999.0,-999.0,0,0,-999.0,-999.0,-999.0,-999.0,0,-999.0,-999.0,-999.0,-999.0,-999.0,0,-999.0,-999.0,-999.0,0,0,0.012673290131029571
PSO J139.5877+35.9061,-999,-999,-999,151081395876837922,3578835000186913,214022515515511,0,16486948538928,15108,1,2038,90,0.41227493287276,3578835,49831,3,1343750144,0,160,139.58768328,35.90611018,0.0010000000474974513,0.0010000000474974513,139.58768328,35.90611018,0.0010000000474974513,0.0010000000474974513,,,,,55677.96204861,-999.0,-0.6167172513367752,0.525096162591168,0.5864587384766661,130.77730592902049,19.219868833474486,188.05156508099992,44.30767953524627,-999,1,0,0,0,0,0,0,-999.0,-999.0,-999.0,-999.0,0,-999.0,-999.0,-999.0,-999.0,-999.0,0,-999.0,-999.0,-999.0,0,16416,-999.0,-999.0,-999.0,-999.0,0,-999.0,-999.0,-999.0,-999.0,-999.0,0,-999.0,-999.0,-999.0,0,16416,-999.0,-999.0,-999.0,-999.0,0,-999.0,-999.0,-999.0,-999.0,-999.0,0,-999.0,-999.0,-999.0,0,114720,-999.0,-999.0,-999.0,-999.0,0,-999.0,-999.0,-999.0,-999.0,-999.0,0,-999.0,-999.0,-999.0,0,16416,-999.0,-999.0,-999.0,-999.0,0,-999.0,-999.0,-999.0,-999.0,-999.0,0,-999.0,-999.0,-999.0,0,16416,0.008112909602118776
PSO J139.5881+35.9038,-999,-999,-999,151081395879865057,3578835000021407,214022515348382,0,16486948538791,15108,1,2038,90,0.176156955003885,3578835,49831,3,436363264,7,52,139.58803631,35.90378243,0.0010000000474974513,0.0010000000474974513,139.58806893885995,35.903763171786764,0.039808291448577914,0.039808291448577914,42.723566154407955,71.56238486547852,22.943161917159017,22.943161917159017,56573.88872477393,3.7711777687072754,-0.6167390765212473,0.5251075846768992,0.5864255587937076,130.77842646937435,19.217751797989976,188.05486706327738,44.30781419244299,-999,5,7,0,0,6,1,0,-999.0,-999.0,-999.0,-999.0,0,-999.0,-999.0,-999.0,-999.0,-999.0,0,-999.0,-999.0,-999.0,0,114720,-999.0,-999.0,-999.0,-999.0,0,-999.0,-999.0,-999.0,-999.0,-999.0,0,-999.0,-999.0,-999.0,0,114720,0.9992480278015137,21.551300048828125,0.1363610029220581,0.3016110062599182,5,21.26729965209961,21.93600082397461,21.378299713134766,0.2043820023536682,0.5517510175704956,5,21.478300094604492,0.17657800018787384,0.46424400806427,5,115000,0.7948780059814453,20.652000427246094,0.1824750006198883,-999.0,1,20.652000427246094,20.652000427246094,20.873199462890625,0.23667000234127045,-999.0,1,21.096099853515625,0.1824750006198883,-999.0,1,118840,-999.0,-999.0,-999.0,-999.0,0,-999.0,-999.0,-999.0,-999.0,-999.0,0,-999.0,-999.0,-999.0,0,114720,0.009436535346473563
PSO J139.5886+35.9029,-999,-999,-999,151081395886074094,3578835000021562,214022515348537,0,16486949062251,15108,1,2038,90,0.821478222330546,3578835,49831,3,268959744,0,32,-999.0,-999.0,-999.0,-999.0,139.58859483,35.90289433,0.15914000570774078,0.15914000570774078,,,,,55250.27944444,-999.0,-0.6167506670835352,0.5251076886832734,0.5864132757174966,130.77913888536176,19.217059711971416,188.05612714258615,44.30815836778826,-999,0,1,0,0,0,0,1,-999.0,-999.0,-999.0,-999.0,0,-999.0,-999.0,-999.0,-999.0,-999.0,0,-999.0,-999.0,-999.0,0,0,-999.0,-999.0,-999.0,-999.0,0,-999.0,-999.0,-999.0,-999.0,-999.0,0,-999.0,-999.0,-999.0,0,0,-999.0,-999.0,-999.0,-999.0,0,-999.0,-999.0,-999.0,-999.0,-999.0,0,-999.0,-999.0,-999.0,0,0,-999.0,-999.0,-999.0,-999.0,0,-999.0,-999.0,-999.0,-999.0,-999.0,0,-999.0,-999.0,-999.0,0,0,0.7233700156211853,17.70439910888672,0.15842700004577637,-999.0,1,17.70439910888672,17.70439910888672,17.07159996032715,0.1423420011997223,-999.0,1,17.33639907836914,0.15842700004577637,-999.0,1,4112,0.009834745788603142
PSO J139.5888+35.9018,-999,-999,-999,151081395888062809,3578835000021610,214022515348585,0,16486949062282,15108,1,2038,90,0.512128528684497,3578835,49831,3,268959744,0,32,-999.0,-999.0,-999.0,-999.0,139.58879151,35.90178785,0.32870998978614807,0.32870998978614807,,,,,55250.30069444,-999.0,-0.6167610922268073,0.5251129128708766,0.5863976328835739,130.77967452330782,19.216062790414487,188.05768623929498,44.30822865724822,-999,0,1,0,0,1,0,0,-999.0,-999.0,-999.0,-999.0,0,-999.0,-999.0,-999.0,-999.0,-999.0,0,-999.0,-999.0,-999.0,0,0,-999.0,-999.0,-999.0,-999.0,0,-999.0,-999.0,-999.0,-999.0,-999.0,0,-999.0,-999.0,-999.0,0,0,0.6606510281562805,21.52829933166504,0.32837000489234924,-999.0,1,21.52829933166504,21.52829933166504,-999.0,-999.0,-999.0,1,21.183000564575195,0.32837000489234924,-999.0,1,4112,-999.0,-999.0,-999.0,-999.0,0,-999.0,-999.0,-999.0,-999.0,-999.0,0,-999.0,-999.0,-999.0,0,0,-999.0,-999.0,-999.0,-999.0,0,-999.0,-999.0,-999.0,-999.0,-999.0,0,-999.0,-999.0,-999.0,0,0,0.01065229718244794
PSO J139.5896+35.9019,-999,-999,-999,151081395896392963,3578835000021851,214022515348826,0,16486949064297,15108,1,2038,90,0.948188391465869,3578835,49831,3,268959744,0,32,-999.0,-999.0,-999.0,-999.0,139.58964378,35.90193188,0.2398499995470047,0.2398499995470047,,,,,55250.31938657,-999.0,-0.6167677807684255,0.5251027829539526,0.5863996691165553,130.78031806593327,19.216420639495507,188.0575627884012,44.30892832488892,-999,0,1,0,1,0,0,0,-999.0,-999.0,-999.0,-999.0,0,-999.0,-999.0,-999.0,-999.0,-999.0,0,-999.0,-999.0,-999.0,0,0,0.6345340013504028,21.6875,0.2393839955329895,-999.0,1,21.6875,21.6875,20.83180046081543,0.17738300561904907,-999.0,1,21.297399520874023,0.2393839955329895,-999.0,1,4120,-999.0,-999.0,-999.0,-999.0,0,-999.0,-999.0,-999.0,-999.0,-999.0,0,-999.0,-999.0,-999.0,0,0,-999.0,-999.0,-999.0,-999.0,0,-999.0,-999.0,-999.0,-999.0,-999.0,0,-999.0,-999.0,-999.0,0,0,-999.0,-999.0,-999.0,-999.0,0,-999.0,-999.0,-999.0,-999.0,-999.0,0,-999.0,-999.0,-999.0,0,0,0.010170433071726319
PSO J139.5900+35.9026,-999,-999,-999,151081395898253933,3578835000021888,214022515348863,0,16486949064251,15108,1,2038,90,0.342059310844223,3578835,49831,3,1343750144,0,160,139.58998179,35.90260454,0.0010000000474974513,0.0010000000474974513,139.58998179,35.90260454,0.0010000000474974513,0.0010000000474974513,,,,,55646.49783565,-999.0,-0.6167656365387215,0.5250946815172005,0.5864091788396012,130.7803642104101,19.21714557823554,188.05665638669652,44.30925504619578,-999,1,1,0,0,0,0,1,-999.0,-999.0,-999.0,-999.0,0,-999.0,-999.0,-999.0,-999.0,-999.0,0,-999.0,-999.0,-999.0,0,16416,-999.0,-999.0,-999.0,-999.0,0,-999.0,-999.0,-999.0,-999.0,-999.0,0,-999.0,-999.0,-999.0,0,16416,-999.0,-999.0,-999.0,-999.0,0,-999.0,-999.0,-999.0,-999.0,-999.0,0,-999.0,-999.0,-999.0,0,114720,-999.0,-999.0,-999.0,-999.0,0,-999.0,-999.0,-999.0,-999.0,-999.0,0,-999.0,-999.0,-999.0,0,16416,0.678928017616272,19.338600158691406,0.2944589853286743,-999.0,1,19.338600158691406,19.338600158691406,-999.0,-999.0,-999.0,1,20.13050079345703,0.2944589853286743,-999.0,1,20528,0.009451298509144734
PSO J139.5904+35.9023,-999,-999,-999,151081395903883391,3578835000022005,214022515348980,0,16486949064233,15108,1,2038,90,0.826543398039922,3578835,49831,3,268959744,0,32,-999.0,-999.0,-999.0,-999.0,139.59039207,35.90228513,0.27246999740600586,0.27246999740600586,,,,,55250.32483796,-999.0,-0.6167718857587161,0.5250923841777053,0.5864046631944619,130.7808060561185,19.216949641119975,188.05713846839004,44.30956076845321,-999,0,1,0,1,0,0,0,-999.0,-999.0,-999.0,-999.0,0,-999.0,-999.0,-999.0,-999.0,-999.0,0,-999.0,-999.0,-999.0,0,0,0.651602029800415,21.896699905395508,0.272053986787796,-999.0,1,21.896699905395508,21.896699905395508,21.25979995727539,0.2052060067653656,-999.0,1,21.350299835205078,0.272053986787796,-999.0,1,4120,-999.0,-999.0,-999.0,-999.0,0,-999.0,-999.0,-999.0,-999.0,-999.0,0,-999.0,-999.0,-999.0,0,0,-999.0,-999.0,-999.0,-999.0,0,-999.0,-999.0,-999.0,-999.0,-999.0,0,-999.0,-999.0,-999.0,0,0,-999.0,-999.0,-999.0,-999.0,0,-999.0,-999.0,-999.0,-999.0,-999.0,0,-999.0,-999.0,-999.0,0,0,0.009568546910379507
PSO J139.5908+35.9011,-999,-999,-999,151081395907842019,3578835000022106,214022515349081,0,16486949064507,15108,1,2038,90,0.773879481268934,3578835,49831,3,277348352,0,33,-999.0,-999.0,-999.0,-999.0,139.59078874,35.90113566,0.20006999373435974,0.20006999373435974,,,,,55250.35447917,-999.0,-0.6167844788079442,0.5250957402542121,0.5863884124609675,130.78151879865501,19.215963966898972,188.05877559761876,44.30978910544043,-999,0,1,1,0,0,0,0,0.6152499914169312,21.56679916381836,0.19950799643993378,-999.0,1,21.56679916381836,21.56679916381836,20.631900787353516,0.12815000116825104,-999.0,1,20.876800537109375,0.19950799643993378,-999.0,1,16781336,-999.0,-999.0,-999.0,-999.0,0,-999.0,-999.0,-999.0,-999.0,-999.0,0,-999.0,-999.0,-999.0,0,0,-999.0,-999.0,-999.0,-999.0,0,-999.0,-999.0,-999.0,-999.0,-999.0,0,-999.0,-999.0,-999.0,0,0,-999.0,-999.0,-999.0,-999.0,0,-999.0,-999.0,-999.0,-999.0,-999.0,0,-999.0,-999.0,-999.0,0,0,-999.0,-999.0,-999.0,-999.0,0,-999.0,-999.0,-999.0,-999.0,-999.0,0,-999.0,-999.0,-999.0,0,0,0.010467823089036354
PSO J139.5910+35.9040,-999,-999,-999,151081395909835361,3578835000022164,214022515349139,0,16486948537040,15108,1,2038,90,0.329612385788571,3578835,49831,3,268959744,0,32,-999.0,-999.0,-999.0,-999.0,139.59101264,35.90397384,0.3192799985408783,0.3192799985408783,,,,,56759.28498843,-999.0,-0.6167644124904318,0.52507449987148,0.5864285370529367,130.78073663287324,19.218710356555327,188.05484225510992,44.31019686346055,-999,0,1,0,0,1,0,0,-999.0,-999.0,-999.0,-999.0,0,-999.0,-999.0,-999.0,-999.0,-999.0,0,-999.0,-999.0,-999.0,0,0,-999.0,-999.0,-999.0,-999.0,0,-999.0,-999.0,-999.0,-999.0,-999.0,0,-999.0,-999.0,-999.0,0,0,0.3984990119934082,20.542299270629883,0.3189300000667572,-999.0,1,20.542299270629883,20.542299270629883,-999.0,-999.0,-999.0,0,24.510900497436523,0.3189300000667572,-999.0,1,4112,-999.0,-999.0,-999.0,-999.0,0,-999.0,-999.0,-999.0,-999.0,-999.0,0,-999.0,-999.0,-999.0,0,0,-999.0,-999.0,-999.0,-999.0,0,-999.0,-999.0,-999.0,-999.0,-999.0,0,-999.0,-999.0,-999.0,0,0,0.007847727908701814
PSO J139.5912+35.9013,-999,-999,-999,151081395911662248,3578835000022212,214022515349187,0,16486949064322,15108,1,2038,90,0.62147390900317,3578835,49831,3,277348352,0,33,-999.0,-999.0,-999.0,-999.0,139.59116994,35.90133268,0.21827000379562378,0.21827000379562378,,,,,55250.29579861,-999.0,-0.6167864370034601,0.5250903295573195,0.586391197865352,130.78176159965824,19.216249620036653,188.05853566661435,44.31011265940338,-999,0,1,0,0,1,0,0,-999.0,-999.0,-999.0,-999.0,0,-999.0,-999.0,-999.0,-999.0,-999.0,0,-999.0,-999.0,-999.0,0,0,-999.0,-999.0,-999.0,-999.0,0,-999.0,-999.0,-999.0,-999.0,-999.0,0,-999.0,-999.0,-999.0,0,0,0.6892799735069275,21.126399993896484,0.21775899827480316,-999.0,1,21.126399993896484,21.126399993896484,20.13680076599121,0.19368399679660797,-999.0,1,20.524599075317383,0.21775899827480316,-999.0,1,16781328,-999.0,-999.0,-999.0,-999.0,0,-999.0,-999.0,-999.0,-999.0,-999.0,0,-999.0,-999.0,-999.0,0,0,-999.0,-999.0,-999.0,-999.0,0,-999.0,-999.0,-999.0,-999.0,-999.0,0,-999.0,-999.0,-999.0,0,0,0.010166829207895934
PSO J139.5914+35.9044,-999,-999,-999,151081395913785873,3578835000022255,214022515349230,0,16486948537019,15108,1,2038,90,0.980039078723676,3578835,49831,3,302067712,0,36,-999.0,-999.0,-999.0,-999.0,139.59142637,35.90440753,0.21533000469207764,0.21533000469207764,,,,,55972.32666667,-999.0,-0.6167648240590689,0.5250671687952114,0.5864346681914079,130.78092545954516,19.21922862389859,188.054275554513,44.31056558171493,-999,0,1,1,0,0,0,0,0.9300259947776794,22.258899688720703,0.21480900049209595,-999.0,1,22.258899688720703,22.258899688720703,-999.0,-999.0,-999.0,1,22.24370002746582,0.21480900049209595,-999.0,1,272,-999.0,-999.0,-999.0,-999.0,0,-999.0,-999.0,-999.0,-999.0,-999.0,0,-999.0,-999.0,-999.0,0,0,-999.0,-999.0,-999.0,-999.0,0,-999.0,-999.0,-999.0,-999.0,-999.0,0,-999.0,-999.0,-999.0,0,0,-999.0,-999.0,-999.0,-999.0,0,-999.0,-999.0,-999.0,-999.0,-999.0,0,-999.0,-999.0,-999.0,0,0,-999.0,-999.0,-999.0,-999.0,0,-999.0,-999.0,-999.0,-999.0,-999.0,0,-999.0,-999.0,-999.0,0,0,0.007304555417424798
PSO J139.5915+35.9023,-999,-999,-999,151081395915113458,3578835000022285,214022515349260,0,16486949061111,15108,1,2038,90,0.790313803395549,3578835,49831,3,268959744,0,32,-999.0,-999.0,-999.0,-999.0,139.59149181,35.90233569,0.26837000250816345,0.26837000250816345,,,,,55250.27490741,-999.0,-0.6167815702917471,0.5250802102708952,0.5864053779855017,130.7816824118055,19.217283261016746,188.05716759978353,44.310452767773775,-999,0,1,0,0,0,0,1,-999.0,-999.0,-999.0,-999.0,0,-999.0,-999.0,-999.0,-999.0,-999.0,0,-999.0,-999.0,-999.0,0,0,-999.0,-999.0,-999.0,-999.0,0,-999.0,-999.0,-999.0,-999.0,-999.0,0,-999.0,-999.0,-999.0,0,0,-999.0,-999.0,-999.0,-999.0,0,-999.0,-999.0,-999.0,-999.0,-999.0,0,-999.0,-999.0,-999.0,0,0,-999.0,-999.0,-999.0,-999.0,0,-999.0,-999.0,-999.0,-999.0,-999.0,0,-999.0,-999.0,-999.0,0,0,0.43905600905418396,18.96809959411621,0.2679530084133148,-999.0,1,18.96809959411621,18.96809959411621,18.746200561523438,0.2404240071773529,-999.0,1,18.769100189208984,0.2679530084133148,-999.0,1,4112,0.009140527443089803
PSO J139.5921+35.9074,-999,-999,-999,151081395920369427,3578835000022413,214022515349388,0,16486948538091,15108,1,2038,90,0.5665372308032,3578835,49831,3,276901888,0,33,-999.0,-999.0,-999.0,-999.0,139.5920507,35.90735621,0.033969998359680176,0.033969998359680176,,,,,55249.24679398,-999.0,-0.6167475638615115,0.5250408837294497,0.5864763532176631,130.78043103798632,19.222183701304363,188.05022440070644,44.31130528514408,-999,0,1,0,0,0,1,0,-999.0,-999.0,-999.0,-999.0,0,-999.0,-999.0,-999.0,-999.0,-999.0,0,-999.0,-999.0,-999.0,0,0,-999.0,-999.0,-999.0,-999.0,0,-999.0,-999.0,-999.0,-999.0,-999.0,0,-999.0,-999.0,-999.0,0,0,-999.0,-999.0,-999.0,-999.0,0,-999.0,-999.0,-999.0,-999.0,-999.0,0,-999.0,-999.0,-999.0,0,0,0.9984210133552551,18.677900314331055,0.030484000220894814,-999.0,1,18.677900314331055,18.677900314331055,18.21660041809082,0.0487079992890358,-999.0,1,18.326900482177734,0.030484000220894814,-999.0,1,16777240,-999.0,-999.0,-999.0,-999.0,0,-999.0,-999.0,-999.0,-999.0,-999.0,0,-999.0,-999.0,-999.0,0,0,0.004608480455596759
PSO J139.5922+35.9073,-999,-999,-999,151081395922329323,3578835000022458,214022515349433,0,16486948537879,15108,1,2038,90,0.264676172532771,3578835,49831,3,268959744,0,32,-999.0,-999.0,-999.0,-999.0,139.59223267,35.90726628,-999.0,-999.0,,,,,-999.0,-999.0,-0.6167499323038256,0.5250395216522284,0.5864750819143348,130.78060943162532,19.222145801721997,188.05036613173542,44.311445020138144,-999,0,1,0,0,0,1,0,-999.0,-999.0,-999.0,-999.0,0,-999.0,-999.0,-999.0,-999.0,-999.0,0,-999.0,-999.0,-999.0,0,0,-999.0,-999.0,-999.0,-999.0,0,-999.0,-999.0,-999.0,-999.0,-999.0,0,-999.0,-999.0,-999.0,0,0,-999.0,-999.0,-999.0,-999.0,0,-999.0,-999.0,-999.0,-999.0,-999.0,0,-999.0,-999.0,-999.0,0,0,-999.0,-999.0,-999.0,-999.0,0,-999.0,-999.0,19.66469955444336,0.1077210009098053,-999.0,1,-999.0,-999.0,-999.0,0,24,-999.0,-999.0,-999.0,-999.0,0,-999.0,-999.0,-999.0,-999.0,-999.0,0,-999.0,-999.0,-999.0,0,0,0.004578132296004994
PSO J139.5923+35.9065,-999,-999,-999,151081395922608388,3578835000022463,214022515349438,0,16486948539961,15108,1,2038,90,0.362943417730689,3578835,49831,3,268959744,0,32,-999.0,-999.0,-999.0,-999.0,139.592279,35.90650092,0.25676000118255615,0.25676000118255615,,,,,55249.32556713,-999.0,-0.6167563221335389,0.525044101176321,0.5864642622771309,130.78090707242373,19.221432922824345,188.05143650851196,44.31142128392099,-999,0,1,1,0,0,0,0,0.5787220001220703,21.849000930786133,0.25631698966026306,-999.0,1,21.849000930786133,21.849000930786133,-999.0,-999.0,-999.0,0,-999.0,-999.0,-999.0,0,4120,-999.0,-999.0,-999.0,-999.0,0,-999.0,-999.0,-999.0,-999.0,-999.0,0,-999.0,-999.0,-999.0,0,0,-999.0,-999.0,-999.0,-999.0,0,-999.0,-999.0,-999.0,-999.0,-999.0,0,-999.0,-999.0,-999.0,0,0,-999.0,-999.0,-999.0,-999.0,0,-999.0,-999.0,-999.0,-999.0,-999.0,0,-999.0,-999.0,-999.0,0,0,-999.0,-999.0,-999.0,-999.0,0,-999.0,-999.0,-999.0,-999.0,-999.0,0,-999.0,-999.0,-999.0,0,0,0.0051629679246485705
PSO J139.5925+35.9000,-999,-999,-999,151081395923390677,3578835000022471,214022515349446,0,16486949061182,15108,1,2038,90,0.296082266882139,3578835,49831,3,302067712,5,36,-999.0,-999.0,-999.0,-999.0,139.59251308997653,35.89999737349918,0.058381225327781575,0.058381225327781575,-35.90117897227817,57.96573197536203,40.98380282366306,40.98380282366306,56244.88332388109,0.657342791557312,-0.6168091521679131,0.5250847289778741,0.5863723196025993,130.7833077755214,19.21533006715804,188.06052293705102,44.31108996925354,-999,0,4,0,0,1,3,0,-999.0,-999.0,-999.0,-999.0,0,-999.0,-999.0,-999.0,-999.0,-999.0,0,-999.0,-999.0,-999.0,0,0,-999.0,-999.0,-999.0,-999.0,0,-999.0,-999.0,-999.0,-999.0,-999.0,0,-999.0,-999.0,-999.0,0,0,0.998894989490509,21.778099060058594,0.1943109929561615,-999.0,1,21.778099060058594,21.778099060058594,-999.0,-999.0,-999.0,1,21.782899856567383,0.1943109929561615,-999.0,1,280,0.9992510080337524,21.261199951171875,0.007868999615311623,0.011136000044643879,2,21.253000259399414,21.268800735473633,21.03260040283203,0.020656999200582504,0.02973400056362152,2,20.930299758911133,0.11165700107812881,0.15802699327468872,2,280,-999.0,-999.0,-999.0,-999.0,0,-999.0,-999.0,-999.0,-999.0,-999.0,0,-999.0,-999.0,-999.0,0,0,0.01109706970896754
PSO J139.5924+35.9008,-999,-999,-999,151081395924361604,3578835000022503,214022515349478,0,16486949061316,15108,1,2038,90,0.239298963210824,3578835,49831,3,268959744,0,32,-999.0,-999.0,-999.0,-999.0,139.59242118,35.90078333,0.3021700084209442,0.3021700084209442,,,,,55250.30069444,-999.0,-0.6168021850000178,0.525080504356995,0.5863834313172632,130.7829648364025,19.216054397903456,188.0594142227182,44.31107901229312,-999,0,1,0,0,1,0,0,-999.0,-999.0,-999.0,-999.0,0,-999.0,-999.0,-999.0,-999.0,-999.0,0,-999.0,-999.0,-999.0,0,0,-999.0,-999.0,-999.0,-999.0,0,-999.0,-999.0,-999.0,-999.0,-999.0,0,-999.0,-999.0,-999.0,0,0,0.5243110060691833,21.327699661254883,0.30179598927497864,-999.0,1,21.327699661254883,21.327699661254883,-999.0,-999.0,-999.0,1,21.07939910888672,0.30179598927497864,-999.0,1,4112,-999.0,-999.0,-999.0,-999.0,0,-999.0,-999.0,-999.0,-999.0,-999.0,0,-999.0,-999.0,-999.0,0,0,-999.0,-999.0,-999.0,-999.0,0,-999.0,-999.0,-999.0,-999.0,-999.0,0,-999.0,-999.0,-999.0,0,0,0.010357336338193761
PSO J139.5925+35.9017,-999,-999,-999,151081395925282704,3578835000022533,214022515349508,0,16486949061616,15108,1,2038,90,0.650834517228263,3578835,49831,3,268959744,0,32,-999.0,-999.0,-999.0,-999.0,139.59251485,35.90173483,0.2724800109863281,0.2724800109863281,,,,,55250.27944444,-999.0,-0.616795628339277,0.5250731835724369,0.5863968833091308,130.782717730115,19.21697995867875,188.05809722962132,44.31123074577862,-999,0,1,0,0,0,0,1,-999.0,-999.0,-999.0,-999.0,0,-999.0,-999.0,-999.0,-999.0,-999.0,0,-999.0,-999.0,-999.0,0,0,-999.0,-999.0,-999.0,-999.0,0,-999.0,-999.0,-999.0,-999.0,-999.0,0,-999.0,-999.0,-999.0,0,0,-999.0,-999.0,-999.0,-999.0,0,-999.0,-999.0,-999.0,-999.0,-999.0,0,-999.0,-999.0,-999.0,0,0,-999.0,-999.0,-999.0,-999.0,0,-999.0,-999.0,-999.0,-999.0,-999.0,0,-999.0,-999.0,-999.0,0,0,0.6957529783248901,18.27400016784668,0.2720690071582794,-999.0,1,18.27400016784668,18.27400016784668,-999.0,-999.0,-999.0,1,18.1742000579834,0.2720690071582794,-999.0,1,4112,0.009422912753059178
PSO J139.5927+35.8999,-999,-999,-999,151081395926440477,3578835000022569,214022515349544,0,16486949061180,15108,1,2038,90,0.680882047564613,3578835,49831,3,436285440,0,52,139.59250728,35.89994941,0.0010000000474974513,0.0010000000474974513,139.59266003,35.89990225,0.17839999496936798,0.17839999496936798,,,,,56271.62,-999.0,-0.6168112400719158,0.5250837781581598,0.5863709747558262,130.78345819231893,19.215281933430628,188.0606632269393,44.31120138781338,-999,4,1,0,0,0,1,0,-999.0,-999.0,-999.0,-999.0,0,-999.0,-999.0,-999.0,-999.0,-999.0,0,-999.0,-999.0,-999.0,0,16416,-999.0,-999.0,-999.0,-999.0,0,-999.0,-999.0,-999.0,-999.0,-999.0,0,-999.0,-999.0,-999.0,0,114720,-999.0,-999.0,-999.0,-999.0,0,-999.0,-999.0,-999.0,-999.0,-999.0,0,-999.0,-999.0,-999.0,0,114720,0.9994289875030518,20.77669906616211,0.17776300013065338,-999.0,1,20.77669906616211,20.77669906616211,20.43000030517578,0.2056419998407364,-999.0,1,20.3794002532959,0.17776300013065338,-999.0,1,115000,-999.0,-999.0,-999.0,-999.0,0,-999.0,-999.0,-999.0,-999.0,-999.0,0,-999.0,-999.0,-999.0,0,114720,0.011160681383274258
PSO J139.5928+35.9056,-999,-999,-999,151081395927907275,3578835000022612,214022515349587,0,16486948536817,15108,1,2038,90,0.795099719236698,3578835,49831,3,268959744,0,32,-999.0,-999.0,-999.0,-999.0,139.59280813,35.90557677,0.25644999742507935,0.25644999742507935,,,,,56344.39150463,-999.0,-0.6167683737304661,0.525044537002047,0.5864511977395751,130.7816509143194,19.220695084808586,188.05277175692868,44.31177466007832,-999,0,1,0,1,0,0,0,-999.0,-999.0,-999.0,-999.0,0,-999.0,-999.0,-999.0,-999.0,-999.0,0,-999.0,-999.0,-999.0,0,0,0.6589919924736023,21.348499298095703,0.25600600242614746,-999.0,1,21.348499298095703,21.348499298095703,-999.0,-999.0,-999.0,0,21.533700942993164,0.25600600242614746,-999.0,1,4120,-999.0,-999.0,-999.0,-999.0,0,-999.0,-999.0,-999.0,-999.0,-999.0,0,-999.0,-999.0,-999.0,0,0,-999.0,-999.0,-999.0,-999.0,0,-999.0,-999.0,-999.0,-999.0,-999.0,0,-999.0,-999.0,-999.0,0,0,-999.0,-999.0,-999.0,-999.0,0,-999.0,-999.0,-999.0,-999.0,-999.0,0,-999.0,-999.0,-999.0,0,0,0.0057474996770178095
PSO J139.5930+35.9044,-999,-999,-999,151081395929725910,3578835000022665,214022515349640,0,16486948537306,15108,1,2038,90,0.387857619102912,3578835,49831,3,268959744,0,32,-999.0,-999.0,-999.0,-999.0,139.59299041,35.90443872,0.27011001110076904,0.27011001110076904,,,,,56344.39150463,-999.0,-0.6167789138423195,0.5250501254374739,0.5864351091276694,130.7821856137408,19.2196645328389,188.0543736169409,44.31183088815991,-999,0,1,0,1,0,0,0,-999.0,-999.0,-999.0,-999.0,0,-999.0,-999.0,-999.0,-999.0,-999.0,0,-999.0,-999.0,-999.0,0,0,0.7469720244407654,21.502099990844727,0.26969000697135925,-999.0,1,21.502099990844727,21.502099990844727,-999.0,-999.0,-999.0,0,21.438899993896484,0.26969000697135925,-999.0,1,4120,-999.0,-999.0,-999.0,-999.0,0,-999.0,-999.0,-999.0,-999.0,-999.0,0,-999.0,-999.0,-999.0,0,0,-999.0,-999.0,-999.0,-999.0,0,-999.0,-999.0,-999.0,-999.0,-999.0,0,-999.0,-999.0,-999.0,0,0,-999.0,-999.0,-999.0,-999.0,0,-999.0,-999.0,-999.0,-999.0,-999.0,0,-999.0,-999.0,-999.0,0,0,0.006736921792432871
PSO J139.5933+35.9010,-999,-999,-999,151081395932881807,3578835000022742,214022515349717,0,16486949061241,15108,1,2038,90,0.120221044980195,3578835,49831,3,268959744,0,32,-999.0,-999.0,-999.0,-999.0,139.59328842,35.9010026,-999.0,-999.0,,,,,-999.0,-999.0,-0.6168084238626472,0.5250697136229562,0.5863865312982416,130.78359498558842,19.21648741476878,188.05918729324767,44.31179679210649,-999,0,1,0,0,1,0,0,-999.0,-999.0,-999.0,-999.0,0,-999.0,-999.0,-999.0,-999.0,-999.0,0,-999.0,-999.0,-999.0,0,0,-999.0,-999.0,-999.0,-999.0,0,-999.0,-999.0,-999.0,-999.0,-999.0,0,-999.0,-999.0,-999.0,0,0,-999.0,-999.0,-999.0,-999.0,0,-999.0,-999.0,19.732500076293945,0.09978900104761124,-999.0,1,-999.0,-999.0,-999.0,0,24,-999.0,-999.0,-999.0,-999.0,0,-999.0,-999.0,-999.0,-999.0,-999.0,0,-999.0,-999.0,-999.0,0,0,-999.0,-999.0,-999.0,-999.0,0,-999.0,-999.0,-999.0,-999.0,-999.0,0,-999.0,-999.0,-999.0,0,0,0.009974288646200362
PSO J139.5936+35.9016,-999,-999,-999,151081395936072573,3578835000022826,214022515349801,0,16486949061464,15108,1,2038,90,0.229282211725863,3578835,49831,3,268959744,0,32,-999.0,-999.0,-999.0,-999.0,139.59361846,35.90164689,0.19719000160694122,0.19719000160694122,,,,,55443.59571759,-999.0,-0.6168064273285245,0.5250618863880442,0.5863956400493187,130.78364428072481,19.217183413632668,188.05831963930206,44.31211480149914,-999,0,2,0,1,0,0,1,-999.0,-999.0,-999.0,-999.0,0,-999.0,-999.0,-999.0,-999.0,-999.0,0,-999.0,-999.0,-999.0,0,0,0.570156991481781,21.850000381469727,0.46886900067329407,-999.0,1,21.850000381469727,21.850000381469727,-999.0,-999.0,-999.0,0,22.20199966430664,0.46886900067329407,-999.0,1,4120,-999.0,-999.0,-999.0,-999.0,0,-999.0,-999.0,-999.0,-999.0,-999.0,0,-999.0,-999.0,-999.0,0,0,-999.0,-999.0,-999.0,-999.0,0,-999.0,-999.0,-999.0,-999.0,-999.0,0,-999.0,-999.0,-999.0,0,0,0.6754840016365051,18.99679946899414,0.21680200099945068,-999.0,1,18.99679946899414,18.99679946899414,19.23579978942871,0.30348101258277893,-999.0,1,19.251100540161133,0.21680200099945068,-999.0,1,4112,0.009288794701897354
PSO J139.5941+35.9029,-999,-999,-999,151081395940624041,3578835000022939,214022515349914,0,16486949060832,15108,1,2038,90,0.0151445008955379,3578835,49831,3,268959744,0,32,-999.0,-999.0,-999.0,-999.0,139.59408443,35.90286909,0.2652199864387512,0.2652199864387512,,,,,56759.32336806,-999.0,-0.6168011723664956,0.5250487618556644,0.5864129188900518,130.78360769585584,19.218462101878544,188.05665920522037,44.31258875331121,-999,0,1,0,0,1,0,0,-999.0,-999.0,-999.0,-999.0,0,-999.0,-999.0,-999.0,-999.0,-999.0,0,-999.0,-999.0,-999.0,0,0,-999.0,-999.0,-999.0,-999.0,0,-999.0,-999.0,-999.0,-999.0,-999.0,0,-999.0,-999.0,-999.0,0,0,0.6229810118675232,21.23859977722168,0.2647959887981415,-999.0,1,21.23859977722168,21.23859977722168,-999.0,-999.0,-999.0,0,21.1835994720459,0.2647959887981415,-999.0,1,4112,-999.0,-999.0,-999.0,-999.0,0,-999.0,-999.0,-999.0,-999.0,-999.0,0,-999.0,-999.0,-999.0,0,0,-999.0,-999.0,-999.0,-999.0,0,-999.0,-999.0,-999.0,-999.0,-999.0,0,-999.0,-999.0,-999.0,0,0,0.008016937780734427
PSO J139.5943+35.9065,-999,-999,-999,151081395942568364,3578835000022989,214022515349964,0,16486947422931,15108,1,2038,90,0.442331029514159,3578835,49831,3,276901888,0,33,-999.0,-999.0,-999.0,-999.0,139.59427094,35.90647028,0.03815000131726265,0.03815000131726265,,,,,55249.24679398,-999.0,-0.6167748142129558,0.5250228620523179,0.5864638291275657,130.7825358646533,19.22192144726248,188.0516593171108,44.31302710210842,-999,0,1,0,0,0,1,0,-999.0,-999.0,-999.0,-999.0,0,-999.0,-999.0,-999.0,-999.0,-999.0,0,-999.0,-999.0,-999.0,0,0,-999.0,-999.0,-999.0,-999.0,0,-999.0,-999.0,-999.0,-999.0,-999.0,0,-999.0,-999.0,-999.0,0,0,-999.0,-999.0,-999.0,-999.0,0,-999.0,-999.0,-999.0,-999.0,-999.0,0,-999.0,-999.0,-999.0,0,0,0.9977290034294128,18.836999893188477,0.035078998655080795,-999.0,1,18.836999893188477,18.836999893188477,18.701400756835938,0.06947799772024155,-999.0,1,18.62660026550293,0.035078998655080795,-999.0,1,16777240,-999.0,-999.0,-999.0,-999.0,0,-999.0,-999.0,-999.0,-999.0,-999.0,0,-999.0,-999.0,-999.0,0,0,0.0044785026008362675
PSO J139.5943+35.9072,-999,-999,-999,151081395943039284,3578835000023009,214022515349984,0,16486947425791,15108,1,2038,90,0.944977770508246,3578835,49831,3,268959744,0,32,-999.0,-999.0,-999.0,-999.0,139.59432502,35.90724694,0.23559999465942383,0.23559999465942383,,,,,56344.35071759,-999.0,-0.6167692562375063,0.5250171269019821,0.5864748085125407,130.78231595498218,19.222671114677542,188.05058224579983,44.3131327962874,-999,0,1,0,0,1,0,0,-999.0,-999.0,-999.0,-999.0,0,-999.0,-999.0,-999.0,-999.0,-999.0,0,-999.0,-999.0,-999.0,0,0,-999.0,-999.0,-999.0,-999.0,0,-999.0,-999.0,-999.0,-999.0,-999.0,0,-999.0,-999.0,-999.0,0,0,0.820160984992981,21.68320083618164,0.23512299358844757,-999.0,1,21.68320083618164,21.68320083618164,-999.0,-999.0,-999.0,0,23.01020050048828,0.23512299358844757,-999.0,1,4120,-999.0,-999.0,-999.0,-999.0,0,-999.0,-999.0,-999.0,-999.0,-999.0,0,-999.0,-999.0,-999.0,0,0,-999.0,-999.0,-999.0,-999.0,0,-999.0,-999.0,-999.0,-999.0,-999.0,0,-999.0,-999.0,-999.0,0,0,0.003728099156249244
PSO J139.5946+35.9005,-999,-999,-999,151081395946031185,3578835000023069,214022515350044,0,16486948209567,15108,1,2038,90,0.271541680462232,3578835,49831,3,268959744,0,32,-999.0,-999.0,-999.0,-999.0,139.59460797,35.90045037,0.2355699986219406,0.2355699986219406,,,,,55250.31938657,-999.0,-0.6168248199479373,0.5250591714610039,0.5863787240008618,130.7848547109968,19.216307228247043,188.0600760531159,44.31281808390704,-999,0,1,0,1,0,0,0,-999.0,-999.0,-999.0,-999.0,0,-999.0,-999.0,-999.0,-999.0,-999.0,0,-999.0,-999.0,-999.0,0,0,0.6219919919967651,21.645299911499023,0.23509499430656433,-999.0,1,21.645299911499023,21.645299911499023,21.101299285888672,0.19302399456501007,-999.0,1,21.581499099731445,0.23509499430656433,-999.0,1,4120,-999.0,-999.0,-999.0,-999.0,0,-999.0,-999.0,-999.0,-999.0,-999.0,0,-999.0,-999.0,-999.0,0,0,-999.0,-999.0,-999.0,-999.0,0,-999.0,-999.0,-999.0,-999.0,-999.0,0,-999.0,-999.0,-999.0,0,0,-999.0,-999.0,-999.0,-999.0,0,-999.0,-999.0,-999.0,-999.0,-999.0,0,-999.0,-999.0,-999.0,0,0,0.010352661044736547
PSO J139.5947+35.9000,-999,-999,-999,151081395946710615,3578835000023089,214022515350064,0,16486948208978,15108,1,2038,90,0.0532807438199229,3578835,49831,3,268959744,0,32,-999.0,-999.0,-999.0,-999.0,139.59467664,35.89996608,0.1536100059747696,0.1536100059747696,,,,,55250.35447917,-999.0,-0.616829223362266,0.525061644819599,0.5863718771783321,130.78507501752983,19.21586637259581,188.06075692340474,44.31283479848558,-999,0,1,1,0,0,0,0,0.6179090142250061,21.246200561523438,0.152879998087883,-999.0,1,21.246200561523438,21.246200561523438,20.939199447631836,0.15775899589061737,-999.0,1,21.02790069580078,0.152879998087883,-999.0,1,4120,-999.0,-999.0,-999.0,-999.0,0,-999.0,-999.0,-999.0,-999.0,-999.0,0,-999.0,-999.0,-999.0,0,0,-999.0,-999.0,-999.0,-999.0,0,-999.0,-999.0,-999.0,-999.0,-999.0,0,-999.0,-999.0,-999.0,0,0,-999.0,-999.0,-999.0,-999.0,0,-999.0,-999.0,-999.0,-999.0,-999.0,0,-999.0,-999.0,-999.0,0,0,-999.0,-999.0,-999.0,-999.0,0,-999.0,-999.0,-999.0,-999.0,-999.0,0,-999.0,-999.0,-999.0,0,0,0.010829350127225953
PSO J139.5950+35.9062,-999,-999,-999,151081395949718013,3578835000023157,214022515350132,0,16486947422902,15108,1,2038,90,0.486635406023483,3578835,49831,3,276901888,0,33,-999.0,-999.0,-999.0,-999.0,139.59498669,35.90617799,0.04061000049114227,0.04061000049114227,,,,,55249.24679398,-999.0,-0.6167836510449441,0.5250170963782731,0.5864596970928145,130.7832166846455,19.221830574173737,188.05213122259966,44.31358164415762,-999,0,1,0,0,0,1,0,-999.0,-999.0,-999.0,-999.0,0,-999.0,-999.0,-999.0,-999.0,-999.0,0,-999.0,-999.0,-999.0,0,0,-999.0,-999.0,-999.0,-999.0,0,-999.0,-999.0,-999.0,-999.0,-999.0,0,-999.0,-999.0,-999.0,0,0,-999.0,-999.0,-999.0,-999.0,0,-999.0,-999.0,-999.0,-999.0,-999.0,0,-999.0,-999.0,-999.0,0,0,0.998091995716095,18.912500381469727,0.03774299845099449,-999.0,1,18.912500381469727,18.912500381469727,18.76959991455078,0.07051700353622437,-999.0,1,18.709199905395508,0.03774299845099449,-999.0,1,16777240,-999.0,-999.0,-999.0,-999.0,0,-999.0,-999.0,-999.0,-999.0,-999.0,0,-999.0,-999.0,-999.0,0,0,0.004631467448008819
PSO J139.5953+35.9045,-999,-999,-999,151081395952726049,3578835000023235,214022515350210,0,16486947422381,15108,1,2038,90,0.477250205797376,3578835,49831,3,302067712,0,36,-999.0,-999.0,-999.0,-999.0,139.59526235,35.9045492,0.18030999600887299,0.18030999600887299,,,,,55250.25476852,-999.0,-0.616798872004037,0.5250249350351228,0.5864366709934778,130.78399398360693,19.220359485688608,188.05442522743596,44.31367409310819,-999,0,1,0,0,0,1,0,-999.0,-999.0,-999.0,-999.0,0,-999.0,-999.0,-999.0,-999.0,-999.0,0,-999.0,-999.0,-999.0,0,0,-999.0,-999.0,-999.0,-999.0,0,-999.0,-999.0,-999.0,-999.0,-999.0,0,-999.0,-999.0,-999.0,0,0,-999.0,-999.0,-999.0,-999.0,0,-999.0,-999.0,-999.0,-999.0,-999.0,0,-999.0,-999.0,-999.0,0,0,0.996408998966217,20.430700302124023,0.17968499660491943,-999.0,1,20.430700302124023,20.430700302124023,19.74209976196289,0.21772900223731995,-999.0,1,20.133499145507812,0.17968499660491943,-999.0,1,280,-999.0,-999.0,-999.0,-999.0,0,-999.0,-999.0,-999.0,-999.0,-999.0,0,-999.0,-999.0,-999.0,0,0,0.0062222717018000345
PSO J139.5953+35.9009,-999,-999,-999,151081395953361683,3578835000023252,214022515350227,0,16486948209603,15108,1,2038,90,0.317653673065504,3578835,49831,3,268959744,0,32,-999.0,-999.0,-999.0,-999.0,139.59532291,35.90088301,0.13819999992847443,0.13819999992847443,,,,,55250.27944444,-999.0,-0.6168279999402038,0.5250486046474104,0.586384840567673,130.7852886324048,19.216902773955827,188.05953807189604,44.31342995267075,-999,0,1,0,0,0,0,1,-999.0,-999.0,-999.0,-999.0,0,-999.0,-999.0,-999.0,-999.0,-999.0,0,-999.0,-999.0,-999.0,0,0,-999.0,-999.0,-999.0,-999.0,0,-999.0,-999.0,-999.0,-999.0,-999.0,0,-999.0,-999.0,-999.0,0,0,-999.0,-999.0,-999.0,-999.0,0,-999.0,-999.0,-999.0,-999.0,-999.0,0,-999.0,-999.0,-999.0,0,0,-999.0,-999.0,-999.0,-999.0,0,-999.0,-999.0,-999.0,-999.0,-999.0,0,-999.0,-999.0,-999.0,0,0,0.7093200087547302,17.53380012512207,0.1373790055513382,-999.0,1,17.53380012512207,17.53380012512207,17.549999237060547,0.18226799368858337,-999.0,1,17.71380043029785,0.1373790055513382,-999.0,1,4112,0.009878055723238723
PSO J139.5954+35.9037,-999,-999,-999,151081395954205091,3578835000023268,214022515350243,0,16486947422256,15108,1,2038,90,0.230244655376528,3578835,49831,3,268513280,0,32,-999.0,-999.0,-999.0,-999.0,139.59544217,35.90374579,0.018379999324679375,0.018379999324679375,,,,,55972.48399306,-999.0,-0.6168067814892453,0.525028329242567,0.5864253130635111,130.7844130155983,19.219645256446338,188.05556072789273,44.31375508491717,-999,0,1,0,1,0,0,0,-999.0,-999.0,-999.0,-999.0,0,-999.0,-999.0,-999.0,-999.0,-999.0,0,-999.0,-999.0,-999.0,0,0,0.9970980286598206,18.522600173950195,0.01063000038266182,-999.0,1,18.522600173950195,18.522600173950195,19.27560043334961,0.027729999274015427,-999.0,1,19.192399978637695,0.01063000038266182,-999.0,1,16,-999.0,-999.0,-999.0,-999.0,0,-999.0,-999.0,-999.0,-999.0,-999.0,0,-999.0,-999.0,-999.0,0,0,-999.0,-999.0,-999.0,-999.0,0,-999.0,-999.0,-999.0,-999.0,-999.0,0,-999.0,-999.0,-999.0,0,0,-999.0,-999.0,-999.0,-999.0,0,-999.0,-999.0,-999.0,-999.0,-999.0,0,-999.0,-999.0,-999.0,0,0,0.0070140195811815575
PSO J139.5959+35.9044,-999,-999,-999,151081395958535894,3578835000023380,214022515350355,0,16486947422295,15108,1,2038,90,0.670558317257611,3578835,49831,3,268959744,0,32,-999.0,-999.0,-999.0,-999.0,139.59587037,35.90440529,0.3202599883079529,0.3202599883079529,,,,,55650.26423611,-999.0,-0.6168055651490028,0.5250193442968023,0.5864346365242891,130.78453687530225,19.220381164667046,188.0546807033934,44.31415351425247,-999,0,1,0,0,0,1,0,-999.0,-999.0,-999.0,-999.0,0,-999.0,-999.0,-999.0,-999.0,-999.0,0,-999.0,-999.0,-999.0,0,0,-999.0,-999.0,-999.0,-999.0,0,-999.0,-999.0,-999.0,-999.0,-999.0,0,-999.0,-999.0,-999.0,0,0,-999.0,-999.0,-999.0,-999.0,0,-999.0,-999.0,-999.0,-999.0,-999.0,0,-999.0,-999.0,-999.0,0,0,0.46997299790382385,21.375200271606445,0.319909006357193,-999.0,1,21.375200271606445,21.375200271606445,-999.0,-999.0,-999.0,0,21.41510009765625,0.319909006357193,-999.0,1,4120,-999.0,-999.0,-999.0,-999.0,0,-999.0,-999.0,-999.0,-999.0,-999.0,0,-999.0,-999.0,-999.0,0,0,0.0063447553890911435
PSO J139.5959+35.8998,-999,-999,-999,151081395959530374,3578835000023398,214022515350373,0,16486948209324,15108,1,2038,90,0.494457582472318,3578835,49831,3,268959744,0,32,-999.0,-999.0,-999.0,-999.0,139.59593882,35.89975818,0.26517000794410706,0.26517000794410706,,,,,55250.30069444,-999.0,-0.6168424101019646,0.5250494355388181,0.5863689379051111,130.78617116991475,19.2159974240009,188.06116082692242,44.31383731600448,-999,0,1,0,0,1,0,0,-999.0,-999.0,-999.0,-999.0,0,-999.0,-999.0,-999.0,-999.0,-999.0,0,-999.0,-999.0,-999.0,0,0,-999.0,-999.0,-999.0,-999.0,0,-999.0,-999.0,-999.0,-999.0,-999.0,0,-999.0,-999.0,-999.0,0,0,0.46675899624824524,21.088899612426758,0.2647460103034973,-999.0,1,21.088899612426758,21.088899612426758,-999.0,-999.0,-999.0,1,20.910499572753906,0.2647460103034973,-999.0,1,4112,-999.0,-999.0,-999.0,-999.0,0,-999.0,-999.0,-999.0,-999.0,-999.0,0,-999.0,-999.0,-999.0,0,0,-999.0,-999.0,-999.0,-999.0,0,-999.0,-999.0,-999.0,-999.0,-999.0,0,-999.0,-999.0,-999.0,0,0,0.010991864974633619
PSO J139.5960+35.9018,-999,-999,-999,151081395959872743,3578835000187010,214022515515608,0,16486948208787,15108,1,2038,90,0.13483351015936,3578835,49831,3,404226048,0,48,139.59598708,35.90178156,0.0010000000474974513,0.0010000000474974513,139.59598708,35.90178156,0.0010000000474974513,0.0010000000474974513,,,,,55646.49783565,-999.0,-0.6168270834183628,0.5250354936586235,0.5863975439582279,130.7855230241695,19.217926416903886,188.05834641473027,44.31403806581317,-999,2,0,0,0,0,0,0,-999.0,-999.0,-999.0,-999.0,0,-999.0,-999.0,-999.0,-999.0,-999.0,0,-999.0,-999.0,-999.0,0,16416,-999.0,-999.0,-999.0,-999.0,0,-999.0,-999.0,-999.0,-999.0,-999.0,0,-999.0,-999.0,-999.0,0,16416,-999.0,-999.0,-999.0,-999.0,0,-999.0,-999.0,-999.0,-999.0,-999.0,0,-999.0,-999.0,-999.0,0,114720,-999.0,-999.0,-999.0,-999.0,0,-999.0,-999.0,-999.0,-999.0,-999.0,0,-999.0,-999.0,-999.0,0,114720,-999.0,-999.0,-999.0,-999.0,0,-999.0,-999.0,-999.0,-999.0,-999.0,0,-999.0,-999.0,-999.0,0,16416,0.008968717350617203
PSO J139.5960+35.9058,-999,-999,-999,151081395960237521,3578835000023423,214022515350398,0,16486947423009,15108,1,2038,90,0.604275123778987,3578835,49831,3,411119616,0,49,139.59630729,35.90563968,0.0010000000474974513,0.0010000000474974513,139.59603859,35.90576748,0.05237000063061714,0.05237000063061714,,,,,55249.24679398,-999.0,-0.6167964894483287,0.5250084961881487,0.5864538937840522,130.7842107807795,19.22171507426558,188.05279822002825,44.314398151984705,-999,3,1,0,0,0,1,0,-999.0,-999.0,-999.0,-999.0,0,-999.0,-999.0,-999.0,-999.0,-999.0,0,-999.0,-999.0,-999.0,0,16416,-999.0,-999.0,-999.0,-999.0,0,-999.0,-999.0,-999.0,-999.0,-999.0,0,-999.0,-999.0,-999.0,0,114720,-999.0,-999.0,-999.0,-999.0,0,-999.0,-999.0,-999.0,-999.0,-999.0,0,-999.0,-999.0,-999.0,0,114720,0.9767720103263855,19.23740005493164,0.05017700046300888,-999.0,1,19.23740005493164,19.23740005493164,19.285499572753906,0.08894100040197372,-999.0,1,19.069599151611328,0.05017700046300888,-999.0,1,16891960,-999.0,-999.0,-999.0,-999.0,0,-999.0,-999.0,-999.0,-999.0,-999.0,0,-999.0,-999.0,-999.0,0,16416,0.004983784310339961
PSO J139.5963+35.9000,-999,-999,-999,151081395962730591,3578835000023477,214022515350452,0,16486948209359,15108,1,2038,90,0.694888727455296,3578835,49831,3,268959744,0,32,-999.0,-999.0,-999.0,-999.0,139.59627876,35.89995527,0.23652000725269318,0.23652000725269318,,,,,55250.31938657,-999.0,-0.61684398928103,0.5250444683771625,0.5863717243476252,130.7863804207551,19.21627242994457,188.06091703644654,44.31412756156427,-999,0,1,0,1,0,0,0,-999.0,-999.0,-999.0,-999.0,0,-999.0,-999.0,-999.0,-999.0,-999.0,0,-999.0,-999.0,-999.0,0,0,0.6304280161857605,21.634899139404297,0.23604199290275574,-999.0,1,21.634899139404297,21.634899139404297,-999.0,-999.0,-999.0,1,22.038400650024414,0.23604199290275574,-999.0,1,4120,-999.0,-999.0,-999.0,-999.0,0,-999.0,-999.0,-999.0,-999.0,-999.0,0,-999.0,-999.0,-999.0,0,0,-999.0,-999.0,-999.0,-999.0,0,-999.0,-999.0,-999.0,-999.0,-999.0,0,-999.0,-999.0,-999.0,0,0,-999.0,-999.0,-999.0,-999.0,0,-999.0,-999.0,-999.0,-999.0,-999.0,0,-999.0,-999.0,-999.0,0,0,0.010799088677197824
PSO J139.5964+35.9041,-999,-999,-999,151081395963925515,3578835000023521,214022515350496,0,16486947881115,15108,1,2038,90,0.43345400731401,3578835,49831,3,268959744,0,32,-999.0,-999.0,-999.0,-999.0,139.59641462,35.9041085,0.17188000679016113,0.17188000679016113,,,,,56344.37971065,-999.0,-0.616812865456712,0.5250154542028628,0.5864304407644965,130.78507989304742,19.220241475212823,188.0551433931562,44.31456923408936,-999,0,1,0,1,0,0,0,-999.0,-999.0,-999.0,-999.0,0,-999.0,-999.0,-999.0,-999.0,-999.0,0,-999.0,-999.0,-999.0,0,0,0.6036350131034851,21.2544002532959,0.17121900618076324,-999.0,1,21.2544002532959,21.2544002532959,-999.0,-999.0,-999.0,0,21.57360076904297,0.17121900618076324,-999.0,1,4120,-999.0,-999.0,-999.0,-999.0,0,-999.0,-999.0,-999.0,-999.0,-999.0,0,-999.0,-999.0,-999.0,0,0,-999.0,-999.0,-999.0,-999.0,0,-999.0,-999.0,-999.0,-999.0,-999.0,0,-999.0,-999.0,-999.0,0,0,-999.0,-999.0,-999.0,-999.0,0,-999.0,-999.0,-999.0,-999.0,-999.0,0,-999.0,-999.0,-999.0,0,0,0.006654567221960353
PSO J139.5966+35.9008,-999,-999,-999,151081395965231615,3578835000023555,214022515350530,0,16486948209217,15108,1,2038,90,0.14232336091094,3578835,49831,3,268959744,0,32,-999.0,-999.0,-999.0,-999.0,139.5965519,35.90084514,0.3262900114059448,0.3262900114059448,,,,,57049.45013889,-999.0,-0.6168395571876243,0.5250356248266703,0.5863843051714834,130.78630005113175,19.21718624736843,188.05970207228668,44.3144192597554,-999,0,1,0,0,1,0,0,-999.0,-999.0,-999.0,-999.0,0,-999.0,-999.0,-999.0,-999.0,-999.0,0,-999.0,-999.0,-999.0,0,0,-999.0,-999.0,-999.0,-999.0,0,-999.0,-999.0,-999.0,-999.0,-999.0,0,-999.0,-999.0,-999.0,0,0,0.49089398980140686,22.46809959411621,0.3259429931640625,-999.0,1,22.46809959411621,22.46809959411621,-999.0,-999.0,-999.0,0,23.374399185180664,0.3259429931640625,-999.0,1,4120,-999.0,-999.0,-999.0,-999.0,0,-999.0,-999.0,-999.0,-999.0,-999.0,0,-999.0,-999.0,-999.0,0,0,-999.0,-999.0,-999.0,-999.0,0,-999.0,-999.0,-999.0,-999.0,-999.0,0,-999.0,-999.0,-999.0,0,0,0.009918924569728637
PSO J139.5966+35.9055,-999,-999,-999,151081395965897234,3578835000023572,214022515350547,0,16486947422637,15108,1,2038,90,0.942115585265789,3578835,49831,3,276901888,0,33,-999.0,-999.0,-999.0,-999.0,139.59660486,35.90552855,0.04749999940395355,0.04749999940395355,,,,,55249.24679398,-999.0,-0.6168035405258337,0.5250039853276387,0.586450516058169,130.78475202970685,19.221635907909842,188.0531822806873,44.31483627264958,-999,0,1,0,0,0,1,0,-999.0,-999.0,-999.0,-999.0,0,-999.0,-999.0,-999.0,-999.0,-999.0,0,-999.0,-999.0,-999.0,0,0,-999.0,-999.0,-999.0,-999.0,0,-999.0,-999.0,-999.0,-999.0,-999.0,0,-999.0,-999.0,-999.0,0,0,-999.0,-999.0,-999.0,-999.0,0,-999.0,-999.0,-999.0,-999.0,-999.0,0,-999.0,-999.0,-999.0,0,0,0.9980329871177673,19.12019920349121,0.045069001615047455,-999.0,1,19.12019920349121,19.12019920349121,19.066499710083008,0.08157400041818619,-999.0,1,18.912099838256836,0.045069001615047455,-999.0,1,16777240,-999.0,-999.0,-999.0,-999.0,0,-999.0,-999.0,-999.0,-999.0,-999.0,0,-999.0,-999.0,-999.0,0,0,0.005252568435406171
PSO J139.5968+35.9026,-999,-999,-999,151081395967523665,3578835000023618,214022515350593,0,16486947750109,15108,1,2038,90,0.339316374938298,3578835,49831,3,268959744,0,32,-999.0,-999.0,-999.0,-999.0,139.59677523,35.90256723,0.34233999252319336,0.34233999252319336,,,,,56344.37971065,-999.0,-0.6168281823609951,0.5250217967296964,0.5864086513720208,130.78589648521216,19.218875359733946,188.05732319951701,44.314737237899074,-999,0,1,0,1,0,0,0,-999.0,-999.0,-999.0,-999.0,0,-999.0,-999.0,-999.0,-999.0,-999.0,0,-999.0,-999.0,-999.0,0,0,0.5535879731178284,21.951499938964844,0.3420099914073944,-999.0,1,21.951499938964844,21.951499938964844,-999.0,-999.0,-999.0,0,22.898300170898438,0.3420099914073944,-999.0,1,4120,-999.0,-999.0,-999.0,-999.0,0,-999.0,-999.0,-999.0,-999.0,-999.0,0,-999.0,-999.0,-999.0,0,0,-999.0,-999.0,-999.0,-999.0,0,-999.0,-999.0,-999.0,-999.0,-999.0,0,-999.0,-999.0,-999.0,0,0,-999.0,-999.0,-999.0,-999.0,0,-999.0,-999.0,-999.0,-999.0,-999.0,0,-999.0,-999.0,-999.0,0,0,0.008213420885990157
PSO J139.5968+35.9061,-999,-999,-999,151081395967857935,3578835000023633,214022515350608,0,16486947422693,15108,1,2038,90,0.255808789521278,3578835,49831,3,268959744,0,32,-999.0,-999.0,-999.0,-999.0,139.59680589,35.9061229,0.320279985666275,0.320279985666275,,,,,56344.36663194,-999.0,-0.6168007499646544,0.5249978780844884,0.586458918296776,130.78471344086145,19.22225108110551,188.05237244342172,44.31504605056604,-999,0,1,0,0,1,0,0,-999.0,-999.0,-999.0,-999.0,0,-999.0,-999.0,-999.0,-999.0,-999.0,0,-999.0,-999.0,-999.0,0,0,-999.0,-999.0,-999.0,-999.0,0,-999.0,-999.0,-999.0,-999.0,-999.0,0,-999.0,-999.0,-999.0,0,0,0.541720986366272,21.791500091552734,0.319925993680954,-999.0,1,21.791500091552734,21.791500091552734,-999.0,-999.0,-999.0,0,23.711299896240234,0.319925993680954,-999.0,1,4120,-999.0,-999.0,-999.0,-999.0,0,-999.0,-999.0,-999.0,-999.0,-999.0,0,-999.0,-999.0,-999.0,0,0,-999.0,-999.0,-999.0,-999.0,0,-999.0,-999.0,-999.0,-999.0,-999.0,0,-999.0,-999.0,-999.0,0,0,0.004684913521962493
PSO J139.5969+35.9003,-999,-999,-999,151081395968460908,3578835000023647,214022515350622,0,16486948209260,15108,1,2038,90,0.0957947961015578,3578835,49831,3,268959744,0,32,-999.0,-999.0,-999.0,-999.0,139.59687228,35.90025685,0.2963399887084961,0.2963399887084961,,,,,57049.43763889,-999.0,-0.6168470778045793,0.5250360780411246,0.5863759880478953,130.78676020895298,19.216712295842356,188.06055062973402,44.31463091237951,-999,0,1,0,0,1,0,0,-999.0,-999.0,-999.0,-999.0,0,-999.0,-999.0,-999.0,-999.0,-999.0,0,-999.0,-999.0,-999.0,0,0,-999.0,-999.0,-999.0,-999.0,0,-999.0,-999.0,-999.0,-999.0,-999.0,0,-999.0,-999.0,-999.0,0,0,0.6665769815444946,22.33169937133789,0.295960009098053,-999.0,1,22.33169937133789,22.33169937133789,-999.0,-999.0,-999.0,0,22.439599990844727,0.295960009098053,-999.0,1,4120,-999.0,-999.0,-999.0,-999.0,0,-999.0,-999.0,-999.0,-999.0,-999.0,0,-999.0,-999.0,-999.0,0,0,-999.0,-999.0,-999.0,-999.0,0,-999.0,-999.0,-999.0,-999.0,-999.0,0,-999.0,-999.0,-999.0,0,0,0.010522661468928735
PSO J139.5970+35.9052,-999,-999,-999,151081395969706864,3578835000023676,214022515350651,0,16486947422651,15108,1,2038,90,0.433329904855536,3578835,49831,3,268959744,0,32,-999.0,-999.0,-999.0,-999.0,139.59699066,35.90523022,0.3092299997806549,0.3092299997806549,,,,,56344.36663194,-999.0,-0.6168094009021954,0.5250018112657013,0.5864462985870128,130.78516683314027,19.22145358970213,188.05363277889506,44.31512393919884,-999,0,1,0,0,1,0,0,-999.0,-999.0,-999.0,-999.0,0,-999.0,-999.0,-999.0,-999.0,-999.0,0,-999.0,-999.0,-999.0,0,0,-999.0,-999.0,-999.0,-999.0,0,-999.0,-999.0,-999.0,-999.0,-999.0,0,-999.0,-999.0,-999.0,0,0,0.4930399954319,21.698400497436523,0.3088650107383728,-999.0,1,21.698400497436523,21.698400497436523,-999.0,-999.0,-999.0,0,22.937700271606445,0.3088650107383728,-999.0,1,4120,-999.0,-999.0,-999.0,-999.0,0,-999.0,-999.0,-999.0,-999.0,-999.0,0,-999.0,-999.0,-999.0,0,0,-999.0,-999.0,-999.0,-999.0,0,-999.0,-999.0,-999.0,-999.0,-999.0,0,-999.0,-999.0,-999.0,0,0,0.005590022414148743
PSO J139.5972+35.9070,-999,-999,-999,151081395971989027,3578835000023742,214022515350717,0,16486947426032,15108,1,2038,90,0.814291050484675,3578835,49831,3,268959744,0,32,-999.0,-999.0,-999.0,-999.0,139.5972201,35.90703261,0.23777000606060028,0.23777000606060028,,,,,56344.35071759,-999.0,-0.6167974545096918,0.5249873836608345,0.586471778611142,130.78474091007763,19.223220338248506,188.05114252354284,44.31545311800761,-999,0,1,0,0,1,0,0,-999.0,-999.0,-999.0,-999.0,0,-999.0,-999.0,-999.0,-999.0,-999.0,0,-999.0,-999.0,-999.0,0,0,-999.0,-999.0,-999.0,-999.0,0,-999.0,-999.0,-999.0,-999.0,-999.0,0,-999.0,-999.0,-999.0,0,0,0.6279550194740295,21.627599716186523,0.23729999363422394,-999.0,1,21.627599716186523,21.627599716186523,-999.0,-999.0,-999.0,0,22.107500076293945,0.23729999363422394,-999.0,1,4120,-999.0,-999.0,-999.0,-999.0,0,-999.0,-999.0,-999.0,-999.0,-999.0,0,-999.0,-999.0,-999.0,0,0,-999.0,-999.0,-999.0,-999.0,0,-999.0,-999.0,-999.0,-999.0,-999.0,0,-999.0,-999.0,-999.0,0,0,0.003868101719419033
PSO J139.5973+35.9038,-999,-999,-999,151081395973245199,3578835000023771,214022515350746,0,16486947881123,15108,1,2038,90,0.886144814906777,3578835,49831,3,268959744,0,32,-999.0,-999.0,-999.0,-999.0,139.59734532,35.90384256,0.21051999926567078,0.21051999926567078,,,,,56344.36663194,-999.0,-0.6168234663789042,0.5250071989912775,0.5864266811218996,130.78592641517,19.22023142269187,188.05559806065713,44.315299445108096,-999,0,1,0,0,1,0,0,-999.0,-999.0,-999.0,-999.0,0,-999.0,-999.0,-999.0,-999.0,-999.0,0,-999.0,-999.0,-999.0,0,0,-999.0,-999.0,-999.0,-999.0,0,-999.0,-999.0,-999.0,-999.0,-999.0,0,-999.0,-999.0,-999.0,0,0,0.5840039849281311,21.41010093688965,0.20998099446296692,-999.0,1,21.41010093688965,21.41010093688965,-999.0,-999.0,-999.0,0,22.08049964904785,0.20998099446296692,-999.0,1,4120,-999.0,-999.0,-999.0,-999.0,0,-999.0,-999.0,-999.0,-999.0,-999.0,0,-999.0,-999.0,-999.0,0,0,-999.0,-999.0,-999.0,-999.0,0,-999.0,-999.0,-999.0,-999.0,-999.0,0,-999.0,-999.0,-999.0,0,0,0.0070059385938930135
PSO J139.5974+35.9003,-999,-999,-999,151081395974070999,3578835000023788,214022515350763,0,16486947750294,15108,1,2038,90,0.982721187158228,3578835,49831,3,268959744,0,32,-999.0,-999.0,-999.0,-999.0,139.59743641,35.90033086,0.2396399974822998,0.2396399974822998,,,,,57049.42515046,-999.0,-0.6168516704485724,0.5250295136517122,0.5863770343895235,130.7871934240651,19.216928982272563,188.0604985875782,44.315092333909774,-999,0,1,0,0,1,0,0,-999.0,-999.0,-999.0,-999.0,0,-999.0,-999.0,-999.0,-999.0,-999.0,0,-999.0,-999.0,-999.0,0,0,-999.0,-999.0,-999.0,-999.0,0,-999.0,-999.0,-999.0,-999.0,-999.0,0,-999.0,-999.0,-999.0,0,0,0.6214939951896667,22.069599151611328,0.23917299509048462,-999.0,1,22.069599151611328,22.069599151611328,-999.0,-999.0,-999.0,0,23.810199737548828,0.23917299509048462,-999.0,1,4120,-999.0,-999.0,-999.0,-999.0,0,-999.0,-999.0,-999.0,-999.0,-999.0,0,-999.0,-999.0,-999.0,0,0,-999.0,-999.0,-999.0,-999.0,0,-999.0,-999.0,-999.0,-999.0,-999.0,0,-999.0,-999.0,-999.0,0,0,0.01049319690594171
PSO J139.5975+35.9041,-999,-999,-999,151081395974945506,3578835000023809,214022515350784,0,16486947881820,15108,1,2038,90,0.0947900657493529,3578835,49831,3,268959744,0,32,-999.0,-999.0,-999.0,-999.0,139.59752181,35.90408756,0.22945000231266022,0.22945000231266022,,,,,57049.45013889,-999.0,-0.6168231740082217,0.5250036736591853,0.586430144732331,130.78598657626114,19.220509333858924,188.05527270147755,44.31546151812011,-999,0,1,0,0,1,0,0,-999.0,-999.0,-999.0,-999.0,0,-999.0,-999.0,-999.0,-999.0,-999.0,0,-999.0,-999.0,-999.0,0,0,-999.0,-999.0,-999.0,-999.0,0,-999.0,-999.0,-999.0,-999.0,-999.0,0,-999.0,-999.0,-999.0,0,0,0.5058379769325256,22.07110023498535,0.2289610058069229,-999.0,1,22.07110023498535,22.07110023498535,-999.0,-999.0,-999.0,0,24.637300491333008,0.2289610058069229,-999.0,1,4120,-999.0,-999.0,-999.0,-999.0,0,-999.0,-999.0,-999.0,-999.0,-999.0,0,-999.0,-999.0,-999.0,0,0,-999.0,-999.0,-999.0,-999.0,0,-999.0,-999.0,-999.0,-999.0,-999.0,0,-999.0,-999.0,-999.0,0,0,0.00679070535793929
PSO J139.5976+35.9051,-999,-999,-999,151081395976046745,3578835000023840,214022515350815,0,16486947881578,15108,1,2038,90,0.826647367166958,3578835,49831,3,268959744,0,32,-999.0,-999.0,-999.0,-999.0,139.5976263,35.90513096,0.23368999361991882,0.23368999361991882,,,,,56344.35071759,-999.0,-0.6168159989101262,0.5249956268433333,0.58644489535154,130.78571699531858,19.221524739919047,188.0538285352803,44.315629227670684,-999,0,1,0,0,1,0,0,-999.0,-999.0,-999.0,-999.0,0,-999.0,-999.0,-999.0,-999.0,-999.0,0,-999.0,-999.0,-999.0,0,0,-999.0,-999.0,-999.0,-999.0,0,-999.0,-999.0,-999.0,-999.0,-999.0,0,-999.0,-999.0,-999.0,0,0,0.47945499420166016,21.44179916381836,0.23320500552654266,-999.0,1,21.44179916381836,21.44179916381836,-999.0,-999.0,-999.0,0,22.021900177001953,0.23320500552654266,-999.0,1,4120,-999.0,-999.0,-999.0,-999.0,0,-999.0,-999.0,-999.0,-999.0,-999.0,0,-999.0,-999.0,-999.0,0,0,-999.0,-999.0,-999.0,-999.0,0,-999.0,-999.0,-999.0,-999.0,-999.0,0,-999.0,-999.0,-999.0,0,0,0.005790394673173908
PSO J139.5977+35.9025,-999,-999,-999,151081395976883630,3578835000023865,214022515350840,0,16486947750027,15108,1,2038,90,0.108999394913203,3578835,49831,3,268959744,0,32,-999.0,-999.0,-999.0,-999.0,139.59770862,35.90253565,0.2671700119972229,0.2671700119972229,,,,,56344.36663194,-999.0,-0.6168369813980004,0.525011957570497,0.5864082049117301,130.78666558278778,19.219087984205153,188.05745163889537,44.315488356467185,-999,0,1,0,0,1,0,0,-999.0,-999.0,-999.0,-999.0,0,-999.0,-999.0,-999.0,-999.0,-999.0,0,-999.0,-999.0,-999.0,0,0,-999.0,-999.0,-999.0,-999.0,0,-999.0,-999.0,-999.0,-999.0,-999.0,0,-999.0,-999.0,-999.0,0,0,0.5650010108947754,21.63680076599121,0.26674899458885193,-999.0,1,21.63680076599121,21.63680076599121,-999.0,-999.0,-999.0,0,22.28219985961914,0.26674899458885193,-999.0,1,4120,-999.0,-999.0,-999.0,-999.0,0,-999.0,-999.0,-999.0,-999.0,-999.0,0,-999.0,-999.0,-999.0,0,0,-999.0,-999.0,-999.0,-999.0,0,-999.0,-999.0,-999.0,-999.0,-999.0,0,-999.0,-999.0,-999.0,0,0,0.00834395464607424
PSO J139.5978+35.9004,-999,-999,-999,151081395977891041,3578835000023888,214022515350863,0,16486947750397,15108,1,2038,90,0.191277539535684,3578835,49831,3,268959744,0,32,-999.0,-999.0,-999.0,-999.0,139.59783354,35.90036914,0.16615000367164612,0.16615000367164612,,,,,56226.67554398,-999.0,-0.6168550111969869,0.5250249841782769,0.5863775755857015,130.78750308882724,19.217068433182394,188.06048120300804,44.3154160550209,-999,0,2,0,0,1,0,1,-999.0,-999.0,-999.0,-999.0,0,-999.0,-999.0,-999.0,-999.0,-999.0,0,-999.0,-999.0,-999.0,0,0,-999.0,-999.0,-999.0,-999.0,0,-999.0,-999.0,-999.0,-999.0,-999.0,0,-999.0,-999.0,-999.0,0,0,0.7133389711380005,22.06999969482422,0.22503599524497986,-999.0,1,22.06999969482422,22.06999969482422,-999.0,-999.0,-999.0,0,22.58970069885254,0.22503599524497986,-999.0,1,4120,-999.0,-999.0,-999.0,-999.0,0,-999.0,-999.0,-999.0,-999.0,-999.0,0,-999.0,-999.0,-999.0,0,0,0.7119749784469604,19.143199920654297,0.24523800611495972,-999.0,1,19.143199920654297,19.143199920654297,18.652000427246094,0.2526339888572693,-999.0,1,18.729799270629883,0.24523800611495972,-999.0,1,4112,0.010498335211897525
PSO J139.5980+35.9051,-999,-999,-999,151081395979996670,3578835000023929,214022515350904,0,16486947881675,15108,1,2038,90,0.262705486512469,3578835,49831,3,268959744,0,32,-999.0,-999.0,-999.0,-999.0,139.59799975,35.90505551,-999.0,-999.0,,,,,-999.0,-999.0,-0.6168200088708137,0.5249921070048628,0.5864438287161048,130.78604604653916,19.221550315423755,188.0539674141474,44.31592472602812,-999,0,1,0,0,0,1,0,-999.0,-999.0,-999.0,-999.0,0,-999.0,-999.0,-999.0,-999.0,-999.0,0,-999.0,-999.0,-999.0,0,0,-999.0,-999.0,-999.0,-999.0,0,-999.0,-999.0,-999.0,-999.0,-999.0,0,-999.0,-999.0,-999.0,0,0,-999.0,-999.0,-999.0,-999.0,0,-999.0,-999.0,-999.0,-999.0,-999.0,0,-999.0,-999.0,-999.0,0,0,-999.0,-999.0,-999.0,-999.0,0,-999.0,-999.0,19.912500381469727,0.1339769959449768,-999.0,1,-999.0,-999.0,-999.0,0,24,-999.0,-999.0,-999.0,-999.0,0,-999.0,-999.0,-999.0,-999.0,-999.0,0,-999.0,-999.0,-999.0,0,0,0.005943033584693686
PSO J139.5980+35.9036,-999,-999,-999,151081395980134872,3578835000023932,214022515350907,0,16486947881907,15108,1,2038,90,0.807490141883018,3578835,49831,3,268959744,0,32,-999.0,-999.0,-999.0,-999.0,139.59803591,35.90357055,0.2130099982023239,0.2130099982023239,,,,,56344.35071759,-999.0,-0.6168319143689309,0.5250015687976889,0.5864228356535287,130.78657991681465,19.220153233952544,188.05603947062838,44.31583530634362,-999,0,1,0,0,1,0,0,-999.0,-999.0,-999.0,-999.0,0,-999.0,-999.0,-999.0,-999.0,-999.0,0,-999.0,-999.0,-999.0,0,0,-999.0,-999.0,-999.0,-999.0,0,-999.0,-999.0,-999.0,-999.0,-999.0,0,-999.0,-999.0,-999.0,0,0,0.5335739850997925,21.385000228881836,0.21248100697994232,-999.0,1,21.385000228881836,21.385000228881836,-999.0,-999.0,-999.0,0,23.0487003326416,0.21248100697994232,-999.0,1,4120,-999.0,-999.0,-999.0,-999.0,0,-999.0,-999.0,-999.0,-999.0,-999.0,0,-999.0,-999.0,-999.0,0,0,-999.0,-999.0,-999.0,-999.0,0,-999.0,-999.0,-999.0,-999.0,-999.0,0,-999.0,-999.0,-999.0,0,0,0.007384948868732976
PSO J139.5983+35.9007,-999,-999,-999,151081395982561430,3578835000023982,214022515350957,0,16486947750229,15108,1,2038,90,0.534185900850395,3578835,49831,3,268959744,0,32,-999.0,-999.0,-999.0,-999.0,139.59827657,35.90069243,0.5218600034713745,0.5218600034713745,,,,,56331.38431713,-999.0,-0.6168565512593477,0.5250180699676096,0.5863821461947062,130.78775322342122,19.217489759202845,188.06007090864273,44.31579962115957,-999,0,1,0,1,0,0,0,-999.0,-999.0,-999.0,-999.0,0,-999.0,-999.0,-999.0,-999.0,-999.0,0,-999.0,-999.0,-999.0,0,0,0.6387180089950562,22.739999771118164,-999.0,-999.0,1,22.739999771118164,22.739999771118164,-999.0,-999.0,-999.0,1,22.373899459838867,0.5216389894485474,-999.0,1,4120,-999.0,-999.0,-999.0,-999.0,0,-999.0,-999.0,-999.0,-999.0,-999.0,0,-999.0,-999.0,-999.0,0,0,-999.0,-999.0,-999.0,-999.0,0,-999.0,-999.0,-999.0,-999.0,-999.0,0,-999.0,-999.0,-999.0,0,0,-999.0,-999.0,-999.0,-999.0,0,-999.0,-999.0,-999.0,-999.0,-999.0,0,-999.0,-999.0,-999.0,0,0,0.010240130275269476
PSO J139.5983+35.9049,-999,-999,-999,151081395983056517,3578835000023998,214022515350973,0,16486947881670,15108,1,2038,90,0.796719630990848,3578835,49831,3,276901888,0,33,-999.0,-999.0,-999.0,-999.0,139.59832094,35.90493073,0.033640000969171524,0.033640000969171524,,,,,55249.24679398,-999.0,-0.6168239244622583,0.5249894769994731,0.5864420647010223,130.78634939744438,19.221515589388382,188.05417029296945,44.316174090275226,-999,0,1,0,0,0,1,0,-999.0,-999.0,-999.0,-999.0,0,-999.0,-999.0,-999.0,-999.0,-999.0,0,-999.0,-999.0,-999.0,0,0,-999.0,-999.0,-999.0,-999.0,0,-999.0,-999.0,-999.0,-999.0,-999.0,0,-999.0,-999.0,-999.0,0,0,-999.0,-999.0,-999.0,-999.0,0,-999.0,-999.0,-999.0,-999.0,-999.0,0,-999.0,-999.0,-999.0,0,0,0.9975669980049133,18.662200927734375,0.030107000842690468,-999.0,1,18.662200927734375,18.662200927734375,18.12649917602539,0.04561299830675125,-999.0,1,18.163000106811523,0.030107000842690468,-999.0,1,16777240,-999.0,-999.0,-999.0,-999.0,0,-999.0,-999.0,-999.0,-999.0,-999.0,0,-999.0,-999.0,-999.0,0,0,0.006140757802352995
PSO J139.5985+35.9059,-999,-999,-999,151081395985117693,3578835000024047,214022515351022,0,16486947881508,15108,1,2038,90,0.117244245593664,3578835,49831,3,268959744,0,32,-999.0,-999.0,-999.0,-999.0,139.59853563,35.90591014,0.3158699870109558,0.3158699870109558,,,,,57049.43763889,-999.0,-0.6168182575780358,0.5249806683133017,0.5864559105471742,130.7861910815184,19.222499020392046,188.052825214407,44.316425642125765,-999,0,1,0,0,1,0,0,-999.0,-999.0,-999.0,-999.0,0,-999.0,-999.0,-999.0,-999.0,-999.0,0,-999.0,-999.0,-999.0,0,0,-999.0,-999.0,-999.0,-999.0,0,-999.0,-999.0,-999.0,-999.0,-999.0,0,-999.0,-999.0,-999.0,0,0,0.579334020614624,22.380599975585938,0.31551599502563477,-999.0,1,22.380599975585938,22.380599975585938,-999.0,-999.0,-999.0,0,-999.0,-999.0,-999.0,0,4120,-999.0,-999.0,-999.0,-999.0,0,-999.0,-999.0,-999.0,-999.0,-999.0,0,-999.0,-999.0,-999.0,0,0,-999.0,-999.0,-999.0,-999.0,0,-999.0,-999.0,-999.0,-999.0,-999.0,0,-999.0,-999.0,-999.0,0,0,0.005289743137662453
PSO J139.5987+35.9052,-999,-999,-999,151081395986406848,3578835000024073,214022515351048,0,16486947881622,15108,1,2038,90,0.081961026491561,3578835,49831,3,268513280,0,32,-999.0,-999.0,-999.0,-999.0,139.59866093,35.90520796,0.018699999898672104,0.018699999898672104,,,,,55249.32787037,-999.0,-0.6168248788468388,0.5249839776652182,0.5864459838982516,130.78653144423143,19.22186651150049,188.05381480170328,44.31647073893542,-999,0,1,1,0,0,0,0,0.997992992401123,18.703899383544922,0.01116199977695942,-999.0,1,18.703899383544922,18.703899383544922,18.981199264526367,0.020042000338435173,-999.0,1,18.907400131225586,0.01116199977695942,-999.0,1,24,-999.0,-999.0,-999.0,-999.0,0,-999.0,-999.0,-999.0,-999.0,-999.0,0,-999.0,-999.0,-999.0,0,0,-999.0,-999.0,-999.0,-999.0,0,-999.0,-999.0,-999.0,-999.0,-999.0,0,-999.0,-999.0,-999.0,0,0,-999.0,-999.0,-999.0,-999.0,0,-999.0,-999.0,-999.0,-999.0,-999.0,0,-999.0,-999.0,-999.0,0,0,-999.0,-999.0,-999.0,-999.0,0,-999.0,-999.0,-999.0,-999.0,-999.0,0,-999.0,-999.0,-999.0,0,0,0.005976201902552319
PSO J139.5990+35.9014,-999,-999,-999,151081395990172249,3578835000024164,214022515351139,0,16486947750580,15108,1,2038,90,0.0300314734038259,3578835,49831,3,268513280,0,32,-999.0,-999.0,-999.0,-999.0,139.59904167,35.90137172,0.017999999225139618,0.017999999225139618,,,,,55248.33767361,-999.0,-0.6168582678148021,0.5250053268261624,0.5863917497992928,130.7881440939411,19.218331961336474,188.0591937812576,44.31647168721862,-999,0,1,1,0,0,0,0,0.9858599901199341,18.495100021362305,0.009952000342309475,-999.0,1,18.495100021362305,18.495100021362305,19.49049949645996,0.031539998948574066,-999.0,1,19.398099899291992,0.009952000342309475,-999.0,1,24,-999.0,-999.0,-999.0,-999.0,0,-999.0,-999.0,-999.0,-999.0,-999.0,0,-999.0,-999.0,-999.0,0,0,-999.0,-999.0,-999.0,-999.0,0,-999.0,-999.0,-999.0,-999.0,-999.0,0,-999.0,-999.0,-999.0,0,0,-999.0,-999.0,-999.0,-999.0,0,-999.0,-999.0,-999.0,-999.0,-999.0,0,-999.0,-999.0,-999.0,0,0,-999.0,-999.0,-999.0,-999.0,0,-999.0,-999.0,-999.0,-999.0,-999.0,0,-999.0,-999.0,-999.0,0,0,0.009717385243710141
PSO J139.5995+35.9045,-999,-999,-999,151081395995346004,3578835000024293,214022515351268,0,16486947884672,15108,1,2038,90,0.389195144538949,3578835,49831,3,268959744,0,32,-999.0,-999.0,-999.0,-999.0,139.59953475,35.90450041,-999.0,-999.0,,,,,-999.0,-999.0,-0.6168384003507407,0.5249792641179846,0.5864359812450791,130.78748178550254,19.22142341822417,188.05487954827856,44.31711976133413,-999,0,1,0,0,0,1,0,-999.0,-999.0,-999.0,-999.0,0,-999.0,-999.0,-999.0,-999.0,-999.0,0,-999.0,-999.0,-999.0,0,0,-999.0,-999.0,-999.0,-999.0,0,-999.0,-999.0,-999.0,-999.0,-999.0,0,-999.0,-999.0,-999.0,0,0,-999.0,-999.0,-999.0,-999.0,0,-999.0,-999.0,-999.0,-999.0,-999.0,0,-999.0,-999.0,-999.0,0,0,-999.0,-999.0,-999.0,-999.0,0,-999.0,-999.0,19.20800018310547,0.07547900080680847,-999.0,1,-999.0,-999.0,-999.0,0,24,-999.0,-999.0,-999.0,-999.0,0,-999.0,-999.0,-999.0,-999.0,-999.0,0,-999.0,-999.0,-999.0,0,0,0.006908299394730069
PSO J139.5996+35.8995,-999,-999,-999,151081395995520014,3578835000024294,214022515351269,0,16486947753584,15107,1,2038,90,0.725191369396813,3578835,49831,3,268959744,0,32,-999.0,-999.0,-999.0,-999.0,139.59955686,35.89947128,0.2955000102519989,0.2955000102519989,,,,,55250.32483796,-999.0,-0.6168777999883087,0.5250123859136826,0.5863648817236641,130.78920831623225,19.21666583778335,188.06188804098213,44.31673576867302,-999,0,1,0,1,0,0,0,-999.0,-999.0,-999.0,-999.0,0,-999.0,-999.0,-999.0,-999.0,-999.0,0,-999.0,-999.0,-999.0,0,0,0.7519389986991882,22.00779914855957,0.29512301087379456,-999.0,1,22.00779914855957,22.00779914855957,-999.0,-999.0,-999.0,1,21.891000747680664,0.29512301087379456,-999.0,1,4120,-999.0,-999.0,-999.0,-999.0,0,-999.0,-999.0,-999.0,-999.0,-999.0,0,-999.0,-999.0,-999.0,0,0,-999.0,-999.0,-999.0,-999.0,0,-999.0,-999.0,-999.0,-999.0,-999.0,0,-999.0,-999.0,-999.0,0,0,-999.0,-999.0,-999.0,-999.0,0,-999.0,-999.0,-999.0,-999.0,-999.0,0,-999.0,-999.0,-999.0,0,0,0.011661178028365297
PSO J139.5997+35.9069,-999,-999,-999,151081395997278844,3578835000024339,214022515351314,0,16486947883492,15108,1,2038,90,0.29629194019017,3578835,49831,3,268959744,0,32,-999.0,-999.0,-999.0,-999.0,139.59974898,35.906871,0.24529999494552612,0.24529999494552612,,,,,57049.41266204,-999.0,-0.6168218851684454,0.5249612315210274,0.5864694939868327,130.7868504349912,19.223724377044327,188.0515962107058,44.317481997938664,-999,0,1,0,0,1,0,0,-999.0,-999.0,-999.0,-999.0,0,-999.0,-999.0,-999.0,-999.0,-999.0,0,-999.0,-999.0,-999.0,0,0,-999.0,-999.0,-999.0,-999.0,0,-999.0,-999.0,-999.0,-999.0,-999.0,0,-999.0,-999.0,-999.0,0,0,0.5827569961547852,22.0846004486084,0.24483899772167206,-999.0,1,22.0846004486084,22.0846004486084,-999.0,-999.0,-999.0,0,24.13170051574707,0.24483899772167206,-999.0,1,4120,-999.0,-999.0,-999.0,-999.0,0,-999.0,-999.0,-999.0,-999.0,-999.0,0,-999.0,-999.0,-999.0,0,0,-999.0,-999.0,-999.0,-999.0,0,-999.0,-999.0,-999.0,-999.0,-999.0,0,-999.0,-999.0,-999.0,0,0,0.004976481294470701
PSO J139.6000+35.9024,-999,-999,-999,151081395999993456,3578835000024406,214022515351381,0,16486947750463,15108,1,2038,90,0.368893035099742,3578835,49831,3,302067712,0,36,-999.0,-999.0,-999.0,-999.0,139.60004378,35.902393,0.027400000020861626,0.027400000020861626,,,,,55274.59576389,8.253899574279785,-0.6168594902294141,0.5249877634288046,0.5864061882039862,130.78861133775007,19.21955966678146,188.05786160683118,44.31736242884012,-999,0,2,0,1,1,0,0,-999.0,-999.0,-999.0,-999.0,0,-999.0,-999.0,-999.0,-999.0,-999.0,0,-999.0,-999.0,-999.0,0,0,0.8808180093765259,21.993499755859375,0.20950999855995178,-999.0,1,21.993499755859375,21.993499755859375,-999.0,-999.0,-999.0,0,23.571199417114258,0.20950999855995178,-999.0,1,280,0.9977750182151794,18.082599639892578,0.023213999345898628,-999.0,1,18.082599639892578,18.082599639892578,18.800899505615234,0.05898899957537651,-999.0,1,18.622800827026367,0.023213999345898628,-999.0,1,16,-999.0,-999.0,-999.0,-999.0,0,-999.0,-999.0,-999.0,-999.0,-999.0,0,-999.0,-999.0,-999.0,0,0,-999.0,-999.0,-999.0,-999.0,0,-999.0,-999.0,-999.0,-999.0,-999.0,0,-999.0,-999.0,-999.0,0,0,0.009005807689907226
PSO J139.6000+35.9043,-999,-999,-999,151081396000175802,3578835000024416,214022515351391,0,16486947884725,15108,1,2038,90,0.81779238937217,3578835,49831,3,276901888,0,33,-999.0,-999.0,-999.0,-999.0,139.60003533,35.90433295,0.02742999978363514,0.02742999978363514,,,,,55249.24679398,-999.0,-0.6168442922192853,0.524974985793206,0.5864336138455163,130.7879453889369,19.22139488561971,188.05515811011315,44.31751056093934,-999,0,1,0,0,0,1,0,-999.0,-999.0,-999.0,-999.0,0,-999.0,-999.0,-999.0,-999.0,-999.0,0,-999.0,-999.0,-999.0,0,0,-999.0,-999.0,-999.0,-999.0,0,-999.0,-999.0,-999.0,-999.0,-999.0,0,-999.0,-999.0,-999.0,0,0,-999.0,-999.0,-999.0,-999.0,0,-999.0,-999.0,-999.0,-999.0,-999.0,0,-999.0,-999.0,-999.0,0,0,0.9980520009994507,18.332799911499023,0.02296300046145916,-999.0,1,18.332799911499023,18.332799911499023,18.10300064086914,0.04236000031232834,-999.0,1,18.193700790405273,0.02296300046145916,-999.0,1,16777240,-999.0,-999.0,-999.0,-999.0,0,-999.0,-999.0,-999.0,-999.0,-999.0,0,-999.0,-999.0,-999.0,0,0,0.007238610500019022
PSO J139.6002+35.9019,-999,-999,-999,151081396001362844,3578835000024449,214022515351424,0,16486947753235,15108,1,2038,90,0.263941557392424,3578835,49831,3,302067712,0,36,-999.0,-999.0,-999.0,-999.0,139.6001637,35.90187598,0.1885800063610077,0.1885800063610077,,,,,55248.26421296,-999.0,-0.6168646187328183,0.5249899018702082,0.586398878827308,130.78888442300513,19.219101135367705,188.0585927629266,44.317417948117836,-999,0,1,0,0,0,1,0,-999.0,-999.0,-999.0,-999.0,0,-999.0,-999.0,-999.0,-999.0,-999.0,0,-999.0,-999.0,-999.0,0,0,-999.0,-999.0,-999.0,-999.0,0,-999.0,-999.0,-999.0,-999.0,-999.0,0,-999.0,-999.0,-999.0,0,0,-999.0,-999.0,-999.0,-999.0,0,-999.0,-999.0,-999.0,-999.0,-999.0,0,-999.0,-999.0,-999.0,0,0,0.9996439814567566,21.055599212646484,0.18798300623893738,-999.0,1,21.055599212646484,21.055599212646484,20.727399826049805,0.27343299984931946,-999.0,1,20.764999389648438,0.18798300623893738,-999.0,1,280,-999.0,-999.0,-999.0,-999.0,0,-999.0,-999.0,-999.0,-999.0,-999.0,0,-999.0,-999.0,-999.0,0,0,0.009522336194578122
PSO J139.6009+35.9063,-999,-999,-999,151081396009148048,3578835000024640,214022515351615,0,16486947884928,15108,1,2038,90,0.98633102978238,3578835,49831,3,302067712,0,36,-999.0,-999.0,-999.0,-999.0,139.60088064,35.90627326,0.09358000010251999,0.09358000010251999,,,,,55250.28493056,4.801799774169922,-0.6168369130525673,0.5249530137820076,0.5864610439039978,130.78797295379465,19.223452293310554,188.05253124917374,44.31834797807849,-999,0,2,0,0,2,0,0,-999.0,-999.0,-999.0,-999.0,0,-999.0,-999.0,-999.0,-999.0,-999.0,0,-999.0,-999.0,-999.0,0,0,-999.0,-999.0,-999.0,-999.0,0,-999.0,-999.0,-999.0,-999.0,-999.0,0,-999.0,-999.0,-999.0,0,0,0.9983670115470886,19.88789939880371,0.4532969892024994,0.7921270132064819,2,19.105600357055664,20.01219940185547,-999.0,-999.0,-999.0,2,20.131399154663086,0.1824609935283661,0.6736720204353333,2,272,-999.0,-999.0,-999.0,-999.0,0,-999.0,-999.0,-999.0,-999.0,-999.0,0,-999.0,-999.0,-999.0,0,0,-999.0,-999.0,-999.0,-999.0,0,-999.0,-999.0,-999.0,-999.0,-999.0,0,-999.0,-999.0,-999.0,0,0,0.006026200992284441
PSO J139.6015+35.9038,-999,-999,-999,151081396015065182,3578835000024779,214022515351754,0,16486947884646,15108,1,2038,90,0.275116495112997,3578835,49831,3,268513280,0,32,-999.0,-999.0,-999.0,-999.0,139.60152496,35.90381657,0.025340000167489052,0.025340000167489052,,,,,55249.24679398,-999.0,-0.6168619657956346,0.5249623736610805,0.586426313695821,130.7893311217786,19.221292889023545,188.05601221205455,44.31867207118613,-999,0,1,0,0,0,1,0,-999.0,-999.0,-999.0,-999.0,0,-999.0,-999.0,-999.0,-999.0,-999.0,0,-999.0,-999.0,-999.0,0,0,-999.0,-999.0,-999.0,-999.0,0,-999.0,-999.0,-999.0,-999.0,-999.0,0,-999.0,-999.0,-999.0,0,0,-999.0,-999.0,-999.0,-999.0,0,-999.0,-999.0,-999.0,-999.0,-999.0,0,-999.0,-999.0,-999.0,0,0,0.9969080090522766,18.19099998474121,0.020424000918865204,-999.0,1,18.19099998474121,18.19099998474121,18.154800415039062,0.044419001787900925,-999.0,1,18.204200744628906,0.020424000918865204,-999.0,1,24,-999.0,-999.0,-999.0,-999.0,0,-999.0,-999.0,-999.0,-999.0,-999.0,0,-999.0,-999.0,-999.0,0,0,0.008296377750258635
PSO J139.6022+35.9065,-999,-999,-999,151081396021138419,3578835000024908,214022515351883,0,16486947883730,15108,1,2038,90,0.457393041306541,3578835,49831,3,310456320,0,37,-999.0,-999.0,-999.0,-999.0,139.60215653,35.90653696,0.11044000089168549,0.11044000089168549,,,,,55250.32818287,-999.0,-0.6168465472292219,0.5249375283309319,0.5864647717648515,130.78891997339028,19.224033600817293,188.0522791336642,44.31939916790791,-999,0,1,1,0,0,0,0,0.11540299654006958,20.965599060058594,0.10942000150680542,-999.0,1,20.965599060058594,20.965599060058594,20.047199249267578,0.10204800218343735,-999.0,1,20.0231990814209,0.10942000150680542,-999.0,1,16777752,-999.0,-999.0,-999.0,-999.0,0,-999.0,-999.0,-999.0,-999.0,-999.0,0,-999.0,-999.0,-999.0,0,0,-999.0,-999.0,-999.0,-999.0,0,-999.0,-999.0,-999.0,-999.0,-999.0,0,-999.0,-999.0,-999.0,0,0,-999.0,-999.0,-999.0,-999.0,0,-999.0,-999.0,-999.0,-999.0,-999.0,0,-999.0,-999.0,-999.0,0,0,-999.0,-999.0,-999.0,-999.0,0,-999.0,-999.0,-999.0,-999.0,-999.0,0,-999.0,-999.0,-999.0,0,0,0.006590085355700507
PSO J139.6031+35.9074,-999,-999,-999,151081396030389474,3578835000025121,214022515352096,0,16486947894738,15108,1,2038,90,0.690641767988579,3578835,49831,3,268959744,0,32,-999.0,-999.0,-999.0,-999.0,139.60305348,35.90739982,0.3435800075531006,0.3435800075531006,,,,,55250.32969907,-999.0,-0.6168480386190734,0.5249221477964156,0.5864769697137308,130.78935553411273,19.22508392900511,188.05115796695324,44.32019220307849,-999,0,1,1,0,0,0,0,0.6758220195770264,22.237499237060547,0.34325599670410156,-999.0,1,22.237499237060547,22.237499237060547,-999.0,-999.0,-999.0,0,22.76810073852539,0.34325599670410156,-999.0,1,4120,-999.0,-999.0,-999.0,-999.0,0,-999.0,-999.0,-999.0,-999.0,-999.0,0,-999.0,-999.0,-999.0,0,0,-999.0,-999.0,-999.0,-999.0,0,-999.0,-999.0,-999.0,-999.0,-999.0,0,-999.0,-999.0,-999.0,0,0,-999.0,-999.0,-999.0,-999.0,0,-999.0,-999.0,-999.0,-999.0,-999.0,0,-999.0,-999.0,-999.0,0,0,-999.0,-999.0,-999.0,-999.0,0,-999.0,-999.0,-999.0,-999.0,-999.0,0,-999.0,-999.0,-999.0,0,0,0.006692801240369395
PSO J139.6035+35.9031,-999,-999,-999,151081396035204352,3578835000025228,214022515352203,0,16486947882875,15108,1,2038,90,0.972774826896167,3578835,49831,3,276901888,0,33,-999.0,-999.0,-999.0,-999.0,139.60353853,35.90312513,0.03853999823331833,0.03853999823331833,,,,,55249.24679398,-999.0,-0.6168858039879578,0.5249452810264241,0.5864165386192818,130.791202033728,19.221161253599746,188.05715759373192,44.320242654802854,-999,0,1,0,0,0,1,0,-999.0,-999.0,-999.0,-999.0,0,-999.0,-999.0,-999.0,-999.0,-999.0,0,-999.0,-999.0,-999.0,0,0,-999.0,-999.0,-999.0,-999.0,0,-999.0,-999.0,-999.0,-999.0,-999.0,0,-999.0,-999.0,-999.0,0,0,-999.0,-999.0,-999.0,-999.0,0,-999.0,-999.0,-999.0,-999.0,-999.0,0,-999.0,-999.0,-999.0,0,0,0.9981849789619446,18.846399307250977,0.03550399839878082,-999.0,1,18.846399307250977,18.846399307250977,18.413799285888672,0.05881499871611595,-999.0,1,18.549999237060547,0.03550399839878082,-999.0,1,16777240,-999.0,-999.0,-999.0,-999.0,0,-999.0,-999.0,-999.0,-999.0,-999.0,0,-999.0,-999.0,-999.0,0,0,0.009819237528201248
PSO J139.6038+35.9014,-999,-999,-999,151081396038332334,3578835000187099,214022515515697,0,16486947752787,15108,1,2038,90,0.147174672360695,3578835,49831,3,1343750144,0,160,139.60383385,35.90144115,0.0010000000474974513,0.0010000000474974513,139.60383385,35.90144115,0.0010000000474974513,0.0010000000474974513,,,,,55629.26444444,-999.0,-0.6169016355808972,0.5249532708796383,0.5863927313758103,130.7920141279316,19.219643034920015,188.05953052883248,44.320346621444145,-999,1,0,0,0,0,0,0,-999.0,-999.0,-999.0,-999.0,0,-999.0,-999.0,-999.0,-999.0,-999.0,0,-999.0,-999.0,-999.0,0,16416,-999.0,-999.0,-999.0,-999.0,0,-999.0,-999.0,-999.0,-999.0,-999.0,0,-999.0,-999.0,-999.0,0,16416,-999.0,-999.0,-999.0,-999.0,0,-999.0,-999.0,-999.0,-999.0,-999.0,0,-999.0,-999.0,-999.0,0,114720,-999.0,-999.0,-999.0,-999.0,0,-999.0,-999.0,-999.0,-999.0,-999.0,0,-999.0,-999.0,-999.0,0,16416,-999.0,-999.0,-999.0,-999.0,0,-999.0,-999.0,-999.0,-999.0,-999.0,0,-999.0,-999.0,-999.0,0,16416,0.011311561660693708
PSO J139.6039+35.9030,-999,-999,-999,151081396039004178,3578835000025320,214022515352295,0,16486947882166,15108,1,2038,90,0.438126423804207,3578835,49831,3,268959744,0,32,-999.0,-999.0,-999.0,-999.0,139.6039003,35.90297806,-999.0,-999.0,,,,,-999.0,-999.0,-0.6168902648882835,0.5249423614516496,0.5864144594394217,130.7915459352558,19.22111597120586,188.05739520653694,44.32052301346552,-999,0,1,0,0,0,1,0,-999.0,-999.0,-999.0,-999.0,0,-999.0,-999.0,-999.0,-999.0,-999.0,0,-999.0,-999.0,-999.0,0,0,-999.0,-999.0,-999.0,-999.0,0,-999.0,-999.0,-999.0,-999.0,-999.0,0,-999.0,-999.0,-999.0,0,0,-999.0,-999.0,-999.0,-999.0,0,-999.0,-999.0,-999.0,-999.0,-999.0,0,-999.0,-999.0,-999.0,0,0,-999.0,-999.0,-999.0,-999.0,0,-999.0,-999.0,19.71820068359375,0.11653599888086319,-999.0,1,-999.0,-999.0,-999.0,0,24,-999.0,-999.0,-999.0,-999.0,0,-999.0,-999.0,-999.0,-999.0,-999.0,0,-999.0,-999.0,-999.0,0,0,0.010118973948739689
PSO J139.6040+35.9038,-999,-999,-999,151081396041295141,3578835000025387,214022515352362,0,16486947882924,15108,1,2038,90,0.556625395600335,3578835,49831,3,268513280,0,32,-999.0,-999.0,-999.0,-999.0,139.60404512,35.90382776,0.025350000709295273,0.025350000709295273,,,,,55250.27738426,-999.0,-0.6168849684914273,0.5249351662010812,0.5864264718912117,130.79137489919165,19.221958389118164,188.056224429993,44.32070778353765,-999,0,1,0,0,0,0,1,-999.0,-999.0,-999.0,-999.0,0,-999.0,-999.0,-999.0,-999.0,-999.0,0,-999.0,-999.0,-999.0,0,0,-999.0,-999.0,-999.0,-999.0,0,-999.0,-999.0,-999.0,-999.0,-999.0,0,-999.0,-999.0,-999.0,0,0,-999.0,-999.0,-999.0,-999.0,0,-999.0,-999.0,-999.0,-999.0,-999.0,0,-999.0,-999.0,-999.0,0,0,-999.0,-999.0,-999.0,-999.0,0,-999.0,-999.0,-999.0,-999.0,-999.0,0,-999.0,-999.0,-999.0,0,0,0.9974039793014526,16.317899703979492,0.020434999838471413,-999.0,1,16.317899703979492,16.317899703979492,17.114500045776367,0.054104000329971313,-999.0,1,16.966899871826172,0.020434999838471413,-999.0,1,16,0.009562504537656514
PSO J139.6045+35.9067,-999,-999,-999,151081396044868696,3578835000025475,214022515352450,0,16486947896532,15108,1,2038,90,0.399080928786733,3578835,49831,3,268513280,0,32,-999.0,-999.0,-999.0,-999.0,139.60451077,35.90674524,0.021250000223517418,0.021250000223517418,,,,,57033.55729167,-999.0,-0.6168664923557531,0.5249108005297839,0.5864677161582648,130.79076193669658,19.224842649040973,188.05220160664052,44.32131657929843,-999,0,1,0,0,1,0,0,-999.0,-999.0,-999.0,-999.0,0,-999.0,-999.0,-999.0,-999.0,-999.0,0,-999.0,-999.0,-999.0,0,0,-999.0,-999.0,-999.0,-999.0,0,-999.0,-999.0,-999.0,-999.0,-999.0,0,-999.0,-999.0,-999.0,0,0,0.9986060261726379,18.84320068359375,0.015052000060677528,-999.0,1,18.84320068359375,18.84320068359375,19.63759994506836,0.044822998344898224,-999.0,1,19.568500518798828,0.015052000060677528,-999.0,1,24,-999.0,-999.0,-999.0,-999.0,0,-999.0,-999.0,-999.0,-999.0,-999.0,0,-999.0,-999.0,-999.0,0,0,-999.0,-999.0,-999.0,-999.0,0,-999.0,-999.0,-999.0,-999.0,-999.0,0,-999.0,-999.0,-999.0,0,0,0.008042333039256439
PSO J139.6049+35.9026,-999,-999,-999,151081396047733817,3578835000025554,214022515352529,0,16486947882031,15108,1,2038,90,0.355003877873536,3578835,49831,3,436527232,7,52,139.60482468,35.90262425,0.0010000000474974513,0.0010000000474974513,139.6048548962901,35.90263352645682,0.004877107336390233,0.004877107336390233,-1.3140290347172465,-4.131214410768282,2.7884784325493657,2.7884784325493657,55762.3216524584,2.9104108810424805,-0.6169016963474341,0.5249343686618012,0.586409588633486,130.7924382463942,19.221034355565866,188.0579656802939,44.32126463833792,-999,5,110,28,30,38,14,0,0.9996749758720398,20.85919952392578,0.033778999000787735,0.17575299739837646,24,20.646900177001953,21.38520050048828,20.95639991760254,0.06328699737787247,0.30294498801231384,24,20.898099899291992,0.06278599798679352,0.34119099378585815,24,115000,0.9996709823608398,20.765399932861328,0.026612000539898872,0.14233200252056122,30,20.55620002746582,21.122100830078125,20.84819984436035,0.04094700142741203,0.24013499915599823,30,20.745800018310547,0.036587998270988464,0.21107399463653564,30,115000,0.9993150234222412,20.863500595092773,0.03979000076651573,0.21451500058174133,34,20.452899932861328,21.384700775146484,20.955699920654297,0.06567899882793427,0.3123610019683838,35,20.977800369262695,0.05196100100874901,0.2692669928073883,35,115000,0.9994109869003296,20.81679916381836,0.05174599960446358,0.22957700490951538,14,20.441699981689453,21.083900451660156,20.717300415039062,0.1024940013885498,0.5449129939079285,14,20.7731990814209,0.10118299722671509,0.5149660110473633,14,115000,-999.0,-999.0,-999.0,-999.0,0,-999.0,-999.0,-999.0,-999.0,-999.0,0,-999.0,-999.0,-999.0,0,114720,0.010885146923801516
PSO J139.6054+35.9025,-999,-999,-999,151081396053573585,3578835000025696,214022515352671,0,16486947881992,15108,1,2038,90,0.341365708356132,3578835,49831,3,268959744,0,32,-999.0,-999.0,-999.0,-999.0,139.60537458,35.9024887,0.04461999982595444,0.04461999982595444,,,,,55249.24679398,-999.0,-0.6169075864684419,0.5249297338024418,0.586407541158689,130.79291003619056,19.221035608415455,188.05821030008383,44.32167431508327,-999,0,1,0,0,0,1,0,-999.0,-999.0,-999.0,-999.0,0,-999.0,-999.0,-999.0,-999.0,-999.0,0,-999.0,-999.0,-999.0,0,0,-999.0,-999.0,-999.0,-999.0,0,-999.0,-999.0,-999.0,-999.0,-999.0,0,-999.0,-999.0,-999.0,0,0,-999.0,-999.0,-999.0,-999.0,0,-999.0,-999.0,-999.0,-999.0,-999.0,0,-999.0,-999.0,-999.0,0,0,0.7486680150032043,18.88089942932129,0.04202000051736832,-999.0,1,18.88089942932129,18.88089942932129,20.228900909423828,0.23148499429225922,-999.0,1,19.895999908447266,0.04202000051736832,-999.0,1,4120,-999.0,-999.0,-999.0,-999.0,0,-999.0,-999.0,-999.0,-999.0,-999.0,0,-999.0,-999.0,-999.0,0,0,0.011275719332549837
PSO J139.6056+35.9009,-999,-999,-999,151081396055451704,3578835000025747,214022515352722,0,16486947763286,15108,1,2038,90,0.153751935021721,3578835,49831,3,302067712,0,36,-999.0,-999.0,-999.0,-999.0,139.60557576,35.90091803,0.2074500024318695,0.2074500024318695,,,,,55650.25525463,-999.0,-0.6169216724430115,0.5249379850801762,0.5863853356710775,130.79360715866287,19.219600251985796,188.06041690464252,44.32171133061316,-999,0,1,0,0,0,1,0,-999.0,-999.0,-999.0,-999.0,0,-999.0,-999.0,-999.0,-999.0,-999.0,0,-999.0,-999.0,-999.0,0,0,-999.0,-999.0,-999.0,-999.0,0,-999.0,-999.0,-999.0,-999.0,-999.0,0,-999.0,-999.0,-999.0,0,0,-999.0,-999.0,-999.0,-999.0,0,-999.0,-999.0,-999.0,-999.0,-999.0,0,-999.0,-999.0,-999.0,0,0,0.9978309869766235,21.286699295043945,0.2069070041179657,-999.0,1,21.286699295043945,21.286699295043945,-999.0,-999.0,-999.0,1,22.018199920654297,0.2069070041179657,-999.0,1,280,-999.0,-999.0,-999.0,-999.0,0,-999.0,-999.0,-999.0,-999.0,-999.0,0,-999.0,-999.0,-999.0,0,0,0.012573352483118158
PSO J139.6056+35.9024,-999,-999,-999,151081396056253471,3578835000025769,214022515352744,0,16486947751937,15108,1,2038,90,0.394999101194552,3578835,49831,3,268513280,0,32,-999.0,-999.0,-999.0,-999.0,139.6056442,35.90239148,0.026890000328421593,0.026890000328421593,,,,,55249.24679398,-999.0,-0.6169108144629797,0.5249274755975334,0.5864061667150373,130.79316213178248,19.221013596465724,188.05837013011455,44.32188425237094,-999,0,1,0,0,0,1,0,-999.0,-999.0,-999.0,-999.0,0,-999.0,-999.0,-999.0,-999.0,-999.0,0,-999.0,-999.0,-999.0,0,0,-999.0,-999.0,-999.0,-999.0,0,-999.0,-999.0,-999.0,-999.0,-999.0,0,-999.0,-999.0,-999.0,0,0,-999.0,-999.0,-999.0,-999.0,0,-999.0,-999.0,-999.0,-999.0,-999.0,0,-999.0,-999.0,-999.0,0,0,0.99822998046875,18.299699783325195,0.022314999252557755,-999.0,1,18.299699783325195,18.299699783325195,18.96660041809082,0.060492001473903656,-999.0,1,18.83679962158203,0.022314999252557755,-999.0,1,24,-999.0,-999.0,-999.0,-999.0,0,-999.0,-999.0,-999.0,-999.0,-999.0,0,-999.0,-999.0,-999.0,0,0,0.011495966263978715
PSO J139.6061+35.9064,-999,-999,-999,151081396060458300,3578835000025874,214022515352849,0,16486947897229,15108,1,2038,90,0.877893292231386,3578835,49831,3,268513280,0,32,-999.0,-999.0,-999.0,-999.0,139.60606105,35.90641864,0.01590000092983246,0.01590000092983246,,,,,55902.66887731,-999.0,-0.6168832409480931,0.5248962758718612,0.5864630991061824,130.7921324553702,19.224936187653146,188.0527966785346,44.322542210386864,-999,0,1,0,0,0,0,1,-999.0,-999.0,-999.0,-999.0,0,-999.0,-999.0,-999.0,-999.0,-999.0,0,-999.0,-999.0,-999.0,0,0,-999.0,-999.0,-999.0,-999.0,0,-999.0,-999.0,-999.0,-999.0,-999.0,0,-999.0,-999.0,-999.0,0,0,-999.0,-999.0,-999.0,-999.0,0,-999.0,-999.0,-999.0,-999.0,-999.0,0,-999.0,-999.0,-999.0,0,0,-999.0,-999.0,-999.0,-999.0,0,-999.0,-999.0,-999.0,-999.0,-999.0,0,-999.0,-999.0,-999.0,0,0,0.9975630044937134,15.557700157165527,0.005278000142425299,-999.0,1,15.557700157165527,15.557700157165527,16.26059913635254,0.01092700008302927,-999.0,1,16.061399459838867,0.005278000142425299,-999.0,1,24,0.009300175477873266
PSO J139.6064+35.8996,-999,-999,-999,151081396063830054,3578835000025972,214022515352947,0,16486947763872,15108,1,2038,90,0.0971390102963327,3578835,49831,3,268513280,0,32,-999.0,-999.0,-999.0,-999.0,139.60642211,35.89955134,0.02711999975144863,0.02711999975144863,,,,,55250.271875,-999.0,-0.6169400791683621,0.5249379361394612,0.5863660136104225,130.79475917462574,19.218525763639896,188.06239766334951,44.32228555332688,-999,0,1,0,0,0,0,1,-999.0,-999.0,-999.0,-999.0,0,-999.0,-999.0,-999.0,-999.0,-999.0,0,-999.0,-999.0,-999.0,0,0,-999.0,-999.0,-999.0,-999.0,0,-999.0,-999.0,-999.0,-999.0,-999.0,0,-999.0,-999.0,-999.0,0,0,-999.0,-999.0,-999.0,-999.0,0,-999.0,-999.0,-999.0,-999.0,-999.0,0,-999.0,-999.0,-999.0,0,0,-999.0,-999.0,-999.0,-999.0,0,-999.0,-999.0,-999.0,-999.0,-999.0,0,-999.0,-999.0,-999.0,0,0,0.9969879984855652,17.05139923095703,0.02259800024330616,-999.0,1,17.05139923095703,17.05139923095703,17.230199813842773,0.03756299987435341,-999.0,1,17.018400192260742,0.02259800024330616,-999.0,1,16,0.014072952007359422
PSO J139.6064+35.8999,-999,-999,-999,151081396064070543,3578835000025981,214022515352956,0,16486947764079,15108,1,2038,90,0.7889322226764,3578835,49831,3,302067712,7,36,-999.0,-999.0,-999.0,-999.0,139.60642545899788,35.89995014919911,0.021893095872114143,0.021893095872114143,-1238650.348930805,-1628718.8841314137,471528.2435440397,471528.2435440397,55249.327188235526,1.5788289308547974,-0.616937001382008,0.524935255164786,0.5863716519502432,130.79462788842844,19.218899993507936,188.06184868754744,44.32231968351275,-999,0,5,2,2,1,0,0,0.9979010224342346,21.112600326538086,0.0840739980340004,0.12024799734354019,2,21.041200637817383,21.209400177001953,21.135799407958984,0.19285300374031067,0.2780520021915436,2,21.089399337768555,0.20117999613285065,0.3028460144996643,2,1048,0.9991610050201416,20.740299224853516,0.05402800068259239,0.07712099701166153,2,20.693599700927734,20.801700592041016,20.564899444580078,0.07540600001811981,0.10680899769067764,2,20.586700439453125,0.04443499818444252,0.0634090006351471,2,1048,0.9977530241012573,20.459999084472656,0.10905099660158157,-999.0,1,20.459999084472656,20.459999084472656,20.372100830078125,0.16618800163269043,-999.0,1,20.30579948425293,0.10905099660158157,-999.0,1,1048,-999.0,-999.0,-999.0,-999.0,0,-999.0,-999.0,-999.0,-999.0,-999.0,0,-999.0,-999.0,-999.0,0,0,-999.0,-999.0,-999.0,-999.0,0,-999.0,-999.0,-999.0,-999.0,-999.0,0,-999.0,-999.0,-999.0,0,0,0.013759384054468917
PSO J139.6065+35.9005,-999,-999,-999,151081396064521222,3578835000025997,214022515352972,0,16486947764036,15108,1,2038,90,0.543854836881026,3578835,49831,3,268513280,0,32,-999.0,-999.0,-999.0,-999.0,139.60649126,35.90052089,0.015939999371767044,0.015939999371767044,,,,,55972.33878472,-999.0,-0.6169331556147133,0.5249307614384935,0.5863797209990087,130.7944859364274,19.21946203053797,188.0610530295213,44.32241883015404,-999,0,1,1,0,0,0,0,0.9989060163497925,17.960599899291992,0.005379999987781048,-999.0,1,17.960599899291992,17.960599899291992,18.886899948120117,0.019727999344468117,-999.0,1,18.818300247192383,0.005379999987781048,-999.0,1,16,-999.0,-999.0,-999.0,-999.0,0,-999.0,-999.0,-999.0,-999.0,-999.0,0,-999.0,-999.0,-999.0,0,0,-999.0,-999.0,-999.0,-999.0,0,-999.0,-999.0,-999.0,-999.0,-999.0,0,-999.0,-999.0,-999.0,0,0,-999.0,-999.0,-999.0,-999.0,0,-999.0,-999.0,-999.0,-999.0,-999.0,0,-999.0,-999.0,-999.0,0,0,-999.0,-999.0,-999.0,-999.0,0,-999.0,-999.0,-999.0,-999.0,-999.0,0,-999.0,-999.0,-999.0,0,0,0.01335026798049849
PSO J139.6070+35.9025,-999,-999,-999,151081396070273579,3578835000026156,214022515353131,0,16486947887123,15108,1,2038,90,0.855123533732373,3578835,49831,3,268959744,0,32,-999.0,-999.0,-999.0,-999.0,139.60702722,35.90247941,-999.0,-999.0,,,,,-999.0,-999.0,-0.6169227997051512,0.5249120011107297,0.5864074098217785,130.79425594163473,19.221456301025825,188.05837262697239,44.32300796578513,-999,0,1,0,0,0,1,0,-999.0,-999.0,-999.0,-999.0,0,-999.0,-999.0,-999.0,-999.0,-999.0,0,-999.0,-999.0,-999.0,0,0,-999.0,-999.0,-999.0,-999.0,0,-999.0,-999.0,-999.0,-999.0,-999.0,0,-999.0,-999.0,-999.0,0,0,-999.0,-999.0,-999.0,-999.0,0,-999.0,-999.0,-999.0,-999.0,-999.0,0,-999.0,-999.0,-999.0,0,0,-999.0,-999.0,-999.0,-999.0,0,-999.0,-999.0,-999.0,-999.0,-999.0,1,-999.0,-999.0,-999.0,0,24,-999.0,-999.0,-999.0,-999.0,0,-999.0,-999.0,-999.0,-999.0,-999.0,0,-999.0,-999.0,-999.0,0,0,0.01223243512855843
PSO J139.6087+35.9138,-999,-999,-999,151091396089047161,3578835000026793,214022515353768,0,16486947889723,15109,1,2038,90,0.688886672899953,3578835,49831,3,268959744,0,32,-999.0,-999.0,-999.0,-999.0,139.6086673,35.91378004,0.13711999356746674,0.13711999356746674,,,,,56619.5671875,-999.0,-0.6168497228464924,0.5248193838157496,0.5865671605157098,130.7917483737726,19.232585671136068,188.04277467315782,44.325233063779436,-999,0,2,0,0,1,0,1,-999.0,-999.0,-999.0,-999.0,0,-999.0,-999.0,-999.0,-999.0,-999.0,0,-999.0,-999.0,-999.0,0,0,-999.0,-999.0,-999.0,-999.0,0,-999.0,-999.0,-999.0,-999.0,-999.0,0,-999.0,-999.0,-999.0,0,0,0.6787350177764893,21.117900848388672,0.1557680070400238,-999.0,1,21.117900848388672,21.117900848388672,-999.0,-999.0,-999.0,0,22.618900299072266,0.1557680070400238,-999.0,1,4120,-999.0,-999.0,-999.0,-999.0,0,-999.0,-999.0,-999.0,-999.0,-999.0,0,-999.0,-999.0,-999.0,0,0,0.6241850256919861,19.101600646972656,0.2841919958591461,-999.0,1,19.101600646972656,19.101600646972656,-999.0,-999.0,-999.0,0,18.97410011291504,0.2841919958591461,-999.0,1,4112,0.01077524381706476
PSO J139.6090+35.9123,-999,-999,-999,151091396089875330,3578835000026815,214022515353790,0,16486947891697,15109,1,2038,90,0.864500980698039,3578835,49831,3,268959744,0,32,-999.0,-999.0,-999.0,-999.0,139.60900411,35.91227262,0.24612000584602356,0.24612000584602356,,,,,57033.58118056,-999.0,-0.6168645615683017,0.5248257576132862,0.586545852279928,130.79253427841732,19.231245486438795,188.04490549383098,44.32538494399873,-999,0,1,0,0,1,0,0,-999.0,-999.0,-999.0,-999.0,0,-999.0,-999.0,-999.0,-999.0,-999.0,0,-999.0,-999.0,-999.0,0,0,-999.0,-999.0,-999.0,-999.0,0,-999.0,-999.0,-999.0,-999.0,-999.0,0,-999.0,-999.0,-999.0,0,0,0.6187959909439087,21.67169952392578,0.24566400051116943,-999.0,1,21.67169952392578,21.67169952392578,-999.0,-999.0,-999.0,0,-999.0,-999.0,-999.0,0,4120,-999.0,-999.0,-999.0,-999.0,0,-999.0,-999.0,-999.0,-999.0,-999.0,0,-999.0,-999.0,-999.0,0,0,-999.0,-999.0,-999.0,-999.0,0,-999.0,-999.0,-999.0,-999.0,-999.0,0,-999.0,-999.0,-999.0,0,0,0.01072199429277547
PSO J139.6091+35.9108,-999,-999,-999,151091396090883540,3578835000026843,214022515353818,0,16486947892170,15109,1,2038,90,0.837550865334972,3578835,49831,3,268959744,0,32,-999.0,-999.0,-999.0,-999.0,139.60909939,35.91078759,0.2901799976825714,0.2901799976825714,,,,,55918.63284722,-999.0,-0.6168770129578927,0.5248345828153744,0.5865248601424834,130.7931163439982,19.229863739876553,188.04698334196334,44.32534357783295,-999,0,1,0,1,0,0,0,-999.0,-999.0,-999.0,-999.0,0,-999.0,-999.0,-999.0,-999.0,-999.0,0,-999.0,-999.0,-999.0,0,0,0.5743160247802734,22.260099411010742,0.2897869944572449,-999.0,1,22.260099411010742,22.260099411010742,21.851299285888672,0.2768299877643585,-999.0,1,22.431800842285156,0.2897869944572449,-999.0,1,4120,-999.0,-999.0,-999.0,-999.0,0,-999.0,-999.0,-999.0,-999.0,-999.0,0,-999.0,-999.0,-999.0,0,0,-999.0,-999.0,-999.0,-999.0,0,-999.0,-999.0,-999.0,-999.0,-999.0,0,-999.0,-999.0,-999.0,0,0,-999.0,-999.0,-999.0,-999.0,0,-999.0,-999.0,-999.0,-999.0,-999.0,0,-999.0,-999.0,-999.0,0,0,0.010690666723172038
PSO J139.6092+35.9111,-999,-999,-999,151091396091113907,3578835000026852,214022515353827,0,16486947892216,15109,1,2038,90,0.765316688237075,3578835,49831,3,268959744,0,32,-999.0,-999.0,-999.0,-999.0,139.60917121,35.91105117,0.2737700045108795,0.2737700045108795,,,,,55903.56032407,-999.0,-0.6168756157561226,0.5248320611201917,0.5865285860943489,130.79308512128392,19.2301320474639,188.04662254483085,44.32542256018259,-999,0,1,0,0,0,0,1,-999.0,-999.0,-999.0,-999.0,0,-999.0,-999.0,-999.0,-999.0,-999.0,0,-999.0,-999.0,-999.0,0,0,-999.0,-999.0,-999.0,-999.0,0,-999.0,-999.0,-999.0,-999.0,-999.0,0,-999.0,-999.0,-999.0,0,0,-999.0,-999.0,-999.0,-999.0,0,-999.0,-999.0,-999.0,-999.0,-999.0,0,-999.0,-999.0,-999.0,0,0,-999.0,-999.0,-999.0,-999.0,0,-999.0,-999.0,-999.0,-999.0,-999.0,0,-999.0,-999.0,-999.0,0,0,0.6215519905090332,20.224899291992188,0.27336299419403076,-999.0,1,20.224899291992188,20.224899291992188,-999.0,-999.0,-999.0,0,21.105899810791016,0.27336299419403076,-999.0,1,4120,0.010752970430201987
PSO J139.6097+35.9089,-999,-999,-999,151091396097211301,3578835000026995,214022515353970,0,16486947893453,15109,1,2038,90,0.720004413016145,3578835,49831,3,268959744,0,32,-999.0,-999.0,-999.0,-999.0,139.60973418,35.90891519,0.244609996676445,0.244609996676445,,,,,55250.31699074,-999.0,-0.6168974261185358,0.5248401682851683,0.5864983916454689,130.79426836243954,19.228255314807377,188.04964963071336,44.32570689186026,-999,0,1,0,1,0,0,0,-999.0,-999.0,-999.0,-999.0,0,-999.0,-999.0,-999.0,-999.0,-999.0,0,-999.0,-999.0,-999.0,0,0,0.7068290114402771,21.60569953918457,0.2441519945859909,-999.0,1,21.60569953918457,21.60569953918457,-999.0,-999.0,-999.0,1,22.163799285888672,0.2441519945859909,-999.0,1,4120,-999.0,-999.0,-999.0,-999.0,0,-999.0,-999.0,-999.0,-999.0,-999.0,0,-999.0,-999.0,-999.0,0,0,-999.0,-999.0,-999.0,-999.0,0,-999.0,-999.0,-999.0,-999.0,-999.0,0,-999.0,-999.0,-999.0,0,0,-999.0,-999.0,-999.0,-999.0,0,-999.0,-999.0,-999.0,-999.0,-999.0,0,-999.0,-999.0,-999.0,0,0,0.011354101903188885
PSO J139.6098+35.9104,-999,-999,-999,151091396098123045,3578835000027024,214022515353999,0,16486947891406,15109,1,2038,90,0.952832988419414,3578835,49831,3,268959744,0,32,-999.0,-999.0,-999.0,-999.0,139.60982159,35.91037669,0.2738099992275238,0.2738099992275238,,,,,55901.65012731,-999.0,-0.6168868320346697,0.5248295328042917,0.5865190516587319,130.79384272138705,19.229662253061203,188.04762103660224,44.325893917037824,-999,0,1,0,0,0,1,0,-999.0,-999.0,-999.0,-999.0,0,-999.0,-999.0,-999.0,-999.0,-999.0,0,-999.0,-999.0,-999.0,0,0,-999.0,-999.0,-999.0,-999.0,0,-999.0,-999.0,-999.0,-999.0,-999.0,0,-999.0,-999.0,-999.0,0,0,-999.0,-999.0,-999.0,-999.0,0,-999.0,-999.0,-999.0,-999.0,-999.0,0,-999.0,-999.0,-999.0,0,0,0.7588580250740051,21.625,0.27339398860931396,-999.0,1,21.625,21.625,20.879600524902344,0.21558399498462677,-999.0,1,21.096399307250977,0.27339398860931396,-999.0,1,4120,-999.0,-999.0,-999.0,-999.0,0,-999.0,-999.0,-999.0,-999.0,-999.0,0,-999.0,-999.0,-999.0,0,0,0.011281740443175849
PSO J139.6100+35.9081,-999,-999,-999,151091396099770369,3578835000027065,214022515354040,0,16486947893385,15109,1,2038,90,0.39998938459902,3578835,49831,3,268959744,0,32,-999.0,-999.0,-999.0,-999.0,139.60998993,35.90813855,0.24041999876499176,0.24041999876499176,,,,,55250.31699074,-999.0,-0.616905823857537,0.5248425660590966,0.5864874127746958,130.79474006632762,19.22758620606172,188.05075489017725,44.32585148150325,-999,0,1,0,1,0,0,0,-999.0,-999.0,-999.0,-999.0,0,-999.0,-999.0,-999.0,-999.0,-999.0,0,-999.0,-999.0,-999.0,0,0,0.710328996181488,21.58609962463379,0.23994800448417664,-999.0,1,21.58609962463379,21.58609962463379,-999.0,-999.0,-999.0,1,21.368600845336914,0.23994800448417664,-999.0,1,4120,-999.0,-999.0,-999.0,-999.0,0,-999.0,-999.0,-999.0,-999.0,-999.0,0,-999.0,-999.0,-999.0,0,0,-999.0,-999.0,-999.0,-999.0,0,-999.0,-999.0,-999.0,-999.0,-999.0,0,-999.0,-999.0,-999.0,0,0,-999.0,-999.0,-999.0,-999.0,0,-999.0,-999.0,-999.0,-999.0,-999.0,0,-999.0,-999.0,-999.0,0,0,0.011707047751644882
PSO J139.6101+35.9095,-999,-999,-999,151091396100232006,3578835000027077,214022515354052,0,16486947893346,15109,1,2038,90,0.952640866816641,3578835,49831,3,268513280,0,32,-999.0,-999.0,-999.0,-999.0,139.61006242,35.90950962,0.02993999980390072,0.02993999980390072,,,,,55250.26778935,-999.0,-0.6168957983297151,0.5248326912704887,0.5865067946553726,130.79433303684903,19.228903618695067,188.04885095525628,44.32601927178059,-999,0,1,0,0,0,0,1,-999.0,-999.0,-999.0,-999.0,0,-999.0,-999.0,-999.0,-999.0,-999.0,0,-999.0,-999.0,-999.0,0,0,-999.0,-999.0,-999.0,-999.0,0,-999.0,-999.0,-999.0,-999.0,-999.0,0,-999.0,-999.0,-999.0,0,0,-999.0,-999.0,-999.0,-999.0,0,-999.0,-999.0,-999.0,-999.0,-999.0,0,-999.0,-999.0,-999.0,0,0,-999.0,-999.0,-999.0,-999.0,0,-999.0,-999.0,-999.0,-999.0,-999.0,0,-999.0,-999.0,-999.0,0,0,0.9993730187416077,17.02359962463379,0.025906000286340714,-999.0,1,17.02359962463379,17.02359962463379,17.39579963684082,0.052000999450683594,-999.0,1,17.2096004486084,0.025906000286340714,-999.0,1,16,0.011537550744614834
PSO J139.6102+35.9133,-999,-999,-999,151091396101886621,3578835000027127,214022515354102,0,16486947937810,15109,1,2038,90,0.0498853689524209,3578835,49831,3,302067712,0,36,-999.0,-999.0,-999.0,-999.0,139.61021831,35.91334728,0.0710500031709671,0.0710500031709671,,,,,55250.25306713,-999.0,-0.6168673040107749,0.5248055561677869,0.5865610432494628,130.79315551232108,19.232578865010748,188.043517495942,44.326450788264225,-999,0,1,0,0,0,1,0,-999.0,-999.0,-999.0,-999.0,0,-999.0,-999.0,-999.0,-999.0,-999.0,0,-999.0,-999.0,-999.0,0,0,-999.0,-999.0,-999.0,-999.0,0,-999.0,-999.0,-999.0,-999.0,-999.0,0,-999.0,-999.0,-999.0,0,0,-999.0,-999.0,-999.0,-999.0,0,-999.0,-999.0,-999.0,-999.0,-999.0,0,-999.0,-999.0,-999.0,0,0,0.8708009719848633,19.31089973449707,0.06944900006055832,-999.0,1,19.31089973449707,19.31089973449707,-999.0,-999.0,-999.0,0,-999.0,-999.0,-999.0,0,280,-999.0,-999.0,-999.0,-999.0,0,-999.0,-999.0,-999.0,-999.0,-999.0,0,-999.0,-999.0,-999.0,0,0,0.011883956467371346
PSO J139.6104+35.9093,-999,-999,-999,151091396103941817,3578835000027167,214022515354142,0,16486947893481,15109,1,2038,90,0.855695179529204,3578835,49831,3,268959744,0,32,-999.0,-999.0,-999.0,-999.0,139.61040616,35.909339,0.19453999400138855,0.19453999400138855,,,,,55250.27738426,-999.0,-0.616900277262629,0.5248301219877696,0.5865043827351969,130.7946702878216,19.228831354031552,188.04911971166118,44.32628320209244,-999,0,1,0,0,0,0,1,-999.0,-999.0,-999.0,-999.0,0,-999.0,-999.0,-999.0,-999.0,-999.0,0,-999.0,-999.0,-999.0,0,0,-999.0,-999.0,-999.0,-999.0,0,-999.0,-999.0,-999.0,-999.0,-999.0,0,-999.0,-999.0,-999.0,0,0,-999.0,-999.0,-999.0,-999.0,0,-999.0,-999.0,-999.0,-999.0,-999.0,0,-999.0,-999.0,-999.0,0,0,-999.0,-999.0,-999.0,-999.0,0,-999.0,-999.0,-999.0,-999.0,-999.0,0,-999.0,-999.0,-999.0,0,0,0.6407560110092163,18.706100463867188,0.1939619928598404,-999.0,1,18.706100463867188,18.706100463867188,-999.0,-999.0,-999.0,0,19.92919921875,0.1939619928598404,-999.0,1,4112,0.011833525469762978
PSO J139.6106+35.9137,-999,-999,-999,151091396105587004,3578835000027217,214022515354192,0,16486947938023,15109,1,2038,90,0.729927194984562,3578835,49831,3,268513280,0,32,-999.0,-999.0,-999.0,-999.0,139.61058984,35.91370288,0.044349998235702515,0.044349998235702515,,,,,55250.25306713,-999.0,-0.6168679342857848,0.524799197198078,0.5865660698252514,130.79333650108458,19.233012214372494,188.04305547274618,44.326779045599544,-999,0,2,0,0,0,1,1,-999.0,-999.0,-999.0,-999.0,0,-999.0,-999.0,-999.0,-999.0,-999.0,0,-999.0,-999.0,-999.0,0,0,-999.0,-999.0,-999.0,-999.0,0,-999.0,-999.0,-999.0,-999.0,-999.0,0,-999.0,-999.0,-999.0,0,0,-999.0,-999.0,-999.0,-999.0,0,-999.0,-999.0,-999.0,-999.0,-999.0,0,-999.0,-999.0,-999.0,0,0,0.9899929761886597,18.829200744628906,0.041735000908374786,-999.0,1,18.829200744628906,18.829200744628906,19.283599853515625,0.08700799942016602,-999.0,1,19.163000106811523,0.041735000908374786,-999.0,1,24,0.686926007270813,19.865400314331055,0.3131349980831146,-999.0,1,19.865400314331055,19.865400314331055,-999.0,-999.0,-999.0,0,20.422199249267578,0.3131349980831146,-999.0,1,4112,0.01225850915281968
PSO J139.6107+35.9161,-999,-999,-999,151091396106749955,3578835000027242,214022515354217,0,16486947934936,15109,1,2038,90,0.203649245392204,3578835,49831,3,268959744,0,32,-999.0,-999.0,-999.0,-999.0,139.61068431,35.91613501,0.23091000318527222,0.23091000318527222,,,,,55901.65012731,-999.0,-0.6168498345090366,0.5247820456540048,0.5866004485383318,130.79258668380425,19.235340282076958,188.0396749212026,44.327048870389355,-999,0,1,0,0,0,1,0,-999.0,-999.0,-999.0,-999.0,0,-999.0,-999.0,-999.0,-999.0,-999.0,0,-999.0,-999.0,-999.0,0,0,-999.0,-999.0,-999.0,-999.0,0,-999.0,-999.0,-999.0,-999.0,-999.0,0,-999.0,-999.0,-999.0,0,0,-999.0,-999.0,-999.0,-999.0,0,-999.0,-999.0,-999.0,-999.0,-999.0,0,-999.0,-999.0,-999.0,0,0,0.24458099901676178,21.328899383544922,0.23042500019073486,-999.0,1,21.328899383544922,21.328899383544922,21.059799194335938,0.21827900409698486,-999.0,1,21.064899444580078,0.23042500019073486,-999.0,1,4120,-999.0,-999.0,-999.0,-999.0,0,-999.0,-999.0,-999.0,-999.0,-999.0,0,-999.0,-999.0,-999.0,0,0,0.013129050019484605
PSO J139.6109+35.9091,-999,-999,-999,151091396108711558,3578835000027291,214022515354266,0,16486947893285,15109,1,2038,90,0.973613612329227,3578835,49831,3,268959744,0,32,-999.0,-999.0,-999.0,-999.0,139.61089046,35.90912532,0.2632400095462799,0.2632400095462799,,,,,55650.26423611,-999.0,-0.6169063794289992,0.5248263248654201,0.5865013621024765,130.79513636980946,19.228754837093373,188.04946115112443,44.32665718637085,-999,0,1,0,0,0,1,0,-999.0,-999.0,-999.0,-999.0,0,-999.0,-999.0,-999.0,-999.0,-999.0,0,-999.0,-999.0,-999.0,0,0,-999.0,-999.0,-999.0,-999.0,0,-999.0,-999.0,-999.0,-999.0,-999.0,0,-999.0,-999.0,-999.0,0,0,-999.0,-999.0,-999.0,-999.0,0,-999.0,-999.0,-999.0,-999.0,-999.0,0,-999.0,-999.0,-999.0,0,0,0.8105530142784119,21.41160011291504,0.262813001871109,-999.0,1,21.41160011291504,21.41160011291504,-999.0,-999.0,-999.0,1,21.80929946899414,0.262813001871109,-999.0,1,4120,-999.0,-999.0,-999.0,-999.0,0,-999.0,-999.0,-999.0,-999.0,-999.0,0,-999.0,-999.0,-999.0,0,0,0.012249591829500892
PSO J139.6109+35.9150,-999,-999,-999,151091396109128587,3578835000027307,214022515354282,0,16486947938060,15109,1,2038,90,0.178201594555938,3578835,49831,3,268959744,0,32,-999.0,-999.0,-999.0,-999.0,139.61092208,35.91499504,0.2800599932670593,0.2800599932670593,,,,,55901.65012731,-999.0,-0.6168609016185547,0.5247870483013559,0.5865843349336003,130.79316727537991,19.23432238670922,188.041284843889,44.32715011699547,-999,0,1,0,0,0,1,0,-999.0,-999.0,-999.0,-999.0,0,-999.0,-999.0,-999.0,-999.0,-999.0,0,-999.0,-999.0,-999.0,0,0,-999.0,-999.0,-999.0,-999.0,0,-999.0,-999.0,-999.0,-999.0,-999.0,0,-999.0,-999.0,-999.0,0,0,-999.0,-999.0,-999.0,-999.0,0,-999.0,-999.0,-999.0,-999.0,-999.0,0,-999.0,-999.0,-999.0,0,0,0.5734590291976929,21.268400192260742,0.2796579897403717,-999.0,1,21.268400192260742,21.268400192260742,-999.0,-999.0,-999.0,0,21.429399490356445,0.2796579897403717,-999.0,1,4120,-999.0,-999.0,-999.0,-999.0,0,-999.0,-999.0,-999.0,-999.0,-999.0,0,-999.0,-999.0,-999.0,0,0,0.012885838789757062
PSO J139.6120+35.9115,-999,-999,-999,151091396119814356,3578835000027589,214022515354564,0,16486947936166,15109,1,2038,90,0.147080996210762,3578835,49831,3,310456320,0,37,-999.0,-999.0,-999.0,-999.0,139.61200196,35.91145937,0.16610999405384064,0.16610999405384064,,,,,55918.63284722,-999.0,-0.6168983619966566,0.5247988755448054,0.5865343563617992,130.79524619266994,19.231254332305205,188.04630900157355,44.32774048751006,-999,0,1,0,1,0,0,0,-999.0,-999.0,-999.0,-999.0,0,-999.0,-999.0,-999.0,-999.0,-999.0,0,-999.0,-999.0,-999.0,0,0,0.9880959987640381,21.589000701904297,0.16543400287628174,-999.0,1,21.589000701904297,21.589000701904297,19.868200302124023,0.09378699958324432,-999.0,1,20.419700622558594,0.16543400287628174,-999.0,1,16777496,-999.0,-999.0,-999.0,-999.0,0,-999.0,-999.0,-999.0,-999.0,-999.0,0,-999.0,-999.0,-999.0,0,0,-999.0,-999.0,-999.0,-999.0,0,-999.0,-999.0,-999.0,-999.0,-999.0,0,-999.0,-999.0,-999.0,0,0,-999.0,-999.0,-999.0,-999.0,0,-999.0,-999.0,-999.0,-999.0,-999.0,0,-999.0,-999.0,-999.0,0,0,0.013060706236321874
PSO J139.6124+35.9158,-999,-999,-999,151091396123759627,3578835000027691,214022515354666,0,16486947937681,15109,1,2038,90,0.784956794963178,3578835,49831,3,310456320,0,37,-999.0,-999.0,-999.0,-999.0,139.6123957,35.91584881,0.16327999532222748,0.16327999532222748,,,,,55918.63284722,-999.0,-0.6168677409757912,0.5247655190885958,0.586596403090831,130.79407429118083,19.23551397451724,188.04022787802634,44.3284077249482,-999,0,1,0,1,0,0,0,-999.0,-999.0,-999.0,-999.0,0,-999.0,-999.0,-999.0,-999.0,-999.0,0,-999.0,-999.0,-999.0,0,0,0.9912340044975281,21.50550079345703,0.16259199380874634,-999.0,1,21.50550079345703,21.50550079345703,19.659400939941406,0.08754400163888931,-999.0,1,20.242399215698242,0.16259199380874634,-999.0,1,16777496,-999.0,-999.0,-999.0,-999.0,0,-999.0,-999.0,-999.0,-999.0,-999.0,0,-999.0,-999.0,-999.0,0,0,-999.0,-999.0,-999.0,-999.0,0,-999.0,-999.0,-999.0,-999.0,-999.0,0,-999.0,-999.0,-999.0,0,0,-999.0,-999.0,-999.0,-999.0,0,-999.0,-999.0,-999.0,-999.0,-999.0,0,-999.0,-999.0,-999.0,0,0,0.01429987235579627
PSO J139.6124+35.9129,-999,-999,-999,151091396124286131,3578835000027701,214022515354676,0,16486947935614,15109,1,2038,90,0.43260196171012,3578835,49831,3,277348352,0,33,-999.0,-999.0,-999.0,-999.0,139.6124358,35.91294914,0.17082999646663666,0.17082999646663666,,,,,55918.62197917,-999.0,-0.616890719369602,0.5247843224698622,0.5865554153236526,130.7950923549278,19.2327780712136,188.04427214830167,44.32820935446536,-999,0,1,0,1,0,0,0,-999.0,-999.0,-999.0,-999.0,0,-999.0,-999.0,-999.0,-999.0,-999.0,0,-999.0,-999.0,-999.0,0,0,0.7787600159645081,21.234100341796875,0.17017099261283875,-999.0,1,21.234100341796875,21.234100341796875,-999.0,-999.0,-999.0,0,20.601299285888672,0.17017099261283875,-999.0,1,16781336,-999.0,-999.0,-999.0,-999.0,0,-999.0,-999.0,-999.0,-999.0,-999.0,0,-999.0,-999.0,-999.0,0,0,-999.0,-999.0,-999.0,-999.0,0,-999.0,-999.0,-999.0,-999.0,-999.0,0,-999.0,-999.0,-999.0,0,0,-999.0,-999.0,-999.0,-999.0,0,-999.0,-999.0,-999.0,-999.0,-999.0,0,-999.0,-999.0,-999.0,0,0,0.013572034480805873
PSO J139.6125+35.9105,-999,-999,-999,151091396124533227,3578835000027706,214022515354681,0,16486947942545,15109,1,2038,90,0.22350635959162,3578835,49831,3,268959744,0,32,-999.0,-999.0,-999.0,-999.0,139.61246392,35.91052865,0.28828999400138855,0.28828999400138855,,,,,55902.66887731,-999.0,-0.6169098502848659,0.5248000751168745,0.586521199769307,130.79593780689288,19.230492889907183,188.04764758613538,44.32803933582212,-999,0,1,0,0,0,0,1,-999.0,-999.0,-999.0,-999.0,0,-999.0,-999.0,-999.0,-999.0,-999.0,0,-999.0,-999.0,-999.0,0,0,-999.0,-999.0,-999.0,-999.0,0,-999.0,-999.0,-999.0,-999.0,-999.0,0,-999.0,-999.0,-999.0,0,0,-999.0,-999.0,-999.0,-999.0,0,-999.0,-999.0,-999.0,-999.0,-999.0,0,-999.0,-999.0,-999.0,0,0,-999.0,-999.0,-999.0,-999.0,0,-999.0,-999.0,-999.0,-999.0,-999.0,0,-999.0,-999.0,-999.0,0,0,0.6472560167312622,20.212900161743164,0.287898987531662,-999.0,1,20.212900161743164,20.212900161743164,-999.0,-999.0,-999.0,0,20.332700729370117,0.287898987531662,-999.0,1,4120,0.013417487076014626
PSO J139.6125+35.9121,-999,-999,-999,151091396125495106,3578835000187206,214022515515804,0,16486947935654,15109,1,2038,90,0.452567537736676,3578835,49831,3,1343750144,0,160,139.61254921,35.91208348,0.0010000000474974513,0.0010000000474974513,139.61254921,35.91208348,0.0010000000474974513,0.0010000000474974513,,,,,55693.10107639,-999.0,-0.6168985080862077,0.5247888435360781,0.5865431786501969,130.79547869042975,19.231987663834825,188.04548865269106,44.32823200245008,-999,2,0,0,0,0,0,0,-999.0,-999.0,-999.0,-999.0,0,-999.0,-999.0,-999.0,-999.0,-999.0,0,-999.0,-999.0,-999.0,0,16416,-999.0,-999.0,-999.0,-999.0,0,-999.0,-999.0,-999.0,-999.0,-999.0,0,-999.0,-999.0,-999.0,0,16416,-999.0,-999.0,-999.0,-999.0,0,-999.0,-999.0,-999.0,-999.0,-999.0,0,-999.0,-999.0,-999.0,0,16416,-999.0,-999.0,-999.0,-999.0,0,-999.0,-999.0,-999.0,-999.0,-999.0,0,-999.0,-999.0,-999.0,0,114720,-999.0,-999.0,-999.0,-999.0,0,-999.0,-999.0,-999.0,-999.0,-999.0,0,-999.0,-999.0,-999.0,0,16416,0.013550380670401964
PSO J139.6131+35.9092,-999,-999,-999,151091396130581673,3578835000027846,214022515354821,0,16486947940502,15109,1,2038,90,0.747779718365315,3578835,49831,3,268959744,0,32,-999.0,-999.0,-999.0,-999.0,139.61306795,35.90922166,0.19412000477313995,0.19412000477313995,,,,,55250.34422454,-999.0,-0.6169255735222626,0.5248022403604833,0.5865027239892794,130.79687272037435,19.229412000978815,188.0495233213316,44.328422908828635,-999,0,1,1,0,0,0,0,0.6934369802474976,21.261199951171875,0.1935350000858307,-999.0,1,21.261199951171875,21.261199951171875,-999.0,-999.0,-999.0,0,24.127199172973633,0.1935350000858307,-999.0,1,4120,-999.0,-999.0,-999.0,-999.0,0,-999.0,-999.0,-999.0,-999.0,-999.0,0,-999.0,-999.0,-999.0,0,0,-999.0,-999.0,-999.0,-999.0,0,-999.0,-999.0,-999.0,-999.0,-999.0,0,-999.0,-999.0,-999.0,0,0,-999.0,-999.0,-999.0,-999.0,0,-999.0,-999.0,-999.0,-999.0,-999.0,0,-999.0,-999.0,-999.0,0,0,-999.0,-999.0,-999.0,-999.0,0,-999.0,-999.0,-999.0,-999.0,-999.0,0,-999.0,-999.0,-999.0,0,0,0.013988739701532481
PSO J139.6131+35.9154,-999,-999,-999,151091396131119126,3578835000027863,214022515354838,0,16486947936588,15109,1,2038,90,0.178555838930007,3578835,49831,3,268959744,0,32,-999.0,-999.0,-999.0,-999.0,139.61312133,35.91544459,0.16582000255584717,0.16582000255584717,,,,,55901.65012731,-999.0,-0.6168775390530022,0.5247603881006475,0.5865906894013657,130.79480117827305,19.23531971320299,188.04085651276793,44.32896138033114,-999,0,1,0,0,0,1,0,-999.0,-999.0,-999.0,-999.0,0,-999.0,-999.0,-999.0,-999.0,-999.0,0,-999.0,-999.0,-999.0,0,0,-999.0,-999.0,-999.0,-999.0,0,-999.0,-999.0,-999.0,-999.0,-999.0,0,-999.0,-999.0,-999.0,0,0,-999.0,-999.0,-999.0,-999.0,0,-999.0,-999.0,-999.0,-999.0,-999.0,0,-999.0,-999.0,-999.0,0,0,0.36863601207733154,20.204999923706055,0.16513599455356598,-999.0,1,20.204999923706055,20.204999923706055,19.052099227905273,0.07682599872350693,-999.0,1,20.682600021362305,0.16513599455356598,-999.0,1,4120,-999.0,-999.0,-999.0,-999.0,0,-999.0,-999.0,-999.0,-999.0,-999.0,0,-999.0,-999.0,-999.0,0,0,0.014716559072897973
PSO J139.6134+35.9107,-999,-999,-999,151091396134343442,3578835000027940,214022515354915,0,16486947943261,15109,1,2038,90,0.593994384253392,3578835,49831,3,268959744,0,32,-999.0,-999.0,-999.0,-999.0,139.61344443,35.91070809,0.267659991979599,0.267659991979599,,,,,55902.66887731,-999.0,-0.6169174320299117,0.5247883275913202,0.5865237363325756,130.79667342563917,19.230917671705704,188.04748594679938,44.3288452507705,-999,0,1,0,0,0,0,1,-999.0,-999.0,-999.0,-999.0,0,-999.0,-999.0,-999.0,-999.0,-999.0,0,-999.0,-999.0,-999.0,0,0,-999.0,-999.0,-999.0,-999.0,0,-999.0,-999.0,-999.0,-999.0,-999.0,0,-999.0,-999.0,-999.0,0,0,-999.0,-999.0,-999.0,-999.0,0,-999.0,-999.0,-999.0,-999.0,-999.0,0,-999.0,-999.0,-999.0,0,0,-999.0,-999.0,-999.0,-999.0,0,-999.0,-999.0,-999.0,-999.0,-999.0,0,-999.0,-999.0,-999.0,0,0,0.7667499780654907,20.028600692749023,0.26723700761795044,-999.0,1,20.028600692749023,20.028600692749023,-999.0,-999.0,-999.0,0,19.589500427246094,0.26723700761795044,-999.0,1,4120,0.014209853972704346
PSO J139.6137+35.9158,-999,-999,-999,151091396136759518,3578835000028000,214022515354975,0,16486947937057,15109,1,2038,90,0.138895455877199,3578835,49831,3,268959744,0,32,-999.0,-999.0,-999.0,-999.0,139.61368517,35.91576994,0.23072999715805054,0.23072999715805054,,,,,55901.64604167,-999.0,-0.6168801659753024,0.5247521592331922,0.5865952882579147,130.7951486673606,19.235774392705604,188.04045391274224,44.32944245757432,-999,0,1,0,0,0,1,0,-999.0,-999.0,-999.0,-999.0,0,-999.0,-999.0,-999.0,-999.0,-999.0,0,-999.0,-999.0,-999.0,0,0,-999.0,-999.0,-999.0,-999.0,0,-999.0,-999.0,-999.0,-999.0,-999.0,0,-999.0,-999.0,-999.0,0,0,-999.0,-999.0,-999.0,-999.0,0,-999.0,-999.0,-999.0,-999.0,-999.0,0,-999.0,-999.0,-999.0,0,0,0.4690130054950714,20.66510009765625,0.2302439957857132,-999.0,1,20.66510009765625,20.66510009765625,19.702299118041992,0.12543299794197083,-999.0,1,20.97570037841797,0.2302439957857132,-999.0,1,4120,-999.0,-999.0,-999.0,-999.0,0,-999.0,-999.0,-999.0,-999.0,-999.0,0,-999.0,-999.0,-999.0,0,0,0.015253985356822168
PSO J139.6139+35.9153,-999,-999,-999,151091396138608917,3578835000028034,214022515355009,0,16486947937085,15109,1,2038,90,0.0198459439164455,3578835,49831,3,268959744,0,32,-999.0,-999.0,-999.0,-999.0,139.61387205,35.91526789,0.21341000497341156,0.21341000497341156,,,,,55918.63284722,-999.0,-0.6168857926288543,0.5247534775367998,0.586588191720312,130.79547112354058,19.235347462987228,188.04117035985192,44.32955339349352,-999,0,1,0,1,0,0,0,-999.0,-999.0,-999.0,-999.0,0,-999.0,-999.0,-999.0,-999.0,-999.0,0,-999.0,-999.0,-999.0,0,0,0.6823379993438721,21.417600631713867,0.2128860056400299,-999.0,1,21.417600631713867,21.417600631713867,21.502399444580078,0.22838500142097473,-999.0,1,21.180099487304688,0.2128860056400299,-999.0,1,4120,-999.0,-999.0,-999.0,-999.0,0,-999.0,-999.0,-999.0,-999.0,-999.0,0,-999.0,-999.0,-999.0,0,0,-999.0,-999.0,-999.0,-999.0,0,-999.0,-999.0,-999.0,-999.0,-999.0,0,-999.0,-999.0,-999.0,0,0,-999.0,-999.0,-999.0,-999.0,0,-999.0,-999.0,-999.0,-999.0,-999.0,0,-999.0,-999.0,-999.0,0,0,0.015240741154268154
PSO J139.6139+35.9127,-999,-999,-999,151091396138825851,3578835000028039,214022515355014,0,16486947935524,15109,1,2038,90,0.0227276589933109,3578835,49831,3,277348352,0,33,-999.0,-999.0,-999.0,-999.0,139.61389364,35.9127129,0.17574000358581543,0.17574000358581543,,,,,55918.63284722,-999.0,-0.6169059139675944,0.5247701930702635,0.5865520759291585,130.79635702498953,19.232933207415208,188.04473272644472,44.32936752423847,-999,0,1,0,1,0,0,0,-999.0,-999.0,-999.0,-999.0,0,-999.0,-999.0,-999.0,-999.0,-999.0,0,-999.0,-999.0,-999.0,0,0,0.8234590291976929,21.230199813842773,0.17510299384593964,-999.0,1,21.230199813842773,21.230199813842773,-999.0,-999.0,-999.0,0,20.399099349975586,0.17510299384593964,-999.0,1,16781336,-999.0,-999.0,-999.0,-999.0,0,-999.0,-999.0,-999.0,-999.0,-999.0,0,-999.0,-999.0,-999.0,0,0,-999.0,-999.0,-999.0,-999.0,0,-999.0,-999.0,-999.0,-999.0,-999.0,0,-999.0,-999.0,-999.0,0,0,-999.0,-999.0,-999.0,-999.0,0,-999.0,-999.0,-999.0,-999.0,-999.0,0,-999.0,-999.0,-999.0,0,0,0.014705034591607784
PSO J139.6139+35.9131,-999,-999,-999,151091396139106475,3578835000028043,214022515355018,0,16486947935495,15109,1,2038,90,0.65382427503711,3578835,49831,3,310456320,0,37,-999.0,-999.0,-999.0,-999.0,139.61386405,35.91313185,0.1188800036907196,0.1188800036907196,,,,,55901.64828704,4.697199821472168,-0.6169023761013556,0.5247677327204253,0.586557998032561,130.79619059916513,19.233322310762535,188.04414624793492,44.32937697831879,-999,0,2,0,0,0,2,0,-999.0,-999.0,-999.0,-999.0,0,-999.0,-999.0,-999.0,-999.0,-999.0,0,-999.0,-999.0,-999.0,0,0,-999.0,-999.0,-999.0,-999.0,0,-999.0,-999.0,-999.0,-999.0,-999.0,0,-999.0,-999.0,-999.0,0,0,-999.0,-999.0,-999.0,-999.0,0,-999.0,-999.0,-999.0,-999.0,-999.0,0,-999.0,-999.0,-999.0,0,0,0.8740630149841309,20.608400344848633,0.03329800069332123,0.04734199866652489,2,20.578500747680664,20.645099639892578,-999.0,-999.0,-999.0,0,19.82390022277832,0.013760999776422977,0.019562000408768654,2,16777496,-999.0,-999.0,-999.0,-999.0,0,-999.0,-999.0,-999.0,-999.0,-999.0,0,-999.0,-999.0,-999.0,0,0,0.014743107101748835
PSO J139.6147+35.9110,-999,-999,-999,151091396146833777,3578835000028214,214022515355189,0,16486947943218,15109,1,2038,90,0.393600413011015,3578835,49831,3,302067712,0,36,-999.0,-999.0,-999.0,-999.0,139.61471673,35.91097867,0.18772999942302704,0.18772999942302704,,,,,55249.25519676,-999.0,-0.6169269754086237,0.5247728336331429,0.5865275612397163,130.79761512689313,19.23150461400238,188.04722358928262,44.329893997869036,-999,0,1,0,0,0,1,0,-999.0,-999.0,-999.0,-999.0,0,-999.0,-999.0,-999.0,-999.0,-999.0,0,-999.0,-999.0,-999.0,0,0,-999.0,-999.0,-999.0,-999.0,0,-999.0,-999.0,-999.0,-999.0,-999.0,0,-999.0,-999.0,-999.0,0,0,-999.0,-999.0,-999.0,-999.0,0,-999.0,-999.0,-999.0,-999.0,-999.0,0,-999.0,-999.0,-999.0,0,0,0.9972019791603088,20.609800338745117,0.18713000416755676,-999.0,1,20.609800338745117,20.609800338745117,20.24250030517578,0.2626909911632538,-999.0,1,20.175500869750977,0.18713000416755676,-999.0,1,280,-999.0,-999.0,-999.0,-999.0,0,-999.0,-999.0,-999.0,-999.0,-999.0,0,-999.0,-999.0,-999.0,0,0,0.015241957790046329
PSO J139.6148+35.9127,-999,-999,-999,151091396148365873,3578835000187235,214022515515833,0,16486947945787,15109,1,2038,90,0.110838493435493,3578835,49831,3,1343750144,0,160,139.61483027,35.91273867,0.0010000000474974513,0.0010000000474974513,139.61483027,35.91273867,0.0010000000474974513,0.0010000000474974513,,,,,55793.32672454,-999.0,-0.6169142915000466,0.5247599373367017,0.5865524402040933,130.7971092059458,19.23320104338482,188.04478121478988,44.33012575620945,-999,2,0,0,0,0,0,0,-999.0,-999.0,-999.0,-999.0,0,-999.0,-999.0,-999.0,-999.0,-999.0,0,-999.0,-999.0,-999.0,0,16416,-999.0,-999.0,-999.0,-999.0,0,-999.0,-999.0,-999.0,-999.0,-999.0,0,-999.0,-999.0,-999.0,0,16416,-999.0,-999.0,-999.0,-999.0,0,-999.0,-999.0,-999.0,-999.0,-999.0,0,-999.0,-999.0,-999.0,0,16416,-999.0,-999.0,-999.0,-999.0,0,-999.0,-999.0,-999.0,-999.0,-999.0,0,-999.0,-999.0,-999.0,0,114720,-999.0,-999.0,-999.0,-999.0,0,-999.0,-999.0,-999.0,-999.0,-999.0,0,-999.0,-999.0,-999.0,0,16416,0.015460465487184806
PSO J139.6149+35.9083,-999,-999,-999,151091396148820532,3578835000028254,214022515355229,0,16486947941030,15109,1,2038,90,0.914885112005179,3578835,49831,3,268959744,0,32,-999.0,-999.0,-999.0,-999.0,139.61489836,35.90828325,0.43946000933647156,0.43946000933647156,,,,,55249.26556713,-999.0,-0.6169496557271245,0.5247887551984807,0.5864894583156732,130.7986787490045,19.228998947919546,188.05099608556802,44.32982599077194,-999,0,1,0,0,0,0,1,-999.0,-999.0,-999.0,-999.0,0,-999.0,-999.0,-999.0,-999.0,-999.0,0,-999.0,-999.0,-999.0,0,0,-999.0,-999.0,-999.0,-999.0,0,-999.0,-999.0,-999.0,-999.0,-999.0,0,-999.0,-999.0,-999.0,0,0,-999.0,-999.0,-999.0,-999.0,0,-999.0,-999.0,-999.0,-999.0,-999.0,0,-999.0,-999.0,-999.0,0,0,-999.0,-999.0,-999.0,-999.0,0,-999.0,-999.0,-999.0,-999.0,-999.0,0,-999.0,-999.0,-999.0,0,0,0.682237982749939,20.094900131225586,0.43920600414276123,-999.0,1,20.094900131225586,20.094900131225586,-999.0,-999.0,-999.0,0,-999.0,-999.0,-999.0,0,4112,0.0155840772119422
PSO J139.6153+35.9133,-999,-999,-999,151091396152356515,3578835000028330,214022515355305,0,16486947944735,15109,1,2038,90,0.762103519180886,3578835,49831,3,310456320,0,37,-999.0,-999.0,-999.0,-999.0,139.61525429,35.91326164,0.16584999859333038,0.16584999859333038,,,,,55901.65012731,-999.0,-0.6169140969304004,0.524751902988932,0.5865598326837963,130.79727594569462,19.233806558049622,188.04409064032637,44.330509700364864,-999,0,2,0,1,0,1,0,-999.0,-999.0,-999.0,-999.0,0,-999.0,-999.0,-999.0,-999.0,-999.0,0,-999.0,-999.0,-999.0,0,0,0.7748690247535706,21.19879913330078,0.15678399801254272,-999.0,1,21.19879913330078,21.19879913330078,-999.0,-999.0,-999.0,0,20.628299713134766,0.15678399801254272,-999.0,1,16781336,-999.0,-999.0,-999.0,-999.0,0,-999.0,-999.0,-999.0,-999.0,-999.0,0,-999.0,-999.0,-999.0,0,0,0.9289129972457886,20.779600143432617,0.16516999900341034,-999.0,1,20.779600143432617,20.779600143432617,20.003000259399414,0.1308010071516037,-999.0,1,20.10379981994629,0.16516999900341034,-999.0,1,16777496,-999.0,-999.0,-999.0,-999.0,0,-999.0,-999.0,-999.0,-999.0,-999.0,0,-999.0,-999.0,-999.0,0,0,0.015875344910159118
PSO J139.6157+35.9111,-999,-999,-999,151091396157323965,3578835000028446,214022515355421,0,16486947946113,15109,1,2038,90,0.385814153017303,3578835,49831,3,268959744,0,32,-999.0,-999.0,-999.0,-999.0,139.61574277,35.91114393,0.1914999932050705,0.1914999932050705,,,,,55902.66887731,-999.0,-0.6169350841958241,0.5247606896604332,0.5865298973414721,130.79839254896595,19.23192780719349,188.04708577654657,44.330735535292916,-999,0,1,0,0,0,0,1,-999.0,-999.0,-999.0,-999.0,0,-999.0,-999.0,-999.0,-999.0,-999.0,0,-999.0,-999.0,-999.0,0,0,-999.0,-999.0,-999.0,-999.0,0,-999.0,-999.0,-999.0,-999.0,-999.0,0,-999.0,-999.0,-999.0,0,0,-999.0,-999.0,-999.0,-999.0,0,-999.0,-999.0,-999.0,-999.0,-999.0,0,-999.0,-999.0,-999.0,0,0,-999.0,-999.0,-999.0,-999.0,0,-999.0,-999.0,-999.0,-999.0,-999.0,0,-999.0,-999.0,-999.0,0,0,0.7820090055465698,19.534000396728516,0.19090700149536133,-999.0,1,19.534000396728516,19.534000396728516,-999.0,-999.0,-999.0,0,19.459299087524414,0.19090700149536133,-999.0,1,4120,0.016076073780941308
PSO J139.6162+35.9158,-999,-999,-999,151091396161499515,3578835000028543,214022515355518,0,16486947936414,15109,1,2038,90,0.681073389650391,3578835,49831,3,268959744,0,32,-999.0,-999.0,-999.0,-999.0,139.61616478,35.91576271,0.3465000092983246,0.3465000092983246,,,,,55249.24679398,-999.0,-0.6169029316682764,0.524725509756087,0.586595186061308,130.7971655692645,19.236411984804047,188.0406872599052,44.3314437087624,-999,0,1,0,0,0,1,0,-999.0,-999.0,-999.0,-999.0,0,-999.0,-999.0,-999.0,-999.0,-999.0,0,-999.0,-999.0,-999.0,0,0,-999.0,-999.0,-999.0,-999.0,0,-999.0,-999.0,-999.0,-999.0,-999.0,0,-999.0,-999.0,-999.0,0,0,-999.0,-999.0,-999.0,-999.0,0,-999.0,-999.0,-999.0,-999.0,-999.0,0,-999.0,-999.0,-999.0,0,0,0.8407089710235596,21.321800231933594,0.3461790084838867,-999.0,1,21.321800231933594,21.321800231933594,-999.0,-999.0,-999.0,0,-999.0,-999.0,-999.0,0,4120,-999.0,-999.0,-999.0,-999.0,0,-999.0,-999.0,-999.0,-999.0,-999.0,0,-999.0,-999.0,-999.0,0,0,0.017160990078942364
PSO J139.6165+35.9133,-999,-999,-999,151091396165096565,3578835000028610,214022515355585,0,16486947944773,15109,1,2038,90,0.902145088559152,3578835,49831,3,268959744,0,32,-999.0,-999.0,-999.0,-999.0,139.61652101,35.91330808,0.21883000433444977,0.21883000433444977,,,,,55918.63284722,-999.0,-0.6169253360795238,0.5247379558275764,0.5865604891373633,130.7982892688135,19.234179767643056,188.04414003550085,44.33153606661502,-999,0,1,0,1,0,0,0,-999.0,-999.0,-999.0,-999.0,0,-999.0,-999.0,-999.0,-999.0,-999.0,0,-999.0,-999.0,-999.0,0,0,0.6108689904212952,21.687599182128906,0.21831099689006805,-999.0,1,21.687599182128906,21.687599182128906,-999.0,-999.0,-999.0,0,21.16469955444336,0.21831099689006805,-999.0,1,4120,-999.0,-999.0,-999.0,-999.0,0,-999.0,-999.0,-999.0,-999.0,-999.0,0,-999.0,-999.0,-999.0,0,0,-999.0,-999.0,-999.0,-999.0,0,-999.0,-999.0,-999.0,-999.0,-999.0,0,-999.0,-999.0,-999.0,0,0,-999.0,-999.0,-999.0,-999.0,0,-999.0,-999.0,-999.0,-999.0,-999.0,0,-999.0,-999.0,-999.0,0,0,0.016896107744999746
PSO J139.6173+35.9094,-999,-999,-999,151091396172911846,3578835000028774,214022515355749,0,16486947943940,15109,1,2038,90,0.560867040940437,3578835,49831,3,302067712,0,36,-999.0,-999.0,-999.0,-999.0,139.61730192,35.90938221,0.17244000732898712,0.17244000732898712,,,,,55250.32229167,-999.0,-0.6169631011227479,0.5247555853734454,0.5865049935613291,130.80025801664624,19.230664503955357,188.04968137358088,44.33185409176695,-999,0,1,0,1,0,0,0,-999.0,-999.0,-999.0,-999.0,0,-999.0,-999.0,-999.0,-999.0,-999.0,0,-999.0,-999.0,-999.0,0,0,0.17392300069332123,21.518400192260742,0.1717820018529892,-999.0,1,21.518400192260742,21.518400192260742,21.229999542236328,0.24571500718593597,-999.0,1,21.139699935913086,0.1717820018529892,-999.0,1,536,-999.0,-999.0,-999.0,-999.0,0,-999.0,-999.0,-999.0,-999.0,-999.0,0,-999.0,-999.0,-999.0,0,0,-999.0,-999.0,-999.0,-999.0,0,-999.0,-999.0,-999.0,-999.0,-999.0,0,-999.0,-999.0,-999.0,0,0,-999.0,-999.0,-999.0,-999.0,0,-999.0,-999.0,-999.0,-999.0,-999.0,0,-999.0,-999.0,-999.0,0,0,0.01738812155020929
PSO J139.6181+35.9131,-999,-999,-999,151091396180726353,3578835000028959,214022515355934,0,16486947945105,15109,1,2038,90,0.533807541740879,3578835,49831,3,310456320,0,37,-999.0,-999.0,-999.0,-999.0,139.61809191,35.91312581,0.1564600020647049,0.1564600020647049,,,,,55901.65012731,-999.0,-0.6169411441747638,0.5247222500785462,0.5865579126538495,130.79962744867322,19.234415431322333,188.04453553957603,44.332789816483064,-999,0,1,0,0,0,1,0,-999.0,-999.0,-999.0,-999.0,0,-999.0,-999.0,-999.0,-999.0,-999.0,0,-999.0,-999.0,-999.0,0,0,-999.0,-999.0,-999.0,-999.0,0,-999.0,-999.0,-999.0,-999.0,-999.0,0,-999.0,-999.0,-999.0,0,0,-999.0,-999.0,-999.0,-999.0,0,-999.0,-999.0,-999.0,-999.0,-999.0,0,-999.0,-999.0,-999.0,0,0,0.9979010224342346,21.021400451660156,0.15573500096797943,-999.0,1,21.021400451660156,21.021400451660156,19.411800384521484,0.10055500268936157,-999.0,1,20.154199600219727,0.15573500096797943,-999.0,1,16777496,-999.0,-999.0,-999.0,-999.0,0,-999.0,-999.0,-999.0,-999.0,-999.0,0,-999.0,-999.0,-999.0,0,0,0.018130000221164497
PSO J139.6181+35.9110,-999,-999,-999,151091396181103858,3578835000028968,214022515355943,0,16486947944067,15109,1,2038,90,0.539957553651144,3578835,49831,3,436527104,7,52,139.61809487,35.91100988,0.0010000000474974513,0.0010000000474974513,139.61812683716695,35.911016560731056,0.002061014439085923,0.002075021540750158,-19.340179581822266,-1.3307989307536618,1.0652980850847635,1.0741200848839871,56055.31163314138,3.3460328578948975,-0.6169579120683489,0.5247358633918381,0.5865280968604024,130.80036107218385,19.23241974560871,188.04748113129455,44.33263728601209,-999,10,156,23,35,49,18,31,0.9995260238647461,21.690099716186523,0.044989001005887985,0.18872499465942383,22,21.297800064086914,22.015600204467773,21.580400466918945,0.07011699676513672,0.4777809977531433,20,21.56450080871582,0.07832299917936325,0.3394719958305359,22,115000,0.9997249841690063,20.435300827026367,0.012508999556303024,0.06532900035381317,29,20.292499542236328,20.606599807739258,20.506200790405273,0.032242000102996826,0.19276300072669983,29,20.411500930786133,0.027459999546408653,0.13110299408435822,29,115000,0.9992280006408691,19.316200256347656,0.005989000201225281,0.059300001710653305,44,19.226299285888672,19.456899642944336,19.431499481201172,0.012848000042140484,0.09297599643468857,44,19.331199645996094,0.00979899987578392,0.08874599635601044,44,115000,0.9996510148048401,18.798999786376953,0.00822800025343895,0.04942300170660019,13,18.736799240112305,18.936899185180664,18.912399291992188,0.022376999258995056,0.10707800090312958,13,18.804100036621094,0.01964700035750866,0.08574599772691727,13,115000,0.9995399713516235,18.53969955444336,0.021560000255703926,0.1197889968752861,28,18.350500106811523,18.822399139404297,18.638099670410156,0.04095499962568283,0.2071399986743927,28,18.548599243164062,0.033261001110076904,0.1889200061559677,28,115000,0.01800416102365642
PSO J139.6184+35.9108,-999,-999,-999,151091396184323528,3578835000029044,214022515356019,0,16486947944196,15109,1,2038,90,0.335919072233065,3578835,49831,3,268959744,0,32,-999.0,-999.0,-999.0,-999.0,139.61844945,35.91075943,0.18633000552654266,0.18633000552654266,,,,,56652.66532407,-999.0,-0.6169628717358808,0.5247340948410888,0.5865244620735935,130.80072222691595,19.232267145923984,188.0478655321435,44.33289019761219,-999,0,1,0,0,0,1,0,-999.0,-999.0,-999.0,-999.0,0,-999.0,-999.0,-999.0,-999.0,-999.0,0,-999.0,-999.0,-999.0,0,0,-999.0,-999.0,-999.0,-999.0,0,-999.0,-999.0,-999.0,-999.0,-999.0,0,-999.0,-999.0,-999.0,0,0,-999.0,-999.0,-999.0,-999.0,0,-999.0,-999.0,-999.0,-999.0,-999.0,0,-999.0,-999.0,-999.0,0,0,0.6646050214767456,20.76849937438965,0.1857219934463501,-999.0,1,20.76849937438965,20.76849937438965,20.843299865722656,0.2052370011806488,-999.0,1,20.676300048828125,0.1857219934463501,-999.0,1,4120,-999.0,-999.0,-999.0,-999.0,0,-999.0,-999.0,-999.0,-999.0,-999.0,0,-999.0,-999.0,-999.0,0,0,0.018263513633110864
PSO J139.6185+35.9139,-999,-999,-999,151091396185087224,3578835000029066,214022515356041,0,16486947945190,15109,1,2038,90,0.888568224281602,3578835,49831,3,268959744,0,32,-999.0,-999.0,-999.0,-999.0,139.61852243,35.91385193,0.3394800126552582,0.3394800126552582,,,,,55275.32704861,-999.0,-0.6169394243708611,0.5247127983252912,0.5865681767114485,130.79973040661676,19.235215042418165,188.0435623875717,44.33319514547751,-999,0,1,1,0,0,0,0,0.6234980225563049,22.448299407958984,0.33914899826049805,-999.0,1,22.448299407958984,22.448299407958984,-999.0,-999.0,-999.0,1,22.753000259399414,0.33914899826049805,-999.0,1,4120,-999.0,-999.0,-999.0,-999.0,0,-999.0,-999.0,-999.0,-999.0,-999.0,0,-999.0,-999.0,-999.0,0,0,-999.0,-999.0,-999.0,-999.0,0,-999.0,-999.0,-999.0,-999.0,-999.0,0,-999.0,-999.0,-999.0,0,0,-999.0,-999.0,-999.0,-999.0,0,-999.0,-999.0,-999.0,-999.0,-999.0,0,-999.0,-999.0,-999.0,0,0,-999.0,-999.0,-999.0,-999.0,0,-999.0,-999.0,-999.0,-999.0,-999.0,0,-999.0,-999.0,-999.0,0,0,0.018582982838984144
PSO J139.6189+35.9126,-999,-999,-999,151091396189835765,3578835000187290,214022515515888,0,16486947945534,15109,1,2038,90,0.330023409174777,3578835,49831,3,404226048,0,48,139.61888851,35.9125711,0.0010000000474974513,0.0010000000474974513,139.61888851,35.9125711,0.0010000000474974513,0.0010000000474974513,,,,,55646.00913194,-999.0,-0.6169527652671328,0.5247173515876737,0.5865500714960792,130.80046316484894,19.234097111014584,188.04538033606227,44.333388820909384,-999,4,0,0,0,0,0,0,-999.0,-999.0,-999.0,-999.0,0,-999.0,-999.0,-999.0,-999.0,-999.0,0,-999.0,-999.0,-999.0,0,16416,-999.0,-999.0,-999.0,-999.0,0,-999.0,-999.0,-999.0,-999.0,-999.0,0,-999.0,-999.0,-999.0,0,114720,-999.0,-999.0,-999.0,-999.0,0,-999.0,-999.0,-999.0,-999.0,-999.0,0,-999.0,-999.0,-999.0,0,114720,-999.0,-999.0,-999.0,-999.0,0,-999.0,-999.0,-999.0,-999.0,-999.0,0,-999.0,-999.0,-999.0,0,16416,-999.0,-999.0,-999.0,-999.0,0,-999.0,-999.0,-999.0,-999.0,-999.0,0,-999.0,-999.0,-999.0,0,16416,0.01870775473528361
PSO J139.6196+35.9123,-999,-999,-999,151091396195745314,3578835000029293,214022515356268,0,16486947943742,15109,1,2038,90,0.0728323041208389,3578835,49831,3,268513280,0,32,-999.0,-999.0,-999.0,-999.0,139.61960729,35.91226269,0.023360000923275948,0.023360000923275948,,,,,55250.34270833,-999.0,-0.6169617529072184,0.5247116572812363,0.5865457119124057,130.8011519455816,19.233991839571953,188.0458748838094,44.333944593294206,-999,0,1,1,0,0,0,0,0.9996309876441956,18.90519905090332,0.01791200041770935,-999.0,1,18.90519905090332,18.90519905090332,18.99810028076172,0.025286000221967697,-999.0,1,18.890399932861328,0.01791200041770935,-999.0,1,24,-999.0,-999.0,-999.0,-999.0,0,-999.0,-999.0,-999.0,-999.0,-999.0,0,-999.0,-999.0,-999.0,0,0,-999.0,-999.0,-999.0,-999.0,0,-999.0,-999.0,-999.0,-999.0,-999.0,0,-999.0,-999.0,-999.0,0,0,-999.0,-999.0,-999.0,-999.0,0,-999.0,-999.0,-999.0,-999.0,-999.0,0,-999.0,-999.0,-999.0,0,0,-999.0,-999.0,-999.0,-999.0,0,-999.0,-999.0,-999.0,-999.0,-999.0,0,-999.0,-999.0,-999.0,0,0,0.01926059370415539
PSO J139.6197+35.9143,-999,-999,-999,151091396196907810,3578835000029336,214022515356311,0,16486947931594,15109,1,2038,90,0.938979638683591,3578835,49831,3,268959744,0,32,-999.0,-999.0,-999.0,-999.0,139.61969959,35.91434643,0.2821800112724304,0.2821800112724304,,,,,55901.64604167,-999.0,-0.6169463482188406,0.5246968432189004,0.5865751666543322,130.80051866549547,19.235989348859434,188.04297923115504,44.33418482780937,-999,0,1,0,0,0,1,0,-999.0,-999.0,-999.0,-999.0,0,-999.0,-999.0,-999.0,-999.0,-999.0,0,-999.0,-999.0,-999.0,0,0,-999.0,-999.0,-999.0,-999.0,0,-999.0,-999.0,-999.0,-999.0,-999.0,0,-999.0,-999.0,-999.0,0,0,-999.0,-999.0,-999.0,-999.0,0,-999.0,-999.0,-999.0,-999.0,-999.0,0,-999.0,-999.0,-999.0,0,0,0.8091300129890442,21.594900131225586,0.2817789912223816,-999.0,1,21.594900131225586,21.594900131225586,-999.0,-999.0,-999.0,0,22.639999389648438,0.2817789912223816,-999.0,1,4120,-999.0,-999.0,-999.0,-999.0,0,-999.0,-999.0,-999.0,-999.0,-999.0,0,-999.0,-999.0,-999.0,0,0,0.019608241727352364
PSO J139.6197+35.9134,-999,-999,-999,151091396197486722,3578835000029352,214022515356327,0,16486947931397,15109,1,2038,90,0.130945296148719,3578835,49831,3,277348352,0,33,-999.0,-999.0,-999.0,-999.0,139.61965246,35.91339408,0.12387999892234802,0.12387999892234802,,,,,55534.65479167,-999.0,-0.616953343577605,0.5247036671502998,0.5865617047910995,130.80080408379922,19.235075124670537,188.04430221442237,44.33407104832958,-999,0,2,0,0,0,2,0,-999.0,-999.0,-999.0,-999.0,0,-999.0,-999.0,-999.0,-999.0,-999.0,0,-999.0,-999.0,-999.0,0,0,-999.0,-999.0,-999.0,-999.0,0,-999.0,-999.0,-999.0,-999.0,-999.0,0,-999.0,-999.0,-999.0,0,0,-999.0,-999.0,-999.0,-999.0,0,-999.0,-999.0,-999.0,-999.0,-999.0,0,-999.0,-999.0,-999.0,0,0,0.7900270223617554,20.31879997253418,0.07598800212144852,0.11066599935293198,2,20.22410011291504,20.376100540161133,20.033100128173828,0.10216599702835083,0.1499519944190979,2,19.725099563598633,0.114546999335289,0.16722199320793152,2,16781336,-999.0,-999.0,-999.0,-999.0,0,-999.0,-999.0,-999.0,-999.0,-999.0,0,-999.0,-999.0,-999.0,0,0,0.019418402609680082
PSO J139.6204+35.9104,-999,-999,-999,151091396203413096,3578835000029494,214022515356469,0,16486947943513,15109,1,2038,90,0.986444889555168,3578835,49831,3,277348352,0,33,-999.0,-999.0,-999.0,-999.0,139.62035241,35.91041212,0.11889000236988068,0.11889000236988068,,,,,55534.65986111,-999.0,-0.6169830076782281,0.5247159067278855,0.5865195524985168,130.8023863040091,19.23243283135187,188.04852101903396,44.33439894257482,-999,0,1,0,0,0,1,0,-999.0,-999.0,-999.0,-999.0,0,-999.0,-999.0,-999.0,-999.0,-999.0,0,-999.0,-999.0,-999.0,0,0,-999.0,-999.0,-999.0,-999.0,0,-999.0,-999.0,-999.0,-999.0,-999.0,0,-999.0,-999.0,-999.0,0,0,-999.0,-999.0,-999.0,-999.0,0,-999.0,-999.0,-999.0,-999.0,-999.0,0,-999.0,-999.0,-999.0,0,0,0.583732008934021,19.665300369262695,0.11794299632310867,-999.0,1,19.665300369262695,19.665300369262695,19.395200729370117,0.09410499781370163,-999.0,1,19.2677001953125,0.11794299632310867,-999.0,1,16781336,-999.0,-999.0,-999.0,-999.0,0,-999.0,-999.0,-999.0,-999.0,-999.0,0,-999.0,-999.0,-999.0,0,0,0.01980770400874918
PSO J139.6210+35.9109,-999,-999,-999,151091396210323690,3578835000029643,214022515356618,0,16486947932303,15109,1,2038,90,0.252247293714664,3578835,49831,3,277348352,0,33,-999.0,-999.0,-999.0,-999.0,139.62104795,35.9109096,0.0987899973988533,0.0987899973988533,,,,,55534.65167824,-999.0,-0.6169854979930887,0.5247051176674793,0.5865265848704363,130.80278229188494,19.233084787858708,188.0478903739079,44.33500007857269,-999,0,1,0,0,0,1,0,-999.0,-999.0,-999.0,-999.0,0,-999.0,-999.0,-999.0,-999.0,-999.0,0,-999.0,-999.0,-999.0,0,0,-999.0,-999.0,-999.0,-999.0,0,-999.0,-999.0,-999.0,-999.0,-999.0,0,-999.0,-999.0,-999.0,0,0,-999.0,-999.0,-999.0,-999.0,0,-999.0,-999.0,-999.0,-999.0,-999.0,0,-999.0,-999.0,-999.0,0,0,0.5615860223770142,19.561800003051758,0.0976480022072792,-999.0,1,19.561800003051758,19.561800003051758,19.307300567626953,0.0761910006403923,-999.0,1,19.21299934387207,0.0976480022072792,-999.0,1,16781336,-999.0,-999.0,-999.0,-999.0,0,-999.0,-999.0,-999.0,-999.0,-999.0,0,-999.0,-999.0,-999.0,0,0,0.02036872430067606
PSO J139.6234+35.9097,-999,-999,-999,151091396233512228,3578835000187348,214022515515946,0,16486947902716,15109,1,2038,90,0.48155470702942,3578835,49831,3,404226048,0,48,139.62339797,35.90971097,0.0010000000474974513,0.0010000000474974513,139.62339797,35.90971097,0.0010000000474974513,0.0010000000474974513,,,,,55646.00913194,-999.0,-0.6170163658706334,0.5246877598073425,0.5865096409745957,130.80509895214746,19.232560419716716,188.0497725767869,44.33680205354282,-999,8,0,0,0,0,0,0,-999.0,-999.0,-999.0,-999.0,0,-999.0,-999.0,-999.0,-999.0,-999.0,0,-999.0,-999.0,-999.0,0,114720,-999.0,-999.0,-999.0,-999.0,0,-999.0,-999.0,-999.0,-999.0,-999.0,0,-999.0,-999.0,-999.0,0,114720,-999.0,-999.0,-999.0,-999.0,0,-999.0,-999.0,-999.0,-999.0,-999.0,0,-999.0,-999.0,-999.0,0,114720,-999.0,-999.0,-999.0,-999.0,0,-999.0,-999.0,-999.0,-999.0,-999.0,0,-999.0,-999.0,-999.0,0,114720,-999.0,-999.0,-999.0,-999.0,0,-999.0,-999.0,-999.0,-999.0,-999.0,0,-999.0,-999.0,-999.0,0,16416,0.022295844832882442
PSO J139.6236+35.9141,-999,-999,-999,151091396236067554,3578835000030250,214022515357225,0,16486947933557,15109,1,2038,90,0.929126988099075,3578835,49831,3,436363264,7,52,139.62352861,35.91413669,0.0010000000474974513,0.0010000000474974513,139.62357113297512,35.914141318193174,0.03786265279046001,0.03786265279046001,-46.13613541871433,-74.41540565985181,31.932448861009853,31.932448861009853,56722.29036750331,3.0860817432403564,-0.6169834008756749,0.5246565145372133,0.5865722673273509,130.80373522664834,19.236797269864883,188.04361970214163,44.33729385939367,-999,8,6,0,1,5,0,0,-999.0,-999.0,-999.0,-999.0,0,-999.0,-999.0,-999.0,-999.0,-999.0,0,-999.0,-999.0,-999.0,0,114720,0.9185060262680054,21.823699951171875,0.1494539976119995,-999.0,1,21.823699951171875,21.823699951171875,21.802600860595703,0.21552300453186035,-999.0,1,21.747100830078125,0.1494539976119995,-999.0,1,115000,0.9979860186576843,21.857900619506836,0.051288001239299774,0.11604399979114532,5,21.694700241088867,21.98819923400879,21.84779930114746,0.045882999897003174,0.3131600022315979,4,21.881799697875977,0.19062599539756775,0.4087670147418976,5,115000,-999.0,-999.0,-999.0,-999.0,0,-999.0,-999.0,-999.0,-999.0,-999.0,0,-999.0,-999.0,-999.0,0,114720,-999.0,-999.0,-999.0,-999.0,0,-999.0,-999.0,-999.0,-999.0,-999.0,0,-999.0,-999.0,-999.0,0,16416,0.022666383364972634
PSO J139.6237+35.9150,-999,-999,-999,151091396237298615,3578835000030280,214022515357255,0,16486947930439,15109,1,2038,90,0.698141794370619,3578835,49831,3,268959744,0,32,-999.0,-999.0,-999.0,-999.0,139.6237464,35.91500622,0.24459999799728394,0.24459999799728394,,,,,56652.65506944,-999.0,-0.6169782602752338,0.5246488911266263,0.5865844929652908,130.8035820540118,19.23766610907518,188.04242392330295,44.33750437877559,-999,0,1,0,0,0,1,0,-999.0,-999.0,-999.0,-999.0,0,-999.0,-999.0,-999.0,-999.0,-999.0,0,-999.0,-999.0,-999.0,0,0,-999.0,-999.0,-999.0,-999.0,0,-999.0,-999.0,-999.0,-999.0,-999.0,0,-999.0,-999.0,-999.0,0,0,-999.0,-999.0,-999.0,-999.0,0,-999.0,-999.0,-999.0,-999.0,-999.0,0,-999.0,-999.0,-999.0,0,0,0.671999990940094,20.980600357055664,0.24413999915122986,-999.0,1,20.980600357055664,20.980600357055664,-999.0,-999.0,-999.0,1,20.883499145507812,0.24413999915122986,-999.0,1,4120,-999.0,-999.0,-999.0,-999.0,0,-999.0,-999.0,-999.0,-999.0,-999.0,0,-999.0,-999.0,-999.0,0,0,0.022951176497205048
PSO J139.6238+35.9109,-999,-999,-999,151091396237993627,3578835000030296,214022515357271,0,16486947903305,15109,1,2038,90,0.599530648067157,3578835,49831,3,310456320,0,37,-999.0,-999.0,-999.0,-999.0,139.62382321,35.91085684,0.16745999455451965,0.16745999455451965,,,,,55534.65986111,-999.0,-0.6170113240818691,0.5246755817382317,0.5865258390577408,130.80505493504054,19.233756209875693,188.0482138820407,44.337236526394065,-999,0,1,0,0,0,1,0,-999.0,-999.0,-999.0,-999.0,0,-999.0,-999.0,-999.0,-999.0,-999.0,0,-999.0,-999.0,-999.0,0,0,-999.0,-999.0,-999.0,-999.0,0,-999.0,-999.0,-999.0,-999.0,-999.0,0,-999.0,-999.0,-999.0,0,0,-999.0,-999.0,-999.0,-999.0,0,-999.0,-999.0,-999.0,-999.0,-999.0,0,-999.0,-999.0,-999.0,0,0,0.8723970055580139,20.320600509643555,0.16678699851036072,-999.0,1,20.320600509643555,20.320600509643555,19.982200622558594,0.160644993185997,-999.0,1,19.599000930786133,0.16678699851036072,-999.0,1,16777496,-999.0,-999.0,-999.0,-999.0,0,-999.0,-999.0,-999.0,-999.0,-999.0,0,-999.0,-999.0,-999.0,0,0,0.022616127426431543
PSO J139.6244+35.9123,-999,-999,-999,151091396245275146,3578835000030472,214022515357447,0,16486947932452,15109,1,2038,90,0.147507274660754,3578835,49831,3,268959744,0,32,-999.0,-999.0,-999.0,-999.0,139.62439296,35.9122506,0.15972000360488892,0.15972000360488892,,,,,55488.70197917,-999.0,-0.6170056719502632,0.5246602034654865,0.586545541011743,130.80504404602593,19.235224338237856,188.04632268201897,44.3378073476599,-999,0,2,0,0,0,2,0,-999.0,-999.0,-999.0,-999.0,0,-999.0,-999.0,-999.0,-999.0,-999.0,0,-999.0,-999.0,-999.0,0,0,-999.0,-999.0,-999.0,-999.0,0,-999.0,-999.0,-999.0,-999.0,-999.0,0,-999.0,-999.0,-999.0,0,0,-999.0,-999.0,-999.0,-999.0,0,-999.0,-999.0,-999.0,-999.0,-999.0,0,-999.0,-999.0,-999.0,0,0,0.6263909935951233,20.36359977722168,-999.0,0.9168679714202881,2,20.26810073852539,21.27549934387207,-999.0,-999.0,-999.0,2,19.939300537109375,0.0003020000003743917,-999.0,2,4120,-999.0,-999.0,-999.0,-999.0,0,-999.0,-999.0,-999.0,-999.0,-999.0,0,-999.0,-999.0,-999.0,0,0,0.023125867122476242
PSO J139.6246+35.9113,-999,-999,-999,151091396246044129,3578835000030492,214022515357467,0,16486947903178,15109,1,2038,90,0.280431686230406,3578835,49831,3,436285440,0,52,139.62464049,35.91123768,0.0010000000474974513,0.0010000000474974513,139.62462563,35.91127382,0.1780100017786026,0.1780100017786026,,,,,55901.65012731,-999.0,-0.6170154201704807,0.524664175378093,0.5865317334523946,130.80556510522976,19.23435971453547,188.0477049917734,44.337917531116595,-999,4,1,0,0,0,1,0,-999.0,-999.0,-999.0,-999.0,0,-999.0,-999.0,-999.0,-999.0,-999.0,0,-999.0,-999.0,-999.0,0,16416,-999.0,-999.0,-999.0,-999.0,0,-999.0,-999.0,-999.0,-999.0,-999.0,0,-999.0,-999.0,-999.0,0,16416,-999.0,-999.0,-999.0,-999.0,0,-999.0,-999.0,-999.0,-999.0,-999.0,0,-999.0,-999.0,-999.0,0,114720,0.9973779916763306,21.267499923706055,0.1773809939622879,-999.0,1,21.267499923706055,21.267499923706055,21.476600646972656,0.32383599877357483,-999.0,1,21.55620002746582,0.1773809939622879,-999.0,1,115000,-999.0,-999.0,-999.0,-999.0,0,-999.0,-999.0,-999.0,-999.0,-999.0,0,-999.0,-999.0,-999.0,0,16416,0.023271614703708116
PSO J139.6251+35.9111,-999,-999,-999,151091396251023885,3578835000030623,214022515357598,0,16486947903148,15109,1,2038,90,0.555119670513197,3578835,49831,3,302067712,0,36,-999.0,-999.0,-999.0,-999.0,139.62512428,35.91105789,0.15129999816417694,0.15129999816417694,,,,,56759.31069444,-999.0,-0.617021670314229,0.524660237319481,0.5865286810877238,130.80604362320904,19.234284830294776,188.04805084082773,44.338302952354454,-999,0,1,0,0,1,0,0,-999.0,-999.0,-999.0,-999.0,0,-999.0,-999.0,-999.0,-999.0,-999.0,0,-999.0,-999.0,-999.0,0,0,-999.0,-999.0,-999.0,-999.0,0,-999.0,-999.0,-999.0,-999.0,-999.0,0,-999.0,-999.0,-999.0,0,0,0.9434419870376587,16.515100479125977,0.15055300295352936,-999.0,1,16.515100479125977,16.515100479125977,-999.0,-999.0,-999.0,0,18.563499450683594,0.15055300295352936,-999.0,1,272,-999.0,-999.0,-999.0,-999.0,0,-999.0,-999.0,-999.0,-999.0,-999.0,0,-999.0,-999.0,-999.0,0,0,-999.0,-999.0,-999.0,-999.0,0,-999.0,-999.0,-999.0,-999.0,-999.0,0,-999.0,-999.0,-999.0,0,0,0.02367162439127576
PSO J139.6262+35.9093,-999,-999,-999,151091396262401746,3578835000187381,214022515515979,0,16486947902763,15109,1,2038,90,0.413882791450138,3578835,49831,3,1343750144,0,160,139.62622121,35.90927736,0.0010000000474974513,0.0010000000474974513,139.62622121,35.90927736,0.0010000000474974513,0.0010000000474974513,,,,,55646.00913194,-999.0,-0.617045600531233,0.52466023101281,0.5865035113779242,130.80754005641046,19.23288364728817,188.0506312258074,44.33904698306091,-999,4,0,0,0,0,0,0,-999.0,-999.0,-999.0,-999.0,0,-999.0,-999.0,-999.0,-999.0,-999.0,0,-999.0,-999.0,-999.0,0,16416,-999.0,-999.0,-999.0,-999.0,0,-999.0,-999.0,-999.0,-999.0,-999.0,0,-999.0,-999.0,-999.0,0,114720,-999.0,-999.0,-999.0,-999.0,0,-999.0,-999.0,-999.0,-999.0,-999.0,0,-999.0,-999.0,-999.0,0,114720,-999.0,-999.0,-999.0,-999.0,0,-999.0,-999.0,-999.0,-999.0,-999.0,0,-999.0,-999.0,-999.0,0,16416,-999.0,-999.0,-999.0,-999.0,0,-999.0,-999.0,-999.0,-999.0,-999.0,0,-999.0,-999.0,-999.0,0,16416,0.024602448648537573
PSO J139.6264+35.9111,-999,-999,-999,151091396263923900,3578835000187383,214022515515981,0,16486947905354,15109,1,2038,90,0.099601361993329,3578835,49831,3,404226048,0,48,139.62638981,35.91107831,0.0010000000474974513,0.0010000000474974513,139.62638981,35.91107831,0.0010000000474974513,0.0010000000474974513,,,,,55646.00913194,-999.0,-0.6170330994316142,0.5246464732158873,0.586528969743138,130.80706483622282,19.234633144784755,188.04813632852202,44.33932631947558,-999,2,0,0,0,0,0,0,-999.0,-999.0,-999.0,-999.0,0,-999.0,-999.0,-999.0,-999.0,-999.0,0,-999.0,-999.0,-999.0,0,16416,-999.0,-999.0,-999.0,-999.0,0,-999.0,-999.0,-999.0,-999.0,-999.0,0,-999.0,-999.0,-999.0,0,16416,-999.0,-999.0,-999.0,-999.0,0,-999.0,-999.0,-999.0,-999.0,-999.0,0,-999.0,-999.0,-999.0,0,16416,-999.0,-999.0,-999.0,-999.0,0,-999.0,-999.0,-999.0,-999.0,-999.0,0,-999.0,-999.0,-999.0,0,114720,-999.0,-999.0,-999.0,-999.0,0,-999.0,-999.0,-999.0,-999.0,-999.0,0,-999.0,-999.0,-999.0,0,16416,0.024696791856944535
PSO J139.6265+35.9153,-999,-999,-999,151091396264698940,3578835000030983,214022515357958,0,16486947930268,15109,1,2038,90,0.705303099663279,3578835,49831,3,268959744,0,32,-999.0,-999.0,-999.0,-999.0,139.6264917,35.91528735,0.2594200074672699,0.2594200074672699,,,,,55249.31355324,-999.0,-0.6170012051690377,0.524617463918422,0.5865884667906097,130.8057167817202,19.238645979270718,188.04227907458827,44.339743067547474,-999,0,1,0,1,0,0,0,-999.0,-999.0,-999.0,-999.0,0,-999.0,-999.0,-999.0,-999.0,-999.0,0,-999.0,-999.0,-999.0,0,0,0.6357690095901489,22.063499450683594,0.25898998975753784,-999.0,1,22.063499450683594,22.063499450683594,-999.0,-999.0,-999.0,0,21.68670082092285,0.25898998975753784,-999.0,1,4120,-999.0,-999.0,-999.0,-999.0,0,-999.0,-999.0,-999.0,-999.0,-999.0,0,-999.0,-999.0,-999.0,0,0,-999.0,-999.0,-999.0,-999.0,0,-999.0,-999.0,-999.0,-999.0,-999.0,0,-999.0,-999.0,-999.0,0,0,-999.0,-999.0,-999.0,-999.0,0,-999.0,-999.0,-999.0,-999.0,-999.0,0,-999.0,-999.0,-999.0,0,0,0.02518851364381676
PSO J139.6268+35.9150,-999,-999,-999,151091396267808542,3578835000031067,214022515358042,0,16486947901541,15109,1,2038,90,0.0998589294961271,3578835,49831,3,268959744,0,32,-999.0,-999.0,-999.0,-999.0,139.6267994,35.91495225,0.21936999261379242,0.21936999261379242,,,,,55249.34001157,-999.0,-0.6170066362084176,0.5246163726679689,0.5865837300875947,130.80608067639824,19.23840859488768,188.04277380746248,44.33996486389448,-999,0,1,1,0,0,0,0,0.5668659806251526,21.791799545288086,0.21885700523853302,-999.0,1,21.791799545288086,21.791799545288086,-999.0,-999.0,-999.0,0,23.1737003326416,0.21885700523853302,-999.0,1,4120,-999.0,-999.0,-999.0,-999.0,0,-999.0,-999.0,-999.0,-999.0,-999.0,0,-999.0,-999.0,-999.0,0,0,-999.0,-999.0,-999.0,-999.0,0,-999.0,-999.0,-999.0,-999.0,-999.0,0,-999.0,-999.0,-999.0,0,0,-999.0,-999.0,-999.0,-999.0,0,-999.0,-999.0,-999.0,-999.0,-999.0,0,-999.0,-999.0,-999.0,0,0,-999.0,-999.0,-999.0,-999.0,0,-999.0,-999.0,-999.0,-999.0,-999.0,0,-999.0,-999.0,-999.0,0,0,0.02537609837384201
PSO J139.6271+35.9151,-999,-999,-999,151091396270788719,3578835000031149,214022515358124,0,16486947901670,15109,1,2038,90,0.327183402448132,3578835,49831,3,268959744,0,32,-999.0,-999.0,-999.0,-999.0,139.62713856,35.91510277,0.13523000478744507,0.13523000478744507,,,,,55249.3391088,-999.0,-0.6170085676397928,0.5246117221172782,0.5865858577192556,130.80630504207187,19.23863931494104,188.04259452193327,44.34025063373936,-999,0,2,1,1,0,0,0,0.477961003780365,21.296199798583984,0.15812499821186066,-999.0,1,21.296199798583984,21.296199798583984,-999.0,-999.0,-999.0,0,21.725000381469727,0.15812499821186066,-999.0,1,4120,0.5416269898414612,21.970699310302734,0.2573629915714264,-999.0,1,21.970699310302734,21.970699310302734,-999.0,-999.0,-999.0,0,22.894100189208984,0.2573629915714264,-999.0,1,4120,-999.0,-999.0,-999.0,-999.0,0,-999.0,-999.0,-999.0,-999.0,-999.0,0,-999.0,-999.0,-999.0,0,0,-999.0,-999.0,-999.0,-999.0,0,-999.0,-999.0,-999.0,-999.0,-999.0,0,-999.0,-999.0,-999.0,0,0,-999.0,-999.0,-999.0,-999.0,0,-999.0,-999.0,-999.0,-999.0,-999.0,0,-999.0,-999.0,-999.0,0,0,0.025672103548053715
PSO J139.6278+35.9123,-999,-999,-999,151091396277725288,3578835000031309,214022515358284,0,16486947904890,15109,1,2038,90,0.883753005306938,3578835,49831,3,268959744,0,32,-999.0,-999.0,-999.0,-999.0,139.62780974,35.91225621,0.19732999801635742,0.19732999801635742,,,,,56232.65667824,-999.0,-0.6170369147180952,0.5246233707782735,0.5865456203130464,130.80781800806432,19.236117841976558,188.0466224164781,44.34056634294241,-999,0,1,0,0,0,0,1,-999.0,-999.0,-999.0,-999.0,0,-999.0,-999.0,-999.0,-999.0,-999.0,0,-999.0,-999.0,-999.0,0,0,-999.0,-999.0,-999.0,-999.0,0,-999.0,-999.0,-999.0,-999.0,-999.0,0,-999.0,-999.0,-999.0,0,0,-999.0,-999.0,-999.0,-999.0,0,-999.0,-999.0,-999.0,-999.0,-999.0,0,-999.0,-999.0,-999.0,0,0,-999.0,-999.0,-999.0,-999.0,0,-999.0,-999.0,-999.0,-999.0,-999.0,0,-999.0,-999.0,-999.0,0,0,0.828665018081665,19.628700256347656,0.19675399363040924,-999.0,1,19.628700256347656,19.628700256347656,-999.0,-999.0,-999.0,1,22.296199798583984,0.19675399363040924,-999.0,1,4120,0.02588831455010092
PSO J139.6281+35.9101,-999,-999,-999,151091396279612523,3578835000031355,214022515358330,0,16486947904614,15109,1,2038,90,0.625447040074921,3578835,49831,3,302309376,5,36,-999.0,-999.0,-999.0,-999.0,139.62810153469573,35.91010637625088,0.007445114680803968,0.007445114680803968,-2.8801913094721625,-19.08420300645542,7.283236749931031,7.283236749931031,55614.64688855329,5.906491279602051,-0.6170563531288321,0.5246344836846164,0.5865152304862356,130.80879113582148,19.234150865086086,188.0496564987452,44.340632920520456,-999,0,64,0,22,20,18,4,-999.0,-999.0,-999.0,-999.0,0,-999.0,-999.0,-999.0,-999.0,-999.0,0,-999.0,-999.0,-999.0,0,0,0.9997130036354065,21.33289909362793,0.03541100025177002,0.14083200693130493,22,21.101600646972656,21.578800201416016,21.093000411987305,0.07278899848461151,0.34866398572921753,22,21.048099517822266,0.04490400105714798,0.22962799668312073,22,280,0.999396026134491,20.50029945373535,0.04419799894094467,0.20351900160312653,20,20.065399169921875,20.808000564575195,20.300800323486328,0.11522199958562851,0.330594003200531,20,20.147600173950195,0.07090199738740921,0.3866080045700073,20,280,0.9996449947357178,20.178699493408203,0.023785000666975975,0.17557799816131592,18,19.85890007019043,20.732900619506836,19.954299926757812,0.02485400065779686,0.17221100628376007,18,19.868499755859375,0.03073200024664402,0.2000270038843155,18,16777496,0.9978770017623901,19.851699829101562,0.0530100017786026,0.16820600628852844,3,19.845399856567383,20.08650016784668,19.13599967956543,0.2638840079307556,1.0569599866867065,4,19.280799865722656,0.30005699396133423,0.660165011882782,4,280,0.026089087162509426
PSO J139.6281+35.9101,-999,-999,-999,151091396282662767,3578835000031410,214022515358385,0,16486947904614,15109,1,2038,90,0.400563947298158,3578835,49831,3,444915712,7,53,139.62806822,35.91010855,0.0010000000474974513,0.0010000000474974513,139.6280996621824,35.910119182003044,0.008336029290325061,0.008336029290325061,5.586658219382144,-13.395846600399079,15.197319939716126,15.197319939716126,56928.10883245126,4.107680320739746,-0.6170562361130456,0.5246344189394033,0.5865154115094641,130.80878309592904,19.23416847006717,188.04962969235652,44.340632905865945,-999,10,25,0,3,16,3,3,-999.0,-999.0,-999.0,-999.0,0,-999.0,-999.0,-999.0,-999.0,-999.0,0,-999.0,-999.0,-999.0,0,114720,0.9990929961204529,21.512399673461914,0.03593999892473221,0.07046999782323837,3,21.45639991760254,21.58690071105957,20.991199493408203,0.13984499871730804,0.2152629941701889,3,21.053800582885742,0.048764001578092575,0.08612000197172165,3,16892216,0.9987819790840149,20.533000946044922,0.01829499937593937,0.09411899745464325,15,20.265199661254883,20.65920066833496,20.21489906311035,0.030489999800920486,0.19414399564266205,15,20.169700622558594,0.026415999978780746,0.14356499910354614,15,16892216,0.9987490177154541,20.016000747680664,0.02896299958229065,0.09245699644088745,2,19.92840003967285,19.986299514770508,19.74839973449707,0.17153400182724,0.24659599363803864,3,19.644699096679688,0.09245599806308746,0.17953099310398102,3,16892216,0.9989100098609924,20.096099853515625,0.087398000061512,0.24202600121498108,3,19.76849937438965,20.193700790405273,19.81599998474121,0.07974400371313095,0.2367590069770813,3,19.677200317382812,0.07388799637556076,0.22575099766254425,3,115000,0.026087256102321533
PSO J139.6285+35.9139,-999,-999,-999,151091396284417215,3578835000031463,214022515358438,0,16486947902040,15109,1,2038,90,0.864158948756902,3578835,49831,3,268959744,0,32,-999.0,-999.0,-999.0,-999.0,139.6284785,35.91386138,0.28696998953819275,0.28696998953819275,,,,,56232.65667824,-999.0,-0.617030518700347,0.5246055245177706,0.5865683102911506,130.80781563864514,19.237811929688426,188.04444530180035,44.34123380409256,-999,0,1,0,0,0,0,1,-999.0,-999.0,-999.0,-999.0,0,-999.0,-999.0,-999.0,-999.0,-999.0,0,-999.0,-999.0,-999.0,0,0,-999.0,-999.0,-999.0,-999.0,0,-999.0,-999.0,-999.0,-999.0,-999.0,0,-999.0,-999.0,-999.0,0,0,-999.0,-999.0,-999.0,-999.0,0,-999.0,-999.0,-999.0,-999.0,-999.0,0,-999.0,-999.0,-999.0,0,0,-999.0,-999.0,-999.0,-999.0,0,-999.0,-999.0,-999.0,-999.0,-999.0,0,-999.0,-999.0,-999.0,0,0,0.804610013961792,20.019699096679688,0.28657400608062744,-999.0,1,20.019699096679688,20.019699096679688,-999.0,-999.0,-999.0,1,-999.0,-999.0,-999.0,0,4120,0.02656864940144614
PSO J139.6285+35.9105,-999,-999,-999,151091396284743183,3578835000031469,214022515358444,0,16486947904129,15109,1,2038,90,0.660153869222993,3578835,49831,3,268959744,0,32,-999.0,-999.0,-999.0,-999.0,139.62848902,35.91048505,0.2214999943971634,0.2214999943971634,,,,,55249.29931713,-999.0,-0.6170569479186074,0.5246277997092559,0.586520583438977,130.8089719722975,19.234616979411292,188.04915219401028,44.34097398940516,-999,0,1,0,0,1,0,0,-999.0,-999.0,-999.0,-999.0,0,-999.0,-999.0,-999.0,-999.0,-999.0,0,-999.0,-999.0,-999.0,0,0,-999.0,-999.0,-999.0,-999.0,0,-999.0,-999.0,-999.0,-999.0,-999.0,0,-999.0,-999.0,-999.0,0,0,0.5853800177574158,20.784299850463867,0.22099199891090393,-999.0,1,20.784299850463867,20.784299850463867,-999.0,-999.0,-999.0,0,20.64310073852539,0.22099199891090393,-999.0,1,4120,-999.0,-999.0,-999.0,-999.0,0,-999.0,-999.0,-999.0,-999.0,-999.0,0,-999.0,-999.0,-999.0,0,0,-999.0,-999.0,-999.0,-999.0,0,-999.0,-999.0,-999.0,-999.0,-999.0,0,-999.0,-999.0,-999.0,0,0,0.026396251225822745
PSO J139.6286+35.9125,-999,-999,-999,151091396285955558,3578835000031504,214022515358479,0,16486947904867,15109,1,2038,90,0.554891774947654,3578835,49831,3,268959744,0,32,-999.0,-999.0,-999.0,-999.0,139.62861026,35.91246312,0.2250099927186966,0.2250099927186966,,,,,55249.29931713,-999.0,-0.6170426307870156,0.5246133776410296,0.5865485451277748,130.80839802854055,19.23652190613863,188.04640606518166,44.341229088255446,-999,0,1,0,0,1,0,0,-999.0,-999.0,-999.0,-999.0,0,-999.0,-999.0,-999.0,-999.0,-999.0,0,-999.0,-999.0,-999.0,0,0,-999.0,-999.0,-999.0,-999.0,0,-999.0,-999.0,-999.0,-999.0,-999.0,0,-999.0,-999.0,-999.0,0,0,0.6639869809150696,20.87070083618164,0.22450999915599823,-999.0,1,20.87070083618164,20.87070083618164,-999.0,-999.0,-999.0,0,21.236600875854492,0.22450999915599823,-999.0,1,4120,-999.0,-999.0,-999.0,-999.0,0,-999.0,-999.0,-999.0,-999.0,-999.0,0,-999.0,-999.0,-999.0,0,0,-999.0,-999.0,-999.0,-999.0,0,-999.0,-999.0,-999.0,-999.0,-999.0,0,-999.0,-999.0,-999.0,0,0,0.026548117084059807
PSO J139.6288+35.9103,-999,-999,-999,151091396287652963,3578835000031544,214022515358519,0,16486947904139,15109,1,2038,90,0.613355901663523,3578835,49831,3,268959744,0,32,-999.0,-999.0,-999.0,-999.0,139.62877902,35.91030303,0.3179300129413605,0.3179300129413605,,,,,55249.31701389,-999.0,-0.6170610228582707,0.5246258834144715,0.5865180103975411,130.80926945474326,19.234519979593095,188.04943200161708,44.34119365737954,-999,0,1,0,1,0,0,0,-999.0,-999.0,-999.0,-999.0,0,-999.0,-999.0,-999.0,-999.0,-999.0,0,-999.0,-999.0,-999.0,0,0,0.640874981880188,21.747400283813477,0.3175800144672394,-999.0,1,21.747400283813477,21.747400283813477,-999.0,-999.0,-999.0,0,21.75160026550293,0.3175800144672394,-999.0,1,4120,-999.0,-999.0,-999.0,-999.0,0,-999.0,-999.0,-999.0,-999.0,-999.0,0,-999.0,-999.0,-999.0,0,0,-999.0,-999.0,-999.0,-999.0,0,-999.0,-999.0,-999.0,-999.0,-999.0,0,-999.0,-999.0,-999.0,0,0,-999.0,-999.0,-999.0,-999.0,0,-999.0,-999.0,-999.0,-999.0,-999.0,0,-999.0,-999.0,-999.0,0,0,0.026633583507607504
PSO J139.6291+35.9087,-999,-999,-999,151091396289940900,3578835000031603,214022515358578,0,16486947912121,15109,1,2038,90,0.856273790687578,3578835,49831,3,1343750144,0,160,139.62908263,35.90870333,0.0010000000474974513,0.0010000000474974513,139.62908263,35.90870333,0.0010000000474974513,0.0010000000474974513,,,,,55793.32672454,-999.0,-0.6170762786321412,0.524633220421884,0.5864953967247065,130.8100599265913,19.23308384834577,188.05168900753515,44.34131159626279,-999,2,1,0,1,0,0,0,-999.0,-999.0,-999.0,-999.0,0,-999.0,-999.0,-999.0,-999.0,-999.0,0,-999.0,-999.0,-999.0,0,16416,0.7231919765472412,21.557899475097656,0.24430300295352936,-999.0,1,21.557899475097656,21.557899475097656,-999.0,-999.0,-999.0,0,22.631099700927734,0.24430300295352936,-999.0,1,20536,-999.0,-999.0,-999.0,-999.0,0,-999.0,-999.0,-999.0,-999.0,-999.0,0,-999.0,-999.0,-999.0,0,16416,-999.0,-999.0,-999.0,-999.0,0,-999.0,-999.0,-999.0,-999.0,-999.0,0,-999.0,-999.0,-999.0,0,114720,-999.0,-999.0,-999.0,-999.0,0,-999.0,-999.0,-999.0,-999.0,-999.0,0,-999.0,-999.0,-999.0,0,16416,0.026953825054163185
PSO J139.6290+35.9097,-999,-999,-999,151091396290092257,3578835000031610,214022515358585,0,16486947904195,15109,1,2038,90,0.485286590163863,3578835,49831,3,268959744,0,32,-999.0,-999.0,-999.0,-999.0,139.62903003,35.9097159,0.33410000801086426,0.33410000801086426,,,,,55249.34001157,-999.0,-0.6170679001936984,0.5246270731149817,0.5865097106658571,130.80967297619634,19.23402916881934,188.05027294558494,44.34134963977275,-999,0,1,1,0,0,0,0,0.8232979774475098,22.34950065612793,0.3337630033493042,-999.0,1,22.34950065612793,22.34950065612793,-999.0,-999.0,-999.0,0,22.901100158691406,0.3337630033493042,-999.0,1,4120,-999.0,-999.0,-999.0,-999.0,0,-999.0,-999.0,-999.0,-999.0,-999.0,0,-999.0,-999.0,-999.0,0,0,-999.0,-999.0,-999.0,-999.0,0,-999.0,-999.0,-999.0,-999.0,-999.0,0,-999.0,-999.0,-999.0,0,0,-999.0,-999.0,-999.0,-999.0,0,-999.0,-999.0,-999.0,-999.0,-999.0,0,-999.0,-999.0,-999.0,0,0,-999.0,-999.0,-999.0,-999.0,0,-999.0,-999.0,-999.0,-999.0,-999.0,0,-999.0,-999.0,-999.0,0,0,0.026853152434681695
PSO J139.6292+35.9102,-999,-999,-999,151091396292122804,3578835000031653,214022515358628,0,16486947904284,15109,1,2038,90,0.43119815218374,3578835,49831,3,268959744,0,32,-999.0,-999.0,-999.0,-999.0,139.62923731,35.91017196,0.273470014333725,0.273470014333725,,,,,55249.31875,-999.0,-0.6170662413610176,0.5246218168033528,0.5865161575835193,130.80968634200715,19.23451498423271,188.04965594654064,44.34155324916163,-999,0,1,0,1,0,0,0,-999.0,-999.0,-999.0,-999.0,0,-999.0,-999.0,-999.0,-999.0,-999.0,0,-999.0,-999.0,-999.0,0,0,0.7573130130767822,22.115299224853516,0.2730570137500763,-999.0,1,22.115299224853516,22.115299224853516,-999.0,-999.0,-999.0,0,22.35460090637207,0.2730570137500763,-999.0,1,4120,-999.0,-999.0,-999.0,-999.0,0,-999.0,-999.0,-999.0,-999.0,-999.0,0,-999.0,-999.0,-999.0,0,0,-999.0,-999.0,-999.0,-999.0,0,-999.0,-999.0,-999.0,-999.0,-999.0,0,-999.0,-999.0,-999.0,0,0,-999.0,-999.0,-999.0,-999.0,0,-999.0,-999.0,-999.0,-999.0,-999.0,0,-999.0,-999.0,-999.0,0,0,0.027007226289666546
PSO J139.6293+35.9116,-999,-999,-999,151091396292784551,3578835000031676,214022515358651,0,16486947904976,15109,1,2038,90,0.809963146978955,3578835,49831,3,268959744,0,32,-999.0,-999.0,-999.0,-999.0,139.6292936,35.91162891,0.23761999607086182,0.23761999607086182,,,,,55250.27287037,-999.0,-0.6170553938453651,0.524611549972398,0.5865367529506565,130.80923678229604,19.235909478161286,188.0476302931351,44.341714496930145,-999,0,1,0,0,0,0,1,-999.0,-999.0,-999.0,-999.0,0,-999.0,-999.0,-999.0,-999.0,-999.0,0,-999.0,-999.0,-999.0,0,0,-999.0,-999.0,-999.0,-999.0,0,-999.0,-999.0,-999.0,-999.0,-999.0,0,-999.0,-999.0,-999.0,0,0,-999.0,-999.0,-999.0,-999.0,0,-999.0,-999.0,-999.0,-999.0,-999.0,0,-999.0,-999.0,-999.0,0,0,-999.0,-999.0,-999.0,-999.0,0,-999.0,-999.0,-999.0,-999.0,-999.0,0,-999.0,-999.0,-999.0,0,0,0.6860659718513489,19.499799728393555,0.2371480017900467,-999.0,1,19.499799728393555,19.499799728393555,-999.0,-999.0,-999.0,1,20.23390007019043,0.2371480017900467,-999.0,1,4112,0.027060658767474408
PSO J139.6293+35.9161,-999,-999,-999,151091396293109898,3578835000031690,214022515358665,0,16486948118684,15109,1,2038,90,0.960755781234015,3578835,49831,3,268959744,0,32,-999.0,-999.0,-999.0,-999.0,139.62932428,35.91608143,0.5009700059890747,0.5009700059890747,,,,,55249.31701389,-999.0,-0.6170209465310448,0.5245816941569338,0.5865996911841795,130.80774801633206,19.24013437526697,188.04142700585388,44.342092935800366,-999,0,1,0,1,0,0,0,-999.0,-999.0,-999.0,-999.0,0,-999.0,-999.0,-999.0,-999.0,-999.0,0,-999.0,-999.0,-999.0,0,0,0.5190100073814392,22.136699676513672,-999.0,-999.0,1,22.136699676513672,22.136699676513672,-999.0,-999.0,-999.0,0,-999.0,-999.0,-999.0,0,4120,-999.0,-999.0,-999.0,-999.0,0,-999.0,-999.0,-999.0,-999.0,-999.0,0,-999.0,-999.0,-999.0,0,0,-999.0,-999.0,-999.0,-999.0,0,-999.0,-999.0,-999.0,-999.0,-999.0,0,-999.0,-999.0,-999.0,0,0,-999.0,-999.0,-999.0,-999.0,0,-999.0,-999.0,-999.0,-999.0,-999.0,0,-999.0,-999.0,-999.0,0,0,0.027590476919638608
PSO J139.6296+35.9124,-999,-999,-999,151091396295365442,3578835000031744,214022515358719,0,16486947904773,15109,1,2038,90,0.869371277158494,3578835,49831,3,268959744,0,32,-999.0,-999.0,-999.0,-999.0,139.62955773,35.91236852,0.31703999638557434,0.31703999638557434,,,,,55249.29614583,-999.0,-0.6170520437831767,0.5246038011453009,0.5865472078928566,130.80919993269433,19.23667861785729,188.04662317589148,44.341986515047545,-999,0,1,0,0,1,0,0,-999.0,-999.0,-999.0,-999.0,0,-999.0,-999.0,-999.0,-999.0,-999.0,0,-999.0,-999.0,-999.0,0,0,-999.0,-999.0,-999.0,-999.0,0,-999.0,-999.0,-999.0,-999.0,-999.0,0,-999.0,-999.0,-999.0,0,0,0.7946670055389404,21.464099884033203,0.31668001413345337,-999.0,1,21.464099884033203,21.464099884033203,-999.0,-999.0,-999.0,0,21.68000030517578,0.31668001413345337,-999.0,1,4120,-999.0,-999.0,-999.0,-999.0,0,-999.0,-999.0,-999.0,-999.0,-999.0,0,-999.0,-999.0,-999.0,0,0,-999.0,-999.0,-999.0,-999.0,0,-999.0,-999.0,-999.0,-999.0,-999.0,0,-999.0,-999.0,-999.0,0,0,0.02730818641955805
PSO J139.6296+35.9118,-999,-999,-999,151091396296154760,3578835000031757,214022515358732,0,16486947903773,15109,1,2038,90,0.713719385409466,3578835,49831,3,268959744,0,32,-999.0,-999.0,-999.0,-999.0,139.62963676,35.91179891,0.3307099938392639,0.3307099938392639,,,,,56331.38431713,-999.0,-0.6170572099923478,0.5246067270175355,0.58653915603684,130.80945778166821,19.236159692603458,188.04742422522108,44.342005059985915,-999,0,1,0,1,0,0,0,-999.0,-999.0,-999.0,-999.0,0,-999.0,-999.0,-999.0,-999.0,-999.0,0,-999.0,-999.0,-999.0,0,0,0.4565660059452057,21.91189956665039,0.33036699891090393,-999.0,1,21.91189956665039,21.91189956665039,-999.0,-999.0,-999.0,0,21.865999221801758,0.33036699891090393,-999.0,1,4120,-999.0,-999.0,-999.0,-999.0,0,-999.0,-999.0,-999.0,-999.0,-999.0,0,-999.0,-999.0,-999.0,0,0,-999.0,-999.0,-999.0,-999.0,0,-999.0,-999.0,-999.0,-999.0,-999.0,0,-999.0,-999.0,-999.0,0,0,-999.0,-999.0,-999.0,-999.0,0,-999.0,-999.0,-999.0,-999.0,-999.0,0,-999.0,-999.0,-999.0,0,0,0.027344412142641748
PSO J139.6298+35.9145,-999,-999,-999,151091396297658086,3578835000031796,214022515358771,0,16486948119455,15109,1,2038,90,0.460659628231693,3578835,49831,3,268959744,0,32,-999.0,-999.0,-999.0,-999.0,139.62981107,35.91454588,0.22840000689029694,0.22840000689029694,,,,,55932.4596412,-999.0,-0.6170373807055914,0.524586634617807,0.5865779859424887,130.80866552692046,19.23880662413003,188.04361108674127,44.342364005616226,-999,0,1,0,0,0,1,0,-999.0,-999.0,-999.0,-999.0,0,-999.0,-999.0,-999.0,-999.0,-999.0,0,-999.0,-999.0,-999.0,0,0,-999.0,-999.0,-999.0,-999.0,0,-999.0,-999.0,-999.0,-999.0,-999.0,0,-999.0,-999.0,-999.0,0,0,-999.0,-999.0,-999.0,-999.0,0,-999.0,-999.0,-999.0,-999.0,-999.0,0,-999.0,-999.0,-999.0,0,0,0.7601950168609619,20.906099319458008,0.22791099548339844,-999.0,1,20.906099319458008,20.906099319458008,-999.0,-999.0,-999.0,0,21.35650062561035,0.22791099548339844,-999.0,1,4120,-999.0,-999.0,-999.0,-999.0,0,-999.0,-999.0,-999.0,-999.0,-999.0,0,-999.0,-999.0,-999.0,0,0,0.027726058090809785
PSO J139.6306+35.9130,-999,-999,-999,151091396305836263,3578835000187447,214022515516045,0,16486948122149,15109,1,2038,90,0.448536856517696,3578835,49831,3,404226048,0,48,139.63059447,35.91295847,0.0010000000474974513,0.0010000000474974513,139.63059447,35.91295847,0.0010000000474974513,0.0010000000474974513,,,,,55646.00913194,-999.0,-0.6170569347643727,0.5245887239523978,0.5865555472086098,130.80984163900789,19.23750686812854,188.04589415429905,44.34287039759994,-999,4,0,0,0,0,0,0,-999.0,-999.0,-999.0,-999.0,0,-999.0,-999.0,-999.0,-999.0,-999.0,0,-999.0,-999.0,-999.0,0,16416,-999.0,-999.0,-999.0,-999.0,0,-999.0,-999.0,-999.0,-999.0,-999.0,0,-999.0,-999.0,-999.0,0,114720,-999.0,-999.0,-999.0,-999.0,0,-999.0,-999.0,-999.0,-999.0,-999.0,0,-999.0,-999.0,-999.0,0,114720,-999.0,-999.0,-999.0,-999.0,0,-999.0,-999.0,-999.0,-999.0,-999.0,0,-999.0,-999.0,-999.0,0,16416,-999.0,-999.0,-999.0,-999.0,0,-999.0,-999.0,-999.0,-999.0,-999.0,0,-999.0,-999.0,-999.0,0,16416,0.02818640813632742
PSO J139.6320+35.9150,-999,-999,-999,151091396319728637,3578835000032310,214022515359285,0,16486948119186,15109,1,2038,90,0.578003355840224,3578835,49831,3,268959744,0,32,-999.0,-999.0,-999.0,-999.0,139.631987,35.91503059,0.44718998670578003,0.44718998670578003,,,,,55249.31701389,-999.0,-0.6170535217453975,0.5245599868333953,0.5865848374403742,130.8102684753493,19.239831351575894,188.04313112208723,44.344159192723595,-999,0,1,0,1,0,0,0,-999.0,-999.0,-999.0,-999.0,0,-999.0,-999.0,-999.0,-999.0,-999.0,0,-999.0,-999.0,-999.0,0,0,0.745648980140686,22.638200759887695,0.4469369947910309,-999.0,1,22.638200759887695,22.638200759887695,-999.0,-999.0,-999.0,0,-999.0,-999.0,-999.0,0,4120,-999.0,-999.0,-999.0,-999.0,0,-999.0,-999.0,-999.0,-999.0,-999.0,0,-999.0,-999.0,-999.0,0,0,-999.0,-999.0,-999.0,-999.0,0,-999.0,-999.0,-999.0,-999.0,-999.0,0,-999.0,-999.0,-999.0,0,0,-999.0,-999.0,-999.0,-999.0,0,-999.0,-999.0,-999.0,-999.0,-999.0,0,-999.0,-999.0,-999.0,0,0,0.0295390135392398
PSO J139.6338+35.9131,-999,-999,-999,151091396338156382,3578835000032780,214022515359755,0,16486948121803,15109,1,2038,90,0.314982150974667,3578835,49831,3,268959744,0,32,-999.0,-999.0,-999.0,-999.0,139.6338476,35.91314413,0.34850001335144043,0.34850001335144043,,,,,56283.60864583,-999.0,-0.6170852706213449,0.5245524569491758,0.5865581716170738,130.81242141415547,19.238528433481644,188.04592795550602,44.34551155644051,-999,0,1,1,0,0,0,0,0.6176739931106567,22.14080047607422,0.3481769859790802,-999.0,1,22.14080047607422,22.14080047607422,-999.0,-999.0,-999.0,0,22.2903995513916,0.3481769859790802,-999.0,1,4120,-999.0,-999.0,-999.0,-999.0,0,-999.0,-999.0,-999.0,-999.0,-999.0,0,-999.0,-999.0,-999.0,0,0,-999.0,-999.0,-999.0,-999.0,0,-999.0,-999.0,-999.0,-999.0,-999.0,0,-999.0,-999.0,-999.0,0,0,-999.0,-999.0,-999.0,-999.0,0,-999.0,-999.0,-999.0,-999.0,-999.0,0,-999.0,-999.0,-999.0,0,0,-999.0,-999.0,-999.0,-999.0,0,-999.0,-999.0,-999.0,-999.0,-999.0,0,-999.0,-999.0,-999.0,0,0,0.030827602456627787
PSO J139.6340+35.9079,-999,-999,-999,151091396339150118,3578835000032798,214022515359773,0,16486948112588,15109,1,2038,90,0.0477317478952294,3578835,49831,3,302067712,0,36,-999.0,-999.0,-999.0,-999.0,139.63395064,35.90792241,0.19585999846458435,0.19585999846458435,,,,,56283.60864583,-999.0,-0.6171269412433374,0.5245859672256837,0.5864843573204115,130.81428039581604,19.233609833921317,188.05321582507943,44.3451799043421,-999,0,1,1,0,0,0,0,0.9990280270576477,21.818899154663086,0.19528500735759735,-999.0,1,21.818899154663086,21.818899154663086,-999.0,-999.0,-999.0,0,23.2096004486084,0.19528500735759735,-999.0,1,280,-999.0,-999.0,-999.0,-999.0,0,-999.0,-999.0,-999.0,-999.0,-999.0,0,-999.0,-999.0,-999.0,0,0,-999.0,-999.0,-999.0,-999.0,0,-999.0,-999.0,-999.0,-999.0,-999.0,0,-999.0,-999.0,-999.0,0,0,-999.0,-999.0,-999.0,-999.0,0,-999.0,-999.0,-999.0,-999.0,-999.0,0,-999.0,-999.0,-999.0,0,0,-999.0,-999.0,-999.0,-999.0,0,-999.0,-999.0,-999.0,-999.0,-999.0,0,-999.0,-999.0,-999.0,0,0,0.03094840813194507
PSO J139.6341+35.9142,-999,-999,-999,151091396340267632,3578835000032827,214022515359802,0,16486948120896,15109,1,2038,90,0.24111066129162,3578835,49831,3,268959744,0,32,-999.0,-999.0,-999.0,-999.0,139.63405405,35.9141951,0.23747999966144562,0.23747999966144562,,,,,55248.31858796,-999.0,-0.617078962934482,0.5245432649947726,0.5865730275526895,130.8122318168955,19.239577457360685,188.04448154873592,44.34576167167976,-999,0,1,1,0,0,0,0,0.7544789910316467,22.003299713134766,0.23700200021266937,-999.0,1,22.003299713134766,22.003299713134766,22.32740020751953,0.32821598649024963,-999.0,1,21.955400466918945,0.23700200021266937,-999.0,1,4120,-999.0,-999.0,-999.0,-999.0,0,-999.0,-999.0,-999.0,-999.0,-999.0,0,-999.0,-999.0,-999.0,0,0,-999.0,-999.0,-999.0,-999.0,0,-999.0,-999.0,-999.0,-999.0,-999.0,0,-999.0,-999.0,-999.0,0,0,-999.0,-999.0,-999.0,-999.0,0,-999.0,-999.0,-999.0,-999.0,-999.0,0,-999.0,-999.0,-999.0,0,0,-999.0,-999.0,-999.0,-999.0,0,-999.0,-999.0,-999.0,-999.0,-999.0,0,-999.0,-999.0,-999.0,0,0,0.0310929461380347
PSO J139.6346+35.9135,-999,-999,-999,151091396345596825,3578835000032948,214022515359923,0,16486948121245,15109,1,2038,90,0.595185586805628,3578835,49831,3,268959744,0,32,-999.0,-999.0,-999.0,-999.0,139.63457937,35.91352975,0.4217900037765503,0.4217900037765503,,,,,55248.2472338,-999.0,-0.6170889621387724,0.5245420188165669,0.5865636225528592,130.81288480707047,19.239083892952827,188.04545622872882,44.346132966262275,-999,0,1,0,0,0,0,1,-999.0,-999.0,-999.0,-999.0,0,-999.0,-999.0,-999.0,-999.0,-999.0,0,-999.0,-999.0,-999.0,0,0,-999.0,-999.0,-999.0,-999.0,0,-999.0,-999.0,-999.0,-999.0,-999.0,0,-999.0,-999.0,-999.0,0,0,-999.0,-999.0,-999.0,-999.0,0,-999.0,-999.0,-999.0,-999.0,-999.0,0,-999.0,-999.0,-999.0,0,0,-999.0,-999.0,-999.0,-999.0,0,-999.0,-999.0,-999.0,-999.0,-999.0,0,-999.0,-999.0,-999.0,0,0,0.585893988609314,19.734600067138672,0.42152300477027893,-999.0,1,19.734600067138672,19.734600067138672,-999.0,-999.0,-999.0,0,20.9867000579834,0.42152300477027893,-999.0,1,4120,0.03145017994949528
PSO J139.6346+35.9109,-999,-999,-999,151091396345623722,3578835000032947,214022515359922,0,16486948124266,15109,1,2038,90,0.0171503489996776,3578835,49831,3,268959744,0,32,-999.0,-999.0,-999.0,-999.0,139.63458969,35.91093698,0.4702799916267395,0.4702799916267395,,,,,55248.31858796,-999.0,-0.6171092801812431,0.5245590982275471,0.5865269719125376,130.81377470359567,19.236631020375242,188.04907129283407,44.345935404344935,-999,0,1,1,0,0,0,0,0.5938299894332886,22.603099822998047,0.4700450003147125,-999.0,1,22.603099822998047,22.603099822998047,-999.0,-999.0,-999.0,0,22.965700149536133,0.4700450003147125,-999.0,1,4120,-999.0,-999.0,-999.0,-999.0,0,-999.0,-999.0,-999.0,-999.0,-999.0,0,-999.0,-999.0,-999.0,0,0,-999.0,-999.0,-999.0,-999.0,0,-999.0,-999.0,-999.0,-999.0,-999.0,0,-999.0,-999.0,-999.0,0,0,-999.0,-999.0,-999.0,-999.0,0,-999.0,-999.0,-999.0,-999.0,-999.0,0,-999.0,-999.0,-999.0,0,0,-999.0,-999.0,-999.0,-999.0,0,-999.0,-999.0,-999.0,-999.0,-999.0,0,-999.0,-999.0,-999.0,0,0,0.03133652349783178
PSO J139.6362+35.9130,-999,-999,-999,151091396362196253,3578835000033363,214022515360338,0,16486948123101,15109,1,2038,90,0.83326983343183,3578835,49831,3,268959744,0,32,-999.0,-999.0,-999.0,-999.0,139.63624549,35.91304653,0.43693000078201294,0.43693000078201294,,,,,55248.28315972,-999.0,-0.6171079844783521,0.5245272779055542,0.5865567919869783,130.81440267990058,19.239059417268432,188.04627960905782,44.34743974693592,-999,0,1,0,0,1,0,0,-999.0,-999.0,-999.0,-999.0,0,-999.0,-999.0,-999.0,-999.0,-999.0,0,-999.0,-999.0,-999.0,0,0,-999.0,-999.0,-999.0,-999.0,0,-999.0,-999.0,-999.0,-999.0,-999.0,0,-999.0,-999.0,-999.0,0,0,0.6198030114173889,21.963199615478516,0.4366709887981415,-999.0,1,21.963199615478516,21.963199615478516,-999.0,-999.0,-999.0,0,22.732500076293945,0.4366709887981415,-999.0,1,4120,-999.0,-999.0,-999.0,-999.0,0,-999.0,-999.0,-999.0,-999.0,-999.0,0,-999.0,-999.0,-999.0,0,0,-999.0,-999.0,-999.0,-999.0,0,-999.0,-999.0,-999.0,-999.0,-999.0,0,-999.0,-999.0,-999.0,0,0,0.03275721443374825
PSO J139.6368+35.9088,-999,-999,-999,151091396366451287,3578835000033456,214022515360431,0,16486948123953,15109,1,2038,90,0.105682449513751,3578835,49831,3,268513280,0,32,-999.0,-999.0,-999.0,-999.0,139.63684797,35.90878376,0.021689999848604202,0.021689999848604202,,,,,55613.28707176,-999.0,-0.6171467495777159,0.5245490495959039,0.5864965337098711,130.81634147414633,19.23517889539235,188.05227594344308,44.34758764343514,-999,0,1,0,1,0,0,0,-999.0,-999.0,-999.0,-999.0,0,-999.0,-999.0,-999.0,-999.0,-999.0,0,-999.0,-999.0,-999.0,0,0,0.997829020023346,16.990999221801758,0.015667999163269997,-999.0,1,16.990999221801758,16.990999221801758,17.355899810791016,0.02917799912393093,-999.0,1,17.243099212646484,0.015667999163269997,-999.0,1,16,-999.0,-999.0,-999.0,-999.0,0,-999.0,-999.0,-999.0,-999.0,-999.0,0,-999.0,-999.0,-999.0,0,0,-999.0,-999.0,-999.0,-999.0,0,-999.0,-999.0,-999.0,-999.0,-999.0,0,-999.0,-999.0,-999.0,0,0,-999.0,-999.0,-999.0,-999.0,0,-999.0,-999.0,-999.0,-999.0,-999.0,0,-999.0,-999.0,-999.0,0,0,0.033223700981308266
PSO J139.6369+35.9151,-999,-999,-999,151091396368768705,3578835000187534,214022515516132,0,16486948120794,15109,1,2038,90,0.245981024807301,3578835,49831,3,1343750144,0,160,139.63687675,35.91509978,0.0010000000474974513,0.0010000000474974513,139.63687675,35.91509978,0.0010000000474974513,0.0010000000474974513,,,,,55629.26444444,-999.0,-0.6170977468850238,0.5245068654425757,0.5865858154550201,130.8142173997635,19.241168117623705,188.0434741673103,44.34811233947755,-999,1,0,0,0,0,0,0,-999.0,-999.0,-999.0,-999.0,0,-999.0,-999.0,-999.0,-999.0,-999.0,0,-999.0,-999.0,-999.0,0,16416,-999.0,-999.0,-999.0,-999.0,0,-999.0,-999.0,-999.0,-999.0,-999.0,0,-999.0,-999.0,-999.0,0,16416,-999.0,-999.0,-999.0,-999.0,0,-999.0,-999.0,-999.0,-999.0,-999.0,0,-999.0,-999.0,-999.0,0,114720,-999.0,-999.0,-999.0,-999.0,0,-999.0,-999.0,-999.0,-999.0,-999.0,0,-999.0,-999.0,-999.0,0,16416,-999.0,-999.0,-999.0,-999.0,0,-999.0,-999.0,-999.0,-999.0,-999.0,0,-999.0,-999.0,-999.0,0,16416,0.03347129499069198
PSO J139.6370+35.9126,-999,-999,-999,151091396369905734,3578835000187536,214022515516134,0,16486948122992,15109,1,2038,90,0.174183318553663,3578835,49831,3,1343750144,0,160,139.636997,35.91262059,0.0010000000474974513,0.0010000000474974513,139.636997,35.91262059,0.0010000000474974513,0.0010000000474974513,,,,,55646.00913194,-999.0,-0.6171181867865713,0.5245220076369789,0.586550771069076,130.81515804002314,19.238851408225475,188.04694092227987,44.34801266987057,-999,3,0,0,0,0,0,0,-999.0,-999.0,-999.0,-999.0,0,-999.0,-999.0,-999.0,-999.0,-999.0,0,-999.0,-999.0,-999.0,0,16416,-999.0,-999.0,-999.0,-999.0,0,-999.0,-999.0,-999.0,-999.0,-999.0,0,-999.0,-999.0,-999.0,0,114720,-999.0,-999.0,-999.0,-999.0,0,-999.0,-999.0,-999.0,-999.0,-999.0,0,-999.0,-999.0,-999.0,0,16416,-999.0,-999.0,-999.0,-999.0,0,-999.0,-999.0,-999.0,-999.0,-999.0,0,-999.0,-999.0,-999.0,0,16416,-999.0,-999.0,-999.0,-999.0,0,-999.0,-999.0,-999.0,-999.0,-999.0,0,-999.0,-999.0,-999.0,0,16416,0.03333788642135912
PSO J139.6374+35.9122,-999,-999,-999,151091396373495230,3578835000033622,214022515360597,0,16486948122952,15109,1,2038,90,0.134168473197304,3578835,49831,3,268959744,0,32,-999.0,-999.0,-999.0,-999.0,139.63736969,35.91218248,0.25356999039649963,0.25356999039649963,,,,,55250.27738426,-999.0,-0.6171250160203441,0.5245208980760695,0.586544578087091,130.81560978010592,19.238533384072305,188.047585147786,44.34827878535003,-999,0,1,0,0,0,0,1,-999.0,-999.0,-999.0,-999.0,0,-999.0,-999.0,-999.0,-999.0,-999.0,0,-999.0,-999.0,-999.0,0,0,-999.0,-999.0,-999.0,-999.0,0,-999.0,-999.0,-999.0,-999.0,-999.0,0,-999.0,-999.0,-999.0,0,0,-999.0,-999.0,-999.0,-999.0,0,-999.0,-999.0,-999.0,-999.0,-999.0,0,-999.0,-999.0,-999.0,0,0,-999.0,-999.0,-999.0,-999.0,0,-999.0,-999.0,-999.0,-999.0,-999.0,0,-999.0,-999.0,-999.0,0,0,0.6919400095939636,19.131099700927734,0.2531229853630066,-999.0,1,19.131099700927734,19.131099700927734,19.14900016784668,0.26890701055526733,-999.0,1,18.810400009155273,0.2531229853630066,-999.0,1,4112,0.03361784180533082
PSO J139.6404+35.9102,-999,-999,-999,151091396403722807,3578835000034372,214022515361347,0,16486948125648,15109,1,2038,90,0.836817507480101,3578835,49831,3,268959744,0,32,-999.0,-999.0,-999.0,-999.0,139.64040247,35.9101759,0.3059900104999542,0.3059900104999542,,,,,56232.65667824,-999.0,-0.6171684313368574,0.5245015337644796,0.5865162132796595,130.8187559482721,19.237421551475755,188.0506550457182,44.3505680621561,-999,0,1,0,0,0,0,1,-999.0,-999.0,-999.0,-999.0,0,-999.0,-999.0,-999.0,-999.0,-999.0,0,-999.0,-999.0,-999.0,0,0,-999.0,-999.0,-999.0,-999.0,0,-999.0,-999.0,-999.0,-999.0,-999.0,0,-999.0,-999.0,-999.0,0,0,-999.0,-999.0,-999.0,-999.0,0,-999.0,-999.0,-999.0,-999.0,-999.0,0,-999.0,-999.0,-999.0,0,0,-999.0,-999.0,-999.0,-999.0,0,-999.0,-999.0,-999.0,-999.0,-999.0,0,-999.0,-999.0,-999.0,0,0,0.5503990054130554,19.92970085144043,0.3056179881095886,-999.0,1,19.92970085144043,19.92970085144043,-999.0,-999.0,-999.0,0,21.62660026550293,0.3056179881095886,-999.0,1,4120,0.03604865936293251
PSO J139.6404+35.9142,-999,-999,-999,151091396403957696,3578835000034379,214022515361354,0,16486948116443,15109,1,2038,90,0.775666704192447,3578835,49831,3,268959744,0,32,-999.0,-999.0,-999.0,-999.0,139.64041502,35.9142474,0.23954999446868896,0.23954999446868896,,,,,55249.27380787,-999.0,-0.617136785862707,0.5244744070018764,0.5865737668316555,130.81738173559393,19.24128080070242,188.04498031487367,44.35090130093617,-999,0,1,0,0,0,0,1,-999.0,-999.0,-999.0,-999.0,0,-999.0,-999.0,-999.0,-999.0,-999.0,0,-999.0,-999.0,-999.0,0,0,-999.0,-999.0,-999.0,-999.0,0,-999.0,-999.0,-999.0,-999.0,-999.0,0,-999.0,-999.0,-999.0,0,0,-999.0,-999.0,-999.0,-999.0,0,-999.0,-999.0,-999.0,-999.0,-999.0,0,-999.0,-999.0,-999.0,0,0,-999.0,-999.0,-999.0,-999.0,0,-999.0,-999.0,-999.0,-999.0,-999.0,0,-999.0,-999.0,-999.0,0,0,0.7557860016822815,19.585500717163086,0.23907600343227386,-999.0,1,19.585500717163086,19.585500717163086,-999.0,-999.0,-999.0,0,20.749300003051758,0.23907600343227386,-999.0,1,4112,0.03622256230419888
PSO J139.6408+35.9112,-999,-999,-999,151091396407654020,3578835000034472,214022515361447,0,16486948124973,15109,1,2038,90,0.947327326934158,3578835,49831,3,268959744,0,32,-999.0,-999.0,-999.0,-999.0,139.64079621,35.9111861,0.222120001912117,0.222120001912117,,,,,56232.65667824,-999.0,-0.6171641557540476,0.5244905958193617,0.5865304934523392,130.81873234634617,19.238480657905388,188.04928218451607,44.35096615051246,-999,0,1,0,0,0,0,1,-999.0,-999.0,-999.0,-999.0,0,-999.0,-999.0,-999.0,-999.0,-999.0,0,-999.0,-999.0,-999.0,0,0,-999.0,-999.0,-999.0,-999.0,0,-999.0,-999.0,-999.0,-999.0,-999.0,0,-999.0,-999.0,-999.0,0,0,-999.0,-999.0,-999.0,-999.0,0,-999.0,-999.0,-999.0,-999.0,-999.0,0,-999.0,-999.0,-999.0,0,0,-999.0,-999.0,-999.0,-999.0,0,-999.0,-999.0,-999.0,-999.0,-999.0,0,-999.0,-999.0,-999.0,0,0,0.6508529782295227,19.56410026550293,0.22161699831485748,-999.0,1,19.56410026550293,19.56410026550293,-999.0,-999.0,-999.0,0,20.22760009765625,0.22161699831485748,-999.0,1,4120,0.03636537407069871
PSO J139.6409+35.9125,-999,-999,-999,151091396408455600,3578835000034496,214022515361471,0,16486948117540,15109,1,2038,90,0.729209695690507,3578835,49831,3,268959744,0,32,-999.0,-999.0,-999.0,-999.0,139.64086434,35.91250141,0.32829999923706055,0.32829999923706055,,,,,55249.27380787,-999.0,-0.617154519166773,0.5244811424027273,0.5865490863823414,130.81834045788924,19.23974405951831,188.04745469631135,44.35112553996795,-999,0,1,0,0,0,0,1,-999.0,-999.0,-999.0,-999.0,0,-999.0,-999.0,-999.0,-999.0,-999.0,0,-999.0,-999.0,-999.0,0,0,-999.0,-999.0,-999.0,-999.0,0,-999.0,-999.0,-999.0,-999.0,-999.0,0,-999.0,-999.0,-999.0,0,0,-999.0,-999.0,-999.0,-999.0,0,-999.0,-999.0,-999.0,-999.0,-999.0,0,-999.0,-999.0,-999.0,0,0,-999.0,-999.0,-999.0,-999.0,0,-999.0,-999.0,-999.0,-999.0,-999.0,0,-999.0,-999.0,-999.0,0,0,0.4793429970741272,19.845399856567383,0.3279550075531006,-999.0,1,19.845399856567383,19.845399856567383,-999.0,-999.0,-999.0,0,-999.0,-999.0,-999.0,0,4112,0.03645972724429955
PSO J139.6425+35.9139,-999,-999,-999,151091396424707233,3578835000034935,214022515361910,0,16486948118084,15109,1,2038,90,0.269886246202408,3578835,49831,3,268959744,0,32,-999.0,-999.0,-999.0,-999.0,139.64248983,35.91386219,0.20201000571250916,0.20201000571250916,,,,,55249.27380787,-999.0,-0.6171587829803787,0.5244546124502232,0.5865683217408387,130.81919831326155,19.24145545720966,188.0457037205914,44.35254583693736,-999,0,1,0,0,0,0,1,-999.0,-999.0,-999.0,-999.0,0,-999.0,-999.0,-999.0,-999.0,-999.0,0,-999.0,-999.0,-999.0,0,0,-999.0,-999.0,-999.0,-999.0,0,-999.0,-999.0,-999.0,-999.0,-999.0,0,-999.0,-999.0,-999.0,0,0,-999.0,-999.0,-999.0,-999.0,0,-999.0,-999.0,-999.0,-999.0,-999.0,0,-999.0,-999.0,-999.0,0,0,-999.0,-999.0,-999.0,-999.0,0,-999.0,-999.0,-999.0,-999.0,-999.0,0,-999.0,-999.0,-999.0,0,0,0.8006489872932434,19.434099197387695,0.20145699381828308,-999.0,1,19.434099197387695,19.434099197387695,-999.0,-999.0,-999.0,0,20.792699813842773,0.20145699381828308,-999.0,1,4112,0.03786195866575374
PSO J139.6430+35.9099,-999,-999,-999,151091396429552476,3578835000035055,214022515362030,0,16486948116675,15109,1,2038,90,0.572728607405656,3578835,49831,3,268959744,0,32,-999.0,-999.0,-999.0,-999.0,139.64297411,35.90990219,0.24028000235557556,0.24028000235557556,,,,,55259.45824074,-999.0,-0.6171941073105479,0.5244756468454532,0.5865123440876409,130.82093829939944,19.237831007868497,188.0512678462515,44.35262263221992,-999,0,1,0,0,1,0,0,-999.0,-999.0,-999.0,-999.0,0,-999.0,-999.0,-999.0,-999.0,-999.0,0,-999.0,-999.0,-999.0,0,0,-999.0,-999.0,-999.0,-999.0,0,-999.0,-999.0,-999.0,-999.0,-999.0,0,-999.0,-999.0,-999.0,0,0,0.5242120027542114,20.185699462890625,0.23981499671936035,-999.0,1,20.185699462890625,20.185699462890625,-999.0,-999.0,-999.0,0,21.30900001525879,0.23981499671936035,-999.0,1,4112,-999.0,-999.0,-999.0,-999.0,0,-999.0,-999.0,-999.0,-999.0,-999.0,0,-999.0,-999.0,-999.0,0,0,-999.0,-999.0,-999.0,-999.0,0,-999.0,-999.0,-999.0,-999.0,-999.0,0,-999.0,-999.0,-999.0,0,0,0.03813643855648474
PSO J139.6433+35.9082,-999,-999,-999,151091396432940439,3578835000035139,214022515362114,0,16486947992585,15109,1,2038,90,0.0714890957544456,3578835,49831,3,310456320,0,37,-999.0,-999.0,-999.0,-999.0,139.64334701,35.908211,0.17128999531269073,0.17128999531269073,,,,,55972.33878472,-999.0,-0.6172107127170949,0.5244828399674283,0.5864884369592949,130.82181631057742,19.236326305914883,188.0536590491653,44.35278945130446,-999,0,1,1,0,0,0,0,0.9983739852905273,21.709999084472656,0.17062999308109283,-999.0,1,21.709999084472656,21.709999084472656,20.891199111938477,0.18160699307918549,-999.0,1,20.942899703979492,0.17062999308109283,-999.0,1,16777488,-999.0,-999.0,-999.0,-999.0,0,-999.0,-999.0,-999.0,-999.0,-999.0,0,-999.0,-999.0,-999.0,0,0,-999.0,-999.0,-999.0,-999.0,0,-999.0,-999.0,-999.0,-999.0,-999.0,0,-999.0,-999.0,-999.0,0,0,-999.0,-999.0,-999.0,-999.0,0,-999.0,-999.0,-999.0,-999.0,-999.0,0,-999.0,-999.0,-999.0,0,0,-999.0,-999.0,-999.0,-999.0,0,-999.0,-999.0,-999.0,-999.0,-999.0,0,-999.0,-999.0,-999.0,0,0,0.0385132327923032
PSO J139.5502+35.9163,-999,-999,-999,151101395501940190,3578835000011968,214022515338943,0,16486948613340,15110,1,2038,90,0.527025995335566,3578835,49831,3,277348352,0,33,-999.0,-999.0,-999.0,-999.0,139.55022826,35.91627792,0.07677000015974045,0.07677000015974045,,,,,55250.34751157,-999.0,-0.6162946503043314,0.5254316776448995,0.5866024685709463,130.7434230653944,19.21977232903075,188.03401385693167,44.27825467949984,-999,0,1,1,0,0,0,0,0.535427987575531,19.7096004486084,0.07529199868440628,-999.0,1,19.7096004486084,19.7096004486084,-999.0,-999.0,-999.0,0,19.199100494384766,0.07529199868440628,-999.0,1,16781328,-999.0,-999.0,-999.0,-999.0,0,-999.0,-999.0,-999.0,-999.0,-999.0,0,-999.0,-999.0,-999.0,0,0,-999.0,-999.0,-999.0,-999.0,0,-999.0,-999.0,-999.0,-999.0,-999.0,0,-999.0,-999.0,-999.0,0,0,-999.0,-999.0,-999.0,-999.0,0,-999.0,-999.0,-999.0,-999.0,-999.0,0,-999.0,-999.0,-999.0,0,0,-999.0,-999.0,-999.0,-999.0,0,-999.0,-999.0,-999.0,-999.0,-999.0,0,-999.0,-999.0,-999.0,0,0,0.03740047197875936
PSO J139.5504+35.9179,-999,-999,-999,151101395504072053,3578835000012024,214022515338999,0,16486948612419,15110,1,2038,90,0.0846196572153081,3578835,49831,3,268959744,0,32,-999.0,-999.0,-999.0,-999.0,139.55040076,35.91788137,0.27279001474380493,0.27279001474380493,,,,,55250.26215278,-999.0,-0.6162837395073658,0.5254191713795293,0.5866251330838682,130.7430188484773,19.22133594182561,188.03179708878199,44.27852236301674,-999,0,1,0,0,0,0,1,-999.0,-999.0,-999.0,-999.0,0,-999.0,-999.0,-999.0,-999.0,-999.0,0,-999.0,-999.0,-999.0,0,0,-999.0,-999.0,-999.0,-999.0,0,-999.0,-999.0,-999.0,-999.0,-999.0,0,-999.0,-999.0,-999.0,0,0,-999.0,-999.0,-999.0,-999.0,0,-999.0,-999.0,-999.0,-999.0,-999.0,0,-999.0,-999.0,-999.0,0,0,-999.0,-999.0,-999.0,-999.0,0,-999.0,-999.0,-999.0,-999.0,-999.0,0,-999.0,-999.0,-999.0,0,0,0.634893000125885,19.4822998046875,0.2723749876022339,-999.0,1,19.4822998046875,19.4822998046875,-999.0,-999.0,-999.0,0,20.80340003967285,0.2723749876022339,-999.0,1,4112,0.037533322542205455
PSO J139.5505+35.9213,-999,-999,-999,151101395504556147,3578835000012046,214022515339021,0,16486948656769,15110,1,2038,90,0.741829681901103,3578835,49831,3,302067712,0,36,-999.0,-999.0,-999.0,-999.0,139.55046217,35.92127982,0.22799000144004822,0.22799000144004822,,,,,55249.29614583,-999.0,-0.6162578232264045,0.525395935576564,0.5866731681199342,130.741914956529,19.22457097734256,188.0270711304004,44.278843991520574,-999,0,1,0,0,1,0,0,-999.0,-999.0,-999.0,-999.0,0,-999.0,-999.0,-999.0,-999.0,-999.0,0,-999.0,-999.0,-999.0,0,0,-999.0,-999.0,-999.0,-999.0,0,-999.0,-999.0,-999.0,-999.0,-999.0,0,-999.0,-999.0,-999.0,0,0,0.9508460164070129,21.153400421142578,0.22749300301074982,-999.0,1,21.153400421142578,21.153400421142578,-999.0,-999.0,-999.0,1,22.382200241088867,0.22749300301074982,-999.0,1,280,-999.0,-999.0,-999.0,-999.0,0,-999.0,-999.0,-999.0,-999.0,-999.0,0,-999.0,-999.0,-999.0,0,0,-999.0,-999.0,-999.0,-999.0,0,-999.0,-999.0,-999.0,-999.0,-999.0,0,-999.0,-999.0,-999.0,0,0,0.038275968759390204
PSO J139.5518+35.9206,-999,-999,-999,151101395517635370,3578835000012385,214022515339360,0,16486948657143,15110,1,2038,90,0.111302322811729,3578835,49831,3,444915712,7,53,139.55178978,35.92063182,0.0010000000474974513,0.0010000000474974513,139.55178213774357,35.92064253526885,0.009980690062035065,0.009980690062035065,16.12504378873526,-6.849891469670071,6.4064343463684414,6.4064343463684414,55838.622117211795,5.360335826873779,-0.6162748927631617,0.5253859716123446,0.5866641606427871,130.74320451481523,19.22430729304951,188.02808182348156,44.2798581894801,-999,5,54,0,9,23,19,3,-999.0,-999.0,-999.0,-999.0,0,-999.0,-999.0,-999.0,-999.0,-999.0,0,-999.0,-999.0,-999.0,0,114720,0.9994120001792908,21.850000381469727,0.05478899925947189,0.16527600586414337,7,21.627700805664062,22.101699829101562,21.553800582885742,0.13840700685977936,0.40712499618530273,7,21.578500747680664,0.09555300325155258,0.31050699949264526,7,115000,0.9996830224990845,20.957700729370117,0.04050999879837036,0.1931069940328598,21,20.603200912475586,21.272600173950195,20.68869972229004,0.05700799822807312,0.30396899580955505,21,20.602800369262695,0.05794199928641319,0.27171599864959717,21,16892216,0.9996520280838013,20.40410041809082,0.023523999378085136,0.12009800225496292,18,20.222299575805664,20.609699249267578,19.97800064086914,0.06040700152516365,0.330375999212265,19,19.954099655151367,0.03384000062942505,0.19338500499725342,19,16892216,0.9991289973258972,19.932300567626953,0.24399800598621368,0.36607399582862854,3,19.68939971923828,20.388999938964844,19.57379913330078,0.1814499944448471,0.34614598751068115,3,19.567800521850586,0.03553999960422516,0.05592399835586548,3,115000,0.037074393377856646
PSO J139.5521+35.9200,-999,-999,-999,151101395521394645,3578835000012490,214022515339465,0,16486948656984,15110,1,2038,90,0.892389802161967,3578835,49831,3,268959744,0,32,-999.0,-999.0,-999.0,-999.0,139.55209863,35.92003486,0.21751999855041504,0.21751999855041504,,,,,55259.45824074,-999.0,-0.6162825298736563,0.5253866040166723,0.5866555716025839,130.74366707793018,19.22381657391194,188.028952597081,44.28006536536288,-999,0,1,0,0,1,0,0,-999.0,-999.0,-999.0,-999.0,0,-999.0,-999.0,-999.0,-999.0,-999.0,0,-999.0,-999.0,-999.0,0,0,-999.0,-999.0,-999.0,-999.0,0,-999.0,-999.0,-999.0,-999.0,-999.0,0,-999.0,-999.0,-999.0,0,0,0.5363950133323669,20.564599990844727,0.21700499951839447,-999.0,1,20.564599990844727,20.564599990844727,20.47760009765625,0.17489799857139587,-999.0,1,20.677200317382812,0.21700499951839447,-999.0,1,4112,-999.0,-999.0,-999.0,-999.0,0,-999.0,-999.0,-999.0,-999.0,-999.0,0,-999.0,-999.0,-999.0,0,0,-999.0,-999.0,-999.0,-999.0,0,-999.0,-999.0,-999.0,-999.0,-999.0,0,-999.0,-999.0,-999.0,0,0,0.03666900012890095
PSO J139.5523+35.9175,-999,-999,-999,151101395522851539,3578835000012515,214022515339490,0,16486948612731,15110,1,2038,90,0.349649241519765,3578835,49831,3,268959744,0,32,-999.0,-999.0,-999.0,-999.0,139.55228754,35.91745186,0.2641499936580658,0.2641499936580658,,,,,55918.63284722,-999.0,-0.6163043880163956,0.5254017294647717,0.5866190620727926,130.74469750216974,19.221418946906592,188.03256598905205,44.28001109134099,-999,0,1,0,1,0,0,0,-999.0,-999.0,-999.0,-999.0,0,-999.0,-999.0,-999.0,-999.0,-999.0,0,-999.0,-999.0,-999.0,0,0,0.7050989866256714,22.29490089416504,0.26371899247169495,-999.0,1,22.29490089416504,22.29490089416504,-999.0,-999.0,-999.0,1,22.456100463867188,0.26371899247169495,-999.0,1,4120,-999.0,-999.0,-999.0,-999.0,0,-999.0,-999.0,-999.0,-999.0,-999.0,0,-999.0,-999.0,-999.0,0,0,-999.0,-999.0,-999.0,-999.0,0,-999.0,-999.0,-999.0,-999.0,-999.0,0,-999.0,-999.0,-999.0,0,0,-999.0,-999.0,-999.0,-999.0,0,-999.0,-999.0,-999.0,-999.0,-999.0,0,-999.0,-999.0,-999.0,0,0,0.035951791421209564
PSO J139.5537+35.9182,-999,-999,-999,151101395536892396,3578835000012881,214022515339856,0,16486948614252,15110,1,2038,90,0.961788674780902,3578835,49831,3,268959744,0,32,-999.0,-999.0,-999.0,-999.0,139.55369845,35.9181593,0.20663000643253326,0.20663000643253326,,,,,55576.50894676,-999.0,-0.6163118137274323,0.5253818539156895,0.586629061533876,130.74560355117163,19.222455359359987,188.03170879520135,44.28120669960968,-999,0,1,0,0,1,0,0,-999.0,-999.0,-999.0,-999.0,0,-999.0,-999.0,-999.0,-999.0,-999.0,0,-999.0,-999.0,-999.0,0,0,-999.0,-999.0,-999.0,-999.0,0,-999.0,-999.0,-999.0,-999.0,-999.0,0,-999.0,-999.0,-999.0,0,0,0.6442999839782715,20.9064998626709,0.20608800649642944,-999.0,1,20.9064998626709,20.9064998626709,20.448200225830078,0.14702600240707397,-999.0,1,20.835100173950195,0.20608800649642944,-999.0,1,4120,-999.0,-999.0,-999.0,-999.0,0,-999.0,-999.0,-999.0,-999.0,-999.0,0,-999.0,-999.0,-999.0,0,0,-999.0,-999.0,-999.0,-999.0,0,-999.0,-999.0,-999.0,-999.0,-999.0,0,-999.0,-999.0,-999.0,0,0,0.034972645604875036
PSO J139.5539+35.9177,-999,-999,-999,151101395539361935,3578835000012952,214022515339927,0,16486948614237,15110,1,2038,90,0.605334152099988,3578835,49831,3,444915712,7,53,139.5538875,35.91769373,0.0010000000474974513,0.0010000000474974513,139.55389172403306,35.91769359904567,0.0026227365152682583,0.0026227365152682583,8.631606232667334,-0.392094474780154,1.4297714050344597,1.4297714050344597,55825.832273150816,5.741405010223389,-0.6163172145829026,0.5253828681512024,0.5866224789947865,130.74591946063452,19.222061374773094,188.03237901295668,44.28132491495667,-999,5,118,21,28,29,15,25,0.9997180104255676,21.664400100708008,0.04024700075387955,0.19242100417613983,19,21.333499908447266,22.059499740600586,21.23940086364746,0.05936000123620033,0.2665320038795471,19,21.170499801635742,0.0405299998819828,0.1985899955034256,19,16892216,0.9996200203895569,20.240400314331055,0.024393999949097633,0.09909400343894958,22,20.082000732421875,20.387399673461914,19.67889976501465,0.023521000519394875,0.12483400106430054,25,19.706100463867188,0.018911000341176987,0.09882400184869766,25,16892216,0.9996410012245178,19.474300384521484,0.016165999695658684,0.07282000035047531,22,19.313499450683594,19.5846004486084,18.896799087524414,0.011857000179588795,0.08751600235700607,28,18.931400299072266,0.01867000013589859,0.08840499818325043,28,16892216,0.9996650218963623,19.029499053955078,0.03210499882698059,0.17077100276947021,13,18.869600296020508,19.409500122070312,18.559099197387695,0.024560999125242233,0.11764699965715408,14,18.539899826049805,0.025397999212145805,0.13951799273490906,14,16892216,0.9996150135993958,18.925899505615234,0.03486299887299538,0.144227996468544,24,18.552499771118164,19.17289924621582,18.31529998779297,0.04316699877381325,0.30410701036453247,25,18.39940071105957,0.04427500069141388,0.22053000330924988,25,16892216,0.034723666230892715
PSO J139.5544+35.9237,-999,-999,-999,151101395543989090,3578835000013085,214022515340060,0,16486948667190,15110,1,2038,90,0.988475405600365,3578835,49831,3,268959744,0,32,-999.0,-999.0,-999.0,-999.0,139.55439763,35.92372711,0.1306000053882599,0.1306000053882599,,,,,56759.31069444,-999.0,-0.6162748386925277,0.525337348876504,0.5867077578061375,130.74428111930527,19.22791080623203,188.02401980207034,44.28221650760674,-999,0,1,0,0,1,0,0,-999.0,-999.0,-999.0,-999.0,0,-999.0,-999.0,-999.0,-999.0,-999.0,0,-999.0,-999.0,-999.0,0,0,-999.0,-999.0,-999.0,-999.0,0,-999.0,-999.0,-999.0,-999.0,-999.0,0,-999.0,-999.0,-999.0,0,0,0.705066978931427,16.273000717163086,0.1297370046377182,-999.0,1,16.273000717163086,16.273000717163086,-999.0,-999.0,-999.0,0,16.752599716186523,0.1297370046377182,-999.0,1,4112,-999.0,-999.0,-999.0,-999.0,0,-999.0,-999.0,-999.0,-999.0,-999.0,0,-999.0,-999.0,-999.0,0,0,-999.0,-999.0,-999.0,-999.0,0,-999.0,-999.0,-999.0,-999.0,-999.0,0,-999.0,-999.0,-999.0,0,0,0.03602952241230424
PSO J139.5545+35.9179,-999,-999,-999,151101395545082120,3578835000013108,214022515340083,0,16486948614343,15110,1,2038,90,0.544456674293109,3578835,49831,3,268959744,0,32,-999.0,-999.0,-999.0,-999.0,139.55450267,35.91792626,0.29131999611854553,0.29131999611854553,,,,,55250.29357639,-999.0,-0.6163210038779887,0.5253747509900772,0.5866257675903288,130.74633602485153,19.222443420654816,188.03210608389938,44.28183725906913,-999,0,1,0,0,1,0,0,-999.0,-999.0,-999.0,-999.0,0,-999.0,-999.0,-999.0,-999.0,-999.0,0,-999.0,-999.0,-999.0,0,0,-999.0,-999.0,-999.0,-999.0,0,-999.0,-999.0,-999.0,-999.0,-999.0,0,-999.0,-999.0,-999.0,0,0,0.785506010055542,21.281099319458008,0.2909330129623413,-999.0,1,21.281099319458008,21.281099319458008,-999.0,-999.0,-999.0,0,20.903900146484375,0.2909330129623413,-999.0,1,4112,-999.0,-999.0,-999.0,-999.0,0,-999.0,-999.0,-999.0,-999.0,-999.0,0,-999.0,-999.0,-999.0,0,0,-999.0,-999.0,-999.0,-999.0,0,-999.0,-999.0,-999.0,-999.0,-999.0,0,-999.0,-999.0,-999.0,0,0,0.034286892096913414
PSO J139.5552+35.9174,-999,-999,-999,151101395551971527,3578835000013289,214022515340264,0,16486948614990,15110,1,2038,90,0.192061985090433,3578835,49831,3,302067712,0,36,-999.0,-999.0,-999.0,-999.0,139.55519938,35.91742351,0.5651199817657471,0.5651199817657471,,,,,56759.31069444,-999.0,-0.6163313096609596,0.5253705957563646,0.5866186613518266,130.7470727314812,19.222148097974685,188.03286916931066,44.28235944407158,-999,0,1,0,0,1,0,0,-999.0,-999.0,-999.0,-999.0,0,-999.0,-999.0,-999.0,-999.0,-999.0,0,-999.0,-999.0,-999.0,0,0,-999.0,-999.0,-999.0,-999.0,0,-999.0,-999.0,-999.0,-999.0,-999.0,0,-999.0,-999.0,-999.0,0,0,0.9415029883384705,17.98040008544922,-999.0,-999.0,1,17.98040008544922,17.98040008544922,-999.0,-999.0,-999.0,0,-999.0,-999.0,-999.0,0,272,-999.0,-999.0,-999.0,-999.0,0,-999.0,-999.0,-999.0,-999.0,-999.0,0,-999.0,-999.0,-999.0,0,0,-999.0,-999.0,-999.0,-999.0,0,-999.0,-999.0,-999.0,-999.0,-999.0,0,-999.0,-999.0,-999.0,0,0,0.033632078937627
PSO J139.5559+35.9178,-999,-999,-999,151101395558841923,3578835000013452,214022515340427,0,16486948607883,15110,1,2038,90,0.0377949681485025,3578835,49831,3,302067712,0,36,-999.0,-999.0,-999.0,-999.0,139.55590174,35.9177637,0.1877399981021881,0.1877399981021881,,,,,55268.34450231,-999.0,-0.6163350991486547,0.5253607809643981,0.5866234698525927,130.74752783058668,19.222652691196647,188.03245909942098,44.28295366224724,-999,0,1,0,1,0,0,0,-999.0,-999.0,-999.0,-999.0,0,-999.0,-999.0,-999.0,-999.0,-999.0,0,-999.0,-999.0,-999.0,0,0,0.9806950092315674,21.710500717163086,0.1871419996023178,-999.0,1,21.710500717163086,21.710500717163086,-999.0,-999.0,-999.0,1,24.10409927368164,0.1871419996023178,-999.0,1,280,-999.0,-999.0,-999.0,-999.0,0,-999.0,-999.0,-999.0,-999.0,-999.0,0,-999.0,-999.0,-999.0,0,0,-999.0,-999.0,-999.0,-999.0,0,-999.0,-999.0,-999.0,-999.0,-999.0,0,-999.0,-999.0,-999.0,0,0,-999.0,-999.0,-999.0,-999.0,0,-999.0,-999.0,-999.0,-999.0,-999.0,0,-999.0,-999.0,-999.0,0,0,0.03314498998351968
PSO J139.5565+35.9244,-999,-999,-999,151101395564469836,3578835000013612,214022515340587,0,16486948664986,15110,1,2038,90,0.884061819765774,3578835,49831,3,302067712,0,36,-999.0,-999.0,-999.0,-999.0,139.55645491,35.92436808,0.20542000234127045,0.20542000234127045,,,,,55250.28234954,-999.0,-0.6162887060437346,0.5253109626034477,0.5867168170178679,130.74573474575405,19.22905206548959,188.0233133413628,44.28392838696787,-999,0,1,0,0,1,0,0,-999.0,-999.0,-999.0,-999.0,0,-999.0,-999.0,-999.0,-999.0,-999.0,0,-999.0,-999.0,-999.0,0,0,-999.0,-999.0,-999.0,-999.0,0,-999.0,-999.0,-999.0,-999.0,-999.0,0,-999.0,-999.0,-999.0,0,0,0.8617690205574036,19.42770004272461,0.20487600564956665,-999.0,1,19.42770004272461,19.42770004272461,-999.0,-999.0,-999.0,1,19.31049919128418,0.20487600564956665,-999.0,1,272,-999.0,-999.0,-999.0,-999.0,0,-999.0,-999.0,-999.0,-999.0,-999.0,0,-999.0,-999.0,-999.0,0,0,-999.0,-999.0,-999.0,-999.0,0,-999.0,-999.0,-999.0,-999.0,-999.0,0,-999.0,-999.0,-999.0,0,0,0.03472664581897158
PSO J139.5565+35.9173,-999,-999,-999,151101395564771419,3578835000013614,214022515340589,0,16486948607407,15110,1,2038,90,0.397314886932555,3578835,49831,3,268959744,0,32,-999.0,-999.0,-999.0,-999.0,139.55647718,35.91734626,-999.0,-999.0,,,,,-999.0,-999.0,-0.6163436281512752,0.5253573633844401,0.5866175694394706,130.7481370554783,19.222406693979124,188.0330924289002,44.283384784530995,-999,0,1,0,0,0,1,0,-999.0,-999.0,-999.0,-999.0,0,-999.0,-999.0,-999.0,-999.0,-999.0,0,-999.0,-999.0,-999.0,0,0,-999.0,-999.0,-999.0,-999.0,0,-999.0,-999.0,-999.0,-999.0,-999.0,0,-999.0,-999.0,-999.0,0,0,-999.0,-999.0,-999.0,-999.0,0,-999.0,-999.0,-999.0,-999.0,-999.0,0,-999.0,-999.0,-999.0,0,0,-999.0,-999.0,-999.0,-999.0,0,-999.0,-999.0,19.496400833129883,0.0941070020198822,-999.0,1,-999.0,-999.0,-999.0,0,24,-999.0,-999.0,-999.0,-999.0,0,-999.0,-999.0,-999.0,-999.0,-999.0,0,-999.0,-999.0,-999.0,0,0,0.03260271453520769
PSO J139.6252+35.9205,-999,-999,-999,151101396252045205,3578835000030661,214022515357636,0,16486948100364,15110,1,2038,90,0.217847007529668,3578835,49831,3,310456320,0,37,-999.0,-999.0,-999.0,-999.0,139.62523231,35.92049021,0.13488000631332397,0.13488000631332397,,,,,55259.44689815,-999.0,-0.6169490915470961,0.5245965185037698,0.586662007644041,130.80292491734946,19.243246192589535,188.03491424550586,44.339139437344045,-999,0,1,0,0,1,0,0,-999.0,-999.0,-999.0,-999.0,0,-999.0,-999.0,-999.0,-999.0,-999.0,0,-999.0,-999.0,-999.0,0,0,-999.0,-999.0,-999.0,-999.0,0,-999.0,-999.0,-999.0,-999.0,-999.0,0,-999.0,-999.0,-999.0,0,0,0.9851970076560974,20.641700744628906,0.13404199481010437,-999.0,1,20.641700744628906,20.641700744628906,19.305200576782227,0.10057000070810318,-999.0,1,19.612899780273438,0.13404199481010437,-999.0,1,16777496,-999.0,-999.0,-999.0,-999.0,0,-999.0,-999.0,-999.0,-999.0,-999.0,0,-999.0,-999.0,-999.0,0,0,-999.0,-999.0,-999.0,-999.0,0,-999.0,-999.0,-999.0,-999.0,-999.0,0,-999.0,-999.0,-999.0,0,0,0.025674989581370315
PSO J139.6258+35.9215,-999,-999,-999,151101396258156343,3578835000030820,214022515357795,0,16486948100465,15110,1,2038,90,0.353042822659987,3578835,49831,3,268959744,0,32,-999.0,-999.0,-999.0,-999.0,139.62584303,35.92145074,0.3657599985599518,0.3657599985599518,,,,,56042.24768519,-999.0,-0.6169471905025125,0.5245835713854784,0.5866755839162846,130.80309449852132,19.244314645184666,188.03363034739493,44.33970866893737,-999,0,1,0,0,0,1,0,-999.0,-999.0,-999.0,-999.0,0,-999.0,-999.0,-999.0,-999.0,-999.0,0,-999.0,-999.0,-999.0,0,0,-999.0,-999.0,-999.0,-999.0,0,-999.0,-999.0,-999.0,-999.0,-999.0,0,-999.0,-999.0,-999.0,0,0,-999.0,-999.0,-999.0,-999.0,0,-999.0,-999.0,-999.0,-999.0,-999.0,0,-999.0,-999.0,-999.0,0,0,0.6535879969596863,21.545000076293945,0.365449994802475,-999.0,1,21.545000076293945,21.545000076293945,-999.0,-999.0,-999.0,0,22.196199417114258,0.365449994802475,-999.0,1,4120,-999.0,-999.0,-999.0,-999.0,0,-999.0,-999.0,-999.0,-999.0,-999.0,0,-999.0,-999.0,-999.0,0,0,0.026506157712239957
PSO J139.6261+35.9168,-999,-999,-999,151101396260530776,3578835000030877,214022515357852,0,16486947922136,15110,1,2038,90,0.874880249495506,3578835,49831,3,268959744,0,32,-999.0,-999.0,-999.0,-999.0,139.62607016,35.91680672,0.3073500096797943,0.3073500096797943,,,,,56652.65506944,-999.0,-0.6169854947529197,0.5246119269420088,0.5866099431263396,130.80485780888912,19.239975383579,188.0401235036204,44.33952342135141,-999,0,1,0,0,0,1,0,-999.0,-999.0,-999.0,-999.0,0,-999.0,-999.0,-999.0,-999.0,-999.0,0,-999.0,-999.0,-999.0,0,0,-999.0,-999.0,-999.0,-999.0,0,-999.0,-999.0,-999.0,-999.0,-999.0,0,-999.0,-999.0,-999.0,0,0,-999.0,-999.0,-999.0,-999.0,0,-999.0,-999.0,-999.0,-999.0,-999.0,0,-999.0,-999.0,-999.0,0,0,0.3793489933013916,20.863300323486328,0.3069849908351898,-999.0,1,20.863300323486328,20.863300323486328,-999.0,-999.0,-999.0,0,21.621599197387695,0.3069849908351898,-999.0,1,4120,-999.0,-999.0,-999.0,-999.0,0,-999.0,-999.0,-999.0,-999.0,-999.0,0,-999.0,-999.0,-999.0,0,0,0.025174288723388588
PSO J139.6264+35.9204,-999,-999,-999,151101396263485101,3578835000030958,214022515357933,0,16486948101611,15110,1,2038,90,0.299216386209444,3578835,49831,3,310456320,0,37,-999.0,-999.0,-999.0,-999.0,139.62638252,35.92039907,0.15860000252723694,0.15860000252723694,,,,,55259.45986111,-999.0,-0.6169603336170709,0.5245847376719255,0.5866607194493164,130.80389030089015,19.243458853272262,188.03514462095805,44.34006074528138,-999,0,1,0,0,1,0,0,-999.0,-999.0,-999.0,-999.0,0,-999.0,-999.0,-999.0,-999.0,-999.0,0,-999.0,-999.0,-999.0,0,0,-999.0,-999.0,-999.0,-999.0,0,-999.0,-999.0,-999.0,-999.0,-999.0,0,-999.0,-999.0,-999.0,0,0,0.938139021396637,20.438199996948242,0.15788599848747253,-999.0,1,20.438199996948242,20.438199996948242,19.201900482177734,0.12273799628019333,-999.0,1,19.47610092163086,0.15788599848747253,-999.0,1,16777488,-999.0,-999.0,-999.0,-999.0,0,-999.0,-999.0,-999.0,-999.0,-999.0,0,-999.0,-999.0,-999.0,0,0,-999.0,-999.0,-999.0,-999.0,0,-999.0,-999.0,-999.0,-999.0,-999.0,0,-999.0,-999.0,-999.0,0,0,0.026505940875543477
PSO J139.6268+35.9179,-999,-999,-999,151101396267692129,3578835000031063,214022515358038,0,16486948098188,15110,1,2038,90,0.810244686724846,3578835,49831,3,268959744,0,32,-999.0,-999.0,-999.0,-999.0,139.626791,35.91794457,0.23989999294281006,0.23989999294281006,,,,,55249.31355324,-999.0,-0.616983219579271,0.5245966182809984,0.5866260263964919,130.8050565906593,19.24124040575064,188.03860239546145,44.34019570346604,-999,0,1,0,1,0,0,0,-999.0,-999.0,-999.0,-999.0,0,-999.0,-999.0,-999.0,-999.0,-999.0,0,-999.0,-999.0,-999.0,0,0,0.44387900829315186,21.747800827026367,0.23942700028419495,-999.0,1,21.747800827026367,21.747800827026367,-999.0,-999.0,-999.0,0,22.837600708007812,0.23942700028419495,-999.0,1,4120,-999.0,-999.0,-999.0,-999.0,0,-999.0,-999.0,-999.0,-999.0,-999.0,0,-999.0,-999.0,-999.0,0,0,-999.0,-999.0,-999.0,-999.0,0,-999.0,-999.0,-999.0,-999.0,-999.0,0,-999.0,-999.0,-999.0,0,0,-999.0,-999.0,-999.0,-999.0,0,-999.0,-999.0,-999.0,-999.0,-999.0,0,-999.0,-999.0,-999.0,0,0,0.02603238671624342
PSO J139.6269+35.9174,-999,-999,-999,151101396269061479,3578835000031107,214022515358082,0,16486948098194,15110,1,2038,90,0.425276144803759,3578835,49831,3,268959744,0,32,-999.0,-999.0,-999.0,-999.0,139.62692426,35.91739877,0.2296299934387207,0.2296299934387207,,,,,55249.34001157,-999.0,-0.616988697002588,0.5245988030861257,0.586618311657293,130.8053504012697,19.2407581248859,188.03937510718612,44.34025995436166,-999,0,1,1,0,0,0,0,0.6175130009651184,21.843000411987305,0.2291409969329834,-999.0,1,21.843000411987305,21.843000411987305,-999.0,-999.0,-999.0,0,22.90519905090332,0.2291409969329834,-999.0,1,4120,-999.0,-999.0,-999.0,-999.0,0,-999.0,-999.0,-999.0,-999.0,-999.0,0,-999.0,-999.0,-999.0,0,0,-999.0,-999.0,-999.0,-999.0,0,-999.0,-999.0,-999.0,-999.0,-999.0,0,-999.0,-999.0,-999.0,0,0,-999.0,-999.0,-999.0,-999.0,0,-999.0,-999.0,-999.0,-999.0,-999.0,0,-999.0,-999.0,-999.0,0,0,-999.0,-999.0,-999.0,-999.0,0,-999.0,-999.0,-999.0,-999.0,-999.0,0,-999.0,-999.0,-999.0,0,0,0.025991263548157062
PSO J139.6272+35.9219,-999,-999,-999,151101396271626941,3578835000031180,214022515358155,0,16486948101240,15110,1,2038,90,0.781189942528671,3578835,49831,3,268513280,0,32,-999.0,-999.0,-999.0,-999.0,139.62719452,35.92194631,0.016690000891685486,0.016690000891685486,,,,,55250.29743056,-999.0,-0.6169556982868314,0.5245657317477551,0.5866825883110479,130.80402391907413,19.245135291734787,188.0330610094792,44.34083899366721,-999,0,1,0,0,1,0,0,-999.0,-999.0,-999.0,-999.0,0,-999.0,-999.0,-999.0,-999.0,-999.0,0,-999.0,-999.0,-999.0,0,0,-999.0,-999.0,-999.0,-999.0,0,-999.0,-999.0,-999.0,-999.0,-999.0,0,-999.0,-999.0,-999.0,0,0,0.9803630113601685,17.221399307250977,0.007317000068724155,-999.0,1,17.221399307250977,17.221399307250977,17.531099319458008,0.013470999896526337,-999.0,1,17.388999938964844,0.007317000068724155,-999.0,1,16,-999.0,-999.0,-999.0,-999.0,0,-999.0,-999.0,-999.0,-999.0,-999.0,0,-999.0,-999.0,-999.0,0,0,-999.0,-999.0,-999.0,-999.0,0,-999.0,-999.0,-999.0,-999.0,-999.0,0,-999.0,-999.0,-999.0,0,0,0.02770753482893765
PSO J139.6272+35.9163,-999,-999,-999,151101396271730183,3578835000031179,214022515358154,0,16486947921929,15110,1,2038,90,0.0813375386235654,3578835,49831,3,268959744,0,32,-999.0,-999.0,-999.0,-999.0,139.62719356,35.91631832,0.11935999989509583,0.11935999989509583,,,,,55249.29614583,-999.0,-0.6169995902067612,0.5246030686036031,0.5866030396242182,130.8059364895607,19.239804846294547,188.04090524476732,44.340391574766265,-999,0,1,0,0,1,0,0,-999.0,-999.0,-999.0,-999.0,0,-999.0,-999.0,-999.0,-999.0,-999.0,0,-999.0,-999.0,-999.0,0,0,-999.0,-999.0,-999.0,-999.0,0,-999.0,-999.0,-999.0,-999.0,-999.0,0,-999.0,-999.0,-999.0,0,0,0.600616991519928,20.34280014038086,0.11841800063848495,-999.0,1,20.34280014038086,20.34280014038086,-999.0,-999.0,-999.0,0,25.36389923095703,0.11841800063848495,-999.0,1,4120,-999.0,-999.0,-999.0,-999.0,0,-999.0,-999.0,-999.0,-999.0,-999.0,0,-999.0,-999.0,-999.0,0,0,-999.0,-999.0,-999.0,-999.0,0,-999.0,-999.0,-999.0,-999.0,-999.0,0,-999.0,-999.0,-999.0,0,0,0.025949231373609976
PSO J139.6273+35.9179,-999,-999,-999,151101396272732098,3578835000031209,214022515358184,0,16486948098218,15110,1,2038,90,0.793424813815788,3578835,49831,3,268959744,0,32,-999.0,-999.0,-999.0,-999.0,139.62729196,35.91791558,0.27601999044418335,0.27601999044418335,,,,,55249.34685185,-999.0,-0.6169880324425815,0.52459141599341,0.5866256166318184,130.80547341991073,19.241343170945033,188.03868783265187,44.340597828338616,-999,0,1,1,0,0,0,0,0.5925210118293762,22.04520034790039,0.2756099998950958,-999.0,1,22.04520034790039,22.04520034790039,-999.0,-999.0,-999.0,0,-999.0,-999.0,-999.0,0,4120,-999.0,-999.0,-999.0,-999.0,0,-999.0,-999.0,-999.0,-999.0,-999.0,0,-999.0,-999.0,-999.0,0,0,-999.0,-999.0,-999.0,-999.0,0,-999.0,-999.0,-999.0,-999.0,-999.0,0,-999.0,-999.0,-999.0,0,0,-999.0,-999.0,-999.0,-999.0,0,-999.0,-999.0,-999.0,-999.0,-999.0,0,-999.0,-999.0,-999.0,0,0,-999.0,-999.0,-999.0,-999.0,0,-999.0,-999.0,-999.0,-999.0,-999.0,0,-999.0,-999.0,-999.0,0,0,0.026414672631692913
PSO J139.6273+35.9175,-999,-999,-999,151101396273131589,3578835000031217,214022515358192,0,16486948098267,15110,1,2038,90,0.852430989828362,3578835,49831,3,268959744,0,32,-999.0,-999.0,-999.0,-999.0,139.62733616,35.91749109,0.28459998965263367,0.28459998965263367,,,,,55249.31875,-999.0,-0.6169917482259056,0.5245937552666633,0.58661961657991,130.8056536394935,19.240952631285168,188.03928346095418,44.34059981335887,-999,0,1,0,1,0,0,0,-999.0,-999.0,-999.0,-999.0,0,-999.0,-999.0,-999.0,-999.0,-999.0,0,-999.0,-999.0,-999.0,0,0,0.4057239890098572,21.921199798583984,0.2842000126838684,-999.0,1,21.921199798583984,21.921199798583984,-999.0,-999.0,-999.0,0,-999.0,-999.0,-999.0,0,4120,-999.0,-999.0,-999.0,-999.0,0,-999.0,-999.0,-999.0,-999.0,-999.0,0,-999.0,-999.0,-999.0,0,0,-999.0,-999.0,-999.0,-999.0,0,-999.0,-999.0,-999.0,-999.0,-999.0,0,-999.0,-999.0,-999.0,0,0,-999.0,-999.0,-999.0,-999.0,0,-999.0,-999.0,-999.0,-999.0,-999.0,0,-999.0,-999.0,-999.0,0,0,0.026337362914132124
PSO J139.6273+35.9208,-999,-999,-999,151101396273205596,3578835000031223,214022515358198,0,16486948101923,15110,1,2038,90,0.34620922463593,3578835,49831,3,268959744,0,32,-999.0,-999.0,-999.0,-999.0,139.62733812,35.92082976,0.36142998933792114,0.36142998933792114,,,,,55249.34001157,-999.0,-0.6169657230558354,0.5245715911496506,0.5866668069125047,130.80452017927698,19.244115150654768,188.0346301715672,44.34086635048042,-999,0,1,1,0,0,0,0,0.4851660132408142,22.18630027770996,0.36111700534820557,-999.0,1,22.18630027770996,22.18630027770996,-999.0,-999.0,-999.0,0,-999.0,-999.0,-999.0,0,4120,-999.0,-999.0,-999.0,-999.0,0,-999.0,-999.0,-999.0,-999.0,-999.0,0,-999.0,-999.0,-999.0,0,0,-999.0,-999.0,-999.0,-999.0,0,-999.0,-999.0,-999.0,-999.0,-999.0,0,-999.0,-999.0,-999.0,0,0,-999.0,-999.0,-999.0,-999.0,0,-999.0,-999.0,-999.0,-999.0,-999.0,0,-999.0,-999.0,-999.0,0,0,-999.0,-999.0,-999.0,-999.0,0,-999.0,-999.0,-999.0,-999.0,-999.0,0,-999.0,-999.0,-999.0,0,0,0.02738374377205516
PSO J139.6274+35.9223,-999,-999,-999,151101396274087325,3578835000031237,214022515358212,0,16486948101235,15110,1,2038,90,0.961745055356757,3578835,49831,3,302067712,0,36,-999.0,-999.0,-999.0,-999.0,139.62743991,35.92226234,0.19711999595165253,0.19711999595165253,,,,,55576.50894676,-999.0,-0.6169554795709954,0.5245609932606442,0.5866870550614949,130.80411581978055,19.245498384949222,188.0326425575523,44.34106215253249,-999,0,1,0,0,1,0,0,-999.0,-999.0,-999.0,-999.0,0,-999.0,-999.0,-999.0,-999.0,-999.0,0,-999.0,-999.0,-999.0,0,0,-999.0,-999.0,-999.0,-999.0,0,-999.0,-999.0,-999.0,-999.0,-999.0,0,-999.0,-999.0,-999.0,0,0,0.9989179968833923,21.154300689697266,0.19654500484466553,-999.0,1,21.154300689697266,21.154300689697266,21.306699752807617,0.3291189968585968,-999.0,1,21.318199157714844,0.19654500484466553,-999.0,1,280,-999.0,-999.0,-999.0,-999.0,0,-999.0,-999.0,-999.0,-999.0,-999.0,0,-999.0,-999.0,-999.0,0,0,-999.0,-999.0,-999.0,-999.0,0,-999.0,-999.0,-999.0,-999.0,-999.0,0,-999.0,-999.0,-999.0,0,0,0.028017757246625866
PSO J139.6275+35.9195,-999,-999,-999,151101396274834058,3578835000031246,214022515358221,0,16486948098820,15110,1,2038,90,0.246041282309258,3578835,49831,3,268959744,0,32,-999.0,-999.0,-999.0,-999.0,139.62750548,35.91954812,0.2812199890613556,0.2812199890613556,,,,,55249.31875,-999.0,-0.6169772529543226,0.5245782893840799,0.5866486918453074,130.8050918649741,19.24294483123841,188.03643157470867,44.34089977034916,-999,0,1,0,1,0,0,0,-999.0,-999.0,-999.0,-999.0,0,-999.0,-999.0,-999.0,-999.0,-999.0,0,-999.0,-999.0,-999.0,0,0,0.46525898575782776,21.941499710083008,0.2808229923248291,-999.0,1,21.941499710083008,21.941499710083008,-999.0,-999.0,-999.0,0,24.327699661254883,0.2808229923248291,-999.0,1,4120,-999.0,-999.0,-999.0,-999.0,0,-999.0,-999.0,-999.0,-999.0,-999.0,0,-999.0,-999.0,-999.0,0,0,-999.0,-999.0,-999.0,-999.0,0,-999.0,-999.0,-999.0,-999.0,-999.0,0,-999.0,-999.0,-999.0,0,0,-999.0,-999.0,-999.0,-999.0,0,-999.0,-999.0,-999.0,-999.0,-999.0,0,-999.0,-999.0,-999.0,0,0,0.02706669241138015
PSO J139.6276+35.9241,-999,-999,-999,151101396275809554,3578835000031276,214022515358251,0,16486948108600,15110,1,2038,90,0.755527052800662,3578835,49831,3,268959744,0,32,-999.0,-999.0,-999.0,-999.0,139.62759685,35.92412719,0.19423000514507294,0.19423000514507294,,,,,55249.34001157,-999.0,-0.6169423682722128,0.5245469339907269,0.5867134123842758,130.8036092834591,19.247305348585286,188.03005736905436,44.341336705847944,-999,0,1,1,0,0,0,0,0.5819270014762878,21.635799407958984,0.19365400075912476,-999.0,1,21.635799407958984,21.635799407958984,-999.0,-999.0,-999.0,0,23.57699966430664,0.19365400075912476,-999.0,1,4120,-999.0,-999.0,-999.0,-999.0,0,-999.0,-999.0,-999.0,-999.0,-999.0,0,-999.0,-999.0,-999.0,0,0,-999.0,-999.0,-999.0,-999.0,0,-999.0,-999.0,-999.0,-999.0,-999.0,0,-999.0,-999.0,-999.0,0,0,-999.0,-999.0,-999.0,-999.0,0,-999.0,-999.0,-999.0,-999.0,-999.0,0,-999.0,-999.0,-999.0,0,0,-999.0,-999.0,-999.0,-999.0,0,-999.0,-999.0,-999.0,-999.0,-999.0,0,-999.0,-999.0,-999.0,0,0,0.028946567339169196
PSO J139.6278+35.9229,-999,-999,-999,151101396277668059,3578835000031318,214022515358293,0,16486948101141,15110,1,2038,90,0.295446474380276,3578835,49831,3,268959744,0,32,-999.0,-999.0,-999.0,-999.0,139.62778812,35.92288121,0.21559999883174896,0.21559999883174896,,,,,55249.31875,-999.0,-0.6169538396412134,0.5245531389373446,0.5866958020839614,130.80418828384458,19.246175019725843,188.03181122598812,44.341392324473034,-999,0,1,0,1,0,0,0,-999.0,-999.0,-999.0,-999.0,0,-999.0,-999.0,-999.0,-999.0,-999.0,0,-999.0,-999.0,-999.0,0,0,0.4924060106277466,21.716299057006836,0.21508200466632843,-999.0,1,21.716299057006836,21.716299057006836,-999.0,-999.0,-999.0,0,22.681800842285156,0.21508200466632843,-999.0,1,4120,-999.0,-999.0,-999.0,-999.0,0,-999.0,-999.0,-999.0,-999.0,-999.0,0,-999.0,-999.0,-999.0,0,0,-999.0,-999.0,-999.0,-999.0,0,-999.0,-999.0,-999.0,-999.0,-999.0,0,-999.0,-999.0,-999.0,0,0,-999.0,-999.0,-999.0,-999.0,0,-999.0,-999.0,-999.0,-999.0,-999.0,0,-999.0,-999.0,-999.0,0,0,0.028532578492898968
PSO J139.6278+35.9175,-999,-999,-999,151101396278081596,3578835000031326,214022515358301,0,16486948098294,15110,1,2038,90,0.397538608310314,3578835,49831,3,268959744,0,32,-999.0,-999.0,-999.0,-999.0,139.6278272,35.91749028,0.2660300135612488,0.2660300135612488,,,,,55250.27640046,-999.0,-0.6169962504287735,0.5245884728366421,0.5866196051307473,130.80605283090878,19.241079508298156,188.03932873118495,44.34099616892355,-999,0,1,0,0,0,0,1,-999.0,-999.0,-999.0,-999.0,0,-999.0,-999.0,-999.0,-999.0,-999.0,0,-999.0,-999.0,-999.0,0,0,-999.0,-999.0,-999.0,-999.0,0,-999.0,-999.0,-999.0,-999.0,-999.0,0,-999.0,-999.0,-999.0,0,0,-999.0,-999.0,-999.0,-999.0,0,-999.0,-999.0,-999.0,-999.0,-999.0,0,-999.0,-999.0,-999.0,0,0,-999.0,-999.0,-999.0,-999.0,0,-999.0,-999.0,-999.0,-999.0,-999.0,0,-999.0,-999.0,-999.0,0,0,0.7044780254364014,18.37660026550293,0.2656109929084778,-999.0,1,18.37660026550293,18.37660026550293,-999.0,-999.0,-999.0,0,18.652599334716797,0.2656109929084778,-999.0,1,4112,0.026721797180559288
PSO J139.6280+35.9213,-999,-999,-999,151101396279876142,3578835000187405,214022515516003,0,16486948102135,15110,1,2038,90,0.189325427812827,3578835,49831,3,1075314688,0,128,139.62801174,35.92129804,0.0010000000474974513,0.0010000000474974513,139.62801174,35.92129804,0.0010000000474974513,0.0010000000474974513,,,,,55712.66453704,-999.0,-0.6169682373450971,0.5245612316512968,0.5866734256430561,130.80490820045992,19.244733752725242,188.03403797729328,44.34144729236688,-999,1,0,0,0,0,0,0,-999.0,-999.0,-999.0,-999.0,0,-999.0,-999.0,-999.0,-999.0,-999.0,0,-999.0,-999.0,-999.0,0,32,-999.0,-999.0,-999.0,-999.0,0,-999.0,-999.0,-999.0,-999.0,-999.0,0,-999.0,-999.0,-999.0,0,32,-999.0,-999.0,-999.0,-999.0,0,-999.0,-999.0,-999.0,-999.0,-999.0,0,-999.0,-999.0,-999.0,0,32,-999.0,-999.0,-999.0,-999.0,0,-999.0,-999.0,-999.0,-999.0,-999.0,0,-999.0,-999.0,-999.0,0,32800,-999.0,-999.0,-999.0,-999.0,0,-999.0,-999.0,-999.0,-999.0,-999.0,0,-999.0,-999.0,-999.0,0,32,0.028064271099150332
PSO J139.6284+35.9242,-999,-999,-999,151101396283779617,3578835000031459,214022515358434,0,16486948106788,15110,1,2038,90,0.125510587473875,3578835,49831,3,302067712,0,36,-999.0,-999.0,-999.0,-999.0,139.62841823,35.92418182,0.19035999476909637,0.19035999476909637,,,,,56043.25655093,-999.0,-0.616949461804621,0.5245377272261382,0.5867141845016414,130.80425795692233,19.247570594304864,188.03005494639632,44.342004092161496,-999,0,1,0,0,0,1,0,-999.0,-999.0,-999.0,-999.0,0,-999.0,-999.0,-999.0,-999.0,-999.0,0,-999.0,-999.0,-999.0,0,0,-999.0,-999.0,-999.0,-999.0,0,-999.0,-999.0,-999.0,-999.0,-999.0,0,-999.0,-999.0,-999.0,0,0,-999.0,-999.0,-999.0,-999.0,0,-999.0,-999.0,-999.0,-999.0,-999.0,0,-999.0,-999.0,-999.0,0,0,0.9981259703636169,21.13640022277832,0.18976899981498718,-999.0,1,21.13640022277832,21.13640022277832,-999.0,-999.0,-999.0,1,21.475099563598633,0.18976899981498718,-999.0,1,280,-999.0,-999.0,-999.0,-999.0,0,-999.0,-999.0,-999.0,-999.0,-999.0,0,-999.0,-999.0,-999.0,0,0,0.029562850776511475
PSO J139.6290+35.9188,-999,-999,-999,151101396289623157,3578835000031604,214022515358579,0,16486948098481,15110,1,2038,90,0.108095976624727,3578835,49831,3,268959744,0,32,-999.0,-999.0,-999.0,-999.0,139.62897932,35.91879017,0.3336299955844879,0.3336299955844879,,,,,56652.65506944,-999.0,-0.6169966591601304,0.5245674452541892,0.5866379786245782,130.806546868226,19.242610107480353,188.0376204551327,44.34202944515024,-999,0,1,0,0,0,1,0,-999.0,-999.0,-999.0,-999.0,0,-999.0,-999.0,-999.0,-999.0,-999.0,0,-999.0,-999.0,-999.0,0,0,-999.0,-999.0,-999.0,-999.0,0,-999.0,-999.0,-999.0,-999.0,-999.0,0,-999.0,-999.0,-999.0,0,0,-999.0,-999.0,-999.0,-999.0,0,-999.0,-999.0,-999.0,-999.0,-999.0,0,-999.0,-999.0,-999.0,0,0,0.4749319851398468,21.19499969482422,0.3332889974117279,-999.0,1,21.19499969482422,21.19499969482422,-999.0,-999.0,-999.0,1,22.08009910583496,0.3332889974117279,-999.0,1,4120,-999.0,-999.0,-999.0,-999.0,0,-999.0,-999.0,-999.0,-999.0,-999.0,0,-999.0,-999.0,-999.0,0,0,0.02797109113130136
PSO J139.6293+35.9166,-999,-999,-999,151101396292090387,3578835000031657,214022515358632,0,16486948126824,15110,1,2038,90,0.228285603437839,3578835,49831,3,268959744,0,32,-999.0,-999.0,-999.0,-999.0,139.6292568,35.91657047,0.16745999455451965,0.16745999455451965,,,,,55249.29806713,-999.0,-0.617016514127207,0.5245791777484986,0.5866066037533324,130.80752693574647,19.24057999587395,188.04073929728824,44.34207728266939,-999,0,2,1,0,0,0,1,0.5978450179100037,21.727800369262695,0.2855759859085083,-999.0,1,21.727800369262695,21.727800369262695,-999.0,-999.0,-999.0,0,23.80340003967285,0.2855759859085083,-999.0,1,4120,-999.0,-999.0,-999.0,-999.0,0,-999.0,-999.0,-999.0,-999.0,-999.0,0,-999.0,-999.0,-999.0,0,0,-999.0,-999.0,-999.0,-999.0,0,-999.0,-999.0,-999.0,-999.0,-999.0,0,-999.0,-999.0,-999.0,0,0,-999.0,-999.0,-999.0,-999.0,0,-999.0,-999.0,-999.0,-999.0,-999.0,0,-999.0,-999.0,-999.0,0,0,0.6609830260276794,19.259700775146484,0.20603199303150177,-999.0,1,19.259700775146484,19.259700775146484,-999.0,-999.0,-999.0,0,21.622699737548828,0.20603199303150177,-999.0,1,4112,0.027635623526701895
PSO J139.6295+35.9217,-999,-999,-999,151101396294896695,3578835000031736,214022515358711,0,16486948099714,15110,1,2038,90,0.670697691543678,3578835,49831,3,276901888,0,33,-999.0,-999.0,-999.0,-999.0,139.62952246,35.92174189,0.023329999297857285,0.023329999297857285,,,,,55250.29743056,-999.0,-0.6169786057195098,0.5245420200689433,0.586679699040628,130.80598455242824,19.245546818577623,188.03355498322767,44.342702052403766,-999,0,1,0,0,1,0,0,-999.0,-999.0,-999.0,-999.0,0,-999.0,-999.0,-999.0,-999.0,-999.0,0,-999.0,-999.0,-999.0,0,0,-999.0,-999.0,-999.0,-999.0,0,-999.0,-999.0,-999.0,-999.0,-999.0,0,-999.0,-999.0,-999.0,0,0,0.9939119815826416,18.269800186157227,0.017867999151349068,-999.0,1,18.269800186157227,18.269800186157227,17.71540069580078,0.02652299962937832,-999.0,1,17.84779930114746,0.017867999151349068,-999.0,1,16777232,-999.0,-999.0,-999.0,-999.0,0,-999.0,-999.0,-999.0,-999.0,-999.0,0,-999.0,-999.0,-999.0,0,0,-999.0,-999.0,-999.0,-999.0,0,-999.0,-999.0,-999.0,-999.0,-999.0,0,-999.0,-999.0,-999.0,0,0,0.029364853278235296
PSO J139.6301+35.9217,-999,-999,-999,151101396301196618,3578835000031882,214022515358857,0,16486948099750,15110,1,2038,90,0.599306054971466,3578835,49831,3,268959744,0,32,-999.0,-999.0,-999.0,-999.0,139.630119,35.92167834,-999.0,-999.0,,,,,-999.0,-999.0,-0.616984562770273,0.5245360177975448,0.5866788008239847,130.80649076667817,19.245641701322654,188.03369712554127,44.343178581863384,-999,0,1,0,0,1,0,0,-999.0,-999.0,-999.0,-999.0,0,-999.0,-999.0,-999.0,-999.0,-999.0,0,-999.0,-999.0,-999.0,0,0,-999.0,-999.0,-999.0,-999.0,0,-999.0,-999.0,-999.0,-999.0,-999.0,0,-999.0,-999.0,-999.0,0,0,-999.0,-999.0,-999.0,-999.0,0,-999.0,-999.0,-999.0,-999.0,-999.0,0,-999.0,-999.0,-999.0,0,16,-999.0,-999.0,-999.0,-999.0,0,-999.0,-999.0,-999.0,-999.0,-999.0,0,-999.0,-999.0,-999.0,0,0,-999.0,-999.0,-999.0,-999.0,0,-999.0,-999.0,-999.0,-999.0,-999.0,0,-999.0,-999.0,-999.0,0,0,0.029790040007309726
PSO J139.6304+35.9235,-999,-999,-999,151101396303728793,3578835000031933,214022515358908,0,16486948099457,15110,1,2038,90,0.0782724358870391,3578835,49831,3,268959744,0,32,-999.0,-999.0,-999.0,-999.0,139.63039132,35.9234995,0.29916998744010925,0.29916998744010925,,,,,56743.39244213,-999.0,-0.6169728481426997,0.5245210066450136,0.586704540840436,130.8060927886367,19.247437273556425,188.03118309202415,44.34354278727565,-999,0,1,1,0,0,0,0,0.6395890116691589,22.010900497436523,0.29879701137542725,-999.0,1,22.010900497436523,22.010900497436523,22.128599166870117,0.30323898792266846,-999.0,1,21.975799560546875,0.29879701137542725,-999.0,1,4120,-999.0,-999.0,-999.0,-999.0,0,-999.0,-999.0,-999.0,-999.0,-999.0,0,-999.0,-999.0,-999.0,0,0,-999.0,-999.0,-999.0,-999.0,0,-999.0,-999.0,-999.0,-999.0,-999.0,0,-999.0,-999.0,-999.0,0,0,-999.0,-999.0,-999.0,-999.0,0,-999.0,-999.0,-999.0,-999.0,-999.0,0,-999.0,-999.0,-999.0,0,0,-999.0,-999.0,-999.0,-999.0,0,-999.0,-999.0,-999.0,-999.0,-999.0,0,-999.0,-999.0,-999.0,0,0,0.030705411544761488
PSO J139.6304+35.9193,-999,-999,-999,151101396304103780,3578835000031941,214022515358916,0,16486948127292,15110,1,2038,90,0.154483264456022,3578835,49831,3,268959744,0,32,-999.0,-999.0,-999.0,-999.0,139.63042835,35.91930212,0.3087800145149231,0.3087800145149231,,,,,56652.66532407,-999.0,-0.6170059318436515,0.5245484458548682,0.5866452147772022,130.80754997575008,19.24347164582718,188.03703705551314,44.343239855990184,-999,0,1,0,0,0,1,0,-999.0,-999.0,-999.0,-999.0,0,-999.0,-999.0,-999.0,-999.0,-999.0,0,-999.0,-999.0,-999.0,0,0,-999.0,-999.0,-999.0,-999.0,0,-999.0,-999.0,-999.0,-999.0,-999.0,0,-999.0,-999.0,-999.0,0,0,-999.0,-999.0,-999.0,-999.0,0,-999.0,-999.0,-999.0,-999.0,-999.0,0,-999.0,-999.0,-999.0,0,0,0.4935460090637207,21.230899810791016,0.3084160089492798,-999.0,1,21.230899810791016,21.230899810791016,-999.0,-999.0,-999.0,0,-999.0,-999.0,-999.0,0,4120,-999.0,-999.0,-999.0,-999.0,0,-999.0,-999.0,-999.0,-999.0,-999.0,0,-999.0,-999.0,-999.0,0,0,0.029242590638433215
PSO J139.6305+35.9209,-999,-999,-999,151101396304595632,3578835000031949,214022515358924,0,16486948099824,15110,1,2038,90,0.233248419345588,3578835,49831,3,310456320,0,37,-999.0,-999.0,-999.0,-999.0,139.63050601,35.92085326,0.12184000015258789,0.12184000015258789,,,,,55972.33878472,-999.0,-0.6169945424076813,0.5245373223897758,0.5866671390655015,130.8070856860617,19.244960888337737,188.0348819354594,44.343425578891654,-999,0,1,1,0,0,0,0,0.9983630180358887,21.43869972229004,0.12091200053691864,-999.0,1,21.43869972229004,21.43869972229004,21.035499572753906,0.16298100352287292,-999.0,1,20.954599380493164,0.12091200053691864,-999.0,1,16777488,-999.0,-999.0,-999.0,-999.0,0,-999.0,-999.0,-999.0,-999.0,-999.0,0,-999.0,-999.0,-999.0,0,0,-999.0,-999.0,-999.0,-999.0,0,-999.0,-999.0,-999.0,-999.0,-999.0,0,-999.0,-999.0,-999.0,0,0,-999.0,-999.0,-999.0,-999.0,0,-999.0,-999.0,-999.0,-999.0,-999.0,0,-999.0,-999.0,-999.0,0,0,-999.0,-999.0,-999.0,-999.0,0,-999.0,-999.0,-999.0,-999.0,-999.0,0,-999.0,-999.0,-999.0,0,0,0.029792153630810357
PSO J139.6307+35.9233,-999,-999,-999,151101396306038520,3578835000031979,214022515358954,0,16486948099981,15110,1,2038,90,0.0440390082486337,3578835,49831,3,276901888,0,33,-999.0,-999.0,-999.0,-999.0,139.63065416,35.92325928,0.032419998198747635,0.032419998198747635,,,,,55249.29138889,-999.0,-0.6169771284420148,0.5245197695847768,0.586701145639054,130.80638798419275,19.247278091283725,188.03154152118583,44.343735926546785,-999,0,1,0,0,1,0,0,-999.0,-999.0,-999.0,-999.0,0,-999.0,-999.0,-999.0,-999.0,-999.0,0,-999.0,-999.0,-999.0,0,0,-999.0,-999.0,-999.0,-999.0,0,-999.0,-999.0,-999.0,-999.0,-999.0,0,-999.0,-999.0,-999.0,0,0,0.9975429773330688,18.838600158691406,0.02873699925839901,-999.0,1,18.838600158691406,18.838600158691406,18.776100158691406,0.04227399826049805,-999.0,1,18.4237003326416,0.02873699925839901,-999.0,1,16777240,-999.0,-999.0,-999.0,-999.0,0,-999.0,-999.0,-999.0,-999.0,-999.0,0,-999.0,-999.0,-999.0,0,0,-999.0,-999.0,-999.0,-999.0,0,-999.0,-999.0,-999.0,-999.0,-999.0,0,-999.0,-999.0,-999.0,0,0,0.030800883682083065
PSO J139.6306+35.9188,-999,-999,-999,151101396306123182,3578835000031978,214022515358953,0,16486948127454,15110,1,2038,90,0.489864408494778,3578835,49831,3,268959744,0,32,-999.0,-999.0,-999.0,-999.0,139.630645,35.91881962,0.270330011844635,0.270330011844635,,,,,56049.23498843,-999.0,-0.6170116791820445,0.5245493126464099,0.5866383948866053,130.80789002331557,19.243070998777753,188.03772906168163,44.34337647860373,-999,0,1,0,0,0,0,1,-999.0,-999.0,-999.0,-999.0,0,-999.0,-999.0,-999.0,-999.0,-999.0,0,-999.0,-999.0,-999.0,0,0,-999.0,-999.0,-999.0,-999.0,0,-999.0,-999.0,-999.0,-999.0,-999.0,0,-999.0,-999.0,-999.0,0,0,-999.0,-999.0,-999.0,-999.0,0,-999.0,-999.0,-999.0,-999.0,-999.0,0,-999.0,-999.0,-999.0,0,0,-999.0,-999.0,-999.0,-999.0,0,-999.0,-999.0,-999.0,-999.0,-999.0,0,-999.0,-999.0,-999.0,0,0,0.5403119921684265,20.13629913330078,0.26991400122642517,-999.0,1,20.13629913330078,20.13629913330078,-999.0,-999.0,-999.0,0,22.513500213623047,0.26991400122642517,-999.0,1,4120,0.029273845257272012
PSO J139.6312+35.9210,-999,-999,-999,151101396310415707,3578835000032070,214022515359045,0,16486948099694,15110,1,2038,90,0.840549575016414,3578835,49831,3,436527104,7,52,139.63113161,35.9210011,0.0010000000474974513,0.0010000000474974513,139.6311583654907,35.921010597502026,0.007018052980497185,0.007018052980497185,-10.157889435430555,1.141737305188875,4.019504945630495,4.019504945630495,56193.90372538368,2.508575201034546,-0.6169992871944645,0.5245292539395782,0.5866693628979718,130.8075613674397,19.245273861677905,188.03472801720187,44.34396179283867,-999,9,69,1,6,32,16,14,0.48760899901390076,21.940000534057617,0.1567160040140152,-999.0,1,21.940000534057617,21.940000534057617,20.868000030517578,0.14369699358940125,-999.0,1,20.98710060119629,0.1567160040140152,-999.0,1,16892464,0.9991869926452637,21.90489959716797,0.08517400175333023,0.18628700077533722,6,21.59149932861328,22.08340072631836,21.900400161743164,0.16864199936389923,0.5561119914054871,5,21.84600067138672,0.12187100201845169,0.2819580137729645,6,115000,0.9996799826622009,20.827600479125977,0.03169199824333191,0.2387170046567917,30,20.164499282836914,21.14389991760254,20.864999771118164,0.058800000697374344,0.4264639914035797,30,20.838300704956055,0.06112600117921829,0.4339439868927002,31,115000,0.9989960193634033,20.112600326538086,0.0224629994481802,0.12423700094223022,16,19.992599487304688,20.33810043334961,20.136600494384766,0.03559499979019165,0.18889200687408447,16,20.055700302124023,0.031099999323487282,0.17405200004577637,16,115000,0.9991120100021362,19.67259979248047,0.03043700009584427,0.23008599877357483,14,19.19219970703125,19.922700881958008,19.66950035095215,0.10970599949359894,0.8050270080566406,13,19.653099060058594,0.08689700067043304,0.6316189765930176,14,115000,0.03034252145607549
PSO J139.6312+35.9190,-999,-999,-999,151101396311923262,3578835000032111,214022515359086,0,16486948130275,15110,1,2038,90,0.170642601485031,3578835,49831,3,1343750144,0,160,139.63121772,35.91900873,0.0010000000474974513,0.0010000000474974513,139.63121772,35.91900873,0.0010000000474974513,0.0010000000474974513,,,,,55646.00913194,-999.0,-0.6170154472487593,0.5245418909401287,0.5866410678646421,130.80829099394109,19.243398984475608,188.0375169148992,44.343853835226355,-999,2,1,0,0,0,1,0,-999.0,-999.0,-999.0,-999.0,0,-999.0,-999.0,-999.0,-999.0,-999.0,0,-999.0,-999.0,-999.0,0,16416,-999.0,-999.0,-999.0,-999.0,0,-999.0,-999.0,-999.0,-999.0,-999.0,0,-999.0,-999.0,-999.0,0,114720,-999.0,-999.0,-999.0,-999.0,0,-999.0,-999.0,-999.0,-999.0,-999.0,0,-999.0,-999.0,-999.0,0,16416,0.682341992855072,20.87820053100586,0.2203969955444336,-999.0,1,20.87820053100586,20.87820053100586,21.114200592041016,0.28729501366615295,-999.0,1,20.78580093383789,0.2203969955444336,-999.0,1,20536,-999.0,-999.0,-999.0,-999.0,0,-999.0,-999.0,-999.0,-999.0,-999.0,0,-999.0,-999.0,-999.0,0,16416,0.02977186024875161
PSO J139.6315+35.9232,-999,-999,-999,151101396314998410,3578835000032194,214022515359169,0,16486948099179,15110,1,2038,90,0.189651047987538,3578835,49831,3,268513280,0,32,-999.0,-999.0,-999.0,-999.0,139.63154213,35.92317129,0.017090000212192535,0.017090000212192535,,,,,56331.35887731,-999.0,-0.6169859438465254,0.524510791191545,0.5866999020107568,130.80713924787094,19.24742558692775,188.0317438619418,44.344445772382535,-999,0,1,1,0,0,0,0,0.998350977897644,18.430599212646484,0.008178000338375568,-999.0,1,18.430599212646484,18.430599212646484,19.035600662231445,0.020306000486016273,-999.0,1,18.978900909423828,0.008178000338375568,-999.0,1,24,-999.0,-999.0,-999.0,-999.0,0,-999.0,-999.0,-999.0,-999.0,-999.0,0,-999.0,-999.0,-999.0,0,0,-999.0,-999.0,-999.0,-999.0,0,-999.0,-999.0,-999.0,-999.0,-999.0,0,-999.0,-999.0,-999.0,0,0,-999.0,-999.0,-999.0,-999.0,0,-999.0,-999.0,-999.0,-999.0,-999.0,0,-999.0,-999.0,-999.0,0,0,-999.0,-999.0,-999.0,-999.0,0,-999.0,-999.0,-999.0,-999.0,-999.0,0,-999.0,-999.0,-999.0,0,0,0.031424528431978266
PSO J139.6321+35.9242,-999,-999,-999,151101396320999582,3578835000032341,214022515359316,0,16486948106474,15110,1,2038,90,0.847395913533304,3578835,49831,3,277348352,0,33,-999.0,-999.0,-999.0,-999.0,139.63213526,35.92416405,0.18127000331878662,0.18127000331878662,,,,,55968.38200231,-999.0,-0.6169836282234303,0.5244978197471827,0.5867139333480189,130.8072835227957,19.248519992235366,188.03041325925457,44.34500324652794,-999,0,1,0,0,1,0,0,-999.0,-999.0,-999.0,-999.0,0,-999.0,-999.0,-999.0,-999.0,-999.0,0,-999.0,-999.0,-999.0,0,0,-999.0,-999.0,-999.0,-999.0,0,-999.0,-999.0,-999.0,-999.0,-999.0,0,-999.0,-999.0,-999.0,0,0,0.8281599879264832,21.47800064086914,0.18064600229263306,-999.0,1,21.47800064086914,21.47800064086914,20.79990005493164,0.1455560028553009,-999.0,1,20.96500015258789,0.18064600229263306,-999.0,1,16781336,-999.0,-999.0,-999.0,-999.0,0,-999.0,-999.0,-999.0,-999.0,-999.0,0,-999.0,-999.0,-999.0,0,0,-999.0,-999.0,-999.0,-999.0,0,-999.0,-999.0,-999.0,-999.0,-999.0,0,-999.0,-999.0,-999.0,0,0,0.032266090987200145
PSO J139.6323+35.9239,-999,-999,-999,151101396322799288,3578835000032393,214022515359368,0,16486948106260,15110,1,2038,90,0.623284559346069,3578835,49831,3,268959744,0,32,-999.0,-999.0,-999.0,-999.0,139.63230609,35.92393533,0.09465000033378601,0.09465000033378601,,,,,55968.36913194,-999.0,-0.6169869764947945,0.5244974971399842,0.5867107007117769,130.80750006584134,19.248347785318124,188.03074740449142,44.345123027034234,-999,0,1,0,0,1,0,0,-999.0,-999.0,-999.0,-999.0,0,-999.0,-999.0,-999.0,-999.0,-999.0,0,-999.0,-999.0,-999.0,0,0,-999.0,-999.0,-999.0,-999.0,0,-999.0,-999.0,-999.0,-999.0,-999.0,0,-999.0,-999.0,-999.0,0,0,0.730629026889801,20.560400009155273,0.09345299750566483,-999.0,1,20.560400009155273,20.560400009155273,-999.0,-999.0,-999.0,0,20.50979995727539,0.09345299750566483,-999.0,1,4120,-999.0,-999.0,-999.0,-999.0,0,-999.0,-999.0,-999.0,-999.0,-999.0,0,-999.0,-999.0,-999.0,0,0,-999.0,-999.0,-999.0,-999.0,0,-999.0,-999.0,-999.0,-999.0,-999.0,0,-999.0,-999.0,-999.0,0,0,0.03229796173325903
PSO J139.6324+35.9212,-999,-999,-999,151101396323666029,3578835000032408,214022515359383,0,16486948129721,15110,1,2038,90,0.551492393530433,3578835,49831,3,268959744,0,32,-999.0,-999.0,-999.0,-999.0,139.6323826,35.9211831,0.25808000564575195,0.25808000564575195,,,,,56652.65506944,-999.0,-0.617009148869845,0.5245149264229676,0.5866718010697448,130.80849802004235,19.245761104815603,188.03459066550042,44.34496665960906,-999,0,1,0,0,0,1,0,-999.0,-999.0,-999.0,-999.0,0,-999.0,-999.0,-999.0,-999.0,-999.0,0,-999.0,-999.0,-999.0,0,0,-999.0,-999.0,-999.0,-999.0,0,-999.0,-999.0,-999.0,-999.0,-999.0,0,-999.0,-999.0,-999.0,0,0,-999.0,-999.0,-999.0,-999.0,0,-999.0,-999.0,-999.0,-999.0,-999.0,0,-999.0,-999.0,-999.0,0,0,0.5029410123825073,20.830900192260742,0.25764700770378113,-999.0,1,20.830900192260742,20.830900192260742,-999.0,-999.0,-999.0,1,21.074100494384766,0.25764700770378113,-999.0,1,4120,-999.0,-999.0,-999.0,-999.0,0,-999.0,-999.0,-999.0,-999.0,-999.0,0,-999.0,-999.0,-999.0,0,0,0.03133437428958381
PSO J139.6330+35.9177,-999,-999,-999,151101396330121856,3578835000032581,214022515359556,0,16486948130498,15110,1,2038,90,0.76269404940558,3578835,49831,3,277348352,0,33,-999.0,-999.0,-999.0,-999.0,139.63304498,35.91771655,0.07700999826192856,0.07700999826192856,,,,,56032.28560185,-999.0,-0.6170422557096586,0.5245307819370181,0.5866228034003421,130.81021476829395,19.242650211006982,188.03948223811756,44.34522647713915,-999,0,1,1,0,0,0,0,0.8207250237464905,20.730199813842773,0.0755390003323555,-999.0,1,20.730199813842773,20.730199813842773,-999.0,-999.0,-999.0,0,20.100500106811523,0.0755390003323555,-999.0,1,16781328,-999.0,-999.0,-999.0,-999.0,0,-999.0,-999.0,-999.0,-999.0,-999.0,0,-999.0,-999.0,-999.0,0,0,-999.0,-999.0,-999.0,-999.0,0,-999.0,-999.0,-999.0,-999.0,-999.0,0,-999.0,-999.0,-999.0,0,0,-999.0,-999.0,-999.0,-999.0,0,-999.0,-999.0,-999.0,-999.0,-999.0,0,-999.0,-999.0,-999.0,0,0,-999.0,-999.0,-999.0,-999.0,0,-999.0,-999.0,-999.0,-999.0,-999.0,0,-999.0,-999.0,-999.0,0,0,0.030879668415015663
PSO J139.6333+35.9233,-999,-999,-999,151101396332888512,3578835000032664,214022515359639,0,16486948128770,15110,1,2038,90,0.687608793086939,3578835,49831,3,268959744,0,32,-999.0,-999.0,-999.0,-999.0,139.63330806,35.92326567,0.029890000820159912,0.029890000820159912,,,,,55249.28607639,-999.0,-0.6170013733108591,0.5244911486984216,0.5867012359536361,130.8085417169755,19.247974037721576,188.03177076650096,44.34587881134877,-999,0,1,0,0,1,0,0,-999.0,-999.0,-999.0,-999.0,0,-999.0,-999.0,-999.0,-999.0,-999.0,0,-999.0,-999.0,-999.0,0,0,-999.0,-999.0,-999.0,-999.0,0,-999.0,-999.0,-999.0,-999.0,-999.0,0,-999.0,-999.0,-999.0,0,0,0.43570399284362793,18.138900756835938,0.025856999680399895,-999.0,1,18.138900756835938,18.138900756835938,18.100900650024414,0.026494000107049942,-999.0,1,18.31399917602539,0.025856999680399895,-999.0,1,4120,-999.0,-999.0,-999.0,-999.0,0,-999.0,-999.0,-999.0,-999.0,-999.0,0,-999.0,-999.0,-999.0,0,0,-999.0,-999.0,-999.0,-999.0,0,-999.0,-999.0,-999.0,-999.0,-999.0,0,-999.0,-999.0,-999.0,0,0,0.03277901402282661
PSO J139.6335+35.9220,-999,-999,-999,151101396334757045,3578835000032722,214022515359697,0,16486948128944,15110,1,2038,90,0.944869350590621,3578835,49831,3,268959744,0,32,-999.0,-999.0,-999.0,-999.0,139.63349173,35.92203552,0.2502000033855438,0.2502000033855438,,,,,57035.57056713,-999.0,-0.617012652042792,0.5244973291682273,0.5866838492020354,130.80910920098873,19.246856742315547,188.03350200838153,44.34592959815106,-999,0,1,0,0,1,0,0,-999.0,-999.0,-999.0,-999.0,0,-999.0,-999.0,-999.0,-999.0,-999.0,0,-999.0,-999.0,-999.0,0,0,-999.0,-999.0,-999.0,-999.0,0,-999.0,-999.0,-999.0,-999.0,-999.0,0,-999.0,-999.0,-999.0,0,0,0.6397560238838196,21.771900177001953,0.24975499510765076,-999.0,1,21.771900177001953,21.771900177001953,-999.0,-999.0,-999.0,0,22.049400329589844,0.24975499510765076,-999.0,1,4120,-999.0,-999.0,-999.0,-999.0,0,-999.0,-999.0,-999.0,-999.0,-999.0,0,-999.0,-999.0,-999.0,0,0,-999.0,-999.0,-999.0,-999.0,0,-999.0,-999.0,-999.0,-999.0,-999.0,0,-999.0,-999.0,-999.0,0,0,0.032468971380013326
PSO J139.6335+35.9236,-999,-999,-999,151101396334758918,3578835000032723,214022515359698,0,16486948135949,15110,1,2038,90,0.688241132244692,3578835,49831,3,503635968,7,60,139.63348163,35.92359696,0.0010000000474974513,0.0010000000474974513,139.63351242277042,35.92360266510856,0.00010928658629546707,0.0001065093794488541,12.082756480443209,-15.994664587158356,0.06480618273076258,0.06465420806413151,55708.90814752704,2684.16259765625,-0.617000614839909,0.5244867129782081,0.5867059989436694,130.80860088385094,19.248337675815325,188.03133449318145,44.34607378129703,-999,10,153,30,32,43,20,28,0.999754011631012,15.22920036315918,0.0013719999697059393,0.006451999768614769,18,15.218199729919434,15.240799903869629,15.296899795532227,0.003194000106304884,0.0138330003246665,26,15.229999542236328,0.0018220000201836228,0.00737799983471632,26,115000,0.9997249841690063,14.80049991607666,0.0011810000287368894,0.004953000228852034,21,14.788200378417969,14.8100004196167,14.858200073242188,0.0009250000002793968,0.005557000171393156,31,14.799799919128418,0.001025000005029142,0.004803000018000603,31,115000,0.9995750188827515,14.659899711608887,0.001979999942705035,0.010888000018894672,28,14.642800331115723,14.684200286865234,14.708999633789062,0.0009180000051856041,0.00864499993622303,35,14.651200294494629,0.0020540000405162573,0.012527000159025192,35,115000,0.9996579885482788,14.614999771118164,0.0021750000305473804,0.009197999723255634,14,14.600700378417969,14.631999969482422,14.671600341796875,0.0029949999880045652,0.009867999702692032,17,14.613100051879883,0.0012169999536126852,0.004112999886274338,17,115000,0.9994009733200073,14.567700386047363,0.0018289999570697546,0.011811000294983387,17,14.559000015258789,14.598099708557129,14.608400344848633,0.005623999983072281,0.029812000691890717,21,14.576899528503418,0.0030739998910576105,0.015348000451922417,21,115000,0.03306152520911814
PSO J139.6337+35.9231,-999,-999,-999,151101396336418309,3578835000032750,214022515359725,0,16486948140090,15110,1,2038,90,0.344760102540963,3578835,49831,3,277348352,0,33,-999.0,-999.0,-999.0,-999.0,139.63366287,35.92309346,0.0370899997651577,0.0370899997651577,,,,,56678.5306713,-999.0,-0.6170059648353384,0.5244884699520601,0.5866988019801643,130.80888850392228,19.24790317922203,188.03204265346372,44.34615158956225,-999,0,1,0,1,0,0,0,-999.0,-999.0,-999.0,-999.0,0,-999.0,-999.0,-999.0,-999.0,-999.0,0,-999.0,-999.0,-999.0,0,0,0.8190540075302124,19.8843994140625,0.03391699865460396,-999.0,1,19.8843994140625,19.8843994140625,18.802099227905273,0.022924000397324562,-999.0,1,19.339799880981445,0.03391699865460396,-999.0,1,16781336,-999.0,-999.0,-999.0,-999.0,0,-999.0,-999.0,-999.0,-999.0,-999.0,0,-999.0,-999.0,-999.0,0,0,-999.0,-999.0,-999.0,-999.0,0,-999.0,-999.0,-999.0,-999.0,-999.0,0,-999.0,-999.0,-999.0,0,0,-999.0,-999.0,-999.0,-999.0,0,-999.0,-999.0,-999.0,-999.0,-999.0,0,-999.0,-999.0,-999.0,0,0,0.03297996644655708
PSO J139.6338+35.9228,-999,-999,-999,151101396337327911,3578835000032768,214022515359743,0,16486948140061,15110,1,2038,90,0.710154712861548,3578835,49831,3,302067712,0,36,-999.0,-999.0,-999.0,-999.0,139.63375705,35.92275751,0.09764000028371811,0.09764000028371811,,,,,56678.54153935,-999.0,-0.6170094480102326,0.5244896837717342,0.5866940537308473,130.80907924302704,19.24760949338695,188.0325194019241,44.34620099754455,-999,0,3,0,1,2,0,0,-999.0,-999.0,-999.0,-999.0,0,-999.0,-999.0,-999.0,-999.0,-999.0,0,-999.0,-999.0,-999.0,0,0,0.8761720061302185,21.236099243164062,0.09647999703884125,-999.0,1,21.236099243164062,21.236099243164062,20.361600875854492,0.07205600291490555,-999.0,1,20.740400314331055,0.09647999703884125,-999.0,1,16777496,0.586821973323822,20.89620018005371,0.1488810032606125,0.22231799364089966,2,20.797800064086914,21.095500946044922,-999.0,-999.0,-999.0,0,20.795799255371094,0.32578399777412415,0.5653949975967407,2,4120,-999.0,-999.0,-999.0,-999.0,0,-999.0,-999.0,-999.0,-999.0,-999.0,0,-999.0,-999.0,-999.0,0,0,-999.0,-999.0,-999.0,-999.0,0,-999.0,-999.0,-999.0,-999.0,-999.0,0,-999.0,-999.0,-999.0,0,0,0.03292677665966929
PSO J139.6344+35.9232,-999,-999,-999,151101396342648563,3578835000032880,214022515359855,0,16486948140241,15110,1,2038,90,0.619859537687022,3578835,49831,3,268959744,0,32,-999.0,-999.0,-999.0,-999.0,139.63441504,35.92318742,0.21446000039577484,0.21446000039577484,,,,,55613.28707176,-999.0,-0.6170121171073013,0.5244797468107015,0.5867001299881809,130.80946758314678,19.248187703264147,188.03197916221774,44.346766230068084,-999,0,1,0,1,0,0,0,-999.0,-999.0,-999.0,-999.0,0,-999.0,-999.0,-999.0,-999.0,-999.0,0,-999.0,-999.0,-999.0,0,0,0.6880980134010315,19.649799346923828,0.2139350026845932,-999.0,1,19.649799346923828,19.649799346923828,-999.0,-999.0,-999.0,0,19.24020004272461,0.2139350026845932,-999.0,1,4112,-999.0,-999.0,-999.0,-999.0,0,-999.0,-999.0,-999.0,-999.0,-999.0,0,-999.0,-999.0,-999.0,0,0,-999.0,-999.0,-999.0,-999.0,0,-999.0,-999.0,-999.0,-999.0,-999.0,0,-999.0,-999.0,-999.0,0,0,-999.0,-999.0,-999.0,-999.0,0,-999.0,-999.0,-999.0,-999.0,-999.0,0,-999.0,-999.0,-999.0,0,0,0.033580295786413486
PSO J139.6345+35.9227,-999,-999,-999,151101396344737806,3578835000032932,214022515359907,0,16486948140279,15110,1,2038,90,0.665352996127077,3578835,49831,3,277348352,0,33,-999.0,-999.0,-999.0,-999.0,139.63448987,35.92266396,0.13695000112056732,0.13695000112056732,,,,,56652.65506944,-999.0,-0.617016886118322,0.5244824125150552,0.5866927315104876,130.80970636367437,19.247711402431747,188.03271556157367,44.34678516331171,-999,0,1,0,0,0,1,0,-999.0,-999.0,-999.0,-999.0,0,-999.0,-999.0,-999.0,-999.0,-999.0,0,-999.0,-999.0,-999.0,0,0,-999.0,-999.0,-999.0,-999.0,0,-999.0,-999.0,-999.0,-999.0,-999.0,0,-999.0,-999.0,-999.0,0,0,-999.0,-999.0,-999.0,-999.0,0,-999.0,-999.0,-999.0,-999.0,-999.0,0,-999.0,-999.0,-999.0,0,0,0.6598600149154663,20.179500579833984,0.13612699508666992,-999.0,1,20.179500579833984,20.179500579833984,20.144399642944336,0.13242100179195404,-999.0,1,19.76409912109375,0.13612699508666992,-999.0,1,16781336,-999.0,-999.0,-999.0,-999.0,0,-999.0,-999.0,-999.0,-999.0,-999.0,0,-999.0,-999.0,-999.0,0,0,0.03344667489543325
PSO J139.6348+35.9221,-999,-999,-999,151101396347607069,3578835000032998,214022515359973,0,16486948140120,15110,1,2038,90,0.0180965652857875,3578835,49831,3,268959744,0,32,-999.0,-999.0,-999.0,-999.0,139.63477718,35.92205552,0.23159000277519226,0.23159000277519226,,,,,57035.57056713,-999.0,-0.6170242631237343,0.5244833535160992,0.5866841318811334,130.81014664946196,19.24720985755951,188.03358948786186,44.346968887061344,-999,0,1,0,0,1,0,0,-999.0,-999.0,-999.0,-999.0,0,-999.0,-999.0,-999.0,-999.0,-999.0,0,-999.0,-999.0,-999.0,0,0,-999.0,-999.0,-999.0,-999.0,0,-999.0,-999.0,-999.0,-999.0,-999.0,0,-999.0,-999.0,-999.0,0,0,0.5762389898300171,21.601200103759766,0.2310989946126938,-999.0,1,21.601200103759766,21.601200103759766,-999.0,-999.0,-999.0,0,21.709299087524414,0.2310989946126938,-999.0,1,4120,-999.0,-999.0,-999.0,-999.0,0,-999.0,-999.0,-999.0,-999.0,-999.0,0,-999.0,-999.0,-999.0,0,0,-999.0,-999.0,-999.0,-999.0,0,-999.0,-999.0,-999.0,-999.0,-999.0,0,-999.0,-999.0,-999.0,0,0,0.033453822174572774
PSO J139.6352+35.9227,-999,-999,-999,151101396350717963,3578835000033087,214022515360062,0,16486948140206,15110,1,2038,90,0.974372727772568,3578835,49831,3,310456320,0,37,-999.0,-999.0,-999.0,-999.0,139.63524547,35.92266354,0.18605999648571014,0.18605999648571014,,,,,55613.29881944,-999.0,-0.6170238060623329,0.5244742782163712,0.586692725574273,130.81032032317725,19.247907436792648,188.03278394147782,44.34739509855966,-999,0,1,0,1,0,0,0,-999.0,-999.0,-999.0,-999.0,0,-999.0,-999.0,-999.0,-999.0,-999.0,0,-999.0,-999.0,-999.0,0,0,0.9707589745521545,22.055500030517578,0.18545199930667877,-999.0,1,22.055500030517578,22.055500030517578,20.672199249267578,0.17202399671077728,-999.0,1,20.840299606323242,0.18545199930667877,-999.0,1,16777488,-999.0,-999.0,-999.0,-999.0,0,-999.0,-999.0,-999.0,-999.0,-999.0,0,-999.0,-999.0,-999.0,0,0,-999.0,-999.0,-999.0,-999.0,0,-999.0,-999.0,-999.0,-999.0,-999.0,0,-999.0,-999.0,-999.0,0,0,-999.0,-999.0,-999.0,-999.0,0,-999.0,-999.0,-999.0,-999.0,-999.0,0,-999.0,-999.0,-999.0,0,0,0.034019025502398124
PSO J139.6356+35.9193,-999,-999,-999,151101396355853755,3578835000033212,214022515360187,0,16486948128015,15110,1,2038,90,0.0762933847273638,3578835,49831,3,268513280,0,32,-999.0,-999.0,-999.0,-999.0,139.63563293,35.91931044,0.018120000138878822,0.018120000138878822,,,,,55248.31197917,-999.0,-0.6170535128272572,0.5244923415163016,0.5866453323757798,130.81177523142395,19.24483254229875,188.0374928668207,44.34744213849382,-999,0,1,0,1,0,0,0,-999.0,-999.0,-999.0,-999.0,0,-999.0,-999.0,-999.0,-999.0,-999.0,0,-999.0,-999.0,-999.0,0,0,0.9984009861946106,18.38330078125,0.010168000124394894,-999.0,1,18.38330078125,18.38330078125,19.240699768066406,0.02964399941265583,-999.0,1,19.163000106811523,0.010168000124394894,-999.0,1,24,-999.0,-999.0,-999.0,-999.0,0,-999.0,-999.0,-999.0,-999.0,-999.0,0,-999.0,-999.0,-999.0,0,0,-999.0,-999.0,-999.0,-999.0,0,-999.0,-999.0,-999.0,-999.0,-999.0,0,-999.0,-999.0,-999.0,0,0,-999.0,-999.0,-999.0,-999.0,0,-999.0,-999.0,-999.0,-999.0,-999.0,0,-999.0,-999.0,-999.0,0,0,0.03329839315632459
PSO J139.6356+35.9209,-999,-999,-999,151101396356025673,3578835000033219,214022515360194,0,16486948140538,15110,1,2038,90,0.234731127726595,3578835,49831,3,444674048,7,53,139.63556942,35.92094065,0.0010000000474974513,0.0010000000474974513,139.6356311225987,35.920924733210576,0.049268462878135834,0.049268462878135834,-1140251.1073722742,1584758.5751699961,1129637.577609571,1129637.577609571,57049.433637271366,2.528291702270508,-0.617040902234847,0.5244816561046528,0.5866681492794089,130.81122654574526,19.246357562498666,188.03524760868098,44.34756877355473,-999,6,3,0,0,3,0,0,-999.0,-999.0,-999.0,-999.0,0,-999.0,-999.0,-999.0,-999.0,-999.0,0,-999.0,-999.0,-999.0,0,16416,-999.0,-999.0,-999.0,-999.0,0,-999.0,-999.0,-999.0,-999.0,-999.0,0,-999.0,-999.0,-999.0,0,114720,0.9979509711265564,21.79199981689453,0.02048099972307682,0.05299700051546097,3,21.736799240112305,21.842599868774414,21.15089988708496,0.08733700215816498,0.17176799476146698,3,21.11359977722168,0.06833799928426743,0.1028909981250763,3,16892216,-999.0,-999.0,-999.0,-999.0,0,-999.0,-999.0,-999.0,-999.0,-999.0,0,-999.0,-999.0,-999.0,0,114720,-999.0,-999.0,-999.0,-999.0,0,-999.0,-999.0,-999.0,-999.0,-999.0,0,-999.0,-999.0,-999.0,0,16416,0.033747766050883865
PSO J139.6359+35.9211,-999,-999,-999,151101396359175913,3578835000033288,214022515360263,0,16486948140491,15110,1,2038,90,0.718664817250022,3578835,49831,3,310456320,0,37,-999.0,-999.0,-999.0,-999.0,139.63594144,35.92109331,0.18041999638080597,0.18041999638080597,,,,,55901.64604167,-999.0,-0.6170424276494998,0.5244771962645558,0.5866705319673747,130.81141963174485,19.246601252066334,188.03503526969763,44.34783251323469,-999,0,1,0,0,0,1,0,-999.0,-999.0,-999.0,-999.0,0,-999.0,-999.0,-999.0,-999.0,-999.0,0,-999.0,-999.0,-999.0,0,0,-999.0,-999.0,-999.0,-999.0,0,-999.0,-999.0,-999.0,-999.0,-999.0,0,-999.0,-999.0,-999.0,0,0,-999.0,-999.0,-999.0,-999.0,0,-999.0,-999.0,-999.0,-999.0,-999.0,0,-999.0,-999.0,-999.0,0,0,0.16122299432754517,21.210399627685547,0.17979900538921356,-999.0,1,21.210399627685547,21.210399627685547,20.472700119018555,0.2050209939479828,-999.0,1,20.573699951171875,0.17979900538921356,-999.0,1,16777752,-999.0,-999.0,-999.0,-999.0,0,-999.0,-999.0,-999.0,-999.0,-999.0,0,-999.0,-999.0,-999.0,0,0,0.03403828932505106
PSO J139.6361+35.9235,-999,-999,-999,151101396360928726,3578835000033332,214022515360307,0,16486948136335,15110,1,2038,90,0.0601584055089936,3578835,49831,3,268513280,0,32,-999.0,-999.0,-999.0,-999.0,139.63613864,35.92345264,0.018200000748038292,0.018200000748038292,,,,,55248.31197917,-999.0,-0.617025825175617,0.5244594264363994,0.5867038785352896,130.8107775695333,19.24888696767923,188.0317640663911,44.348178629853855,-999,0,1,0,1,0,0,0,-999.0,-999.0,-999.0,-999.0,0,-999.0,-999.0,-999.0,-999.0,-999.0,0,-999.0,-999.0,-999.0,0,0,0.9984520077705383,18.357999801635742,0.010301999747753143,-999.0,1,18.357999801635742,18.357999801635742,18.94379997253418,0.023151999339461327,-999.0,1,18.858200073242188,0.010301999747753143,-999.0,1,24,-999.0,-999.0,-999.0,-999.0,0,-999.0,-999.0,-999.0,-999.0,-999.0,0,-999.0,-999.0,-999.0,0,0,-999.0,-999.0,-999.0,-999.0,0,-999.0,-999.0,-999.0,-999.0,-999.0,0,-999.0,-999.0,-999.0,0,0,-999.0,-999.0,-999.0,-999.0,0,-999.0,-999.0,-999.0,-999.0,-999.0,0,-999.0,-999.0,-999.0,0,0,0.034976137892677325
PSO J139.6364+35.9242,-999,-999,-999,151101396363759644,3578835000033402,214022515360377,0,16486948136851,15110,1,2038,90,0.0403766865286759,3578835,49831,3,268959744,0,32,-999.0,-999.0,-999.0,-999.0,139.63639499,35.92420897,0.2106499969959259,0.2106499969959259,,,,,55249.28607639,-999.0,-0.6170222705121433,0.5244516499363605,0.5867145682280853,130.810728629427,19.249669907360666,188.03073272874985,44.34844546986074,-999,0,1,0,0,1,0,0,-999.0,-999.0,-999.0,-999.0,0,-999.0,-999.0,-999.0,-999.0,-999.0,0,-999.0,-999.0,-999.0,0,0,-999.0,-999.0,-999.0,-999.0,0,-999.0,-999.0,-999.0,-999.0,-999.0,0,-999.0,-999.0,-999.0,0,0,0.6358770132064819,20.57469940185547,0.2101140022277832,-999.0,1,20.57469940185547,20.57469940185547,-999.0,-999.0,-999.0,0,-999.0,-999.0,-999.0,0,4120,-999.0,-999.0,-999.0,-999.0,0,-999.0,-999.0,-999.0,-999.0,-999.0,0,-999.0,-999.0,-999.0,0,0,-999.0,-999.0,-999.0,-999.0,0,-999.0,-999.0,-999.0,-999.0,-999.0,0,-999.0,-999.0,-999.0,0,0,0.035449696230608736
PSO J139.6369+35.9244,-999,-999,-999,151101396368579861,3578835000033518,214022515360493,0,16486948136287,15110,1,2038,90,0.84318434246181,3578835,49831,3,268959744,0,32,-999.0,-999.0,-999.0,-999.0,139.63687321,35.92438698,0.19113999605178833,0.19113999605178833,,,,,55249.26556713,-999.0,-0.6170252589076746,0.5244453194053058,0.5867170841417386,130.8110565775969,19.249962819031808,188.03052746375818,44.34884560910176,-999,0,1,0,0,0,0,1,-999.0,-999.0,-999.0,-999.0,0,-999.0,-999.0,-999.0,-999.0,-999.0,0,-999.0,-999.0,-999.0,0,0,-999.0,-999.0,-999.0,-999.0,0,-999.0,-999.0,-999.0,-999.0,-999.0,0,-999.0,-999.0,-999.0,0,0,-999.0,-999.0,-999.0,-999.0,0,-999.0,-999.0,-999.0,-999.0,-999.0,0,-999.0,-999.0,-999.0,0,0,-999.0,-999.0,-999.0,-999.0,0,-999.0,-999.0,-999.0,-999.0,-999.0,0,-999.0,-999.0,-999.0,0,0,0.4868620038032532,18.768199920654297,0.19055399298667908,-999.0,1,18.768199920654297,18.768199920654297,-999.0,-999.0,-999.0,0,-999.0,-999.0,-999.0,0,4112,0.035875543809560054
PSO J139.6373+35.9241,-999,-999,-999,151101396372409638,3578835000033599,214022515360574,0,16486948136420,15110,1,2038,90,0.867340249817204,3578835,49831,3,436285440,0,52,139.63740528,35.92404059,0.0010000000474974513,0.0010000000474974513,139.63732589,35.92413866,0.10335999727249146,0.10335999727249146,,,,,55936.23084491,4.39900016784668,-0.6170313399351718,0.5244420912163648,0.5867135744964596,130.81150875205248,19.249845329113814,188.03091421980687,44.34919137232187,-999,7,3,0,0,3,0,0,-999.0,-999.0,-999.0,-999.0,0,-999.0,-999.0,-999.0,-999.0,-999.0,0,-999.0,-999.0,-999.0,0,114720,-999.0,-999.0,-999.0,-999.0,0,-999.0,-999.0,-999.0,-999.0,-999.0,0,-999.0,-999.0,-999.0,0,114720,0.9976199865341187,20.62470054626465,0.00016999999934341758,-999.0,1,20.55500030517578,20.55500030517578,20.2637996673584,0.00021600000036414713,-999.0,2,20.39150047302246,0.00016999999934341758,-999.0,2,16892216,-999.0,-999.0,-999.0,-999.0,0,-999.0,-999.0,-999.0,-999.0,-999.0,0,-999.0,-999.0,-999.0,0,16416,-999.0,-999.0,-999.0,-999.0,0,-999.0,-999.0,-999.0,-999.0,-999.0,0,-999.0,-999.0,-999.0,0,16416,0.036122176404702014
PSO J139.6379+35.9239,-999,-999,-999,151101396378619299,3578835000033752,214022515360727,0,16486948136221,15110,1,2038,90,0.114286255197866,3578835,49831,3,268959744,0,32,-999.0,-999.0,-999.0,-999.0,139.63788133,35.92392122,0.19147999584674835,0.19147999584674835,,,,,55249.28607639,-999.0,-0.6170381205758662,0.5244375515125129,0.5867105012864209,130.81203390362887,19.249783801224343,188.03126714496116,44.34962253528969,-999,0,1,0,0,1,0,0,-999.0,-999.0,-999.0,-999.0,0,-999.0,-999.0,-999.0,-999.0,-999.0,0,-999.0,-999.0,-999.0,0,0,-999.0,-999.0,-999.0,-999.0,0,-999.0,-999.0,-999.0,-999.0,-999.0,0,-999.0,-999.0,-999.0,0,0,0.6608110070228577,20.534500122070312,0.19089500606060028,-999.0,1,20.534500122070312,20.534500122070312,-999.0,-999.0,-999.0,0,-999.0,-999.0,-999.0,0,4120,-999.0,-999.0,-999.0,-999.0,0,-999.0,-999.0,-999.0,-999.0,-999.0,0,-999.0,-999.0,-999.0,0,0,-999.0,-999.0,-999.0,-999.0,0,-999.0,-999.0,-999.0,-999.0,-999.0,0,-999.0,-999.0,-999.0,0,0,0.03646128024750166
PSO J139.6380+35.9243,-999,-999,-999,151101396380039730,3578835000033793,214022515360768,0,16486948138129,15110,1,2038,90,0.876167341020114,3578835,49831,3,268959744,0,32,-999.0,-999.0,-999.0,-999.0,139.63795501,35.92434979,0.17789000272750854,0.17789000272750854,,,,,55761.20501157,-999.0,-0.6170354510157027,0.5244339159071424,0.5867165585153948,130.81194801965484,19.25020883995942,188.03067630744252,44.34971594720477,-999,0,2,1,0,0,0,1,0.7794240117073059,22.140899658203125,0.30353298783302307,-999.0,1,22.140899658203125,22.140899658203125,21.9419002532959,0.2621940076351166,-999.0,1,22.250699996948242,0.30353298783302307,-999.0,1,4120,-999.0,-999.0,-999.0,-999.0,0,-999.0,-999.0,-999.0,-999.0,-999.0,0,-999.0,-999.0,-999.0,0,0,-999.0,-999.0,-999.0,-999.0,0,-999.0,-999.0,-999.0,-999.0,-999.0,0,-999.0,-999.0,-999.0,0,0,-999.0,-999.0,-999.0,-999.0,0,-999.0,-999.0,-999.0,-999.0,-999.0,0,-999.0,-999.0,-999.0,0,0,0.7584779858589172,19.303699493408203,0.21889300644397736,-999.0,1,19.303699493408203,19.303699493408203,-999.0,-999.0,-999.0,0,20.83049964904785,0.21889300644397736,-999.0,1,4112,0.03667360084902084
PSO J139.6390+35.9189,-999,-999,-999,151101396389623283,3578835000034019,214022515360994,0,16486948141398,15110,1,2038,90,0.99805047269729,3578835,49831,3,302067712,0,36,-999.0,-999.0,-999.0,-999.0,139.63900002,35.91888483,0.02346000075340271,0.02346000075340271,,,,,55259.45986111,-999.0,-0.6170876550191298,0.524458900432845,0.5866393165990177,130.81465530202473,19.24530485399299,188.03838844326668,44.35012664475261,-999,0,1,0,0,1,0,0,-999.0,-999.0,-999.0,-999.0,0,-999.0,-999.0,-999.0,-999.0,-999.0,0,-999.0,-999.0,-999.0,0,0,-999.0,-999.0,-999.0,-999.0,0,-999.0,-999.0,-999.0,-999.0,-999.0,0,-999.0,-999.0,-999.0,0,0,0.9993100166320801,18.067899703979492,0.0180440004914999,-999.0,1,18.067899703979492,18.067899703979492,18.721900939941406,0.04579799994826317,-999.0,1,18.758499145507812,0.0180440004914999,-999.0,1,272,-999.0,-999.0,-999.0,-999.0,0,-999.0,-999.0,-999.0,-999.0,-999.0,0,-999.0,-999.0,-999.0,0,0,-999.0,-999.0,-999.0,-999.0,0,-999.0,-999.0,-999.0,-999.0,-999.0,0,-999.0,-999.0,-999.0,0,0,0.03584164326742362
PSO J139.6391+35.9240,-999,-999,-999,151101396390099462,3578835000034036,214022515361011,0,16486948137507,15110,1,2038,90,0.141543508639134,3578835,49831,3,268959744,0,32,-999.0,-999.0,-999.0,-999.0,139.63910503,35.923955,0.18062999844551086,0.18062999844551086,,,,,55249.27246528,-999.0,-0.6170490575840547,0.5244241489329597,0.5867109787199918,130.8130164866575,19.25013393253246,188.0313297756622,44.35061304697284,-999,0,2,0,0,1,0,1,-999.0,-999.0,-999.0,-999.0,0,-999.0,-999.0,-999.0,-999.0,-999.0,0,-999.0,-999.0,-999.0,0,0,-999.0,-999.0,-999.0,-999.0,0,-999.0,-999.0,-999.0,-999.0,-999.0,0,-999.0,-999.0,-999.0,0,0,0.8120779991149902,21.085500717163086,0.2731519937515259,-999.0,1,21.085500717163086,21.085500717163086,-999.0,-999.0,-999.0,0,-999.0,-999.0,-999.0,0,4120,-999.0,-999.0,-999.0,-999.0,0,-999.0,-999.0,-999.0,-999.0,-999.0,0,-999.0,-999.0,-999.0,0,0,0.7479410171508789,19.515300750732422,0.2400439977645874,-999.0,1,19.515300750732422,19.515300750732422,-999.0,-999.0,-999.0,0,20.548999786376953,0.2400439977645874,-999.0,1,4112,0.037399010994965044
PSO J139.6396+35.9188,-999,-999,-999,151101396395243135,3578835000034163,214022515361138,0,16486948141565,15110,1,2038,90,0.533528793168747,3578835,49831,3,268959744,0,32,-999.0,-999.0,-999.0,-999.0,139.63955422,35.91878775,0.428600013256073,0.428600013256073,,,,,55248.24292824,-999.0,-0.6170934852778007,0.5244535752528989,0.586637944418999,130.81513853386954,19.2453570015834,188.03857352243423,44.35056635694022,-999,0,1,0,0,0,0,1,-999.0,-999.0,-999.0,-999.0,0,-999.0,-999.0,-999.0,-999.0,-999.0,0,-999.0,-999.0,-999.0,0,0,-999.0,-999.0,-999.0,-999.0,0,-999.0,-999.0,-999.0,-999.0,-999.0,0,-999.0,-999.0,-999.0,0,0,-999.0,-999.0,-999.0,-999.0,0,-999.0,-999.0,-999.0,-999.0,-999.0,0,-999.0,-999.0,-999.0,0,0,-999.0,-999.0,-999.0,-999.0,0,-999.0,-999.0,-999.0,-999.0,-999.0,0,-999.0,-999.0,-999.0,0,0,0.4861859977245331,19.86039924621582,0.4283379912376404,-999.0,1,19.86039924621582,19.86039924621582,-999.0,-999.0,-999.0,0,-999.0,-999.0,-999.0,0,4120,0.03625729008748647
PSO J139.6401+35.9211,-999,-999,-999,151101396400965890,3578835000034311,214022515361286,0,16486948139660,15110,1,2038,90,0.0263728313393638,3578835,49831,3,268513280,0,32,-999.0,-999.0,-999.0,-999.0,139.64013422,35.92107508,0.02027999982237816,0.02027999982237816,,,,,55249.3515162,-999.0,-0.6170809483287272,0.5244321619235869,0.5866702743022449,130.81483190077847,19.247674045967564,188.03543688329904,44.35121581656138,-999,0,1,1,0,0,0,0,0.9983720183372498,18.969600677490234,0.013644999824464321,-999.0,1,18.969600677490234,18.969600677490234,19.169599533081055,0.023763999342918396,-999.0,1,19.098800659179688,0.013644999824464321,-999.0,1,24,-999.0,-999.0,-999.0,-999.0,0,-999.0,-999.0,-999.0,-999.0,-999.0,0,-999.0,-999.0,-999.0,0,0,-999.0,-999.0,-999.0,-999.0,0,-999.0,-999.0,-999.0,-999.0,-999.0,0,-999.0,-999.0,-999.0,0,0,-999.0,-999.0,-999.0,-999.0,0,-999.0,-999.0,-999.0,-999.0,-999.0,0,-999.0,-999.0,-999.0,0,0,-999.0,-999.0,-999.0,-999.0,0,-999.0,-999.0,-999.0,-999.0,-999.0,0,-999.0,-999.0,-999.0,0,0,0.03728259203862186
PSO J139.6406+35.9193,-999,-999,-999,151101396405253710,3578835000034412,214022515361387,0,16486948141327,15110,1,2038,90,0.722311774941452,3578835,49831,3,268513280,0,32,-999.0,-999.0,-999.0,-999.0,139.64055962,35.91926139,0.0393499992787838,0.0393499992787838,,,,,55972.4722338,-999.0,-0.6170989927370251,0.5244396062468514,0.5866446390811022,130.81579423766388,19.246066970041706,188.0380034713121,44.35141555033988,-999,0,1,0,1,0,0,0,-999.0,-999.0,-999.0,-999.0,0,-999.0,-999.0,-999.0,-999.0,-999.0,0,-999.0,-999.0,-999.0,0,0,0.9982759952545166,20.05579948425293,0.036382999271154404,-999.0,1,20.05579948425293,20.05579948425293,20.88170051574707,0.10455500334501266,-999.0,1,20.718000411987305,0.036382999271154404,-999.0,1,16,-999.0,-999.0,-999.0,-999.0,0,-999.0,-999.0,-999.0,-999.0,-999.0,0,-999.0,-999.0,-999.0,0,0,-999.0,-999.0,-999.0,-999.0,0,-999.0,-999.0,-999.0,-999.0,-999.0,0,-999.0,-999.0,-999.0,0,0,-999.0,-999.0,-999.0,-999.0,0,-999.0,-999.0,-999.0,-999.0,-999.0,0,-999.0,-999.0,-999.0,0,0,0.03715725272888067
PSO J139.6409+35.9236,-999,-999,-999,151101396408688928,3578835000034516,214022515361491,0,16486948137844,15110,1,2038,90,0.355048511507966,3578835,49831,3,268959744,0,32,-999.0,-999.0,-999.0,-999.0,139.6408845,35.9236093,0.23354999721050262,0.23354999721050262,,,,,55249.26556713,-999.0,-0.6170680421039585,0.5244072770092947,0.5867060927190755,130.81457959772249,19.25026917486371,188.031971245219,44.35202216831924,-999,0,1,0,0,0,0,1,-999.0,-999.0,-999.0,-999.0,0,-999.0,-999.0,-999.0,-999.0,-999.0,0,-999.0,-999.0,-999.0,0,0,-999.0,-999.0,-999.0,-999.0,0,-999.0,-999.0,-999.0,-999.0,-999.0,0,-999.0,-999.0,-999.0,0,0,-999.0,-999.0,-999.0,-999.0,0,-999.0,-999.0,-999.0,-999.0,-999.0,0,-999.0,-999.0,-999.0,0,0,-999.0,-999.0,-999.0,-999.0,0,-999.0,-999.0,-999.0,-999.0,-999.0,0,-999.0,-999.0,-999.0,0,0,0.5273860096931458,19.2185001373291,0.23306399583816528,-999.0,1,19.2185001373291,19.2185001373291,-999.0,-999.0,-999.0,0,21.298799514770508,0.23306399583816528,-999.0,1,4112,0.03863429830061944
PSO J139.6416+35.9227,-999,-999,-999,151101396416237842,3578835000034721,214022515361696,0,16486948139129,15110,1,2038,90,0.494947404130313,3578835,49831,3,268959744,0,32,-999.0,-999.0,-999.0,-999.0,139.64163916,35.92269962,0.3257099986076355,0.3257099986076355,,,,,57035.55862269,-999.0,-0.6170820472754406,0.5244051814404527,0.5866932355232646,130.81550200437871,19.249603861663335,188.03330709309373,44.352559362876335,-999,0,1,0,0,1,0,0,-999.0,-999.0,-999.0,-999.0,0,-999.0,-999.0,-999.0,-999.0,-999.0,0,-999.0,-999.0,-999.0,0,0,-999.0,-999.0,-999.0,-999.0,0,-999.0,-999.0,-999.0,-999.0,-999.0,0,-999.0,-999.0,-999.0,0,0,0.41634801030158997,21.83769989013672,0.32536301016807556,-999.0,1,21.83769989013672,21.83769989013672,-999.0,-999.0,-999.0,0,22.556100845336914,0.32536301016807556,-999.0,1,4120,-999.0,-999.0,-999.0,-999.0,0,-999.0,-999.0,-999.0,-999.0,-999.0,0,-999.0,-999.0,-999.0,0,0,-999.0,-999.0,-999.0,-999.0,0,-999.0,-999.0,-999.0,-999.0,-999.0,0,-999.0,-999.0,-999.0,0,0,0.03892251209237448
PSO J139.6424+35.9208,-999,-999,-999,151101396424425531,3578835000034932,214022515361907,0,16486948132235,15110,1,2038,90,0.051281752112584,3578835,49831,3,268959744,0,32,-999.0,-999.0,-999.0,-999.0,139.64244295,35.92077247,-999.0,-999.0,,,,,-999.0,-999.0,-0.6171044409126142,0.5244093027166413,0.5866659971654876,130.8168103406142,19.247987723267865,188.03606584277992,44.35305564860728,-999,0,1,0,0,1,0,0,-999.0,-999.0,-999.0,-999.0,0,-999.0,-999.0,-999.0,-999.0,-999.0,0,-999.0,-999.0,-999.0,0,0,-999.0,-999.0,-999.0,-999.0,0,-999.0,-999.0,-999.0,-999.0,-999.0,0,-999.0,-999.0,-999.0,0,0,-999.0,-999.0,-999.0,-999.0,0,-999.0,-999.0,18.460100173950195,0.021524999290704727,-999.0,1,-999.0,-999.0,-999.0,0,24,-999.0,-999.0,-999.0,-999.0,0,-999.0,-999.0,-999.0,-999.0,-999.0,0,-999.0,-999.0,-999.0,0,0,-999.0,-999.0,-999.0,-999.0,0,-999.0,-999.0,-999.0,-999.0,-999.0,0,-999.0,-999.0,-999.0,0,0,0.039003897090125146
PSO J139.6424+35.9208,-999,-999,-999,151101396424455530,3578835000034933,214022515361908,0,16486948132235,15110,1,2038,90,0.229050561067695,3578835,49831,3,268959744,0,32,-999.0,-999.0,-999.0,-999.0,139.64244511,35.92077143,-999.0,-999.0,,,,,-999.0,-999.0,-0.6171044687969761,0.5244092863480564,0.5866659824659378,130.81681244899863,19.24798729993576,188.03606748639908,44.353057309981786,-999,0,1,0,0,1,0,0,-999.0,-999.0,-999.0,-999.0,0,-999.0,-999.0,-999.0,-999.0,-999.0,0,-999.0,-999.0,-999.0,0,0,-999.0,-999.0,-999.0,-999.0,0,-999.0,-999.0,-999.0,-999.0,-999.0,0,-999.0,-999.0,-999.0,0,0,-999.0,-999.0,-999.0,-999.0,0,-999.0,-999.0,18.496700286865234,0.02214300073683262,-999.0,1,-999.0,-999.0,-999.0,0,24,-999.0,-999.0,-999.0,-999.0,0,-999.0,-999.0,-999.0,-999.0,-999.0,0,-999.0,-999.0,-999.0,0,0,-999.0,-999.0,-999.0,-999.0,0,-999.0,-999.0,-999.0,-999.0,-999.0,0,-999.0,-999.0,-999.0,0,0,0.03900532071934367
PSO J139.6427+35.9198,-999,-999,-999,151101396426574356,3578835000034984,214022515361959,0,16486948132208,15110,1,2038,90,0.714547559353102,3578835,49831,3,302067712,0,36,-999.0,-999.0,-999.0,-999.0,139.64269002,35.919788,0.05793000012636185,0.05793000012636185,,,,,55268.33556713,-999.0,-0.6171143835184637,0.5244131690470644,0.5866520824003283,130.8173458405118,19.247119611890994,188.03746047468815,44.35317713416155,-999,0,1,0,1,0,0,0,-999.0,-999.0,-999.0,-999.0,0,-999.0,-999.0,-999.0,-999.0,-999.0,0,-999.0,-999.0,-999.0,0,0,0.14190000295639038,20.46109962463379,0.05595400184392929,-999.0,1,20.46109962463379,20.46109962463379,20.570199966430664,0.08436200022697449,-999.0,1,20.406600952148438,0.05595400184392929,-999.0,1,536,-999.0,-999.0,-999.0,-999.0,0,-999.0,-999.0,-999.0,-999.0,-999.0,0,-999.0,-999.0,-999.0,0,0,-999.0,-999.0,-999.0,-999.0,0,-999.0,-999.0,-999.0,-999.0,-999.0,0,-999.0,-999.0,-999.0,0,0,-999.0,-999.0,-999.0,-999.0,0,-999.0,-999.0,-999.0,-999.0,-999.0,0,-999.0,-999.0,-999.0,0,0,0.03895744406184651
PSO J139.5528+35.9270,-999,-999,-999,151111395527433012,3578835000012657,214022515339632,0,16486948652475,15111,1,2038,90,0.983681979573967,3578835,49831,3,268959744,0,32,-999.0,-999.0,-999.0,-999.0,139.55275611,35.92701911,0.3329299986362457,0.3329299986362457,,,,,56344.37971065,-999.0,-0.6162341330962139,0.5253331347281223,0.5867542848278845,130.74182983464542,19.23060287100401,188.01928780516582,44.28115460442788,-999,0,1,0,1,0,0,0,-999.0,-999.0,-999.0,-999.0,0,-999.0,-999.0,-999.0,-999.0,-999.0,0,-999.0,-999.0,-999.0,0,0,0.5397040247917175,21.92329978942871,0.3325900137424469,-999.0,1,21.92329978942871,21.92329978942871,-999.0,-999.0,-999.0,0,23.222999572753906,0.3325900137424469,-999.0,1,4120,-999.0,-999.0,-999.0,-999.0,0,-999.0,-999.0,-999.0,-999.0,-999.0,0,-999.0,-999.0,-999.0,0,0,-999.0,-999.0,-999.0,-999.0,0,-999.0,-999.0,-999.0,-999.0,-999.0,0,-999.0,-999.0,-999.0,0,0,-999.0,-999.0,-999.0,-999.0,0,-999.0,-999.0,-999.0,-999.0,-999.0,0,-999.0,-999.0,-999.0,0,0,0.038542029078100865
PSO J139.5540+35.9276,-999,-999,-999,151111395539433763,3578835000012968,214022515339943,0,16486948652515,15111,1,2038,90,0.547568967144535,3578835,49831,3,268959744,0,32,-999.0,-999.0,-999.0,-999.0,139.55395663,35.92764274,0.2847999930381775,0.2847999930381775,,,,,56344.36663194,-999.0,-0.6162402800326519,0.5253160795083618,0.5867630985970771,130.74259332103776,19.231505251231976,188.01852798510822,44.282173457093606,-999,0,1,0,0,1,0,0,-999.0,-999.0,-999.0,-999.0,0,-999.0,-999.0,-999.0,-999.0,-999.0,0,-999.0,-999.0,-999.0,0,0,-999.0,-999.0,-999.0,-999.0,0,-999.0,-999.0,-999.0,-999.0,-999.0,0,-999.0,-999.0,-999.0,0,0,0.5620930194854736,21.740800857543945,0.28440698981285095,-999.0,1,21.740800857543945,21.740800857543945,-999.0,-999.0,-999.0,0,22.432600021362305,0.28440698981285095,-999.0,1,4120,-999.0,-999.0,-999.0,-999.0,0,-999.0,-999.0,-999.0,-999.0,-999.0,0,-999.0,-999.0,-999.0,0,0,-999.0,-999.0,-999.0,-999.0,0,-999.0,-999.0,-999.0,-999.0,-999.0,0,-999.0,-999.0,-999.0,0,0,0.037936325597838376
PSO J139.5568+35.9312,-999,-999,-999,151111395567688017,3578835000013715,214022515340690,0,16486948651746,15111,1,2038,90,0.091666046615379,3578835,49831,3,268513280,0,32,-999.0,-999.0,-999.0,-999.0,139.55677661,35.93117693,0.01844000071287155,0.01844000071287155,,,,,56344.37971065,-999.0,-0.6162385880878436,0.5252622693127573,0.5868130460273641,130.74368398125222,19.23558498143365,188.0138616648814,44.284731795226584,-999,0,1,0,1,0,0,0,-999.0,-999.0,-999.0,-999.0,0,-999.0,-999.0,-999.0,-999.0,-999.0,0,-999.0,-999.0,-999.0,0,0,0.9975900053977966,18.268699645996094,0.010718000121414661,-999.0,1,18.268699645996094,18.268699645996094,18.752199172973633,0.02300800010561943,-999.0,1,18.664100646972656,0.010718000121414661,-999.0,1,24,-999.0,-999.0,-999.0,-999.0,0,-999.0,-999.0,-999.0,-999.0,-999.0,0,-999.0,-999.0,-999.0,0,0,-999.0,-999.0,-999.0,-999.0,0,-999.0,-999.0,-999.0,-999.0,-999.0,0,-999.0,-999.0,-999.0,0,0,-999.0,-999.0,-999.0,-999.0,0,-999.0,-999.0,-999.0,-999.0,-999.0,0,-999.0,-999.0,-999.0,0,0,0.0376972582028605
PSO J139.5574+35.9293,-999,-999,-999,151111395573775808,3578835000013887,214022515340862,0,16486948653547,15111,1,2038,90,0.376005348168318,3578835,49831,3,268959744,0,32,-999.0,-999.0,-999.0,-999.0,139.55739421,35.9293427,0.32210999727249146,0.32210999727249146,,,,,55249.29457176,-999.0,-0.6162585467078106,0.5252678126028306,0.5867871237961982,130.74480855239645,19.234007932160956,188.01647146045684,44.285083897341195,-999,0,1,0,0,1,0,0,-999.0,-999.0,-999.0,-999.0,0,-999.0,-999.0,-999.0,-999.0,-999.0,0,-999.0,-999.0,-999.0,0,0,-999.0,-999.0,-999.0,-999.0,0,-999.0,-999.0,-999.0,-999.0,-999.0,0,-999.0,-999.0,-999.0,0,0,0.6426380276679993,21.434499740600586,0.3217650055885315,-999.0,1,21.434499740600586,21.434499740600586,-999.0,-999.0,-999.0,1,21.856399536132812,0.3217650055885315,-999.0,1,4120,-999.0,-999.0,-999.0,-999.0,0,-999.0,-999.0,-999.0,-999.0,-999.0,0,-999.0,-999.0,-999.0,0,0,-999.0,-999.0,-999.0,-999.0,0,-999.0,-999.0,-999.0,-999.0,-999.0,0,-999.0,-999.0,-999.0,0,0,0.036305541920728074
PSO J139.5578+35.9323,-999,-999,-999,151111395577679403,3578835000014012,214022515340987,0,16486948623138,15111,1,2038,90,0.652352287110269,3578835,49831,3,268513280,0,32,-999.0,-999.0,-999.0,-999.0,139.55776417,35.93233198,0.02873999997973442,0.02873999997973442,,,,,55250.26215278,-999.0,-0.616238638180579,0.525243973756096,0.5868293694475858,130.74409395065283,19.23693544045019,188.01234244584361,44.285621045045225,-999,0,1,0,0,0,0,1,-999.0,-999.0,-999.0,-999.0,0,-999.0,-999.0,-999.0,-999.0,-999.0,0,-999.0,-999.0,-999.0,0,0,-999.0,-999.0,-999.0,-999.0,0,-999.0,-999.0,-999.0,-999.0,-999.0,0,-999.0,-999.0,-999.0,0,0,-999.0,-999.0,-999.0,-999.0,0,-999.0,-999.0,-999.0,-999.0,-999.0,0,-999.0,-999.0,-999.0,0,0,-999.0,-999.0,-999.0,-999.0,0,-999.0,-999.0,-999.0,-999.0,-999.0,0,-999.0,-999.0,-999.0,0,0,0.9977589845657349,16.904600143432617,0.024511000141501427,-999.0,1,16.904600143432617,16.904600143432617,17.883499145507812,0.08168499916791916,-999.0,1,17.621000289916992,0.024511000141501427,-999.0,1,16,0.03767696803085129
PSO J139.5579+35.9265,-999,-999,-999,151111395579092375,3578835000014042,214022515341017,0,16486948664437,15111,1,2038,90,0.962859035435001,3578835,49831,3,268959744,0,32,-999.0,-999.0,-999.0,-999.0,139.55792207,35.92647538,0.18076999485492706,0.18076999485492706,,,,,56283.60864583,-999.0,-0.6162857339474992,0.525281183036219,0.5867466002294878,130.74621103791057,19.231429038335676,188.02051169267233,44.28528102572137,-999,0,1,1,0,0,0,0,0.06609799712896347,21.22450065612793,0.18014800548553467,-999.0,1,21.22450065612793,21.22450065612793,-999.0,-999.0,-999.0,0,-999.0,-999.0,-999.0,0,4120,-999.0,-999.0,-999.0,-999.0,0,-999.0,-999.0,-999.0,-999.0,-999.0,0,-999.0,-999.0,-999.0,0,0,-999.0,-999.0,-999.0,-999.0,0,-999.0,-999.0,-999.0,-999.0,-999.0,0,-999.0,-999.0,-999.0,0,0,-999.0,-999.0,-999.0,-999.0,0,-999.0,-999.0,-999.0,-999.0,-999.0,0,-999.0,-999.0,-999.0,0,0,-999.0,-999.0,-999.0,-999.0,0,-999.0,-999.0,-999.0,-999.0,-999.0,0,-999.0,-999.0,-999.0,0,0,0.03454342089345151
PSO J139.5588+35.9266,-999,-999,-999,151111395587772497,3578835000014276,214022515341251,0,16486948664336,15111,1,2038,90,0.546729108827868,3578835,49831,3,268959744,0,32,-999.0,-999.0,-999.0,-999.0,139.55879005,35.92657738,0.17624999582767487,0.17624999582767487,,,,,56283.59672454,-999.0,-0.616292896441949,0.5252711692315812,0.5867480418112025,130.74688150613923,19.231751011047386,188.02044807593285,44.28598979093769,-999,0,1,1,0,0,0,0,0.007031000219285488,21.24959945678711,0.1756110042333603,-999.0,1,21.24959945678711,21.24959945678711,20.882400512695312,0.16814999282360077,-999.0,1,21.22209930419922,0.1756110042333603,-999.0,1,4120,-999.0,-999.0,-999.0,-999.0,0,-999.0,-999.0,-999.0,-999.0,-999.0,0,-999.0,-999.0,-999.0,0,0,-999.0,-999.0,-999.0,-999.0,0,-999.0,-999.0,-999.0,-999.0,-999.0,0,-999.0,-999.0,-999.0,0,0,-999.0,-999.0,-999.0,-999.0,0,-999.0,-999.0,-999.0,-999.0,-999.0,0,-999.0,-999.0,-999.0,0,0,-999.0,-999.0,-999.0,-999.0,0,-999.0,-999.0,-999.0,-999.0,-999.0,0,-999.0,-999.0,-999.0,0,0,0.033966449504682
PSO J139.5594+35.9314,-999,-999,-999,151111395594338299,3578835000014449,214022515341424,0,16486948626081,15111,1,2038,90,0.951261976688413,3578835,49831,3,310456320,0,37,-999.0,-999.0,-999.0,-999.0,139.55943831,35.93139949,0.15896999835968018,0.15896999835968018,,,,,56283.60864583,-999.0,-0.6162612538832318,0.5252321625486401,0.586816191312702,130.74577056047806,19.236486835232753,188.01379196585546,44.28689791670683,-999,0,1,1,0,0,0,0,0.9515860080718994,21.173799514770508,0.15825599431991577,-999.0,1,21.173799514770508,21.173799514770508,20.88330078125,0.16587799787521362,-999.0,1,20.48390007019043,0.15825599431991577,-999.0,1,16777496,-999.0,-999.0,-999.0,-999.0,0,-999.0,-999.0,-999.0,-999.0,-999.0,0,-999.0,-999.0,-999.0,0,0,-999.0,-999.0,-999.0,-999.0,0,-999.0,-999.0,-999.0,-999.0,-999.0,0,-999.0,-999.0,-999.0,0,0,-999.0,-999.0,-999.0,-999.0,0,-999.0,-999.0,-999.0,-999.0,-999.0,0,-999.0,-999.0,-999.0,0,0,-999.0,-999.0,-999.0,-999.0,0,-999.0,-999.0,-999.0,-999.0,-999.0,0,-999.0,-999.0,-999.0,0,0,0.03603167784955142
PSO J139.5596+35.9309,-999,-999,-999,151111395596087717,3578835000014507,214022515341482,0,16486948626013,15111,1,2038,90,0.324050573933917,3578835,49831,3,436527104,7,52,139.55963186,35.93088293,0.0010000000474974513,0.0010000000474974513,139.55963350570298,35.93088311519403,0.003019605961491848,0.0030181505337786006,-11.30264725351409,-6.913447285408548,1.556286007593866,1.5465624599651289,56034.00946781582,2.1826744079589844,-0.6162670683102582,0.5252334935540587,0.5868088937339635,130.7460954525583,19.23604105618001,188.01453334443187,44.28700353618268,-999,5,118,10,27,40,16,25,0.9996849894523621,21.86840057373047,0.06714499741792679,0.2192070037126541,9,21.383699417114258,22.105499267578125,21.808000564575195,0.203358992934227,0.5480430126190186,8,21.991500854492188,0.19632700085639954,0.5294150114059448,9,115000,0.9997180104255676,20.774599075317383,0.01584699936211109,0.08023399859666824,26,20.61319923400879,20.9552001953125,20.853900909423828,0.03681999817490578,0.17761200666427612,26,20.760299682617188,0.031853001564741135,0.1702120006084442,26,115000,0.9996179938316345,19.697399139404297,0.008561000227928162,0.05736500024795532,36,19.609399795532227,19.84950065612793,19.801799774169922,0.020793000236153603,0.16067799925804138,36,19.691499710083008,0.014600999653339386,0.10710900276899338,36,115000,0.9990460276603699,19.21419906616211,0.01759199984371662,0.050634998828172684,11,19.16510009765625,19.30590057373047,19.35300064086914,0.01782499998807907,0.07323800027370453,11,19.273500442504883,0.02063100039958954,0.07643699645996094,11,115000,0.999675989151001,18.949100494384766,0.032499998807907104,0.16120000183582306,20,18.741500854492188,19.29960060119629,19.043100357055664,0.025575999170541763,0.22036300599575043,20,18.933799743652344,0.031158000230789185,0.2704879939556122,20,115000,0.03560783887973615
PSO J139.5611+35.9300,-999,-999,-999,151111395610586571,3578835000014883,214022515341858,0,16486948623722,15111,1,2038,90,0.136336611710802,3578835,49831,3,268959744,0,32,-999.0,-999.0,-999.0,-999.0,139.56109413,35.92997599,0.29315999150276184,0.29315999150276184,,,,,56032.28560185,-999.0,-0.616287528671346,0.5252238091954048,0.5867960738267034,130.74759905499445,19.235568406698707,188.01592360486723,44.28812084608217,-999,0,1,1,0,0,0,0,0.5753740072250366,21.905000686645508,0.29277798533439636,-999.0,1,21.905000686645508,21.905000686645508,-999.0,-999.0,-999.0,1,22.047000885009766,0.29277798533439636,-999.0,1,4112,-999.0,-999.0,-999.0,-999.0,0,-999.0,-999.0,-999.0,-999.0,-999.0,0,-999.0,-999.0,-999.0,0,0,-999.0,-999.0,-999.0,-999.0,0,-999.0,-999.0,-999.0,-999.0,-999.0,0,-999.0,-999.0,-999.0,0,0,-999.0,-999.0,-999.0,-999.0,0,-999.0,-999.0,-999.0,-999.0,-999.0,0,-999.0,-999.0,-999.0,0,0,-999.0,-999.0,-999.0,-999.0,0,-999.0,-999.0,-999.0,-999.0,-999.0,0,-999.0,-999.0,-999.0,0,0,0.03411953613779462
PSO J139.5611+35.9290,-999,-999,-999,151111395611935461,3578835000014919,214022515341894,0,16486948623781,15111,1,2038,90,0.121895346904076,3578835,49831,3,268959744,0,32,-999.0,-999.0,-999.0,-999.0,139.56114797,35.92904883,0.5783600211143494,0.5783600211143494,,,,,55259.45824074,-999.0,-0.6162952491712029,0.5252293891547132,0.5867829706264247,130.74795766061055,19.234704181243465,188.0172195446486,44.28809032765001,-999,0,1,0,0,1,0,0,-999.0,-999.0,-999.0,-999.0,0,-999.0,-999.0,-999.0,-999.0,-999.0,0,-999.0,-999.0,-999.0,0,0,-999.0,-999.0,-999.0,-999.0,0,-999.0,-999.0,-999.0,-999.0,-999.0,0,-999.0,-999.0,-999.0,0,0,0.4721440076828003,21.432600021362305,-999.0,-999.0,1,21.432600021362305,21.432600021362305,-999.0,-999.0,-999.0,0,20.743099212646484,0.5781639814376831,-999.0,1,4112,-999.0,-999.0,-999.0,-999.0,0,-999.0,-999.0,-999.0,-999.0,-999.0,0,-999.0,-999.0,-999.0,0,0,-999.0,-999.0,-999.0,-999.0,0,-999.0,-999.0,-999.0,-999.0,-999.0,0,-999.0,-999.0,-999.0,0,0,0.033569397373631155
PSO J139.5617+35.9300,-999,-999,-999,151111395615686604,3578835000015007,214022515341982,0,16486948623646,15111,1,2038,90,0.423039148955642,3578835,49831,3,436527104,7,52,139.56176506,35.9299776,0.0010000000474974513,0.0010000000474974513,139.56174562859974,35.92998616964606,0.019142132004777015,0.019142132004777015,74.82451680641545,-31.033980092708877,8.441057337704331,8.441057337704331,56319.807566271185,5.722001552581787,-0.6162934214949842,0.5252167338591108,0.5867962176909236,130.74813040479103,19.235735093721736,188.01598666986197,44.28864756686043,-999,4,22,0,7,15,0,0,-999.0,-999.0,-999.0,-999.0,0,-999.0,-999.0,-999.0,-999.0,-999.0,0,-999.0,-999.0,-999.0,0,114720,0.9988189935684204,21.710800170898438,0.08044400066137314,0.1795790046453476,6,21.43269920349121,21.867300033569336,21.380699157714844,0.13119100034236908,0.4178909957408905,6,21.464099884033203,0.19997799396514893,0.47439900040626526,6,115000,0.9997130036354065,21.50429916381836,0.04318699985742569,0.19835899770259857,14,20.99139976501465,21.85099983215332,21.382999420166016,0.10207100212574005,0.3439050018787384,14,21.197999954223633,0.06836400181055069,0.29357901215553284,14,115000,-999.0,-999.0,-999.0,-999.0,0,-999.0,-999.0,-999.0,-999.0,-999.0,0,-999.0,-999.0,-999.0,0,114720,-999.0,-999.0,-999.0,-999.0,0,-999.0,-999.0,-999.0,-999.0,-999.0,0,-999.0,-999.0,-999.0,0,16416,0.0336907908267088
PSO J139.5617+35.9272,-999,-999,-999,151111395617173281,3578835000015048,214022515342023,0,16486948630733,15111,1,2038,90,0.981864833256104,3578835,49831,3,268959744,0,32,-999.0,-999.0,-999.0,-999.0,139.56174912,35.92723267,0.255950003862381,0.255950003862381,,,,,56303.54353009,-999.0,-0.6163149159910011,0.5252349870369136,0.5867573030813834,130.74906277325627,19.233140002402767,188.01980284096484,44.288430614625604,-999,0,1,0,1,0,0,0,-999.0,-999.0,-999.0,-999.0,0,-999.0,-999.0,-999.0,-999.0,-999.0,0,-999.0,-999.0,-999.0,0,0,0.8110849857330322,22.263200759887695,0.25551000237464905,-999.0,1,22.263200759887695,22.263200759887695,-999.0,-999.0,-999.0,0,22.972999572753906,0.25551000237464905,-999.0,1,4120,-999.0,-999.0,-999.0,-999.0,0,-999.0,-999.0,-999.0,-999.0,-999.0,0,-999.0,-999.0,-999.0,0,0,-999.0,-999.0,-999.0,-999.0,0,-999.0,-999.0,-999.0,-999.0,-999.0,0,-999.0,-999.0,-999.0,0,0,-999.0,-999.0,-999.0,-999.0,0,-999.0,-999.0,-999.0,-999.0,-999.0,0,-999.0,-999.0,-999.0,0,0,0.03219608368446498
PSO J139.5618+35.9300,-999,-999,-999,151111395618936497,3578835000015107,214022515342082,0,16486948623644,15111,1,2038,90,0.272509605877576,3578835,49831,3,302309376,7,36,-999.0,-999.0,-999.0,-999.0,139.5618220917306,35.92995441918009,0.024511188823125647,0.024511188823125647,-1.0359771694214832,90.84244909682945,33.35075665566774,33.35075665566774,55383.005479557185,2.117802619934082,-0.6162943699049908,0.5252161223106089,0.586795768976241,130.74819701151802,19.235745361091297,188.01600821306238,44.28870939340314,-999,0,16,2,12,2,0,0,0.9997140169143677,22.06570053100586,0.036003001034259796,0.09717799723148346,2,22.000499725341797,22.137800216674805,-999.0,-999.0,-999.0,2,21.578800201416016,0.30269500613212585,0.4295159876346588,2,280,0.9997209906578064,21.792299270629883,0.04338499903678894,0.15929999947547913,11,21.50469970703125,21.962900161743164,21.620500564575195,0.09720399975776672,0.33993300795555115,11,21.562700271606445,0.08589199930429459,0.2621060013771057,11,280,0.983581006526947,21.552900314331055,0.05439700186252594,0.10712199658155441,2,21.55120086669922,21.65999984741211,21.438800811767578,0.22163699567317963,0.43946200609207153,2,21.65570068359375,0.00032699998700991273,-999.0,2,280,-999.0,-999.0,-999.0,-999.0,0,-999.0,-999.0,-999.0,-999.0,-999.0,0,-999.0,-999.0,-999.0,0,0,-999.0,-999.0,-999.0,-999.0,0,-999.0,-999.0,-999.0,-999.0,-999.0,0,-999.0,-999.0,-999.0,0,0,0.03362183153629842
PSO J139.5623+35.9286,-999,-999,-999,151111395622684889,3578835000015215,214022515342190,0,16486948631125,15111,1,2038,90,0.231930406980152,3578835,49831,3,268959744,0,32,-999.0,-999.0,-999.0,-999.0,139.56228353,35.92858393,0.2563300132751465,0.2563300132751465,,,,,56344.37971065,-999.0,-0.6163092824754511,0.5252202627182787,0.5867764003133875,130.74903800154104,19.234558671458846,188.01796942585995,44.28896981536403,-999,0,1,0,1,0,0,0,-999.0,-999.0,-999.0,-999.0,0,-999.0,-999.0,-999.0,-999.0,-999.0,0,-999.0,-999.0,-999.0,0,0,0.389492005109787,21.798500061035156,0.2558859884738922,-999.0,1,21.798500061035156,21.798500061035156,-999.0,-999.0,-999.0,0,21.18899917602539,0.2558859884738922,-999.0,1,4120,-999.0,-999.0,-999.0,-999.0,0,-999.0,-999.0,-999.0,-999.0,-999.0,0,-999.0,-999.0,-999.0,0,0,-999.0,-999.0,-999.0,-999.0,0,-999.0,-999.0,-999.0,-999.0,-999.0,0,-999.0,-999.0,-999.0,0,0,-999.0,-999.0,-999.0,-999.0,0,-999.0,-999.0,-999.0,-999.0,-999.0,0,-999.0,-999.0,-999.0,0,0,0.03254525664318617
PSO J139.5623+35.9265,-999,-999,-999,151111395622692434,3578835000015212,214022515342187,0,16486948630605,15111,1,2038,90,0.866346508140067,3578835,49831,3,268959744,0,32,-999.0,-999.0,-999.0,-999.0,139.56228108,35.92652685,0.3221699893474579,0.3221699893474579,,,,,55249.28762731,-999.0,-0.6163252938992585,0.5252339531867042,0.5867473276631601,130.74973460800777,19.232609574021822,188.02083374414062,44.28880366209014,-999,0,1,0,0,1,0,0,-999.0,-999.0,-999.0,-999.0,0,-999.0,-999.0,-999.0,-999.0,-999.0,0,-999.0,-999.0,-999.0,0,0,-999.0,-999.0,-999.0,-999.0,0,-999.0,-999.0,-999.0,-999.0,-999.0,0,-999.0,-999.0,-999.0,0,0,0.584621012210846,21.12779998779297,0.32182300090789795,-999.0,1,21.12779998779297,21.12779998779297,-999.0,-999.0,-999.0,0,22.250999450683594,0.32182300090789795,-999.0,1,4120,-999.0,-999.0,-999.0,-999.0,0,-999.0,-999.0,-999.0,-999.0,-999.0,0,-999.0,-999.0,-999.0,0,0,-999.0,-999.0,-999.0,-999.0,0,-999.0,-999.0,-999.0,-999.0,-999.0,0,-999.0,-999.0,-999.0,0,0,0.03146714132288384
PSO J139.5624+35.9271,-999,-999,-999,151111395624043105,3578835000015252,214022515342227,0,16486948631461,15111,1,2038,90,0.149646227387382,3578835,49831,3,268959744,0,32,-999.0,-999.0,-999.0,-999.0,139.562417,35.92708772,0.2552900016307831,0.2552900016307831,,,,,55249.24679398,-999.0,-0.6163221682607972,0.5252287656158288,0.5867552544971221,130.74965454910296,19.233176120757197,188.0200649915503,44.28895814427828,-999,0,1,0,0,0,1,0,-999.0,-999.0,-999.0,-999.0,0,-999.0,-999.0,-999.0,-999.0,-999.0,0,-999.0,-999.0,-999.0,0,0,-999.0,-999.0,-999.0,-999.0,0,-999.0,-999.0,-999.0,-999.0,-999.0,0,-999.0,-999.0,-999.0,0,0,-999.0,-999.0,-999.0,-999.0,0,-999.0,-999.0,-999.0,-999.0,-999.0,0,-999.0,-999.0,-999.0,0,0,0.4881170094013214,20.659099578857422,0.25485101342201233,-999.0,1,20.659099578857422,20.659099578857422,-999.0,-999.0,-999.0,0,22.36090087890625,0.25485101342201233,-999.0,1,4120,-999.0,-999.0,-999.0,-999.0,0,-999.0,-999.0,-999.0,-999.0,-999.0,0,-999.0,-999.0,-999.0,0,0,0.03165763913257936
PSO J139.5624+35.9250,-999,-999,-999,151111395624080608,3578835000015251,214022515342226,0,16486948629467,15111,1,2038,90,0.452608365987063,3578835,49831,3,268959744,0,32,-999.0,-999.0,-999.0,-999.0,139.56240903,35.9249928,0.14131000638008118,0.14131000638008118,,,,,56759.31069444,-999.0,-0.6163384234610918,0.525242766269798,0.586725646487987,130.750359511288,19.231189746571566,188.02298149796408,44.28878446406611,-999,0,1,0,0,1,0,0,-999.0,-999.0,-999.0,-999.0,0,-999.0,-999.0,-999.0,-999.0,-999.0,0,-999.0,-999.0,-999.0,0,0,-999.0,-999.0,-999.0,-999.0,0,-999.0,-999.0,-999.0,-999.0,-999.0,0,-999.0,-999.0,-999.0,0,0,0.8035439848899841,16.413700103759766,0.14051100611686707,-999.0,1,16.413700103759766,16.413700103759766,17.008499145507812,0.2849169969558716,-999.0,1,17.241600036621094,0.14051100611686707,-999.0,1,4112,-999.0,-999.0,-999.0,-999.0,0,-999.0,-999.0,-999.0,-999.0,-999.0,0,-999.0,-999.0,-999.0,0,0,-999.0,-999.0,-999.0,-999.0,0,-999.0,-999.0,-999.0,-999.0,-999.0,0,-999.0,-999.0,-999.0,0,0,0.03063514228127472
PSO J139.5629+35.9304,-999,-999,-999,151111395629117077,3578835000186636,214022515515234,0,16486948624910,15111,1,2038,90,0.0683983276303842,3578835,49831,3,404226048,0,48,139.56286487,35.93040036,0.0010000000474974513,0.0010000000474974513,139.56286487,35.93040036,0.0010000000474974513,0.0010000000474974513,,,,,55646.49783565,-999.0,-0.6163004525618181,0.5252019434139404,0.5868020712355388,130.74889335545234,19.236430129960137,188.0154924347782,44.28958395423383,-999,2,0,0,0,0,0,0,-999.0,-999.0,-999.0,-999.0,0,-999.0,-999.0,-999.0,-999.0,-999.0,0,-999.0,-999.0,-999.0,0,16416,-999.0,-999.0,-999.0,-999.0,0,-999.0,-999.0,-999.0,-999.0,-999.0,0,-999.0,-999.0,-999.0,0,114720,-999.0,-999.0,-999.0,-999.0,0,-999.0,-999.0,-999.0,-999.0,-999.0,0,-999.0,-999.0,-999.0,0,114720,-999.0,-999.0,-999.0,-999.0,0,-999.0,-999.0,-999.0,-999.0,-999.0,0,-999.0,-999.0,-999.0,0,16416,-999.0,-999.0,-999.0,-999.0,0,-999.0,-999.0,-999.0,-999.0,-999.0,0,-999.0,-999.0,-999.0,0,16416,0.03319416871736155
PSO J139.5630+35.9254,-999,-999,-999,151111395630750972,3578835000186637,214022515515235,0,16486948629475,15111,1,2038,90,0.839071158169835,3578835,49831,3,404226048,0,48,139.56304724,35.92540656,0.0010000000474974513,0.0010000000474974513,139.56304724,35.92540656,0.0010000000474974513,0.0010000000474974513,,,,,55677.96204861,-999.0,-0.6163410491310146,0.5252331527323724,0.5867314943199254,130.7507374541803,19.231747374272327,188.02246297305828,44.2893326630548,-999,2,0,0,0,0,0,0,-999.0,-999.0,-999.0,-999.0,0,-999.0,-999.0,-999.0,-999.0,-999.0,0,-999.0,-999.0,-999.0,0,16416,-999.0,-999.0,-999.0,-999.0,0,-999.0,-999.0,-999.0,-999.0,-999.0,0,-999.0,-999.0,-999.0,0,114720,-999.0,-999.0,-999.0,-999.0,0,-999.0,-999.0,-999.0,-999.0,-999.0,0,-999.0,-999.0,-999.0,0,114720,-999.0,-999.0,-999.0,-999.0,0,-999.0,-999.0,-999.0,-999.0,-999.0,0,-999.0,-999.0,-999.0,0,16416,-999.0,-999.0,-999.0,-999.0,0,-999.0,-999.0,-999.0,-999.0,-999.0,0,-999.0,-999.0,-999.0,0,16416,0.030375899132543672
PSO J139.5631+35.9250,-999,-999,-999,151111395630970572,3578835000015422,214022515342397,0,16486948629298,15111,1,2038,90,0.928772349775557,3578835,49831,3,268959744,0,32,-999.0,-999.0,-999.0,-999.0,139.56310011,35.92498342,0.3294300138950348,0.3294300138950348,,,,,56759.29760417,-999.0,-0.6163448318042996,0.5252353944924497,0.5867255139164228,130.75092410261448,19.231360305121857,188.02305698529588,44.289341554960046,-999,0,1,0,0,1,0,0,-999.0,-999.0,-999.0,-999.0,0,-999.0,-999.0,-999.0,-999.0,-999.0,0,-999.0,-999.0,-999.0,0,0,-999.0,-999.0,-999.0,-999.0,0,-999.0,-999.0,-999.0,-999.0,-999.0,0,-999.0,-999.0,-999.0,0,0,0.8015329837799072,20.777000427246094,0.32908299565315247,-999.0,1,20.777000427246094,20.777000427246094,19.999399185180664,0.2971999943256378,-999.0,1,20.416200637817383,0.32908299565315247,-999.0,1,4112,-999.0,-999.0,-999.0,-999.0,0,-999.0,-999.0,-999.0,-999.0,-999.0,0,-999.0,-999.0,-999.0,0,0,-999.0,-999.0,-999.0,-999.0,0,-999.0,-999.0,-999.0,-999.0,-999.0,0,-999.0,-999.0,-999.0,0,0,0.030136323001419427
PSO J139.5632+35.9302,-999,-999,-999,151111395631976870,3578835000015456,214022515342431,0,16486948632839,15111,1,2038,90,0.596148826737095,3578835,49831,3,310456320,0,37,-999.0,-999.0,-999.0,-999.0,139.56321303,35.93023105,0.18080000579357147,0.18080000579357147,,,,,55249.29931713,-999.0,-0.6163049637507383,0.5251993231226775,0.5867996784658991,130.74923367670272,19.236360159496364,188.01575961897308,44.28985146862694,-999,0,1,0,0,1,0,0,-999.0,-999.0,-999.0,-999.0,0,-999.0,-999.0,-999.0,-999.0,-999.0,0,-999.0,-999.0,-999.0,0,0,-999.0,-999.0,-999.0,-999.0,0,-999.0,-999.0,-999.0,-999.0,-999.0,0,-999.0,-999.0,-999.0,0,0,0.9983639717102051,21.048500061035156,0.18017299473285675,-999.0,1,21.048500061035156,21.048500061035156,20.543399810791016,0.22051000595092773,-999.0,1,20.494600296020508,0.18017299473285675,-999.0,1,16777496,-999.0,-999.0,-999.0,-999.0,0,-999.0,-999.0,-999.0,-999.0,-999.0,0,-999.0,-999.0,-999.0,0,0,-999.0,-999.0,-999.0,-999.0,0,-999.0,-999.0,-999.0,-999.0,-999.0,0,-999.0,-999.0,-999.0,0,0,0.03286673864042837
PSO J139.5633+35.9293,-999,-999,-999,151111395632895713,3578835000015472,214022515342447,0,16486948631072,15111,1,2038,90,0.545560193756186,3578835,49831,3,268959744,0,32,-999.0,-999.0,-999.0,-999.0,139.56330129,35.92925944,0.3469400107860565,0.3469400107860565,,,,,55249.28762731,-999.0,-0.6163133464970496,0.5252048278553396,0.5867859471110831,130.74963535175527,19.23546277253775,188.01712060297078,44.28984520867943,-999,0,1,0,0,1,0,0,-999.0,-999.0,-999.0,-999.0,0,-999.0,-999.0,-999.0,-999.0,-999.0,0,-999.0,-999.0,-999.0,0,0,-999.0,-999.0,-999.0,-999.0,0,-999.0,-999.0,-999.0,-999.0,-999.0,0,-999.0,-999.0,-999.0,0,0,0.813975989818573,21.43709945678711,0.34661900997161865,-999.0,1,21.43709945678711,21.43709945678711,-999.0,-999.0,-999.0,1,24.907499313354492,0.34661900997161865,-999.0,1,4120,-999.0,-999.0,-999.0,-999.0,0,-999.0,-999.0,-999.0,-999.0,-999.0,0,-999.0,-999.0,-999.0,0,0,-999.0,-999.0,-999.0,-999.0,0,-999.0,-999.0,-999.0,-999.0,-999.0,0,-999.0,-999.0,-999.0,0,0,0.03224190097216697
PSO J139.5638+35.9309,-999,-999,-999,151111395637597664,3578835000015593,214022515342568,0,16486948633055,15111,1,2038,90,0.256769799866499,3578835,49831,3,268959744,0,32,-999.0,-999.0,-999.0,-999.0,139.56377107,35.93088653,0.36980000138282776,0.36980000138282776,,,,,55249.24679398,-999.0,-0.616304969358492,0.5251889663166517,0.5868089419932823,130.7494643695365,19.237125920751716,188.01489716343707,44.2903541638884,-999,0,1,0,0,0,1,0,-999.0,-999.0,-999.0,-999.0,0,-999.0,-999.0,-999.0,-999.0,-999.0,0,-999.0,-999.0,-999.0,0,0,-999.0,-999.0,-999.0,-999.0,0,-999.0,-999.0,-999.0,-999.0,-999.0,0,-999.0,-999.0,-999.0,0,0,-999.0,-999.0,-999.0,-999.0,0,-999.0,-999.0,-999.0,-999.0,-999.0,0,-999.0,-999.0,-999.0,0,0,0.8212029933929443,21.37190055847168,0.3694950044155121,-999.0,1,21.37190055847168,21.37190055847168,-999.0,-999.0,-999.0,0,21.962299346923828,0.3694950044155121,-999.0,1,4120,-999.0,-999.0,-999.0,-999.0,0,-999.0,-999.0,-999.0,-999.0,-999.0,0,-999.0,-999.0,-999.0,0,0,0.032900824165246395
PSO J139.5639+35.9319,-999,-999,-999,151111395639238890,3578835000015635,214022515342610,0,16486948624961,15111,1,2038,90,0.768623290368005,3578835,49831,3,268959744,0,32,-999.0,-999.0,-999.0,-999.0,139.5639353,35.93190834,0.3605499863624573,0.3605499863624573,,,,,55249.24679398,-999.0,-0.6162985093162084,0.5251804120145672,0.5868233825017787,130.7492507389396,19.23813641367768,188.01348903028855,44.29056819056615,-999,0,1,0,0,0,1,0,-999.0,-999.0,-999.0,-999.0,0,-999.0,-999.0,-999.0,-999.0,-999.0,0,-999.0,-999.0,-999.0,0,0,-999.0,-999.0,-999.0,-999.0,0,-999.0,-999.0,-999.0,-999.0,-999.0,0,-999.0,-999.0,-999.0,0,0,-999.0,-999.0,-999.0,-999.0,0,-999.0,-999.0,-999.0,-999.0,-999.0,0,-999.0,-999.0,-999.0,0,0,0.5560349822044373,21.082199096679688,0.3602379858493805,-999.0,1,21.082199096679688,21.082199096679688,-999.0,-999.0,-999.0,0,-999.0,-999.0,-999.0,0,4120,-999.0,-999.0,-999.0,-999.0,0,-999.0,-999.0,-999.0,-999.0,-999.0,0,-999.0,-999.0,-999.0,0,0,0.03343273597358339
PSO J139.5643+35.9307,-999,-999,-999,151111395642627462,3578835000015724,214022515342699,0,16486948633077,15111,1,2038,90,0.799149846471054,3578835,49831,3,268959744,0,32,-999.0,-999.0,-999.0,-999.0,139.56425953,35.93069753,0.3195199966430664,0.3195199966430664,,,,,55651.26361111,-999.0,-0.616310920011758,0.5251849676286023,0.5868062709712673,130.74992534742157,19.237073730648575,188.01520441994643,44.29073335263642,-999,0,1,0,0,0,0,1,-999.0,-999.0,-999.0,-999.0,0,-999.0,-999.0,-999.0,-999.0,-999.0,0,-999.0,-999.0,-999.0,0,0,-999.0,-999.0,-999.0,-999.0,0,-999.0,-999.0,-999.0,-999.0,-999.0,0,-999.0,-999.0,-999.0,0,0,-999.0,-999.0,-999.0,-999.0,0,-999.0,-999.0,-999.0,-999.0,-999.0,0,-999.0,-999.0,-999.0,0,0,-999.0,-999.0,-999.0,-999.0,0,-999.0,-999.0,-999.0,-999.0,-999.0,0,-999.0,-999.0,-999.0,0,0,0.6054940223693848,20.411100387573242,0.3191649913787842,-999.0,1,20.411100387573242,20.411100387573242,20.335800170898438,0.28784000873565674,-999.0,1,20.36370086669922,0.3191649913787842,-999.0,1,4120,0.032472478143931144
PSO J139.5643+35.9276,-999,-999,-999,151111395643273752,3578835000015743,214022515342718,0,16486948630887,15111,1,2038,90,0.823958603501281,3578835,49831,3,268959744,0,32,-999.0,-999.0,-999.0,-999.0,139.56434283,35.92763407,0.1919800043106079,0.1919800043106079,,,,,56344.36663194,-999.0,-0.6163355633125539,0.5252044205033869,0.5867629760643546,130.75103344147215,19.234193672039293,188.0194780304121,44.29055623418443,-999,0,1,0,0,1,0,0,-999.0,-999.0,-999.0,-999.0,0,-999.0,-999.0,-999.0,-999.0,-999.0,0,-999.0,-999.0,-999.0,0,0,-999.0,-999.0,-999.0,-999.0,0,-999.0,-999.0,-999.0,-999.0,-999.0,0,-999.0,-999.0,-999.0,0,0,0.7203069925308228,21.263700485229492,0.19139599800109863,-999.0,1,21.263700485229492,21.263700485229492,-999.0,-999.0,-999.0,0,22.854900360107422,0.19139599800109863,-999.0,1,4120,-999.0,-999.0,-999.0,-999.0,0,-999.0,-999.0,-999.0,-999.0,-999.0,0,-999.0,-999.0,-999.0,0,0,-999.0,-999.0,-999.0,-999.0,0,-999.0,-999.0,-999.0,-999.0,-999.0,0,-999.0,-999.0,-999.0,0,0,0.030630091582566524
PSO J139.5647+35.9320,-999,-999,-999,151111395646649049,3578835000015843,214022515342818,0,16486948632645,15111,1,2038,90,0.932679221902675,3578835,49831,3,268513280,0,32,-999.0,-999.0,-999.0,-999.0,139.56466748,35.93202917,0.033649999648332596,0.033649999648332596,,,,,55249.31355324,-999.0,-0.6163042785796522,0.525171733665735,0.5868250900932414,130.74980446306995,19.238440973651517,188.0133867890272,44.29116879267348,-999,0,1,0,1,0,0,0,-999.0,-999.0,-999.0,-999.0,0,-999.0,-999.0,-999.0,-999.0,-999.0,0,-999.0,-999.0,-999.0,0,0,0.9981619715690613,19.781999588012695,0.03012000024318695,-999.0,1,19.781999588012695,19.781999588012695,20.600299835205078,0.08874200284481049,-999.0,1,20.559600830078125,0.03012000024318695,-999.0,1,24,-999.0,-999.0,-999.0,-999.0,0,-999.0,-999.0,-999.0,-999.0,-999.0,0,-999.0,-999.0,-999.0,0,0,-999.0,-999.0,-999.0,-999.0,0,-999.0,-999.0,-999.0,-999.0,-999.0,0,-999.0,-999.0,-999.0,0,0,-999.0,-999.0,-999.0,-999.0,0,-999.0,-999.0,-999.0,-999.0,-999.0,0,-999.0,-999.0,-999.0,0,0,0.03305342551085223
PSO J139.5664+35.9322,-999,-999,-999,151111395663659279,3578835000016251,214022515343226,0,16486948632760,15111,1,2038,90,0.198569418116072,3578835,49831,3,268959744,0,32,-999.0,-999.0,-999.0,-999.0,139.56638961,35.93223145,0.23253999650478363,0.23253999650478363,,,,,56303.55474537,-999.0,-0.6163184863644807,0.5251518655942293,0.5868279487450269,130.75113467327705,19.23907973136759,188.0132603611181,44.29257490935047,-999,0,1,0,1,0,0,0,-999.0,-999.0,-999.0,-999.0,0,-999.0,-999.0,-999.0,-999.0,-999.0,0,-999.0,-999.0,-999.0,0,0,0.8158259987831116,22.00629997253418,0.23205800354480743,-999.0,1,22.00629997253418,22.00629997253418,-999.0,-999.0,-999.0,0,21.776399612426758,0.23205800354480743,-999.0,1,4120,-999.0,-999.0,-999.0,-999.0,0,-999.0,-999.0,-999.0,-999.0,-999.0,0,-999.0,-999.0,-999.0,0,0,-999.0,-999.0,-999.0,-999.0,0,-999.0,-999.0,-999.0,-999.0,-999.0,0,-999.0,-999.0,-999.0,0,0,-999.0,-999.0,-999.0,-999.0,0,-999.0,-999.0,-999.0,-999.0,-999.0,0,-999.0,-999.0,-999.0,0,0,0.03213369521989934
PSO J139.5668+35.9254,-999,-999,-999,151111395667811127,3578835000016349,214022515343324,0,16486948627917,15111,1,2038,90,0.152816564918325,3578835,49831,3,268513280,0,32,-999.0,-999.0,-999.0,-999.0,139.56679964,35.92543561,0.05243000015616417,0.05243000015616417,,,,,56759.28498843,-999.0,-0.616375219806157,0.5251925934251322,0.5867319048937899,130.75377587686123,19.232749256409445,188.02276136754506,44.292363909735236,-999,0,1,0,0,1,0,0,-999.0,-999.0,-999.0,-999.0,0,-999.0,-999.0,-999.0,-999.0,-999.0,0,-999.0,-999.0,-999.0,0,0,-999.0,-999.0,-999.0,-999.0,0,-999.0,-999.0,-999.0,-999.0,-999.0,0,-999.0,-999.0,-999.0,0,0,0.9981520175933838,18.86709976196289,0.050237998366355896,-999.0,1,18.86709976196289,18.86709976196289,19.14699935913086,0.1086219996213913,-999.0,1,19.018600463867188,0.050237998366355896,-999.0,1,16,-999.0,-999.0,-999.0,-999.0,0,-999.0,-999.0,-999.0,-999.0,-999.0,0,-999.0,-999.0,-999.0,0,0,-999.0,-999.0,-999.0,-999.0,0,-999.0,-999.0,-999.0,-999.0,-999.0,0,-999.0,-999.0,-999.0,0,0,0.027768254962407868
PSO J139.5672+35.9309,-999,-999,-999,151111395671607654,3578835000016436,214022515343411,0,16486948633313,15111,1,2038,90,0.984958861940502,3578835,49831,3,268959744,0,32,-999.0,-999.0,-999.0,-999.0,139.5671776,35.9308686,0.31711000204086304,0.31711000204086304,,,,,55268.33556713,-999.0,-0.6163363332421085,0.5251524419723147,0.5868086885997746,130.7522376634825,19.237993468338924,188.01522935712438,44.2931023086129,-999,0,1,0,1,0,0,0,-999.0,-999.0,-999.0,-999.0,0,-999.0,-999.0,-999.0,-999.0,-999.0,0,-999.0,-999.0,-999.0,0,0,0.6206499934196472,22.175199508666992,0.31675198674201965,-999.0,1,22.175199508666992,22.175199508666992,-999.0,-999.0,-999.0,1,22.521099090576172,0.31675198674201965,-999.0,1,4120,-999.0,-999.0,-999.0,-999.0,0,-999.0,-999.0,-999.0,-999.0,-999.0,0,-999.0,-999.0,-999.0,0,0,-999.0,-999.0,-999.0,-999.0,0,-999.0,-999.0,-999.0,-999.0,-999.0,0,-999.0,-999.0,-999.0,0,0,-999.0,-999.0,-999.0,-999.0,0,-999.0,-999.0,-999.0,-999.0,-999.0,0,-999.0,-999.0,-999.0,0,0,0.030753795817524077
PSO J139.5685+35.9283,-999,-999,-999,151111395684974571,3578835000016745,214022515343720,0,16486948631998,15111,1,2038,90,0.0526561076311917,3578835,49831,3,268959744,0,32,-999.0,-999.0,-999.0,-999.0,139.56851546,35.9282996,0.3206300139427185,0.3206300139427185,,,,,55268.33556713,-999.0,-0.6163686222874595,0.5251551135259389,0.5867723819310323,130.75419700414866,19.23590754832115,188.01892773039958,44.29397736377105,-999,0,1,0,1,0,0,0,-999.0,-999.0,-999.0,-999.0,0,-999.0,-999.0,-999.0,-999.0,-999.0,0,-999.0,-999.0,-999.0,0,0,0.6326379776000977,22.180299758911133,0.32027700543403625,-999.0,1,22.180299758911133,22.180299758911133,-999.0,-999.0,-999.0,1,23.115699768066406,0.32027700543403625,-999.0,1,4120,-999.0,-999.0,-999.0,-999.0,0,-999.0,-999.0,-999.0,-999.0,-999.0,0,-999.0,-999.0,-999.0,0,0,-999.0,-999.0,-999.0,-999.0,0,-999.0,-999.0,-999.0,-999.0,-999.0,0,-999.0,-999.0,-999.0,0,0,-999.0,-999.0,-999.0,-999.0,0,-999.0,-999.0,-999.0,-999.0,-999.0,0,-999.0,-999.0,-999.0,0,0,0.028280986250416373
PSO J139.5715+35.9300,-999,-999,-999,151111395714846563,3578835000017400,214022515344375,0,16486948621724,15111,1,2038,90,0.896275359109301,3578835,49831,3,268959744,0,32,-999.0,-999.0,-999.0,-999.0,139.57150266,35.92997953,0.2666400074958801,0.2666400074958801,,,,,56344.37971065,-999.0,-0.6163829046989839,0.5251118203035924,0.5867961238558849,130.75605300099005,19.23827446489055,188.0168574987903,44.29652244387641,-999,0,1,0,1,0,0,0,-999.0,-999.0,-999.0,-999.0,0,-999.0,-999.0,-999.0,-999.0,-999.0,0,-999.0,-999.0,-999.0,0,0,0.4336850047111511,21.609500885009766,0.26622098684310913,-999.0,1,21.609500885009766,21.609500885009766,-999.0,-999.0,-999.0,0,22.05459976196289,0.26622098684310913,-999.0,1,4120,-999.0,-999.0,-999.0,-999.0,0,-999.0,-999.0,-999.0,-999.0,-999.0,0,-999.0,-999.0,-999.0,0,0,-999.0,-999.0,-999.0,-999.0,0,-999.0,-999.0,-999.0,-999.0,-999.0,0,-999.0,-999.0,-999.0,0,0,-999.0,-999.0,-999.0,-999.0,0,-999.0,-999.0,-999.0,-999.0,-999.0,0,-999.0,-999.0,-999.0,0,0,0.027570718101293294
PSO J139.5716+35.9282,-999,-999,-999,151111395715984426,3578835000017419,214022515344394,0,16486948621190,15111,1,2038,90,0.604370987605649,3578835,49831,3,268513280,0,32,-999.0,-999.0,-999.0,-999.0,139.57160107,35.92818685,0.022630000486969948,0.022630000486969948,,,,,57035.59429398,-999.0,-0.6163977820901806,0.5251226676245521,0.5867707884525102,130.7567418600735,19.236602029800004,188.01936307289668,44.296459001134664,-999,0,1,0,0,1,0,0,-999.0,-999.0,-999.0,-999.0,0,-999.0,-999.0,-999.0,-999.0,-999.0,0,-999.0,-999.0,-999.0,0,0,-999.0,-999.0,-999.0,-999.0,0,-999.0,-999.0,-999.0,-999.0,-999.0,0,-999.0,-999.0,-999.0,0,0,0.997622013092041,19.039100646972656,0.016947999596595764,-999.0,1,19.039100646972656,19.039100646972656,19.478500366210938,0.03490699827671051,-999.0,1,19.474000930786133,0.016947999596595764,-999.0,1,24,-999.0,-999.0,-999.0,-999.0,0,-999.0,-999.0,-999.0,-999.0,-999.0,0,-999.0,-999.0,-999.0,0,0,-999.0,-999.0,-999.0,-999.0,0,-999.0,-999.0,-999.0,-999.0,-999.0,0,-999.0,-999.0,-999.0,0,0,0.026292191268194386
PSO J139.5725+35.9283,-999,-999,-999,151111395724464512,3578835000017631,214022515344606,0,16486948554358,15111,1,2038,90,0.975815739460118,3578835,49831,3,268513280,0,32,-999.0,-999.0,-999.0,-999.0,139.57245224,35.92825848,0.021929999813437462,0.021929999813437462,,,,,57035.5824537,-999.0,-0.6164050246844442,0.5251130348249332,0.5867718007886185,130.75740896745296,19.236890916735916,188.01934007127034,44.29715175488714,-999,0,1,0,0,1,0,0,-999.0,-999.0,-999.0,-999.0,0,-999.0,-999.0,-999.0,-999.0,-999.0,0,-999.0,-999.0,-999.0,0,0,-999.0,-999.0,-999.0,-999.0,0,-999.0,-999.0,-999.0,-999.0,-999.0,0,-999.0,-999.0,-999.0,0,0,0.9987930059432983,19.045299530029297,0.01600099913775921,-999.0,1,19.045299530029297,19.045299530029297,19.763500213623047,0.04145900160074234,-999.0,1,19.661399841308594,0.01600099913775921,-999.0,1,24,-999.0,-999.0,-999.0,-999.0,0,-999.0,-999.0,-999.0,-999.0,-999.0,0,-999.0,-999.0,-999.0,0,0,-999.0,-999.0,-999.0,-999.0,0,-999.0,-999.0,-999.0,-999.0,-999.0,0,-999.0,-999.0,-999.0,0,0,0.025828825817902672
PSO J139.5726+35.9276,-999,-999,-999,151111395725313758,3578835000017658,214022515344633,0,16486948554622,15111,1,2038,90,0.213936891606019,3578835,49831,3,268513280,0,32,-999.0,-999.0,-999.0,-999.0,139.57255171,35.92763317,0.01549999974668026,0.01549999974668026,,,,,55972.32666667,-999.0,-0.6164108110819814,0.5251161174713714,0.586762963344694,130.75770217000658,19.236324467783355,188.0202199325186,44.2971822013065,-999,0,1,1,0,0,0,0,0.9981459975242615,17.51449966430664,0.0037930000107735395,-999.0,1,17.51449966430664,17.51449966430664,18.121200561523438,0.01067699957638979,-999.0,1,18.04560089111328,0.0037930000107735395,-999.0,1,16,-999.0,-999.0,-999.0,-999.0,0,-999.0,-999.0,-999.0,-999.0,-999.0,0,-999.0,-999.0,-999.0,0,0,-999.0,-999.0,-999.0,-999.0,0,-999.0,-999.0,-999.0,-999.0,-999.0,0,-999.0,-999.0,-999.0,0,0,-999.0,-999.0,-999.0,-999.0,0,-999.0,-999.0,-999.0,-999.0,-999.0,0,-999.0,-999.0,-999.0,0,0,-999.0,-999.0,-999.0,-999.0,0,-999.0,-999.0,-999.0,-999.0,-999.0,0,-999.0,-999.0,-999.0,0,0,0.02534901975951172
PSO J139.5726+35.9297,-999,-999,-999,151111395725596267,3578835000017675,214022515344650,0,16486948621604,15111,1,2038,90,0.113799710864015,3578835,49831,3,268513280,0,32,-999.0,-999.0,-999.0,-999.0,139.57258353,35.9297235,0.017629999667406082,0.017629999667406082,,,,,55275.31780093,-999.0,-0.6163948067259765,0.5251018927163075,0.5867925054966172,130.75701798901798,19.238312646914153,188.01731151832954,44.29737447927908,-999,0,1,1,0,0,0,0,0.9997479915618896,18.820499420166016,0.009267999790608883,-999.0,1,18.820499420166016,18.820499420166016,19.604400634765625,0.025661999359726906,-999.0,1,19.481700897216797,0.009267999790608883,-999.0,1,24,-999.0,-999.0,-999.0,-999.0,0,-999.0,-999.0,-999.0,-999.0,-999.0,0,-999.0,-999.0,-999.0,0,0,-999.0,-999.0,-999.0,-999.0,0,-999.0,-999.0,-999.0,-999.0,-999.0,0,-999.0,-999.0,-999.0,0,0,-999.0,-999.0,-999.0,-999.0,0,-999.0,-999.0,-999.0,-999.0,-999.0,0,-999.0,-999.0,-999.0,0,0,-999.0,-999.0,-999.0,-999.0,0,-999.0,-999.0,-999.0,-999.0,-999.0,0,-999.0,-999.0,-999.0,0,0,0.026768298382604364
PSO J139.5730+35.9304,-999,-999,-999,151111395730167074,3578835000017781,214022515344756,0,16486948618789,15111,1,2038,90,0.559489424861492,3578835,49831,3,310456320,0,37,-999.0,-999.0,-999.0,-999.0,139.57303003,35.93037519,0.16248999536037445,0.16248999536037445,,,,,55248.33767361,-999.0,-0.6163938180650533,0.5250927610549405,0.586801715521423,130.75715932668447,19.23904586454019,188.01644412418256,44.29778679762626,-999,0,1,1,0,0,0,0,0.010689999908208847,21.673900604248047,0.16179299354553223,-999.0,1,21.673900604248047,21.673900604248047,20.964500427246094,0.17125000059604645,-999.0,1,20.993200302124023,0.16179299354553223,-999.0,1,16777752,-999.0,-999.0,-999.0,-999.0,0,-999.0,-999.0,-999.0,-999.0,-999.0,0,-999.0,-999.0,-999.0,0,0,-999.0,-999.0,-999.0,-999.0,0,-999.0,-999.0,-999.0,-999.0,-999.0,0,-999.0,-999.0,-999.0,0,0,-999.0,-999.0,-999.0,-999.0,0,-999.0,-999.0,-999.0,-999.0,-999.0,0,-999.0,-999.0,-999.0,0,0,-999.0,-999.0,-999.0,-999.0,0,-999.0,-999.0,-999.0,-999.0,-999.0,0,-999.0,-999.0,-999.0,0,0,0.026984599789788368
PSO J139.5733+35.9271,-999,-999,-999,151111395730393313,3578835000017786,214022515344761,0,16486948554714,15111,1,2038,90,0.670114889433714,3578835,49831,3,402731008,0,48,139.5731668,35.92733548,0.0010000000474974513,0.0010000000474974513,139.57327717,35.92706088,0.018069999292492867,0.018069999292492867,,,,,55268.34450231,-999.0,-0.61642192129108,0.5251121131919052,0.5867548751658953,130.7584858824541,19.23597080553351,188.02108241367213,44.29772216041001,-999,2,2,0,1,0,0,1,-999.0,-999.0,-999.0,-999.0,0,-999.0,-999.0,-999.0,-999.0,-999.0,0,-999.0,-999.0,-999.0,0,114720,0.998947024345398,18.443099975585938,0.01007699966430664,-999.0,1,18.443099975585938,18.443099975585938,19.299400329589844,0.0312579981982708,-999.0,1,19.269500732421875,0.01007699966430664,-999.0,1,16440,-999.0,-999.0,-999.0,-999.0,0,-999.0,-999.0,-999.0,-999.0,-999.0,0,-999.0,-999.0,-999.0,0,114720,-999.0,-999.0,-999.0,-999.0,0,-999.0,-999.0,-999.0,-999.0,-999.0,0,-999.0,-999.0,-999.0,0,16416,0.7407879829406738,19.80419921875,0.2636460065841675,-999.0,1,19.80419921875,19.80419921875,-999.0,-999.0,-999.0,1,20.915599822998047,0.2636460065841675,-999.0,1,20528,0.024529694270769273
PSO J139.5731+35.9290,-999,-999,-999,151111395730805380,3578835000017794,214022515344769,0,16486948554290,15111,1,2038,90,0.596525660340232,3578835,49831,3,268959744,0,32,-999.0,-999.0,-999.0,-999.0,139.57309813,35.92899118,0.31863999366760254,0.31863999366760254,,,,,56344.35071759,-999.0,-0.6164052321095208,0.5251012201221499,0.5867821558757877,130.7576847673208,19.237752647072476,188.0183778461357,44.29773149333235,-999,0,1,0,0,1,0,0,-999.0,-999.0,-999.0,-999.0,0,-999.0,-999.0,-999.0,-999.0,-999.0,0,-999.0,-999.0,-999.0,0,0,-999.0,-999.0,-999.0,-999.0,0,-999.0,-999.0,-999.0,-999.0,-999.0,0,-999.0,-999.0,-999.0,0,0,0.7123690247535706,21.85700035095215,0.3182910084724426,-999.0,1,21.85700035095215,21.85700035095215,-999.0,-999.0,-999.0,1,-999.0,-999.0,-999.0,0,4120,-999.0,-999.0,-999.0,-999.0,0,-999.0,-999.0,-999.0,-999.0,-999.0,0,-999.0,-999.0,-999.0,0,0,-999.0,-999.0,-999.0,-999.0,0,-999.0,-999.0,-999.0,-999.0,-999.0,0,-999.0,-999.0,-999.0,0,0,0.025956258845009215
PSO J139.5736+35.9286,-999,-999,-999,151111395736264959,3578835000017928,214022515344903,0,16486948554450,15111,1,2038,90,0.249986719572904,3578835,49831,3,268959744,0,32,-999.0,-999.0,-999.0,-999.0,139.57363821,35.92862866,0.2765600085258484,0.2765600085258484,,,,,56324.54923611,-999.0,-0.6164130079976696,0.5250978173005004,0.5867770324727402,130.75824663312437,19.237549532425092,188.01893143973965,44.298138542137096,-999,0,1,0,0,1,0,0,-999.0,-999.0,-999.0,-999.0,0,-999.0,-999.0,-999.0,-999.0,-999.0,0,-999.0,-999.0,-999.0,0,0,-999.0,-999.0,-999.0,-999.0,0,-999.0,-999.0,-999.0,-999.0,-999.0,0,-999.0,-999.0,-999.0,0,0,0.45289599895477295,21.173099517822266,0.27615100145339966,-999.0,1,21.173099517822266,21.173099517822266,-999.0,-999.0,-999.0,0,21.668100357055664,0.27615100145339966,-999.0,1,4120,-999.0,-999.0,-999.0,-999.0,0,-999.0,-999.0,-999.0,-999.0,-999.0,0,-999.0,-999.0,-999.0,0,0,-999.0,-999.0,-999.0,-999.0,0,-999.0,-999.0,-999.0,-999.0,-999.0,0,-999.0,-999.0,-999.0,0,0,0.025390410140247805
PSO J139.5737+35.9270,-999,-999,-999,151111395737142993,3578835000017948,214022515344923,0,16486948554528,15111,1,2038,90,0.30344615439274,3578835,49831,3,302067712,0,36,-999.0,-999.0,-999.0,-999.0,139.57373171,35.92697466,0.18828000128269196,0.18828000128269196,,,,,55248.33767361,-999.0,-0.6164267592477576,0.525107795537897,0.5867536566129241,130.75888441237592,19.236007183252056,188.02124349249078,44.29808218645392,-999,0,3,1,0,2,0,0,0.008231000043451786,21.86520004272461,0.18768100440502167,-999.0,1,21.86520004272461,21.86520004272461,20.931299209594727,0.17038799822330475,-999.0,1,20.91699981689453,0.18768100440502167,-999.0,1,16777752,-999.0,-999.0,-999.0,-999.0,0,-999.0,-999.0,-999.0,-999.0,-999.0,0,-999.0,-999.0,-999.0,0,0,0.797510027885437,16.528200149536133,0.02375500090420246,-999.0,1,16.493900299072266,16.493900299072266,-999.0,-999.0,-999.0,0,17.0841007232666,0.02375500090420246,-999.0,2,4112,-999.0,-999.0,-999.0,-999.0,0,-999.0,-999.0,-999.0,-999.0,-999.0,0,-999.0,-999.0,-999.0,0,0,-999.0,-999.0,-999.0,-999.0,0,-999.0,-999.0,-999.0,-999.0,-999.0,0,-999.0,-999.0,-999.0,0,0,0.024198104765534814
PSO J139.5664+35.9335,-999,-999,-999,151121395664220820,3578835000016261,214022515343236,0,16486948619301,15112,1,2038,90,0.951925957530668,3578835,49831,3,277348352,0,33,-999.0,-999.0,-999.0,-999.0,139.56641963,35.93351808,0.1674100011587143,0.1674100011587143,,,,,55250.29743056,-999.0,-0.6163087309940294,0.5251429958896923,0.5868461314250336,130.75072205227832,19.240306205417856,188.01147126724103,44.2927016613084,-999,0,1,0,0,1,0,0,-999.0,-999.0,-999.0,-999.0,0,-999.0,-999.0,-999.0,-999.0,-999.0,0,-999.0,-999.0,-999.0,0,0,-999.0,-999.0,-999.0,-999.0,0,-999.0,-999.0,-999.0,-999.0,-999.0,0,-999.0,-999.0,-999.0,0,0,0.4738059937953949,20.532400131225586,0.1667339950799942,-999.0,1,20.532400131225586,20.532400131225586,-999.0,-999.0,-999.0,0,19.935400009155273,0.1667339950799942,-999.0,1,16781328,-999.0,-999.0,-999.0,-999.0,0,-999.0,-999.0,-999.0,-999.0,-999.0,0,-999.0,-999.0,-999.0,0,0,-999.0,-999.0,-999.0,-999.0,0,-999.0,-999.0,-999.0,-999.0,-999.0,0,-999.0,-999.0,-999.0,0,0,0.03298994527641084
PSO J139.5666+35.9332,-999,-999,-999,151121395666010426,3578835000016298,214022515343273,0,16486948619504,15112,1,2038,90,0.413856220817059,3578835,49831,3,503635968,7,60,139.56662459,35.93318867,0.0010000000474974513,0.0010000000474974513,139.56663192861654,35.93319005043599,0.0019364197417950791,0.001936578309083686,-12.693401260546336,-5.579152335794533,1.0549061755739075,1.0460652024295118,56192.08958364138,2.3604788780212402,-0.6163132341519354,0.5251428913115267,0.5868414957330059,130.75100253870232,19.24004496159226,188.0119527322433,44.292841706544344,-999,5,115,9,25,38,15,28,0.9993739724159241,21.83489990234375,0.045875001698732376,0.13993600010871887,9,21.659400939941406,22.076000213623047,21.663700103759766,0.08550900220870972,0.46574100852012634,9,21.71660041809082,0.08836200088262558,0.26802700757980347,9,115000,0.9992200136184692,20.791200637817383,0.018124999478459358,0.09999000281095505,24,20.55459976196289,20.964599609375,20.900299072265625,0.03329800069332123,0.1715169996023178,24,20.826000213623047,0.026815000921487808,0.12457700073719025,24,115000,0.99931800365448,19.18670082092285,0.007182000204920769,0.07220400124788284,35,18.952699661254883,19.362199783325195,19.282699584960938,0.014014000073075294,0.09171999990940094,35,19.191099166870117,0.009720999747514725,0.0637039989233017,35,115000,0.9993240237236023,18.45039939880371,0.006527000106871128,0.02940100058913231,12,18.413299560546875,18.51420021057129,18.545299530029297,0.011637999676167965,0.05364299938082695,13,18.454200744628906,0.008706999942660332,0.035204000771045685,13,115000,0.9989569783210754,18.06410026550293,0.01982799917459488,0.0858519971370697,25,17.947799682617188,18.305599212646484,18.221799850463867,0.035408999770879745,0.17591500282287598,25,18.130399703979492,0.023778000846505165,0.14976200461387634,25,115000,0.03263939237390356
PSO J139.5775+35.9336,-999,-999,-999,151121395774500872,3578835000018868,214022515345843,0,16486947586277,15112,1,2038,90,0.378333547504929,3578835,49831,3,302067712,0,36,-999.0,-999.0,-999.0,-999.0,139.57746785,35.93356621,0.18716000020503998,0.18716000020503998,,,,,55249.30763889,-999.0,-0.6164096064246722,0.5250238250118402,0.5868468115933811,130.75968023334255,19.24322079779742,188.01239939698692,44.30162281698491,-999,0,1,0,1,0,0,0,-999.0,-999.0,-999.0,-999.0,0,-999.0,-999.0,-999.0,-999.0,-999.0,0,-999.0,-999.0,-999.0,0,0,0.8714460134506226,21.57509994506836,0.18655699491500854,-999.0,1,21.57509994506836,21.57509994506836,-999.0,-999.0,-999.0,0,-999.0,-999.0,-999.0,0,280,-999.0,-999.0,-999.0,-999.0,0,-999.0,-999.0,-999.0,-999.0,-999.0,0,-999.0,-999.0,-999.0,0,0,-999.0,-999.0,-999.0,-999.0,0,-999.0,-999.0,-999.0,-999.0,-999.0,0,-999.0,-999.0,-999.0,0,0,-999.0,-999.0,-999.0,-999.0,0,-999.0,-999.0,-999.0,-999.0,-999.0,0,-999.0,-999.0,-999.0,0,0,0.02726506291966299
PSO J139.5777+35.9365,-999,-999,-999,151121395776344357,3578835000018921,214022515345896,0,16486947373547,15112,1,2038,90,0.930030506970389,3578835,49831,3,268959744,0,32,-999.0,-999.0,-999.0,-999.0,139.57769468,35.93645599,0.16218000650405884,0.16218000650405884,,,,,55249.26259259,-999.0,-0.616389151392313,0.5250021919907514,0.5868876489165286,130.7588827443745,19.246016806227907,188.00839474080013,44.30203576148144,-999,0,2,0,0,0,0,2,-999.0,-999.0,-999.0,-999.0,0,-999.0,-999.0,-999.0,-999.0,-999.0,0,-999.0,-999.0,-999.0,0,0,-999.0,-999.0,-999.0,-999.0,0,-999.0,-999.0,-999.0,-999.0,-999.0,0,-999.0,-999.0,-999.0,0,0,-999.0,-999.0,-999.0,-999.0,0,-999.0,-999.0,-999.0,-999.0,-999.0,0,-999.0,-999.0,-999.0,0,0,-999.0,-999.0,-999.0,-999.0,0,-999.0,-999.0,-999.0,-999.0,-999.0,0,-999.0,-999.0,-999.0,0,0,0.7168639898300171,19.21579933166504,0.2964150011539459,0.4529150128364563,2,19.040599822998047,19.633399963378906,-999.0,-999.0,-999.0,0,19.5314998626709,0.2274480015039444,0.3429200053215027,2,4112,0.029633497667807145
PSO J139.5777+35.9331,-999,-999,-999,151121395777270360,3578835000018935,214022515345910,0,16486947455133,15112,1,2038,90,0.225145801180178,3578835,49831,3,268959744,0,32,-999.0,-999.0,-999.0,-999.0,139.57773958,35.93312349,0.23896999657154083,0.23896999657154083,,,,,55249.29614583,-999.0,-0.6164155484366037,0.5250238418700719,0.5868405551029945,130.76005136303627,19.242872037772067,188.0130405060474,44.301806910845606,-999,0,1,0,0,1,0,0,-999.0,-999.0,-999.0,-999.0,0,-999.0,-999.0,-999.0,-999.0,-999.0,0,-999.0,-999.0,-999.0,0,0,-999.0,-999.0,-999.0,-999.0,0,-999.0,-999.0,-999.0,-999.0,-999.0,0,-999.0,-999.0,-999.0,0,0,0.8427630066871643,21.189699172973633,0.23849700391292572,-999.0,1,21.189699172973633,21.189699172973633,20.837200164794922,0.3007130026817322,-999.0,1,21.38129997253418,0.23849700391292572,-999.0,1,4120,-999.0,-999.0,-999.0,-999.0,0,-999.0,-999.0,-999.0,-999.0,-999.0,0,-999.0,-999.0,-999.0,0,0,-999.0,-999.0,-999.0,-999.0,0,-999.0,-999.0,-999.0,-999.0,-999.0,0,-999.0,-999.0,-999.0,0,0,0.02677419779400321
PSO J139.5785+35.9342,-999,-999,-999,151121395785091608,3578835000019121,214022515346096,0,16486947587015,15112,1,2038,90,0.228183453183792,3578835,49831,3,268959744,0,32,-999.0,-999.0,-999.0,-999.0,139.57851922,35.93418244,0.4152800142765045,0.4152800142765045,,,,,55248.2472338,-999.0,-0.616414435351296,0.5250084213310753,0.5868555200575309,130.76032491333538,19.24407751625149,188.0116357069832,44.30252043454741,-999,0,1,0,0,0,0,1,-999.0,-999.0,-999.0,-999.0,0,-999.0,-999.0,-999.0,-999.0,-999.0,0,-999.0,-999.0,-999.0,0,0,-999.0,-999.0,-999.0,-999.0,0,-999.0,-999.0,-999.0,-999.0,-999.0,0,-999.0,-999.0,-999.0,0,0,-999.0,-999.0,-999.0,-999.0,0,-999.0,-999.0,-999.0,-999.0,-999.0,0,-999.0,-999.0,-999.0,0,0,-999.0,-999.0,-999.0,-999.0,0,-999.0,-999.0,-999.0,-999.0,-999.0,0,-999.0,-999.0,-999.0,0,0,0.5628200173377991,19.718700408935547,0.415010005235672,-999.0,1,19.718700408935547,19.718700408935547,-999.0,-999.0,-999.0,0,-999.0,-999.0,-999.0,0,4120,0.027334763873970557
PSO J139.5788+35.9359,-999,-999,-999,151121395787693656,3578835000019193,214022515346168,0,16486947586792,15112,1,2038,90,0.922445337215853,3578835,49831,3,310456320,0,37,-999.0,-999.0,-999.0,-999.0,139.57877687,35.93587674,0.08850999921560287,0.08850999921560287,,,,,57035.59429398,-999.0,-0.6164035844081088,0.5249943968300239,0.5868794632851917,130.7599585871575,19.245749209041755,188.009298925854,44.30286314369261,-999,0,1,0,0,1,0,0,-999.0,-999.0,-999.0,-999.0,0,-999.0,-999.0,-999.0,-999.0,-999.0,0,-999.0,-999.0,-999.0,0,0,-999.0,-999.0,-999.0,-999.0,0,-999.0,-999.0,-999.0,-999.0,-999.0,0,-999.0,-999.0,-999.0,0,0,0.04209199920296669,20.920700073242188,0.08722899854183197,-999.0,1,20.920700073242188,20.920700073242188,19.91629981994629,0.07510799914598465,-999.0,1,20.02039909362793,0.08722899854183197,-999.0,1,16777752,-999.0,-999.0,-999.0,-999.0,0,-999.0,-999.0,-999.0,-999.0,-999.0,0,-999.0,-999.0,-999.0,0,0,-999.0,-999.0,-999.0,-999.0,0,-999.0,-999.0,-999.0,-999.0,-999.0,0,-999.0,-999.0,-999.0,0,0,0.028698937995604176
PSO J139.5791+35.9366,-999,-999,-999,151121395791334559,3578835000019294,214022515346269,0,16486947589390,15112,1,2038,90,0.620866707173052,3578835,49831,3,268513280,0,32,-999.0,-999.0,-999.0,-999.0,139.57914727,35.93660907,0.019540000706911087,0.019540000706911087,,,,,55248.33767361,-999.0,-0.6164012675635056,0.5249855481300402,0.5868898121459469,130.76001065493764,19.246539039363913,188.00831218605535,44.303220324490496,-999,0,1,1,0,0,0,0,0.999638020992279,18.813600540161133,0.01252800039947033,-999.0,1,18.813600540161133,18.813600540161133,19.81909942626953,0.04307100176811218,-999.0,1,19.7637996673584,0.01252800039947033,-999.0,1,24,-999.0,-999.0,-999.0,-999.0,0,-999.0,-999.0,-999.0,-999.0,-999.0,0,-999.0,-999.0,-999.0,0,0,-999.0,-999.0,-999.0,-999.0,0,-999.0,-999.0,-999.0,-999.0,-999.0,0,-999.0,-999.0,-999.0,0,0,-999.0,-999.0,-999.0,-999.0,0,-999.0,-999.0,-999.0,-999.0,-999.0,0,-999.0,-999.0,-999.0,0,0,-999.0,-999.0,-999.0,-999.0,0,-999.0,-999.0,-999.0,-999.0,-999.0,0,-999.0,-999.0,-999.0,0,0,0.029201665838257743
PSO J139.5793+35.9377,-999,-999,-999,151121395792655899,3578835000019324,214022515346299,0,16486947374609,15112,1,2038,90,0.411381204064359,3578835,49831,3,268959744,0,32,-999.0,-999.0,-999.0,-999.0,139.57929882,35.93771969,0.33173999190330505,0.33173999190330505,,,,,55248.27152778,-999.0,-0.6163939952650745,0.5249765413107825,0.5869055065975507,130.75975642591138,19.24763033397326,188.00677882776318,44.3034309269054,-999,0,1,0,0,0,1,0,-999.0,-999.0,-999.0,-999.0,0,-999.0,-999.0,-999.0,-999.0,-999.0,0,-999.0,-999.0,-999.0,0,0,-999.0,-999.0,-999.0,-999.0,0,-999.0,-999.0,-999.0,-999.0,-999.0,0,-999.0,-999.0,-999.0,0,0,-999.0,-999.0,-999.0,-999.0,0,-999.0,-999.0,-999.0,-999.0,-999.0,0,-999.0,-999.0,-999.0,0,0,0.7881420254707336,21.60770034790039,0.33140599727630615,-999.0,1,21.60770034790039,21.60770034790039,-999.0,-999.0,-999.0,0,-999.0,-999.0,-999.0,0,4120,-999.0,-999.0,-999.0,-999.0,0,-999.0,-999.0,-999.0,-999.0,-999.0,0,-999.0,-999.0,-999.0,0,0,0.03013457525526673
PSO J139.5799+35.9340,-999,-999,-999,151121395798631363,3578835000019457,214022515346432,0,16486947586507,15112,1,2038,90,0.537886946963041,3578835,49831,3,268959744,0,32,-999.0,-999.0,-999.0,-999.0,139.57988577,35.9339734,0.23858000338077545,0.23858000338077545,,,,,55248.30240741,-999.0,-0.6164285870872767,0.5249951074678207,0.5868525659451743,130.76150598078019,19.24423442837233,188.01204986377206,44.303606785781724,-999,0,1,0,1,0,0,0,-999.0,-999.0,-999.0,-999.0,0,-999.0,-999.0,-999.0,-999.0,-999.0,0,-999.0,-999.0,-999.0,0,0,0.772936999797821,21.99970054626465,0.23810699582099915,-999.0,1,21.99970054626465,21.99970054626465,-999.0,-999.0,-999.0,0,24.68090057373047,0.23810699582099915,-999.0,1,4120,-999.0,-999.0,-999.0,-999.0,0,-999.0,-999.0,-999.0,-999.0,-999.0,0,-999.0,-999.0,-999.0,0,0,-999.0,-999.0,-999.0,-999.0,0,-999.0,-999.0,-999.0,-999.0,-999.0,0,-999.0,-999.0,-999.0,0,0,-999.0,-999.0,-999.0,-999.0,0,-999.0,-999.0,-999.0,-999.0,-999.0,0,-999.0,-999.0,-999.0,0,0,0.026599041344046084
PSO J139.5803+35.9364,-999,-999,-999,151121395802334230,3578835000019542,214022515346517,0,16486947589594,15112,1,2038,90,0.770699923644494,3578835,49831,3,268959744,0,32,-999.0,-999.0,-999.0,-999.0,139.58025212,35.93636639,0.16564999520778656,0.16564999520778656,,,,,55249.24423611,-999.0,-0.6164132833656791,0.5249752735507838,0.5868863827442435,130.76099055863168,19.246596120891553,188.0087495932973,44.30409276172301,-999,0,1,0,0,0,1,0,-999.0,-999.0,-999.0,-999.0,0,-999.0,-999.0,-999.0,-999.0,-999.0,0,-999.0,-999.0,-999.0,0,0,-999.0,-999.0,-999.0,-999.0,0,-999.0,-999.0,-999.0,-999.0,-999.0,0,-999.0,-999.0,-999.0,0,0,-999.0,-999.0,-999.0,-999.0,0,-999.0,-999.0,-999.0,-999.0,-999.0,0,-999.0,-999.0,-999.0,0,0,0.7150760293006897,20.32069969177246,0.16496999561786652,-999.0,1,20.32069969177246,20.32069969177246,-999.0,-999.0,-999.0,0,21.122400283813477,0.16496999561786652,-999.0,1,4120,-999.0,-999.0,-999.0,-999.0,0,-999.0,-999.0,-999.0,-999.0,-999.0,0,-999.0,-999.0,-999.0,0,0,0.028579195456834527
PSO J139.5803+35.9357,-999,-999,-999,151121395803103455,3578835000019563,214022515346538,0,16486947589461,15112,1,2038,90,0.0328568285637133,3578835,49831,3,268959744,0,32,-999.0,-999.0,-999.0,-999.0,139.58031773,35.93570693,0.20479999482631683,0.20479999482631683,,,,,55249.28141204,-999.0,-0.6164190271011052,0.5249789474157257,0.5868770636155444,130.76126790407622,19.245988546324117,188.00967407117128,44.304093287502404,-999,0,1,0,0,1,0,0,-999.0,-999.0,-999.0,-999.0,0,-999.0,-999.0,-999.0,-999.0,-999.0,0,-999.0,-999.0,-999.0,0,0,-999.0,-999.0,-999.0,-999.0,0,-999.0,-999.0,-999.0,-999.0,-999.0,0,-999.0,-999.0,-999.0,0,0,0.7071599960327148,20.627700805664062,0.20424999296665192,-999.0,1,20.627700805664062,20.627700805664062,-999.0,-999.0,-999.0,0,21.249399185180664,0.20424999296665192,-999.0,1,4120,-999.0,-999.0,-999.0,-999.0,0,-999.0,-999.0,-999.0,-999.0,-999.0,0,-999.0,-999.0,-999.0,0,0,-999.0,-999.0,-999.0,-999.0,0,-999.0,-999.0,-999.0,-999.0,-999.0,0,-999.0,-999.0,-999.0,0,0,0.02796563902735456
PSO J139.5812+35.9399,-999,-999,-999,151121395811738454,3578835000019782,214022515346757,0,16486947374119,15112,1,2038,90,0.490059731984567,3578835,49831,3,268513280,0,32,-999.0,-999.0,-999.0,-999.0,139.58119471,35.93988331,0.018890000879764557,0.018890000879764557,,,,,55249.24423611,-999.0,-0.6163944925312849,0.5249417747121947,0.5869360806247229,130.76056129108562,19.250171999682493,188.00393548025923,44.30513298306918,-999,0,1,0,0,0,1,0,-999.0,-999.0,-999.0,-999.0,0,-999.0,-999.0,-999.0,-999.0,-999.0,0,-999.0,-999.0,-999.0,0,0,-999.0,-999.0,-999.0,-999.0,0,-999.0,-999.0,-999.0,-999.0,-999.0,0,-999.0,-999.0,-999.0,0,0,-999.0,-999.0,-999.0,-999.0,0,-999.0,-999.0,-999.0,-999.0,-999.0,0,-999.0,-999.0,-999.0,0,0,0.9982209801673889,17.47480010986328,0.011485000140964985,-999.0,1,17.47480010986328,17.47480010986328,17.79840087890625,0.021145999431610107,-999.0,1,17.67490005493164,0.011485000140964985,-999.0,1,24,-999.0,-999.0,-999.0,-999.0,0,-999.0,-999.0,-999.0,-999.0,-999.0,0,-999.0,-999.0,-999.0,0,0,0.03147304014725755
PSO J139.5814+35.9357,-999,-999,-999,151121395813833468,3578835000019830,214022515346805,0,16486947590136,15112,1,2038,90,0.789143589128874,3578835,49831,3,268959744,0,32,-999.0,-999.0,-999.0,-999.0,139.58140205,35.93572731,0.2573600113391876,0.2573600113391876,,,,,55249.26556713,-999.0,-0.6164288032651842,0.5249671462725501,0.5868773516157424,130.76214176224218,19.246289463028514,188.0097432174514,44.30497007658489,-999,0,1,0,0,0,0,1,-999.0,-999.0,-999.0,-999.0,0,-999.0,-999.0,-999.0,-999.0,-999.0,0,-999.0,-999.0,-999.0,0,0,-999.0,-999.0,-999.0,-999.0,0,-999.0,-999.0,-999.0,-999.0,-999.0,0,-999.0,-999.0,-999.0,0,0,-999.0,-999.0,-999.0,-999.0,0,-999.0,-999.0,-999.0,-999.0,-999.0,0,-999.0,-999.0,-999.0,0,0,-999.0,-999.0,-999.0,-999.0,0,-999.0,-999.0,-999.0,-999.0,-999.0,0,-999.0,-999.0,-999.0,0,0,0.7262099981307983,19.58340072631836,0.25692299008369446,-999.0,1,19.58340072631836,19.58340072631836,-999.0,-999.0,-999.0,0,-999.0,-999.0,-999.0,0,4112,0.027599007475438753
PSO J139.5816+35.9380,-999,-999,-999,151121395816116217,3578835000019884,214022515346859,0,16486947589109,15112,1,2038,90,0.0169887039968639,3578835,49831,3,268959744,0,32,-999.0,-999.0,-999.0,-999.0,139.58162145,35.9380266,0.4675999879837036,0.4675999879837036,,,,,55968.36913194,-999.0,-0.6164128825280384,0.5249495154400916,0.5869098435813527,130.76153876955536,19.248524234160403,188.00656015013374,44.305329895745096,-999,0,1,0,0,1,0,0,-999.0,-999.0,-999.0,-999.0,0,-999.0,-999.0,-999.0,-999.0,-999.0,0,-999.0,-999.0,-999.0,0,0,-999.0,-999.0,-999.0,-999.0,0,-999.0,-999.0,-999.0,-999.0,-999.0,0,-999.0,-999.0,-999.0,0,0,0.736748993396759,22.363100051879883,0.46736401319503784,-999.0,1,22.363100051879883,22.363100051879883,-999.0,-999.0,-999.0,0,23.866600036621094,0.46736401319503784,-999.0,1,4120,-999.0,-999.0,-999.0,-999.0,0,-999.0,-999.0,-999.0,-999.0,-999.0,0,-999.0,-999.0,-999.0,0,0,-999.0,-999.0,-999.0,-999.0,0,-999.0,-999.0,-999.0,-999.0,-999.0,0,-999.0,-999.0,-999.0,0,0,0.02962613535204607
PSO J139.5826+35.9353,-999,-999,-999,151121395825672911,3578835000020095,214022515347070,0,16486947589259,15112,1,2038,90,0.0676581804339385,3578835,49831,3,268959744,0,32,-999.0,-999.0,-999.0,-999.0,139.58257534,35.93525444,0.18185999989509583,0.18185999989509583,,,,,55249.28141204,-999.0,-0.6164432408901742,0.5249576633973635,0.5868706692289188,130.76325547656776,19.246146307209173,188.01050743415712,44.3058794660988,-999,0,1,0,0,1,0,0,-999.0,-999.0,-999.0,-999.0,0,-999.0,-999.0,-999.0,-999.0,-999.0,0,-999.0,-999.0,-999.0,0,0,-999.0,-999.0,-999.0,-999.0,0,-999.0,-999.0,-999.0,-999.0,-999.0,0,-999.0,-999.0,-999.0,0,0,0.7279829978942871,20.511199951171875,0.18123899400234222,-999.0,1,20.511199951171875,20.511199951171875,-999.0,-999.0,-999.0,0,21.17930030822754,0.18123899400234222,-999.0,1,4120,-999.0,-999.0,-999.0,-999.0,0,-999.0,-999.0,-999.0,-999.0,-999.0,0,-999.0,-999.0,-999.0,0,0,-999.0,-999.0,-999.0,-999.0,0,-999.0,-999.0,-999.0,-999.0,-999.0,0,-999.0,-999.0,-999.0,0,0,0.026774990778617263
PSO J139.5831+35.9380,-999,-999,-999,151121395830566185,3578835000020213,214022515347188,0,16486947588724,15112,1,2038,90,0.164295489121504,3578835,49831,3,268959744,0,32,-999.0,-999.0,-999.0,-999.0,139.58307507,35.93799269,0.2524600028991699,0.2524600028991699,,,,,55275.32013889,-999.0,-0.6164264649970957,0.5249341018030859,0.5869093643957062,130.76273103121505,19.248869645566035,188.00673805159178,44.30650040814186,-999,0,1,1,0,0,0,0,0.7900390028953552,22.31089973449707,0.25201401114463806,-999.0,1,22.31089973449707,22.31089973449707,-999.0,-999.0,-999.0,1,22.156299591064453,0.25201401114463806,-999.0,1,4120,-999.0,-999.0,-999.0,-999.0,0,-999.0,-999.0,-999.0,-999.0,-999.0,0,-999.0,-999.0,-999.0,0,0,-999.0,-999.0,-999.0,-999.0,0,-999.0,-999.0,-999.0,-999.0,-999.0,0,-999.0,-999.0,-999.0,0,0,-999.0,-999.0,-999.0,-999.0,0,-999.0,-999.0,-999.0,-999.0,-999.0,0,-999.0,-999.0,-999.0,0,0,-999.0,-999.0,-999.0,-999.0,0,-999.0,-999.0,-999.0,-999.0,-999.0,0,-999.0,-999.0,-999.0,0,0,0.029155159693654852
PSO J139.5836+35.9353,-999,-999,-999,151121395835782962,3578835000020336,214022515347311,0,16486947587432,15112,1,2038,90,0.647107529125276,3578835,49831,3,268959744,0,32,-999.0,-999.0,-999.0,-999.0,139.58359231,35.93530232,0.209089994430542,0.209089994430542,,,,,55249.26106481,-999.0,-0.6164521851282073,0.5249464038085575,0.5868713458494301,130.76406528543268,19.246455789305838,188.0105322030813,44.30670408722422,-999,0,1,0,0,0,0,1,-999.0,-999.0,-999.0,-999.0,0,-999.0,-999.0,-999.0,-999.0,-999.0,0,-999.0,-999.0,-999.0,0,0,-999.0,-999.0,-999.0,-999.0,0,-999.0,-999.0,-999.0,-999.0,-999.0,0,-999.0,-999.0,-999.0,0,0,-999.0,-999.0,-999.0,-999.0,0,-999.0,-999.0,-999.0,-999.0,-999.0,0,-999.0,-999.0,-999.0,0,0,-999.0,-999.0,-999.0,-999.0,0,-999.0,-999.0,-999.0,-999.0,-999.0,0,-999.0,-999.0,-999.0,0,0,0.7526940107345581,19.20789909362793,0.20855599641799927,-999.0,1,19.20789909362793,19.20789909362793,-999.0,-999.0,-999.0,0,19.804000854492188,0.20855599641799927,-999.0,1,4112,0.026498194616952447
PSO J139.5843+35.9336,-999,-999,-999,151121395843140976,3578835000020499,214022515347474,0,16486947587933,15112,1,2038,90,0.81102753971799,3578835,49831,3,268959744,0,32,-999.0,-999.0,-999.0,-999.0,139.58433116,35.93364671,0.27121999859809875,0.27121999859809875,,,,,55972.33878472,-999.0,-0.6164718654651044,0.5249494486114968,0.5868479492104063,130.76522797080779,19.245079572204222,188.01290490875672,44.307168819066554,-999,0,1,1,0,0,0,0,0.6211090087890625,22.08799934387207,0.2708030045032501,-999.0,1,22.08799934387207,22.08799934387207,-999.0,-999.0,-999.0,0,23.40410041809082,0.2708030045032501,-999.0,1,4112,-999.0,-999.0,-999.0,-999.0,0,-999.0,-999.0,-999.0,-999.0,-999.0,0,-999.0,-999.0,-999.0,0,0,-999.0,-999.0,-999.0,-999.0,0,-999.0,-999.0,-999.0,-999.0,-999.0,0,-999.0,-999.0,-999.0,0,0,-999.0,-999.0,-999.0,-999.0,0,-999.0,-999.0,-999.0,-999.0,-999.0,0,-999.0,-999.0,-999.0,0,0,-999.0,-999.0,-999.0,-999.0,0,-999.0,-999.0,-999.0,-999.0,-999.0,0,-999.0,-999.0,-999.0,0,0,0.024739244919586775
PSO J139.5848+35.9385,-999,-999,-999,151121395847876682,3578835000020610,214022515347585,0,16486947600164,15112,1,2038,90,0.166532434678201,3578835,49831,3,436527104,7,52,139.58475155,35.93847621,0.0010000000474974513,0.0010000000474974513,139.58477654340584,35.93846590093626,0.010528606857562437,0.010528606857562437,16.63196356906853,-3.0761462119762726,6.367213313443941,6.367213313443941,56428.07724529393,2.4704174995422363,-0.616438362714037,0.5249126533244094,0.5869160513688186,130.7639528762936,19.249754905567677,188.00623831021434,44.307909818977656,-999,5,41,0,1,20,15,5,-999.0,-999.0,-999.0,-999.0,0,-999.0,-999.0,-999.0,-999.0,-999.0,0,-999.0,-999.0,-999.0,0,114720,0.5931969881057739,21.42970085144043,0.2935029864311218,-999.0,1,21.42970085144043,21.42970085144043,-999.0,-999.0,-999.0,0,21.65410041809082,0.2935029864311218,-999.0,1,118840,0.9996240139007568,21.184900283813477,0.03141000121831894,0.16607199609279633,19,20.94409942626953,21.668800354003906,21.27199935913086,0.054986000061035156,0.2903119921684265,17,21.239900588989258,0.05000700056552887,0.3133380115032196,19,115000,0.9991919994354248,20.45240020751953,0.04733999818563461,0.17379100620746613,15,20.287799835205078,20.793699264526367,20.574800491333008,0.049945998936891556,0.2668749988079071,14,20.44029998779297,0.05260000005364418,0.18749499320983887,15,115000,0.9990670084953308,20.126800537109375,0.10974299907684326,0.447407990694046,5,19.378400802612305,20.315099716186523,19.87809944152832,0.2194110006093979,0.4923720061779022,4,20.01059913635254,0.1755020022392273,0.45100700855255127,5,115000,0.029142908479007353
PSO J139.5855+35.9364,-999,-999,-999,151121395855194227,3578835000020791,214022515347766,0,16486947601106,15112,1,2038,90,0.21506051087292,3578835,49831,3,268959744,0,32,-999.0,-999.0,-999.0,-999.0,139.58553791,35.93636052,0.21901999413967133,0.21901999413967133,,,,,55972.32666667,-999.0,-0.6164617578210558,0.5249184434362276,0.5868862997929511,130.76528612391297,19.24796339709797,188.00923305863884,44.30835850046969,-999,0,1,1,0,0,0,0,0.6221100091934204,22.066699981689453,0.2185090035200119,-999.0,1,22.066699981689453,22.066699981689453,21.625699996948242,0.3088989853858948,-999.0,1,22.484800338745117,0.2185090035200119,-999.0,1,4112,-999.0,-999.0,-999.0,-999.0,0,-999.0,-999.0,-999.0,-999.0,-999.0,0,-999.0,-999.0,-999.0,0,0,-999.0,-999.0,-999.0,-999.0,0,-999.0,-999.0,-999.0,-999.0,-999.0,0,-999.0,-999.0,-999.0,0,0,-999.0,-999.0,-999.0,-999.0,0,-999.0,-999.0,-999.0,-999.0,-999.0,0,-999.0,-999.0,-999.0,0,0,-999.0,-999.0,-999.0,-999.0,0,-999.0,-999.0,-999.0,-999.0,-999.0,0,-999.0,-999.0,-999.0,0,0,0.026950165129129015
PSO J139.5857+35.9404,-999,-999,-999,151121395856709081,3578835000020833,214022515347808,0,16486947595729,15112,1,2038,90,0.589902431322171,3578835,49831,3,268959744,0,32,-999.0,-999.0,-999.0,-999.0,139.5856875,35.94040288,0.2932400107383728,0.2932400107383728,,,,,56232.65170139,-999.0,-0.6164316009898814,0.5248899885292138,0.5869434225228644,130.7640340727967,19.251830968009045,188.0036153373474,44.3088002540183,-999,0,1,0,0,0,0,1,-999.0,-999.0,-999.0,-999.0,0,-999.0,-999.0,-999.0,-999.0,-999.0,0,-999.0,-999.0,-999.0,0,0,-999.0,-999.0,-999.0,-999.0,0,-999.0,-999.0,-999.0,-999.0,-999.0,0,-999.0,-999.0,-999.0,0,0,-999.0,-999.0,-999.0,-999.0,0,-999.0,-999.0,-999.0,-999.0,-999.0,0,-999.0,-999.0,-999.0,0,0,-999.0,-999.0,-999.0,-999.0,0,-999.0,-999.0,-999.0,-999.0,-999.0,0,-999.0,-999.0,-999.0,0,0,0.503728985786438,20.149099349975586,0.2928520143032074,-999.0,1,20.149099349975586,20.149099349975586,-999.0,-999.0,-999.0,0,20.441600799560547,0.2928520143032074,-999.0,1,4120,0.030784478913918327
PSO J139.5865+35.9388,-999,-999,-999,151121395864457198,3578835000021025,214022515348000,0,16486947602024,15112,1,2038,90,0.642684247943279,3578835,49831,3,268959744,0,32,-999.0,-999.0,-999.0,-999.0,139.58646314,35.93883516,0.14520999789237976,0.14520999789237976,,,,,55972.32666667,-999.0,-0.6164509341350306,0.5248920549717644,0.5869212693637592,130.7651968076348,19.25054756263766,188.00586892411508,44.309301798212616,-999,0,1,1,0,0,0,0,0.6976100206375122,21.648000717163086,0.1444370001554489,-999.0,1,21.648000717163086,21.648000717163086,-999.0,-999.0,-999.0,0,21.530099868774414,0.1444370001554489,-999.0,1,4112,-999.0,-999.0,-999.0,-999.0,0,-999.0,-999.0,-999.0,-999.0,-999.0,0,-999.0,-999.0,-999.0,0,0,-999.0,-999.0,-999.0,-999.0,0,-999.0,-999.0,-999.0,-999.0,-999.0,0,-999.0,-999.0,-999.0,0,0,-999.0,-999.0,-999.0,-999.0,0,-999.0,-999.0,-999.0,-999.0,-999.0,0,-999.0,-999.0,-999.0,0,0,-999.0,-999.0,-999.0,-999.0,0,-999.0,-999.0,-999.0,-999.0,-999.0,0,-999.0,-999.0,-999.0,0,0,0.02910625616869915
PSO J139.5868+35.9343,-999,-999,-999,151121395868101794,3578835000021113,214022515348088,0,16486947600585,15112,1,2038,90,0.444883863855977,3578835,49831,3,268959744,0,32,-999.0,-999.0,-999.0,-999.0,139.5868195,35.93432393,0.1623300015926361,0.1623300015926361,,,,,55249.28141204,-999.0,-0.6164893819683035,0.5249181780561459,0.5868575195620785,130.76701914637732,19.246367318202378,188.01218533287192,44.30923106845119,-999,0,1,0,0,1,0,0,-999.0,-999.0,-999.0,-999.0,0,-999.0,-999.0,-999.0,-999.0,-999.0,0,-999.0,-999.0,-999.0,0,0,-999.0,-999.0,-999.0,-999.0,0,-999.0,-999.0,-999.0,-999.0,-999.0,0,-999.0,-999.0,-999.0,0,0,0.5536519885063171,20.111600875854492,0.16163800656795502,-999.0,1,20.111600875854492,20.111600875854492,-999.0,-999.0,-999.0,0,22.061800003051758,0.16163800656795502,-999.0,1,4120,-999.0,-999.0,-999.0,-999.0,0,-999.0,-999.0,-999.0,-999.0,-999.0,0,-999.0,-999.0,-999.0,0,0,-999.0,-999.0,-999.0,-999.0,0,-999.0,-999.0,-999.0,-999.0,-999.0,0,-999.0,-999.0,-999.0,0,0,0.024694209074710906
PSO J139.5874+35.9346,-999,-999,-999,151121395873572065,3578835000021255,214022515348230,0,16486947600452,15112,1,2038,90,0.257955260815057,3578835,49831,3,268959744,0,32,-999.0,-999.0,-999.0,-999.0,139.58737242,35.9345555,0.19944000244140625,0.19944000244140625,,,,,55249.26106481,-999.0,-0.6164926416019993,0.5249106910763016,0.5868607920490073,130.76738959724156,19.2467302668091,188.01191246142236,44.309695748131496,-999,0,1,0,0,0,0,1,-999.0,-999.0,-999.0,-999.0,0,-999.0,-999.0,-999.0,-999.0,-999.0,0,-999.0,-999.0,-999.0,0,0,-999.0,-999.0,-999.0,-999.0,0,-999.0,-999.0,-999.0,-999.0,-999.0,0,-999.0,-999.0,-999.0,0,0,-999.0,-999.0,-999.0,-999.0,0,-999.0,-999.0,-999.0,-999.0,-999.0,0,-999.0,-999.0,-999.0,0,0,-999.0,-999.0,-999.0,-999.0,0,-999.0,-999.0,-999.0,-999.0,-999.0,0,-999.0,-999.0,-999.0,0,0,0.7822909951210022,19.19339942932129,0.19887399673461914,-999.0,1,19.19339942932129,19.19339942932129,-999.0,-999.0,-999.0,0,21.821199417114258,0.19887399673461914,-999.0,1,4112,0.024786907051418984
PSO J139.5884+35.9395,-999,-999,-999,151121395883527987,3578835000186920,214022515515518,0,16486947598842,15112,1,2038,90,0.208090933233584,3578835,49831,3,404226048,0,48,139.58836607,35.93952984,0.0010000000474974513,0.0010000000474974513,139.58836607,35.93952984,0.0010000000474974513,0.0010000000474974513,,,,,55646.49783565,-999.0,-0.6164629484256625,0.5248669676464591,0.5869310858115709,130.766506439096,19.251699785589814,188.00507210259002,44.31089277166233,-999,5,0,0,0,0,0,0,-999.0,-999.0,-999.0,-999.0,0,-999.0,-999.0,-999.0,-999.0,-999.0,0,-999.0,-999.0,-999.0,0,114720,-999.0,-999.0,-999.0,-999.0,0,-999.0,-999.0,-999.0,-999.0,-999.0,0,-999.0,-999.0,-999.0,0,114720,-999.0,-999.0,-999.0,-999.0,0,-999.0,-999.0,-999.0,-999.0,-999.0,0,-999.0,-999.0,-999.0,0,114720,-999.0,-999.0,-999.0,-999.0,0,-999.0,-999.0,-999.0,-999.0,-999.0,0,-999.0,-999.0,-999.0,0,114720,-999.0,-999.0,-999.0,-999.0,0,-999.0,-999.0,-999.0,-999.0,-999.0,0,-999.0,-999.0,-999.0,0,114720,0.02941937554511962
PSO J139.5884+35.9398,-999,-999,-999,151121395884058402,3578835000021547,214022515348522,0,16486947598809,15112,1,2038,90,0.985268279896368,3578835,49831,3,302067712,0,36,-999.0,-999.0,-999.0,-999.0,139.58842229,35.93982611,0.23604999482631683,0.23604999482631683,,,,,55249.29138889,-999.0,-0.616461152592799,0.5248643952696104,0.5869352723445951,130.76645142803412,19.251994998318622,188.0046644176914,44.310961659799695,-999,0,1,0,0,1,0,0,-999.0,-999.0,-999.0,-999.0,0,-999.0,-999.0,-999.0,-999.0,-999.0,0,-999.0,-999.0,-999.0,0,0,-999.0,-999.0,-999.0,-999.0,0,-999.0,-999.0,-999.0,-999.0,-999.0,0,-999.0,-999.0,-999.0,0,0,0.8586099743843079,21.021699905395508,0.23557700216770172,-999.0,1,21.021699905395508,21.021699905395508,-999.0,-999.0,-999.0,0,21.997499465942383,0.23557700216770172,-999.0,1,280,-999.0,-999.0,-999.0,-999.0,0,-999.0,-999.0,-999.0,-999.0,-999.0,0,-999.0,-999.0,-999.0,0,0,-999.0,-999.0,-999.0,-999.0,0,-999.0,-999.0,-999.0,-999.0,-999.0,0,-999.0,-999.0,-999.0,0,0,0.029699950821529368
PSO J139.5885+35.9360,-999,-999,-999,151121395885243856,3578835000021573,214022515348548,0,16486947600691,15112,1,2038,90,0.00140773505103563,3578835,49831,3,310456320,0,37,-999.0,-999.0,-999.0,-999.0,139.58853459,35.93604349,0.10461000353097916,0.10461000353097916,,,,,57035.59429398,-999.0,-0.6164916837925205,0.5248883057485161,0.5868818197074394,130.76782800779185,19.248441480396508,188.00994405313077,44.31075197337652,-999,0,1,0,0,1,0,0,-999.0,-999.0,-999.0,-999.0,0,-999.0,-999.0,-999.0,-999.0,-999.0,0,-999.0,-999.0,-999.0,0,0,-999.0,-999.0,-999.0,-999.0,0,-999.0,-999.0,-999.0,-999.0,-999.0,0,-999.0,-999.0,-999.0,0,0,0.055661000311374664,21.110200881958008,0.10352999716997147,-999.0,1,21.110200881958008,21.110200881958008,19.638599395751953,0.07099799811840057,-999.0,1,20.09160041809082,0.10352999716997147,-999.0,1,16777752,-999.0,-999.0,-999.0,-999.0,0,-999.0,-999.0,-999.0,-999.0,-999.0,0,-999.0,-999.0,-999.0,0,0,-999.0,-999.0,-999.0,-999.0,0,-999.0,-999.0,-999.0,-999.0,-999.0,0,-999.0,-999.0,-999.0,0,0,0.025987231280757
PSO J139.5886+35.9329,-999,-999,-999,151121395885710068,3578835000021580,214022515348555,0,16486947592309,15112,1,2038,90,0.13782546402684,3578835,49831,3,276901888,0,33,-999.0,-999.0,-999.0,-999.0,139.58859703,35.93288596,0.019600000232458115,0.019600000232458115,,,,,55521.60189815,-999.0,-0.6165168808600776,0.5249085999207836,0.5868371983299656,130.7689516375212,19.245467056162983,188.01434836853124,44.310551493473376,-999,0,1,0,0,0,0,1,-999.0,-999.0,-999.0,-999.0,0,-999.0,-999.0,-999.0,-999.0,-999.0,0,-999.0,-999.0,-999.0,0,0,-999.0,-999.0,-999.0,-999.0,0,-999.0,-999.0,-999.0,-999.0,-999.0,0,-999.0,-999.0,-999.0,0,0,-999.0,-999.0,-999.0,-999.0,0,-999.0,-999.0,-999.0,-999.0,-999.0,0,-999.0,-999.0,-999.0,0,0,-999.0,-999.0,-999.0,-999.0,0,-999.0,-999.0,-999.0,-999.0,-999.0,0,-999.0,-999.0,-999.0,0,0,0.9970409870147705,16.90519905090332,0.012609999626874924,-999.0,1,16.90519905090332,16.90519905090332,16.82040023803711,0.019352000206708908,-999.0,1,16.70840072631836,0.012609999626874924,-999.0,1,16777240,0.022912377679056423
PSO J139.5886+35.9342,-999,-999,-999,151121395886031675,3578835000021590,214022515348565,0,16486947593087,15112,1,2038,90,0.0358986799008201,3578835,49831,3,268959744,0,32,-999.0,-999.0,-999.0,-999.0,139.58861829,35.93422985,0.20670999586582184,0.20670999586582184,,,,,55249.26106481,-999.0,-0.6165065950811714,0.5248994479202235,0.5868561900452828,130.76851226562584,19.246745439644187,188.01247813328422,44.31067545019356,-999,0,1,0,0,0,0,1,-999.0,-999.0,-999.0,-999.0,0,-999.0,-999.0,-999.0,-999.0,-999.0,0,-999.0,-999.0,-999.0,0,0,-999.0,-999.0,-999.0,-999.0,0,-999.0,-999.0,-999.0,-999.0,-999.0,0,-999.0,-999.0,-999.0,0,0,-999.0,-999.0,-999.0,-999.0,0,-999.0,-999.0,-999.0,-999.0,-999.0,0,-999.0,-999.0,-999.0,0,0,-999.0,-999.0,-999.0,-999.0,0,-999.0,-999.0,-999.0,-999.0,-999.0,0,-999.0,-999.0,-999.0,0,0,0.6413620114326477,19.043899536132812,0.2061620056629181,-999.0,1,19.043899536132812,19.043899536132812,-999.0,-999.0,-999.0,0,21.111600875854492,0.2061620056629181,-999.0,1,4112,0.02420900132054591
PSO J139.5890+35.9364,-999,-999,-999,151121395889894368,3578835000186925,214022515515523,0,16486947600646,15112,1,2038,90,0.823809112258078,3578835,49831,3,404226048,0,48,139.58897202,35.93639972,0.0010000000474974513,0.0010000000474974513,139.58897202,35.93639972,0.0010000000474974513,0.0010000000474974513,,,,,55646.49783565,-999.0,-0.6164929127717741,0.5248812336187857,0.5868868537435435,130.76806227790263,19.2488925030826,188.00948710231128,44.31113332139725,-999,2,0,0,0,0,0,0,-999.0,-999.0,-999.0,-999.0,0,-999.0,-999.0,-999.0,-999.0,-999.0,0,-999.0,-999.0,-999.0,0,16416,-999.0,-999.0,-999.0,-999.0,0,-999.0,-999.0,-999.0,-999.0,-999.0,0,-999.0,-999.0,-999.0,0,114720,-999.0,-999.0,-999.0,-999.0,0,-999.0,-999.0,-999.0,-999.0,-999.0,0,-999.0,-999.0,-999.0,0,114720,-999.0,-999.0,-999.0,-999.0,0,-999.0,-999.0,-999.0,-999.0,-999.0,0,-999.0,-999.0,-999.0,0,16416,-999.0,-999.0,-999.0,-999.0,0,-999.0,-999.0,-999.0,-999.0,-999.0,0,-999.0,-999.0,-999.0,0,16416,0.026256111285741242
PSO J139.5892+35.9399,-999,-999,-999,151121395891598502,3578835000021748,214022515348723,0,16486947598735,15112,1,2038,90,0.412206419196172,3578835,49831,3,268959744,0,32,-999.0,-999.0,-999.0,-999.0,139.58917776,35.93991183,0.3412399888038635,0.3412399888038635,,,,,55249.27530093,-999.0,-0.6164674044977851,0.5248556976646003,0.5869364836341067,130.76703593899035,19.252272413886505,188.00461283700255,44.31157818715367,-999,0,1,0,0,0,0,1,-999.0,-999.0,-999.0,-999.0,0,-999.0,-999.0,-999.0,-999.0,-999.0,0,-999.0,-999.0,-999.0,0,0,-999.0,-999.0,-999.0,-999.0,0,-999.0,-999.0,-999.0,-999.0,-999.0,0,-999.0,-999.0,-999.0,0,0,-999.0,-999.0,-999.0,-999.0,0,-999.0,-999.0,-999.0,-999.0,-999.0,0,-999.0,-999.0,-999.0,0,0,-999.0,-999.0,-999.0,-999.0,0,-999.0,-999.0,-999.0,-999.0,-999.0,0,-999.0,-999.0,-999.0,0,0,0.7200419902801514,20.10650062561035,0.3409140110015869,-999.0,1,20.10650062561035,20.10650062561035,-999.0,-999.0,-999.0,0,-999.0,-999.0,-999.0,0,4112,0.029665545267284033
PSO J139.5904+35.9366,-999,-999,-999,151121395903984487,3578835000022040,214022515349015,0,16486947591454,15112,1,2038,90,0.365361663853155,3578835,49831,3,268959744,0,32,-999.0,-999.0,-999.0,-999.0,139.59040878,35.93657329,0.27132999897003174,0.27132999897003174,,,,,57035.57056713,-999.0,-0.616504720854813,0.5248646216397909,0.5868893065260674,130.7691703531741,19.249430098285874,188.00937439821743,44.31230672956018,-999,0,1,0,0,1,0,0,-999.0,-999.0,-999.0,-999.0,0,-999.0,-999.0,-999.0,-999.0,-999.0,0,-999.0,-999.0,-999.0,0,0,-999.0,-999.0,-999.0,-999.0,0,-999.0,-999.0,-999.0,-999.0,-999.0,0,-999.0,-999.0,-999.0,0,0,0.5758299827575684,22.056100845336914,0.2709130048751831,-999.0,1,22.056100845336914,22.056100845336914,-999.0,-999.0,-999.0,1,-999.0,-999.0,-999.0,0,4120,-999.0,-999.0,-999.0,-999.0,0,-999.0,-999.0,-999.0,-999.0,-999.0,0,-999.0,-999.0,-999.0,0,0,-999.0,-999.0,-999.0,-999.0,0,-999.0,-999.0,-999.0,-999.0,-999.0,0,-999.0,-999.0,-999.0,0,0,0.02620336272129995
PSO J139.5905+35.9339,-999,-999,-999,151121395904621234,3578835000022054,214022515349029,0,16486947592575,15112,1,2038,90,0.870084543591444,3578835,49831,3,268959744,0,32,-999.0,-999.0,-999.0,-999.0,139.59048157,35.93386633,0.21517999470233917,0.21517999470233917,,,,,55249.26556713,-999.0,-0.616526499763084,0.5248818122767058,0.5868510528498699,130.77014932795703,19.24688512904714,188.01315207066457,44.31215048341073,-999,0,1,0,0,0,0,1,-999.0,-999.0,-999.0,-999.0,0,-999.0,-999.0,-999.0,-999.0,-999.0,0,-999.0,-999.0,-999.0,0,0,-999.0,-999.0,-999.0,-999.0,0,-999.0,-999.0,-999.0,-999.0,-999.0,0,-999.0,-999.0,-999.0,0,0,-999.0,-999.0,-999.0,-999.0,0,-999.0,-999.0,-999.0,-999.0,-999.0,0,-999.0,-999.0,-999.0,0,0,-999.0,-999.0,-999.0,-999.0,0,-999.0,-999.0,-999.0,-999.0,-999.0,0,-999.0,-999.0,-999.0,0,0,0.7040719985961914,19.337400436401367,0.21465499699115753,-999.0,1,19.337400436401367,19.337400436401367,-999.0,-999.0,-999.0,0,19.82270050048828,0.21465499699115753,-999.0,1,4112,0.023529099505899265
PSO J139.5908+35.9409,-999,-999,-999,151121395907629660,3578835000022137,214022515349112,0,16486947596488,15112,1,2038,90,0.117130754624615,3578835,49831,3,302067712,0,36,-999.0,-999.0,-999.0,-999.0,139.59079842,35.94088106,0.19253000617027283,0.19253000617027283,,,,,55250.27640046,-999.0,-0.6164746900511926,0.5248318238273858,0.5869501795078573,130.7680229652144,19.25361136896366,188.00340806011013,44.31296308140402,-999,0,1,0,0,0,0,1,-999.0,-999.0,-999.0,-999.0,0,-999.0,-999.0,-999.0,-999.0,-999.0,0,-999.0,-999.0,-999.0,0,0,-999.0,-999.0,-999.0,-999.0,0,-999.0,-999.0,-999.0,-999.0,-999.0,0,-999.0,-999.0,-999.0,0,0,-999.0,-999.0,-999.0,-999.0,0,-999.0,-999.0,-999.0,-999.0,-999.0,0,-999.0,-999.0,-999.0,0,0,-999.0,-999.0,-999.0,-999.0,0,-999.0,-999.0,-999.0,-999.0,-999.0,0,-999.0,-999.0,-999.0,0,0,0.9984989762306213,18.20479965209961,0.19194099307060242,-999.0,1,18.20479965209961,18.20479965209961,18.026399612426758,0.2856670022010803,-999.0,1,17.825300216674805,0.19194099307060242,-999.0,1,272,0.030412943400370415
PSO J139.5908+35.9337,-999,-999,-999,151121395908201083,3578835000022148,214022515349123,0,16486947592559,15112,1,2038,90,0.4069224339043,3578835,49831,3,268959744,0,32,-999.0,-999.0,-999.0,-999.0,139.59083525,35.9337367,0.22148999571800232,0.22148999571800232,,,,,55249.26106481,-999.0,-0.6165307507644087,0.5248788672129124,0.5868492209376821,130.77048067081438,19.246854222724217,188.01336445678183,44.31242565282105,-999,0,1,0,0,0,0,1,-999.0,-999.0,-999.0,-999.0,0,-999.0,-999.0,-999.0,-999.0,-999.0,0,-999.0,-999.0,-999.0,0,0,-999.0,-999.0,-999.0,-999.0,0,-999.0,-999.0,-999.0,-999.0,-999.0,0,-999.0,-999.0,-999.0,0,0,-999.0,-999.0,-999.0,-999.0,0,-999.0,-999.0,-999.0,-999.0,-999.0,0,-999.0,-999.0,-999.0,0,0,-999.0,-999.0,-999.0,-999.0,0,-999.0,-999.0,-999.0,-999.0,-999.0,0,-999.0,-999.0,-999.0,0,0,0.5372509956359863,18.927200317382812,0.2209859937429428,-999.0,1,18.927200317382812,18.927200317382812,-999.0,-999.0,-999.0,0,20.15250015258789,0.2209859937429428,-999.0,1,4112,0.023349747766167377
PSO J139.5912+35.9398,-999,-999,-999,151121395911998356,3578835000022245,214022515349220,0,16486947598364,15112,1,2038,90,0.717897596506307,3578835,49831,3,268959744,0,32,-999.0,-999.0,-999.0,-999.0,139.59119858,35.9397919,0.4352400004863739,0.4352400004863739,,,,,55250.27287037,-999.0,-0.616486851226857,0.5248347509524872,0.5869347889306237,130.76871813029686,19.252683725164953,188.00496134820798,44.31319963608244,-999,0,1,0,0,0,0,1,-999.0,-999.0,-999.0,-999.0,0,-999.0,-999.0,-999.0,-999.0,-999.0,0,-999.0,-999.0,-999.0,0,0,-999.0,-999.0,-999.0,-999.0,0,-999.0,-999.0,-999.0,-999.0,-999.0,0,-999.0,-999.0,-999.0,0,0,-999.0,-999.0,-999.0,-999.0,0,-999.0,-999.0,-999.0,-999.0,-999.0,0,-999.0,-999.0,-999.0,0,0,-999.0,-999.0,-999.0,-999.0,0,-999.0,-999.0,-999.0,-999.0,-999.0,0,-999.0,-999.0,-999.0,0,0,0.6886320114135742,19.999500274658203,0.4349839985370636,-999.0,1,19.999500274658203,19.999500274658203,-999.0,-999.0,-999.0,0,-999.0,-999.0,-999.0,0,4112,0.02929037711049698
PSO J139.5917+35.9341,-999,-999,-999,151121395916611548,3578835000022342,214022515349317,0,16486947593670,15112,1,2038,90,0.149926719395376,3578835,49831,3,268513280,0,32,-999.0,-999.0,-999.0,-999.0,139.59167314,35.93412248,0.015320000238716602,0.015320000238716602,,,,,55901.64604167,-999.0,-0.6165354177621141,0.5248672896619269,0.5868546727153481,130.77103019622044,19.247437263152147,188.0129023321058,44.31313258919176,-999,0,1,0,0,0,1,0,-999.0,-999.0,-999.0,-999.0,0,-999.0,-999.0,-999.0,-999.0,-999.0,0,-999.0,-999.0,-999.0,0,0,-999.0,-999.0,-999.0,-999.0,0,-999.0,-999.0,-999.0,-999.0,-999.0,0,-999.0,-999.0,-999.0,0,0,-999.0,-999.0,-999.0,-999.0,0,-999.0,-999.0,-999.0,-999.0,-999.0,0,-999.0,-999.0,-999.0,0,0,0.9979400038719177,16.337400436401367,0.0031220000237226486,-999.0,1,16.337400436401367,16.337400436401367,16.959199905395508,0.007884000428020954,-999.0,1,16.885900497436523,0.0031220000237226486,-999.0,1,24,-999.0,-999.0,-999.0,-999.0,0,-999.0,-999.0,-999.0,-999.0,-999.0,0,-999.0,-999.0,-999.0,0,0,0.02362180112464849
PSO J139.5922+35.9335,-999,-999,-999,151121395921920823,3578835000022465,214022515349440,0,16486947593698,15112,1,2038,90,0.0268683024001013,3578835,49831,3,268959744,0,32,-999.0,-999.0,-999.0,-999.0,139.59220807,35.93352028,0.2354000061750412,0.2354000061750412,,,,,55249.26106481,-999.0,-0.6165450146856044,0.5248655317388299,0.5868461625152227,130.7716693541864,19.247005851202424,188.0137893697189,44.313516515937074,-999,0,1,0,0,0,0,1,-999.0,-999.0,-999.0,-999.0,0,-999.0,-999.0,-999.0,-999.0,-999.0,0,-999.0,-999.0,-999.0,0,0,-999.0,-999.0,-999.0,-999.0,0,-999.0,-999.0,-999.0,-999.0,-999.0,0,-999.0,-999.0,-999.0,0,0,-999.0,-999.0,-999.0,-999.0,0,-999.0,-999.0,-999.0,-999.0,-999.0,0,-999.0,-999.0,-999.0,0,0,-999.0,-999.0,-999.0,-999.0,0,-999.0,-999.0,-999.0,-999.0,-999.0,0,-999.0,-999.0,-999.0,0,0,0.6718559861183167,19.24690055847168,0.23492300510406494,-999.0,1,19.24690055847168,19.24690055847168,-999.0,-999.0,-999.0,0,19.827199935913086,0.23492300510406494,-999.0,1,4112,0.02296572311496774
PSO J139.5930+35.9354,-999,-999,-999,151121395929473156,3578835000022685,214022515349660,0,16486947593935,15112,1,2038,90,0.73065743477145,3578835,49831,3,277348352,0,33,-999.0,-999.0,-999.0,-999.0,139.59295709,35.9354468,0.17309999465942383,0.17309999465942383,,,,,55521.60189815,-999.0,-0.6165368505387814,0.5248446807192118,0.5868733875790153,130.77162311152964,19.24902510421925,188.01117272399554,44.31427407106803,-999,0,1,0,0,0,0,1,-999.0,-999.0,-999.0,-999.0,0,-999.0,-999.0,-999.0,-999.0,-999.0,0,-999.0,-999.0,-999.0,0,0,-999.0,-999.0,-999.0,-999.0,0,-999.0,-999.0,-999.0,-999.0,-999.0,0,-999.0,-999.0,-999.0,0,0,-999.0,-999.0,-999.0,-999.0,0,-999.0,-999.0,-999.0,-999.0,-999.0,0,-999.0,-999.0,-999.0,0,0,-999.0,-999.0,-999.0,-999.0,0,-999.0,-999.0,-999.0,-999.0,-999.0,0,-999.0,-999.0,-999.0,0,0,0.8092759847640991,19.879199981689453,0.17245200276374817,-999.0,1,19.879199981689453,19.879199981689453,19.242000579833984,0.12021800130605698,-999.0,1,19.38610076904297,0.17245200276374817,-999.0,1,16781336,0.02481151939916322
PSO J139.5930+35.9405,-999,-999,-999,151121395929599208,3578835000022691,214022515349666,0,16486947616811,15112,1,2038,90,0.0885906844293612,3578835,49831,3,268513280,0,32,-999.0,-999.0,-999.0,-999.0,139.59297844,35.94049533,0.015809999778866768,0.015809999778866768,,,,,55972.33878472,-999.0,-0.6164976675736887,0.5248109288966342,0.5869447289028614,130.7699247874192,19.25381229606987,188.00414110411816,44.31469192401117,-999,0,1,1,0,0,0,0,0.9985830187797546,17.69029998779297,0.0049600000493228436,-999.0,1,17.69029998779297,17.69029998779297,18.039499282836914,0.01078800018876791,-999.0,1,17.765100479125977,0.0049600000493228436,-999.0,1,16,-999.0,-999.0,-999.0,-999.0,0,-999.0,-999.0,-999.0,-999.0,-999.0,0,-999.0,-999.0,-999.0,0,0,-999.0,-999.0,-999.0,-999.0,0,-999.0,-999.0,-999.0,-999.0,-999.0,0,-999.0,-999.0,-999.0,0,0,-999.0,-999.0,-999.0,-999.0,0,-999.0,-999.0,-999.0,-999.0,-999.0,0,-999.0,-999.0,-999.0,0,0,-999.0,-999.0,-999.0,-999.0,0,-999.0,-999.0,-999.0,-999.0,-999.0,0,-999.0,-999.0,-999.0,0,0,0.029839265332813267
PSO J139.5930+35.9389,-999,-999,-999,151121395929997281,3578835000022700,214022515349675,0,16486947608674,15112,1,2038,90,0.923859976161141,3578835,49831,3,268959744,0,32,-999.0,-999.0,-999.0,-999.0,139.59301513,35.93891054,0.25102001428604126,0.25102001428604126,,,,,55250.31005787,-999.0,-0.6165103655272279,0.5248210575029613,0.586922334554545,130.77049316716628,19.252320816332077,188.0063523145276,44.31459582328755,-999,0,1,0,1,0,0,0,-999.0,-999.0,-999.0,-999.0,0,-999.0,-999.0,-999.0,-999.0,-999.0,0,-999.0,-999.0,-999.0,0,0,0.6546670198440552,21.5,0.2505750060081482,-999.0,1,21.5,21.5,-999.0,-999.0,-999.0,0,21.68400001525879,0.2505750060081482,-999.0,1,4120,-999.0,-999.0,-999.0,-999.0,0,-999.0,-999.0,-999.0,-999.0,-999.0,0,-999.0,-999.0,-999.0,0,0,-999.0,-999.0,-999.0,-999.0,0,-999.0,-999.0,-999.0,-999.0,-999.0,0,-999.0,-999.0,-999.0,0,0,-999.0,-999.0,-999.0,-999.0,0,-999.0,-999.0,-999.0,-999.0,-999.0,0,-999.0,-999.0,-999.0,0,0,0.028257273811658518
PSO J139.5932+35.9357,-999,-999,-999,151121395931913421,3578835000022753,214022515349728,0,16486947593982,15112,1,2038,90,0.744981361315568,3578835,49831,3,268959744,0,32,-999.0,-999.0,-999.0,-999.0,139.59319584,35.93567425,0.5920799970626831,0.5920799970626831,,,,,56759.31069444,-999.0,-0.6165372635344653,0.5248406014552708,0.5868766017976035,130.77173975185673,19.249302550020893,188.01087729535755,44.31448482950522,-999,0,1,0,0,1,0,0,-999.0,-999.0,-999.0,-999.0,0,-999.0,-999.0,-999.0,-999.0,-999.0,0,-999.0,-999.0,-999.0,0,0,-999.0,-999.0,-999.0,-999.0,0,-999.0,-999.0,-999.0,-999.0,-999.0,0,-999.0,-999.0,-999.0,0,0,0.7401139736175537,18.053600311279297,-999.0,-999.0,1,18.053600311279297,18.053600311279297,-999.0,-999.0,-999.0,1,-999.0,-999.0,-999.0,0,4112,-999.0,-999.0,-999.0,-999.0,0,-999.0,-999.0,-999.0,-999.0,-999.0,0,-999.0,-999.0,-999.0,0,0,-999.0,-999.0,-999.0,-999.0,0,-999.0,-999.0,-999.0,-999.0,-999.0,0,-999.0,-999.0,-999.0,0,0,0.02502026449677586
PSO J139.5934+35.9402,-999,-999,-999,151121395933558842,3578835000022796,214022515349771,0,16486947617005,15112,1,2038,90,0.895152938454554,3578835,49831,3,268959744,0,32,-999.0,-999.0,-999.0,-999.0,139.59337414,35.94019638,0.4655900001525879,0.4655900001525879,,,,,56614.57135417,-999.0,-0.616503624001033,0.5248086563022872,0.5869405045349833,130.7703477949361,19.25363193679539,188.00459311262824,44.314987574500755,-999,0,1,0,0,0,1,0,-999.0,-999.0,-999.0,-999.0,0,-999.0,-999.0,-999.0,-999.0,-999.0,0,-999.0,-999.0,-999.0,0,0,-999.0,-999.0,-999.0,-999.0,0,-999.0,-999.0,-999.0,-999.0,-999.0,0,-999.0,-999.0,-999.0,0,0,-999.0,-999.0,-999.0,-999.0,0,-999.0,-999.0,-999.0,-999.0,-999.0,0,-999.0,-999.0,-999.0,0,0,0.7248340249061584,22.319799423217773,0.4653469920158386,-999.0,1,22.319799423217773,22.319799423217773,-999.0,-999.0,-999.0,0,23.823299407958984,0.4653469920158386,-999.0,1,4120,-999.0,-999.0,-999.0,-999.0,0,-999.0,-999.0,-999.0,-999.0,-999.0,0,-999.0,-999.0,-999.0,0,0,0.02951733266706327
PSO J139.5939+35.9390,-999,-999,-999,151121395939087413,3578835000022930,214022515349905,0,16486947608771,15112,1,2038,90,0.175264114677221,3578835,49831,3,268959744,0,32,-999.0,-999.0,-999.0,-999.0,139.59392401,35.9390178,0.40999001264572144,0.40999001264572144,,,,,55250.28234954,-999.0,-0.6165178539992527,0.5248105655584288,0.5869238502381704,130.7711949689849,19.252658498973183,188.00628446985365,44.315337881245505,-999,0,1,0,0,1,0,0,-999.0,-999.0,-999.0,-999.0,0,-999.0,-999.0,-999.0,-999.0,-999.0,0,-999.0,-999.0,-999.0,0,0,-999.0,-999.0,-999.0,-999.0,0,-999.0,-999.0,-999.0,-999.0,-999.0,0,-999.0,-999.0,-999.0,0,0,0.7596269845962524,20.160200119018555,0.4097130000591278,-999.0,1,20.160200119018555,20.160200119018555,-999.0,-999.0,-999.0,1,20.077199935913086,0.4097130000591278,-999.0,1,4112,-999.0,-999.0,-999.0,-999.0,0,-999.0,-999.0,-999.0,-999.0,-999.0,0,-999.0,-999.0,-999.0,0,0,-999.0,-999.0,-999.0,-999.0,0,-999.0,-999.0,-999.0,-999.0,-999.0,0,-999.0,-999.0,-999.0,0,0,0.02831305238454973
PSO J139.5950+35.9338,-999,-999,-999,151121395950101120,3578835000023201,214022515350176,0,16486947591082,15112,1,2038,90,0.265620259815473,3578835,49831,3,302067712,0,36,-999.0,-999.0,-999.0,-999.0,139.59504006,35.9337695,0.19359000027179718,0.19359000027179718,,,,,55250.2833912,-999.0,-0.6165690129765252,0.524833402217414,0.5868496844627655,130.7738850880176,19.247977570556728,188.0136966876391,44.31582212017838,-999,0,1,0,0,1,0,0,-999.0,-999.0,-999.0,-999.0,0,-999.0,-999.0,-999.0,-999.0,-999.0,0,-999.0,-999.0,-999.0,0,0,-999.0,-999.0,-999.0,-999.0,0,-999.0,-999.0,-999.0,-999.0,-999.0,0,-999.0,-999.0,-999.0,0,0,0.9969419836997986,20.22130012512207,0.193012997508049,-999.0,1,20.22130012512207,20.22130012512207,-999.0,-999.0,-999.0,1,20.86280059814453,0.193012997508049,-999.0,1,272,-999.0,-999.0,-999.0,-999.0,0,-999.0,-999.0,-999.0,-999.0,-999.0,0,-999.0,-999.0,-999.0,0,0,-999.0,-999.0,-999.0,-999.0,0,-999.0,-999.0,-999.0,-999.0,-999.0,0,-999.0,-999.0,-999.0,0,0,0.023030031285500213
PSO J139.5956+35.9340,-999,-999,-999,151121395956001347,3578835000023339,214022515350314,0,16486947590214,15112,1,2038,90,0.576301267907304,3578835,49831,3,302067712,0,36,-999.0,-999.0,-999.0,-999.0,139.59563079,35.9339638,0.2585499882698059,0.2585499882698059,,,,,55250.28234954,-999.0,-0.6165729086223838,0.5248257553014936,0.586852430279666,130.7742989070962,19.248315058420324,188.01347906586895,44.31631434887074,-999,0,1,0,0,1,0,0,-999.0,-999.0,-999.0,-999.0,0,-999.0,-999.0,-999.0,-999.0,-999.0,0,-999.0,-999.0,-999.0,0,0,-999.0,-999.0,-999.0,-999.0,0,-999.0,-999.0,-999.0,-999.0,-999.0,0,-999.0,-999.0,-999.0,0,0,0.8467040061950684,19.74169921875,0.25811299681663513,-999.0,1,19.74169921875,19.74169921875,-999.0,-999.0,-999.0,1,-999.0,-999.0,-999.0,0,528,-999.0,-999.0,-999.0,-999.0,0,-999.0,-999.0,-999.0,-999.0,-999.0,0,-999.0,-999.0,-999.0,0,0,-999.0,-999.0,-999.0,-999.0,0,-999.0,-999.0,-999.0,-999.0,-999.0,0,-999.0,-999.0,-999.0,0,0,0.023214823683725027
PSO J139.5960+35.9354,-999,-999,-999,151121395959713077,3578835000023433,214022515350408,0,16486947607285,15112,1,2038,90,0.182271578518927,3578835,49831,3,277348352,0,33,-999.0,-999.0,-999.0,-999.0,139.59598225,35.93538131,0.07829000055789948,0.07829000055789948,,,,,55521.60189815,-999.0,-0.6165650717683367,0.5248125622550441,0.586872462102799,130.77410266998098,19.249748931654594,188.0115357218448,44.31671055091986,-999,0,1,0,0,0,0,1,-999.0,-999.0,-999.0,-999.0,0,-999.0,-999.0,-999.0,-999.0,-999.0,0,-999.0,-999.0,-999.0,0,0,-999.0,-999.0,-999.0,-999.0,0,-999.0,-999.0,-999.0,-999.0,-999.0,0,-999.0,-999.0,-999.0,0,0,-999.0,-999.0,-999.0,-999.0,0,-999.0,-999.0,-999.0,-999.0,-999.0,0,-999.0,-999.0,-999.0,0,0,-999.0,-999.0,-999.0,-999.0,0,-999.0,-999.0,-999.0,-999.0,-999.0,0,-999.0,-999.0,-999.0,0,0,0.7445870041847229,18.924400329589844,0.07683800160884857,-999.0,1,18.924400329589844,18.924400329589844,-999.0,-999.0,-999.0,0,18.263399124145508,0.07683800160884857,-999.0,1,16781336,0.02463140005647518
PSO J139.5961+35.9377,-999,-999,-999,151121395960935903,3578835000023471,214022515350446,0,16486947609986,15112,1,2038,90,0.795179925668221,3578835,49831,3,268959744,0,32,-999.0,-999.0,-999.0,-999.0,139.59610383,35.93773506,0.1850699931383133,0.1850699931383133,,,,,55521.60189815,-999.0,-0.6165478259249346,0.524795626626057,0.5869057237933539,130.7734015096904,19.252009826616245,188.00826729605123,44.31699544980633,-999,0,1,0,0,0,0,1,-999.0,-999.0,-999.0,-999.0,0,-999.0,-999.0,-999.0,-999.0,-999.0,0,-999.0,-999.0,-999.0,0,0,-999.0,-999.0,-999.0,-999.0,0,-999.0,-999.0,-999.0,-999.0,-999.0,0,-999.0,-999.0,-999.0,0,0,-999.0,-999.0,-999.0,-999.0,0,-999.0,-999.0,-999.0,-999.0,-999.0,0,-999.0,-999.0,-999.0,0,0,-999.0,-999.0,-999.0,-999.0,0,-999.0,-999.0,-999.0,-999.0,-999.0,0,-999.0,-999.0,-999.0,0,0,0.6258929967880249,19.930099487304688,0.18445700407028198,-999.0,1,19.930099487304688,19.930099487304688,-999.0,-999.0,-999.0,0,19.726200103759766,0.18445700407028198,-999.0,1,4120,0.026985564809227116
PSO J139.5970+35.9339,-999,-999,-999,151121395969731255,3578835000023702,214022515350677,0,16486947606726,15112,1,2038,90,0.03406830693974,3578835,49831,3,268959744,0,32,-999.0,-999.0,-999.0,-999.0,139.59697375,35.93387573,-999.0,-999.0,,,,,-999.0,-999.0,-0.6165858968023944,0.5248118879366145,0.5868511856891774,130.77541971941486,19.248580523464383,188.01372242746578,44.31739131154214,-999,0,1,0,0,0,0,1,-999.0,-999.0,-999.0,-999.0,0,-999.0,-999.0,-999.0,-999.0,-999.0,0,-999.0,-999.0,-999.0,0,0,-999.0,-999.0,-999.0,-999.0,0,-999.0,-999.0,-999.0,-999.0,-999.0,0,-999.0,-999.0,-999.0,0,0,-999.0,-999.0,-999.0,-999.0,0,-999.0,-999.0,-999.0,-999.0,-999.0,0,-999.0,-999.0,-999.0,0,0,-999.0,-999.0,-999.0,-999.0,0,-999.0,-999.0,-999.0,-999.0,-999.0,0,-999.0,-999.0,-999.0,0,0,-999.0,-999.0,-999.0,-999.0,0,-999.0,-999.0,-999.0,-999.0,-999.0,0,-999.0,-999.0,-999.0,0,16,0.023142071698897076
PSO J139.5970+35.9398,-999,-999,-999,151121395969778347,3578835000187024,214022515515622,0,16486947617033,15112,1,2038,90,0.183750741354889,3578835,49831,3,404226048,0,48,139.5970126,35.93976746,0.0010000000474974513,0.0010000000474974513,139.5970126,35.93976746,0.0010000000474974513,0.0010000000474974513,,,,,55646.49783565,-999.0,-0.6165402956767807,0.5247723532666175,0.5869344435742412,130.77344894292997,19.254170849085554,188.00551719173595,44.31789009896901,-999,3,0,0,0,0,0,0,-999.0,-999.0,-999.0,-999.0,0,-999.0,-999.0,-999.0,-999.0,-999.0,0,-999.0,-999.0,-999.0,0,16416,-999.0,-999.0,-999.0,-999.0,0,-999.0,-999.0,-999.0,-999.0,-999.0,0,-999.0,-999.0,-999.0,0,114720,-999.0,-999.0,-999.0,-999.0,0,-999.0,-999.0,-999.0,-999.0,-999.0,0,-999.0,-999.0,-999.0,0,114720,-999.0,-999.0,-999.0,-999.0,0,-999.0,-999.0,-999.0,-999.0,-999.0,0,-999.0,-999.0,-999.0,0,114720,-999.0,-999.0,-999.0,-999.0,0,-999.0,-999.0,-999.0,-999.0,-999.0,0,-999.0,-999.0,-999.0,0,16416,0.02903144367883828
PSO J139.5973+35.9339,-999,-999,-999,151121395972521232,3578835000023780,214022515350755,0,16486947606729,15112,1,2038,90,0.82281014865526,3578835,49831,3,268513280,0,32,-999.0,-999.0,-999.0,-999.0,139.59729266,35.93385944,0.024240000173449516,0.024240000173449516,,,,,55250.27640046,-999.0,-0.616588944968901,0.5248085641380279,0.5868509554814739,130.7756843052189,19.248647943455307,188.01377377419465,44.31764742320442,-999,0,1,0,0,0,0,1,-999.0,-999.0,-999.0,-999.0,0,-999.0,-999.0,-999.0,-999.0,-999.0,0,-999.0,-999.0,-999.0,0,0,-999.0,-999.0,-999.0,-999.0,0,-999.0,-999.0,-999.0,-999.0,-999.0,0,-999.0,-999.0,-999.0,0,0,-999.0,-999.0,-999.0,-999.0,0,-999.0,-999.0,-999.0,-999.0,-999.0,0,-999.0,-999.0,-999.0,0,0,-999.0,-999.0,-999.0,-999.0,0,-999.0,-999.0,-999.0,-999.0,-999.0,0,-999.0,-999.0,-999.0,0,0,0.9977120161056519,15.617500305175781,0.01904500089585781,-999.0,1,15.617500305175781,15.617500305175781,15.843600273132324,0.03644999861717224,-999.0,1,15.879400253295898,0.01904500089585781,-999.0,1,16,0.02313694313727983
PSO J139.5975+35.9359,-999,-999,-999,151121395975213645,3578835000023849,214022515350824,0,16486947606863,15112,1,2038,90,0.328893981248973,3578835,49831,3,268959744,0,32,-999.0,-999.0,-999.0,-999.0,139.59752733,35.93585466,0.23673999309539795,0.23673999309539795,,,,,55651.26361111,-999.0,-0.6165755318539131,0.5247927927601955,0.5868791512620111,130.77519685051303,19.250598640911445,188.01101498520202,44.317995185750384,-999,0,1,0,0,0,0,1,-999.0,-999.0,-999.0,-999.0,0,-999.0,-999.0,-999.0,-999.0,-999.0,0,-999.0,-999.0,-999.0,0,0,-999.0,-999.0,-999.0,-999.0,0,-999.0,-999.0,-999.0,-999.0,-999.0,0,-999.0,-999.0,-999.0,0,0,-999.0,-999.0,-999.0,-999.0,0,-999.0,-999.0,-999.0,-999.0,-999.0,0,-999.0,-999.0,-999.0,0,0,-999.0,-999.0,-999.0,-999.0,0,-999.0,-999.0,-999.0,-999.0,-999.0,0,-999.0,-999.0,-999.0,0,0,0.5473440289497375,19.9867000579834,0.2362619936466217,-999.0,1,19.9867000579834,19.9867000579834,-999.0,-999.0,-999.0,0,20.21179962158203,0.2362619936466217,-999.0,1,4120,0.02513922423118766
PSO J139.5977+35.9330,-999,-999,-999,151121395976430207,3578835000023880,214022515350855,0,16486947561518,15112,1,2038,90,0.305685773776551,3578835,49831,3,268959744,0,32,-999.0,-999.0,-999.0,-999.0,139.59766588,35.9330135,0.23767000436782837,0.23767000436782837,,,,,56344.35071759,-999.0,-0.6165989615871856,0.5248101635796649,0.5868390007259995,130.77627495995125,19.24794368604995,188.01498591965262,44.31788150641259,-999,0,1,0,0,1,0,0,-999.0,-999.0,-999.0,-999.0,0,-999.0,-999.0,-999.0,-999.0,-999.0,0,-999.0,-999.0,-999.0,0,0,-999.0,-999.0,-999.0,-999.0,0,-999.0,-999.0,-999.0,-999.0,-999.0,0,-999.0,-999.0,-999.0,0,0,0.786037027835846,21.660600662231445,0.23720000684261322,-999.0,1,21.660600662231445,21.660600662231445,-999.0,-999.0,-999.0,0,22.39310073852539,0.23720000684261322,-999.0,1,4120,-999.0,-999.0,-999.0,-999.0,0,-999.0,-999.0,-999.0,-999.0,-999.0,0,-999.0,-999.0,-999.0,0,0,-999.0,-999.0,-999.0,-999.0,0,-999.0,-999.0,-999.0,-999.0,-999.0,0,-999.0,-999.0,-999.0,0,0,0.022309380287289852
PSO J139.5978+35.9409,-999,-999,-999,151121395976499713,3578835000023890,214022515350865,0,16486947618277,15112,1,2038,90,0.189349467111146,3578835,49831,3,310456320,0,37,-999.0,-999.0,-999.0,-999.0,139.59775118,35.94087982,0.050999999046325684,0.050999999046325684,,,,,55903.57219907,-999.0,-0.6165383827684277,0.5247570198844267,0.5869501619859281,130.77367080126632,19.255416261137444,188.00403361494526,44.3185743738579,-999,0,1,0,0,0,0,1,-999.0,-999.0,-999.0,-999.0,0,-999.0,-999.0,-999.0,-999.0,-999.0,0,-999.0,-999.0,-999.0,0,0,-999.0,-999.0,-999.0,-999.0,0,-999.0,-999.0,-999.0,-999.0,-999.0,0,-999.0,-999.0,-999.0,0,0,-999.0,-999.0,-999.0,-999.0,0,-999.0,-999.0,-999.0,-999.0,-999.0,0,-999.0,-999.0,-999.0,0,0,-999.0,-999.0,-999.0,-999.0,0,-999.0,-999.0,-999.0,-999.0,-999.0,0,-999.0,-999.0,-999.0,0,0,0.0,17.164499282836914,0.04874200001358986,-999.0,1,17.164499282836914,17.164499282836914,13.723699569702148,0.015471000224351883,-999.0,1,15.909099578857422,0.04874200001358986,-999.0,1,16777752,0.030167087777934087
PSO J139.5981+35.9338,-999,-999,-999,151121395980801195,3578835000023974,214022515350949,0,16486947606603,15112,1,2038,90,0.05513486271271,3578835,49831,3,268513280,0,32,-999.0,-999.0,-999.0,-999.0,139.59812122,35.93382862,0.028470000252127647,0.028470000252127647,,,,,55250.27640046,-999.0,-0.616596774604077,0.5247998521306697,0.586850519937979,130.77636781640206,19.248834004310446,188.01389114788867,44.31831374063937,-999,0,1,0,0,0,0,1,-999.0,-999.0,-999.0,-999.0,0,-999.0,-999.0,-999.0,-999.0,-999.0,0,-999.0,-999.0,-999.0,0,0,-999.0,-999.0,-999.0,-999.0,0,-999.0,-999.0,-999.0,-999.0,-999.0,0,-999.0,-999.0,-999.0,0,0,-999.0,-999.0,-999.0,-999.0,0,-999.0,-999.0,-999.0,-999.0,-999.0,0,-999.0,-999.0,-999.0,0,0,-999.0,-999.0,-999.0,-999.0,0,-999.0,-999.0,-999.0,-999.0,-999.0,0,-999.0,-999.0,-999.0,0,0,0.9983720183372498,15.86989974975586,0.024196000769734383,-999.0,1,15.86989974975586,15.86989974975586,16.426799774169922,0.06282400339841843,-999.0,1,16.7716007232666,0.024196000769734383,-999.0,1,16,0.023148613099449496
PSO J139.5981+35.9410,-999,-999,-999,151121395981359847,3578835000023988,214022515350963,0,16486947618156,15112,1,2038,90,0.139423691797465,3578835,49831,3,268959744,0,32,-999.0,-999.0,-999.0,-999.0,139.59812986,35.94100723,0.2773599922657013,0.2773599922657013,,,,,55651.25465278,-999.0,-0.616540857040523,0.5247520990699253,0.5869519623627174,130.7739350818142,19.25563530716642,188.00389005848365,44.31889009548949,-999,0,1,0,0,0,0,1,-999.0,-999.0,-999.0,-999.0,0,-999.0,-999.0,-999.0,-999.0,-999.0,0,-999.0,-999.0,-999.0,0,0,-999.0,-999.0,-999.0,-999.0,0,-999.0,-999.0,-999.0,-999.0,-999.0,0,-999.0,-999.0,-999.0,0,0,-999.0,-999.0,-999.0,-999.0,0,-999.0,-999.0,-999.0,-999.0,-999.0,0,-999.0,-999.0,-999.0,0,0,-999.0,-999.0,-999.0,-999.0,0,-999.0,-999.0,-999.0,-999.0,-999.0,0,-999.0,-999.0,-999.0,0,0,0.4979569911956787,20.124799728393555,0.27695199847221375,-999.0,1,20.124799728393555,20.124799728393555,-999.0,-999.0,-999.0,0,21.74850082397461,0.27695199847221375,-999.0,1,4120,0.03031106198669498
PSO J139.5983+35.9392,-999,-999,-999,151121395983487675,3578835000024038,214022515351013,0,16486947608040,15112,1,2038,90,0.594507725531708,3578835,49831,3,268959744,0,32,-999.0,-999.0,-999.0,-999.0,139.5983489,35.93922543,-999.0,-999.0,,,,,-999.0,-999.0,-0.6165567630149081,0.5247615724548129,0.5869267842374639,130.77471858914703,19.254004621318355,188.0063922882538,44.31892563631422,-999,0,1,0,0,0,0,1,-999.0,-999.0,-999.0,-999.0,0,-999.0,-999.0,-999.0,-999.0,-999.0,0,-999.0,-999.0,-999.0,0,0,-999.0,-999.0,-999.0,-999.0,0,-999.0,-999.0,-999.0,-999.0,-999.0,0,-999.0,-999.0,-999.0,0,0,-999.0,-999.0,-999.0,-999.0,0,-999.0,-999.0,-999.0,-999.0,-999.0,0,-999.0,-999.0,-999.0,0,0,-999.0,-999.0,-999.0,-999.0,0,-999.0,-999.0,-999.0,-999.0,-999.0,0,-999.0,-999.0,-999.0,0,0,-999.0,-999.0,-999.0,-999.0,0,-999.0,-999.0,-999.0,-999.0,-999.0,0,-999.0,-999.0,-999.0,0,24,0.028544399411159795
PSO J139.5984+35.9332,-999,-999,-999,151121395983630404,3578835000024037,214022515351012,0,16486947561720,15112,1,2038,90,0.106844063947763,3578835,49831,3,268959744,0,32,-999.0,-999.0,-999.0,-999.0,139.598384,35.93317882,0.2729400098323822,0.2729400098323822,,,,,56344.36663194,-999.0,-0.6166042498293224,0.5248013378901188,0.5868413370248894,130.77680210669956,19.248286827798196,188.01482010515588,44.318474259684805,-999,0,1,0,0,1,0,0,-999.0,-999.0,-999.0,-999.0,0,-999.0,-999.0,-999.0,-999.0,-999.0,0,-999.0,-999.0,-999.0,0,0,-999.0,-999.0,-999.0,-999.0,0,-999.0,-999.0,-999.0,-999.0,-999.0,0,-999.0,-999.0,-999.0,0,0,0.7294510006904602,21.723800659179688,0.2725270092487335,-999.0,1,21.723800659179688,21.723800659179688,-999.0,-999.0,-999.0,0,22.507600784301758,0.2725270092487335,-999.0,1,4120,-999.0,-999.0,-999.0,-999.0,0,-999.0,-999.0,-999.0,-999.0,-999.0,0,-999.0,-999.0,-999.0,0,0,-999.0,-999.0,-999.0,-999.0,0,-999.0,-999.0,-999.0,-999.0,-999.0,0,-999.0,-999.0,-999.0,0,0,0.02251884633675274
PSO J139.5985+35.9402,-999,-999,-999,151121395984198882,3578835000024054,214022515351029,0,16486947615472,15112,1,2038,90,0.229306158823246,3578835,49831,3,277348352,0,33,-999.0,-999.0,-999.0,-999.0,139.59851009,35.94016635,0.04966999962925911,0.04966999962925911,,,,,55903.56032407,-999.0,-0.6165508992377384,0.524753590665257,0.5869400801896698,130.77452972234843,19.254937664912273,188.00509576301093,44.31913032215326,-999,0,1,0,0,0,0,1,-999.0,-999.0,-999.0,-999.0,0,-999.0,-999.0,-999.0,-999.0,-999.0,0,-999.0,-999.0,-999.0,0,0,-999.0,-999.0,-999.0,-999.0,0,-999.0,-999.0,-999.0,-999.0,-999.0,0,-999.0,-999.0,-999.0,0,0,-999.0,-999.0,-999.0,-999.0,0,-999.0,-999.0,-999.0,-999.0,-999.0,0,-999.0,-999.0,-999.0,0,0,-999.0,-999.0,-999.0,-999.0,0,-999.0,-999.0,-999.0,-999.0,-999.0,0,-999.0,-999.0,-999.0,0,0,0.0,17.009700775146484,0.047352999448776245,-999.0,1,17.009700775146484,17.009700775146484,13.50100040435791,0.013181000016629696,-999.0,1,16.802000045776367,0.047352999448776245,-999.0,1,16781336,0.029492184688235563
PSO J139.5986+35.9366,-999,-999,-999,151121395985774529,3578835000024086,214022515351061,0,16486947610367,15112,1,2038,90,0.697748247252543,3578835,49831,3,268959744,0,32,-999.0,-999.0,-999.0,-999.0,139.59858021,35.93658539,0.25637000799179077,0.25637000799179077,,,,,55650.25525463,-999.0,-0.61657947553057,0.5247766110794623,0.5868894775154876,130.77580374149792,19.251564260514055,188.01009140398367,44.31890295892486,-999,0,1,0,0,0,1,0,-999.0,-999.0,-999.0,-999.0,0,-999.0,-999.0,-999.0,-999.0,-999.0,0,-999.0,-999.0,-999.0,0,0,-999.0,-999.0,-999.0,-999.0,0,-999.0,-999.0,-999.0,-999.0,-999.0,0,-999.0,-999.0,-999.0,0,0,-999.0,-999.0,-999.0,-999.0,0,-999.0,-999.0,-999.0,-999.0,-999.0,0,-999.0,-999.0,-999.0,0,0,0.5553730130195618,21.281999588012695,0.25593000650405884,-999.0,1,21.281999588012695,21.281999588012695,-999.0,-999.0,-999.0,0,22.09910011291504,0.25593000650405884,-999.0,1,4120,-999.0,-999.0,-999.0,-999.0,0,-999.0,-999.0,-999.0,-999.0,-999.0,0,-999.0,-999.0,-999.0,0,0,0.025926398761107132
PSO J139.5990+35.9378,-999,-999,-999,151121395989466091,3578835000024178,214022515351153,0,16486947608326,15112,1,2038,90,0.928188759766695,3578835,49831,3,268959744,0,32,-999.0,-999.0,-999.0,-999.0,139.59903932,35.93783259,0.05914999917149544,0.05914999917149544,,,,,55903.57219907,-999.0,-0.6165739516777177,0.5247633902343545,0.5869071020036051,130.7757527828887,19.25286478794579,188.00839488816868,44.319372431230825,-999,0,1,0,0,0,0,1,-999.0,-999.0,-999.0,-999.0,0,-999.0,-999.0,-999.0,-999.0,-999.0,0,-999.0,-999.0,-999.0,0,0,-999.0,-999.0,-999.0,-999.0,0,-999.0,-999.0,-999.0,-999.0,-999.0,0,-999.0,-999.0,-999.0,0,0,-999.0,-999.0,-999.0,-999.0,0,-999.0,-999.0,-999.0,-999.0,-999.0,0,-999.0,-999.0,-999.0,0,0,-999.0,-999.0,-999.0,-999.0,0,-999.0,-999.0,-999.0,-999.0,-999.0,0,-999.0,-999.0,-999.0,0,0,0.0,17.474000930786133,0.05722000077366829,-999.0,1,17.474000930786133,17.474000930786133,17.938100814819336,0.08411099761724472,-999.0,1,18.08989906311035,0.05722000077366829,-999.0,1,4120,0.027201644396382618
PSO J139.5990+35.9357,-999,-999,-999,151121395989993473,3578835000024184,214022515351159,0,16486947606834,15112,1,2038,90,0.144364438154143,3578835,49831,3,268959744,0,32,-999.0,-999.0,-999.0,-999.0,139.59900579,35.93571201,0.23853999376296997,0.23853999376296997,,,,,55651.26361111,-999.0,-0.6165901861102651,0.5247778294982937,0.5868771354036281,130.7764462627038,19.25084762027363,188.01134648845343,44.31917716610219,-999,0,1,0,0,0,0,1,-999.0,-999.0,-999.0,-999.0,0,-999.0,-999.0,-999.0,-999.0,-999.0,0,-999.0,-999.0,-999.0,0,0,-999.0,-999.0,-999.0,-999.0,0,-999.0,-999.0,-999.0,-999.0,-999.0,0,-999.0,-999.0,-999.0,0,0,-999.0,-999.0,-999.0,-999.0,0,-999.0,-999.0,-999.0,-999.0,-999.0,0,-999.0,-999.0,-999.0,0,0,-999.0,-999.0,-999.0,-999.0,0,-999.0,-999.0,-999.0,-999.0,-999.0,0,-999.0,-999.0,-999.0,0,0,0.5861219763755798,20.013900756835938,0.23806500434875488,-999.0,1,20.013900756835938,20.013900756835938,-999.0,-999.0,-999.0,0,20.00349998474121,0.23806500434875488,-999.0,1,4120,0.025088395196028537
PSO J139.5991+35.9342,-999,-999,-999,151121395991201691,3578835000024208,214022515351183,0,16486947562104,15112,1,2038,90,0.923996844258156,3578835,49831,3,268959744,0,32,-999.0,-999.0,-999.0,-999.0,139.59912674,35.93422752,0.24537000060081482,0.24537000060081482,,,,,55651.26361111,-999.0,-0.6166028731458105,0.5247863829033116,0.5868561571182417,130.77704902851067,19.249473041347972,188.0134256849949,44.319156995340386,-999,0,1,0,0,0,0,1,-999.0,-999.0,-999.0,-999.0,0,-999.0,-999.0,-999.0,-999.0,-999.0,0,-999.0,-999.0,-999.0,0,0,-999.0,-999.0,-999.0,-999.0,0,-999.0,-999.0,-999.0,-999.0,-999.0,0,-999.0,-999.0,-999.0,0,0,-999.0,-999.0,-999.0,-999.0,0,-999.0,-999.0,-999.0,-999.0,-999.0,0,-999.0,-999.0,-999.0,0,0,-999.0,-999.0,-999.0,-999.0,0,-999.0,-999.0,-999.0,-999.0,-999.0,0,-999.0,-999.0,-999.0,0,0,0.7591310143470764,20.0310001373291,0.24490800499916077,-999.0,1,20.0310001373291,20.0310001373291,-999.0,-999.0,-999.0,0,21.45039939880371,0.24490800499916077,-999.0,1,4120,0.023622488865580625
PSO J139.5996+35.9343,-999,-999,-999,151121395995491871,3578835000024319,214022515351294,0,16486947562189,15112,1,2038,90,0.637151186016529,3578835,49831,3,436527104,7,52,139.5995734,35.93433992,0.0010000000474974513,0.0010000000474974513,139.59959132769222,35.93434065016397,0.003088450025417845,0.0030945593111669127,-13.03865870566094,-20.658791194355594,1.5590444504150935,1.5654481175164998,56014.53054056689,2.619464159011841,-0.6166062459767857,0.5247806320970378,0.5868577558474022,130.7773807139009,19.249681549787567,188.0133308388371,44.31952703387226,-999,5,143,29,31,43,24,16,0.9997109770774841,21.442899703979492,0.027008000761270523,0.14433500170707703,26,21.279600143432617,21.770099639892578,21.50119972229004,0.06846199929714203,0.34746500849723816,26,21.555599212646484,0.07165200263261795,0.4001840054988861,26,115000,0.9996489882469177,20.45050048828125,0.008719000034034252,0.05221400037407875,27,20.350900650024414,20.594600677490234,20.521699905395508,0.03249200060963631,0.15335200726985931,28,20.443099975585938,0.022670000791549683,0.14761100709438324,28,115000,0.9997149705886841,19.946399688720703,0.012620000168681145,0.10675700008869171,41,19.789400100708008,20.252099990844727,20.025699615478516,0.020143000409007072,0.17462599277496338,41,19.927499771118164,0.01961500011384487,0.2299720048904419,42,115000,0.9994440078735352,19.72450065612793,0.012536000460386276,0.09503600001335144,24,19.527099609375,19.87150001525879,19.83289909362793,0.03312300145626068,0.18813900649547577,24,19.760400772094727,0.02434300072491169,0.16120100021362305,24,115000,0.9991509914398193,19.57469940185547,0.05344000086188316,0.19588300585746765,16,19.16990089416504,19.8439998626709,19.63680076599121,0.07465600222349167,0.3090510070323944,15,19.620899200439453,0.07508499920368195,0.3213370144367218,16,115000,0.02377928832027174
PSO J139.5997+35.9359,-999,-999,-999,151121395996963704,3578835000024354,214022515351329,0,16486947606784,15112,1,2038,90,0.92676179104183,3578835,49831,3,268959744,0,32,-999.0,-999.0,-999.0,-999.0,139.59974434,35.93591703,0.32036998867988586,0.32036998867988586,,,,,55985.31829861,-999.0,-0.6165953512792447,0.524768520460577,0.5868800326424829,130.77697649644324,19.251233670481884,188.01112713949183,44.319789531507816,-999,0,1,0,0,1,0,0,-999.0,-999.0,-999.0,-999.0,0,-999.0,-999.0,-999.0,-999.0,-999.0,0,-999.0,-999.0,-999.0,0,0,-999.0,-999.0,-999.0,-999.0,0,-999.0,-999.0,-999.0,-999.0,-999.0,0,-999.0,-999.0,-999.0,0,0,0.44244199991226196,22.00659942626953,0.3200179934501648,-999.0,1,22.00659942626953,22.00659942626953,-999.0,-999.0,-999.0,0,22.550800323486328,0.3200179934501648,-999.0,1,4112,-999.0,-999.0,-999.0,-999.0,0,-999.0,-999.0,-999.0,-999.0,-999.0,0,-999.0,-999.0,-999.0,0,0,-999.0,-999.0,-999.0,-999.0,0,-999.0,-999.0,-999.0,-999.0,-999.0,0,-999.0,-999.0,-999.0,0,0,0.02535884749692982
PSO J139.5999+35.9334,-999,-999,-999,151121395998400665,3578835000024396,214022515351371,0,16486947562460,15112,1,2038,90,0.707461171511059,3578835,49831,3,268959744,0,32,-999.0,-999.0,-999.0,-999.0,139.59986341,35.93339497,0.21164999902248383,0.21164999902248383,,,,,56344.35071759,-999.0,-0.6166161143439357,0.5247839817737082,0.5868443916449392,130.77793037256345,19.24887589557442,188.01465184478266,44.319685516867814,-999,0,1,0,0,1,0,0,-999.0,-999.0,-999.0,-999.0,0,-999.0,-999.0,-999.0,-999.0,-999.0,0,-999.0,-999.0,-999.0,0,0,-999.0,-999.0,-999.0,-999.0,0,-999.0,-999.0,-999.0,-999.0,-999.0,0,-999.0,-999.0,-999.0,0,0,0.7505409717559814,21.504199981689453,0.21111999452114105,-999.0,1,21.504199981689453,21.504199981689453,-999.0,-999.0,-999.0,0,22.632600784301758,0.21111999452114105,-999.0,1,4120,-999.0,-999.0,-999.0,-999.0,0,-999.0,-999.0,-999.0,-999.0,-999.0,0,-999.0,-999.0,-999.0,0,0,-999.0,-999.0,-999.0,-999.0,0,-999.0,-999.0,-999.0,-999.0,-999.0,0,-999.0,-999.0,-999.0,0,0,0.022871300814089866
PSO J139.5999+35.9330,-999,-999,-999,151121395999120167,3578835000024414,214022515351389,0,16486947562396,15112,1,2038,90,0.0207853540971739,3578835,49831,3,268959744,0,32,-999.0,-999.0,-999.0,-999.0,139.59993594,35.93298342,0.22413000464439392,0.22413000464439392,,,,,56344.37971065,-999.0,-0.6166199887132187,0.5247859331816925,0.5868385756355238,130.77812915750096,19.24850494881671,188.01523177548736,44.319711393784196,-999,0,1,0,1,0,0,0,-999.0,-999.0,-999.0,-999.0,0,-999.0,-999.0,-999.0,-999.0,-999.0,0,-999.0,-999.0,-999.0,0,0,0.7246639728546143,21.544300079345703,0.22363199293613434,-999.0,1,21.544300079345703,21.544300079345703,-999.0,-999.0,-999.0,0,22.216800689697266,0.22363199293613434,-999.0,1,4120,-999.0,-999.0,-999.0,-999.0,0,-999.0,-999.0,-999.0,-999.0,-999.0,0,-999.0,-999.0,-999.0,0,0,-999.0,-999.0,-999.0,-999.0,0,-999.0,-999.0,-999.0,-999.0,-999.0,0,-999.0,-999.0,-999.0,0,0,-999.0,-999.0,-999.0,-999.0,0,-999.0,-999.0,-999.0,-999.0,-999.0,0,-999.0,-999.0,-999.0,0,0,0.022472366284537543
PSO J139.6006+35.9357,-999,-999,-999,151121396005523417,3578835000024581,214022515351556,0,16486947564862,15112,1,2038,90,0.309468719465163,3578835,49831,3,268959744,0,32,-999.0,-999.0,-999.0,-999.0,139.60055935,35.93566525,0.30849000811576843,0.30849000811576843,,,,,55651.26361111,-999.0,-0.6166047798455564,0.5247614210442134,0.5868764746139266,130.77772408921297,19.25120694033332,188.01155111595403,44.320427372844605,-999,0,1,0,0,0,0,1,-999.0,-999.0,-999.0,-999.0,0,-999.0,-999.0,-999.0,-999.0,-999.0,0,-999.0,-999.0,-999.0,0,0,-999.0,-999.0,-999.0,-999.0,0,-999.0,-999.0,-999.0,-999.0,-999.0,0,-999.0,-999.0,-999.0,0,0,-999.0,-999.0,-999.0,-999.0,0,-999.0,-999.0,-999.0,-999.0,-999.0,0,-999.0,-999.0,-999.0,0,0,-999.0,-999.0,-999.0,-999.0,0,-999.0,-999.0,-999.0,-999.0,-999.0,0,-999.0,-999.0,-999.0,0,0,0.5485029816627502,20.12579917907715,0.30812299251556396,-999.0,1,20.12579917907715,20.12579917907715,-999.0,-999.0,-999.0,0,21.38330078125,0.30812299251556396,-999.0,1,4120,0.025199333773785304
PSO J139.6010+35.9357,-999,-999,-999,151121396009373665,3578835000024677,214022515351652,0,16486947565009,15112,1,2038,90,0.197313197140874,3578835,49831,3,302067712,0,36,-999.0,-999.0,-999.0,-999.0,139.60101593,35.93566053,0.20804999768733978,0.20804999768733978,,,,,55985.31829861,-999.0,-0.6166089983758939,0.5247565387461478,0.5868764079131479,130.7780965667009,19.251321089246577,188.0115986795827,44.320795515697604,-999,0,2,0,0,1,0,1,-999.0,-999.0,-999.0,-999.0,0,-999.0,-999.0,-999.0,-999.0,-999.0,0,-999.0,-999.0,-999.0,0,0,-999.0,-999.0,-999.0,-999.0,0,-999.0,-999.0,-999.0,-999.0,-999.0,0,-999.0,-999.0,-999.0,0,0,0.8983610272407532,21.904699325561523,0.20750699937343597,-999.0,1,21.904699325561523,21.904699325561523,21.16189956665039,0.19150200486183167,-999.0,1,21.413000106811523,0.20750699937343597,-999.0,1,272,-999.0,-999.0,-999.0,-999.0,0,-999.0,-999.0,-999.0,-999.0,-999.0,0,-999.0,-999.0,-999.0,0,0,0.54755699634552,19.962099075317383,0.23934200406074524,-999.0,1,19.962099075317383,19.962099075317383,-999.0,-999.0,-999.0,0,21.11590003967285,0.23934200406074524,-999.0,1,4120,0.02525268566158554
PSO J139.6014+35.9333,-999,-999,-999,151121396013610554,3578835000024770,214022515351745,0,16486947561838,15112,1,2038,90,0.412599061068705,3578835,49831,3,302067712,0,36,-999.0,-999.0,-999.0,-999.0,139.60141153,35.9332981,0.1672399938106537,0.1672399938106537,,,,,56032.27366898,-999.0,-0.616631049269041,0.5247679637744674,0.5868430226843979,130.77922083250178,19.249186354022683,188.0149258648259,44.32092738835231,-999,0,1,1,0,0,0,0,0.3496379852294922,21.735599517822266,0.1665640026330948,-999.0,1,21.735599517822266,21.735599517822266,21.53569984436035,0.2607960104942322,-999.0,1,21.446699142456055,0.1665640026330948,-999.0,1,536,-999.0,-999.0,-999.0,-999.0,0,-999.0,-999.0,-999.0,-999.0,-999.0,0,-999.0,-999.0,-999.0,0,0,-999.0,-999.0,-999.0,-999.0,0,-999.0,-999.0,-999.0,-999.0,-999.0,0,-999.0,-999.0,-999.0,0,0,-999.0,-999.0,-999.0,-999.0,0,-999.0,-999.0,-999.0,-999.0,-999.0,0,-999.0,-999.0,-999.0,0,0,-999.0,-999.0,-999.0,-999.0,0,-999.0,-999.0,-999.0,-999.0,-999.0,0,-999.0,-999.0,-999.0,0,0,0.022985606227098825
PSO J139.6019+35.9341,-999,-999,-999,151121396018391559,3578835000024865,214022515351840,0,16486947565338,15112,1,2038,90,0.0853524618645687,3578835,49831,3,310456320,0,37,-999.0,-999.0,-999.0,-999.0,139.60189095,35.93413357,0.17899000644683838,0.17899000644683838,,,,,56032.28560185,-999.0,-0.6166289233595446,0.5247572582089438,0.5868548294369578,130.77932631174207,19.25010220383754,188.01380481994482,44.32138064108889,-999,0,1,1,0,0,0,0,0.39917299151420593,21.726900100708008,0.1783600002527237,-999.0,1,21.726900100708008,21.726900100708008,21.299299240112305,0.2384759932756424,-999.0,1,20.972299575805664,0.1783600002527237,-999.0,1,16777744,-999.0,-999.0,-999.0,-999.0,0,-999.0,-999.0,-999.0,-999.0,-999.0,0,-999.0,-999.0,-999.0,0,0,-999.0,-999.0,-999.0,-999.0,0,-999.0,-999.0,-999.0,-999.0,-999.0,0,-999.0,-999.0,-999.0,0,0,-999.0,-999.0,-999.0,-999.0,0,-999.0,-999.0,-999.0,-999.0,-999.0,0,-999.0,-999.0,-999.0,0,0,-999.0,-999.0,-999.0,-999.0,0,-999.0,-999.0,-999.0,-999.0,-999.0,0,-999.0,-999.0,-999.0,0,0,0.023881557970102607
PSO J139.6020+35.9410,-999,-999,-999,151121396019709785,3578835000024902,214022515351877,0,16486947612857,15112,1,2038,90,0.367936467163206,3578835,49831,3,268959744,0,32,-999.0,-999.0,-999.0,-999.0,139.60199395,35.94098616,0.2856299877166748,0.2856299877166748,,,,,55249.28607639,-999.0,-0.6165764098735511,0.5247106575757353,0.5869516646316647,130.7770808617796,19.256619191850163,188.00426590424541,44.32200704096739,-999,0,1,0,0,1,0,0,-999.0,-999.0,-999.0,-999.0,0,-999.0,-999.0,-999.0,-999.0,-999.0,0,-999.0,-999.0,-999.0,0,0,-999.0,-999.0,-999.0,-999.0,0,-999.0,-999.0,-999.0,-999.0,-999.0,0,-999.0,-999.0,-999.0,0,0,0.7763280272483826,21.166099548339844,0.2852340042591095,-999.0,1,21.166099548339844,21.166099548339844,-999.0,-999.0,-999.0,1,21.14699935913086,0.2852340042591095,-999.0,1,4120,-999.0,-999.0,-999.0,-999.0,0,-999.0,-999.0,-999.0,-999.0,-999.0,0,-999.0,-999.0,-999.0,0,0,-999.0,-999.0,-999.0,-999.0,0,-999.0,-999.0,-999.0,-999.0,-999.0,0,-999.0,-999.0,-999.0,0,0,0.03063620445784455
PSO J139.6020+35.9393,-999,-999,-999,151121396019717740,3578835000024900,214022515351875,0,16486947607613,15112,1,2038,90,0.294313341653266,3578835,49831,3,268959744,0,32,-999.0,-999.0,-999.0,-999.0,139.60195194,35.93930725,0.23115000128746033,0.23115000128746033,,,,,55250.35140046,-999.0,-0.6165891230795882,0.52472225610077,0.5869279404257923,130.77761739780814,19.2550181505237,188.0066014885739,44.32184010675148,-999,0,1,1,0,0,0,0,0.8235070109367371,21.601200103759766,0.23066599667072296,-999.0,1,21.601200103759766,21.601200103759766,-999.0,-999.0,-999.0,1,21.955799102783203,0.23066599667072296,-999.0,1,4120,-999.0,-999.0,-999.0,-999.0,0,-999.0,-999.0,-999.0,-999.0,-999.0,0,-999.0,-999.0,-999.0,0,0,-999.0,-999.0,-999.0,-999.0,0,-999.0,-999.0,-999.0,-999.0,-999.0,0,-999.0,-999.0,-999.0,0,0,-999.0,-999.0,-999.0,-999.0,0,-999.0,-999.0,-999.0,-999.0,-999.0,0,-999.0,-999.0,-999.0,0,0,-999.0,-999.0,-999.0,-999.0,0,-999.0,-999.0,-999.0,-999.0,-999.0,0,-999.0,-999.0,-999.0,0,0,0.028974714837015126
PSO J139.6023+35.9365,-999,-999,-999,151121396022624376,3578835000024960,214022515351935,0,16486947564325,15112,1,2038,90,0.896203257978152,3578835,49831,3,268959744,0,32,-999.0,-999.0,-999.0,-999.0,139.60226911,35.93648736,0.1294099986553192,0.1294099986553192,,,,,55918.62197917,-999.0,-0.6166140258948984,0.5247375632472226,0.5868880922178031,130.7788334797672,19.252429777522348,188.01055909106023,44.32187255833747,-999,0,1,0,1,0,0,0,-999.0,-999.0,-999.0,-999.0,0,-999.0,-999.0,-999.0,-999.0,-999.0,0,-999.0,-999.0,-999.0,0,0,0.5864250063896179,21.399700164794922,0.1285340040922165,-999.0,1,21.399700164794922,21.399700164794922,-999.0,-999.0,-999.0,0,21.340700149536133,0.1285340040922165,-999.0,1,4120,-999.0,-999.0,-999.0,-999.0,0,-999.0,-999.0,-999.0,-999.0,-999.0,0,-999.0,-999.0,-999.0,0,0,-999.0,-999.0,-999.0,-999.0,0,-999.0,-999.0,-999.0,-999.0,-999.0,0,-999.0,-999.0,-999.0,0,0,-999.0,-999.0,-999.0,-999.0,0,-999.0,-999.0,-999.0,-999.0,-999.0,0,-999.0,-999.0,-999.0,0,0,0.026249068799070685
PSO J139.6023+35.9337,-999,-999,-999,151121396022721075,3578835000024961,214022515351936,0,16486947565262,15112,1,2038,90,0.598629031887864,3578835,49831,3,268959744,0,32,-999.0,-999.0,-999.0,-999.0,139.60229609,35.93373696,0.20337000489234924,0.20337000489234924,,,,,56344.35071759,-999.0,-0.6166357276026253,0.5247555307153169,0.5868492246119671,130.77979020298454,19.2498318243315,188.0143938167632,44.32167617979473,-999,0,1,0,0,1,0,0,-999.0,-999.0,-999.0,-999.0,0,-999.0,-999.0,-999.0,-999.0,-999.0,0,-999.0,-999.0,-999.0,0,0,-999.0,-999.0,-999.0,-999.0,0,-999.0,-999.0,-999.0,-999.0,-999.0,0,-999.0,-999.0,-999.0,0,0,0.8041970133781433,21.537700653076172,0.20282100141048431,-999.0,1,21.537700653076172,21.537700653076172,-999.0,-999.0,-999.0,0,21.649700164794922,0.20282100141048431,-999.0,1,4120,-999.0,-999.0,-999.0,-999.0,0,-999.0,-999.0,-999.0,-999.0,-999.0,0,-999.0,-999.0,-999.0,0,0,-999.0,-999.0,-999.0,-999.0,0,-999.0,-999.0,-999.0,-999.0,-999.0,0,-999.0,-999.0,-999.0,0,0,0.023563298344634692
PSO J139.6026+35.9331,-999,-999,-999,151121396024810384,3578835000025008,214022515351983,0,16486947565289,15112,1,2038,90,0.90121437041202,3578835,49831,3,268959744,0,32,-999.0,-999.0,-999.0,-999.0,139.60256221,35.93309398,0.33000001311302185,0.33000001311302185,,,,,55903.56032407,-999.0,-0.6166431803205709,0.5247569347003095,0.5868401380683389,130.78022490468166,19.249291984501884,188.01531361631103,44.321839960474264,-999,0,1,0,0,0,0,1,-999.0,-999.0,-999.0,-999.0,0,-999.0,-999.0,-999.0,-999.0,-999.0,0,-999.0,-999.0,-999.0,0,0,-999.0,-999.0,-999.0,-999.0,0,-999.0,-999.0,-999.0,-999.0,-999.0,0,-999.0,-999.0,-999.0,0,0,-999.0,-999.0,-999.0,-999.0,0,-999.0,-999.0,-999.0,-999.0,-999.0,0,-999.0,-999.0,-999.0,0,0,-999.0,-999.0,-999.0,-999.0,0,-999.0,-999.0,-999.0,-999.0,-999.0,0,-999.0,-999.0,-999.0,0,0,0.0,8.899979591369629,0.009680000133812428,-999.0,1,8.899979591369629,8.899979591369629,15.05109977722168,0.016482999548316002,-999.0,1,21.747299194335938,0.009680000133812428,-999.0,1,24,0.022986111609586895
PSO J139.6026+35.9367,-999,-999,-999,151121396026294705,3578835000025040,214022515352015,0,16486947564311,15112,1,2038,90,0.0710679889387153,3578835,49831,3,503635968,7,60,139.60261978,35.93674254,0.0010000000474974513,0.0010000000474974513,139.60264307176922,35.936740491947546,0.0012570948800122701,0.0012555972577099862,-5.03033769838981,-2.959223942539518,0.6193677818318336,0.6187857796188742,56051.77114365093,3.723623275756836,-0.6166154761242636,0.5247318582797079,0.5868916693141694,130.7790478071853,19.252754242119266,188.01025414431663,44.32218660072639,-999,5,151,32,28,42,21,28,0.9996950030326843,20.376100540161133,0.011667000129818916,0.06994199752807617,25,20.2268009185791,20.545299530029297,20.44420051574707,0.01837499998509884,0.10729099810123444,25,20.342599868774414,0.02175999991595745,0.12953299283981323,25,115000,0.9996410012245178,19.18199920654297,0.00724400021135807,0.03212499991059303,22,19.11009979248047,19.237699508666992,19.203500747680664,0.006916999816894531,0.03612900152802467,22,19.126300811767578,0.006812999956309795,0.03517400100827217,22,115000,0.9994800090789795,18.474199295043945,0.0052919997833669186,0.03207100182771683,36,18.406700134277344,18.555500030517578,18.4778995513916,0.006897000130265951,0.05542200058698654,36,18.398500442504883,0.004645000211894512,0.04896099865436554,36,115000,0.9994140267372131,18.1643009185791,0.00711800018325448,0.028603000566363335,16,18.109600067138672,18.200199127197266,18.14229965209961,0.00841199979186058,0.04676499962806702,18,18.05780029296875,0.009197999723255634,0.038242001086473465,18,16892216,0.9996539950370789,18.002500534057617,0.011158999986946583,0.09011700004339218,26,17.64889907836914,18.11949920654297,18.014699935913086,0.026895999908447266,0.1349940001964569,26,17.918500900268555,0.01760300062596798,0.1538189947605133,26,115000,0.02655791889558737
PSO J139.6027+35.9339,-999,-999,-999,151121396026701263,3578835000025052,214022515352027,0,16486947565149,15112,1,2038,90,0.576546061389657,3578835,49831,3,268959744,0,32,-999.0,-999.0,-999.0,-999.0,139.60269169,35.933894,0.253030002117157,0.253030002117157,,,,,56344.36663194,-999.0,-0.6166381258080431,0.5247502306987599,0.5868514438778712,130.78005817315528,19.250083341290832,188.014210524786,44.32200794478125,-999,0,1,0,0,1,0,0,-999.0,-999.0,-999.0,-999.0,0,-999.0,-999.0,-999.0,-999.0,-999.0,0,-999.0,-999.0,-999.0,0,0,-999.0,-999.0,-999.0,-999.0,0,-999.0,-999.0,-999.0,-999.0,-999.0,0,-999.0,-999.0,-999.0,0,0,0.6818569898605347,21.576799392700195,0.2525880038738251,-999.0,1,21.576799392700195,21.576799392700195,-999.0,-999.0,-999.0,0,22.976499557495117,0.2525880038738251,-999.0,1,4120,-999.0,-999.0,-999.0,-999.0,0,-999.0,-999.0,-999.0,-999.0,-999.0,0,-999.0,-999.0,-999.0,0,0,-999.0,-999.0,-999.0,-999.0,0,-999.0,-999.0,-999.0,-999.0,-999.0,0,-999.0,-999.0,-999.0,0,0,0.023788542036896357
PSO J139.6027+35.9372,-999,-999,-999,151121396027155203,3578835000025067,214022515352042,0,16486947564532,15112,1,2038,90,0.776582536079532,3578835,49831,3,268959744,0,32,-999.0,-999.0,-999.0,-999.0,139.60273192,35.93717649,0.2203499972820282,0.2203499972820282,,,,,55521.6127662,-999.0,-0.6166128886272556,0.524728007732937,0.586897830528768,130.77897518257407,19.25320270661012,188.00964040400947,44.32230073815941,-999,0,1,0,0,0,0,1,-999.0,-999.0,-999.0,-999.0,0,-999.0,-999.0,-999.0,-999.0,-999.0,0,-999.0,-999.0,-999.0,0,0,-999.0,-999.0,-999.0,-999.0,0,-999.0,-999.0,-999.0,-999.0,-999.0,0,-999.0,-999.0,-999.0,0,0,-999.0,-999.0,-999.0,-999.0,0,-999.0,-999.0,-999.0,-999.0,-999.0,0,-999.0,-999.0,-999.0,0,0,-999.0,-999.0,-999.0,-999.0,0,-999.0,-999.0,-999.0,-999.0,-999.0,0,-999.0,-999.0,-999.0,0,0,0.7135869860649109,20.123300552368164,0.21983599662780762,-999.0,1,20.123300552368164,20.123300552368164,-999.0,-999.0,-999.0,1,20.802799224853516,0.21983599662780762,-999.0,1,4120,0.02699939864378103
PSO J139.6027+35.9334,-999,-999,-999,151121396027310744,3578835000025069,214022515352044,0,16486947565160,15112,1,2038,90,0.728314583868081,3578835,49831,3,268513280,0,32,-999.0,-999.0,-999.0,-999.0,139.60273382,35.93343796,0.02087000012397766,0.02087000012397766,,,,,56795.24583333,-999.0,-0.6166420689195061,0.5247528044522063,0.5868449991762864,130.78024739301028,19.249662361826996,188.01484973818447,44.32200576843396,-999,0,2,0,1,0,0,1,-999.0,-999.0,-999.0,-999.0,0,-999.0,-999.0,-999.0,-999.0,-999.0,0,-999.0,-999.0,-999.0,0,0,0.6713650226593018,21.547000885009766,0.24110999703407288,-999.0,1,21.547000885009766,21.547000885009766,-999.0,-999.0,-999.0,0,23.908300399780273,0.24110999703407288,-999.0,1,4120,-999.0,-999.0,-999.0,-999.0,0,-999.0,-999.0,-999.0,-999.0,-999.0,0,-999.0,-999.0,-999.0,0,0,-999.0,-999.0,-999.0,-999.0,0,-999.0,-999.0,-999.0,-999.0,-999.0,0,-999.0,-999.0,-999.0,0,0,0.9971629977226257,17.552600860595703,0.014511999674141407,-999.0,1,17.552600860595703,17.552600860595703,18.671899795532227,0.05605899915099144,-999.0,1,18.550600051879883,0.014511999674141407,-999.0,1,24,0.023353161617150675
PSO J139.6030+35.9408,-999,-999,-999,151121396029499621,3578835000025129,214022515352104,0,16486947612916,15112,1,2038,90,0.108488819662937,3578835,49831,3,268959744,0,32,-999.0,-999.0,-999.0,-999.0,139.60295419,35.94083879,0.291810005903244,0.291810005903244,,,,,55250.29849537,-999.0,-0.6165863533341676,0.5247013024838296,0.5869495822077445,130.77791091120872,19.25672908310328,188.00455733193374,44.32277035561399,-999,0,1,0,0,1,0,0,-999.0,-999.0,-999.0,-999.0,0,-999.0,-999.0,-999.0,-999.0,-999.0,0,-999.0,-999.0,-999.0,0,0,-999.0,-999.0,-999.0,-999.0,0,-999.0,-999.0,-999.0,-999.0,-999.0,0,-999.0,-999.0,-999.0,0,0,0.7374550104141235,21.717199325561523,0.2914290130138397,-999.0,1,21.717199325561523,21.717199325561523,-999.0,-999.0,-999.0,0,21.816099166870117,0.2914290130138397,-999.0,1,4112,-999.0,-999.0,-999.0,-999.0,0,-999.0,-999.0,-999.0,-999.0,-999.0,0,-999.0,-999.0,-999.0,0,0,-999.0,-999.0,-999.0,-999.0,0,-999.0,-999.0,-999.0,-999.0,-999.0,0,-999.0,-999.0,-999.0,0,0,0.030626229561887187
PSO J139.6034+35.9348,-999,-999,-999,151121396033782338,3578835000025219,214022515352194,0,16486947564717,15112,1,2038,90,0.67686074569529,3578835,49831,3,268959744,0,32,-999.0,-999.0,-999.0,-999.0,139.6033832,35.93476132,0.269320011138916,0.269320011138916,,,,,55650.25525463,-999.0,-0.6166376934913261,0.5247370311327296,0.5868637006355958,130.78032509532474,19.25108446027727,188.0130641043189,44.32263488854197,-999,0,1,0,0,0,1,0,-999.0,-999.0,-999.0,-999.0,0,-999.0,-999.0,-999.0,-999.0,-999.0,0,-999.0,-999.0,-999.0,0,0,-999.0,-999.0,-999.0,-999.0,0,-999.0,-999.0,-999.0,-999.0,-999.0,0,-999.0,-999.0,-999.0,0,0,-999.0,-999.0,-999.0,-999.0,0,-999.0,-999.0,-999.0,-999.0,-999.0,0,-999.0,-999.0,-999.0,0,0,0.5437890291213989,21.01259994506836,0.26890599727630615,-999.0,1,21.01259994506836,21.01259994506836,-999.0,-999.0,-999.0,0,24.467100143432617,0.26890599727630615,-999.0,1,4120,-999.0,-999.0,-999.0,-999.0,0,-999.0,-999.0,-999.0,-999.0,-999.0,0,-999.0,-999.0,-999.0,0,0,0.02476422029578832
PSO J139.6036+35.9340,-999,-999,-999,151121396035291437,3578835000025250,214022515352225,0,16486947565379,15112,1,2038,90,0.880366490111096,3578835,49831,3,268959744,0,32,-999.0,-999.0,-999.0,-999.0,139.60355374,35.9340388,0.2242799997329712,0.2242799997329712,,,,,56344.35071759,-999.0,-0.6166448914173948,0.5247399917757377,0.5868534901660108,130.7807091974683,19.250444455883052,188.01408616136547,44.322715228511825,-999,0,1,0,0,1,0,0,-999.0,-999.0,-999.0,-999.0,0,-999.0,-999.0,-999.0,-999.0,-999.0,0,-999.0,-999.0,-999.0,0,0,-999.0,-999.0,-999.0,-999.0,0,-999.0,-999.0,-999.0,-999.0,-999.0,0,-999.0,-999.0,-999.0,0,0,0.6531929969787598,21.42140007019043,0.22377799451351166,-999.0,1,21.42140007019043,21.42140007019043,-999.0,-999.0,-999.0,0,23.547000885009766,0.22377799451351166,-999.0,1,4120,-999.0,-999.0,-999.0,-999.0,0,-999.0,-999.0,-999.0,-999.0,-999.0,0,-999.0,-999.0,-999.0,0,0,-999.0,-999.0,-999.0,-999.0,0,-999.0,-999.0,-999.0,-999.0,-999.0,0,-999.0,-999.0,-999.0,0,0,0.02409947233867482
PSO J139.6040+35.9341,-999,-999,-999,151121396039341501,3578835000025360,214022515352335,0,16486947562831,15112,1,2038,90,0.398267565666016,3578835,49831,3,268959744,0,32,-999.0,-999.0,-999.0,-999.0,139.6039555,35.93409281,0.1701900064945221,0.1701900064945221,,,,,56344.36663194,-999.0,-0.6166481495902097,0.5247353093170914,0.5868542534248743,130.7810171876838,19.250599993160677,188.01404697250527,44.32304378988085,-999,0,1,0,0,1,0,0,-999.0,-999.0,-999.0,-999.0,0,-999.0,-999.0,-999.0,-999.0,-999.0,0,-999.0,-999.0,-999.0,0,0,-999.0,-999.0,-999.0,-999.0,0,-999.0,-999.0,-999.0,-999.0,-999.0,0,-999.0,-999.0,-999.0,0,0,0.7205719947814941,21.168800354003906,0.1695290058851242,-999.0,1,21.168800354003906,21.168800354003906,-999.0,-999.0,-999.0,0,21.915599822998047,0.1695290058851242,-999.0,1,4120,-999.0,-999.0,-999.0,-999.0,0,-999.0,-999.0,-999.0,-999.0,-999.0,0,-999.0,-999.0,-999.0,0,0,-999.0,-999.0,-999.0,-999.0,0,-999.0,-999.0,-999.0,-999.0,-999.0,0,-999.0,-999.0,-999.0,0,0,0.02423720417148127
PSO J139.6049+35.9337,-999,-999,-999,151121396048611083,3578835000025602,214022515352577,0,16486947563475,15112,1,2038,90,0.997453463261438,3578835,49831,3,268959744,0,32,-999.0,-999.0,-999.0,-999.0,139.60488626,35.93374656,0.2690199911594391,0.2690199911594391,,,,,56344.37971065,-999.0,-0.6166593747073801,0.5247275902093999,0.5868493602778647,130.78189092616233,19.25051388191764,188.0146129937579,44.323767582634645,-999,0,1,0,1,0,0,0,-999.0,-999.0,-999.0,-999.0,0,-999.0,-999.0,-999.0,-999.0,-999.0,0,-999.0,-999.0,-999.0,0,0,0.7886289954185486,21.825000762939453,0.2685970067977905,-999.0,1,21.825000762939453,21.825000762939453,-999.0,-999.0,-999.0,0,22.930099487304688,0.2685970067977905,-999.0,1,4120,-999.0,-999.0,-999.0,-999.0,0,-999.0,-999.0,-999.0,-999.0,-999.0,0,-999.0,-999.0,-999.0,0,0,-999.0,-999.0,-999.0,-999.0,0,-999.0,-999.0,-999.0,-999.0,-999.0,0,-999.0,-999.0,-999.0,0,0,-999.0,-999.0,-999.0,-999.0,0,-999.0,-999.0,-999.0,-999.0,-999.0,0,-999.0,-999.0,-999.0,0,0,0.024120517880432034
PSO J139.6049+35.9342,-999,-999,-999,151121396049061656,3578835000025612,214022515352587,0,16486947562957,15112,1,2038,90,0.139078080783671,3578835,49831,3,268959744,0,32,-999.0,-999.0,-999.0,-999.0,139.60490374,35.93418698,0.2982200086116791,0.2982200086116791,,,,,55651.25465278,-999.0,-0.6166560992395432,0.5247244786984508,0.5868555842158354,130.7817554297832,19.250935553057218,188.01400087691522,44.32381662257694,-999,0,1,0,0,0,0,1,-999.0,-999.0,-999.0,-999.0,0,-999.0,-999.0,-999.0,-999.0,-999.0,0,-999.0,-999.0,-999.0,0,0,-999.0,-999.0,-999.0,-999.0,0,-999.0,-999.0,-999.0,-999.0,-999.0,0,-999.0,-999.0,-999.0,0,0,-999.0,-999.0,-999.0,-999.0,0,-999.0,-999.0,-999.0,-999.0,-999.0,0,-999.0,-999.0,-999.0,0,0,-999.0,-999.0,-999.0,-999.0,0,-999.0,-999.0,-999.0,-999.0,-999.0,0,-999.0,-999.0,-999.0,0,0,0.7576429843902588,20.360200881958008,0.2978389859199524,-999.0,1,20.360200881958008,20.360200881958008,-999.0,-999.0,-999.0,0,-999.0,-999.0,-999.0,0,4120,0.024544970405013737
PSO J139.6052+35.9361,-999,-999,-999,151121396052293947,3578835000025692,214022515352667,0,16486947565831,15112,1,2038,90,0.911951663821891,3578835,49831,3,268959744,0,32,-999.0,-999.0,-999.0,-999.0,139.60524695,35.93610533,0.2459300011396408,0.2459300011396408,,,,,55650.26423611,-999.0,-0.6166442775636753,0.5247080511153897,0.5868826935961415,130.78138217192387,19.25284162629025,188.01135861198503,44.32424574734662,-999,0,1,0,0,0,1,0,-999.0,-999.0,-999.0,-999.0,0,-999.0,-999.0,-999.0,-999.0,-999.0,0,-999.0,-999.0,-999.0,0,0,-999.0,-999.0,-999.0,-999.0,0,-999.0,-999.0,-999.0,-999.0,-999.0,0,-999.0,-999.0,-999.0,0,0,-999.0,-999.0,-999.0,-999.0,0,-999.0,-999.0,-999.0,-999.0,-999.0,0,-999.0,-999.0,-999.0,0,0,0.7542619705200195,21.376399993896484,0.24547100067138672,-999.0,1,21.376399993896484,21.376399993896484,-999.0,-999.0,-999.0,0,21.584699630737305,0.24547100067138672,-999.0,1,4120,-999.0,-999.0,-999.0,-999.0,0,-999.0,-999.0,-999.0,-999.0,-999.0,0,-999.0,-999.0,-999.0,0,0,0.026461012792054234
PSO J139.6053+35.9347,-999,-999,-999,151121396052772261,3578835000025704,214022515352679,0,16486947562974,15112,1,2038,90,0.933283439775262,3578835,49831,3,310456320,0,37,-999.0,-999.0,-999.0,-999.0,139.605299,35.93471731,0.18825000524520874,0.18825000524520874,,,,,55972.4722338,-999.0,-0.6166555821022055,0.5247167044423457,0.5868630787000951,130.7818962395617,19.25154053407173,188.01329738278514,44.324177709037464,-999,0,1,0,1,0,0,0,-999.0,-999.0,-999.0,-999.0,0,-999.0,-999.0,-999.0,-999.0,-999.0,0,-999.0,-999.0,-999.0,0,0,0.9979159832000732,21.908100128173828,0.18764999508857727,-999.0,1,21.908100128173828,21.908100128173828,21.440799713134766,0.241240993142128,-999.0,1,21.31369972229004,0.18764999508857727,-999.0,1,16777488,-999.0,-999.0,-999.0,-999.0,0,-999.0,-999.0,-999.0,-999.0,-999.0,0,-999.0,-999.0,-999.0,0,0,-999.0,-999.0,-999.0,-999.0,0,-999.0,-999.0,-999.0,-999.0,-999.0,0,-999.0,-999.0,-999.0,0,0,-999.0,-999.0,-999.0,-999.0,0,-999.0,-999.0,-999.0,-999.0,-999.0,0,-999.0,-999.0,-999.0,0,0,0.025146873867015942
PSO J139.6053+35.9351,-999,-999,-999,151121396052772707,3578835000025705,214022515352680,0,16486947562791,15112,1,2038,90,0.75645974069504,3578835,49831,3,302067712,0,36,-999.0,-999.0,-999.0,-999.0,139.60530802,35.93507911,0.25905001163482666,0.25905001163482666,,,,,55985.30634259,-999.0,-0.6166528423594009,0.5247142058072239,0.5868681915338112,130.78178059120773,19.25188554428066,188.01279405201362,44.32421367782141,-999,0,1,0,0,1,0,0,-999.0,-999.0,-999.0,-999.0,0,-999.0,-999.0,-999.0,-999.0,-999.0,0,-999.0,-999.0,-999.0,0,0,-999.0,-999.0,-999.0,-999.0,0,-999.0,-999.0,-999.0,-999.0,-999.0,0,-999.0,-999.0,-999.0,0,0,0.8782539963722229,22.365800857543945,0.2586120069026947,-999.0,1,22.365800857543945,22.365800857543945,22.177000045776367,0.32267099618911743,-999.0,1,22.12350082397461,0.2586120069026947,-999.0,1,272,-999.0,-999.0,-999.0,-999.0,0,-999.0,-999.0,-999.0,-999.0,-999.0,0,-999.0,-999.0,-999.0,0,0,-999.0,-999.0,-999.0,-999.0,0,-999.0,-999.0,-999.0,-999.0,-999.0,0,-999.0,-999.0,-999.0,0,0,0.02549411485571468
PSO J139.6056+35.9343,-999,-999,-999,151121396055421768,3578835000025774,214022515352749,0,16486947562901,15112,1,2038,90,0.0748314718481446,3578835,49831,3,268959744,0,32,-999.0,-999.0,-999.0,-999.0,139.60556656,35.93431436,0.27219998836517334,0.27219998836517334,,,,,56344.35071759,-999.0,-0.6166611757555468,0.5247164994390344,0.5868573843211248,130.78225053795651,19.25122841146595,188.01388287656383,44.32436171350733,-999,0,1,0,0,1,0,0,-999.0,-999.0,-999.0,-999.0,0,-999.0,-999.0,-999.0,-999.0,-999.0,0,-999.0,-999.0,-999.0,0,0,-999.0,-999.0,-999.0,-999.0,0,-999.0,-999.0,-999.0,-999.0,-999.0,0,-999.0,-999.0,-999.0,0,0,0.755511999130249,21.78569984436035,0.2717820107936859,-999.0,1,21.78569984436035,21.78569984436035,-999.0,-999.0,-999.0,0,22.451099395751953,0.2717820107936859,-999.0,1,4120,-999.0,-999.0,-999.0,-999.0,0,-999.0,-999.0,-999.0,-999.0,-999.0,0,-999.0,-999.0,-999.0,0,0,-999.0,-999.0,-999.0,-999.0,0,-999.0,-999.0,-999.0,-999.0,-999.0,0,-999.0,-999.0,-999.0,0,0,0.024830585920016756
PSO J139.6055+35.9370,-999,-999,-999,151121396055465092,3578835000187111,214022515515709,0,16486947566052,15112,1,2038,90,0.612076538253647,3578835,49831,3,404226048,0,48,139.60549066,35.93700279,0.0010000000474974513,0.0010000000474974513,139.60549066,35.93700279,0.0010000000474974513,0.0010000000474974513,,,,,55646.49783565,-999.0,-0.6166395081749898,0.5246994708136853,0.5868953759278951,130.78127508109313,19.253754944288108,188.01012992750628,44.32451358765315,-999,2,0,0,0,0,0,0,-999.0,-999.0,-999.0,-999.0,0,-999.0,-999.0,-999.0,-999.0,-999.0,0,-999.0,-999.0,-999.0,0,16416,-999.0,-999.0,-999.0,-999.0,0,-999.0,-999.0,-999.0,-999.0,-999.0,0,-999.0,-999.0,-999.0,0,114720,-999.0,-999.0,-999.0,-999.0,0,-999.0,-999.0,-999.0,-999.0,-999.0,0,-999.0,-999.0,-999.0,0,114720,-999.0,-999.0,-999.0,-999.0,0,-999.0,-999.0,-999.0,-999.0,-999.0,0,-999.0,-999.0,-999.0,0,16416,-999.0,-999.0,-999.0,-999.0,0,-999.0,-999.0,-999.0,-999.0,-999.0,0,-999.0,-999.0,-999.0,0,16416,0.027377497024609447
PSO J139.6066+35.9398,-999,-999,-999,151121396065698316,3578835000026067,214022515353042,0,16486947558876,15112,1,2038,90,0.191202035351845,3578835,49831,3,268959744,0,32,-999.0,-999.0,-999.0,-999.0,139.60658088,35.93975842,0.27109000086784363,0.27109000086784363,,,,,57035.5824537,-999.0,-0.6166279935366038,0.5246694449707736,0.5869343158319187,130.7812239474209,19.256648094328458,188.00638785079383,44.32561183097835,-999,0,1,0,0,1,0,0,-999.0,-999.0,-999.0,-999.0,0,-999.0,-999.0,-999.0,-999.0,-999.0,0,-999.0,-999.0,-999.0,0,0,-999.0,-999.0,-999.0,-999.0,0,-999.0,-999.0,-999.0,-999.0,-999.0,0,-999.0,-999.0,-999.0,0,0,0.8418580293655396,22.185199737548828,0.2706719934940338,-999.0,1,22.185199737548828,22.185199737548828,-999.0,-999.0,-999.0,0,23.207399368286133,0.2706719934940338,-999.0,1,4120,-999.0,-999.0,-999.0,-999.0,0,-999.0,-999.0,-999.0,-999.0,-999.0,0,-999.0,-999.0,-999.0,0,0,-999.0,-999.0,-999.0,-999.0,0,-999.0,-999.0,-999.0,-999.0,-999.0,0,-999.0,-999.0,-999.0,0,0,0.03027039843579758
PSO J139.6067+35.9363,-999,-999,-999,151121396066504118,3578835000026079,214022515353054,0,16486947569355,15112,1,2038,90,0.28893448998121,3578835,49831,3,268959744,0,32,-999.0,-999.0,-999.0,-999.0,139.60666349,35.93626514,0.10051999986171722,0.10051999986171722,,,,,57035.59429398,-999.0,-0.6166560031650522,0.5246917446914809,0.5868849519395712,130.7824784798122,19.25336103118318,188.01126300730556,44.325401737594206,-999,0,1,0,0,1,0,0,-999.0,-999.0,-999.0,-999.0,0,-999.0,-999.0,-999.0,-999.0,-999.0,0,-999.0,-999.0,-999.0,0,0,-999.0,-999.0,-999.0,-999.0,0,-999.0,-999.0,-999.0,-999.0,-999.0,0,-999.0,-999.0,-999.0,0,0,0.04182500019669533,21.003000259399414,0.09939099848270416,-999.0,1,21.003000259399414,21.003000259399414,-999.0,-999.0,-999.0,0,20.774900436401367,0.09939099848270416,-999.0,1,4120,-999.0,-999.0,-999.0,-999.0,0,-999.0,-999.0,-999.0,-999.0,-999.0,0,-999.0,-999.0,-999.0,0,0,-999.0,-999.0,-999.0,-999.0,0,-999.0,-999.0,-999.0,-999.0,-999.0,0,-999.0,-999.0,-999.0,0,0,0.026962863129794404
PSO J139.6068+35.9341,-999,-999,-999,151121396067811505,3578835000026111,214022515353086,0,16486947567484,15112,1,2038,90,0.219777401741387,3578835,49831,3,302067712,0,36,-999.0,-999.0,-999.0,-999.0,139.60680264,35.93408003,0.18589000403881073,0.18589000403881073,,,,,55918.63284722,-999.0,-0.6166743236538235,0.524704751036396,0.5868540728204356,130.7833342461787,19.251327638911285,188.01432033940694,44.32534082357086,-999,0,2,0,2,0,0,0,-999.0,-999.0,-999.0,-999.0,0,-999.0,-999.0,-999.0,-999.0,-999.0,0,-999.0,-999.0,-999.0,0,0,0.7972279787063599,22.01609992980957,0.1852799952030182,-999.0,1,22.01609992980957,22.01609992980957,21.610700607299805,0.259333997964859,-999.0,1,21.62339973449707,0.1852799952030182,-999.0,1,536,-999.0,-999.0,-999.0,-999.0,0,-999.0,-999.0,-999.0,-999.0,-999.0,0,-999.0,-999.0,-999.0,0,0,-999.0,-999.0,-999.0,-999.0,0,-999.0,-999.0,-999.0,-999.0,-999.0,0,-999.0,-999.0,-999.0,0,0,-999.0,-999.0,-999.0,-999.0,0,-999.0,-999.0,-999.0,-999.0,-999.0,0,-999.0,-999.0,-999.0,0,0,0.024944801843279296
PSO J139.6071+35.9400,-999,-999,-999,151121396070578612,3578835000026192,214022515353167,0,16486947558889,15112,1,2038,90,0.672474587962473,3578835,49831,3,268959744,0,32,-999.0,-999.0,-999.0,-999.0,139.60707088,35.94000915,0.24390999972820282,0.24390999972820282,,,,,57035.55862269,-999.0,-0.6166305243529657,0.5246625070440435,0.5869378588389452,130.78153672394663,19.257012874079717,188.00608238411965,44.326027161859415,-999,0,1,0,0,1,0,0,-999.0,-999.0,-999.0,-999.0,0,-999.0,-999.0,-999.0,-999.0,-999.0,0,-999.0,-999.0,-999.0,0,0,-999.0,-999.0,-999.0,-999.0,0,-999.0,-999.0,-999.0,-999.0,-999.0,0,-999.0,-999.0,-999.0,0,0,0.707813024520874,21.765499114990234,0.24345099925994873,-999.0,1,21.765499114990234,21.765499114990234,-999.0,-999.0,-999.0,0,22.39349937438965,0.24345099925994873,-999.0,1,4120,-999.0,-999.0,-999.0,-999.0,0,-999.0,-999.0,-999.0,-999.0,-999.0,0,-999.0,-999.0,-999.0,0,0,-999.0,-999.0,-999.0,-999.0,0,-999.0,-999.0,-999.0,-999.0,-999.0,0,-999.0,-999.0,-999.0,0,0,0.030625602493924278
PSO J139.6075+35.9338,-999,-999,-999,151121396075231190,3578835000026319,214022515353294,0,16486947567552,15112,1,2038,90,0.625063509331144,3578835,49831,3,268959744,0,32,-999.0,-999.0,-999.0,-999.0,139.60754274,35.93383954,0.268779993057251,0.268779993057251,,,,,56344.39150463,-999.0,-0.6166829773558042,0.5246983815134143,0.586850674257757,130.78401716919382,19.25129216777924,188.01472187293754,44.32591912220448,-999,0,1,0,1,0,0,0,-999.0,-999.0,-999.0,-999.0,0,-999.0,-999.0,-999.0,-999.0,-999.0,0,-999.0,-999.0,-999.0,0,0,0.7744029760360718,21.527299880981445,0.2683590054512024,-999.0,1,21.527299880981445,21.527299880981445,-999.0,-999.0,-999.0,0,22.27039909362793,0.2683590054512024,-999.0,1,4120,-999.0,-999.0,-999.0,-999.0,0,-999.0,-999.0,-999.0,-999.0,-999.0,0,-999.0,-999.0,-999.0,0,0,-999.0,-999.0,-999.0,-999.0,0,-999.0,-999.0,-999.0,-999.0,-999.0,0,-999.0,-999.0,-999.0,0,0,-999.0,-999.0,-999.0,-999.0,0,-999.0,-999.0,-999.0,-999.0,-999.0,0,-999.0,-999.0,-999.0,0,0,0.02494037824561198
PSO J139.6077+35.9342,-999,-999,-999,151121396076651646,3578835000026371,214022515353346,0,16486947567557,15112,1,2038,90,0.727578493512774,3578835,49831,3,268959744,0,32,-999.0,-999.0,-999.0,-999.0,139.60769038,35.93421583,0.26791998744010925,0.26791998744010925,,,,,56344.37971065,-999.0,-0.6166813939737718,0.524694294877311,0.5868559919177507,130.78400919187416,19.251686918333757,188.01421077496911,44.32606812397524,-999,0,1,0,1,0,0,0,-999.0,-999.0,-999.0,-999.0,0,-999.0,-999.0,-999.0,-999.0,-999.0,0,-999.0,-999.0,-999.0,0,0,0.7543920278549194,21.776500701904297,0.26749899983406067,-999.0,1,21.776500701904297,21.776500701904297,-999.0,-999.0,-999.0,0,24.015600204467773,0.26749899983406067,-999.0,1,4120,-999.0,-999.0,-999.0,-999.0,0,-999.0,-999.0,-999.0,-999.0,-999.0,0,-999.0,-999.0,-999.0,0,0,-999.0,-999.0,-999.0,-999.0,0,-999.0,-999.0,-999.0,-999.0,-999.0,0,-999.0,-999.0,-999.0,0,0,-999.0,-999.0,-999.0,-999.0,0,-999.0,-999.0,-999.0,-999.0,-999.0,0,-999.0,-999.0,-999.0,0,0,0.02533395339018961
PSO J139.6080+35.9385,-999,-999,-999,151121396079336818,3578835000026464,214022515353439,0,16486947568938,15112,1,2038,90,0.905176496044897,3578835,49831,3,268959744,0,32,-999.0,-999.0,-999.0,-999.0,139.60795385,35.93851106,0.2680000066757202,0.2680000066757202,,,,,57049.45013889,-999.0,-0.616650297779007,0.524662948778578,0.586916689512259,130.78276317084786,19.25582343383681,188.00824909380552,44.32662115568333,-999,0,1,0,0,1,0,0,-999.0,-999.0,-999.0,-999.0,0,-999.0,-999.0,-999.0,-999.0,-999.0,0,-999.0,-999.0,-999.0,0,0,-999.0,-999.0,-999.0,-999.0,0,-999.0,-999.0,-999.0,-999.0,-999.0,0,-999.0,-999.0,-999.0,0,0,0.690530002117157,22.38249969482422,0.2675760090351105,-999.0,1,22.38249969482422,22.38249969482422,-999.0,-999.0,-999.0,0,22.699100494384766,0.2675760090351105,-999.0,1,4120,-999.0,-999.0,-999.0,-999.0,0,-999.0,-999.0,-999.0,-999.0,-999.0,0,-999.0,-999.0,-999.0,0,0,-999.0,-999.0,-999.0,-999.0,0,-999.0,-999.0,-999.0,-999.0,-999.0,0,-999.0,-999.0,-999.0,0,0,0.029427115920506345
PSO J139.6081+35.9376,-999,-999,-999,151121396081055761,3578835000026530,214022515353505,0,16486947569068,15112,1,2038,90,0.238360994717442,3578835,49831,3,268959744,0,32,-999.0,-999.0,-999.0,-999.0,139.60812393,35.93763049,0.23643000423908234,0.23643000423908234,,,,,57049.43763889,-999.0,-0.616658725223479,0.5246669634329195,0.5869042460979759,130.78320065149714,19.255033629074532,188.0094914075785,44.326688674257944,-999,0,1,0,0,1,0,0,-999.0,-999.0,-999.0,-999.0,0,-999.0,-999.0,-999.0,-999.0,-999.0,0,-999.0,-999.0,-999.0,0,0,-999.0,-999.0,-999.0,-999.0,0,-999.0,-999.0,-999.0,-999.0,-999.0,0,-999.0,-999.0,-999.0,0,0,0.7011550068855286,22.09670066833496,0.23595499992370605,-999.0,1,22.09670066833496,22.09670066833496,-999.0,-999.0,-999.0,0,22.56730079650879,0.23595499992370605,-999.0,1,4120,-999.0,-999.0,-999.0,-999.0,0,-999.0,-999.0,-999.0,-999.0,-999.0,0,-999.0,-999.0,-999.0,0,0,-999.0,-999.0,-999.0,-999.0,0,-999.0,-999.0,-999.0,-999.0,-999.0,0,-999.0,-999.0,-999.0,0,0,0.02864521373765209
PSO J139.6081+35.9349,-999,-999,-999,151121396081272516,3578835000026536,214022515353511,0,16486947566937,15112,1,2038,90,0.587492416228626,3578835,49831,3,302067712,0,36,-999.0,-999.0,-999.0,-999.0,139.60813002,35.93493004,0.1050800010561943,0.1050800010561943,,,,,55249.31466435,0.5728999972343445,-0.6166798483854107,0.5246848224922788,0.5868660849304488,130.78412353796082,19.252477587549816,188.01325498958124,44.32647959397942,-999,0,2,1,1,0,0,0,0.9950770139694214,22.063199996948242,0.19684399664402008,-999.0,1,22.063199996948242,22.063199996948242,-999.0,-999.0,-999.0,1,22.470399856567383,0.19684399664402008,-999.0,1,280,0.9987630248069763,21.3882999420166,0.12321899831295013,-999.0,1,21.3882999420166,21.3882999420166,21.18910026550293,0.23253799974918365,-999.0,1,21.084400177001953,0.12321899831295013,-999.0,1,280,-999.0,-999.0,-999.0,-999.0,0,-999.0,-999.0,-999.0,-999.0,-999.0,0,-999.0,-999.0,-999.0,0,0,-999.0,-999.0,-999.0,-999.0,0,-999.0,-999.0,-999.0,-999.0,-999.0,0,-999.0,-999.0,-999.0,0,0,-999.0,-999.0,-999.0,-999.0,0,-999.0,-999.0,-999.0,-999.0,-999.0,0,-999.0,-999.0,-999.0,0,0,0.026129731567991043
PSO J139.6083+35.9363,-999,-999,-999,151121396082494215,3578835000026583,214022515353558,0,16486947568801,15112,1,2038,90,0.521453278624875,3578835,49831,3,268513280,0,32,-999.0,-999.0,-999.0,-999.0,139.60826297,35.93634424,0.01576000079512596,0.01576000079512596,,,,,55902.66887731,-999.0,-0.6166700332250472,0.5246740047635629,0.5868860697337978,130.7837508177701,19.253851535847726,188.01129625095513,44.326698983898844,-999,0,1,0,0,0,0,1,-999.0,-999.0,-999.0,-999.0,0,-999.0,-999.0,-999.0,-999.0,-999.0,0,-999.0,-999.0,-999.0,0,0,-999.0,-999.0,-999.0,-999.0,0,-999.0,-999.0,-999.0,-999.0,-999.0,0,-999.0,-999.0,-999.0,0,0,-999.0,-999.0,-999.0,-999.0,0,-999.0,-999.0,-999.0,-999.0,-999.0,0,-999.0,-999.0,-999.0,0,0,-999.0,-999.0,-999.0,-999.0,0,-999.0,-999.0,-999.0,-999.0,-999.0,0,-999.0,-999.0,-999.0,0,0,0.9958189725875854,15.390800476074219,0.004846000112593174,-999.0,1,15.390800476074219,15.390800476074219,15.892000198364258,0.008446999825537205,-999.0,1,15.775500297546387,0.004846000112593174,-999.0,1,24,0.02748265011586272
PSO J139.6084+35.9358,-999,-999,-999,151121396083303552,3578835000026614,214022515353589,0,16486947568825,15112,1,2038,90,0.166533323159938,3578835,49831,3,302067712,0,36,-999.0,-999.0,-999.0,-999.0,139.60835423,35.93579585,0.01735999993979931,0.01735999993979931,,,,,55249.30247685,-999.0,-0.616675147141936,0.5246766625166768,0.5868783201889748,130.78401135598028,19.253355862343593,188.01206861101642,44.32672918430832,-999,0,2,0,1,0,0,1,-999.0,-999.0,-999.0,-999.0,0,-999.0,-999.0,-999.0,-999.0,-999.0,0,-999.0,-999.0,-999.0,0,0,0.9587100148200989,18.261600494384766,0.008733999915421009,-999.0,1,18.261600494384766,18.261600494384766,-999.0,-999.0,-999.0,0,18.938100814819336,0.008733999915421009,-999.0,1,280,-999.0,-999.0,-999.0,-999.0,0,-999.0,-999.0,-999.0,-999.0,-999.0,0,-999.0,-999.0,-999.0,0,0,-999.0,-999.0,-999.0,-999.0,0,-999.0,-999.0,-999.0,-999.0,-999.0,0,-999.0,-999.0,-999.0,0,0,0.6498389840126038,20.31800079345703,0.2645530104637146,-999.0,1,20.31800079345703,20.31800079345703,-999.0,-999.0,-999.0,0,21.898399353027344,0.2645530104637146,-999.0,1,4120,0.027000212206806855
PSO J139.6084+35.9370,-999,-999,-999,151121396083504963,3578835000026626,214022515353601,0,16486947569585,15112,1,2038,90,0.0815301966681426,3578835,49831,3,268959744,0,32,-999.0,-999.0,-999.0,-999.0,139.60836765,35.93696545,0.2810499966144562,0.2810499966144562,,,,,57033.59305556,-999.0,-0.6166661454165493,0.5246687547169612,0.586894848265725,130.78362468302203,19.254467088863983,188.010439988925,44.326832695720036,-999,0,1,0,0,1,0,0,-999.0,-999.0,-999.0,-999.0,0,-999.0,-999.0,-999.0,-999.0,-999.0,0,-999.0,-999.0,-999.0,0,0,-999.0,-999.0,-999.0,-999.0,0,-999.0,-999.0,-999.0,-999.0,-999.0,0,-999.0,-999.0,-999.0,0,0,0.7528570294380188,21.86549949645996,0.2806529998779297,-999.0,1,21.86549949645996,21.86549949645996,-999.0,-999.0,-999.0,0,23.351900100708008,0.2806529998779297,-999.0,1,4120,-999.0,-999.0,-999.0,-999.0,0,-999.0,-999.0,-999.0,-999.0,-999.0,0,-999.0,-999.0,-999.0,0,0,-999.0,-999.0,-999.0,-999.0,0,-999.0,-999.0,-999.0,-999.0,-999.0,0,-999.0,-999.0,-999.0,0,0,0.02809242771463399
PSO J139.5596+35.8911,-999,-999,-999,151061395596329878,3578835000014462,214022515341437,0,16486949151368,15106,1,2038,90,0.150096452934757,3578835,49831,3,310456320,0,37,-999.0,-999.0,-999.0,-999.0,139.5596472,35.89106788,0.1676200032234192,0.1676200032234192,,,,,56344.39150463,-999.0,-0.6165773970580378,0.5254977268277251,0.5862460682478207,130.75963387552733,19.198338462689893,188.06996903058663,44.28383554889414,-999,0,1,0,1,0,0,0,-999.0,-999.0,-999.0,-999.0,0,-999.0,-999.0,-999.0,-999.0,-999.0,0,-999.0,-999.0,-999.0,0,0,0.2911050021648407,21.110300064086914,0.16695000231266022,-999.0,1,21.110300064086914,21.110300064086914,20.318599700927734,0.1911430060863495,-999.0,1,20.5585994720459,0.16695000231266022,-999.0,1,16777752,-999.0,-999.0,-999.0,-999.0,0,-999.0,-999.0,-999.0,-999.0,-999.0,0,-999.0,-999.0,-999.0,0,0,-999.0,-999.0,-999.0,-999.0,0,-999.0,-999.0,-999.0,-999.0,-999.0,0,-999.0,-999.0,-999.0,0,0,-999.0,-999.0,-999.0,-999.0,0,-999.0,-999.0,-999.0,-999.0,-999.0,0,-999.0,-999.0,-999.0,0,0,0.03535172228492101
PSO J139.5594+35.8888,-999,-999,-999,151061395593827206,3578835000014399,214022515341374,0,16486949183944,15106,1,2038,90,0.191583462237924,3578835,49831,3,277348352,0,33,-999.0,-999.0,-999.0,-999.0,139.5593765,35.88880767,0.18738000094890594,0.18738000094890594,,,,,55250.30069444,-999.0,-0.6165925147312235,0.5255156405949536,0.5862141095772956,130.7601811211751,19.19612723064633,188.07309133316892,44.2834350713461,-999,0,1,0,0,1,0,0,-999.0,-999.0,-999.0,-999.0,0,-999.0,-999.0,-999.0,-999.0,-999.0,0,-999.0,-999.0,-999.0,0,0,-999.0,-999.0,-999.0,-999.0,0,-999.0,-999.0,-999.0,-999.0,-999.0,0,-999.0,-999.0,-999.0,0,0,0.7018229961395264,20.79170036315918,0.18678300082683563,-999.0,1,20.79170036315918,20.79170036315918,20.00160026550293,0.1395619958639145,-999.0,1,20.127099990844727,0.18678300082683563,-999.0,1,16781328,-999.0,-999.0,-999.0,-999.0,0,-999.0,-999.0,-999.0,-999.0,-999.0,0,-999.0,-999.0,-999.0,0,0,-999.0,-999.0,-999.0,-999.0,0,-999.0,-999.0,-999.0,-999.0,-999.0,0,-999.0,-999.0,-999.0,0,0,0.03683443789360809
PSO J139.5593+35.8894,-999,-999,-999,151061395593267961,3578835000014383,214022515341358,0,16486949183965,15106,1,2038,90,0.0994407563465096,3578835,49831,3,310456320,0,37,-999.0,-999.0,-999.0,-999.0,139.55933229,35.88943679,0.18729999661445618,0.18729999661445618,,,,,55250.31938657,-999.0,-0.6165872103258496,0.5255119410634733,0.5862230052311893,130.75993164993886,19.196711668431387,188.0722113687531,44.283450006533855,-999,0,1,0,1,0,0,0,-999.0,-999.0,-999.0,-999.0,0,-999.0,-999.0,-999.0,-999.0,-999.0,0,-999.0,-999.0,-999.0,0,0,0.8866230249404907,21.345600128173828,0.18669599294662476,-999.0,1,21.345600128173828,21.345600128173828,20.282100677490234,0.1348479986190796,-999.0,1,20.47089958190918,0.18669599294662476,-999.0,1,16777496,-999.0,-999.0,-999.0,-999.0,0,-999.0,-999.0,-999.0,-999.0,-999.0,0,-999.0,-999.0,-999.0,0,0,-999.0,-999.0,-999.0,-999.0,0,-999.0,-999.0,-999.0,-999.0,-999.0,0,-999.0,-999.0,-999.0,0,0,-999.0,-999.0,-999.0,-999.0,0,-999.0,-999.0,-999.0,-999.0,-999.0,0,-999.0,-999.0,-999.0,0,0,0.03649213947794759
PSO J139.5590+35.8907,-999,-999,-999,151061395591019423,3578835000014324,214022515341299,0,16486949151377,15106,1,2038,90,0.632515255950871,3578835,49831,3,404226048,0,48,139.55899298,35.89068712,0.0010000000474974513,0.0010000000474974513,139.55899298,35.89068712,0.0010000000474974513,0.0010000000474974513,,,,,55646.49783565,-999.0,-0.6165743617920127,0.5255072941811709,0.5862406844830512,130.75923152287262,19.197807894388973,188.07043960729217,44.28327662567113,-999,2,1,0,1,0,0,0,-999.0,-999.0,-999.0,-999.0,0,-999.0,-999.0,-999.0,-999.0,-999.0,0,-999.0,-999.0,-999.0,0,16416,0.6537789702415466,21.212900161743164,0.18670399487018585,-999.0,1,21.212900161743164,21.212900161743164,20.82830047607422,0.17365799844264984,-999.0,1,20.837600708007812,0.18670399487018585,-999.0,1,20536,-999.0,-999.0,-999.0,-999.0,0,-999.0,-999.0,-999.0,-999.0,-999.0,0,-999.0,-999.0,-999.0,0,114720,-999.0,-999.0,-999.0,-999.0,0,-999.0,-999.0,-999.0,-999.0,-999.0,0,-999.0,-999.0,-999.0,0,114720,-999.0,-999.0,-999.0,-999.0,0,-999.0,-999.0,-999.0,-999.0,-999.0,0,-999.0,-999.0,-999.0,0,16416,0.0360039864834864
PSO J139.5590+35.8860,-999,-999,-999,151061395590383813,3578835000014297,214022515341272,0,16486949185888,15106,1,2038,90,0.968949460395565,3578835,49831,3,310456320,0,37,-999.0,-999.0,-999.0,-999.0,139.55904602,35.88598385,0.17681999504566193,0.17681999504566193,,,,,55250.31938657,-999.0,-0.6166114714388133,0.5255379373333335,0.5861741803538318,130.76087106546422,19.193366600264294,188.07699285958978,44.282940829147904,-999,0,1,0,1,0,0,0,-999.0,-999.0,-999.0,-999.0,0,-999.0,-999.0,-999.0,-999.0,-999.0,0,-999.0,-999.0,-999.0,0,0,0.9984210133552551,21.395999908447266,0.1761779934167862,-999.0,1,21.395999908447266,21.395999908447266,19.580299377441406,0.09933000057935715,-999.0,1,20.5625,0.1761779934167862,-999.0,1,16777496,-999.0,-999.0,-999.0,-999.0,0,-999.0,-999.0,-999.0,-999.0,-999.0,0,-999.0,-999.0,-999.0,0,0,-999.0,-999.0,-999.0,-999.0,0,-999.0,-999.0,-999.0,-999.0,-999.0,0,-999.0,-999.0,-999.0,0,0,-999.0,-999.0,-999.0,-999.0,0,-999.0,-999.0,-999.0,-999.0,-999.0,0,-999.0,-999.0,-999.0,0,0,0.038789379386251197
PSO J139.5585+35.8895,-999,-999,-999,151061395585117992,3578835000014162,214022515341137,0,16486949183804,15106,1,2038,90,0.864790893965206,3578835,49831,3,277348352,0,33,-999.0,-999.0,-999.0,-999.0,139.55851504,35.88947044,0.1939300000667572,0.1939300000667572,,,,,55250.35447917,-999.0,-0.6165794524876822,0.525520512495522,0.5862234810346938,130.7592561479449,19.196531300053877,188.07209008116843,44.28279276808956,-999,0,1,1,0,0,0,0,0.8484640121459961,21.507200241088867,0.1933470070362091,-999.0,1,21.507200241088867,21.507200241088867,20.696699142456055,0.1563519984483719,-999.0,1,20.89419937133789,0.1933470070362091,-999.0,1,16781336,-999.0,-999.0,-999.0,-999.0,0,-999.0,-999.0,-999.0,-999.0,-999.0,0,-999.0,-999.0,-999.0,0,0,-999.0,-999.0,-999.0,-999.0,0,-999.0,-999.0,-999.0,-999.0,-999.0,0,-999.0,-999.0,-999.0,0,0,-999.0,-999.0,-999.0,-999.0,0,-999.0,-999.0,-999.0,-999.0,-999.0,0,-999.0,-999.0,-999.0,0,0,-999.0,-999.0,-999.0,-999.0,0,-999.0,-999.0,-999.0,-999.0,-999.0,0,-999.0,-999.0,-999.0,0,0,0.03701215802892499
PSO J139.5577+35.8890,-999,-999,-999,151061395577177470,3578835000013939,214022515340914,0,16486949187100,15106,1,2038,90,0.0387305142718651,3578835,49831,3,310456320,0,37,-999.0,-999.0,-999.0,-999.0,139.55773081,35.88903919,0.1797800064086914,0.1797800064086914,,,,,56759.31069444,-999.0,-0.6165756174661433,0.5255318140065072,0.5862173832404445,130.7587652777045,19.195919142776226,188.07261907200683,44.28212477084153,-999,0,1,0,0,1,0,0,-999.0,-999.0,-999.0,-999.0,0,-999.0,-999.0,-999.0,-999.0,-999.0,0,-999.0,-999.0,-999.0,0,0,-999.0,-999.0,-999.0,-999.0,0,-999.0,-999.0,-999.0,-999.0,-999.0,0,-999.0,-999.0,-999.0,0,0,0.9704040288925171,16.77199935913086,0.17915000021457672,-999.0,1,16.77199935913086,16.77199935913086,15.932100296020508,0.2108370065689087,-999.0,1,16.177000045776367,0.17915000021457672,-999.0,1,16777488,-999.0,-999.0,-999.0,-999.0,0,-999.0,-999.0,-999.0,-999.0,-999.0,0,-999.0,-999.0,-999.0,0,0,-999.0,-999.0,-999.0,-999.0,0,-999.0,-999.0,-999.0,-999.0,-999.0,0,-999.0,-999.0,-999.0,0,0,0.03777993726054461
PSO J139.5576+35.8901,-999,-999,-999,151061395575788639,3578835000013897,214022515340872,0,16486949153082,15106,1,2038,90,0.64111925441876,3578835,49831,3,268959744,0,32,-999.0,-999.0,-999.0,-999.0,139.55760807,35.89005962,0.4040699899196625,0.4040699899196625,,,,,56759.32336806,-999.0,-0.6165665457686504,0.5255263622156605,0.5862318118758902,130.7583191782337,19.196853848991474,188.07118715744653,44.2821077952718,-999,0,1,0,0,1,0,0,-999.0,-999.0,-999.0,-999.0,0,-999.0,-999.0,-999.0,-999.0,-999.0,0,-999.0,-999.0,-999.0,0,0,-999.0,-999.0,-999.0,-999.0,0,-999.0,-999.0,-999.0,-999.0,-999.0,0,-999.0,-999.0,-999.0,0,0,0.6899070143699646,21.606000900268555,0.4037869870662689,-999.0,1,21.606000900268555,21.606000900268555,-999.0,-999.0,-999.0,0,22.385499954223633,0.4037869870662689,-999.0,1,4112,-999.0,-999.0,-999.0,-999.0,0,-999.0,-999.0,-999.0,-999.0,-999.0,0,-999.0,-999.0,-999.0,0,0,-999.0,-999.0,-999.0,-999.0,0,-999.0,-999.0,-999.0,-999.0,-999.0,0,-999.0,-999.0,-999.0,0,0,0.03728541072908806
PSO J139.5572+35.8875,-999,-999,-999,151061395569105489,3578835000013702,214022515340677,0,16486949187418,15106,1,2038,90,0.0112340161681492,3578835,49831,3,302067712,0,36,-999.0,-999.0,-999.0,-999.0,139.55720542,35.8874519,0.1733199954032898,0.1733199954032898,,,,,55250.33664352,-999.0,-0.6165831578865412,0.5255480025035363,0.5861949389709908,130.75887711519923,19.194279169378827,188.07478115212282,44.28157269529163,-999,0,2,1,0,0,1,0,0.9977049827575684,21.19849967956543,0.17267100512981415,-999.0,1,21.19849967956543,21.19849967956543,20.213600158691406,0.1747709959745407,-999.0,1,20.19569969177246,0.17267100512981415,-999.0,1,16777496,-999.0,-999.0,-999.0,-999.0,0,-999.0,-999.0,-999.0,-999.0,-999.0,0,-999.0,-999.0,-999.0,0,0,-999.0,-999.0,-999.0,-999.0,0,-999.0,-999.0,-999.0,-999.0,-999.0,0,-999.0,-999.0,-999.0,0,0,0.7226229906082153,21.162700653076172,0.36792299151420593,-999.0,1,21.162700653076172,21.162700653076172,-999.0,-999.0,-999.0,0,21.835100173950195,0.36792299151420593,-999.0,1,4120,-999.0,-999.0,-999.0,-999.0,0,-999.0,-999.0,-999.0,-999.0,-999.0,0,-999.0,-999.0,-999.0,0,0,0.03905488354285686
PSO J139.5568+35.8879,-999,-999,-999,151061395568066078,3578835000013673,214022515340648,0,16486949187395,15106,1,2038,90,0.286100945701917,3578835,49831,3,310456320,0,37,-999.0,-999.0,-999.0,-999.0,139.55682063,35.88788329,0.16247999668121338,0.16247999668121338,,,,,55250.32483796,-999.0,-0.6165762694103805,0.5255492803069294,0.5862010388670824,130.7584180172479,19.194587866434166,188.07414547343797,44.281296704357096,-999,0,1,0,1,0,0,0,-999.0,-999.0,-999.0,-999.0,0,-999.0,-999.0,-999.0,-999.0,-999.0,0,-999.0,-999.0,-999.0,0,0,0.9984819889068604,21.41360092163086,0.1617860049009323,-999.0,1,21.41360092163086,21.41360092163086,20.264400482177734,0.14253699779510498,-999.0,1,20.570499420166016,0.1617860049009323,-999.0,1,16777496,-999.0,-999.0,-999.0,-999.0,0,-999.0,-999.0,-999.0,-999.0,-999.0,0,-999.0,-999.0,-999.0,0,0,-999.0,-999.0,-999.0,-999.0,0,-999.0,-999.0,-999.0,-999.0,-999.0,0,-999.0,-999.0,-999.0,0,0,-999.0,-999.0,-999.0,-999.0,0,-999.0,-999.0,-999.0,-999.0,-999.0,0,-999.0,-999.0,-999.0,0,0,0.03905125813484359
PSO J139.5565+35.8903,-999,-999,-999,151061395564499048,3578835000186569,214022515515167,0,16486949153272,15106,1,2038,90,0.296483600788269,3578835,49831,3,404226048,0,48,139.55651219,35.89031619,0.0010000000474974513,0.0010000000474974513,139.55651219,35.89031619,0.0010000000474974513,0.0010000000474974513,,,,,55646.49783565,-999.0,-0.6165544962037224,0.5255364520834213,0.5862354396848967,130.75734160688472,19.196812286304816,188.0707301238118,44.281243508603374,-999,2,0,0,0,0,0,0,-999.0,-999.0,-999.0,-999.0,0,-999.0,-999.0,-999.0,-999.0,-999.0,0,-999.0,-999.0,-999.0,0,16416,-999.0,-999.0,-999.0,-999.0,0,-999.0,-999.0,-999.0,-999.0,-999.0,0,-999.0,-999.0,-999.0,0,114720,-999.0,-999.0,-999.0,-999.0,0,-999.0,-999.0,-999.0,-999.0,-999.0,0,-999.0,-999.0,-999.0,0,114720,-999.0,-999.0,-999.0,-999.0,0,-999.0,-999.0,-999.0,-999.0,-999.0,0,-999.0,-999.0,-999.0,0,16416,-999.0,-999.0,-999.0,-999.0,0,-999.0,-999.0,-999.0,-999.0,-999.0,0,-999.0,-999.0,-999.0,0,16416,0.037888055578364534
PSO J139.5566+35.8910,-999,-999,-999,151061395564269680,3578835000013572,214022515340547,0,16486949153114,15106,1,2038,90,0.418816899339498,3578835,49831,3,268959744,0,32,-999.0,-999.0,-999.0,-999.0,139.55655951,35.89099086,0.18030999600887299,0.18030999600887299,,,,,55249.33612269,-999.0,-0.6165496766547731,0.525531464854125,0.5862449792238498,130.75715105695923,19.197463643196755,188.069795110203,44.28133602176657,-999,0,2,1,1,0,0,0,0.8487079739570618,22.327299118041992,0.26151299476623535,-999.0,1,22.327299118041992,22.327299118041992,-999.0,-999.0,-999.0,0,24.58289909362793,0.26151299476623535,-999.0,1,4120,0.786408007144928,22.03969955444336,0.24810999631881714,-999.0,1,22.03969955444336,22.03969955444336,-999.0,-999.0,-999.0,0,24.280500411987305,0.24810999631881714,-999.0,1,4120,-999.0,-999.0,-999.0,-999.0,0,-999.0,-999.0,-999.0,-999.0,-999.0,0,-999.0,-999.0,-999.0,0,0,-999.0,-999.0,-999.0,-999.0,0,-999.0,-999.0,-999.0,-999.0,-999.0,0,-999.0,-999.0,-999.0,0,0,-999.0,-999.0,-999.0,-999.0,0,-999.0,-999.0,-999.0,-999.0,-999.0,0,-999.0,-999.0,-999.0,0,0,0.03749579516476768
PSO J139.5562+35.8906,-999,-999,-999,151061395562199308,3578835000013512,214022515340487,0,16486949153217,15106,1,2038,90,0.119895936101578,3578835,49831,3,268959744,0,32,-999.0,-999.0,-999.0,-999.0,139.55623106,35.89059653,0.21511000394821167,0.21511000394821167,,,,,55249.29931713,-999.0,-0.6165497346190717,0.5255376165713466,0.586239403579852,130.7570180138672,19.197004826309005,188.07031420921976,44.28103905807907,-999,0,1,0,0,1,0,0,-999.0,-999.0,-999.0,-999.0,0,-999.0,-999.0,-999.0,-999.0,-999.0,0,-999.0,-999.0,-999.0,0,0,-999.0,-999.0,-999.0,-999.0,0,-999.0,-999.0,-999.0,-999.0,-999.0,0,-999.0,-999.0,-999.0,0,0,0.8036609888076782,21.157499313354492,0.21458600461483002,-999.0,1,21.157499313354492,21.157499313354492,-999.0,-999.0,-999.0,0,21.7716007232666,0.21458600461483002,-999.0,1,4120,-999.0,-999.0,-999.0,-999.0,0,-999.0,-999.0,-999.0,-999.0,-999.0,0,-999.0,-999.0,-999.0,0,0,-999.0,-999.0,-999.0,-999.0,0,-999.0,-999.0,-999.0,-999.0,-999.0,0,-999.0,-999.0,-999.0,0,0,0.03793027989113438
PSO J139.5561+35.8899,-999,-999,-999,151061395560918517,3578835000013475,214022515340450,0,16486949153211,15106,1,2038,90,0.512651182257245,3578835,49831,3,268513280,0,32,-999.0,-999.0,-999.0,-999.0,139.55611777,35.88993094,0.015690000727772713,0.015690000727772713,,,,,55248.25677083,-999.0,-0.6165538782771527,0.5255432534182475,0.5862299923818004,130.75715187366092,19.19634493796188,188.07123056544634,44.28089399741614,-999,0,1,0,0,0,0,1,-999.0,-999.0,-999.0,-999.0,0,-999.0,-999.0,-999.0,-999.0,-999.0,0,-999.0,-999.0,-999.0,0,0,-999.0,-999.0,-999.0,-999.0,0,-999.0,-999.0,-999.0,-999.0,-999.0,0,-999.0,-999.0,-999.0,0,0,-999.0,-999.0,-999.0,-999.0,0,-999.0,-999.0,-999.0,-999.0,-999.0,0,-999.0,-999.0,-999.0,0,0,-999.0,-999.0,-999.0,-999.0,0,-999.0,-999.0,-999.0,-999.0,-999.0,0,-999.0,-999.0,-999.0,0,0,0.9984509944915771,15.153599739074707,0.004606999922543764,-999.0,1,15.153599739074707,15.153599739074707,16.045900344848633,0.014170000329613686,-999.0,1,15.984100341796875,0.004606999922543764,-999.0,1,24,0.038365242698135134
PSO J139.5546+35.8907,-999,-999,-999,151061395545849387,3578835000013096,214022515340071,0,16486949152962,15106,1,2038,90,0.00186987966473203,3578835,49831,3,268959744,0,32,-999.0,-999.0,-999.0,-999.0,139.5545966,35.89066262,0.20247000455856323,0.20247000455856323,,,,,55249.29931713,-999.0,-0.6165342278893039,0.5255547658120137,0.5862403380638517,130.75566746455317,19.196642982107022,188.07007331368584,44.279724537787025,-999,0,1,0,0,1,0,0,-999.0,-999.0,-999.0,-999.0,0,-999.0,-999.0,-999.0,-999.0,-999.0,0,-999.0,-999.0,-999.0,0,0,-999.0,-999.0,-999.0,-999.0,0,-999.0,-999.0,-999.0,-999.0,-999.0,0,-999.0,-999.0,-999.0,0,0,0.6637200117111206,20.95159912109375,0.2019139975309372,-999.0,1,20.95159912109375,20.95159912109375,-999.0,-999.0,-999.0,0,21.051799774169922,0.2019139975309372,-999.0,1,4120,-999.0,-999.0,-999.0,-999.0,0,-999.0,-999.0,-999.0,-999.0,-999.0,0,-999.0,-999.0,-999.0,0,0,-999.0,-999.0,-999.0,-999.0,0,-999.0,-999.0,-999.0,-999.0,-999.0,0,-999.0,-999.0,-999.0,0,0,0.039024163925884
PSO J139.6273+35.8825,-999,-999,-999,151051396272279587,3578835000031163,214022515358138,0,16486947843571,15105,1,2038,90,0.530523227090503,3578835,49831,3,436527104,7,52,139.62725948,35.88251319,0.0010000000474974513,0.0010000000474974513,139.62727928854707,35.882526296477124,0.02794324050235063,0.02794324050235063,44.0284802700996,-33.02573551653105,15.770793559957623,15.770793559957623,56340.41233213455,3.048995018005371,-0.6172638423960755,0.5248261574189512,0.5861252881076632,130.81749232240693,19.207820234032507,188.0880134557493,44.337767185112206,-999,8,13,0,0,6,7,0,-999.0,-999.0,-999.0,-999.0,0,-999.0,-999.0,-999.0,-999.0,-999.0,0,-999.0,-999.0,-999.0,0,16416,-999.0,-999.0,-999.0,-999.0,0,-999.0,-999.0,-999.0,-999.0,-999.0,0,-999.0,-999.0,-999.0,0,114720,0.9985780119895935,21.848600387573242,0.04373300075531006,0.11547999829053879,6,21.653099060058594,21.938400268554688,21.572200775146484,0.15887899696826935,0.3663040101528168,6,21.684099197387695,0.08361399918794632,0.22294700145721436,6,115000,0.9991869926452637,20.816600799560547,0.13137400150299072,0.3143880069255829,5,20.39940071105957,21.09869956970215,20.824800491333008,0.16606900095939636,0.743490993976593,4,20.963899612426758,0.05988999828696251,0.12883199751377106,5,115000,-999.0,-999.0,-999.0,-999.0,0,-999.0,-999.0,-999.0,-999.0,-999.0,0,-999.0,-999.0,-999.0,0,114720,0.03798333807669784
PSO J139.6116+35.8837,-999,-999,-999,151061396116481000,3578835000027474,214022515354449,0,16486947775763,15106,1,2038,90,0.847030848122231,3578835,49831,3,268513280,0,32,-999.0,-999.0,-999.0,-999.0,139.61162289,35.88372181,0.021449999883770943,0.021449999883770943,,,,,55250.29357639,-999.0,-0.6171110923449219,0.5249868840327263,0.5861421937537563,130.80436319018375,19.204884788576866,188.0849245922535,44.32521910138114,-999,0,1,0,0,1,0,0,-999.0,-999.0,-999.0,-999.0,0,-999.0,-999.0,-999.0,-999.0,-999.0,0,-999.0,-999.0,-999.0,0,0,-999.0,-999.0,-999.0,-999.0,0,-999.0,-999.0,-999.0,-999.0,-999.0,0,-999.0,-999.0,-999.0,0,0,0.9996629953384399,17.95949935913086,0.01532800029963255,-999.0,1,17.95949935913086,17.95949935913086,18.18280029296875,0.028450999408960342,-999.0,1,18.03860092163086,0.01532800029963255,-999.0,1,16,-999.0,-999.0,-999.0,-999.0,0,-999.0,-999.0,-999.0,-999.0,-999.0,0,-999.0,-999.0,-999.0,0,0,-999.0,-999.0,-999.0,-999.0,0,-999.0,-999.0,-999.0,-999.0,-999.0,0,-999.0,-999.0,-999.0,0,0,0.029878839575076924
PSO J139.6119+35.8894,-999,-999,-999,151061396118927842,3578835000027541,214022515354516,0,16486947808579,15106,1,2038,90,0.503825356721715,3578835,49831,3,268959744,0,32,-999.0,-999.0,-999.0,-999.0,139.61190611,35.88935037,0.13839000463485718,0.13839000463485718,,,,,56759.31069444,-999.0,-0.6170698266988673,0.5249465208921146,0.5862217832707127,130.80268103630925,19.21028941300808,188.0771076033202,44.32589841239425,-999,0,1,0,0,1,0,0,-999.0,-999.0,-999.0,-999.0,0,-999.0,-999.0,-999.0,-999.0,-999.0,0,-999.0,-999.0,-999.0,0,0,-999.0,-999.0,-999.0,-999.0,0,-999.0,-999.0,-999.0,-999.0,-999.0,0,-999.0,-999.0,-999.0,0,0,0.6664339900016785,16.219499588012695,0.1375730037689209,-999.0,1,16.219499588012695,16.219499588012695,-999.0,-999.0,-999.0,0,18.108999252319336,0.1375730037689209,-999.0,1,4112,-999.0,-999.0,-999.0,-999.0,0,-999.0,-999.0,-999.0,-999.0,-999.0,0,-999.0,-999.0,-999.0,0,0,-999.0,-999.0,-999.0,-999.0,0,-999.0,-999.0,-999.0,-999.0,-999.0,0,-999.0,-999.0,-999.0,0,0,0.02502101383813579
PSO J139.6120+35.8902,-999,-999,-999,151061396119638838,3578835000027565,214022515354540,0,16486947810521,15106,1,2038,90,0.452648071062423,3578835,49831,3,268959744,0,32,-999.0,-999.0,-999.0,-999.0,139.61197265,35.89019672,0.2691200077533722,0.2691200077533722,,,,,55651.26361111,-999.0,-0.617063840613135,0.524940193234375,0.5862337504228365,130.80244754667862,19.21110831437868,188.07593433947403,44.326019852659954,-999,0,1,0,0,0,0,1,-999.0,-999.0,-999.0,-999.0,0,-999.0,-999.0,-999.0,-999.0,-999.0,0,-999.0,-999.0,-999.0,0,0,-999.0,-999.0,-999.0,-999.0,0,-999.0,-999.0,-999.0,-999.0,-999.0,0,-999.0,-999.0,-999.0,0,0,-999.0,-999.0,-999.0,-999.0,0,-999.0,-999.0,-999.0,-999.0,-999.0,0,-999.0,-999.0,-999.0,0,0,-999.0,-999.0,-999.0,-999.0,0,-999.0,-999.0,-999.0,-999.0,-999.0,0,-999.0,-999.0,-999.0,0,0,0.6561809778213501,19.943599700927734,0.26870501041412354,-999.0,1,19.943599700927734,19.943599700927734,-999.0,-999.0,-999.0,0,22.44580078125,0.26870501041412354,-999.0,1,4120,0.024329880336111276
PSO J139.6120+35.8883,-999,-999,-999,151061396119816568,3578835000027568,214022515354543,0,16486947808974,15106,1,2038,90,0.22148279214416,3578835,49831,3,277348352,0,33,-999.0,-999.0,-999.0,-999.0,139.61199078,35.88831087,0.07887999713420868,0.07887999713420868,,,,,55268.34509259,-999.0,-0.6170787032401501,0.524952500395382,0.5862070848566157,130.80310301543338,19.20932687642884,188.07856369660948,44.325883614425756,-999,0,1,0,1,0,0,0,-999.0,-999.0,-999.0,-999.0,0,-999.0,-999.0,-999.0,-999.0,-999.0,0,-999.0,-999.0,-999.0,0,0,0.5600169897079468,20.283300399780273,0.07743699848651886,-999.0,1,20.283300399780273,20.283300399780273,20.01099967956543,0.05067500099539757,-999.0,1,19.90559959411621,0.07743699848651886,-999.0,1,16781336,-999.0,-999.0,-999.0,-999.0,0,-999.0,-999.0,-999.0,-999.0,-999.0,0,-999.0,-999.0,-999.0,0,0,-999.0,-999.0,-999.0,-999.0,0,-999.0,-999.0,-999.0,-999.0,-999.0,0,-999.0,-999.0,-999.0,0,0,-999.0,-999.0,-999.0,-999.0,0,-999.0,-999.0,-999.0,-999.0,-999.0,0,-999.0,-999.0,-999.0,0,0,0.025950086362338205
PSO J139.6120+35.8830,-999,-999,-999,151061396119950162,3578835000027566,214022515354541,0,16486947775778,15106,1,2038,90,0.591418348803575,3578835,49831,3,268513280,0,32,-999.0,-999.0,-999.0,-999.0,139.611969,35.88302453,0.024299999698996544,0.024299999698996544,,,,,55250.29357639,-999.0,-0.6171196968174979,0.5249877782324769,0.5861323336128175,130.80488133134853,19.204314336845975,188.0859275544269,44.325442765396964,-999,0,1,0,0,1,0,0,-999.0,-999.0,-999.0,-999.0,0,-999.0,-999.0,-999.0,-999.0,-999.0,0,-999.0,-999.0,-999.0,0,0,-999.0,-999.0,-999.0,-999.0,0,-999.0,-999.0,-999.0,-999.0,-999.0,0,-999.0,-999.0,-999.0,0,0,0.9979730248451233,18.29290008544922,0.01912200078368187,-999.0,1,18.29290008544922,18.29290008544922,18.547300338745117,0.03854700177907944,-999.0,1,18.564300537109375,0.01912200078368187,-999.0,1,16,-999.0,-999.0,-999.0,-999.0,0,-999.0,-999.0,-999.0,-999.0,-999.0,0,-999.0,-999.0,-999.0,0,0,-999.0,-999.0,-999.0,-999.0,0,-999.0,-999.0,-999.0,-999.0,-999.0,0,-999.0,-999.0,-999.0,0,0,0.030629166086975936
PSO J139.6125+35.8901,-999,-999,-999,151061396125168698,3578835000027704,214022515354679,0,16486947808739,15106,1,2038,90,0.0276733422909615,3578835,49831,3,302067712,0,36,-999.0,-999.0,-999.0,-999.0,139.61252989,35.89006241,0.2123900055885315,0.2123900055885315,,,,,55250.27944444,-999.0,-0.617069992695349,0.5249350822781435,0.5862318513255661,130.8029459722523,19.21112594847566,188.0761719638655,44.32645910674276,-999,0,1,0,0,0,0,1,-999.0,-999.0,-999.0,-999.0,0,-999.0,-999.0,-999.0,-999.0,-999.0,0,-999.0,-999.0,-999.0,0,0,-999.0,-999.0,-999.0,-999.0,0,-999.0,-999.0,-999.0,-999.0,-999.0,0,-999.0,-999.0,-999.0,0,0,-999.0,-999.0,-999.0,-999.0,0,-999.0,-999.0,-999.0,-999.0,-999.0,0,-999.0,-999.0,-999.0,0,0,-999.0,-999.0,-999.0,-999.0,0,-999.0,-999.0,-999.0,-999.0,-999.0,0,-999.0,-999.0,-999.0,0,0,0.8754410147666931,18.047500610351562,0.21186399459838867,-999.0,1,18.047500610351562,18.047500610351562,-999.0,-999.0,-999.0,1,21.59239959716797,0.21186399459838867,-999.0,1,272,0.024686833529089704
PSO J139.6128+35.8835,-999,-999,-999,151061396127980786,3578835000027770,214022515354745,0,16486947780098,15106,1,2038,90,0.316722535823213,3578835,49831,3,268959744,0,32,-999.0,-999.0,-999.0,-999.0,139.61282025,35.8834867,0.2745400071144104,0.2745400071144104,,,,,55249.30418981,-999.0,-0.6171238953166895,0.52497554605265,0.5861388691051617,130.80541604264593,19.20497335097883,188.08536080832968,44.32616726444083,-999,0,1,0,1,0,0,0,-999.0,-999.0,-999.0,-999.0,0,-999.0,-999.0,-999.0,-999.0,-999.0,0,-999.0,-999.0,-999.0,0,0,0.6950719952583313,22.228700637817383,0.2741290032863617,-999.0,1,22.228700637817383,22.228700637817383,-999.0,-999.0,-999.0,0,22.908700942993164,0.2741290032863617,-999.0,1,4120,-999.0,-999.0,-999.0,-999.0,0,-999.0,-999.0,-999.0,-999.0,-999.0,0,-999.0,-999.0,-999.0,0,0,-999.0,-999.0,-999.0,-999.0,0,-999.0,-999.0,-999.0,-999.0,-999.0,0,-999.0,-999.0,-999.0,0,0,-999.0,-999.0,-999.0,-999.0,0,-999.0,-999.0,-999.0,-999.0,-999.0,0,-999.0,-999.0,-999.0,0,0,0.030514890900101493
PSO J139.6129+35.8892,-999,-999,-999,151061396128627631,3578835000027787,214022515354762,0,16486947809059,15106,1,2038,90,0.00329900253871363,3578835,49831,3,302067712,0,36,-999.0,-999.0,-999.0,-999.0,139.61289441,35.88918218,0.22934000194072723,0.22934000194072723,,,,,55250.25818287,-999.0,-0.6170801921871916,0.5249369919325263,0.58621940509595,130.80354124059951,19.21038700579433,188.0774314994131,44.32668306318712,-999,0,1,0,0,0,1,0,-999.0,-999.0,-999.0,-999.0,0,-999.0,-999.0,-999.0,-999.0,-999.0,0,-999.0,-999.0,-999.0,0,0,-999.0,-999.0,-999.0,-999.0,0,-999.0,-999.0,-999.0,-999.0,-999.0,0,-999.0,-999.0,-999.0,0,0,-999.0,-999.0,-999.0,-999.0,0,-999.0,-999.0,-999.0,-999.0,-999.0,0,-999.0,-999.0,-999.0,0,0,0.8554800152778625,20.632200241088867,0.2288540005683899,-999.0,1,20.632200241088867,20.632200241088867,-999.0,-999.0,-999.0,0,20.624399185180664,0.2288540005683899,-999.0,1,280,-999.0,-999.0,-999.0,-999.0,0,-999.0,-999.0,-999.0,-999.0,-999.0,0,-999.0,-999.0,-999.0,0,0,0.025586690304517445
PSO J139.6130+35.8877,-999,-999,-999,151061396129885802,3578835000027812,214022515354787,0,16486947809102,15106,1,2038,90,0.170710737975976,3578835,49831,3,268959744,0,32,-999.0,-999.0,-999.0,-999.0,139.61302773,35.88766769,0.20510999858379364,0.20510999858379364,,,,,56759.28498843,-999.0,-0.6170932160875093,0.5249455961014357,0.5861979902664995,130.80416414035108,19.20898723909732,188.0795538722997,44.32666955148188,-999,0,1,0,0,1,0,0,-999.0,-999.0,-999.0,-999.0,0,-999.0,-999.0,-999.0,-999.0,-999.0,0,-999.0,-999.0,-999.0,0,0,-999.0,-999.0,-999.0,-999.0,0,-999.0,-999.0,-999.0,-999.0,-999.0,0,-999.0,-999.0,-999.0,0,0,0.7439150214195251,20.29319953918457,0.20456400513648987,-999.0,1,20.29319953918457,20.29319953918457,-999.0,-999.0,-999.0,0,20.27359962463379,0.20456400513648987,-999.0,1,4112,-999.0,-999.0,-999.0,-999.0,0,-999.0,-999.0,-999.0,-999.0,-999.0,0,-999.0,-999.0,-999.0,0,0,-999.0,-999.0,-999.0,-999.0,0,-999.0,-999.0,-999.0,-999.0,-999.0,0,-999.0,-999.0,-999.0,0,0,0.02693120112597904
PSO J139.6134+35.8906,-999,-999,-999,151061396134049307,3578835000027914,214022515354889,0,16486947808564,15106,1,2038,90,0.553208529533081,3578835,49831,3,310456320,0,37,-999.0,-999.0,-999.0,-999.0,139.61344495,35.89059439,0.16287000477313995,0.16287000477313995,,,,,55250.33664352,-999.0,-0.6170742303119422,0.5249217003067523,0.586239373321165,130.80350876218142,19.211867656959225,188.0755135792666,44.32724060623595,-999,0,1,1,0,0,0,0,0.9984840154647827,21.129499435424805,0.16217400133609772,-999.0,1,21.129499435424805,21.129499435424805,20.458799362182617,0.19152699410915375,-999.0,1,20.40369987487793,0.16217400133609772,-999.0,1,16777496,-999.0,-999.0,-999.0,-999.0,0,-999.0,-999.0,-999.0,-999.0,-999.0,0,-999.0,-999.0,-999.0,0,0,-999.0,-999.0,-999.0,-999.0,0,-999.0,-999.0,-999.0,-999.0,-999.0,0,-999.0,-999.0,-999.0,0,0,-999.0,-999.0,-999.0,-999.0,0,-999.0,-999.0,-999.0,-999.0,-999.0,0,-999.0,-999.0,-999.0,0,0,-999.0,-999.0,-999.0,-999.0,0,-999.0,-999.0,-999.0,-999.0,-999.0,0,-999.0,-999.0,-999.0,0,0,0.024662321534262135
PSO J139.6131+35.8839,-999,-999,-999,151061396134201415,3578835000027912,214022515354887,0,16486947778826,15106,1,2038,90,0.0770596583160196,3578835,49831,3,268513280,0,32,-999.0,-999.0,-999.0,-999.0,139.61314338,35.88393607,0.03342000022530556,0.03342000022530556,,,,,56759.32336806,-999.0,-0.6171233544481216,0.5249690869901603,0.5861452235576227,130.80552594714794,19.20548296070418,188.08476397402958,44.326464216397824,-999,0,2,0,0,2,0,0,-999.0,-999.0,-999.0,-999.0,0,-999.0,-999.0,-999.0,-999.0,-999.0,0,-999.0,-999.0,-999.0,0,0,-999.0,-999.0,-999.0,-999.0,0,-999.0,-999.0,-999.0,-999.0,-999.0,0,-999.0,-999.0,-999.0,0,0,0.9984729886054993,20.895099639892578,0.2484080046415329,-999.0,1,20.895099639892578,20.895099639892578,18.851200103759766,0.046828001737594604,-999.0,1,22.27589988708496,0.2484080046415329,-999.0,1,16781336,-999.0,-999.0,-999.0,-999.0,0,-999.0,-999.0,-999.0,-999.0,-999.0,0,-999.0,-999.0,-999.0,0,0,-999.0,-999.0,-999.0,-999.0,0,-999.0,-999.0,-999.0,-999.0,-999.0,0,-999.0,-999.0,-999.0,0,0,0.030234102051544382
PSO J139.6138+35.8831,-999,-999,-999,151061396137710311,3578835000027995,214022515354970,0,16486947782387,15106,1,2038,90,0.182374156250036,3578835,49831,3,436285440,0,52,139.6134208,35.88297674,0.0010000000474974513,0.0010000000474974513,139.61379438,35.88309483,0.19151000678539276,0.19151000678539276,,,,,57035.55862269,-999.0,-0.6171358742486177,0.5249676512433441,0.58613332771942,130.80634075943735,19.20485541935442,188.08599520267015,44.326922594393075,-999,4,1,0,0,1,0,0,-999.0,-999.0,-999.0,-999.0,0,-999.0,-999.0,-999.0,-999.0,-999.0,0,-999.0,-999.0,-999.0,0,16416,-999.0,-999.0,-999.0,-999.0,0,-999.0,-999.0,-999.0,-999.0,-999.0,0,-999.0,-999.0,-999.0,0,114720,0.9981709718704224,21.727100372314453,0.19091999530792236,-999.0,1,21.727100372314453,21.727100372314453,21.249900817871094,0.2895070016384125,-999.0,1,21.258699417114258,0.19091999530792236,-999.0,1,115000,-999.0,-999.0,-999.0,-999.0,0,-999.0,-999.0,-999.0,-999.0,-999.0,0,-999.0,-999.0,-999.0,0,16416,-999.0,-999.0,-999.0,-999.0,0,-999.0,-999.0,-999.0,-999.0,-999.0,0,-999.0,-999.0,-999.0,0,16416,0.031223955125317903
PSO J139.6141+35.8897,-999,-999,-999,151061396141258263,3578835000028078,214022515355053,0,16486947812980,15106,1,2038,90,0.505614817613377,3578835,49831,3,268959744,0,32,-999.0,-999.0,-999.0,-999.0,139.61413928,35.88970104,0.3190400004386902,0.3190400004386902,,,,,56759.31069444,-999.0,-0.6170875537410654,0.5249201447633294,0.5862267416618873,130.80437648543023,19.211202020930703,188.0768212812693,44.32772986563431,-999,0,1,0,0,1,0,0,-999.0,-999.0,-999.0,-999.0,0,-999.0,-999.0,-999.0,-999.0,-999.0,0,-999.0,-999.0,-999.0,0,0,-999.0,-999.0,-999.0,-999.0,0,-999.0,-999.0,-999.0,-999.0,-999.0,0,-999.0,-999.0,-999.0,0,0,0.6668270230293274,17.111299514770508,0.3186889886856079,-999.0,1,17.111299514770508,17.111299514770508,-999.0,-999.0,-999.0,0,17.887100219726562,0.3186889886856079,-999.0,1,4112,-999.0,-999.0,-999.0,-999.0,0,-999.0,-999.0,-999.0,-999.0,-999.0,0,-999.0,-999.0,-999.0,0,0,-999.0,-999.0,-999.0,-999.0,0,-999.0,-999.0,-999.0,-999.0,-999.0,0,-999.0,-999.0,-999.0,0,0,0.02571663995982059
PSO J139.6146+35.8860,-999,-999,-999,151061396145533827,3578835000028166,214022515355141,0,16486947778660,15106,1,2038,90,0.730991202156051,3578835,49831,3,268513280,0,32,-999.0,-999.0,-999.0,-999.0,139.6145965,35.88602938,0.024059999734163284,0.024059999734163284,,,,,55250.271875,-999.0,-0.6171203561555539,0.524939559885232,0.5861748241659147,130.80599552870018,19.207843334735937,188.08197890315762,44.327805340893306,-999,0,1,0,0,0,0,1,-999.0,-999.0,-999.0,-999.0,0,-999.0,-999.0,-999.0,-999.0,-999.0,0,-999.0,-999.0,-999.0,0,0,-999.0,-999.0,-999.0,-999.0,0,-999.0,-999.0,-999.0,-999.0,-999.0,0,-999.0,-999.0,-999.0,0,0,-999.0,-999.0,-999.0,-999.0,0,-999.0,-999.0,-999.0,-999.0,-999.0,0,-999.0,-999.0,-999.0,0,0,-999.0,-999.0,-999.0,-999.0,0,-999.0,-999.0,-999.0,-999.0,-999.0,0,-999.0,-999.0,-999.0,0,0,0.9973260164260864,16.795499801635742,0.018810000270605087,-999.0,1,16.795499801635742,16.795499801635742,17.333099365234375,0.040995001792907715,-999.0,1,17.296199798583984,0.018810000270605087,-999.0,1,16,0.02899116573593772
PSO J139.6155+35.8906,-999,-999,-999,151061396155059352,3578835000028372,214022515355347,0,16486947813124,15106,1,2038,90,0.0252671828728795,3578835,49831,3,310456320,0,37,-999.0,-999.0,-999.0,-999.0,139.61551416,35.89058731,0.14496999979019165,0.14496999979019165,,,,,55250.35447917,-999.0,-0.617093242388114,0.5248994615558694,0.58623927321298,130.8051925209281,19.212398818956984,188.07571082366678,44.328911017996944,-999,0,1,1,0,0,0,0,0.990447998046875,21.331100463867188,0.1441899985074997,-999.0,1,21.331100463867188,21.331100463867188,20.709199905395508,0.1601029932498932,-999.0,1,20.753000259399414,0.1441899985074997,-999.0,1,16777496,-999.0,-999.0,-999.0,-999.0,0,-999.0,-999.0,-999.0,-999.0,-999.0,0,-999.0,-999.0,-999.0,0,0,-999.0,-999.0,-999.0,-999.0,0,-999.0,-999.0,-999.0,-999.0,-999.0,0,-999.0,-999.0,-999.0,0,0,-999.0,-999.0,-999.0,-999.0,0,-999.0,-999.0,-999.0,-999.0,-999.0,0,-999.0,-999.0,-999.0,0,0,-999.0,-999.0,-999.0,-999.0,0,-999.0,-999.0,-999.0,-999.0,-999.0,0,-999.0,-999.0,-999.0,0,0,0.0256703610855714
PSO J139.6155+35.8899,-999,-999,-999,151061396155168511,3578835000028374,214022515355349,0,16486947813354,15106,1,2038,90,0.809094865628607,3578835,49831,3,268959744,0,32,-999.0,-999.0,-999.0,-999.0,139.6155303,35.88990794,0.15604999661445618,0.15604999661445618,,,,,56759.31069444,-999.0,-0.6170986850189845,0.5249037914503524,0.5862296671688368,130.80543647594368,19.211759565520985,188.0766589600953,44.32886973150116,-999,0,1,0,0,1,0,0,-999.0,-999.0,-999.0,-999.0,0,-999.0,-999.0,-999.0,-999.0,-999.0,0,-999.0,-999.0,-999.0,0,0,-999.0,-999.0,-999.0,-999.0,0,-999.0,-999.0,-999.0,-999.0,-999.0,0,-999.0,-999.0,-999.0,0,0,0.7574570178985596,16.50589942932129,0.15532299876213074,-999.0,1,16.50589942932129,16.50589942932129,-999.0,-999.0,-999.0,0,17.678800582885742,0.15532299876213074,-999.0,1,4112,-999.0,-999.0,-999.0,-999.0,0,-999.0,-999.0,-999.0,-999.0,-999.0,0,-999.0,-999.0,-999.0,0,0,-999.0,-999.0,-999.0,-999.0,0,-999.0,-999.0,-999.0,-999.0,-999.0,0,-999.0,-999.0,-999.0,0,0,0.026215312666715042
PSO J139.6155+35.8838,-999,-999,-999,151061396156380945,3578835000028398,214022515355373,0,16486947779342,15106,1,2038,90,0.965580211920273,3578835,49831,3,302067712,0,36,-999.0,-999.0,-999.0,-999.0,139.61550503,35.8838294,0.15419000387191772,0.15419000387191772,,,,,55268.33615741,-999.0,-0.6171458236182257,0.5249443566391461,0.5861437151614737,130.8074812632384,19.205995840970488,188.08512679362474,44.32836295463958,-999,0,2,0,1,1,0,0,-999.0,-999.0,-999.0,-999.0,0,-999.0,-999.0,-999.0,-999.0,-999.0,0,-999.0,-999.0,-999.0,0,0,0.9996680021286011,21.62689971923828,0.15345999598503113,-999.0,1,21.62689971923828,21.62689971923828,20.471799850463867,0.129489004611969,-999.0,1,20.741300582885742,0.15345999598503113,-999.0,1,16777496,0.6619060039520264,20.726299285888672,0.2446810007095337,-999.0,1,20.726299285888672,20.726299285888672,-999.0,-999.0,-999.0,0,22.23870086669922,0.2446810007095337,-999.0,1,4120,-999.0,-999.0,-999.0,-999.0,0,-999.0,-999.0,-999.0,-999.0,-999.0,0,-999.0,-999.0,-999.0,0,0,-999.0,-999.0,-999.0,-999.0,0,-999.0,-999.0,-999.0,-999.0,-999.0,0,-999.0,-999.0,-999.0,0,0,0.031256017843854005
PSO J139.6157+35.8877,-999,-999,-999,151061396156675917,3578835000028411,214022515355386,0,16486947812410,15106,1,2038,90,0.820131451655302,3578835,49831,3,268959744,0,32,-999.0,-999.0,-999.0,-999.0,139.61571283,35.88773892,0.26335999369621277,0.26335999369621277,,,,,55903.57219907,-999.0,-0.6171172612652713,0.5249162039977113,0.5861989974650963,130.8063217855638,19.2097526770047,188.07969792902333,44.32884365707497,-999,0,1,0,0,0,0,1,-999.0,-999.0,-999.0,-999.0,0,-999.0,-999.0,-999.0,-999.0,-999.0,0,-999.0,-999.0,-999.0,0,0,-999.0,-999.0,-999.0,-999.0,0,-999.0,-999.0,-999.0,-999.0,-999.0,0,-999.0,-999.0,-999.0,0,0,-999.0,-999.0,-999.0,-999.0,0,-999.0,-999.0,-999.0,-999.0,-999.0,0,-999.0,-999.0,-999.0,0,0,-999.0,-999.0,-999.0,-999.0,0,-999.0,-999.0,-999.0,-999.0,-999.0,0,-999.0,-999.0,-999.0,0,0,0.5665270090103149,20.222000122070312,0.2629309892654419,-999.0,1,20.222000122070312,20.222000122070312,-999.0,-999.0,-999.0,0,20.508399963378906,0.2629309892654419,-999.0,1,4120,0.028055161500510024
PSO J139.6157+35.8881,-999,-999,-999,151061396157006381,3578835000028418,214022515355393,0,16486947812375,15106,1,2038,90,0.00184813700788481,3578835,49831,3,268959744,0,32,-999.0,-999.0,-999.0,-999.0,139.61574124,35.88812926,0.2631399929523468,0.2631399929523468,,,,,55903.56032407,-999.0,-0.6171144795326304,0.5249133104875325,0.5862045168916645,130.80621224183352,19.210129763697267,188.0791565815679,44.32889782504871,-999,0,1,0,0,0,0,1,-999.0,-999.0,-999.0,-999.0,0,-999.0,-999.0,-999.0,-999.0,-999.0,0,-999.0,-999.0,-999.0,0,0,-999.0,-999.0,-999.0,-999.0,0,-999.0,-999.0,-999.0,-999.0,-999.0,0,-999.0,-999.0,-999.0,0,0,-999.0,-999.0,-999.0,-999.0,0,-999.0,-999.0,-999.0,-999.0,-999.0,0,-999.0,-999.0,-999.0,0,0,-999.0,-999.0,-999.0,-999.0,0,-999.0,-999.0,-999.0,-999.0,-999.0,0,-999.0,-999.0,-999.0,0,0,0.5805860161781311,20.219499588012695,0.26271000504493713,-999.0,1,20.219499588012695,20.219499588012695,-999.0,-999.0,-999.0,0,21.4867000579834,0.26271000504493713,-999.0,1,4120,0.02774920039664854
PSO J139.6160+35.8834,-999,-999,-999,151061396159460715,3578835000028470,214022515355445,0,16486947782007,15106,1,2038,90,0.65373213277546,3578835,49831,3,268959744,0,32,-999.0,-999.0,-999.0,-999.0,139.61596235,35.88344206,0.20058999955654144,0.20058999955654144,,,,,55249.28607639,-999.0,-0.6171530318962483,0.5249419980743228,0.5861382378577652,130.8079844846945,19.205747863037658,188.0857080003552,44.328701276739835,-999,0,1,0,0,1,0,0,-999.0,-999.0,-999.0,-999.0,0,-999.0,-999.0,-999.0,-999.0,-999.0,0,-999.0,-999.0,-999.0,0,0,-999.0,-999.0,-999.0,-999.0,0,-999.0,-999.0,-999.0,-999.0,-999.0,0,-999.0,-999.0,-999.0,0,0,0.6254680156707764,20.437000274658203,0.20002900063991547,-999.0,1,20.437000274658203,20.437000274658203,-999.0,-999.0,-999.0,0,22.15839958190918,0.20002900063991547,-999.0,1,4120,-999.0,-999.0,-999.0,-999.0,0,-999.0,-999.0,-999.0,-999.0,-999.0,0,-999.0,-999.0,-999.0,0,0,-999.0,-999.0,-999.0,-999.0,0,-999.0,-999.0,-999.0,-999.0,-999.0,0,-999.0,-999.0,-999.0,0,0,0.03177812091214261
PSO J139.6160+35.8911,-999,-999,-999,151061396159929891,3578835000028489,214022515355464,0,16486947814541,15106,1,2038,90,0.272339470006842,3578835,49831,3,268959744,0,32,-999.0,-999.0,-999.0,-999.0,139.61601292,35.89108782,0.25071999430656433,0.25071999430656433,,,,,56344.39150463,-999.0,-0.6170939107359242,0.5248907717063527,0.5862463501891955,130.80542772333393,19.213002514061824,188.07505853675005,44.32935380096763,-999,0,1,0,1,0,0,0,-999.0,-999.0,-999.0,-999.0,0,-999.0,-999.0,-999.0,-999.0,-999.0,0,-999.0,-999.0,-999.0,0,0,0.49729999899864197,21.05430030822754,0.25026899576187134,-999.0,1,21.05430030822754,21.05430030822754,-999.0,-999.0,-999.0,0,-999.0,-999.0,-999.0,0,4120,-999.0,-999.0,-999.0,-999.0,0,-999.0,-999.0,-999.0,-999.0,-999.0,0,-999.0,-999.0,-999.0,0,0,-999.0,-999.0,-999.0,-999.0,0,-999.0,-999.0,-999.0,-999.0,-999.0,0,-999.0,-999.0,-999.0,0,0,-999.0,-999.0,-999.0,-999.0,0,-999.0,-999.0,-999.0,-999.0,-999.0,0,-999.0,-999.0,-999.0,0,0,0.025534961896078387
PSO J139.6161+35.8865,-999,-999,-999,151061396160904392,3578835000028511,214022515355486,0,16486947771411,15106,1,2038,90,0.645825751727285,3578835,49831,3,268959744,0,32,-999.0,-999.0,-999.0,-999.0,139.61613485,35.88646928,0.2976300120353699,0.2976300120353699,,,,,55903.57219907,-999.0,-0.6171310220537725,0.5249200745648385,0.5861810445056294,130.8070961033154,19.208659871019947,188.0815053572199,44.329082891050945,-999,0,1,0,0,0,0,1,-999.0,-999.0,-999.0,-999.0,0,-999.0,-999.0,-999.0,-999.0,-999.0,0,-999.0,-999.0,-999.0,0,0,-999.0,-999.0,-999.0,-999.0,0,-999.0,-999.0,-999.0,-999.0,-999.0,0,-999.0,-999.0,-999.0,0,0,-999.0,-999.0,-999.0,-999.0,0,-999.0,-999.0,-999.0,-999.0,-999.0,0,-999.0,-999.0,-999.0,0,0,-999.0,-999.0,-999.0,-999.0,0,-999.0,-999.0,-999.0,-999.0,-999.0,0,-999.0,-999.0,-999.0,0,0,0.6721069812774658,20.452899932861328,0.29725098609924316,-999.0,1,20.452899932861328,20.452899932861328,-999.0,-999.0,-999.0,0,21.77829933166504,0.29725098609924316,-999.0,1,4120,0.029295562847125502
PSO J139.6162+35.8862,-999,-999,-999,151061396161634055,3578835000028527,214022515355502,0,16486947778704,15106,1,2038,90,0.370700751776528,3578835,49831,3,268513280,0,32,-999.0,-999.0,-999.0,-999.0,139.61619807,35.88622042,0.01623000018298626,0.01623000018298626,,,,,55250.34270833,-999.0,-0.6171335406119066,0.5249210432061825,0.5861775255425146,130.80723203112822,19.208440603201193,188.0818578626081,44.32911403341348,-999,0,1,1,0,0,0,0,0.9996659755706787,17.625999450683594,0.006101000122725964,-999.0,1,17.625999450683594,17.625999450683594,18.55660057067871,0.01747399941086769,-999.0,1,18.450899124145508,0.006101000122725964,-999.0,1,24,-999.0,-999.0,-999.0,-999.0,0,-999.0,-999.0,-999.0,-999.0,-999.0,0,-999.0,-999.0,-999.0,0,0,-999.0,-999.0,-999.0,-999.0,0,-999.0,-999.0,-999.0,-999.0,-999.0,0,-999.0,-999.0,-999.0,0,0,-999.0,-999.0,-999.0,-999.0,0,-999.0,-999.0,-999.0,-999.0,-999.0,0,-999.0,-999.0,-999.0,0,0,-999.0,-999.0,-999.0,-999.0,0,-999.0,-999.0,-999.0,-999.0,-999.0,0,-999.0,-999.0,-999.0,0,0,0.029530649601779122
PSO J139.6162+35.8859,-999,-999,-999,151061396162053674,3578835000028536,214022515355511,0,16486947778714,15106,1,2038,90,0.602540103348475,3578835,49831,3,310456320,0,37,-999.0,-999.0,-999.0,-999.0,139.61623183,35.88589163,0.1751900017261505,0.1751900017261505,,,,,55268.33615741,-999.0,-0.617136412147654,0.5249228589627281,0.5861728763256765,130.8073711781905,19.20813797327044,188.0823190774003,44.32911498722136,-999,0,1,0,1,0,0,0,-999.0,-999.0,-999.0,-999.0,0,-999.0,-999.0,-999.0,-999.0,-999.0,0,-999.0,-999.0,-999.0,0,0,0.9988279938697815,21.770599365234375,0.17454299330711365,-999.0,1,21.770599365234375,21.770599365234375,20.820100784301758,0.16281400620937347,-999.0,1,20.960100173950195,0.17454299330711365,-999.0,1,16777496,-999.0,-999.0,-999.0,-999.0,0,-999.0,-999.0,-999.0,-999.0,-999.0,0,-999.0,-999.0,-999.0,0,0,-999.0,-999.0,-999.0,-999.0,0,-999.0,-999.0,-999.0,-999.0,-999.0,0,-999.0,-999.0,-999.0,0,0,-999.0,-999.0,-999.0,-999.0,0,-999.0,-999.0,-999.0,-999.0,-999.0,0,-999.0,-999.0,-999.0,0,0,0.02981943549189139
PSO J139.6169+35.8840,-999,-999,-999,151061396168861406,3578835000028669,214022515355644,0,16486947779312,15106,1,2038,90,0.57602897340062,3578835,49831,3,268959744,0,32,-999.0,-999.0,-999.0,-999.0,139.6169073,35.88401996,0.14872999489307404,0.14872999489307404,,,,,55249.24423611,-999.0,-0.6171571860806468,0.5249279892686484,0.5861464098255585,130.80855599984267,19.20654085700937,188.084988408396,44.32951069147904,-999,0,1,0,0,0,1,0,-999.0,-999.0,-999.0,-999.0,0,-999.0,-999.0,-999.0,-999.0,-999.0,0,-999.0,-999.0,-999.0,0,0,-999.0,-999.0,-999.0,-999.0,0,-999.0,-999.0,-999.0,-999.0,-999.0,0,-999.0,-999.0,-999.0,0,0,-999.0,-999.0,-999.0,-999.0,0,-999.0,-999.0,-999.0,-999.0,-999.0,0,-999.0,-999.0,-999.0,0,0,0.6527379751205444,20.114999771118164,0.14796799421310425,-999.0,1,20.114999771118164,20.114999771118164,-999.0,-999.0,-999.0,0,20.88010025024414,0.14796799421310425,-999.0,1,4120,-999.0,-999.0,-999.0,-999.0,0,-999.0,-999.0,-999.0,-999.0,-999.0,0,-999.0,-999.0,-999.0,0,0,0.03168730381149808
PSO J139.6172+35.8889,-999,-999,-999,151061396171927324,3578835000028734,214022515355709,0,16486947801922,15106,1,2038,90,0.392192295186401,3578835,49831,3,268513280,0,32,-999.0,-999.0,-999.0,-999.0,139.61721944,35.88894955,0.017100000753998756,0.017100000753998756,,,,,55249.26106481,-999.0,-0.6171216288595078,0.5248919515828355,0.5862161157434603,130.80713466062033,19.211290940442638,188.07814742371554,44.33015717018341,-999,0,1,0,0,0,0,1,-999.0,-999.0,-999.0,-999.0,0,-999.0,-999.0,-999.0,-999.0,-999.0,0,-999.0,-999.0,-999.0,0,0,-999.0,-999.0,-999.0,-999.0,0,-999.0,-999.0,-999.0,-999.0,-999.0,0,-999.0,-999.0,-999.0,0,0,-999.0,-999.0,-999.0,-999.0,0,-999.0,-999.0,-999.0,-999.0,-999.0,0,-999.0,-999.0,-999.0,0,0,-999.0,-999.0,-999.0,-999.0,0,-999.0,-999.0,-999.0,-999.0,-999.0,0,-999.0,-999.0,-999.0,0,0,0.9977059960365295,15.618800163269043,0.008200000040233135,-999.0,1,15.618800163269043,15.618800163269043,16.576000213623047,0.02493100054562092,-999.0,1,16.498300552368164,0.008200000040233135,-999.0,1,16,0.027811886048337023
PSO J139.6172+35.8851,-999,-999,-999,151061396171972725,3578835000028733,214022515355708,0,16486947771781,15106,1,2038,90,0.567630323178722,3578835,49831,3,268959744,0,32,-999.0,-999.0,-999.0,-999.0,139.61720604,35.88510815,0.22937999665737152,0.22937999665737152,,,,,55902.67033565,-999.0,-0.6171514430299349,0.5249175587374739,0.58616179753986,130.8084290166868,19.207649171416545,188.08349913099164,44.329839051847024,-999,0,1,0,0,0,0,1,-999.0,-999.0,-999.0,-999.0,0,-999.0,-999.0,-999.0,-999.0,-999.0,0,-999.0,-999.0,-999.0,0,0,-999.0,-999.0,-999.0,-999.0,0,-999.0,-999.0,-999.0,-999.0,-999.0,0,-999.0,-999.0,-999.0,0,0,-999.0,-999.0,-999.0,-999.0,0,-999.0,-999.0,-999.0,-999.0,-999.0,0,-999.0,-999.0,-999.0,0,0,-999.0,-999.0,-999.0,-999.0,0,-999.0,-999.0,-999.0,-999.0,-999.0,0,-999.0,-999.0,-999.0,0,0,0.7993829846382141,20.12220001220703,0.2288929969072342,-999.0,1,20.12220001220703,20.12220001220703,-999.0,-999.0,-999.0,1,20.05139923095703,0.2288929969072342,-999.0,1,4120,0.03090931117235865
PSO J139.6173+35.8910,-999,-999,-999,151061396172869740,3578835000028757,214022515355732,0,16486947814433,15106,1,2038,90,0.330858137766698,3578835,49831,3,268513280,0,32,-999.0,-999.0,-999.0,-999.0,139.61732446,35.89095141,0.021889999508857727,0.021889999508857727,,,,,55249.3515162,-999.0,-0.617106988866111,0.524877550144933,0.5862444214203278,130.80653977303123,19.21321424815909,188.07536735229246,44.33040201994227,-999,0,1,1,0,0,0,0,0.9986339807510376,18.96030044555664,0.01593800075352192,-999.0,1,18.96030044555664,18.96030044555664,19.55150032043457,0.03342900052666664,-999.0,1,19.471500396728516,0.01593800075352192,-999.0,1,24,-999.0,-999.0,-999.0,-999.0,0,-999.0,-999.0,-999.0,-999.0,-999.0,0,-999.0,-999.0,-999.0,0,0,-999.0,-999.0,-999.0,-999.0,0,-999.0,-999.0,-999.0,-999.0,-999.0,0,-999.0,-999.0,-999.0,0,0,-999.0,-999.0,-999.0,-999.0,0,-999.0,-999.0,-999.0,-999.0,-999.0,0,-999.0,-999.0,-999.0,0,0,-999.0,-999.0,-999.0,-999.0,0,-999.0,-999.0,-999.0,-999.0,-999.0,0,-999.0,-999.0,-999.0,0,0,0.026327997623984474
PSO J139.6173+35.8882,-999,-999,-999,151061396173026420,3578835000028758,214022515355733,0,16486947801250,15106,1,2038,90,0.597668423873995,3578835,49831,3,268959744,0,32,-999.0,-999.0,-999.0,-999.0,139.61731564,35.88818085,0.3301900029182434,0.3301900029182434,,,,,55250.27738426,-999.0,-0.6171285010464995,0.5248960109572522,0.5862052463747359,130.8074740263387,19.21058789393513,188.07922731155975,44.330173385269816,-999,0,1,0,0,0,0,1,-999.0,-999.0,-999.0,-999.0,0,-999.0,-999.0,-999.0,-999.0,-999.0,0,-999.0,-999.0,-999.0,0,0,-999.0,-999.0,-999.0,-999.0,0,-999.0,-999.0,-999.0,-999.0,-999.0,0,-999.0,-999.0,-999.0,0,0,-999.0,-999.0,-999.0,-999.0,0,-999.0,-999.0,-999.0,-999.0,-999.0,0,-999.0,-999.0,-999.0,0,0,-999.0,-999.0,-999.0,-999.0,0,-999.0,-999.0,-999.0,-999.0,-999.0,0,-999.0,-999.0,-999.0,0,0,0.6170420050621033,19.267000198364258,0.3298490047454834,-999.0,1,19.267000198364258,19.267000198364258,-999.0,-999.0,-999.0,0,21.27549934387207,0.3298490047454834,-999.0,1,4112,0.02846591696880958
PSO J139.6175+35.8854,-999,-999,-999,151061396175163109,3578835000028806,214022515355781,0,16486947772312,15106,1,2038,90,0.0725431284611515,3578835,49831,3,268959744,0,32,-999.0,-999.0,-999.0,-999.0,139.61753202,35.88542725,0.2939800024032593,0.2939800024032593,,,,,55250.31699074,-999.0,-0.6171519427713034,0.524911932433418,0.5861663097812946,130.80858548167683,19.208036141158733,188.08308401794068,44.33012784714858,-999,0,1,0,1,0,0,0,-999.0,-999.0,-999.0,-999.0,0,-999.0,-999.0,-999.0,-999.0,-999.0,0,-999.0,-999.0,-999.0,0,0,0.5730289816856384,21.71190071105957,0.29360100626945496,-999.0,1,21.71190071105957,21.71190071105957,-999.0,-999.0,-999.0,0,22.879100799560547,0.29360100626945496,-999.0,1,4120,-999.0,-999.0,-999.0,-999.0,0,-999.0,-999.0,-999.0,-999.0,-999.0,0,-999.0,-999.0,-999.0,0,0,-999.0,-999.0,-999.0,-999.0,0,-999.0,-999.0,-999.0,-999.0,-999.0,0,-999.0,-999.0,-999.0,0,0,-999.0,-999.0,-999.0,-999.0,0,-999.0,-999.0,-999.0,-999.0,-999.0,0,-999.0,-999.0,-999.0,0,0,0.030794582286834994
PSO J139.6177+35.8901,-999,-999,-999,151061396176838677,3578835000028845,214022515355820,0,16486947812640,15106,1,2038,90,0.174472293047674,3578835,49831,3,302067712,0,36,-999.0,-999.0,-999.0,-999.0,139.61770969,35.89006486,0.21127000451087952,0.21127000451087952,,,,,56759.29760417,-999.0,-0.6171174276062226,0.5248792779481484,0.5862318859677536,130.80715404350153,19.212474718209354,188.07663763567376,44.330642245274255,-999,0,1,0,0,1,0,0,-999.0,-999.0,-999.0,-999.0,0,-999.0,-999.0,-999.0,-999.0,-999.0,0,-999.0,-999.0,-999.0,0,0,-999.0,-999.0,-999.0,-999.0,0,-999.0,-999.0,-999.0,-999.0,-999.0,0,-999.0,-999.0,-999.0,0,0,0.8652650117874146,20.329500198364258,0.2107360064983368,-999.0,1,20.329500198364258,20.329500198364258,20.08639907836914,0.2553269863128662,-999.0,1,20.01810073852539,0.2107360064983368,-999.0,1,272,-999.0,-999.0,-999.0,-999.0,0,-999.0,-999.0,-999.0,-999.0,-999.0,0,-999.0,-999.0,-999.0,0,0,-999.0,-999.0,-999.0,-999.0,0,-999.0,-999.0,-999.0,-999.0,-999.0,0,-999.0,-999.0,-999.0,0,0,0.027202685506768628
PSO J139.6183+35.8852,-999,-999,-999,151061396183642851,3578835000029017,214022515355992,0,16486947771742,15106,1,2038,90,0.93163352080773,3578835,49831,3,268959744,0,32,-999.0,-999.0,-999.0,-999.0,139.61830521,35.88515457,0.18039999902248383,0.18039999902248383,,,,,55250.29986111,-999.0,-0.6171611512546961,0.5249054114487237,0.586162453944147,130.80930641930482,19.207978879825223,188.08353407018913,44.33073045125787,-999,0,2,0,1,0,0,1,-999.0,-999.0,-999.0,-999.0,0,-999.0,-999.0,-999.0,-999.0,-999.0,0,-999.0,-999.0,-999.0,0,0,0.6061710119247437,21.62579917907715,0.2545340061187744,-999.0,1,21.62579917907715,21.62579917907715,-999.0,-999.0,-999.0,0,24.228200912475586,0.2545340061187744,-999.0,1,4120,-999.0,-999.0,-999.0,-999.0,0,-999.0,-999.0,-999.0,-999.0,-999.0,0,-999.0,-999.0,-999.0,0,0,-999.0,-999.0,-999.0,-999.0,0,-999.0,-999.0,-999.0,-999.0,-999.0,0,-999.0,-999.0,-999.0,0,0,0.6391879916191101,19.001699447631836,0.25481998920440674,-999.0,1,19.001699447631836,19.001699447631836,-999.0,-999.0,-999.0,0,20.087799072265625,0.25481998920440674,-999.0,1,4112,0.031377297867009185
PSO J139.6189+35.8830,-999,-999,-999,151061396189640404,3578835000029139,214022515356114,0,16486947772968,15106,1,2038,90,0.612732187484142,3578835,49831,3,268959744,0,32,-999.0,-999.0,-999.0,-999.0,139.61889925,35.88303627,0.1726900041103363,0.1726900041103363,,,,,55249.27793981,-999.0,-0.6171831010709485,0.5249130524507261,0.5861324996272673,130.81050889148563,19.206127017810502,188.08653976826946,44.33104066706571,-999,0,2,0,0,1,0,1,-999.0,-999.0,-999.0,-999.0,0,-999.0,-999.0,-999.0,-999.0,-999.0,0,-999.0,-999.0,-999.0,0,0,-999.0,-999.0,-999.0,-999.0,0,-999.0,-999.0,-999.0,-999.0,-999.0,0,-999.0,-999.0,-999.0,0,0,0.80690997838974,20.805299758911133,0.22174499928951263,-999.0,1,20.805299758911133,20.805299758911133,-999.0,-999.0,-999.0,0,22.52280044555664,0.22174499928951263,-999.0,1,4120,-999.0,-999.0,-999.0,-999.0,0,-999.0,-999.0,-999.0,-999.0,-999.0,0,-999.0,-999.0,-999.0,0,0,0.6737440228462219,19.542699813842773,0.2739329934120178,-999.0,1,19.542699813842773,19.542699813842773,-999.0,-999.0,-999.0,0,-999.0,-999.0,-999.0,0,4112,0.033394131337193364
PSO J139.6192+35.8835,-999,-999,-999,151061396192000766,3578835000029182,214022515356157,0,16486947773456,15106,1,2038,90,0.856584373727985,3578835,49831,3,268959744,0,32,-999.0,-999.0,-999.0,-999.0,139.61920773,35.88348478,0.2808000147342682,0.2808000147342682,,,,,55250.27287037,-999.0,-0.6171824320600109,0.5249067569658847,0.5861388419547434,130.81060716808977,19.206632008323336,188.08594273499844,44.331325699755034,-999,0,1,0,0,0,0,1,-999.0,-999.0,-999.0,-999.0,0,-999.0,-999.0,-999.0,-999.0,-999.0,0,-999.0,-999.0,-999.0,0,0,-999.0,-999.0,-999.0,-999.0,0,-999.0,-999.0,-999.0,-999.0,-999.0,0,-999.0,-999.0,-999.0,0,0,-999.0,-999.0,-999.0,-999.0,0,-999.0,-999.0,-999.0,-999.0,-999.0,0,-999.0,-999.0,-999.0,0,0,-999.0,-999.0,-999.0,-999.0,0,-999.0,-999.0,-999.0,-999.0,-999.0,0,-999.0,-999.0,-999.0,0,0,0.7149720191955566,19.63719940185547,0.2804020047187805,-999.0,1,19.63719940185547,19.63719940185547,-999.0,-999.0,-999.0,0,20.70400047302246,0.2804020047187805,-999.0,1,4112,0.033164458700052
PSO J139.6199+35.8887,-999,-999,-999,151061396198847072,3578835000029362,214022515356337,0,16486947802511,15106,1,2038,90,0.856557727657778,3578835,49831,3,268959744,0,32,-999.0,-999.0,-999.0,-999.0,139.61988882,35.8887257,0.2888000011444092,0.2888000011444092,,,,,55250.34422454,-999.0,-0.6171478272885921,0.5248646834225318,0.5862129505296994,130.80937977656382,19.21177285716429,188.0787010859826,44.33229496316482,-999,0,1,1,0,0,0,0,0.4928649961948395,21.47640037536621,0.2884120047092438,-999.0,1,21.47640037536621,21.47640037536621,21.70210075378418,0.30114901065826416,-999.0,1,22.18709945678711,0.2884120047092438,-999.0,1,4120,-999.0,-999.0,-999.0,-999.0,0,-999.0,-999.0,-999.0,-999.0,-999.0,0,-999.0,-999.0,-999.0,0,0,-999.0,-999.0,-999.0,-999.0,0,-999.0,-999.0,-999.0,-999.0,-999.0,0,-999.0,-999.0,-999.0,0,0,-999.0,-999.0,-999.0,-999.0,0,-999.0,-999.0,-999.0,-999.0,-999.0,0,-999.0,-999.0,-999.0,0,0,-999.0,-999.0,-999.0,-999.0,0,-999.0,-999.0,-999.0,-999.0,-999.0,0,-999.0,-999.0,-999.0,0,0,0.029371290246009155
PSO J139.6211+35.8909,-999,-999,-999,151061396210489670,3578835000029634,214022515356609,0,16486947800833,15106,1,2038,90,0.57185983152302,3578835,49831,3,268959744,0,32,-999.0,-999.0,-999.0,-999.0,139.62106235,35.89087422,0.2744300067424774,0.2744300067424774,,,,,56759.31069444,-999.0,-0.6171418314209294,0.5248378015648669,0.5862433299910359,130.80960324366453,19.21411283522826,188.07581322286745,44.33341436119456,-999,0,1,0,0,1,0,0,-999.0,-999.0,-999.0,-999.0,0,-999.0,-999.0,-999.0,-999.0,-999.0,0,-999.0,-999.0,-999.0,0,0,-999.0,-999.0,-999.0,-999.0,0,-999.0,-999.0,-999.0,-999.0,-999.0,0,-999.0,-999.0,-999.0,0,0,0.7626640200614929,17.123300552368164,0.27401599287986755,-999.0,1,17.123300552368164,17.123300552368164,-999.0,-999.0,-999.0,0,-999.0,-999.0,-999.0,0,4112,-999.0,-999.0,-999.0,-999.0,0,-999.0,-999.0,-999.0,-999.0,-999.0,0,-999.0,-999.0,-999.0,0,0,-999.0,-999.0,-999.0,-999.0,0,-999.0,-999.0,-999.0,-999.0,-999.0,0,-999.0,-999.0,-999.0,0,0,0.02846904439339612
PSO J139.6221+35.8905,-999,-999,-999,151061396218779027,3578835000029805,214022515356780,0,16486947802722,15106,1,2038,90,0.415043710186187,3578835,49831,3,404226048,0,48,139.62211268,35.89051241,0.0010000000474974513,0.0010000000474974513,139.62211268,35.89051241,0.0010000000474974513,0.0010000000474974513,,,,,55628.9994213,-999.0,-0.6171542726197639,0.5248288864455029,0.5862382141583264,130.8105796471545,19.21404321267458,188.07641247918625,44.33423364569142,-999,4,1,0,0,0,1,0,-999.0,-999.0,-999.0,-999.0,0,-999.0,-999.0,-999.0,-999.0,-999.0,0,-999.0,-999.0,-999.0,0,114720,-999.0,-999.0,-999.0,-999.0,0,-999.0,-999.0,-999.0,-999.0,-999.0,0,-999.0,-999.0,-999.0,0,16416,-999.0,-999.0,-999.0,-999.0,0,-999.0,-999.0,-999.0,-999.0,-999.0,0,-999.0,-999.0,-999.0,0,114720,0.6933689713478088,20.88330078125,0.22902700304985046,-999.0,1,20.88330078125,20.88330078125,-999.0,-999.0,-999.0,0,20.625600814819336,0.22902700304985046,-999.0,1,20536,-999.0,-999.0,-999.0,-999.0,0,-999.0,-999.0,-999.0,-999.0,-999.0,0,-999.0,-999.0,-999.0,0,16416,0.029332720948458128
PSO J139.6223+35.8829,-999,-999,-999,151061396222670113,3578835000029901,214022515356876,0,16486947772692,15106,1,2038,90,0.634789559650039,3578835,49831,3,268959744,0,32,-999.0,-999.0,-999.0,-999.0,139.62228845,35.88294232,0.16471999883651733,0.16471999883651733,,,,,55249.24423611,-999.0,-0.617214882173173,0.5248771661107291,0.5861311710867511,130.8132948886193,19.206919154323863,188.08697793535427,44.33377032224524,-999,0,1,0,0,0,1,0,-999.0,-999.0,-999.0,-999.0,0,-999.0,-999.0,-999.0,-999.0,-999.0,0,-999.0,-999.0,-999.0,0,0,-999.0,-999.0,-999.0,-999.0,0,-999.0,-999.0,-999.0,-999.0,-999.0,0,-999.0,-999.0,-999.0,0,0,-999.0,-999.0,-999.0,-999.0,0,-999.0,-999.0,-999.0,-999.0,-999.0,0,-999.0,-999.0,-999.0,0,0,0.7019519805908203,20.250099182128906,0.16403600573539734,-999.0,1,20.250099182128906,20.250099182128906,-999.0,-999.0,-999.0,0,20.978599548339844,0.16403600573539734,-999.0,1,4120,-999.0,-999.0,-999.0,-999.0,0,-999.0,-999.0,-999.0,-999.0,-999.0,0,-999.0,-999.0,-999.0,0,0,0.03507457563796151
PSO J139.6230+35.8842,-999,-999,-999,151061396230021660,3578835000030064,214022515357039,0,16486947771094,15106,1,2038,90,0.756580029387567,3578835,49831,3,268513280,0,32,-999.0,-999.0,-999.0,-999.0,139.62304231,35.88421946,0.01906999945640564,0.01906999945640564,,,,,55248.31197917,-999.0,-0.6172118350213786,0.5248605813199877,0.5861492309011308,130.81347349781987,19.208324748885378,188.08526645714792,44.334481326404955,-999,0,1,0,1,0,0,0,-999.0,-999.0,-999.0,-999.0,0,-999.0,-999.0,-999.0,-999.0,-999.0,0,-999.0,-999.0,-999.0,0,0,0.9997190237045288,18.589399337768555,0.011780999600887299,-999.0,1,18.589399337768555,18.589399337768555,18.753700256347656,0.020287999883294106,-999.0,1,18.55389976501465,0.011780999600887299,-999.0,1,24,-999.0,-999.0,-999.0,-999.0,0,-999.0,-999.0,-999.0,-999.0,-999.0,0,-999.0,-999.0,-999.0,0,0,-999.0,-999.0,-999.0,-999.0,0,-999.0,-999.0,-999.0,-999.0,-999.0,0,-999.0,-999.0,-999.0,0,0,-999.0,-999.0,-999.0,-999.0,0,-999.0,-999.0,-999.0,-999.0,-999.0,0,-999.0,-999.0,-999.0,0,0,0.034457250224515984
PSO J139.6234+35.8902,-999,-999,-999,151061396233828716,3578835000030169,214022515357144,0,16486947799300,15106,1,2038,90,0.0763069131190953,3578835,49831,3,412614656,0,49,139.62337615,35.89022658,0.0010000000474974513,0.0010000000474974513,139.62337615,35.89022658,0.0010000000474974513,0.0010000000474974513,,,,,55646.00913194,-999.0,-0.6171680737685085,0.5248171715547297,0.5862341726325432,130.81170342266765,19.214100969161738,188.07692513921933,44.33523112717351,-999,5,1,0,0,0,1,0,-999.0,-999.0,-999.0,-999.0,0,-999.0,-999.0,-999.0,-999.0,-999.0,0,-999.0,-999.0,-999.0,0,16416,-999.0,-999.0,-999.0,-999.0,0,-999.0,-999.0,-999.0,-999.0,-999.0,0,-999.0,-999.0,-999.0,0,114720,-999.0,-999.0,-999.0,-999.0,0,-999.0,-999.0,-999.0,-999.0,-999.0,0,-999.0,-999.0,-999.0,0,114720,0.7088260054588318,20.648700714111328,0.18646299839019775,-999.0,1,20.648700714111328,20.648700714111328,-999.0,-999.0,-999.0,0,20.111799240112305,0.18646299839019775,-999.0,1,16896056,-999.0,-999.0,-999.0,-999.0,0,-999.0,-999.0,-999.0,-999.0,-999.0,0,-999.0,-999.0,-999.0,0,16416,0.030274922399753317
PSO J139.6235+35.8831,-999,-999,-999,151061396234560257,3578835000030185,214022515357160,0,16486947843598,15106,1,2038,90,0.715688059773006,3578835,49831,3,276901888,0,33,-999.0,-999.0,-999.0,-999.0,139.62349478,35.8830531,0.01686999946832657,0.01686999946832657,,,,,55248.31197917,-999.0,-0.6172250696950201,0.5248634367445111,0.5861327376189784,130.814237511895,19.20733770745746,188.08693288773324,44.33475343979011,-999,0,1,0,1,0,0,0,-999.0,-999.0,-999.0,-999.0,0,-999.0,-999.0,-999.0,-999.0,-999.0,0,-999.0,-999.0,-999.0,0,0,0.9987040162086487,18.056499481201172,0.007726999931037426,-999.0,1,18.056499481201172,18.056499481201172,18.042699813842773,0.014762000180780888,-999.0,1,17.864200592041016,0.007726999931037426,-999.0,1,16777240,-999.0,-999.0,-999.0,-999.0,0,-999.0,-999.0,-999.0,-999.0,-999.0,0,-999.0,-999.0,-999.0,0,0,-999.0,-999.0,-999.0,-999.0,0,-999.0,-999.0,-999.0,-999.0,-999.0,0,-999.0,-999.0,-999.0,0,0,-999.0,-999.0,-999.0,-999.0,0,-999.0,-999.0,-999.0,-999.0,-999.0,0,-999.0,-999.0,-999.0,0,0,0.03559228048873059
PSO J139.6239+35.8898,-999,-999,-999,151061396238628320,3578835000030295,214022515357270,0,16486947799341,15106,1,2038,90,0.457138717600274,3578835,49831,3,302067712,0,36,-999.0,-999.0,-999.0,-999.0,139.62389517,35.88977381,0.1878499984741211,0.1878499984741211,,,,,56344.36663194,-999.0,-0.6171763570020016,0.5248145818511654,0.5862277706097898,130.81227902408082,19.21380707965247,188.07760309328825,44.33561409364134,-999,0,1,0,0,1,0,0,-999.0,-999.0,-999.0,-999.0,0,-999.0,-999.0,-999.0,-999.0,-999.0,0,-999.0,-999.0,-999.0,0,0,-999.0,-999.0,-999.0,-999.0,0,-999.0,-999.0,-999.0,-999.0,-999.0,0,-999.0,-999.0,-999.0,0,0,0.998166024684906,21.4778995513916,0.18724800646305084,-999.0,1,21.4778995513916,21.4778995513916,-999.0,-999.0,-999.0,1,21.649799346923828,0.18724800646305084,-999.0,1,280,-999.0,-999.0,-999.0,-999.0,0,-999.0,-999.0,-999.0,-999.0,-999.0,0,-999.0,-999.0,-999.0,0,0,-999.0,-999.0,-999.0,-999.0,0,-999.0,-999.0,-999.0,-999.0,-999.0,0,-999.0,-999.0,-999.0,0,0,0.030891017278904028
PSO J139.6252+35.8844,-999,-999,-999,151061396251521890,3578835000030612,214022515357587,0,16486947840927,15106,1,2038,90,0.374091516597282,3578835,49831,3,268959744,0,32,-999.0,-999.0,-999.0,-999.0,139.62519774,35.88440731,0.2890700101852417,0.2890700101852417,,,,,56759.28498843,-999.0,-0.6172301154619314,0.5248361169572193,0.5861518872307063,130.81516115302816,19.209063056757152,188.08519993910286,44.336237090192306,-999,0,1,0,0,1,0,0,-999.0,-999.0,-999.0,-999.0,0,-999.0,-999.0,-999.0,-999.0,-999.0,0,-999.0,-999.0,-999.0,0,0,-999.0,-999.0,-999.0,-999.0,0,-999.0,-999.0,-999.0,-999.0,-999.0,0,-999.0,-999.0,-999.0,0,0,0.7482360005378723,20.649700164794922,0.28868401050567627,-999.0,1,20.649700164794922,20.649700164794922,-999.0,-999.0,-999.0,0,21.56559944152832,0.28868401050567627,-999.0,1,4112,-999.0,-999.0,-999.0,-999.0,0,-999.0,-999.0,-999.0,-999.0,-999.0,0,-999.0,-999.0,-999.0,0,0,-999.0,-999.0,-999.0,-999.0,0,-999.0,-999.0,-999.0,-999.0,-999.0,0,-999.0,-999.0,-999.0,0,0,0.0354569887512073
PSO J139.6256+35.8891,-999,-999,-999,151061396254127630,3578835000030694,214022515357669,0,16486947791729,15106,1,2038,90,0.398385297878073,3578835,49831,3,302067712,0,36,-999.0,-999.0,-999.0,-999.0,139.62558665,35.88908277,0.19117000699043274,0.19117000699043274,,,,,55613.32446759,-999.0,-0.6171972366722601,0.5248009414617244,0.5862179994549928,130.81388829975788,19.213592347441445,188.07871921219333,44.33692486107808,-999,0,1,0,0,1,0,0,-999.0,-999.0,-999.0,-999.0,0,-999.0,-999.0,-999.0,-999.0,-999.0,0,-999.0,-999.0,-999.0,0,0,-999.0,-999.0,-999.0,-999.0,0,-999.0,-999.0,-999.0,-999.0,-999.0,0,-999.0,-999.0,-999.0,0,0,0.997173011302948,21.627399444580078,0.1905820071697235,-999.0,1,21.627399444580078,21.627399444580078,-999.0,-999.0,-999.0,1,22.322099685668945,0.1905820071697235,-999.0,1,272,-999.0,-999.0,-999.0,-999.0,0,-999.0,-999.0,-999.0,-999.0,-999.0,0,-999.0,-999.0,-999.0,0,0,-999.0,-999.0,-999.0,-999.0,0,-999.0,-999.0,-999.0,-999.0,-999.0,0,-999.0,-999.0,-999.0,0,0,0.03236894487512794
PSO J139.6255+35.8904,-999,-999,-999,151061396255379080,3578835000030727,214022515357702,0,16486947791547,15106,1,2038,90,0.17119533770829,3578835,49831,3,268959744,0,32,-999.0,-999.0,-999.0,-999.0,139.62554288,35.89035221,0.20065000653266907,0.20065000653266907,,,,,55250.35447917,-999.0,-0.6171869408516595,0.5247929993333218,0.5862359489940091,130.81342132088864,19.2147832649559,188.0769460832896,44.33699091013681,-999,0,1,1,0,0,0,0,0.7375969886779785,21.55820083618164,0.20009000599384308,-999.0,1,21.55820083618164,21.55820083618164,-999.0,-999.0,-999.0,0,21.336599349975586,0.20009000599384308,-999.0,1,4120,-999.0,-999.0,-999.0,-999.0,0,-999.0,-999.0,-999.0,-999.0,-999.0,0,-999.0,-999.0,-999.0,0,0,-999.0,-999.0,-999.0,-999.0,0,-999.0,-999.0,-999.0,-999.0,-999.0,0,-999.0,-999.0,-999.0,0,0,-999.0,-999.0,-999.0,-999.0,0,-999.0,-999.0,-999.0,-999.0,-999.0,0,-999.0,-999.0,-999.0,0,0,-999.0,-999.0,-999.0,-999.0,0,-999.0,-999.0,-999.0,-999.0,-999.0,0,-999.0,-999.0,-999.0,0,0,0.03150613200319431
PSO J139.6257+35.8911,-999,-999,-999,151061396256299888,3578835000030754,214022515357729,0,16486947794266,15106,1,2038,90,0.201451015846292,3578835,49831,3,268513280,0,32,-999.0,-999.0,-999.0,-999.0,139.62566104,35.89107716,0.018209999427199364,0.018209999427199364,,,,,55249.32787037,-999.0,-0.6171823722045892,0.5247869215748039,0.5862461994622707,130.8132709585508,19.21550059055865,188.07594643339064,44.337144222691336,-999,0,1,1,0,0,0,0,0.9971489906311035,18.60849952697754,0.010316000320017338,-999.0,1,18.60849952697754,18.60849952697754,19.273099899291992,0.023879999294877052,-999.0,1,19.251399993896484,0.010316000320017338,-999.0,1,24,-999.0,-999.0,-999.0,-999.0,0,-999.0,-999.0,-999.0,-999.0,-999.0,0,-999.0,-999.0,-999.0,0,0,-999.0,-999.0,-999.0,-999.0,0,-999.0,-999.0,-999.0,-999.0,-999.0,0,-999.0,-999.0,-999.0,0,0,-999.0,-999.0,-999.0,-999.0,0,-999.0,-999.0,-999.0,-999.0,-999.0,0,-999.0,-999.0,-999.0,0,0,-999.0,-999.0,-999.0,-999.0,0,-999.0,-999.0,-999.0,-999.0,-999.0,0,-999.0,-999.0,-999.0,0,0,0.031115711679704998
PSO J139.6263+35.8893,-999,-999,-999,151061396262267838,3578835000030895,214022515357870,0,16486947791869,15106,1,2038,90,0.712857549742663,3578835,49831,3,268959744,0,32,-999.0,-999.0,-999.0,-999.0,139.62626604,35.88934804,0.20115000009536743,0.20115000009536743,,,,,55932.4596412,-999.0,-0.6172013918062751,0.5247918648362454,0.5862217503249884,130.81435019651792,19.21402022136987,188.0784109854342,44.33749470110967,-999,0,1,0,0,0,1,0,-999.0,-999.0,-999.0,-999.0,0,-999.0,-999.0,-999.0,-999.0,-999.0,0,-999.0,-999.0,-999.0,0,0,-999.0,-999.0,-999.0,-999.0,0,-999.0,-999.0,-999.0,-999.0,-999.0,0,-999.0,-999.0,-999.0,0,0,-999.0,-999.0,-999.0,-999.0,0,-999.0,-999.0,-999.0,-999.0,-999.0,0,-999.0,-999.0,-999.0,0,0,0.6248819828033447,20.663299560546875,0.20058700442314148,-999.0,1,20.663299560546875,20.663299560546875,-999.0,-999.0,-999.0,0,20.634700775146484,0.20058700442314148,-999.0,1,4120,-999.0,-999.0,-999.0,-999.0,0,-999.0,-999.0,-999.0,-999.0,-999.0,0,-999.0,-999.0,-999.0,0,0,0.03260510330844324
PSO J139.6265+35.8877,-999,-999,-999,151061396264855899,3578835000030969,214022515357944,0,16486947791074,15106,1,2038,90,0.667748669784282,3578835,49831,3,268959744,0,32,-999.0,-999.0,-999.0,-999.0,139.62653455,35.88773511,0.28470999002456665,0.28470999002456665,,,,,55613.32446759,-999.0,-0.617216423315658,0.5247996620823798,0.5861989435913771,130.8151165263763,19.212562413963752,188.0806831802073,44.33758268975619,-999,0,1,0,0,1,0,0,-999.0,-999.0,-999.0,-999.0,0,-999.0,-999.0,-999.0,-999.0,-999.0,0,-999.0,-999.0,-999.0,0,0,-999.0,-999.0,-999.0,-999.0,0,-999.0,-999.0,-999.0,-999.0,-999.0,0,-999.0,-999.0,-999.0,0,0,0.5734729766845703,21.856800079345703,0.28431400656700134,-999.0,1,21.856800079345703,21.856800079345703,-999.0,-999.0,-999.0,0,21.962799072265625,0.28431400656700134,-999.0,1,4112,-999.0,-999.0,-999.0,-999.0,0,-999.0,-999.0,-999.0,-999.0,-999.0,0,-999.0,-999.0,-999.0,0,0,-999.0,-999.0,-999.0,-999.0,0,-999.0,-999.0,-999.0,-999.0,-999.0,0,-999.0,-999.0,-999.0,0,0,0.03384514893560273
PSO J139.6269+35.8840,-999,-999,-999,151061396267821496,3578835000031039,214022515358014,0,16486947840713,15106,1,2038,90,0.558461283853707,3578835,49831,3,310456320,0,37,-999.0,-999.0,-999.0,-999.0,139.62692418,35.88398064,0.18374000489711761,0.18374000489711761,,,,,55613.29881944,-999.0,-0.6172492549676998,0.5248203457391158,0.5861458538112289,130.8167090420745,19.2091078265387,188.08595094888915,44.33759726048285,-999,0,1,0,1,0,0,0,-999.0,-999.0,-999.0,-999.0,0,-999.0,-999.0,-999.0,-999.0,-999.0,0,-999.0,-999.0,-999.0,0,0,0.998337984085083,22.2106990814209,0.18313099443912506,-999.0,1,22.2106990814209,22.2106990814209,21.547500610351562,0.29045599699020386,-999.0,1,21.436500549316406,0.18313099443912506,-999.0,1,16777488,-999.0,-999.0,-999.0,-999.0,0,-999.0,-999.0,-999.0,-999.0,-999.0,0,-999.0,-999.0,-999.0,0,0,-999.0,-999.0,-999.0,-999.0,0,-999.0,-999.0,-999.0,-999.0,-999.0,0,-999.0,-999.0,-999.0,0,0,-999.0,-999.0,-999.0,-999.0,0,-999.0,-999.0,-999.0,-999.0,-999.0,0,-999.0,-999.0,-999.0,0,0,0.03671786563164616
PSO J139.6269+35.8898,-999,-999,-999,151061396269298359,3578835000031088,214022515358063,0,16486947791198,15106,1,2038,90,0.112972299673569,3578835,49831,3,268959744,0,32,-999.0,-999.0,-999.0,-999.0,139.62693696,35.88979278,0.1927500069141388,0.1927500069141388,,,,,55651.25465278,-999.0,-0.6172040702762984,0.5247816899548683,0.5862280388402474,130.81474421477762,19.21461587152513,188.07785185543082,44.33807202978769,-999,0,1,0,0,0,0,1,-999.0,-999.0,-999.0,-999.0,0,-999.0,-999.0,-999.0,-999.0,-999.0,0,-999.0,-999.0,-999.0,0,0,-999.0,-999.0,-999.0,-999.0,0,-999.0,-999.0,-999.0,-999.0,-999.0,0,-999.0,-999.0,-999.0,0,0,-999.0,-999.0,-999.0,-999.0,0,-999.0,-999.0,-999.0,-999.0,-999.0,0,-999.0,-999.0,-999.0,0,0,-999.0,-999.0,-999.0,-999.0,0,-999.0,-999.0,-999.0,-999.0,-999.0,0,-999.0,-999.0,-999.0,0,0,0.7006949782371521,19.873300552368164,0.19216500222682953,-999.0,1,19.873300552368164,19.873300552368164,-999.0,-999.0,-999.0,0,20.52790069580078,0.19216500222682953,-999.0,1,4120,0.03273044695265467
PSO J139.6279+35.8889,-999,-999,-999,151061396278637280,3578835000031316,214022515358291,0,16486947820149,15106,1,2038,90,0.150080963177682,3578835,49831,3,268959744,0,32,-999.0,-999.0,-999.0,-999.0,139.62794652,35.88885543,0.2409600019454956,0.2409600019454956,,,,,55932.47140046,-999.0,-0.6172206234674702,0.5247770268723603,0.5862147848983625,130.81588310862338,19.21399058428892,188.0792495663999,44.33881245255512,-999,0,1,0,0,0,1,0,-999.0,-999.0,-999.0,-999.0,0,-999.0,-999.0,-999.0,-999.0,-999.0,0,-999.0,-999.0,-999.0,0,0,-999.0,-999.0,-999.0,-999.0,0,-999.0,-999.0,-999.0,-999.0,-999.0,0,-999.0,-999.0,-999.0,0,0,-999.0,-999.0,-999.0,-999.0,0,-999.0,-999.0,-999.0,-999.0,-999.0,0,-999.0,-999.0,-999.0,0,0,0.6949920058250427,20.99489974975586,0.24049200117588043,-999.0,1,20.99489974975586,20.99489974975586,-999.0,-999.0,-999.0,0,20.799800872802734,0.24049200117588043,-999.0,1,4120,-999.0,-999.0,-999.0,-999.0,0,-999.0,-999.0,-999.0,-999.0,-999.0,0,-999.0,-999.0,-999.0,0,0,0.03395947614676226
PSO J139.6279+35.8901,-999,-999,-999,151061396279438737,3578835000031336,214022515358311,0,16486947791155,15106,1,2038,90,0.665181938246993,3578835,49831,3,277348352,0,33,-999.0,-999.0,-999.0,-999.0,139.62794543,35.89007253,0.20556999742984772,0.20556999742984772,,,,,55250.29579861,-999.0,-0.6172111262697144,0.5247689723377224,0.5862319944190025,130.81546858081305,19.215143021429483,188.07755318570068,44.33890876642838,-999,0,1,0,0,1,0,0,-999.0,-999.0,-999.0,-999.0,0,-999.0,-999.0,-999.0,-999.0,-999.0,0,-999.0,-999.0,-999.0,0,0,-999.0,-999.0,-999.0,-999.0,0,-999.0,-999.0,-999.0,-999.0,-999.0,0,-999.0,-999.0,-999.0,0,0,0.6920620203018188,20.876399993896484,0.20501799881458282,-999.0,1,20.876399993896484,20.876399993896484,20.437000274658203,0.15686200559139252,-999.0,1,20.191600799560547,0.20501799881458282,-999.0,1,16781328,-999.0,-999.0,-999.0,-999.0,0,-999.0,-999.0,-999.0,-999.0,-999.0,0,-999.0,-999.0,-999.0,0,0,-999.0,-999.0,-999.0,-999.0,0,-999.0,-999.0,-999.0,-999.0,-999.0,0,-999.0,-999.0,-999.0,0,0,0.03318697622494421
PSO J139.6283+35.8850,-999,-999,-999,151061396282742557,3578835000187412,214022515516010,0,16486947873682,15106,1,2038,90,0.313191977621235,3578835,49831,3,135790592,0,16,139.62827459,35.88496129,0.0010000000474974513,0.0010000000474974513,139.62827459,35.88496129,0.0010000000474974513,0.0010000000474974513,,,,,55673.57131944,-999.0,-0.6172539811209817,0.5247992991953901,0.5861597208562919,130.81747311342053,19.21038772212122,188.08470652846893,44.33876625944096,-999,3,0,0,0,0,0,0,-999.0,-999.0,-999.0,-999.0,0,-999.0,-999.0,-999.0,-999.0,-999.0,0,-999.0,-999.0,-999.0,0,32,-999.0,-999.0,-999.0,-999.0,0,-999.0,-999.0,-999.0,-999.0,-999.0,0,-999.0,-999.0,-999.0,0,0,-999.0,-999.0,-999.0,-999.0,0,-999.0,-999.0,-999.0,-999.0,-999.0,0,-999.0,-999.0,-999.0,0,32800,-999.0,-999.0,-999.0,-999.0,0,-999.0,-999.0,-999.0,-999.0,-999.0,0,-999.0,-999.0,-999.0,0,0,-999.0,-999.0,-999.0,-999.0,0,-999.0,-999.0,-999.0,-999.0,-999.0,0,-999.0,-999.0,-999.0,0,114720,0.03678088012197507
PSO J139.6283+35.8884,-999,-999,-999,151061396282876672,3578835000031398,214022515358373,0,16486947820396,15106,1,2038,90,0.528309164129485,3578835,49831,3,268513280,0,32,-999.0,-999.0,-999.0,-999.0,139.6283224,35.88839383,0.019050000235438347,0.019050000235438347,,,,,55650.25525463,-999.0,-0.6172276642606784,0.5247760368297865,0.5862082579088509,130.8163454139976,19.21365112987201,188.07992690887016,44.33907913408144,-999,0,1,0,0,0,1,0,-999.0,-999.0,-999.0,-999.0,0,-999.0,-999.0,-999.0,-999.0,-999.0,0,-999.0,-999.0,-999.0,0,0,-999.0,-999.0,-999.0,-999.0,0,-999.0,-999.0,-999.0,-999.0,-999.0,0,-999.0,-999.0,-999.0,0,0,-999.0,-999.0,-999.0,-999.0,0,-999.0,-999.0,-999.0,-999.0,-999.0,0,-999.0,-999.0,-999.0,0,0,0.8579429984092712,17.90250015258789,0.011735999956727028,-999.0,1,17.90250015258789,17.90250015258789,18.19059944152832,0.02179200015962124,-999.0,1,18.115400314331055,0.011735999956727028,-999.0,1,24,-999.0,-999.0,-999.0,-999.0,0,-999.0,-999.0,-999.0,-999.0,-999.0,0,-999.0,-999.0,-999.0,0,0,0.034490243415618516
PSO J139.6284+35.8842,-999,-999,-999,151061396283701697,3578835000031420,214022515358395,0,16486947873277,15106,1,2038,90,0.0914839832964204,3578835,49831,3,268959744,0,32,-999.0,-999.0,-999.0,-999.0,139.62839329,35.88424875,0.2610499858856201,0.2610499858856201,,,,,56271.62,-999.0,-0.6172606219377413,0.5248027421562181,0.5861496450825051,130.8178117191024,19.20974373381812,188.08571034209257,44.33880516477874,-999,0,1,0,0,0,1,0,-999.0,-999.0,-999.0,-999.0,0,-999.0,-999.0,-999.0,-999.0,-999.0,0,-999.0,-999.0,-999.0,0,0,-999.0,-999.0,-999.0,-999.0,0,-999.0,-999.0,-999.0,-999.0,-999.0,0,-999.0,-999.0,-999.0,0,0,-999.0,-999.0,-999.0,-999.0,0,-999.0,-999.0,-999.0,-999.0,-999.0,0,-999.0,-999.0,-999.0,0,0,0.7124959826469421,21.014699935913086,0.2606160044670105,-999.0,1,21.014699935913086,21.014699935913086,-999.0,-999.0,-999.0,0,22.220300674438477,0.2606160044670105,-999.0,1,4120,-999.0,-999.0,-999.0,-999.0,0,-999.0,-999.0,-999.0,-999.0,-999.0,0,-999.0,-999.0,-999.0,0,0,0.03735171627283173
PSO J139.6284+35.8907,-999,-999,-999,151061396283739486,3578835000031423,214022515358398,0,16486947794490,15106,1,2038,90,0.16101576775407,3578835,49831,3,268959744,0,32,-999.0,-999.0,-999.0,-999.0,139.62835517,35.890707,0.15790000557899475,0.15790000557899475,,,,,55250.27944444,-999.0,-0.6172099332482454,0.5247603534743874,0.5862409655774087,130.81558588414802,19.21585046136803,188.07670597011517,44.33929030934025,-999,0,1,0,0,0,0,1,-999.0,-999.0,-999.0,-999.0,0,-999.0,-999.0,-999.0,-999.0,-999.0,0,-999.0,-999.0,-999.0,0,0,-999.0,-999.0,-999.0,-999.0,0,-999.0,-999.0,-999.0,-999.0,-999.0,0,-999.0,-999.0,-999.0,0,0,-999.0,-999.0,-999.0,-999.0,0,-999.0,-999.0,-999.0,-999.0,-999.0,0,-999.0,-999.0,-999.0,0,0,-999.0,-999.0,-999.0,-999.0,0,-999.0,-999.0,-999.0,-999.0,-999.0,0,-999.0,-999.0,-999.0,0,0,0.6490300297737122,17.5935001373291,0.1571809947490692,-999.0,1,17.5935001373291,17.5935001373291,-999.0,-999.0,-999.0,0,17.701099395751953,0.1571809947490692,-999.0,1,4112,0.03305866391689286
PSO J139.6289+35.8849,-999,-999,-999,151061396288822500,3578835000031549,214022515358524,0,16486947873582,15106,1,2038,90,0.182639485395178,3578835,49831,3,436285440,0,52,139.62869203,35.88490557,0.0010000000474974513,0.0010000000474974513,139.62890866,35.88492348,0.19255000352859497,0.19255000352859497,,,,,56271.62530093,-999.0,-0.6172600835304587,0.5247927188065026,0.5861591862008565,130.81800120130052,19.21051677595013,188.08481663443266,44.339275314590914,-999,5,1,0,0,0,1,0,-999.0,-999.0,-999.0,-999.0,0,-999.0,-999.0,-999.0,-999.0,-999.0,0,-999.0,-999.0,-999.0,0,16416,-999.0,-999.0,-999.0,-999.0,0,-999.0,-999.0,-999.0,-999.0,-999.0,0,-999.0,-999.0,-999.0,0,114720,-999.0,-999.0,-999.0,-999.0,0,-999.0,-999.0,-999.0,-999.0,-999.0,0,-999.0,-999.0,-999.0,0,114720,0.9849240183830261,20.935400009155273,0.19196699559688568,-999.0,1,20.935400009155273,20.935400009155273,20.725400924682617,0.29216301441192627,-999.0,1,20.541799545288086,0.19196699559688568,-999.0,1,115000,-999.0,-999.0,-999.0,-999.0,0,-999.0,-999.0,-999.0,-999.0,-999.0,0,-999.0,-999.0,-999.0,0,0,0.03717512109111276
PSO J139.6294+35.8846,-999,-999,-999,151061396293932166,3578835000031685,214022515358660,0,16486947873100,15106,1,2038,90,0.0133342528839915,3578835,49831,3,310456320,0,37,-999.0,-999.0,-999.0,-999.0,139.62943365,35.88464126,0.1406800001859665,0.1406800001859665,,,,,55250.34270833,-999.0,-0.6172670917638617,0.5247889330835696,0.5861551954375165,130.81852371475162,19.2103859875593,188.08525750132787,44.33967674283141,-999,0,1,1,0,0,0,0,0.9995719790458679,21.27630043029785,0.13987599313259125,-999.0,1,21.27630043029785,21.27630043029785,19.574399948120117,0.08447100222110748,-999.0,1,20.064599990844727,0.13987599313259125,-999.0,1,16777496,-999.0,-999.0,-999.0,-999.0,0,-999.0,-999.0,-999.0,-999.0,-999.0,0,-999.0,-999.0,-999.0,0,0,-999.0,-999.0,-999.0,-999.0,0,-999.0,-999.0,-999.0,-999.0,-999.0,0,-999.0,-999.0,-999.0,0,0,-999.0,-999.0,-999.0,-999.0,0,-999.0,-999.0,-999.0,-999.0,-999.0,0,-999.0,-999.0,-999.0,0,0,-999.0,-999.0,-999.0,-999.0,0,-999.0,-999.0,-999.0,-999.0,-999.0,0,-999.0,-999.0,-999.0,0,0,0.037677224738116084
PSO J139.6300+35.8900,-999,-999,-999,151061396300068596,3578835000031835,214022515358810,0,16486947823061,15106,1,2038,90,0.357520711941198,3578835,49831,3,268959744,0,32,-999.0,-999.0,-999.0,-999.0,139.63002607,35.88996813,0.12122000008821487,0.12122000008821487,,,,,55250.25818287,-999.0,-0.617230996160116,0.5247472504615693,0.5862305182368229,130.81719470340315,19.215585113727784,188.07788685569543,44.34058066805801,-999,0,1,0,0,0,1,0,-999.0,-999.0,-999.0,-999.0,0,-999.0,-999.0,-999.0,-999.0,-999.0,0,-999.0,-999.0,-999.0,0,0,-999.0,-999.0,-999.0,-999.0,0,-999.0,-999.0,-999.0,-999.0,-999.0,0,-999.0,-999.0,-999.0,0,0,-999.0,-999.0,-999.0,-999.0,0,-999.0,-999.0,-999.0,-999.0,-999.0,0,-999.0,-999.0,-999.0,0,0,0.6467900276184082,19.877199172973633,0.12028899788856506,-999.0,1,19.877199172973633,19.877199172973633,-999.0,-999.0,-999.0,0,19.757400512695312,0.12028899788856506,-999.0,1,4120,-999.0,-999.0,-999.0,-999.0,0,-999.0,-999.0,-999.0,-999.0,-999.0,0,-999.0,-999.0,-999.0,0,0,0.03458387393144499
PSO J139.6303+35.8894,-999,-999,-999,151061396302917864,3578835000031896,214022515358871,0,16486947822934,15106,1,2038,90,0.314610690171468,3578835,49831,3,268959744,0,32,-999.0,-999.0,-999.0,-999.0,139.63030287,35.88938613,0.23903000354766846,0.23903000354766846,,,,,55651.26361111,-999.0,-0.6172380680780298,0.5247481255810093,0.5862222889096923,130.81761742612096,19.215105871466704,188.07872305197785,44.340757738071396,-999,0,1,0,0,0,0,1,-999.0,-999.0,-999.0,-999.0,0,-999.0,-999.0,-999.0,-999.0,-999.0,0,-999.0,-999.0,-999.0,0,0,-999.0,-999.0,-999.0,-999.0,0,-999.0,-999.0,-999.0,-999.0,-999.0,0,-999.0,-999.0,-999.0,0,0,-999.0,-999.0,-999.0,-999.0,0,-999.0,-999.0,-999.0,-999.0,-999.0,0,-999.0,-999.0,-999.0,0,0,-999.0,-999.0,-999.0,-999.0,0,-999.0,-999.0,-999.0,-999.0,-999.0,0,-999.0,-999.0,-999.0,0,0,0.7578369975090027,20.0403995513916,0.23856300115585327,-999.0,1,20.0403995513916,20.0403995513916,-999.0,-999.0,-999.0,0,-999.0,-999.0,-999.0,0,4120,0.03511446238697687
PSO J139.6304+35.8837,-999,-999,-999,151061396304020998,3578835000031915,214022515358890,0,16486947876435,15106,1,2038,90,0.89351329570032,3578835,49831,3,268959744,0,32,-999.0,-999.0,-999.0,-999.0,139.63042682,35.88367636,0.23702000081539154,0.23702000081539154,,,,,56232.65170139,-999.0,-0.617283709054298,0.5247846269318209,0.5861415510541788,130.81965867965718,19.209730367113547,188.0866922368858,44.34040171489977,-999,0,1,0,0,0,0,1,-999.0,-999.0,-999.0,-999.0,0,-999.0,-999.0,-999.0,-999.0,-999.0,0,-999.0,-999.0,-999.0,0,0,-999.0,-999.0,-999.0,-999.0,0,-999.0,-999.0,-999.0,-999.0,-999.0,0,-999.0,-999.0,-999.0,0,0,-999.0,-999.0,-999.0,-999.0,0,-999.0,-999.0,-999.0,-999.0,-999.0,0,-999.0,-999.0,-999.0,0,0,-999.0,-999.0,-999.0,-999.0,0,-999.0,-999.0,-999.0,-999.0,-999.0,0,-999.0,-999.0,-999.0,0,0,0.6426709890365601,20.01140022277832,0.2365420013666153,-999.0,1,20.01140022277832,20.01140022277832,-999.0,-999.0,-999.0,0,19.962400436401367,0.2365420013666153,-999.0,1,4120,0.03892627774673217
PSO J139.6310+35.8863,-999,-999,-999,151061396309214134,3578835000032019,214022515358994,0,16486947873291,15106,1,2038,90,0.78775869755797,3578835,49831,3,268513280,0,32,-999.0,-999.0,-999.0,-999.0,139.63096107,35.88627117,0.015490000136196613,0.015490000136196613,,,,,56283.60864583,-999.0,-0.6172683772531313,0.524761677033443,0.5861782431652802,130.8192109380199,19.212326831735055,188.08312409091906,44.341040524305726,-999,0,1,1,0,0,0,0,0.9987599849700928,16.63629913330078,0.0026839999482035637,-999.0,1,16.63629913330078,16.63629913330078,17.538999557495117,0.008910000324249268,-999.0,1,17.478300094604492,0.0026839999482035637,-999.0,1,24,-999.0,-999.0,-999.0,-999.0,0,-999.0,-999.0,-999.0,-999.0,-999.0,0,-999.0,-999.0,-999.0,0,0,-999.0,-999.0,-999.0,-999.0,0,-999.0,-999.0,-999.0,-999.0,-999.0,0,-999.0,-999.0,-999.0,0,0,-999.0,-999.0,-999.0,-999.0,0,-999.0,-999.0,-999.0,-999.0,-999.0,0,-999.0,-999.0,-999.0,0,0,-999.0,-999.0,-999.0,-999.0,0,-999.0,-999.0,-999.0,-999.0,-999.0,0,-999.0,-999.0,-999.0,0,0,0.037494747224701454
PSO J139.6310+35.8854,-999,-999,-999,151061396310163033,3578835000032042,214022515359017,0,16486947876342,15106,1,2038,90,0.917900660930109,3578835,49831,3,268959744,0,32,-999.0,-999.0,-999.0,-999.0,139.63104138,35.88537183,0.2953700125217438,0.2953700125217438,,,,,56232.65170139,-999.0,-0.6172761227994669,0.5247667712577763,0.5861655261147198,130.8195818491433,19.211495947908105,188.08438481970526,44.341033533194526,-999,0,1,0,0,0,0,1,-999.0,-999.0,-999.0,-999.0,0,-999.0,-999.0,-999.0,-999.0,-999.0,0,-999.0,-999.0,-999.0,0,0,-999.0,-999.0,-999.0,-999.0,0,-999.0,-999.0,-999.0,-999.0,-999.0,0,-999.0,-999.0,-999.0,0,0,-999.0,-999.0,-999.0,-999.0,0,-999.0,-999.0,-999.0,-999.0,-999.0,0,-999.0,-999.0,-999.0,0,0,-999.0,-999.0,-999.0,-999.0,0,-999.0,-999.0,-999.0,-999.0,-999.0,0,-999.0,-999.0,-999.0,0,0,0.5559309720993042,20.195100784301758,0.2949880063533783,-999.0,1,20.195100784301758,20.195100784301758,-999.0,-999.0,-999.0,0,21.41309928894043,0.2949880063533783,-999.0,1,4120,0.038136639238168325
PSO J139.6315+35.8893,-999,-999,-999,151061396314217729,3578835000032149,214022515359124,0,16486947823556,15106,1,2038,90,0.239835597798075,3578835,49831,3,268513280,0,32,-999.0,-999.0,-999.0,-999.0,139.63146149,35.88928004,0.01590000092983246,0.01590000092983246,,,,,55248.32493056,-999.0,-0.6172495062738241,0.5247363469036673,0.5862207888184403,130.81859493373844,19.215306647595057,188.07897569368893,44.34168492961059,-999,0,1,1,0,0,0,0,0.9991940259933472,17.688199996948242,0.0051819998770952225,-999.0,1,17.688199996948242,17.688199996948242,18.417299270629883,0.013581999577581882,-999.0,1,18.34040069580078,0.0051819998770952225,-999.0,1,24,-999.0,-999.0,-999.0,-999.0,0,-999.0,-999.0,-999.0,-999.0,-999.0,0,-999.0,-999.0,-999.0,0,0,-999.0,-999.0,-999.0,-999.0,0,-999.0,-999.0,-999.0,-999.0,-999.0,0,-999.0,-999.0,-999.0,0,0,-999.0,-999.0,-999.0,-999.0,0,-999.0,-999.0,-999.0,-999.0,-999.0,0,-999.0,-999.0,-999.0,0,0,-999.0,-999.0,-999.0,-999.0,0,-999.0,-999.0,-999.0,-999.0,-999.0,0,-999.0,-999.0,-999.0,0,0,0.03592716304102342
PSO J139.6317+35.8881,-999,-999,-999,151061396316306302,3578835000032208,214022515359183,0,16486947823191,15106,1,2038,90,0.787348520743985,3578835,49831,3,268959744,0,32,-999.0,-999.0,-999.0,-999.0,139.63165592,35.88810076,0.35670000314712524,0.35670000314712524,,,,,55968.38200231,-999.0,-0.6172604796780367,0.5247420671843916,0.5862041139012003,130.81915373197955,19.214240308284445,188.08063693255522,44.34174779507791,-999,0,1,0,0,1,0,0,-999.0,-999.0,-999.0,-999.0,0,-999.0,-999.0,-999.0,-999.0,-999.0,0,-999.0,-999.0,-999.0,0,0,-999.0,-999.0,-999.0,-999.0,0,-999.0,-999.0,-999.0,-999.0,-999.0,0,-999.0,-999.0,-999.0,0,0,0.4233250021934509,21.910400390625,0.3563869893550873,-999.0,1,21.910400390625,21.910400390625,-999.0,-999.0,-999.0,0,21.707399368286133,0.3563869893550873,-999.0,1,4120,-999.0,-999.0,-999.0,-999.0,0,-999.0,-999.0,-999.0,-999.0,-999.0,0,-999.0,-999.0,-999.0,0,0,-999.0,-999.0,-999.0,-999.0,0,-999.0,-999.0,-999.0,-999.0,-999.0,0,-999.0,-999.0,-999.0,0,0,0.0367682064360655
PSO J139.6319+35.8855,-999,-999,-999,151061396318813216,3578835000032264,214022515359239,0,16486947876242,15106,1,2038,90,0.307447398367755,3578835,49831,3,310456320,0,37,-999.0,-999.0,-999.0,-999.0,139.63192162,35.88551591,0.14642000198364258,0.14642000198364258,,,,,55250.34270833,-999.0,-0.6172830617123007,0.5247563332162266,0.5861675634769877,130.82024815149967,19.211861286525203,188.0842636729407,44.341755926683646,-999,0,1,1,0,0,0,0,0.9987540245056152,21.321399688720703,0.14564499258995056,-999.0,1,21.321399688720703,21.321399688720703,19.707399368286133,0.09110900014638901,-999.0,1,20.09079933166504,0.14564499258995056,-999.0,1,16778264,-999.0,-999.0,-999.0,-999.0,0,-999.0,-999.0,-999.0,-999.0,-999.0,0,-999.0,-999.0,-999.0,0,0,-999.0,-999.0,-999.0,-999.0,0,-999.0,-999.0,-999.0,-999.0,-999.0,0,-999.0,-999.0,-999.0,0,0,-999.0,-999.0,-999.0,-999.0,0,-999.0,-999.0,-999.0,-999.0,-999.0,0,-999.0,-999.0,-999.0,0,0,-999.0,-999.0,-999.0,-999.0,0,-999.0,-999.0,-999.0,-999.0,-999.0,0,-999.0,-999.0,-999.0,0,0,0.038577378994488515
PSO J139.6320+35.8896,-999,-999,-999,151061396319998127,3578835000187466,214022515516064,0,16486947822685,15106,1,2038,90,0.820702435281782,3578835,49831,3,1343750144,0,160,139.6319982,35.88960664,0.0010000000474974513,0.0010000000474974513,139.6319982,35.88960664,0.0010000000474974513,0.0010000000474974513,,,,,55676.54596065,-999.0,-0.6172518756619156,0.5247284005384213,0.58622540687029,130.8189200378018,19.21575552193299,188.0785690144148,44.34214442777141,-999,2,0,0,0,0,0,0,-999.0,-999.0,-999.0,-999.0,0,-999.0,-999.0,-999.0,-999.0,-999.0,0,-999.0,-999.0,-999.0,0,16416,-999.0,-999.0,-999.0,-999.0,0,-999.0,-999.0,-999.0,-999.0,-999.0,0,-999.0,-999.0,-999.0,0,16416,-999.0,-999.0,-999.0,-999.0,0,-999.0,-999.0,-999.0,-999.0,-999.0,0,-999.0,-999.0,-999.0,0,114720,-999.0,-999.0,-999.0,-999.0,0,-999.0,-999.0,-999.0,-999.0,-999.0,0,-999.0,-999.0,-999.0,0,16416,-999.0,-999.0,-999.0,-999.0,0,-999.0,-999.0,-999.0,-999.0,-999.0,0,-999.0,-999.0,-999.0,0,16416,0.03608429722103518
PSO J139.6321+35.8880,-999,-999,-999,151061396320526208,3578835000032309,214022515359284,0,16486947823222,15106,1,2038,90,0.106407039897895,3578835,49831,3,268959744,0,32,-999.0,-999.0,-999.0,-999.0,139.63207748,35.88801683,0.20315000414848328,0.20315000414848328,,,,,56232.65170139,-999.0,-0.6172649947555681,0.5247380817846615,0.5862029271287907,130.8195248045403,19.21427043128142,188.08079204253028,44.342081535906864,-999,0,1,0,0,0,0,1,-999.0,-999.0,-999.0,-999.0,0,-999.0,-999.0,-999.0,-999.0,-999.0,0,-999.0,-999.0,-999.0,0,0,-999.0,-999.0,-999.0,-999.0,0,-999.0,-999.0,-999.0,-999.0,-999.0,0,-999.0,-999.0,-999.0,0,0,-999.0,-999.0,-999.0,-999.0,0,-999.0,-999.0,-999.0,-999.0,-999.0,0,-999.0,-999.0,-999.0,0,0,-999.0,-999.0,-999.0,-999.0,0,-999.0,-999.0,-999.0,-999.0,-999.0,0,-999.0,-999.0,-999.0,0,0,0.6461420059204102,19.834699630737305,0.20259599387645721,-999.0,1,19.834699630737305,19.834699630737305,-999.0,-999.0,-999.0,0,20.381099700927734,0.20259599387645721,-999.0,1,4120,0.037089202345507145
PSO J139.6333+35.8899,-999,-999,-999,151061396332858539,3578835000032638,214022515359613,0,16486947822653,15106,1,2038,90,0.876529958915459,3578835,49831,3,277348352,0,33,-999.0,-999.0,-999.0,-999.0,139.63330274,35.88994482,0.16035999357700348,0.16035999357700348,,,,,55250.34986111,-999.0,-0.6172611864698645,0.5247121054484017,0.5862301886407083,130.81986510925188,19.216415014208017,188.07821559796983,44.34322491457144,-999,0,1,1,0,0,0,0,0.6053829789161682,20.845800399780273,0.1596519947052002,-999.0,1,20.845800399780273,20.845800399780273,20.610200881958008,0.1256909966468811,-999.0,1,20.262399673461914,0.1596519947052002,-999.0,1,16781336,-999.0,-999.0,-999.0,-999.0,0,-999.0,-999.0,-999.0,-999.0,-999.0,0,-999.0,-999.0,-999.0,0,0,-999.0,-999.0,-999.0,-999.0,0,-999.0,-999.0,-999.0,-999.0,-999.0,0,-999.0,-999.0,-999.0,0,0,-999.0,-999.0,-999.0,-999.0,0,-999.0,-999.0,-999.0,-999.0,-999.0,0,-999.0,-999.0,-999.0,0,0,-999.0,-999.0,-999.0,-999.0,0,-999.0,-999.0,-999.0,-999.0,-999.0,0,-999.0,-999.0,-999.0,0,0,0.03675326791655385
PSO J139.6334+35.8895,-999,-999,-999,151061396333987947,3578835000032665,214022515359640,0,16486947822625,15106,1,2038,90,0.380057998355532,3578835,49831,3,277348352,0,33,-999.0,-999.0,-999.0,-999.0,139.63340956,35.88945425,0.23468999564647675,0.23468999564647675,,,,,55250.34270833,-999.0,-0.6172659890140394,0.5247142055348534,0.5862232521117253,130.8201186479909,19.215978173531845,188.07890902025704,44.34327202906178,-999,0,1,1,0,0,0,0,0.7289810180664062,21.75950050354004,0.23420700430870056,-999.0,1,21.75950050354004,21.75950050354004,20.98349952697754,0.1699099987745285,-999.0,1,21.10070037841797,0.23420700430870056,-999.0,1,16781336,-999.0,-999.0,-999.0,-999.0,0,-999.0,-999.0,-999.0,-999.0,-999.0,0,-999.0,-999.0,-999.0,0,0,-999.0,-999.0,-999.0,-999.0,0,-999.0,-999.0,-999.0,-999.0,-999.0,0,-999.0,-999.0,-999.0,0,0,-999.0,-999.0,-999.0,-999.0,0,-999.0,-999.0,-999.0,-999.0,-999.0,0,-999.0,-999.0,-999.0,0,0,-999.0,-999.0,-999.0,-999.0,0,-999.0,-999.0,-999.0,-999.0,-999.0,0,-999.0,-999.0,-999.0,0,0,0.03710407752069374
PSO J139.6346+35.8877,-999,-999,-999,151061396345585838,3578835000032926,214022515359901,0,16486947821487,15106,1,2038,90,0.504090954087759,3578835,49831,3,268959744,0,32,-999.0,-999.0,-999.0,-999.0,139.63457225,35.88769556,0.23600000143051147,0.23600000143051147,,,,,55250.27640046,-999.0,-0.6172903467176625,0.5247133331959182,0.5861983843509102,130.82166117491866,19.214614857942802,188.08146545981887,44.34407061328304,-999,0,1,0,0,0,0,1,-999.0,-999.0,-999.0,-999.0,0,-999.0,-999.0,-999.0,-999.0,-999.0,0,-999.0,-999.0,-999.0,0,0,-999.0,-999.0,-999.0,-999.0,0,-999.0,-999.0,-999.0,-999.0,-999.0,0,-999.0,-999.0,-999.0,0,0,-999.0,-999.0,-999.0,-999.0,0,-999.0,-999.0,-999.0,-999.0,-999.0,0,-999.0,-999.0,-999.0,0,0,-999.0,-999.0,-999.0,-999.0,0,-999.0,-999.0,-999.0,-999.0,-999.0,0,-999.0,-999.0,-999.0,0,0,0.5455880165100098,18.061899185180664,0.23552699387073517,-999.0,1,18.061899185180664,18.061899185180664,-999.0,-999.0,-999.0,0,-999.0,-999.0,-999.0,0,4112,0.038895411387709834
PSO J139.6356+35.8908,-999,-999,-999,151061396355449498,3578835000033177,214022515360152,0,16486947831285,15106,1,2038,90,0.541304844004386,3578835,49831,3,310456320,0,37,-999.0,-999.0,-999.0,-999.0,139.63557796,35.8907524,0.13432000577449799,0.13432000577449799,,,,,55250.34270833,-999.0,-0.6172757264627968,0.5246822420670043,0.5862416075129502,130.8214393515373,19.21777147932495,188.07729559234878,44.34512671759971,-999,0,1,1,0,0,0,0,0.99822998046875,21.21809959411621,0.13347600400447845,-999.0,1,21.21809959411621,21.21809959411621,19.623699188232422,0.08558999747037888,-999.0,1,20.03030014038086,0.13347600400447845,-999.0,1,16778264,-999.0,-999.0,-999.0,-999.0,0,-999.0,-999.0,-999.0,-999.0,-999.0,0,-999.0,-999.0,-999.0,0,0,-999.0,-999.0,-999.0,-999.0,0,-999.0,-999.0,-999.0,-999.0,-999.0,0,-999.0,-999.0,-999.0,0,0,-999.0,-999.0,-999.0,-999.0,0,-999.0,-999.0,-999.0,-999.0,-999.0,0,-999.0,-999.0,-999.0,0,0,-999.0,-999.0,-999.0,-999.0,0,-999.0,-999.0,-999.0,-999.0,-999.0,0,-999.0,-999.0,-999.0,0,0,0.03785386860531615
PSO J139.6366+35.8904,-999,-999,-999,151061396366279072,3578835000033437,214022515360412,0,16486947831567,15106,1,2038,90,0.714877244750855,3578835,49831,3,277348352,0,33,-999.0,-999.0,-999.0,-999.0,139.6366446,35.89038827,0.16710999608039856,0.16710999608039856,,,,,55250.34986111,-999.0,-0.6172883328512879,0.5246731634256029,0.5862364588684743,130.82242982536235,19.217703975345096,188.07789952666846,44.34595904554082,-999,0,1,1,0,0,0,0,0.7136880159378052,20.980899810791016,0.16643300652503967,-999.0,1,20.980899810791016,20.980899810791016,20.228599548339844,0.11944899708032608,-999.0,1,20.261699676513672,0.16643300652503967,-999.0,1,16781336,-999.0,-999.0,-999.0,-999.0,0,-999.0,-999.0,-999.0,-999.0,-999.0,0,-999.0,-999.0,-999.0,0,0,-999.0,-999.0,-999.0,-999.0,0,-999.0,-999.0,-999.0,-999.0,-999.0,0,-999.0,-999.0,-999.0,0,0,-999.0,-999.0,-999.0,-999.0,0,-999.0,-999.0,-999.0,-999.0,-999.0,0,-999.0,-999.0,-999.0,0,0,-999.0,-999.0,-999.0,-999.0,0,-999.0,-999.0,-999.0,-999.0,-999.0,0,-999.0,-999.0,-999.0,0,0,0.03878018378231225
PSO J139.6375+35.8912,-999,-999,-999,151061396373489991,3578835000033604,214022515360579,0,16486947831662,15107,1,2038,90,0.173275977534499,3578835,49831,3,302067712,0,36,-999.0,-999.0,-999.0,-999.0,139.63748008,35.89123623,0.033240001648664474,0.033240001648664474,,,,,55250.311875,19.172100067138672,-0.6172893725626576,0.5246585432470904,0.5862484486282599,130.82282045709056,19.21872432108321,188.07679304015025,44.34670136769775,-999,0,4,1,2,1,0,0,0.1928579956293106,20.537200927734375,0.06239800155162811,-999.0,1,20.537200927734375,20.537200927734375,20.916000366210938,0.12323600053787231,-999.0,1,20.700599670410156,0.06239800155162811,-999.0,1,536,0.2819739878177643,20.066299438476562,0.14772099256515503,0.24201600253582,2,20.0049991607666,20.300399780273438,20.322599411010742,0.03844200074672699,0.05437299981713295,2,20.05780029296875,0.029659999534487724,0.042573001235723495,2,536,0.21419699490070343,19.864900588989258,0.10301399976015091,-999.0,1,19.864900588989258,19.864900588989258,20.143800735473633,0.18625900149345398,-999.0,1,19.79949951171875,0.10301399976015091,-999.0,1,528,-999.0,-999.0,-999.0,-999.0,0,-999.0,-999.0,-999.0,-999.0,-999.0,0,-999.0,-999.0,-999.0,0,0,-999.0,-999.0,-999.0,-999.0,0,-999.0,-999.0,-999.0,-999.0,-999.0,0,-999.0,-999.0,-999.0,0,0,0.03892568084814977
PSO J139.5515+35.8962,-999,-999,-999,151071395514856025,3578835000012271,214022515339246,0,16486949157543,15107,1,2038,90,0.0255398294194972,3578835,49831,3,268959744,0,32,-999.0,-999.0,-999.0,-999.0,139.55148996,35.89616565,0.15976999700069427,0.15976999700069427,,,,,56759.31069444,-999.0,-0.6164628796937222,0.5255516624243862,0.5863181457900543,130.7512753301975,19.201048942465743,188.06212906043234,44.2776588202174,-999,0,1,0,0,1,0,0,-999.0,-999.0,-999.0,-999.0,0,-999.0,-999.0,-999.0,-999.0,-999.0,0,-999.0,-999.0,-999.0,0,0,-999.0,-999.0,-999.0,-999.0,0,-999.0,-999.0,-999.0,-999.0,-999.0,0,-999.0,-999.0,-999.0,0,0,0.7780230045318604,16.43549919128418,0.159061998128891,-999.0,1,16.43549919128418,16.43549919128418,-999.0,-999.0,-999.0,0,17.753700256347656,0.159061998128891,-999.0,1,4112,-999.0,-999.0,-999.0,-999.0,0,-999.0,-999.0,-999.0,-999.0,-999.0,0,-999.0,-999.0,-999.0,0,0,-999.0,-999.0,-999.0,-999.0,0,-999.0,-999.0,-999.0,-999.0,-999.0,0,-999.0,-999.0,-999.0,0,0,0.03881645922622047
PSO J139.5519+35.8969,-999,-999,-999,151071395519216859,3578835000012396,214022515339371,0,16486949157617,15107,1,2038,90,0.759850111566344,3578835,49831,3,268959744,0,32,-999.0,-999.0,-999.0,-999.0,139.55192358,35.89689091,0.2420099973678589,0.2420099973678589,,,,,55249.26106481,-999.0,-0.6164612091683381,0.5255421820128441,0.5863283998885686,130.7513814949568,19.201848528511512,188.06115881746604,44.27806728129307,-999,0,1,0,0,0,0,1,-999.0,-999.0,-999.0,-999.0,0,-999.0,-999.0,-999.0,-999.0,-999.0,0,-999.0,-999.0,-999.0,0,0,-999.0,-999.0,-999.0,-999.0,0,-999.0,-999.0,-999.0,-999.0,-999.0,0,-999.0,-999.0,-999.0,0,0,-999.0,-999.0,-999.0,-999.0,0,-999.0,-999.0,-999.0,-999.0,-999.0,0,-999.0,-999.0,-999.0,0,0,-999.0,-999.0,-999.0,-999.0,0,-999.0,-999.0,-999.0,-999.0,-999.0,0,-999.0,-999.0,-999.0,0,0,0.5513269901275635,19.227399826049805,0.24154800176620483,-999.0,1,19.227399826049805,19.227399826049805,-999.0,-999.0,-999.0,0,20.800600051879883,0.24154800176620483,-999.0,1,4112,0.038222124821697005
PSO J139.5521+35.8954,-999,-999,-999,151071395520845054,3578835000012449,214022515339424,0,16486949158799,15107,1,2038,90,0.779574917424074,3578835,49831,3,268959744,0,32,-999.0,-999.0,-999.0,-999.0,139.55210501,35.89537943,0.38830000162124634,0.38830000162124634,,,,,56049.23498843,-999.0,-0.6164746438321453,0.5255502644224398,0.5863070297016174,130.7520419408155,19.20046391129516,188.06327961278004,44.278092202303384,-999,0,1,0,0,0,0,1,-999.0,-999.0,-999.0,-999.0,0,-999.0,-999.0,-999.0,-999.0,-999.0,0,-999.0,-999.0,-999.0,0,0,-999.0,-999.0,-999.0,-999.0,0,-999.0,-999.0,-999.0,-999.0,-999.0,0,-999.0,-999.0,-999.0,0,0,-999.0,-999.0,-999.0,-999.0,0,-999.0,-999.0,-999.0,-999.0,-999.0,0,-999.0,-999.0,-999.0,0,0,-999.0,-999.0,-999.0,-999.0,0,-999.0,-999.0,-999.0,-999.0,-999.0,0,-999.0,-999.0,-999.0,0,0,0.7492319941520691,20.499300003051758,0.3880079984664917,-999.0,1,20.499300003051758,20.499300003051758,-999.0,-999.0,-999.0,0,-999.0,-999.0,-999.0,0,4120,0.03866118027965589
PSO J139.5532+35.8947,-999,-999,-999,151071395532244186,3578835000012741,214022515339716,0,16486949158891,15107,1,2038,90,0.480847282782986,3578835,49831,3,268959744,0,32,-999.0,-999.0,-999.0,-999.0,139.55324389,35.89465444,0.29868999123573303,0.29868999123573303,,,,,55250.33664352,-999.0,-0.6164907359171811,0.525542823373044,0.5862967792248069,130.75321340945413,19.200072904553018,188.0643926182059,44.2789534864107,-999,0,1,1,0,0,0,0,0.5835189819335938,21.493200302124023,0.29830899834632874,-999.0,1,21.493200302124023,21.493200302124023,-999.0,-999.0,-999.0,1,21.951499938964844,0.29830899834632874,-999.0,1,4120,-999.0,-999.0,-999.0,-999.0,0,-999.0,-999.0,-999.0,-999.0,-999.0,0,-999.0,-999.0,-999.0,0,0,-999.0,-999.0,-999.0,-999.0,0,-999.0,-999.0,-999.0,-999.0,-999.0,0,-999.0,-999.0,-999.0,0,0,-999.0,-999.0,-999.0,-999.0,0,-999.0,-999.0,-999.0,-999.0,-999.0,0,-999.0,-999.0,-999.0,0,0,-999.0,-999.0,-999.0,-999.0,0,-999.0,-999.0,-999.0,-999.0,-999.0,0,-999.0,-999.0,-999.0,0,0,0.03811706796059092
PSO J139.5533+35.8973,-999,-999,-999,151071395533067369,3578835000012771,214022515339746,0,16486949156096,15107,1,2038,90,0.0814221371723545,3578835,49831,3,268513280,0,32,-999.0,-999.0,-999.0,-999.0,139.55331105,35.89729606,0.019419999793171883,0.019419999793171883,,,,,55250.35447917,-999.0,-0.6164707802771847,0.5255245639633774,0.5863341280665327,130.75237134174986,19.20259257466642,188.06072099891364,44.27922017068072,-999,0,1,1,0,0,0,0,0.9978960156440735,18.492700576782227,0.01233499962836504,-999.0,1,18.492700576782227,18.492700576782227,18.992900848388672,0.025957999750971794,-999.0,1,18.839399337768555,0.01233499962836504,-999.0,1,24,-999.0,-999.0,-999.0,-999.0,0,-999.0,-999.0,-999.0,-999.0,-999.0,0,-999.0,-999.0,-999.0,0,0,-999.0,-999.0,-999.0,-999.0,0,-999.0,-999.0,-999.0,-999.0,-999.0,0,-999.0,-999.0,-999.0,0,0,-999.0,-999.0,-999.0,-999.0,0,-999.0,-999.0,-999.0,-999.0,-999.0,0,-999.0,-999.0,-999.0,0,0,-999.0,-999.0,-999.0,-999.0,0,-999.0,-999.0,-999.0,-999.0,-999.0,0,-999.0,-999.0,-999.0,0,0,0.037027776909042485
PSO J139.5533+35.8930,-999,-999,-999,151071395533302214,3578835000012773,214022515339748,0,16486949155623,15107,1,2038,90,0.13369805564517,3578835,49831,3,268959744,0,32,-999.0,-999.0,-999.0,-999.0,139.55331774,35.89299087,0.3425599932670593,0.3425599932670593,,,,,55651.25465278,-999.0,-0.6165043677112796,0.5255530720403975,0.5862732580135445,130.75383806360836,19.198516289906696,188.06671539297415,44.278879263629456,-999,0,1,0,0,0,0,1,-999.0,-999.0,-999.0,-999.0,0,-999.0,-999.0,-999.0,-999.0,-999.0,0,-999.0,-999.0,-999.0,0,0,-999.0,-999.0,-999.0,-999.0,0,-999.0,-999.0,-999.0,-999.0,-999.0,0,-999.0,-999.0,-999.0,0,0,-999.0,-999.0,-999.0,-999.0,0,-999.0,-999.0,-999.0,-999.0,-999.0,0,-999.0,-999.0,-999.0,0,0,-999.0,-999.0,-999.0,-999.0,0,-999.0,-999.0,-999.0,-999.0,-999.0,0,-999.0,-999.0,-999.0,0,0,0.521664023399353,20.054399490356445,0.3422360122203827,-999.0,1,20.054399490356445,20.054399490356445,-999.0,-999.0,-999.0,0,-999.0,-999.0,-999.0,0,4120,0.03879594468084532
PSO J139.5540+35.8975,-999,-999,-999,151071395538587741,3578835000012905,214022515339880,0,16486949145149,15107,1,2038,90,0.515632038484916,3578835,49831,3,310456320,0,37,-999.0,-999.0,-999.0,-999.0,139.55395079,35.89751747,0.1421400010585785,0.1421400010585785,,,,,55953.15287037,3.4014999866485596,-0.616474923709583,0.525516210789138,0.586337258440132,130.7528159962463,19.20296842037213,188.06047093985208,44.27975452714872,-999,0,3,0,1,1,0,1,-999.0,-999.0,-999.0,-999.0,0,-999.0,-999.0,-999.0,-999.0,-999.0,0,-999.0,-999.0,-999.0,0,0,0.9988470077514648,21.536800384521484,0.19389300048351288,-999.0,1,21.536800384521484,21.536800384521484,21.06170082092285,0.22599899768829346,-999.0,1,20.86840057373047,0.19389300048351288,-999.0,1,16777496,0.9976609945297241,16.95240020751953,0.20773600041866302,-999.0,1,16.95240020751953,16.95240020751953,16.20560073852539,0.2560670077800751,-999.0,1,16.27750015258789,0.20773600041866302,-999.0,1,16777488,-999.0,-999.0,-999.0,-999.0,0,-999.0,-999.0,-999.0,-999.0,-999.0,0,-999.0,-999.0,-999.0,0,0,0.6220700144767761,20.68670082092285,0.37278398871421814,-999.0,1,20.68670082092285,20.68670082092285,-999.0,-999.0,-999.0,0,-999.0,-999.0,-999.0,0,4120,0.03646451496950262
PSO J139.5541+35.8955,-999,-999,-999,151071395540865199,3578835000012974,214022515339949,0,16486949158029,15107,1,2038,90,0.507085657219482,3578835,49831,3,268513280,0,32,-999.0,-999.0,-999.0,-999.0,139.55410365,35.89550672,0.024529999122023582,0.024529999122023582,,,,,55249.29457176,-999.0,-0.6164919848753123,0.5255279147022857,0.5863088294177097,130.75362271747272,19.201103467202763,188.06328429962193,44.2797162696613,-999,0,1,0,0,1,0,0,-999.0,-999.0,-999.0,-999.0,0,-999.0,-999.0,-999.0,-999.0,-999.0,0,-999.0,-999.0,-999.0,0,0,-999.0,-999.0,-999.0,-999.0,0,-999.0,-999.0,-999.0,-999.0,-999.0,0,-999.0,-999.0,-999.0,0,0,0.9975820183753967,18.37019920349121,0.019404999911785126,-999.0,1,18.37019920349121,18.37019920349121,18.886699676513672,0.041026998311281204,-999.0,1,18.7450008392334,0.019404999911785126,-999.0,1,24,-999.0,-999.0,-999.0,-999.0,0,-999.0,-999.0,-999.0,-999.0,-999.0,0,-999.0,-999.0,-999.0,0,0,-999.0,-999.0,-999.0,-999.0,0,-999.0,-999.0,-999.0,-999.0,-999.0,0,-999.0,-999.0,-999.0,0,0,0.03712881300052568
PSO J139.5546+35.8934,-999,-999,-999,151071395546352640,3578835000013119,214022515340094,0,16486949155103,15107,1,2038,90,0.076969427128294,3578835,49831,3,268959744,0,32,-999.0,-999.0,-999.0,-999.0,139.5546378,35.89337513,0.207179993391037,0.207179993391037,,,,,55250.24451389,-999.0,-0.6165134836826172,0.5255363172890194,0.5862786911084339,130.75478026198493,19.199223061370624,188.06630060758746,44.27997611177834,-999,0,1,0,0,0,1,0,-999.0,-999.0,-999.0,-999.0,0,-999.0,-999.0,-999.0,-999.0,-999.0,0,-999.0,-999.0,-999.0,0,0,-999.0,-999.0,-999.0,-999.0,0,-999.0,-999.0,-999.0,-999.0,-999.0,0,-999.0,-999.0,-999.0,0,0,-999.0,-999.0,-999.0,-999.0,0,-999.0,-999.0,-999.0,-999.0,-999.0,0,-999.0,-999.0,-999.0,0,0,0.8494309782981873,20.629899978637695,0.2066359966993332,-999.0,1,20.629899978637695,20.629899978637695,-999.0,-999.0,-999.0,1,21.76729965209961,0.2066359966993332,-999.0,1,4120,-999.0,-999.0,-999.0,-999.0,0,-999.0,-999.0,-999.0,-999.0,-999.0,0,-999.0,-999.0,-999.0,0,0,0.03766959406472344
PSO J139.5552+35.8925,-999,-999,-999,151071395551861611,3578835000013264,214022515340239,0,16486949153519,15107,1,2038,90,0.879054956956818,3578835,49831,3,268513280,0,32,-999.0,-999.0,-999.0,-999.0,139.55518186,35.89250175,0.016340000554919243,0.016340000554919243,,,,,55275.32704861,-999.0,-0.616525275110708,0.5255362604907468,0.5862663422533038,130.75551878986616,19.19853704900594,188.0675661033923,44.28034515878637,-999,0,1,1,0,0,0,0,0.9956309795379639,18.19420051574707,0.0064489999786019325,-999.0,1,18.19420051574707,18.19420051574707,18.447399139404297,0.012501999735832214,-999.0,1,18.39109992980957,0.0064489999786019325,-999.0,1,24,-999.0,-999.0,-999.0,-999.0,0,-999.0,-999.0,-999.0,-999.0,-999.0,0,-999.0,-999.0,-999.0,0,0,-999.0,-999.0,-999.0,-999.0,0,-999.0,-999.0,-999.0,-999.0,-999.0,0,-999.0,-999.0,-999.0,0,0,-999.0,-999.0,-999.0,-999.0,0,-999.0,-999.0,-999.0,-999.0,-999.0,0,-999.0,-999.0,-999.0,0,0,-999.0,-999.0,-999.0,-999.0,0,-999.0,-999.0,-999.0,-999.0,-999.0,0,-999.0,-999.0,-999.0,0,0,0.03769426798323469
PSO J139.5556+35.8957,-999,-999,-999,151071395556145445,3578835000013368,214022515340343,0,16486949156841,15107,1,2038,90,0.322184477301486,3578835,49831,3,268959744,0,32,-999.0,-999.0,-999.0,-999.0,139.55562656,35.89571055,0.22479000687599182,0.22479000687599182,,,,,55249.28607639,-999.0,-0.6165043657107968,0.5255101752076443,0.5863117113044554,130.75479095874343,19.20169200298588,188.06313909156648,44.28096235456964,-999,0,1,0,0,1,0,0,-999.0,-999.0,-999.0,-999.0,0,-999.0,-999.0,-999.0,-999.0,-999.0,0,-999.0,-999.0,-999.0,0,0,-999.0,-999.0,-999.0,-999.0,0,-999.0,-999.0,-999.0,-999.0,-999.0,0,-999.0,-999.0,-999.0,0,0,0.6871860027313232,20.693300247192383,0.22428999841213226,-999.0,1,20.693300247192383,20.693300247192383,-999.0,-999.0,-999.0,0,22.57040023803711,0.22428999841213226,-999.0,1,4120,-999.0,-999.0,-999.0,-999.0,0,-999.0,-999.0,-999.0,-999.0,-999.0,0,-999.0,-999.0,-999.0,0,0,-999.0,-999.0,-999.0,-999.0,0,-999.0,-999.0,-999.0,-999.0,-999.0,0,-999.0,-999.0,-999.0,0,0,0.035921705768610736
PSO J139.5559+35.8988,-999,-999,-999,151071395558549158,3578835000013428,214022515340403,0,16486949145567,15107,1,2038,90,0.448741232462918,3578835,49831,3,310456320,0,37,-999.0,-999.0,-999.0,-999.0,139.55586675,35.89877569,0.17010000348091125,0.17010000348091125,,,,,55250.32483796,-999.0,-0.6164826972316498,0.5254872428126248,0.5863550474372805,130.75394566709372,19.204657761749946,188.05889340390368,44.28140267852231,-999,0,1,0,1,0,0,0,-999.0,-999.0,-999.0,-999.0,0,-999.0,-999.0,-999.0,-999.0,-999.0,0,-999.0,-999.0,-999.0,0,0,0.9973589777946472,21.40089988708496,0.16943499445915222,-999.0,1,21.40089988708496,21.40089988708496,19.57900047302246,0.0900920033454895,-999.0,1,20.200199127197266,0.16943499445915222,-999.0,1,16777496,-999.0,-999.0,-999.0,-999.0,0,-999.0,-999.0,-999.0,-999.0,-999.0,0,-999.0,-999.0,-999.0,0,0,-999.0,-999.0,-999.0,-999.0,0,-999.0,-999.0,-999.0,-999.0,-999.0,0,-999.0,-999.0,-999.0,0,0,-999.0,-999.0,-999.0,-999.0,0,-999.0,-999.0,-999.0,-999.0,-999.0,0,-999.0,-999.0,-999.0,0,0,0.034566914494670586
PSO J139.5559+35.8929,-999,-999,-999,151071395558652135,3578835000013427,214022515340402,0,16486949153319,15107,1,2038,90,0.478570489658574,3578835,49831,3,310456320,0,37,-999.0,-999.0,-999.0,-999.0,139.55586924,35.89292824,0.16489000618457794,0.16489000618457794,,,,,55250.35447917,-999.0,-0.6165282587845523,0.5255260330264431,0.5862723724785076,130.75593256430997,19.199119534679983,188.06703490246358,44.28093452673797,-999,0,1,1,0,0,0,0,0.9984650015830994,21.454999923706055,0.16420499980449677,-999.0,1,21.454999923706055,21.454999923706055,20.531700134277344,0.15773199498653412,-999.0,1,20.6560001373291,0.16420499980449677,-999.0,1,16777496,-999.0,-999.0,-999.0,-999.0,0,-999.0,-999.0,-999.0,-999.0,-999.0,0,-999.0,-999.0,-999.0,0,0,-999.0,-999.0,-999.0,-999.0,0,-999.0,-999.0,-999.0,-999.0,-999.0,0,-999.0,-999.0,-999.0,0,0,-999.0,-999.0,-999.0,-999.0,0,-999.0,-999.0,-999.0,-999.0,-999.0,0,-999.0,-999.0,-999.0,0,0,-999.0,-999.0,-999.0,-999.0,0,-999.0,-999.0,-999.0,-999.0,-999.0,0,-999.0,-999.0,-999.0,0,0,0.03700066866100275
PSO J139.5559+35.8971,-999,-999,-999,151071395559407109,3578835000013441,214022515340416,0,16486949155905,15107,1,2038,90,0.703969061098964,3578835,49831,3,268959744,0,32,-999.0,-999.0,-999.0,-999.0,139.55594264,35.89706082,0.2267799973487854,0.2267799973487854,,,,,55250.35447917,-999.0,-0.6164967489833478,0.5254978105979696,0.5863308021498644,130.754589444091,19.20305309640363,188.0612878945642,44.28132613225024,-999,0,1,1,0,0,0,0,0.6864349842071533,21.584299087524414,0.226283997297287,-999.0,1,21.584299087524414,21.584299087524414,21.49329948425293,0.2489829957485199,-999.0,1,21.270000457763672,0.226283997297287,-999.0,1,4120,-999.0,-999.0,-999.0,-999.0,0,-999.0,-999.0,-999.0,-999.0,-999.0,0,-999.0,-999.0,-999.0,0,0,-999.0,-999.0,-999.0,-999.0,0,-999.0,-999.0,-999.0,-999.0,-999.0,0,-999.0,-999.0,-999.0,0,0,-999.0,-999.0,-999.0,-999.0,0,-999.0,-999.0,-999.0,-999.0,-999.0,0,-999.0,-999.0,-999.0,0,0,-999.0,-999.0,-999.0,-999.0,0,-999.0,-999.0,-999.0,-999.0,-999.0,0,-999.0,-999.0,-999.0,0,0,0.03514144342377295
PSO J139.5493+35.9135,-999,-999,-999,151091395492346888,3578835000011745,214022515338720,0,16486948611177,15109,1,2038,90,0.214306508390518,3578835,49831,3,436363264,5,52,139.54935233,35.91348452,0.0010000000474974513,0.0010000000474974513,139.54931713493366,35.91348949939202,0.03456248917773449,0.03456248917773449,75.92695858214927,17.861399678511535,22.99978178336086,22.99978178336086,55852.51062082445,7.159440994262695,-0.6163080182251518,0.5254599992703247,0.5865630535911857,130.74363095518606,19.21689087620225,188.03781882447427,44.27729554405418,-999,4,6,0,0,1,4,1,-999.0,-999.0,-999.0,-999.0,0,-999.0,-999.0,-999.0,-999.0,-999.0,0,-999.0,-999.0,-999.0,0,16416,-999.0,-999.0,-999.0,-999.0,0,-999.0,-999.0,-999.0,-999.0,-999.0,0,-999.0,-999.0,-999.0,0,114720,0.9992759823799133,21.68779945373535,0.15501399338245392,-999.0,1,21.68779945373535,21.68779945373535,21.36359977722168,0.23640799522399902,-999.0,1,21.462400436401367,0.15501399338245392,-999.0,1,114992,0.9995549917221069,20.78070068359375,0.10178399831056595,0.21967799961566925,4,20.563600540161133,21.013500213623047,20.487899780273438,0.12034700065851212,0.2825480103492737,4,20.50659942626953,0.09780099987983704,0.2808310091495514,4,115000,0.9978989958763123,20.344600677490234,0.1643649935722351,-999.0,1,20.344600677490234,20.344600677490234,19.447500228881836,0.17396600544452667,-999.0,1,19.475500106811523,0.1643649935722351,-999.0,1,16892216,0.03782760986246583
PSO J139.5494+35.9082,-999,-999,-999,151091395493680399,3578835000011768,214022515338743,0,16486948490867,15109,1,2038,90,0.353697231368811,3578835,49831,3,268959744,0,32,-999.0,-999.0,-999.0,-999.0,139.54936892,35.9081708,0.2381100058555603,0.2381100058555603,,,,,55250.24451389,-999.0,-0.6163499250151033,0.5254947667019916,0.5864878686747885,130.74547702202898,19.211869920653623,188.04522278327002,44.27691087322768,-999,0,1,0,0,0,1,0,-999.0,-999.0,-999.0,-999.0,0,-999.0,-999.0,-999.0,-999.0,-999.0,0,-999.0,-999.0,-999.0,0,0,-999.0,-999.0,-999.0,-999.0,0,-999.0,-999.0,-999.0,-999.0,-999.0,0,-999.0,-999.0,-999.0,0,0,-999.0,-999.0,-999.0,-999.0,0,-999.0,-999.0,-999.0,-999.0,-999.0,0,-999.0,-999.0,-999.0,0,0,0.7364060282707214,20.65290069580078,0.23763300478458405,-999.0,1,20.65290069580078,20.65290069580078,-999.0,-999.0,-999.0,0,21.151399612426758,0.23763300478458405,-999.0,1,4120,-999.0,-999.0,-999.0,-999.0,0,-999.0,-999.0,-999.0,-999.0,-999.0,0,-999.0,-999.0,-999.0,0,0,0.03777575875204063
PSO J139.5494+35.9149,-999,-999,-999,151091395495058455,3578835000011807,214022515338782,0,16486948612050,15109,1,2038,90,0.858536259139456,3578835,49831,3,268959744,0,32,-999.0,-999.0,-999.0,-999.0,139.54940036,35.91486936,0.20026999711990356,0.20026999711990356,,,,,55259.35104167,-999.0,-0.6162980317027136,0.5254499388892306,0.5865825584183908,130.74322864377996,19.21822316482942,188.0358998583402,44.277473471189786,-999,0,2,1,1,0,0,0,0.5899959802627563,22.51129913330078,0.3326990008354187,-999.0,1,22.51129913330078,22.51129913330078,-999.0,-999.0,-999.0,1,22.789199829101562,0.3326990008354187,-999.0,1,4120,0.6323379874229431,21.5137996673584,0.2502110004425049,-999.0,1,21.5137996673584,21.5137996673584,-999.0,-999.0,-999.0,0,21.669300079345703,0.2502110004425049,-999.0,1,4120,-999.0,-999.0,-999.0,-999.0,0,-999.0,-999.0,-999.0,-999.0,-999.0,0,-999.0,-999.0,-999.0,0,0,-999.0,-999.0,-999.0,-999.0,0,-999.0,-999.0,-999.0,-999.0,-999.0,0,-999.0,-999.0,-999.0,0,0,-999.0,-999.0,-999.0,-999.0,0,-999.0,-999.0,-999.0,-999.0,-999.0,0,-999.0,-999.0,-999.0,0,0,0.03788516807335865
PSO J139.5498+35.9105,-999,-999,-999,151091395498553293,3578835000011874,214022515338849,0,16486948603970,15109,1,2038,90,0.258207740502625,3578835,49831,3,310456320,0,37,-999.0,-999.0,-999.0,-999.0,139.54984988,35.9105389,0.16931000351905823,0.16931000351905823,,,,,55250.30069444,-999.0,-0.6163358895535638,0.5254738656702349,0.5865213446634291,130.7450639139493,19.214237930612374,188.04196956239096,44.277489169393434,-999,0,1,0,0,1,0,0,-999.0,-999.0,-999.0,-999.0,0,-999.0,-999.0,-999.0,-999.0,-999.0,0,-999.0,-999.0,-999.0,0,0,-999.0,-999.0,-999.0,-999.0,0,-999.0,-999.0,-999.0,-999.0,-999.0,0,-999.0,-999.0,-999.0,0,0,0.9985049962997437,20.949499130249023,0.16864900290966034,-999.0,1,20.949499130249023,20.949499130249023,20.538400650024414,0.2409210056066513,-999.0,1,20.22960090637207,0.16864900290966034,-999.0,1,16777488,-999.0,-999.0,-999.0,-999.0,0,-999.0,-999.0,-999.0,-999.0,-999.0,0,-999.0,-999.0,-999.0,0,0,-999.0,-999.0,-999.0,-999.0,0,-999.0,-999.0,-999.0,-999.0,-999.0,0,-999.0,-999.0,-999.0,0,0,0.03729809460921926
PSO J139.5499+35.9108,-999,-999,-999,151091395498743638,3578835000011878,214022515338853,0,16486948603978,15109,1,2038,90,0.956653216813368,3578835,49831,3,444674048,0,53,139.54992753,35.91085815,0.0010000000474974513,0.0010000000474974513,139.54986925,35.91081026,0.18310999870300293,0.18310999870300293,,,,,55250.31938657,-999.0,-0.6163339533391894,0.5254718550767421,0.5865251806047999,130.7449875342198,19.21450000001642,188.0415935291183,44.27752657267012,-999,4,1,0,1,0,0,0,-999.0,-999.0,-999.0,-999.0,0,-999.0,-999.0,-999.0,-999.0,-999.0,0,-999.0,-999.0,-999.0,0,114720,0.9988639950752258,21.504899978637695,0.18249399960041046,-999.0,1,21.504899978637695,21.504899978637695,20.618799209594727,0.18002000451087952,-999.0,1,20.858200073242188,0.18249399960041046,-999.0,1,16892216,-999.0,-999.0,-999.0,-999.0,0,-999.0,-999.0,-999.0,-999.0,-999.0,0,-999.0,-999.0,-999.0,0,114720,-999.0,-999.0,-999.0,-999.0,0,-999.0,-999.0,-999.0,-999.0,-999.0,0,-999.0,-999.0,-999.0,0,114720,-999.0,-999.0,-999.0,-999.0,0,-999.0,-999.0,-999.0,-999.0,-999.0,0,-999.0,-999.0,-999.0,0,16416,0.037281793583180546
PSO J139.5499+35.9133,-999,-999,-999,151091395499556619,3578835000011901,214022515338876,0,16486948615317,15109,1,2038,90,0.913216652267814,3578835,49831,3,277348352,0,33,-999.0,-999.0,-999.0,-999.0,139.54993249,35.91329305,0.1042499989271164,0.1042499989271164,,,,,55250.30069444,-999.0,-0.6163151920338099,0.5254546849051625,0.586560276680534,130.7441960816701,19.216868190443705,188.03814267879528,44.27777670959044,-999,0,1,0,0,1,0,0,-999.0,-999.0,-999.0,-999.0,0,-999.0,-999.0,-999.0,-999.0,-999.0,0,-999.0,-999.0,-999.0,0,0,-999.0,-999.0,-999.0,-999.0,0,-999.0,-999.0,-999.0,-999.0,-999.0,0,-999.0,-999.0,-999.0,0,0,0.6864960193634033,20.267900466918945,0.10316099971532822,-999.0,1,20.267900466918945,20.267900466918945,19.795299530029297,0.08019299805164337,-999.0,1,19.471500396728516,0.10316099971532822,-999.0,1,16781328,-999.0,-999.0,-999.0,-999.0,0,-999.0,-999.0,-999.0,-999.0,-999.0,0,-999.0,-999.0,-999.0,0,0,-999.0,-999.0,-999.0,-999.0,0,-999.0,-999.0,-999.0,-999.0,-999.0,0,-999.0,-999.0,-999.0,0,0,0.03731669311425826
PSO J139.5501+35.9098,-999,-999,-999,151091395501062323,3578835000011934,214022515338909,0,16486948488822,15109,1,2038,90,0.510971624880071,3578835,49831,3,302067712,0,36,-999.0,-999.0,-999.0,-999.0,139.55009938,35.90976685,0.11123000085353851,0.11123000085353851,,,,,55918.62197917,-999.0,-0.6163441918950499,0.525476309227503,0.586510430902878,130.7455287033015,19.213571398540864,188.04306706128764,44.277628666517664,-999,0,1,0,1,0,0,0,-999.0,-999.0,-999.0,-999.0,0,-999.0,-999.0,-999.0,-999.0,-999.0,0,-999.0,-999.0,-999.0,0,0,0.9991049766540527,21.3882999420166,0.11021199822425842,-999.0,1,21.3882999420166,21.3882999420166,21.279300689697266,0.16802899539470673,-999.0,1,21.140300750732422,0.11021199822425842,-999.0,1,280,-999.0,-999.0,-999.0,-999.0,0,-999.0,-999.0,-999.0,-999.0,-999.0,0,-999.0,-999.0,-999.0,0,0,-999.0,-999.0,-999.0,-999.0,0,-999.0,-999.0,-999.0,-999.0,-999.0,0,-999.0,-999.0,-999.0,0,0,-999.0,-999.0,-999.0,-999.0,0,-999.0,-999.0,-999.0,-999.0,-999.0,0,-999.0,-999.0,-999.0,0,0,0.03710862599269426
PSO J139.5502+35.9140,-999,-999,-999,151091395501647497,3578835000011957,214022515338932,0,16486948616000,15109,1,2038,90,0.621560862866753,3578835,49831,3,277348352,0,33,-999.0,-999.0,-999.0,-999.0,139.55017215,35.91404712,0.07710999995470047,0.07710999995470047,,,,,55250.25818287,-999.0,-0.6163115153654969,0.5254470984809212,0.5865709358004929,130.7441348000613,19.217644687842643,188.0371145722946,44.27803062953504,-999,0,1,0,0,0,1,0,-999.0,-999.0,-999.0,-999.0,0,-999.0,-999.0,-999.0,-999.0,-999.0,0,-999.0,-999.0,-999.0,0,0,-999.0,-999.0,-999.0,-999.0,0,-999.0,-999.0,-999.0,-999.0,-999.0,0,-999.0,-999.0,-999.0,0,0,-999.0,-999.0,-999.0,-999.0,0,-999.0,-999.0,-999.0,-999.0,-999.0,0,-999.0,-999.0,-999.0,0,0,0.645654022693634,19.355499267578125,0.07563400268554688,-999.0,1,19.355499267578125,19.355499267578125,-999.0,-999.0,-999.0,0,18.743999481201172,0.07563400268554688,-999.0,1,16781336,-999.0,-999.0,-999.0,-999.0,0,-999.0,-999.0,-999.0,-999.0,-999.0,0,-999.0,-999.0,-999.0,0,0,0.03718213338812506
PSO J139.5504+35.9101,-999,-999,-999,151091395504022729,3578835000012012,214022515338987,0,16486948604293,15109,1,2038,90,0.185647281059667,3578835,49831,3,310456320,0,37,-999.0,-999.0,-999.0,-999.0,139.55039851,35.91009608,0.17502999305725098,0.17502999305725098,,,,,55259.45986111,-999.0,-0.6163443706591792,0.5254709049010043,0.5865150849375146,130.74565997161233,19.21396091816622,188.0426358466109,44.27789657317578,-999,0,1,0,0,1,0,0,-999.0,-999.0,-999.0,-999.0,0,-999.0,-999.0,-999.0,-999.0,-999.0,0,-999.0,-999.0,-999.0,0,0,-999.0,-999.0,-999.0,-999.0,0,-999.0,-999.0,-999.0,-999.0,-999.0,0,-999.0,-999.0,-999.0,0,0,0.9950569868087769,20.55820083618164,0.1743900030851364,-999.0,1,20.55820083618164,20.55820083618164,20.05389976501465,0.2202029973268509,-999.0,1,19.944599151611328,0.1743900030851364,-999.0,1,16777488,-999.0,-999.0,-999.0,-999.0,0,-999.0,-999.0,-999.0,-999.0,-999.0,0,-999.0,-999.0,-999.0,0,0,-999.0,-999.0,-999.0,-999.0,0,-999.0,-999.0,-999.0,-999.0,-999.0,0,-999.0,-999.0,-999.0,0,0,0.036859048067791264
PSO J139.5512+35.9145,-999,-999,-999,151091395511367946,3578835000012199,214022515339174,0,16486948615880,15109,1,2038,90,0.79859087411183,3578835,49831,3,268959744,0,32,-999.0,-999.0,-999.0,-999.0,139.55115884,35.91446117,0.4724400043487549,0.4724400043487549,,,,,56759.28498843,-999.0,-0.6163173382535613,0.5254337348448136,0.5865767885410019,130.74479585272752,19.218293055270557,188.0366275637593,44.27886035755615,-999,0,1,0,0,1,0,0,-999.0,-999.0,-999.0,-999.0,0,-999.0,-999.0,-999.0,-999.0,-999.0,0,-999.0,-999.0,-999.0,0,0,-999.0,-999.0,-999.0,-999.0,0,-999.0,-999.0,-999.0,-999.0,-999.0,0,-999.0,-999.0,-999.0,0,0,0.42848798632621765,21.025400161743164,0.4722000062465668,-999.0,1,21.025400161743164,21.025400161743164,-999.0,-999.0,-999.0,0,-999.0,-999.0,-999.0,0,4112,-999.0,-999.0,-999.0,-999.0,0,-999.0,-999.0,-999.0,-999.0,-999.0,0,-999.0,-999.0,-999.0,0,0,-999.0,-999.0,-999.0,-999.0,0,-999.0,-999.0,-999.0,-999.0,-999.0,0,-999.0,-999.0,-999.0,0,0,0.036425974328191
PSO J139.5515+35.9140,-999,-999,-999,151091395514837461,3578835000012299,214022515339274,0,16486948615840,15109,1,2038,90,0.424033083416552,3578835,49831,3,268959744,0,32,-999.0,-999.0,-999.0,-999.0,139.55146019,35.91400737,0.15494999289512634,0.15494999289512634,,,,,55250.27490741,-999.0,-0.6163236372237196,0.5254335073442202,0.5865703739188299,130.7451947372148,19.21794144278676,188.0372866868255,44.279067269389245,-999,0,1,0,0,0,0,1,-999.0,-999.0,-999.0,-999.0,0,-999.0,-999.0,-999.0,-999.0,-999.0,0,-999.0,-999.0,-999.0,0,0,-999.0,-999.0,-999.0,-999.0,0,-999.0,-999.0,-999.0,-999.0,-999.0,0,-999.0,-999.0,-999.0,0,0,-999.0,-999.0,-999.0,-999.0,0,-999.0,-999.0,-999.0,-999.0,-999.0,0,-999.0,-999.0,-999.0,0,0,-999.0,-999.0,-999.0,-999.0,0,-999.0,-999.0,-999.0,-999.0,-999.0,0,-999.0,-999.0,-999.0,0,0,0.6848949790000916,18.597000122070312,0.1542229950428009,-999.0,1,18.597000122070312,18.597000122070312,-999.0,-999.0,-999.0,0,18.218900680541992,0.1542229950428009,-999.0,1,4112,0.036139563323272804
PSO J139.5526+35.9161,-999,-999,-999,151091395526109870,3578835000012604,214022515339579,0,16486948614422,15109,1,2038,90,0.397255836424656,3578835,49831,3,436285440,0,52,139.55269727,35.91618623,0.0010000000474974513,0.0010000000474974513,139.55261348,35.91605512,0.19464999437332153,0.19464999437332153,,,,,55248.29211806,-999.0,-0.6163182593462894,0.5254075007104932,0.5865993192917233,130.74543649822647,19.220180546942085,188.0345401800604,44.280162358436144,-999,1,1,0,0,1,0,0,-999.0,-999.0,-999.0,-999.0,0,-999.0,-999.0,-999.0,-999.0,-999.0,0,-999.0,-999.0,-999.0,0,16416,-999.0,-999.0,-999.0,-999.0,0,-999.0,-999.0,-999.0,-999.0,-999.0,0,-999.0,-999.0,-999.0,0,114720,0.9976919889450073,21.470600128173828,0.19407300651073456,-999.0,1,21.470600128173828,21.470600128173828,-999.0,-999.0,-999.0,1,21.53230094909668,0.19407300651073456,-999.0,1,16696,-999.0,-999.0,-999.0,-999.0,0,-999.0,-999.0,-999.0,-999.0,-999.0,0,-999.0,-999.0,-999.0,0,16416,-999.0,-999.0,-999.0,-999.0,0,-999.0,-999.0,-999.0,-999.0,-999.0,0,-999.0,-999.0,-999.0,0,16416,0.035457069958816284
PSO J139.5528+35.9142,-999,-999,-999,151091395527697655,3578835000012649,214022515339624,0,16486948617807,15109,1,2038,90,0.538792334998764,3578835,49831,3,268959744,0,32,-999.0,-999.0,-999.0,-999.0,139.55277675,35.91420381,0.40097999572753906,0.40097999572753906,,,,,55576.49671296,-999.0,-0.6163341801968628,0.5254180404517876,0.5865731506716486,130.74619765975103,19.218469334351013,188.03713252988294,44.28014585977151,-999,0,1,0,0,1,0,0,-999.0,-999.0,-999.0,-999.0,0,-999.0,-999.0,-999.0,-999.0,-999.0,0,-999.0,-999.0,-999.0,0,0,-999.0,-999.0,-999.0,-999.0,0,-999.0,-999.0,-999.0,-999.0,-999.0,0,-999.0,-999.0,-999.0,0,0,0.4505540132522583,21.67650032043457,0.4006980061531067,-999.0,1,21.67650032043457,21.67650032043457,-999.0,-999.0,-999.0,0,22.6387996673584,0.4006980061531067,-999.0,1,4120,-999.0,-999.0,-999.0,-999.0,0,-999.0,-999.0,-999.0,-999.0,-999.0,0,-999.0,-999.0,-999.0,0,0,-999.0,-999.0,-999.0,-999.0,0,-999.0,-999.0,-999.0,-999.0,-999.0,0,-999.0,-999.0,-999.0,0,0,0.03509647711104807
PSO J139.5528+35.9135,-999,-999,-999,151091395528736796,3578835000186535,214022515515133,0,16486948615498,15109,1,2038,90,0.341286951993859,3578835,49831,3,404226048,0,48,139.5527977,35.91352226,0.0010000000474974513,0.0010000000474974513,139.5527977,35.91352226,0.0010000000474974513,0.0010000000474974513,,,,,55646.49783565,-999.0,-0.6163396821451272,0.5254223416599485,0.5865635166781341,130.74644606247477,19.217829193735525,188.0380833398759,44.28010816128367,-999,2,0,0,0,0,0,0,-999.0,-999.0,-999.0,-999.0,0,-999.0,-999.0,-999.0,-999.0,-999.0,0,-999.0,-999.0,-999.0,0,16416,-999.0,-999.0,-999.0,-999.0,0,-999.0,-999.0,-999.0,-999.0,-999.0,0,-999.0,-999.0,-999.0,0,114720,-999.0,-999.0,-999.0,-999.0,0,-999.0,-999.0,-999.0,-999.0,-999.0,0,-999.0,-999.0,-999.0,0,114720,-999.0,-999.0,-999.0,-999.0,0,-999.0,-999.0,-999.0,-999.0,-999.0,0,-999.0,-999.0,-999.0,0,16416,-999.0,-999.0,-999.0,-999.0,0,-999.0,-999.0,-999.0,-999.0,-999.0,0,-999.0,-999.0,-999.0,0,16416,0.03501920733670071
PSO J139.5535+35.9110,-999,-999,-999,151091395534853808,3578835000012829,214022515339804,0,16486948605166,15109,1,2038,90,0.278570777996043,3578835,49831,3,302067712,0,36,-999.0,-999.0,-999.0,-999.0,139.55348878,35.91098895,0.28213998675346375,0.28213998675346375,,,,,56759.31069444,-999.0,-0.6163657555376281,0.5254317318562007,0.5865277065570923,130.74786755763762,19.215609013522435,188.04167309185945,44.2804630273046,-999,0,1,0,0,1,0,0,-999.0,-999.0,-999.0,-999.0,0,-999.0,-999.0,-999.0,-999.0,-999.0,0,-999.0,-999.0,-999.0,0,0,-999.0,-999.0,-999.0,-999.0,0,-999.0,-999.0,-999.0,-999.0,-999.0,0,-999.0,-999.0,-999.0,0,0,0.9977350234985352,17.283700942993164,0.28173598647117615,-999.0,1,17.283700942993164,17.283700942993164,-999.0,-999.0,-999.0,1,17.814899444580078,0.28173598647117615,-999.0,1,272,-999.0,-999.0,-999.0,-999.0,0,-999.0,-999.0,-999.0,-999.0,-999.0,0,-999.0,-999.0,-999.0,0,0,-999.0,-999.0,-999.0,-999.0,0,-999.0,-999.0,-999.0,-999.0,-999.0,0,-999.0,-999.0,-999.0,0,0,0.03435096662130418
PSO J139.5540+35.9099,-999,-999,-999,151091395538572508,3578835000012918,214022515339893,0,16486948605897,15109,1,2038,90,0.207553083270372,3578835,49831,3,436527104,7,52,139.55397429,35.90984713,0.0010000000474974513,0.0010000000474974513,139.5539703861611,35.90986589369521,0.019687675751356267,0.019687675751356267,7.698772615328409,-7.531496244408289,10.786716442955855,10.786716442955855,55970.58307899254,4.4262237548828125,-0.6163789210456855,0.525434008976794,0.58651183099843,130.74863796061578,19.21467188734633,188.0432772092421,44.28076057805268,-999,5,21,1,13,7,0,0,0.9997199773788452,21.861799240112305,0.19047999382019043,-999.0,1,21.861799240112305,21.861799240112305,21.695199966430664,0.2493779957294464,-999.0,1,21.80430030822754,0.19047999382019043,-999.0,1,115000,0.9997040033340454,21.74250030517578,0.05869400128722191,0.1943739950656891,13,21.484899520874023,22.09149932861328,21.509899139404297,0.12392500042915344,0.37094300985336304,13,21.72089958190918,0.09440399706363678,0.3297710120677948,13,115000,0.9994969964027405,21.714599609375,0.031856000423431396,0.07940199971199036,7,21.641799926757812,21.823299407958984,21.384300231933594,0.23085899651050568,0.47094398736953735,6,21.586999893188477,0.12794500589370728,0.3217250108718872,7,115000,-999.0,-999.0,-999.0,-999.0,0,-999.0,-999.0,-999.0,-999.0,-999.0,0,-999.0,-999.0,-999.0,0,114720,-999.0,-999.0,-999.0,-999.0,0,-999.0,-999.0,-999.0,-999.0,-999.0,0,-999.0,-999.0,-999.0,0,114720,0.03397181534094342
PSO J139.5543+35.9138,-999,-999,-999,151091395543287109,3578835000013053,214022515340028,0,16486948617311,15109,1,2038,90,0.934817822589369,3578835,49831,3,268959744,0,32,-999.0,-999.0,-999.0,-999.0,139.55434845,35.91375796,0.34703999757766724,0.34703999757766724,,,,,56678.5306713,-999.0,-0.6163520665113924,0.5254040944444334,0.5865668484053296,130.7476259216428,19.218455086521676,188.0378957383707,44.28137896415562,-999,0,1,0,1,0,0,0,-999.0,-999.0,-999.0,-999.0,0,-999.0,-999.0,-999.0,-999.0,-999.0,0,-999.0,-999.0,-999.0,0,0,0.39122000336647034,22.334400177001953,0.34671300649642944,-999.0,1,22.334400177001953,22.334400177001953,-999.0,-999.0,-999.0,0,24.894800186157227,0.34671300649642944,-999.0,1,4120,-999.0,-999.0,-999.0,-999.0,0,-999.0,-999.0,-999.0,-999.0,-999.0,0,-999.0,-999.0,-999.0,0,0,-999.0,-999.0,-999.0,-999.0,0,-999.0,-999.0,-999.0,-999.0,-999.0,0,-999.0,-999.0,-999.0,0,0,-999.0,-999.0,-999.0,-999.0,0,-999.0,-999.0,-999.0,-999.0,-999.0,0,-999.0,-999.0,-999.0,0,0,0.03378743343654315
PSO J139.5557+35.9081,-999,-999,-999,151091395556720290,3578835000013394,214022515340369,0,16486948602169,15109,1,2038,90,0.172965419639801,3578835,49831,3,268513280,0,32,-999.0,-999.0,-999.0,-999.0,139.55568645,35.90807807,0.018120000138878822,0.018120000138878822,,,,,55248.33142361,-999.0,-0.6164085855877036,0.5254274194698612,0.5864865578024865,130.75064127950336,19.21342238488413,188.0459252837357,44.282003876701026,-999,0,1,1,0,0,0,0,0.9996809959411621,18.550399780273438,0.010156000033020973,-999.0,1,18.550399780273438,18.550399780273438,19.429399490356445,0.030912000685930252,-999.0,1,19.29949951171875,0.010156000033020973,-999.0,1,24,-999.0,-999.0,-999.0,-999.0,0,-999.0,-999.0,-999.0,-999.0,-999.0,0,-999.0,-999.0,-999.0,0,0,-999.0,-999.0,-999.0,-999.0,0,-999.0,-999.0,-999.0,-999.0,-999.0,0,-999.0,-999.0,-999.0,0,0,-999.0,-999.0,-999.0,-999.0,0,-999.0,-999.0,-999.0,-999.0,-999.0,0,-999.0,-999.0,-999.0,0,0,-999.0,-999.0,-999.0,-999.0,0,-999.0,-999.0,-999.0,-999.0,-999.0,0,-999.0,-999.0,-999.0,0,0,0.03268018654752291
PSO J139.5558+35.9098,-999,-999,-999,151091395557942329,3578835000013426,214022515340401,0,16486948603583,15109,1,2038,90,0.648037082187866,3578835,49831,3,310456320,0,37,-999.0,-999.0,-999.0,-999.0,139.5558118,35.90978518,0.18458999693393707,0.18458999693393707,,,,,55248.32493056,-999.0,-0.6163964363040109,0.5254147350482163,0.5865106900184583,130.7501635693642,19.215071942991443,188.04355980373106,44.28224196092902,-999,0,1,1,0,0,0,0,0.9989830255508423,21.965999603271484,0.18398000299930573,-999.0,1,21.965999603271484,21.965999603271484,20.894899368286133,0.16793400049209595,-999.0,1,20.879600524902344,0.18398000299930573,-999.0,1,16777496,-999.0,-999.0,-999.0,-999.0,0,-999.0,-999.0,-999.0,-999.0,-999.0,0,-999.0,-999.0,-999.0,0,0,-999.0,-999.0,-999.0,-999.0,0,-999.0,-999.0,-999.0,-999.0,-999.0,0,-999.0,-999.0,-999.0,0,0,-999.0,-999.0,-999.0,-999.0,0,-999.0,-999.0,-999.0,-999.0,-999.0,0,-999.0,-999.0,-999.0,0,0,-999.0,-999.0,-999.0,-999.0,0,-999.0,-999.0,-999.0,-999.0,-999.0,0,-999.0,-999.0,-999.0,0,0,0.03248322982856149
PSO J139.5559+35.9085,-999,-999,-999,151091395558440807,3578835000013430,214022515340405,0,16486948605500,15109,1,2038,90,0.693749953707447,3578835,49831,3,310456320,0,37,-999.0,-999.0,-999.0,-999.0,139.55586181,35.90851663,0.18651999533176422,0.18651999533176422,,,,,55248.32493056,-999.0,-0.6164067772749198,0.5254226207237124,0.5864927574671092,130.7506348661515,19.213883331580586,188.04533057704606,44.28218062359568,-999,0,1,1,0,0,0,0,0.9329100251197815,21.908599853515625,0.18591800332069397,-999.0,1,21.908599853515625,21.908599853515625,21.25480079650879,0.2826330065727234,-999.0,1,21.241899490356445,0.18591800332069397,-999.0,1,16777496,-999.0,-999.0,-999.0,-999.0,0,-999.0,-999.0,-999.0,-999.0,-999.0,0,-999.0,-999.0,-999.0,0,0,-999.0,-999.0,-999.0,-999.0,0,-999.0,-999.0,-999.0,-999.0,-999.0,0,-999.0,-999.0,-999.0,0,0,-999.0,-999.0,-999.0,-999.0,0,-999.0,-999.0,-999.0,-999.0,-999.0,0,-999.0,-999.0,-999.0,0,0,-999.0,-999.0,-999.0,-999.0,0,-999.0,-999.0,-999.0,-999.0,-999.0,0,-999.0,-999.0,-999.0,0,0,0.032505468524935514
PSO J139.5560+35.9138,-999,-999,-999,151091395559637147,3578835000013470,214022515340445,0,16486948616968,15109,1,2038,90,0.639288948512905,3578835,49831,3,302067712,0,36,-999.0,-999.0,-999.0,-999.0,139.5559675,35.91377255,0.2726399898529053,0.2726399898529053,,,,,56759.31069444,-999.0,-0.6163667993314647,0.5253865806159244,0.5865670546413196,130.74893633433086,19.218889282866385,188.03802215110932,44.282687188536386,-999,0,1,0,0,1,0,0,-999.0,-999.0,-999.0,-999.0,0,-999.0,-999.0,-999.0,-999.0,-999.0,0,-999.0,-999.0,-999.0,0,0,-999.0,-999.0,-999.0,-999.0,0,-999.0,-999.0,-999.0,-999.0,-999.0,0,-999.0,-999.0,-999.0,0,0,0.8946599960327148,17.13409996032715,0.2722319960594177,-999.0,1,17.13409996032715,17.13409996032715,-999.0,-999.0,-999.0,0,-999.0,-999.0,-999.0,0,272,-999.0,-999.0,-999.0,-999.0,0,-999.0,-999.0,-999.0,-999.0,-999.0,0,-999.0,-999.0,-999.0,0,0,-999.0,-999.0,-999.0,-999.0,0,-999.0,-999.0,-999.0,-999.0,-999.0,0,-999.0,-999.0,-999.0,0,0,0.03248290654656784
PSO J139.5563+35.9141,-999,-999,-999,151091395562747496,3578835000013555,214022515340530,0,16486948616533,15109,1,2038,90,0.580191284027129,3578835,49831,3,268959744,0,32,-999.0,-999.0,-999.0,-999.0,139.55628156,35.91408498,0.18241000175476074,0.18241000175476074,,,,,56271.62530093,-999.0,-0.6163672449513999,0.5253811271827261,0.5865714709660104,130.74908541131325,19.21926676688244,188.03761559679788,44.2829657528084,-999,0,1,0,0,0,1,0,-999.0,-999.0,-999.0,-999.0,0,-999.0,-999.0,-999.0,-999.0,-999.0,0,-999.0,-999.0,-999.0,0,0,-999.0,-999.0,-999.0,-999.0,0,-999.0,-999.0,-999.0,-999.0,-999.0,0,-999.0,-999.0,-999.0,0,0,-999.0,-999.0,-999.0,-999.0,0,-999.0,-999.0,-999.0,-999.0,-999.0,0,-999.0,-999.0,-999.0,0,0,0.6699129939079285,20.556100845336914,0.18178899586200714,-999.0,1,20.556100845336914,20.556100845336914,-999.0,-999.0,-999.0,0,20.833999633789062,0.18178899586200714,-999.0,1,4120,-999.0,-999.0,-999.0,-999.0,0,-999.0,-999.0,-999.0,-999.0,-999.0,0,-999.0,-999.0,-999.0,0,0,0.03226039334584281
PSO J139.5566+35.9157,-999,-999,-999,151091395566019399,3578835000013654,214022515340629,0,16486948614659,15109,1,2038,90,0.0225205337838461,3578835,49831,3,268513280,0,32,-999.0,-999.0,-999.0,-999.0,139.5566076,35.91565813,0.01978999935090542,0.01978999935090542,,,,,55249.31355324,-999.0,-0.6163579774920093,0.5253671721140256,0.5865937078139106,130.7488161771403,19.220841535155152,188.0354547400444,44.2833549355297,-999,0,1,0,1,0,0,0,-999.0,-999.0,-999.0,-999.0,0,-999.0,-999.0,-999.0,-999.0,-999.0,0,-999.0,-999.0,-999.0,0,0,0.9991139769554138,18.7539005279541,0.012907000258564949,-999.0,1,18.7539005279541,18.7539005279541,19.434600830078125,0.03249699994921684,-999.0,1,19.38129997253418,0.012907000258564949,-999.0,1,24,-999.0,-999.0,-999.0,-999.0,0,-999.0,-999.0,-999.0,-999.0,-999.0,0,-999.0,-999.0,-999.0,0,0,-999.0,-999.0,-999.0,-999.0,0,-999.0,-999.0,-999.0,-999.0,-999.0,0,-999.0,-999.0,-999.0,0,0,-999.0,-999.0,-999.0,-999.0,0,-999.0,-999.0,-999.0,-999.0,-999.0,0,-999.0,-999.0,-999.0,0,0,0.03219943867542881
PSO J139.5567+35.9085,-999,-999,-999,151091395566460759,3578835000013658,214022515340633,0,16486948571405,15109,1,2038,90,0.80060834791568,3578835,49831,3,302067712,0,36,-999.0,-999.0,-999.0,-999.0,139.55665645,35.90847408,0.1936500072479248,0.1936500072479248,,,,,55248.27881944,-999.0,-0.616414395821685,0.5254143542159158,0.5864921559643055,130.7512949270927,19.214049361983705,188.04546191178062,44.28281876143541,-999,0,2,0,0,2,0,0,-999.0,-999.0,-999.0,-999.0,0,-999.0,-999.0,-999.0,-999.0,-999.0,0,-999.0,-999.0,-999.0,0,0,-999.0,-999.0,-999.0,-999.0,0,-999.0,-999.0,-999.0,-999.0,-999.0,0,-999.0,-999.0,-999.0,0,0,0.9429730176925659,21.332000732421875,0.19306600093841553,-999.0,1,21.332000732421875,21.332000732421875,20.34280014038086,0.24609799683094025,-999.0,1,20.990800857543945,0.19306600093841553,-999.0,1,280,-999.0,-999.0,-999.0,-999.0,0,-999.0,-999.0,-999.0,-999.0,-999.0,0,-999.0,-999.0,-999.0,0,0,-999.0,-999.0,-999.0,-999.0,0,-999.0,-999.0,-999.0,-999.0,-999.0,0,-999.0,-999.0,-999.0,0,0,0.03186642625041507
PSO J139.5568+35.9107,-999,-999,-999,151091395567993397,3578835000013695,214022515340670,0,16486948603851,15109,1,2038,90,0.520013737045241,3578835,49831,3,268959744,0,32,-999.0,-999.0,-999.0,-999.0,139.5568338,35.91066173,0.2705099880695343,0.2705099880695343,,,,,56049.25005787,-999.0,-0.6163989793164406,0.5253979194530806,0.5865230809883143,130.75069630536007,19.2161675954987,188.04243202828363,44.28313731505678,-999,0,1,0,0,0,0,1,-999.0,-999.0,-999.0,-999.0,0,-999.0,-999.0,-999.0,-999.0,-999.0,0,-999.0,-999.0,-999.0,0,0,-999.0,-999.0,-999.0,-999.0,0,-999.0,-999.0,-999.0,-999.0,-999.0,0,-999.0,-999.0,-999.0,0,0,-999.0,-999.0,-999.0,-999.0,0,-999.0,-999.0,-999.0,-999.0,-999.0,0,-999.0,-999.0,-999.0,0,0,-999.0,-999.0,-999.0,-999.0,0,-999.0,-999.0,-999.0,-999.0,-999.0,0,-999.0,-999.0,-999.0,0,0,0.7369660139083862,20.174100875854492,0.2700969874858856,-999.0,1,20.174100875854492,20.174100875854492,-999.0,-999.0,-999.0,0,22.865699768066406,0.2700969874858856,-999.0,1,4120,0.03164109079972465
PSO J139.5572+35.9117,-999,-999,-999,151091395570654641,3578835000013784,214022515340759,0,16486948603004,15109,1,2038,90,0.0918777399620765,3578835,49831,3,1343750144,0,160,139.55716424,35.91166848,0.0010000000474974513,0.0010000000474974513,139.55716424,35.91166848,0.0010000000474974513,0.0010000000474974513,,,,,55664.18021991,-999.0,-0.6163941660115682,0.5253876791296159,0.5865373123047664,130.7506229689478,19.217207007389813,188.04106022950734,44.283484763078526,-999,1,2,0,0,1,0,1,-999.0,-999.0,-999.0,-999.0,0,-999.0,-999.0,-999.0,-999.0,-999.0,0,-999.0,-999.0,-999.0,0,114720,-999.0,-999.0,-999.0,-999.0,0,-999.0,-999.0,-999.0,-999.0,-999.0,0,-999.0,-999.0,-999.0,0,16416,0.8204089999198914,21.695199966430664,0.29456600546836853,-999.0,1,21.695199966430664,21.695199966430664,-999.0,-999.0,-999.0,0,23.46430015563965,0.29456600546836853,-999.0,1,20528,-999.0,-999.0,-999.0,-999.0,0,-999.0,-999.0,-999.0,-999.0,-999.0,0,-999.0,-999.0,-999.0,0,16416,0.8016989827156067,19.928499221801758,0.21348099410533905,-999.0,1,19.928499221801758,19.928499221801758,-999.0,-999.0,-999.0,0,21.255800247192383,0.21348099410533905,-999.0,1,20536,0.03138657595753126
PSO J139.5571+35.9104,-999,-999,-999,151091395571323169,3578835000013803,214022515340778,0,16486948603773,15109,1,2038,90,0.708893722583441,3578835,49831,3,268959744,0,32,-999.0,-999.0,-999.0,-999.0,139.55711818,35.9104465,0.2680499851703644,0.2680499851703644,,,,,55651.25465278,-999.0,-0.6164032638432362,0.5253962892588201,0.5865200384952487,130.75100042197855,19.216037567189993,188.0427574907195,44.283349653226026,-999,0,1,0,0,0,0,1,-999.0,-999.0,-999.0,-999.0,0,-999.0,-999.0,-999.0,-999.0,-999.0,0,-999.0,-999.0,-999.0,0,0,-999.0,-999.0,-999.0,-999.0,0,-999.0,-999.0,-999.0,-999.0,-999.0,0,-999.0,-999.0,-999.0,0,0,-999.0,-999.0,-999.0,-999.0,0,-999.0,-999.0,-999.0,-999.0,-999.0,0,-999.0,-999.0,-999.0,0,0,-999.0,-999.0,-999.0,-999.0,0,-999.0,-999.0,-999.0,-999.0,-999.0,0,-999.0,-999.0,-999.0,0,0,0.7857949733734131,20.293500900268555,0.267630010843277,-999.0,1,20.293500900268555,20.293500900268555,-999.0,-999.0,-999.0,0,21.76180076599121,0.267630010843277,-999.0,1,4120,0.03141214814554279
PSO J139.5575+35.9143,-999,-999,-999,151091395574717734,3578835000013896,214022515340871,0,16486948616602,15109,1,2038,90,0.146266074056054,3578835,49831,3,302067712,0,36,-999.0,-999.0,-999.0,-999.0,139.55747488,35.9142737,0.245059996843338,0.245059996843338,,,,,56043.25655093,-999.0,-0.616376716724752,0.5253670364759667,0.5865741385912568,130.74999082340713,19.219755371540685,188.03746094562968,44.283944227952915,-999,0,1,0,0,0,1,0,-999.0,-999.0,-999.0,-999.0,0,-999.0,-999.0,-999.0,-999.0,-999.0,0,-999.0,-999.0,-999.0,0,0,-999.0,-999.0,-999.0,-999.0,0,-999.0,-999.0,-999.0,-999.0,-999.0,0,-999.0,-999.0,-999.0,0,0,-999.0,-999.0,-999.0,-999.0,0,-999.0,-999.0,-999.0,-999.0,-999.0,0,-999.0,-999.0,-999.0,0,0,0.8547589778900146,21.347400665283203,0.24460500478744507,-999.0,1,21.347400665283203,21.347400665283203,-999.0,-999.0,-999.0,0,22.51289939880371,0.24460500478744507,-999.0,1,280,-999.0,-999.0,-999.0,-999.0,0,-999.0,-999.0,-999.0,-999.0,-999.0,0,-999.0,-999.0,-999.0,0,0,0.03131987743859283
PSO J139.5579+35.9090,-999,-999,-999,151091395578581372,3578835000014010,214022515340985,0,16486948571589,15109,1,2038,90,0.919160829781704,3578835,49831,3,268959744,0,32,-999.0,-999.0,-999.0,-999.0,139.55786966,35.90897827,0.4251500070095062,0.4251500070095062,,,,,55249.26707176,-999.0,-0.6164215932125559,0.5253979539701278,0.5864992833629873,130.75210943980085,19.214841964391777,188.0448699481883,44.28383866349935,-999,0,1,0,0,0,0,1,-999.0,-999.0,-999.0,-999.0,0,-999.0,-999.0,-999.0,-999.0,-999.0,0,-999.0,-999.0,-999.0,0,0,-999.0,-999.0,-999.0,-999.0,0,-999.0,-999.0,-999.0,-999.0,-999.0,0,-999.0,-999.0,-999.0,0,0,-999.0,-999.0,-999.0,-999.0,0,-999.0,-999.0,-999.0,-999.0,-999.0,0,-999.0,-999.0,-999.0,0,0,-999.0,-999.0,-999.0,-999.0,0,-999.0,-999.0,-999.0,-999.0,-999.0,0,-999.0,-999.0,-999.0,0,0,0.6232060194015503,20.117000579833984,0.42488598823547363,-999.0,1,20.117000579833984,20.117000579833984,-999.0,-999.0,-999.0,0,21.07200050354004,0.42488598823547363,-999.0,1,4112,0.030853231473151842
PSO J139.5580+35.9103,-999,-999,-999,151091395580022938,3578835000014046,214022515341021,0,16486948571209,15109,1,2038,90,0.52648760893055,3578835,49831,3,268959744,0,32,-999.0,-999.0,-999.0,-999.0,139.55799696,35.91028747,0.23819999396800995,0.23819999396800995,,,,,55250.26215278,-999.0,-0.6164125610561815,0.5253878910566125,0.5865177904405324,130.75176837993456,19.216115115488797,188.04305859956136,44.28404637360104,-999,0,1,0,0,0,0,1,-999.0,-999.0,-999.0,-999.0,0,-999.0,-999.0,-999.0,-999.0,-999.0,0,-999.0,-999.0,-999.0,0,0,-999.0,-999.0,-999.0,-999.0,0,-999.0,-999.0,-999.0,-999.0,-999.0,0,-999.0,-999.0,-999.0,0,0,-999.0,-999.0,-999.0,-999.0,0,-999.0,-999.0,-999.0,-999.0,-999.0,0,-999.0,-999.0,-999.0,0,0,-999.0,-999.0,-999.0,-999.0,0,-999.0,-999.0,-999.0,-999.0,-999.0,0,-999.0,-999.0,-999.0,0,0,0.45049598813056946,19.33060073852539,0.2377229928970337,-999.0,1,19.33060073852539,19.33060073852539,-999.0,-999.0,-999.0,0,21.829099655151367,0.2377229928970337,-999.0,1,4112,0.030702443911377955
PSO J139.5582+35.9088,-999,-999,-999,151091395581581199,3578835000014087,214022515341062,0,16486948571593,15109,1,2038,90,0.109462486681959,3578835,49831,3,436285440,0,52,139.55811249,35.90891081,0.0010000000474974513,0.0010000000474974513,139.55816576,35.90882876,0.19562000036239624,0.19562000036239624,,,,,57033.58118056,-999.0,-0.6164254731776615,0.5253957611004549,0.5864971698442968,130.75240076884168,19.214777232731976,188.04510497696967,44.284065732622764,-999,2,1,0,0,1,0,0,-999.0,-999.0,-999.0,-999.0,0,-999.0,-999.0,-999.0,-999.0,-999.0,0,-999.0,-999.0,-999.0,0,16416,-999.0,-999.0,-999.0,-999.0,0,-999.0,-999.0,-999.0,-999.0,-999.0,0,-999.0,-999.0,-999.0,0,16416,0.9954169988632202,21.77549934387207,0.19504399597644806,-999.0,1,21.77549934387207,21.77549934387207,-999.0,-999.0,-999.0,1,21.715200424194336,0.19504399597644806,-999.0,1,115000,-999.0,-999.0,-999.0,-999.0,0,-999.0,-999.0,-999.0,-999.0,-999.0,0,-999.0,-999.0,-999.0,0,114720,-999.0,-999.0,-999.0,-999.0,0,-999.0,-999.0,-999.0,-999.0,-999.0,0,-999.0,-999.0,-999.0,0,16416,0.03062285213480989
PSO J139.5582+35.9139,-999,-999,-999,151091395582167332,3578835000014111,214022515341086,0,16486948608841,15109,1,2038,90,0.743863005883864,3578835,49831,3,268959744,0,32,-999.0,-999.0,-999.0,-999.0,139.55822617,35.91394848,0.25764000415802,0.25764000415802,,,,,55249.28297454,-999.0,-0.6163861394878495,0.5253611139482621,0.5865695414853268,130.75071161317896,19.219642394646687,188.03798183995244,44.28452469867992,-999,0,1,0,0,1,0,0,-999.0,-999.0,-999.0,-999.0,0,-999.0,-999.0,-999.0,-999.0,-999.0,0,-999.0,-999.0,-999.0,0,0,-999.0,-999.0,-999.0,-999.0,0,-999.0,-999.0,-999.0,-999.0,-999.0,0,-999.0,-999.0,-999.0,0,0,0.7233549952507019,21.001399993896484,0.2572009861469269,-999.0,1,21.001399993896484,21.001399993896484,20.752399444580078,0.31207001209259033,-999.0,1,21.096399307250977,0.2572009861469269,-999.0,1,4120,-999.0,-999.0,-999.0,-999.0,0,-999.0,-999.0,-999.0,-999.0,-999.0,0,-999.0,-999.0,-999.0,0,0,-999.0,-999.0,-999.0,-999.0,0,-999.0,-999.0,-999.0,-999.0,-999.0,0,-999.0,-999.0,-999.0,0,0,0.03067979089568155
PSO J139.5585+35.9114,-999,-999,-999,151091395584854353,3578835000014184,214022515341159,0,16486948602942,15109,1,2038,90,0.641392521226213,3578835,49831,3,302067712,0,36,-999.0,-999.0,-999.0,-999.0,139.55849141,35.91144441,0.15686999261379242,0.15686999261379242,,,,,56759.31069444,-999.0,-0.6164080813955851,0.5253748890734499,0.5865341448895146,130.75177729519555,19.217339376731847,188.04149252147786,44.28453826059687,-999,0,1,0,0,1,0,0,-999.0,-999.0,-999.0,-999.0,0,-999.0,-999.0,-999.0,-999.0,-999.0,0,-999.0,-999.0,-999.0,0,0,-999.0,-999.0,-999.0,-999.0,0,-999.0,-999.0,-999.0,-999.0,-999.0,0,-999.0,-999.0,-999.0,0,0,0.9546430110931396,16.60409927368164,0.15615099668502808,-999.0,1,16.60409927368164,16.60409927368164,-999.0,-999.0,-999.0,0,16.74880027770996,0.15615099668502808,-999.0,1,272,-999.0,-999.0,-999.0,-999.0,0,-999.0,-999.0,-999.0,-999.0,-999.0,0,-999.0,-999.0,-999.0,0,0,-999.0,-999.0,-999.0,-999.0,0,-999.0,-999.0,-999.0,-999.0,-999.0,0,-999.0,-999.0,-999.0,0,0,0.030306222947534284
PSO J139.5595+35.9115,-999,-999,-999,151091395594904378,3578835000014444,214022515341419,0,16486948582407,15109,1,2038,90,0.471310588038816,3578835,49831,3,436285440,0,52,139.55955405,35.91145621,0.0010000000474974513,0.0010000000474974513,139.55949544,35.91147611,0.1766200065612793,0.1766200065612793,,,,,55918.63284722,-999.0,-0.6164170407965421,0.5253638767890615,0.5865345929958454,130.75258225045135,19.21763011423151,188.04153938468366,44.2853513747773,-999,3,1,0,1,0,0,0,-999.0,-999.0,-999.0,-999.0,0,-999.0,-999.0,-999.0,-999.0,-999.0,0,-999.0,-999.0,-999.0,0,16416,0.9991549849510193,21.924400329589844,0.17598000168800354,-999.0,1,21.924400329589844,21.924400329589844,21.627399444580078,0.2604700028896332,-999.0,1,21.55430030822754,0.17598000168800354,-999.0,1,115000,-999.0,-999.0,-999.0,-999.0,0,-999.0,-999.0,-999.0,-999.0,-999.0,0,-999.0,-999.0,-999.0,0,114720,-999.0,-999.0,-999.0,-999.0,0,-999.0,-999.0,-999.0,-999.0,-999.0,0,-999.0,-999.0,-999.0,0,114720,-999.0,-999.0,-999.0,-999.0,0,-999.0,-999.0,-999.0,-999.0,-999.0,0,-999.0,-999.0,-999.0,0,16416,0.029494007766352297
PSO J139.5598+35.9083,-999,-999,-999,151091395597410585,3578835000014525,214022515341500,0,16486948571833,15109,1,2038,90,0.578302765803694,3578835,49831,3,268959744,0,32,-999.0,-999.0,-999.0,-999.0,139.55976601,35.90831542,0.31185001134872437,0.31185001134872437,,,,,55249.27078704,-999.0,-0.6164441462895661,0.5253819528267291,0.5864899130840195,130.75387519539942,19.214706525156277,188.0459648809571,44.285316540244125,-999,0,1,0,0,0,0,1,-999.0,-999.0,-999.0,-999.0,0,-999.0,-999.0,-999.0,-999.0,-999.0,0,-999.0,-999.0,-999.0,0,0,-999.0,-999.0,-999.0,-999.0,0,-999.0,-999.0,-999.0,-999.0,-999.0,0,-999.0,-999.0,-999.0,0,0,-999.0,-999.0,-999.0,-999.0,0,-999.0,-999.0,-999.0,-999.0,-999.0,0,-999.0,-999.0,-999.0,0,0,-999.0,-999.0,-999.0,-999.0,0,-999.0,-999.0,-999.0,-999.0,-999.0,0,-999.0,-999.0,-999.0,0,0,0.6672390103340149,19.935400009155273,0.3114840090274811,-999.0,1,19.935400009155273,19.935400009155273,-999.0,-999.0,-999.0,0,22.487199783325195,0.3114840090274811,-999.0,1,4112,0.029367598335633054
PSO J139.5600+35.9135,-999,-999,-999,151091395599986936,3578835000014592,214022515341567,0,16486948608068,15109,1,2038,90,0.281118029990343,3578835,49831,3,444915712,7,53,139.55999438,35.91358216,0.0010000000474974513,0.0010000000474974513,139.56004720935957,35.91358075895356,0.02539822283462271,0.02539822283462271,31.148635737280312,-97.06123011667732,23.613306194949942,23.613306194949942,56767.091848839525,11.012113571166992,-0.6164057019479092,0.5253439648808197,0.5865643435884978,130.75231539170144,19.219722878849296,188.03871507322606,44.28594748847162,-999,4,13,0,0,13,0,0,-999.0,-999.0,-999.0,-999.0,0,-999.0,-999.0,-999.0,-999.0,-999.0,0,-999.0,-999.0,-999.0,0,114720,-999.0,-999.0,-999.0,-999.0,0,-999.0,-999.0,-999.0,-999.0,-999.0,0,-999.0,-999.0,-999.0,0,114720,0.9992709755897522,21.661800384521484,0.048236001282930374,0.208515003323555,13,21.29450035095215,22.085500717163086,20.837200164794922,0.10506100207567215,0.43697500228881836,13,20.891700744628906,0.05758100003004074,0.19188199937343597,13,16892216,-999.0,-999.0,-999.0,-999.0,0,-999.0,-999.0,-999.0,-999.0,-999.0,0,-999.0,-999.0,-999.0,0,114720,-999.0,-999.0,-999.0,-999.0,0,-999.0,-999.0,-999.0,-999.0,-999.0,0,-999.0,-999.0,-999.0,0,16416,0.0291754412668945
PSO J139.5603+35.9139,-999,-999,-999,151091395603447212,3578835000014683,214022515341658,0,16486948608902,15109,1,2038,90,0.51388727828291,3578835,49831,3,302067712,0,36,-999.0,-999.0,-999.0,-999.0,139.56031393,35.9138732,0.12984000146389008,0.12984000146389008,,,,,55603.63247685,0.8079000115394592,-0.6164058688960935,0.5253391534468124,0.5865684773717715,130.75243332988066,19.220113198803425,188.0382757808853,44.28620411763916,-999,0,2,1,0,1,0,0,0.9989550113677979,22.09160041809082,0.17834700644016266,-999.0,1,22.09160041809082,22.09160041809082,21.246599197387695,0.19297899305820465,-999.0,1,21.34830093383789,0.17834700644016266,-999.0,1,16777496,-999.0,-999.0,-999.0,-999.0,0,-999.0,-999.0,-999.0,-999.0,-999.0,0,-999.0,-999.0,-999.0,0,0,0.9981759786605835,21.523300170898438,0.18804599344730377,-999.0,1,21.523300170898438,21.523300170898438,21.30739974975586,0.2191919982433319,-999.0,1,21.19879913330078,0.18804599344730377,-999.0,1,280,-999.0,-999.0,-999.0,-999.0,0,-999.0,-999.0,-999.0,-999.0,-999.0,0,-999.0,-999.0,-999.0,0,0,-999.0,-999.0,-999.0,-999.0,0,-999.0,-999.0,-999.0,-999.0,-999.0,0,-999.0,-999.0,-999.0,0,0,0.0289904392871523
PSO J139.5604+35.9135,-999,-999,-999,151091395603846855,3578835000014695,214022515341670,0,16486948608067,15109,1,2038,90,0.140670717824875,3578835,49831,3,302067712,0,36,-999.0,-999.0,-999.0,-999.0,139.56040231,35.91354512,0.168380007147789,0.168380007147789,,,,,55968.38200231,-999.0,-0.6164092355333691,0.5253403812486881,0.586563839815114,130.75261652871518,19.21982538753421,188.03874061660738,44.28624920026241,-999,0,1,0,0,1,0,0,-999.0,-999.0,-999.0,-999.0,0,-999.0,-999.0,-999.0,-999.0,-999.0,0,-999.0,-999.0,-999.0,0,0,-999.0,-999.0,-999.0,-999.0,0,-999.0,-999.0,-999.0,-999.0,-999.0,0,-999.0,-999.0,-999.0,0,0,0.9976549744606018,21.47209930419922,0.16771300137043,-999.0,1,21.47209930419922,21.47209930419922,21.17729949951172,0.23454299569129944,-999.0,1,21.045000076293945,0.16771300137043,-999.0,1,280,-999.0,-999.0,-999.0,-999.0,0,-999.0,-999.0,-999.0,-999.0,-999.0,0,-999.0,-999.0,-999.0,0,0,-999.0,-999.0,-999.0,-999.0,0,-999.0,-999.0,-999.0,-999.0,-999.0,0,-999.0,-999.0,-999.0,0,0,0.028885745669911523
PSO J139.5605+35.9086,-999,-999,-999,151091395604970964,3578835000014720,214022515341695,0,16486948571891,15109,1,2038,90,0.356376406137251,3578835,49831,3,268959744,0,32,-999.0,-999.0,-999.0,-999.0,139.56051763,35.90863116,0.3057200014591217,0.3057200014591217,,,,,55249.27530093,-999.0,-0.6164485784896206,0.5253717697084016,0.5864943765046585,130.7543786586051,19.215200774951384,188.04559340298013,44.28594866718966,-999,0,1,0,0,0,0,1,-999.0,-999.0,-999.0,-999.0,0,-999.0,-999.0,-999.0,-999.0,-999.0,0,-999.0,-999.0,-999.0,0,0,-999.0,-999.0,-999.0,-999.0,0,-999.0,-999.0,-999.0,-999.0,-999.0,0,-999.0,-999.0,-999.0,0,0,-999.0,-999.0,-999.0,-999.0,0,-999.0,-999.0,-999.0,-999.0,-999.0,0,-999.0,-999.0,-999.0,0,0,-999.0,-999.0,-999.0,-999.0,0,-999.0,-999.0,-999.0,-999.0,-999.0,0,-999.0,-999.0,-999.0,0,0,0.8294709920883179,19.892200469970703,0.30535298585891724,-999.0,1,19.892200469970703,19.892200469970703,-999.0,-999.0,-999.0,0,-999.0,-999.0,-999.0,0,4112,0.02873590615762973
PSO J139.5614+35.9161,-999,-999,-999,151091395613959996,3578835000014952,214022515341927,0,16486948609309,15109,1,2038,90,0.259374099093838,3578835,49831,3,436285440,0,52,139.56142496,35.9161334,0.0010000000474974513,0.0010000000474974513,139.56140179,35.9161159,0.12556999921798706,0.12556999921798706,,,,,55645.79090278,0.5902000069618225,-0.6163983680848172,0.5253125569621071,0.5866001784182368,130.7525556266428,19.222519982552026,188.03525143619692,44.28726183184656,-999,3,2,0,0,2,0,0,-999.0,-999.0,-999.0,-999.0,0,-999.0,-999.0,-999.0,-999.0,-999.0,0,-999.0,-999.0,-999.0,0,16416,-999.0,-999.0,-999.0,-999.0,0,-999.0,-999.0,-999.0,-999.0,-999.0,0,-999.0,-999.0,-999.0,0,114720,0.9938989877700806,21.995399475097656,0.17042699456214905,-999.0,1,21.995399475097656,21.995399475097656,21.630300521850586,0.2559080123901367,-999.0,1,21.467100143432617,0.17042699456214905,-999.0,1,16892216,-999.0,-999.0,-999.0,-999.0,0,-999.0,-999.0,-999.0,-999.0,-999.0,0,-999.0,-999.0,-999.0,0,114720,-999.0,-999.0,-999.0,-999.0,0,-999.0,-999.0,-999.0,-999.0,-999.0,0,-999.0,-999.0,-999.0,0,16416,0.028450835925195955
PSO J139.5619+35.9116,-999,-999,-999,151091395618794571,3578835000015070,214022515342045,0,16486948582976,15109,1,2038,90,0.0982072754746371,3578835,49831,3,268513280,0,32,-999.0,-999.0,-999.0,-999.0,139.56189126,35.91164103,0.018610000610351562,0.018610000610351562,,,,,56303.55474537,-999.0,-0.6164377233565151,0.525337005819143,0.5865369242767365,130.75447272164936,19.2184084542839,188.04152685274968,44.28729878041521,-999,0,1,0,1,0,0,0,-999.0,-999.0,-999.0,-999.0,0,-999.0,-999.0,-999.0,-999.0,-999.0,0,-999.0,-999.0,-999.0,0,0,0.9992809891700745,18.725000381469727,0.011021999642252922,-999.0,1,18.725000381469727,18.725000381469727,19.200700759887695,0.023957999423146248,-999.0,1,19.158300399780273,0.011021999642252922,-999.0,1,24,-999.0,-999.0,-999.0,-999.0,0,-999.0,-999.0,-999.0,-999.0,-999.0,0,-999.0,-999.0,-999.0,0,0,-999.0,-999.0,-999.0,-999.0,0,-999.0,-999.0,-999.0,-999.0,-999.0,0,-999.0,-999.0,-999.0,0,0,-999.0,-999.0,-999.0,-999.0,0,-999.0,-999.0,-999.0,-999.0,-999.0,0,-999.0,-999.0,-999.0,0,0,0.02755900630788447
PSO J139.5624+35.9110,-999,-999,-999,151091395624203810,3578835000015238,214022515342213,0,16486948583005,15109,1,2038,90,0.050522435503567,3578835,49831,3,310456320,0,37,-999.0,-999.0,-999.0,-999.0,139.56242406,35.91100107,0.06582000106573105,0.06582000106573105,,,,,56331.38431713,-999.0,-0.6164475947182565,0.5253355227188745,0.5865278778845581,130.75512288492587,19.217940635565252,188.04246625097812,44.28767767105684,-999,0,1,0,1,0,0,0,-999.0,-999.0,-999.0,-999.0,0,-999.0,-999.0,-999.0,-999.0,-999.0,0,-999.0,-999.0,-999.0,0,0,0.9905269742012024,20.65180015563965,0.06408900022506714,-999.0,1,20.65180015563965,20.65180015563965,19.01740074157715,0.03721800073981285,-999.0,1,19.325300216674805,0.06408900022506714,-999.0,1,16777496,-999.0,-999.0,-999.0,-999.0,0,-999.0,-999.0,-999.0,-999.0,-999.0,0,-999.0,-999.0,-999.0,0,0,-999.0,-999.0,-999.0,-999.0,0,-999.0,-999.0,-999.0,-999.0,-999.0,0,-999.0,-999.0,-999.0,0,0,-999.0,-999.0,-999.0,-999.0,0,-999.0,-999.0,-999.0,-999.0,-999.0,0,-999.0,-999.0,-999.0,0,0,0.027114341243789482
PSO J139.5630+35.9091,-999,-999,-999,151091395629961494,3578835000015380,214022515342355,0,16486948584627,15109,1,2038,90,0.000111716799542044,3578835,49831,3,310456320,0,37,-999.0,-999.0,-999.0,-999.0,139.56301024,35.90906467,0.07466000318527222,0.07466000318527222,,,,,56331.39599537,-999.0,-0.6164680563100606,0.5253420728360196,0.5865005047377626,130.75625661328374,19.216258683239637,188.0452157553392,44.2879958049381,-999,0,1,0,1,0,0,0,-999.0,-999.0,-999.0,-999.0,0,-999.0,-999.0,-999.0,-999.0,-999.0,0,-999.0,-999.0,-999.0,0,0,0.9995899796485901,20.971799850463867,0.07313399761915207,-999.0,1,20.971799850463867,20.971799850463867,19.689699172973633,0.058378998190164566,-999.0,1,19.909299850463867,0.07313399761915207,-999.0,1,16777496,-999.0,-999.0,-999.0,-999.0,0,-999.0,-999.0,-999.0,-999.0,-999.0,0,-999.0,-999.0,-999.0,0,0,-999.0,-999.0,-999.0,-999.0,0,-999.0,-999.0,-999.0,-999.0,-999.0,0,-999.0,-999.0,-999.0,0,0,-999.0,-999.0,-999.0,-999.0,0,-999.0,-999.0,-999.0,-999.0,-999.0,0,-999.0,-999.0,-999.0,0,0,0.026691998742135733
PSO J139.5640+35.9142,-999,-999,-999,151091395639797605,3578835000015632,214022515342607,0,16486948581229,15109,1,2038,90,0.780295559931822,3578835,49831,3,268959744,0,32,-999.0,-999.0,-999.0,-999.0,139.56398909,35.91416178,0.3801800012588501,0.3801800012588501,,,,,55576.49671296,-999.0,-0.6164373161383203,0.5252976976533902,0.58657255656247,130.75532114310278,19.221340884566107,188.03820675196533,44.289194171251474,-999,0,1,0,0,1,0,0,-999.0,-999.0,-999.0,-999.0,0,-999.0,-999.0,-999.0,-999.0,-999.0,0,-999.0,-999.0,-999.0,0,0,-999.0,-999.0,-999.0,-999.0,0,-999.0,-999.0,-999.0,-999.0,-999.0,0,-999.0,-999.0,-999.0,0,0,0.4561850130558014,21.515199661254883,0.3798849880695343,-999.0,1,21.515199661254883,21.515199661254883,-999.0,-999.0,-999.0,0,21.71150016784668,0.3798849880695343,-999.0,1,4120,-999.0,-999.0,-999.0,-999.0,0,-999.0,-999.0,-999.0,-999.0,-999.0,0,-999.0,-999.0,-999.0,0,0,-999.0,-999.0,-999.0,-999.0,0,-999.0,-999.0,-999.0,-999.0,-999.0,0,-999.0,-999.0,-999.0,0,0,0.026069317160595146
PSO J139.5642+35.9152,-999,-999,-999,151091395642308800,3578835000015699,214022515342674,0,16486948581007,15109,1,2038,90,0.192372450784196,3578835,49831,3,268513280,0,32,-999.0,-999.0,-999.0,-999.0,139.5642451,35.91516233,0.01551000028848648,0.01551000028848648,,,,,56795.24583333,-999.0,-0.6164318666972978,0.5252882994692918,0.5865866996111867,130.75518937803403,19.222355088766477,188.03683664651243,44.28948090231929,-999,0,1,0,0,0,0,1,-999.0,-999.0,-999.0,-999.0,0,-999.0,-999.0,-999.0,-999.0,-999.0,0,-999.0,-999.0,-999.0,0,0,-999.0,-999.0,-999.0,-999.0,0,-999.0,-999.0,-999.0,-999.0,-999.0,0,-999.0,-999.0,-999.0,0,0,-999.0,-999.0,-999.0,-999.0,0,-999.0,-999.0,-999.0,-999.0,-999.0,0,-999.0,-999.0,-999.0,0,0,-999.0,-999.0,-999.0,-999.0,0,-999.0,-999.0,-999.0,-999.0,-999.0,0,-999.0,-999.0,-999.0,0,0,0.9978100061416626,15.909000396728516,0.0039369999431073666,-999.0,1,15.909000396728516,15.909000396728516,16.80299949645996,0.011125000193715096,-999.0,1,16.696699142456055,0.0039369999431073666,-999.0,1,24,0.026014508042284692
PSO J139.5651+35.9150,-999,-999,-999,151091395651008581,3578835000015939,214022515342914,0,16486948580730,15109,1,2038,90,0.00924544316646219,3578835,49831,3,268959744,0,32,-999.0,-999.0,-999.0,-999.0,139.56511242,35.91498009,0.32780998945236206,0.32780998945236206,,,,,55576.50894676,-999.0,-0.6164412383252799,0.5252801782079712,0.5865841236121188,130.75595589010942,19.222407698414642,188.0371689243207,44.29016650338114,-999,0,1,0,0,1,0,0,-999.0,-999.0,-999.0,-999.0,0,-999.0,-999.0,-999.0,-999.0,-999.0,0,-999.0,-999.0,-999.0,0,0,-999.0,-999.0,-999.0,-999.0,0,-999.0,-999.0,-999.0,-999.0,-999.0,0,-999.0,-999.0,-999.0,0,0,0.45639699697494507,21.327299118041992,0.3274660110473633,-999.0,1,21.327299118041992,21.327299118041992,-999.0,-999.0,-999.0,0,21.690799713134766,0.3274660110473633,-999.0,1,4120,-999.0,-999.0,-999.0,-999.0,0,-999.0,-999.0,-999.0,-999.0,-999.0,0,-999.0,-999.0,-999.0,0,0,-999.0,-999.0,-999.0,-999.0,0,-999.0,-999.0,-999.0,-999.0,-999.0,0,-999.0,-999.0,-999.0,0,0,0.025291426200398193
PSO J139.5656+35.9112,-999,-999,-999,151091395655394032,3578835000186670,214022515515268,0,16486948581847,15109,1,2038,90,0.895679347119927,3578835,49831,3,404226048,0,48,139.56558467,35.91120204,0.0010000000474974513,0.0010000000474974513,139.56558467,35.91120204,0.0010000000474974513,0.0010000000474974513,,,,,55646.49783565,-999.0,-0.6164750069764529,0.5253001824695777,0.5865307187784888,130.7576224667195,19.21895176285982,188.04247274807918,44.29024541017184,-999,4,0,0,0,0,0,0,-999.0,-999.0,-999.0,-999.0,0,-999.0,-999.0,-999.0,-999.0,-999.0,0,-999.0,-999.0,-999.0,0,114720,-999.0,-999.0,-999.0,-999.0,0,-999.0,-999.0,-999.0,-999.0,-999.0,0,-999.0,-999.0,-999.0,0,114720,-999.0,-999.0,-999.0,-999.0,0,-999.0,-999.0,-999.0,-999.0,-999.0,0,-999.0,-999.0,-999.0,0,114720,-999.0,-999.0,-999.0,-999.0,0,-999.0,-999.0,-999.0,-999.0,-999.0,0,-999.0,-999.0,-999.0,0,114720,-999.0,-999.0,-999.0,-999.0,0,-999.0,-999.0,-999.0,-999.0,-999.0,0,-999.0,-999.0,-999.0,0,16416,0.024557434580346985
PSO J139.5670+35.9155,-999,-999,-999,151091395669929227,3578835000016389,214022515343364,0,16486948577799,15109,1,2038,90,0.618075969273295,3578835,49831,3,268959744,0,32,-999.0,-999.0,-999.0,-999.0,139.56700735,35.91553308,0.3562900125980377,0.3562900125980377,,,,,55521.6127662,-999.0,-0.6164543011582971,0.5252561187210258,0.5865919402187172,130.75730758233064,19.22342357995016,188.03657033896047,44.29174049301768,-999,0,1,0,0,0,0,1,-999.0,-999.0,-999.0,-999.0,0,-999.0,-999.0,-999.0,-999.0,-999.0,0,-999.0,-999.0,-999.0,0,0,-999.0,-999.0,-999.0,-999.0,0,-999.0,-999.0,-999.0,-999.0,-999.0,0,-999.0,-999.0,-999.0,0,0,-999.0,-999.0,-999.0,-999.0,0,-999.0,-999.0,-999.0,-999.0,-999.0,0,-999.0,-999.0,-999.0,0,0,-999.0,-999.0,-999.0,-999.0,0,-999.0,-999.0,-999.0,-999.0,-999.0,0,-999.0,-999.0,-999.0,0,0,0.6409249901771545,20.452600479125977,0.3559759855270386,-999.0,1,20.452600479125977,20.452600479125977,-999.0,-999.0,-999.0,0,20.512300491333008,0.3559759855270386,-999.0,1,4120,0.023884196554938807
PSO J139.5679+35.9118,-999,-999,-999,151091395678844740,3578835000016585,214022515343560,0,16486948579506,15109,1,2038,90,0.897006696925505,3578835,49831,3,268513280,0,32,-999.0,-999.0,-999.0,-999.0,139.56790524,35.91179561,0.02085000090301037,0.02085000090301037,,,,,55249.29457176,-999.0,-0.6164916567910869,0.5252712730241756,0.5865391093887455,130.7593062360036,19.220116638260276,188.0418563333831,44.292166375145946,-999,0,1,0,0,1,0,0,-999.0,-999.0,-999.0,-999.0,0,-999.0,-999.0,-999.0,-999.0,-999.0,0,-999.0,-999.0,-999.0,0,0,-999.0,-999.0,-999.0,-999.0,0,-999.0,-999.0,-999.0,-999.0,-999.0,0,-999.0,-999.0,-999.0,0,0,0.9982309937477112,18.032899856567383,0.01448499970138073,-999.0,1,18.032899856567383,18.032899856567383,18.17959976196289,0.02420699968934059,-999.0,1,18.073400497436523,0.01448499970138073,-999.0,1,24,-999.0,-999.0,-999.0,-999.0,0,-999.0,-999.0,-999.0,-999.0,-999.0,0,-999.0,-999.0,-999.0,0,0,-999.0,-999.0,-999.0,-999.0,0,-999.0,-999.0,-999.0,-999.0,-999.0,0,-999.0,-999.0,-999.0,0,0,0.022697787757997752
PSO J139.5686+35.9095,-999,-999,-999,151091395685822003,3578835000016751,214022515343726,0,16486948575117,15109,1,2038,90,0.451929490502858,3578835,49831,3,268513280,0,32,-999.0,-999.0,-999.0,-999.0,139.56859722,35.90950049,0.01759999990463257,0.01759999990463257,,,,,56344.35071759,-999.0,-0.6165158842962682,0.5252790645234731,0.5865066655919056,130.76064780130966,19.218122417156582,188.04511515142235,44.29254132873404,-999,0,1,0,0,1,0,0,-999.0,-999.0,-999.0,-999.0,0,-999.0,-999.0,-999.0,-999.0,-999.0,0,-999.0,-999.0,-999.0,0,0,-999.0,-999.0,-999.0,-999.0,0,-999.0,-999.0,-999.0,-999.0,-999.0,0,-999.0,-999.0,-999.0,0,0,0.9989709854125977,18.030500411987305,0.009201999753713608,-999.0,1,18.030500411987305,18.030500411987305,18.70240020751953,0.02238900028169155,-999.0,1,18.60740089416504,0.009201999753713608,-999.0,1,24,-999.0,-999.0,-999.0,-999.0,0,-999.0,-999.0,-999.0,-999.0,-999.0,0,-999.0,-999.0,-999.0,0,0,-999.0,-999.0,-999.0,-999.0,0,-999.0,-999.0,-999.0,-999.0,-999.0,0,-999.0,-999.0,-999.0,0,0,0.022148832262730414
PSO J139.5689+35.9124,-999,-999,-999,151091395688815412,3578835000016823,214022515343798,0,16486948579427,15109,1,2038,90,0.906402097927781,3578835,49831,3,268959744,0,32,-999.0,-999.0,-999.0,-999.0,139.56889656,35.91235436,0.33667999505996704,0.33667999505996704,,,,,55521.6127662,-999.0,-0.6164963908625578,0.5252568969319712,0.5865470077315516,130.75992188000933,19.22090333349465,188.04116797631508,44.29301139776094,-999,0,1,0,0,0,0,1,-999.0,-999.0,-999.0,-999.0,0,-999.0,-999.0,-999.0,-999.0,-999.0,0,-999.0,-999.0,-999.0,0,0,-999.0,-999.0,-999.0,-999.0,0,-999.0,-999.0,-999.0,-999.0,-999.0,0,-999.0,-999.0,-999.0,0,0,-999.0,-999.0,-999.0,-999.0,0,-999.0,-999.0,-999.0,-999.0,-999.0,0,-999.0,-999.0,-999.0,0,0,-999.0,-999.0,-999.0,-999.0,0,-999.0,-999.0,-999.0,-999.0,-999.0,0,-999.0,-999.0,-999.0,0,0,0.3700079917907715,20.117799758911133,0.33634400367736816,-999.0,1,20.117799758911133,20.117799758911133,-999.0,-999.0,-999.0,0,-999.0,-999.0,-999.0,0,4120,0.021929483987910017
PSO J139.5689+35.9131,-999,-999,-999,151091395689046278,3578835000016831,214022515343806,0,16486948586634,15109,1,2038,90,0.574711740552179,3578835,49831,3,268959744,0,32,-999.0,-999.0,-999.0,-999.0,139.56891504,35.91305652,0.18553000688552856,0.18553000688552856,,,,,55576.49671296,-999.0,-0.6164910887184754,0.5252520363066295,0.5865569332012435,130.7596984483904,19.221573215340094,188.0401918181445,44.29308249043432,-999,0,1,0,0,1,0,0,-999.0,-999.0,-999.0,-999.0,0,-999.0,-999.0,-999.0,-999.0,-999.0,0,-999.0,-999.0,-999.0,0,0,-999.0,-999.0,-999.0,-999.0,0,-999.0,-999.0,-999.0,-999.0,-999.0,0,-999.0,-999.0,-999.0,0,0,0.580715000629425,20.910499572753906,0.18492700159549713,-999.0,1,20.910499572753906,20.910499572753906,21.53350067138672,0.3107230067253113,-999.0,1,21.384300231933594,0.18492700159549713,-999.0,1,4120,-999.0,-999.0,-999.0,-999.0,0,-999.0,-999.0,-999.0,-999.0,-999.0,0,-999.0,-999.0,-999.0,0,0,-999.0,-999.0,-999.0,-999.0,0,-999.0,-999.0,-999.0,-999.0,-999.0,0,-999.0,-999.0,-999.0,0,0,0.021977024849133903
PSO J139.5705+35.9099,-999,-999,-999,151091395704752520,3578835000017164,214022515344139,0,16486948574392,15109,1,2038,90,0.938872618543797,3578835,49831,3,268959744,0,32,-999.0,-999.0,-999.0,-999.0,139.57049121,35.90994508,0.3171199858188629,0.3171199858188629,,,,,55521.6127662,-999.0,-0.6165297834889261,0.5252557330489237,0.586512950385868,130.7620356031201,19.219035423943517,188.0446675637952,44.29410601613164,-999,0,1,0,0,0,0,1,-999.0,-999.0,-999.0,-999.0,0,-999.0,-999.0,-999.0,-999.0,-999.0,0,-999.0,-999.0,-999.0,0,0,-999.0,-999.0,-999.0,-999.0,0,-999.0,-999.0,-999.0,-999.0,-999.0,0,-999.0,-999.0,-999.0,0,0,-999.0,-999.0,-999.0,-999.0,0,-999.0,-999.0,-999.0,-999.0,-999.0,0,-999.0,-999.0,-999.0,0,0,-999.0,-999.0,-999.0,-999.0,0,-999.0,-999.0,-999.0,-999.0,-999.0,0,-999.0,-999.0,-999.0,0,0,0.5457730293273926,20.327299118041992,0.3167639970779419,-999.0,1,20.327299118041992,20.327299118041992,-999.0,-999.0,-999.0,0,-999.0,-999.0,-999.0,0,4120,0.020595222093299455
PSO J139.5706+35.9123,-999,-999,-999,151091395706425363,3578835000186725,214022515515323,0,16486948599953,15109,1,2038,90,0.0158539200349282,3578835,49831,3,1343750144,0,160,139.57064226,35.91229914,0.0010000000474974513,0.0010000000474974513,139.57064226,35.91229914,0.0010000000474974513,0.0010000000474974513,,,,,55712.02663194,-999.0,-0.6165128245224522,0.5252384797454267,0.5865462271586623,130.7613589018221,19.221304403237752,188.0414029009863,44.2944163180314,-999,1,0,0,0,0,0,0,-999.0,-999.0,-999.0,-999.0,0,-999.0,-999.0,-999.0,-999.0,-999.0,0,-999.0,-999.0,-999.0,0,16416,-999.0,-999.0,-999.0,-999.0,0,-999.0,-999.0,-999.0,-999.0,-999.0,0,-999.0,-999.0,-999.0,0,16416,-999.0,-999.0,-999.0,-999.0,0,-999.0,-999.0,-999.0,-999.0,-999.0,0,-999.0,-999.0,-999.0,0,16416,-999.0,-999.0,-999.0,-999.0,0,-999.0,-999.0,-999.0,-999.0,-999.0,0,-999.0,-999.0,-999.0,0,114720,-999.0,-999.0,-999.0,-999.0,0,-999.0,-999.0,-999.0,-999.0,-999.0,0,-999.0,-999.0,-999.0,0,16416,0.020515413864140183
PSO J139.5709+35.9159,-999,-999,-999,151091395708699682,3578835000017251,214022515344226,0,16486948588749,15109,1,2038,90,0.731409626762764,3578835,49831,3,268513280,0,32,-999.0,-999.0,-999.0,-999.0,139.5708733,35.91590306,0.021709999069571495,0.021709999069571495,,,,,55249.24679398,-999.0,-0.616486857302986,0.5252120667094747,0.5865971699176957,130.76032269444968,19.224778006890794,188.03640481676564,44.29489100877425,-999,0,1,0,0,0,1,0,-999.0,-999.0,-999.0,-999.0,0,-999.0,-999.0,-999.0,-999.0,-999.0,0,-999.0,-999.0,-999.0,0,0,-999.0,-999.0,-999.0,-999.0,0,-999.0,-999.0,-999.0,-999.0,-999.0,0,-999.0,-999.0,-999.0,0,0,-999.0,-999.0,-999.0,-999.0,0,-999.0,-999.0,-999.0,-999.0,-999.0,0,-999.0,-999.0,-999.0,0,0,0.9981529712677002,17.88170051574707,0.015690000727772713,-999.0,1,17.88170051574707,17.88170051574707,18.228700637817383,0.032951999455690384,-999.0,1,18.126699447631836,0.015690000727772713,-999.0,1,24,-999.0,-999.0,-999.0,-999.0,0,-999.0,-999.0,-999.0,-999.0,-999.0,0,-999.0,-999.0,-999.0,0,0,0.020914032005510126
PSO J139.5709+35.9126,-999,-999,-999,151091395709205784,3578835000017262,214022515344237,0,16486948599994,15109,1,2038,90,0.264103269450463,3578835,49831,3,268959744,0,32,-999.0,-999.0,-999.0,-999.0,139.57093137,35.91264488,0.2309499979019165,0.2309499979019165,,,,,55576.49671296,-999.0,-0.6165127805934654,0.5252330735332965,0.5865511144236967,130.76147637190226,19.22170697097281,188.04094757646683,44.29467737697484,-999,0,1,0,0,1,0,0,-999.0,-999.0,-999.0,-999.0,0,-999.0,-999.0,-999.0,-999.0,-999.0,0,-999.0,-999.0,-999.0,0,0,-999.0,-999.0,-999.0,-999.0,0,-999.0,-999.0,-999.0,-999.0,-999.0,0,-999.0,-999.0,-999.0,0,0,0.6777709722518921,21.246400833129883,0.23046299815177917,-999.0,1,21.246400833129883,21.246400833129883,21.06369972229004,0.21190199255943298,-999.0,1,20.773700714111328,0.23046299815177917,-999.0,1,4120,-999.0,-999.0,-999.0,-999.0,0,-999.0,-999.0,-999.0,-999.0,-999.0,0,-999.0,-999.0,-999.0,0,0,-999.0,-999.0,-999.0,-999.0,0,-999.0,-999.0,-999.0,-999.0,-999.0,0,-999.0,-999.0,-999.0,0,0,0.020311222443253483
PSO J139.5712+35.9081,-999,-999,-999,151091395713180324,3578835000017340,214022515344315,0,16486948574768,15109,1,2038,90,0.411483949433532,3578835,49831,3,268959744,0,32,-999.0,-999.0,-999.0,-999.0,139.57122787,35.9080633,0.12836000323295593,0.12836000323295593,,,,,55250.30207176,-999.0,-0.6165511996308971,0.5252602980066499,0.5864863490070906,130.76327313293777,19.21744433831204,188.0473549123707,44.29455013036014,-999,0,2,0,1,0,0,1,-999.0,-999.0,-999.0,-999.0,0,-999.0,-999.0,-999.0,-999.0,-999.0,0,-999.0,-999.0,-999.0,0,0,0.5959780216217041,21.423099517822266,0.18115399777889252,-999.0,1,21.423099517822266,21.423099517822266,21.61949920654297,0.18001900613307953,-999.0,1,21.850799560546875,0.18115399777889252,-999.0,1,4120,-999.0,-999.0,-999.0,-999.0,0,-999.0,-999.0,-999.0,-999.0,-999.0,0,-999.0,-999.0,-999.0,0,0,-999.0,-999.0,-999.0,-999.0,0,-999.0,-999.0,-999.0,-999.0,-999.0,0,-999.0,-999.0,-999.0,0,0,0.6314030289649963,17.815900802612305,0.18065199255943298,-999.0,1,17.815900802612305,17.815900802612305,18.00119972229004,0.1936900019645691,-999.0,1,18.41309928894043,0.18065199255943298,-999.0,1,4112,0.020162880007825422
PSO J139.5715+35.9156,-999,-999,-999,151091395715369354,3578835000017398,214022515344373,0,16486948588779,15109,1,2038,90,0.509152198684544,3578835,49831,3,268513280,0,32,-999.0,-999.0,-999.0,-999.0,139.57154023,35.91562943,0.03344999998807907,0.03344999998807907,,,,,55249.24679398,-999.0,-0.6164951032883192,0.5252067074115071,0.5865933021365725,130.76095744682053,19.2246920351854,188.03684620781365,44.2954075433604,-999,0,1,0,0,0,1,0,-999.0,-999.0,-999.0,-999.0,0,-999.0,-999.0,-999.0,-999.0,-999.0,0,-999.0,-999.0,-999.0,0,0,-999.0,-999.0,-999.0,-999.0,0,-999.0,-999.0,-999.0,-999.0,-999.0,0,-999.0,-999.0,-999.0,0,0,-999.0,-999.0,-999.0,-999.0,0,-999.0,-999.0,-999.0,-999.0,-999.0,0,-999.0,-999.0,-999.0,0,0,0.9888120293617249,18.650800704956055,0.02989399991929531,-999.0,1,18.650800704956055,18.650800704956055,-999.0,-999.0,-999.0,0,19.282699584960938,0.02989399991929531,-999.0,1,24,-999.0,-999.0,-999.0,-999.0,0,-999.0,-999.0,-999.0,-999.0,-999.0,0,-999.0,-999.0,-999.0,0,0,0.02032357677166746
PSO J139.5717+35.9081,-999,-999,-999,151091395717700432,3578835000017446,214022515344421,0,16486948591908,15109,1,2038,90,0.115307640391688,3578835,49831,3,268959744,0,32,-999.0,-999.0,-999.0,-999.0,139.57174876,35.90814888,0.22851000726222992,0.22851000726222992,,,,,55250.27490741,-999.0,-0.616555308042242,0.5252541246795988,0.5864875588041101,130.76366727417778,19.217660686626893,188.04728291854366,44.29497752674675,-999,0,1,0,0,0,0,1,-999.0,-999.0,-999.0,-999.0,0,-999.0,-999.0,-999.0,-999.0,-999.0,0,-999.0,-999.0,-999.0,0,0,-999.0,-999.0,-999.0,-999.0,0,-999.0,-999.0,-999.0,-999.0,-999.0,0,-999.0,-999.0,-999.0,0,0,-999.0,-999.0,-999.0,-999.0,0,-999.0,-999.0,-999.0,-999.0,-999.0,0,-999.0,-999.0,-999.0,0,0,-999.0,-999.0,-999.0,-999.0,0,-999.0,-999.0,-999.0,-999.0,-999.0,0,-999.0,-999.0,-999.0,0,0,0.5354779958724976,18.98579978942871,0.2280150055885315,-999.0,1,18.98579978942871,18.98579978942871,19.23740005493164,0.22098399698734283,-999.0,1,19.210800170898438,0.2280150055885315,-999.0,1,4112,0.01973335652530769
PSO J139.5719+35.9139,-999,-999,-999,151091395719197223,3578835000017481,214022515344456,0,16486948600545,15109,1,2038,90,0.890870464864066,3578835,49831,3,268959744,0,32,-999.0,-999.0,-999.0,-999.0,139.57193903,35.91385598,0.2797499895095825,0.2797499895095825,,,,,56678.54153935,-999.0,-0.6165125797588494,0.5252141905054158,0.5865682339598942,130.76188372818675,19.223115816820226,188.0393521105284,44.29558772328588,-999,0,1,0,1,0,0,0,-999.0,-999.0,-999.0,-999.0,0,-999.0,-999.0,-999.0,-999.0,-999.0,0,-999.0,-999.0,-999.0,0,0,0.5249119997024536,21.81909942626953,0.2793479859828949,-999.0,1,21.81909942626953,21.81909942626953,-999.0,-999.0,-999.0,0,24.118900299072266,0.2793479859828949,-999.0,1,4120,-999.0,-999.0,-999.0,-999.0,0,-999.0,-999.0,-999.0,-999.0,-999.0,0,-999.0,-999.0,-999.0,0,0,-999.0,-999.0,-999.0,-999.0,0,-999.0,-999.0,-999.0,-999.0,-999.0,0,-999.0,-999.0,-999.0,0,0,-999.0,-999.0,-999.0,-999.0,0,-999.0,-999.0,-999.0,-999.0,-999.0,0,-999.0,-999.0,-999.0,0,0,0.019653349674181312
PSO J139.5722+35.9117,-999,-999,-999,151091395721634662,3578835000017537,214022515344512,0,16486948600714,15109,1,2038,90,0.0450596725987826,3578835,49831,3,268513280,0,32,-999.0,-999.0,-999.0,-999.0,139.5721842,35.91172058,0.020169999450445175,0.020169999450445175,,,,,55249.34458333,-999.0,-0.6165314680337179,0.5252257288607672,0.586538048780183,130.76280811133387,19.22115686358867,188.04234820016674,44.29561488341856,-999,0,1,1,0,0,0,0,0.9985809922218323,18.977800369262695,0.013482999987900257,-999.0,1,18.977800369262695,18.977800369262695,19.166500091552734,0.02422799915075302,-999.0,1,19.077299118041992,0.013482999987900257,-999.0,1,24,-999.0,-999.0,-999.0,-999.0,0,-999.0,-999.0,-999.0,-999.0,-999.0,0,-999.0,-999.0,-999.0,0,0,-999.0,-999.0,-999.0,-999.0,0,-999.0,-999.0,-999.0,-999.0,-999.0,0,-999.0,-999.0,-999.0,0,0,-999.0,-999.0,-999.0,-999.0,0,-999.0,-999.0,-999.0,-999.0,-999.0,0,-999.0,-999.0,-999.0,0,0,-999.0,-999.0,-999.0,-999.0,0,-999.0,-999.0,-999.0,-999.0,-999.0,0,-999.0,-999.0,-999.0,0,0,0.01923256418685244
PSO J139.5723+35.9134,-999,-999,-999,151091395722406653,3578835000017565,214022515344540,0,16486948600525,15109,1,2038,90,0.970524470294383,3578835,49831,3,268959744,0,32,-999.0,-999.0,-999.0,-999.0,139.57225436,35.91337385,0.20980000495910645,0.20980000495910645,,,,,55576.50894676,-999.0,-0.6165192275414545,0.5252139983016124,0.5865614188298801,130.76230364785891,19.222741045081534,188.0400520889654,44.29580374267381,-999,0,1,0,0,1,0,0,-999.0,-999.0,-999.0,-999.0,0,-999.0,-999.0,-999.0,-999.0,-999.0,0,-999.0,-999.0,-999.0,0,0,-999.0,-999.0,-999.0,-999.0,0,-999.0,-999.0,-999.0,-999.0,-999.0,0,-999.0,-999.0,-999.0,0,0,0.5940240025520325,21.038999557495117,0.20926199853420258,-999.0,1,21.038999557495117,21.038999557495117,-999.0,-999.0,-999.0,1,21.69770050048828,0.20926199853420258,-999.0,1,4120,-999.0,-999.0,-999.0,-999.0,0,-999.0,-999.0,-999.0,-999.0,-999.0,0,-999.0,-999.0,-999.0,0,0,-999.0,-999.0,-999.0,-999.0,0,-999.0,-999.0,-999.0,-999.0,-999.0,0,-999.0,-999.0,-999.0,0,0,0.019329942536281324
PSO J139.5723+35.9153,-999,-999,-999,151091395722628996,3578835000017576,214022515344551,0,16486948588043,15109,1,2038,90,0.283166558745472,3578835,49831,3,268513280,0,32,-999.0,-999.0,-999.0,-999.0,139.57226647,35.91533108,0.027890000492334366,0.027890000492334366,,,,,55249.24679398,-999.0,-0.6165040855343444,0.5252008739243392,0.5865890849210987,130.7616487808555,19.224598055149418,188.03732739291692,44.29596998507903,-999,0,1,0,0,0,1,0,-999.0,-999.0,-999.0,-999.0,0,-999.0,-999.0,-999.0,-999.0,-999.0,0,-999.0,-999.0,-999.0,0,0,-999.0,-999.0,-999.0,-999.0,0,-999.0,-999.0,-999.0,-999.0,-999.0,0,-999.0,-999.0,-999.0,0,0,-999.0,-999.0,-999.0,-999.0,0,-999.0,-999.0,-999.0,-999.0,-999.0,0,-999.0,-999.0,-999.0,0,0,0.9983170032501221,18.366100311279297,0.023507999256253242,-999.0,1,18.366100311279297,18.366100311279297,18.582799911499023,0.052390001714229584,-999.0,1,18.428199768066406,0.023507999256253242,-999.0,1,24,-999.0,-999.0,-999.0,-999.0,0,-999.0,-999.0,-999.0,-999.0,-999.0,0,-999.0,-999.0,-999.0,0,0,0.01968155849038561
PSO J139.5729+35.9117,-999,-999,-999,151091395728594638,3578835000017726,214022515344701,0,16486948600246,15109,1,2038,90,0.435220929268022,3578835,49831,3,268513280,0,32,-999.0,-999.0,-999.0,-999.0,139.5728839,35.91169769,0.016510000452399254,0.016510000452399254,,,,,56303.54353009,-999.0,-0.616538060456286,0.5252183516522559,0.5865377252116767,130.76338434856993,19.22131690976316,188.0424434078735,44.296177939177156,-999,0,1,0,1,0,0,0,-999.0,-999.0,-999.0,-999.0,0,-999.0,-999.0,-999.0,-999.0,-999.0,0,-999.0,-999.0,-999.0,0,0,0.9980729818344116,18.266199111938477,0.006899000145494938,-999.0,1,18.266199111938477,18.266199111938477,19.24020004272461,0.022794999182224274,-999.0,1,19.162700653076172,0.006899000145494938,-999.0,1,24,-999.0,-999.0,-999.0,-999.0,0,-999.0,-999.0,-999.0,-999.0,-999.0,0,-999.0,-999.0,-999.0,0,0,-999.0,-999.0,-999.0,-999.0,0,-999.0,-999.0,-999.0,-999.0,-999.0,0,-999.0,-999.0,-999.0,0,0,-999.0,-999.0,-999.0,-999.0,0,-999.0,-999.0,-999.0,-999.0,-999.0,0,-999.0,-999.0,-999.0,0,0,0.018665429033080504
PSO J139.5734+35.9148,-999,-999,-999,151091395733078455,3578835000017840,214022515344815,0,16486948600871,15109,1,2038,90,0.407808208286584,3578835,49831,3,268513280,0,32,-999.0,-999.0,-999.0,-999.0,139.57335819,35.91481716,0.017090000212192535,0.017090000212192535,,,,,55249.30969907,31.899099349975586,-0.6165180978548016,0.5251925387964552,0.5865818205587616,130.76271025263495,19.22439481520404,188.03814185926063,44.29681025147826,-999,0,2,1,0,0,1,0,0.9982579946517944,18.835399627685547,0.012311999686062336,-999.0,1,18.835399627685547,18.835399627685547,19.38159942626953,0.029370000585913658,-999.0,1,19.92959976196289,0.012311999686062336,-999.0,1,24,-999.0,-999.0,-999.0,-999.0,0,-999.0,-999.0,-999.0,-999.0,-999.0,0,-999.0,-999.0,-999.0,0,0,-999.0,-999.0,-999.0,-999.0,0,-999.0,-999.0,-999.0,-999.0,-999.0,0,-999.0,-999.0,-999.0,0,0,0.997501015663147,18.763500213623047,0.03284600004553795,-999.0,1,18.763500213623047,18.763500213623047,18.314199447631836,0.05279099941253662,-999.0,1,18.36400032043457,0.03284600004553795,-999.0,1,16777240,-999.0,-999.0,-999.0,-999.0,0,-999.0,-999.0,-999.0,-999.0,-999.0,0,-999.0,-999.0,-999.0,0,0,0.018704399205565776
PSO J139.5737+35.9089,-999,-999,-999,151091395736871278,3578835000017923,214022515344898,0,16486948593032,15109,1,2038,90,0.617384948411384,3578835,49831,3,268959744,0,32,-999.0,-999.0,-999.0,-999.0,139.57371246,35.90891898,0.2575500011444092,0.2575500011444092,,,,,56232.65170139,-999.0,-0.6165673089270606,0.52522788131873,0.5864984452220489,130.76500117642448,19.21890014677898,188.046388282287,44.29662456779641,-999,0,1,0,0,0,0,1,-999.0,-999.0,-999.0,-999.0,0,-999.0,-999.0,-999.0,-999.0,-999.0,0,-999.0,-999.0,-999.0,0,0,-999.0,-999.0,-999.0,-999.0,0,-999.0,-999.0,-999.0,-999.0,-999.0,0,-999.0,-999.0,-999.0,0,0,-999.0,-999.0,-999.0,-999.0,0,-999.0,-999.0,-999.0,-999.0,-999.0,0,-999.0,-999.0,-999.0,0,0,-999.0,-999.0,-999.0,-999.0,0,-999.0,-999.0,-999.0,-999.0,-999.0,0,-999.0,-999.0,-999.0,0,0,0.655784010887146,20.145099639892578,0.2571119964122772,-999.0,1,20.145099639892578,20.145099639892578,-999.0,-999.0,-999.0,0,20.138099670410156,0.2571119964122772,-999.0,1,4120,0.018063638122436713
PSO J139.5738+35.9138,-999,-999,-999,151091395738017170,3578835000186764,214022515515362,0,16486948600946,15109,1,2038,90,0.617854661883651,3578835,49831,3,404226048,0,48,139.5738164,35.91379456,0.0010000000474974513,0.0010000000474974513,139.5738164,35.91379456,0.0010000000474974513,0.0010000000474974513,,,,,55646.49783565,-999.0,-0.6165302674083376,0.5251943971447538,0.5865673657621624,130.76342981177777,19.223545230133983,188.03960748307458,44.29709842846529,-999,4,0,0,0,0,0,0,-999.0,-999.0,-999.0,-999.0,0,-999.0,-999.0,-999.0,-999.0,-999.0,0,-999.0,-999.0,-999.0,0,16416,-999.0,-999.0,-999.0,-999.0,0,-999.0,-999.0,-999.0,-999.0,-999.0,0,-999.0,-999.0,-999.0,0,114720,-999.0,-999.0,-999.0,-999.0,0,-999.0,-999.0,-999.0,-999.0,-999.0,0,-999.0,-999.0,-999.0,0,114720,-999.0,-999.0,-999.0,-999.0,0,-999.0,-999.0,-999.0,-999.0,-999.0,0,-999.0,-999.0,-999.0,0,114720,-999.0,-999.0,-999.0,-999.0,0,-999.0,-999.0,-999.0,-999.0,-999.0,0,-999.0,-999.0,-999.0,0,114720,0.018143136093602744
PSO J139.5741+35.9126,-999,-999,-999,151091395741725739,3578835000186769,214022515515367,0,16486948601272,15109,1,2038,90,0.972052457716365,3578835,49831,3,404226048,0,48,139.57406422,35.91262357,0.0010000000474974513,0.0010000000474974513,139.57406422,35.91262357,0.0010000000474974513,0.0010000000474974513,,,,,55646.49783565,-999.0,-0.6165416647232926,0.5251995041910582,0.5865508131932797,130.76402884111081,19.222500450128564,188.04126074926256,44.29720488035359,-999,3,0,0,0,0,0,0,-999.0,-999.0,-999.0,-999.0,0,-999.0,-999.0,-999.0,-999.0,-999.0,0,-999.0,-999.0,-999.0,0,16416,-999.0,-999.0,-999.0,-999.0,0,-999.0,-999.0,-999.0,-999.0,-999.0,0,-999.0,-999.0,-999.0,0,114720,-999.0,-999.0,-999.0,-999.0,0,-999.0,-999.0,-999.0,-999.0,-999.0,0,-999.0,-999.0,-999.0,0,114720,-999.0,-999.0,-999.0,-999.0,0,-999.0,-999.0,-999.0,-999.0,-999.0,0,-999.0,-999.0,-999.0,0,114720,-999.0,-999.0,-999.0,-999.0,0,-999.0,-999.0,-999.0,-999.0,-999.0,0,-999.0,-999.0,-999.0,0,16416,0.017784244649292184
PSO J139.5743+35.9149,-999,-999,-999,151091395742418452,3578835000018065,214022515345040,0,16486948600985,15109,1,2038,90,0.110487761078857,3578835,49831,3,268513280,0,32,-999.0,-999.0,-999.0,-999.0,139.57425612,35.91487535,0.015519999898970127,0.015519999898970127,,,,,55249.32787037,-999.0,-0.6165258750068041,0.5251824904492267,0.586582643088459,130.7634199856611,19.22468314373875,188.0381420213052,44.297539800072656,-999,0,1,1,0,0,0,0,0.9974660277366638,16.693199157714844,0.0019399999873712659,-999.0,1,16.693199157714844,16.693199157714844,16.975099563598633,0.0047900001518428326,-999.0,1,16.884000778198242,0.0019399999873712659,-999.0,1,24,-999.0,-999.0,-999.0,-999.0,0,-999.0,-999.0,-999.0,-999.0,-999.0,0,-999.0,-999.0,-999.0,0,0,-999.0,-999.0,-999.0,-999.0,0,-999.0,-999.0,-999.0,-999.0,-999.0,0,-999.0,-999.0,-999.0,0,0,-999.0,-999.0,-999.0,-999.0,0,-999.0,-999.0,-999.0,-999.0,-999.0,0,-999.0,-999.0,-999.0,0,0,-999.0,-999.0,-999.0,-999.0,0,-999.0,-999.0,-999.0,-999.0,-999.0,0,-999.0,-999.0,-999.0,0,0,0.01800848636713073
PSO J139.5744+35.9144,-999,-999,-999,151091395744017901,3578835000018102,214022515345077,0,16486948601009,15109,1,2038,90,0.463866552770013,3578835,49831,3,268959744,0,32,-999.0,-999.0,-999.0,-999.0,139.57440179,35.91441461,-999.0,-999.0,,,,,-999.0,-999.0,-0.6165308010019386,0.5251839817244742,0.5865761304007648,130.76369481174345,19.224284572119608,188.03879687708482,44.29762057786387,-999,0,1,0,0,0,1,0,-999.0,-999.0,-999.0,-999.0,0,-999.0,-999.0,-999.0,-999.0,-999.0,0,-999.0,-999.0,-999.0,0,0,-999.0,-999.0,-999.0,-999.0,0,-999.0,-999.0,-999.0,-999.0,-999.0,0,-999.0,-999.0,-999.0,0,0,-999.0,-999.0,-999.0,-999.0,0,-999.0,-999.0,-999.0,-999.0,-999.0,0,-999.0,-999.0,-999.0,0,0,-999.0,-999.0,-999.0,-999.0,0,-999.0,-999.0,18.949800491333008,0.058024998754262924,-999.0,1,-999.0,-999.0,-999.0,0,24,-999.0,-999.0,-999.0,-999.0,0,-999.0,-999.0,-999.0,-999.0,-999.0,0,-999.0,-999.0,-999.0,0,0,0.017793140421903705
PSO J139.5745+35.9116,-999,-999,-999,151091395744774621,3578835000018119,214022515345094,0,16486948600120,15109,1,2038,90,0.875204436364774,3578835,49831,3,268959744,0,32,-999.0,-999.0,-999.0,-999.0,139.57454415,35.91161767,0.1846500039100647,0.1846500039100647,,,,,55846.17543981,-999.0,-0.6165539029494275,0.5252010173081806,0.5865365940640704,130.76476037651537,19.22167232746931,188.04270510366828,44.29751190595584,-999,0,2,0,0,1,0,1,-999.0,-999.0,-999.0,-999.0,0,-999.0,-999.0,-999.0,-999.0,-999.0,0,-999.0,-999.0,-999.0,0,0,-999.0,-999.0,-999.0,-999.0,0,-999.0,-999.0,-999.0,-999.0,-999.0,0,-999.0,-999.0,-999.0,0,0,0.39942899346351624,20.891599655151367,0.24012799561023712,-999.0,1,20.891599655151367,20.891599655151367,-999.0,-999.0,-999.0,0,21.967500686645508,0.24012799561023712,-999.0,1,4120,-999.0,-999.0,-999.0,-999.0,0,-999.0,-999.0,-999.0,-999.0,-999.0,0,-999.0,-999.0,-999.0,0,0,0.42463698983192444,20.056900024414062,0.28763100504875183,-999.0,1,20.056900024414062,20.056900024414062,-999.0,-999.0,-999.0,0,20.587799072265625,0.28763100504875183,-999.0,1,4120,0.01731843228507563
PSO J139.5746+35.9084,-999,-999,-999,151091395746010638,3578835000018148,214022515345123,0,16486948593448,15109,1,2038,90,0.516638361398725,3578835,49831,3,268959744,0,32,-999.0,-999.0,-999.0,-999.0,139.57462455,35.90837447,0.1212100014090538,0.1212100014090538,,,,,55972.33878472,-999.0,-0.6165799129591528,0.5252216804692899,0.5864907478386158,130.76592712891448,19.21862129431725,188.04722921417113,44.29731737623924,-999,0,1,1,0,0,0,0,0.7149800062179565,21.244300842285156,0.12027300149202347,-999.0,1,21.244300842285156,21.244300842285156,-999.0,-999.0,-999.0,0,21.292999267578125,0.12027300149202347,-999.0,1,4112,-999.0,-999.0,-999.0,-999.0,0,-999.0,-999.0,-999.0,-999.0,-999.0,0,-999.0,-999.0,-999.0,0,0,-999.0,-999.0,-999.0,-999.0,0,-999.0,-999.0,-999.0,-999.0,-999.0,0,-999.0,-999.0,-999.0,0,0,-999.0,-999.0,-999.0,-999.0,0,-999.0,-999.0,-999.0,-999.0,-999.0,0,-999.0,-999.0,-999.0,0,0,-999.0,-999.0,-999.0,-999.0,0,-999.0,-999.0,-999.0,-999.0,-999.0,0,-999.0,-999.0,-999.0,0,0,0.017394888452126358
PSO J139.5750+35.9142,-999,-999,-999,151091395750047598,3578835000018248,214022515345223,0,16486948601725,15109,1,2038,90,0.272288231432706,3578835,49831,3,268513280,0,32,-999.0,-999.0,-999.0,-999.0,139.57501178,35.91416398,0.02768000029027462,0.02768000029027462,,,,,55249.24679398,-999.0,-0.6165383455286814,0.525179081740973,0.5865725876602697,130.7642755030045,19.224205610004063,188.03920110238272,44.298092994946536,-999,0,1,0,0,0,1,0,-999.0,-999.0,-999.0,-999.0,0,-999.0,-999.0,-999.0,-999.0,-999.0,0,-999.0,-999.0,-999.0,0,0,-999.0,-999.0,-999.0,-999.0,0,-999.0,-999.0,-999.0,-999.0,-999.0,0,-999.0,-999.0,-999.0,0,0,-999.0,-999.0,-999.0,-999.0,0,-999.0,-999.0,-999.0,-999.0,-999.0,0,-999.0,-999.0,-999.0,0,0,0.9989929795265198,18.3656005859375,0.023262999951839447,-999.0,1,18.3656005859375,18.3656005859375,18.166400909423828,0.044899001717567444,-999.0,1,18.25629997253418,0.023262999951839447,-999.0,1,24,-999.0,-999.0,-999.0,-999.0,0,-999.0,-999.0,-999.0,-999.0,-999.0,0,-999.0,-999.0,-999.0,0,0,0.01725869736315975
PSO J139.5752+35.9100,-999,-999,-999,151091395752152595,3578835000018291,214022515345266,0,16486948592857,15109,1,2038,90,0.496581187934225,3578835,49831,3,310456320,0,37,-999.0,-999.0,-999.0,-999.0,139.57522799,35.90998424,0.1690399944782257,0.1690399944782257,,,,,55248.33767361,-999.0,-0.6165729003761811,0.525204501312459,0.5865135039560769,130.7658706998009,19.22030278221577,188.04504190235622,44.29793335528565,-999,0,1,1,0,0,0,0,0.011770999990403652,21.755199432373047,0.16836899518966675,-999.0,1,21.755199432373047,21.755199432373047,20.254600524902344,0.11693999916315079,-999.0,1,20.66830062866211,0.16836899518966675,-999.0,1,16777752,-999.0,-999.0,-999.0,-999.0,0,-999.0,-999.0,-999.0,-999.0,-999.0,0,-999.0,-999.0,-999.0,0,0,-999.0,-999.0,-999.0,-999.0,0,-999.0,-999.0,-999.0,-999.0,-999.0,0,-999.0,-999.0,-999.0,0,0,-999.0,-999.0,-999.0,-999.0,0,-999.0,-999.0,-999.0,-999.0,-999.0,0,-999.0,-999.0,-999.0,0,0,-999.0,-999.0,-999.0,-999.0,0,-999.0,-999.0,-999.0,-999.0,-999.0,0,-999.0,-999.0,-999.0,0,0,0.016760497623889554
PSO J139.5755+35.9107,-999,-999,-999,151091395754553472,3578835000018356,214022515345331,0,16486948590869,15109,1,2038,90,0.173210397524024,3578835,49831,3,268959744,0,32,-999.0,-999.0,-999.0,-999.0,139.57553378,35.91067006,0.26128000020980835,0.26128000020980835,,,,,55903.56032407,-999.0,-0.6165703589565972,0.5251966582097076,0.586523198741097,130.76588622059754,19.221031805444174,188.04411442061863,44.29823508556394,-999,0,1,0,0,0,0,1,-999.0,-999.0,-999.0,-999.0,0,-999.0,-999.0,-999.0,-999.0,-999.0,0,-999.0,-999.0,-999.0,0,0,-999.0,-999.0,-999.0,-999.0,0,-999.0,-999.0,-999.0,-999.0,-999.0,0,-999.0,-999.0,-999.0,0,0,-999.0,-999.0,-999.0,-999.0,0,-999.0,-999.0,-999.0,-999.0,-999.0,0,-999.0,-999.0,-999.0,0,0,-999.0,-999.0,-999.0,-999.0,0,-999.0,-999.0,-999.0,-999.0,-999.0,0,-999.0,-999.0,-999.0,0,0,0.6724200248718262,20.099700927734375,0.2608489990234375,-999.0,1,20.099700927734375,20.099700927734375,-999.0,-999.0,-999.0,0,20.478900909423828,0.2608489990234375,-999.0,1,4120,0.016495447346585628
PSO J139.5755+35.9138,-999,-999,-999,151091395755207156,3578835000018373,214022515345348,0,16486948601827,15109,1,2038,90,0.772536440540605,3578835,49831,3,268959744,0,32,-999.0,-999.0,-999.0,-999.0,139.57554459,35.91381413,0.2625199854373932,0.2625199854373932,,,,,56232.65170139,-999.0,-0.6165459558416908,0.5251756708315644,0.5865676423924799,130.76482719129507,19.22401262450673,188.0397365382042,44.29849517613875,-999,0,1,0,0,0,0,1,-999.0,-999.0,-999.0,-999.0,0,-999.0,-999.0,-999.0,-999.0,-999.0,0,-999.0,-999.0,-999.0,0,0,-999.0,-999.0,-999.0,-999.0,0,-999.0,-999.0,-999.0,-999.0,-999.0,0,-999.0,-999.0,-999.0,0,0,-999.0,-999.0,-999.0,-999.0,0,-999.0,-999.0,-999.0,-999.0,-999.0,0,-999.0,-999.0,-999.0,0,0,-999.0,-999.0,-999.0,-999.0,0,-999.0,-999.0,-999.0,-999.0,-999.0,0,-999.0,-999.0,-999.0,0,0,0.5636510252952576,20.10580062866211,0.2620899975299835,-999.0,1,20.10580062866211,20.10580062866211,-999.0,-999.0,-999.0,0,21.1658992767334,0.2620899975299835,-999.0,1,4120,0.016768503716411795
PSO J139.5758+35.9094,-999,-999,-999,151091395757911871,3578835000018440,214022515345415,0,16486948592781,15109,1,2038,90,0.0376080852352158,3578835,49831,3,268959744,0,32,-999.0,-999.0,-999.0,-999.0,139.57581106,35.90938612,0.31001999974250793,0.31001999974250793,,,,,55249.29614583,-999.0,-0.6165829060523702,0.525202196926396,0.586505048833939,130.76654754722915,19.219887697348575,188.0459277010843,44.29835625040633,-999,0,1,0,0,1,0,0,-999.0,-999.0,-999.0,-999.0,0,-999.0,-999.0,-999.0,-999.0,-999.0,0,-999.0,-999.0,-999.0,0,0,-999.0,-999.0,-999.0,-999.0,0,-999.0,-999.0,-999.0,-999.0,-999.0,0,-999.0,-999.0,-999.0,0,0,0.6539530158042908,21.254899978637695,0.3096579909324646,-999.0,1,21.254899978637695,21.254899978637695,-999.0,-999.0,-999.0,1,21.56220054626465,0.3096579909324646,-999.0,1,4120,-999.0,-999.0,-999.0,-999.0,0,-999.0,-999.0,-999.0,-999.0,-999.0,0,-999.0,-999.0,-999.0,0,0,-999.0,-999.0,-999.0,-999.0,0,-999.0,-999.0,-999.0,-999.0,-999.0,0,-999.0,-999.0,-999.0,0,0,0.016327870412971603
PSO J139.5761+35.9149,-999,-999,-999,151091395760718456,3578835000018515,214022515345490,0,16486948599453,15109,1,2038,90,0.448741735377108,3578835,49831,3,268959744,0,32,-999.0,-999.0,-999.0,-999.0,139.57608912,35.91487235,0.2326200008392334,0.2326200008392334,,,,,55249.29614583,-999.0,-0.6165426996503551,0.5251627862711847,0.5865826006827496,130.7649101687203,19.225156382533402,188.0383119423854,44.299019340542934,-999,0,1,0,0,1,0,0,-999.0,-999.0,-999.0,-999.0,0,-999.0,-999.0,-999.0,-999.0,-999.0,0,-999.0,-999.0,-999.0,0,0,-999.0,-999.0,-999.0,-999.0,0,-999.0,-999.0,-999.0,-999.0,-999.0,0,-999.0,-999.0,-999.0,0,0,0.6517930030822754,20.987300872802734,0.23213699460029602,-999.0,1,20.987300872802734,20.987300872802734,-999.0,-999.0,-999.0,0,21.486799240112305,0.23213699460029602,-999.0,1,4120,-999.0,-999.0,-999.0,-999.0,0,-999.0,-999.0,-999.0,-999.0,-999.0,0,-999.0,-999.0,-999.0,0,0,-999.0,-999.0,-999.0,-999.0,0,-999.0,-999.0,-999.0,-999.0,-999.0,0,-999.0,-999.0,-999.0,0,0,0.01656614239603693
PSO J139.5764+35.9136,-999,-999,-999,151091395764016907,3578835000018599,214022515345574,0,16486948601533,15109,1,2038,90,0.0691000521826558,3578835,49831,3,268513280,0,32,-999.0,-999.0,-999.0,-999.0,139.57640933,35.91358793,0.027739999815821648,0.027739999815821648,,,,,55249.24679398,-999.0,-0.6165556449116748,0.5251678671079045,0.5865644449545874,130.76560655417208,19.22402297343711,188.04012978376423,44.29917521220862,-999,0,1,0,0,0,1,0,-999.0,-999.0,-999.0,-999.0,0,-999.0,-999.0,-999.0,-999.0,-999.0,0,-999.0,-999.0,-999.0,0,0,-999.0,-999.0,-999.0,-999.0,0,-999.0,-999.0,-999.0,-999.0,-999.0,0,-999.0,-999.0,-999.0,0,0,-999.0,-999.0,-999.0,-999.0,0,-999.0,-999.0,-999.0,-999.0,-999.0,0,-999.0,-999.0,-999.0,0,0,0.9986640214920044,18.362499237060547,0.02333799935877323,-999.0,1,18.362499237060547,18.362499237060547,18.326000213623047,0.049185000360012054,-999.0,1,18.30900001525879,0.02333799935877323,-999.0,1,24,-999.0,-999.0,-999.0,-999.0,0,-999.0,-999.0,-999.0,-999.0,-999.0,0,-999.0,-999.0,-999.0,0,0,0.01603889544785614
PSO J139.5765+35.9161,-999,-999,-999,151091395764279942,3578835000018607,214022515345582,0,16486948599420,15109,1,2038,90,0.962826203520248,3578835,49831,3,268959744,0,32,-999.0,-999.0,-999.0,-999.0,139.57645045,35.91613381,0.2286600023508072,0.2286600023508072,,,,,56232.65170139,-999.0,-0.6165361798738941,0.5251505237367496,0.5866004315763184,130.76477527071944,19.226445061049073,188.03658769094326,44.29941181399584,-999,0,1,0,0,0,0,1,-999.0,-999.0,-999.0,-999.0,0,-999.0,-999.0,-999.0,-999.0,-999.0,0,-999.0,-999.0,-999.0,0,0,-999.0,-999.0,-999.0,-999.0,0,-999.0,-999.0,-999.0,-999.0,-999.0,0,-999.0,-999.0,-999.0,0,0,-999.0,-999.0,-999.0,-999.0,0,-999.0,-999.0,-999.0,-999.0,-999.0,0,-999.0,-999.0,-999.0,0,0,-999.0,-999.0,-999.0,-999.0,0,-999.0,-999.0,-999.0,-999.0,-999.0,0,-999.0,-999.0,-999.0,0,0,0.6478350162506104,20.019500732421875,0.22816799581050873,-999.0,1,20.019500732421875,20.019500732421875,-999.0,-999.0,-999.0,0,19.531600952148438,0.22816799581050873,-999.0,1,4120,0.016646903574844704
PSO J139.5768+35.9134,-999,-999,-999,151091395768086680,3578835000018689,214022515345664,0,16486948598116,15109,1,2038,90,0.901823952702641,3578835,49831,3,268959744,0,32,-999.0,-999.0,-999.0,-999.0,139.57680898,35.91339664,-999.0,-999.0,,,,,-999.0,-999.0,-0.6165607988762485,0.5251648363228082,0.5865617409779812,130.76599621017047,19.22394559071159,188.04043234826798,44.299482567445416,-999,0,1,0,0,0,1,0,-999.0,-999.0,-999.0,-999.0,0,-999.0,-999.0,-999.0,-999.0,-999.0,0,-999.0,-999.0,-999.0,0,0,-999.0,-999.0,-999.0,-999.0,0,-999.0,-999.0,-999.0,-999.0,-999.0,0,-999.0,-999.0,-999.0,0,0,-999.0,-999.0,-999.0,-999.0,0,-999.0,-999.0,-999.0,-999.0,-999.0,0,-999.0,-999.0,-999.0,0,0,-999.0,-999.0,-999.0,-999.0,0,-999.0,-999.0,19.645299911499023,0.10747899860143661,-999.0,1,-999.0,-999.0,-999.0,0,24,-999.0,-999.0,-999.0,-999.0,0,-999.0,-999.0,-999.0,-999.0,-999.0,0,-999.0,-999.0,-999.0,0,0,0.015687037769726016
PSO J139.5769+35.9116,-999,-999,-999,151091395768104532,3578835000186794,214022515515392,0,16486948598364,15109,1,2038,90,0.785946002030695,3578835,49831,3,1343750144,0,160,139.57685262,35.91162958,0.0010000000474974513,0.0010000000474974513,139.57685262,35.91162958,0.0010000000474974513,0.0010000000474974513,,,,,55664.18021991,-999.0,-0.6165749701923874,0.5251760966192021,0.5865367624216535,130.76663182226073,19.22228319994455,188.04289739214443,44.299376554225674,-999,2,0,0,0,0,0,0,-999.0,-999.0,-999.0,-999.0,0,-999.0,-999.0,-999.0,-999.0,-999.0,0,-999.0,-999.0,-999.0,0,114720,-999.0,-999.0,-999.0,-999.0,0,-999.0,-999.0,-999.0,-999.0,-999.0,0,-999.0,-999.0,-999.0,0,114720,-999.0,-999.0,-999.0,-999.0,0,-999.0,-999.0,-999.0,-999.0,-999.0,0,-999.0,-999.0,-999.0,0,16416,-999.0,-999.0,-999.0,-999.0,0,-999.0,-999.0,-999.0,-999.0,-999.0,0,-999.0,-999.0,-999.0,0,16416,-999.0,-999.0,-999.0,-999.0,0,-999.0,-999.0,-999.0,-999.0,-999.0,0,-999.0,-999.0,-999.0,0,16416,0.015452043931739172
PSO J139.5769+35.9096,-999,-999,-999,151091395768772179,3578835000018705,214022515345680,0,16486948591409,15109,1,2038,90,0.836537794989103,3578835,49831,3,268959744,0,32,-999.0,-999.0,-999.0,-999.0,139.57690109,35.90964734,0.3999300003051758,0.3999300003051758,,,,,56331.37092593,-999.0,-0.6165908620754992,0.5251887327050074,0.5865087414904411,130.76734442788162,19.22041824730401,188.04566255729807,44.29925717936462,-999,0,1,1,0,0,0,0,0.5602909922599792,22.508100509643555,0.3996480107307434,-999.0,1,22.508100509643555,22.508100509643555,-999.0,-999.0,-999.0,1,-999.0,-999.0,-999.0,0,4120,-999.0,-999.0,-999.0,-999.0,0,-999.0,-999.0,-999.0,-999.0,-999.0,0,-999.0,-999.0,-999.0,0,0,-999.0,-999.0,-999.0,-999.0,0,-999.0,-999.0,-999.0,-999.0,-999.0,0,-999.0,-999.0,-999.0,0,0,-999.0,-999.0,-999.0,-999.0,0,-999.0,-999.0,-999.0,-999.0,-999.0,0,-999.0,-999.0,-999.0,0,0,-999.0,-999.0,-999.0,-999.0,0,-999.0,-999.0,-999.0,-999.0,-999.0,0,-999.0,-999.0,-999.0,0,0,0.015427381288712913
PSO J139.5770+35.9153,-999,-999,-999,151091395769918997,3578835000018740,214022515345715,0,16486948599317,15109,1,2038,90,0.378840795139634,3578835,49831,3,268959744,0,32,-999.0,-999.0,-999.0,-999.0,139.577003,35.91533652,0.4691300094127655,0.4691300094127655,,,,,55275.32704861,-999.0,-0.6165474583576488,0.5251498708295844,0.5865891618163379,130.7654949678313,19.22583339972014,188.03774808041715,44.29979419725222,-999,0,1,1,0,0,0,0,0.5928400158882141,22.770299911499023,0.4688909947872162,-999.0,1,22.770299911499023,22.770299911499023,-999.0,-999.0,-999.0,1,22.625499725341797,0.4688909947872162,-999.0,1,4120,-999.0,-999.0,-999.0,-999.0,0,-999.0,-999.0,-999.0,-999.0,-999.0,0,-999.0,-999.0,-999.0,0,0,-999.0,-999.0,-999.0,-999.0,0,-999.0,-999.0,-999.0,-999.0,-999.0,0,-999.0,-999.0,-999.0,0,0,-999.0,-999.0,-999.0,-999.0,0,-999.0,-999.0,-999.0,-999.0,-999.0,0,-999.0,-999.0,-999.0,0,0,-999.0,-999.0,-999.0,-999.0,0,-999.0,-999.0,-999.0,-999.0,-999.0,0,-999.0,-999.0,-999.0,0,0,0.015977299776047376
PSO J139.5778+35.9130,-999,-999,-999,151091395778076251,3578835000018936,214022515345911,0,16486948598178,15109,1,2038,90,0.483374820541008,3578835,49831,3,268513280,0,32,-999.0,-999.0,-999.0,-999.0,139.57781586,35.91304151,0.026429999619722366,0.026429999619722366,,,,,55249.24679398,-999.0,-0.6165727954370117,0.5251563585692249,0.5865567210264498,130.76693484537688,19.223870745277914,188.04101802255005,44.30026705725218,-999,0,1,0,0,0,1,0,-999.0,-999.0,-999.0,-999.0,0,-999.0,-999.0,-999.0,-999.0,-999.0,0,-999.0,-999.0,-999.0,0,0,-999.0,-999.0,-999.0,-999.0,0,-999.0,-999.0,-999.0,-999.0,-999.0,0,-999.0,-999.0,-999.0,0,0,-999.0,-999.0,-999.0,-999.0,0,-999.0,-999.0,-999.0,-999.0,-999.0,0,-999.0,-999.0,-999.0,0,0,0.9981560111045837,18.27669906616211,0.021765999495983124,-999.0,1,18.27669906616211,18.27669906616211,18.377199172973633,0.04833199828863144,-999.0,1,18.358999252319336,0.021765999495983124,-999.0,1,24,-999.0,-999.0,-999.0,-999.0,0,-999.0,-999.0,-999.0,-999.0,-999.0,0,-999.0,-999.0,-999.0,0,0,0.014824876735699183
PSO J139.5781+35.9144,-999,-999,-999,151091395781117834,3578835000019017,214022515345992,0,16486948596283,15109,1,2038,90,0.515618308927508,3578835,49831,3,268959744,0,32,-999.0,-999.0,-999.0,-999.0,139.57812586,35.91436381,0.3163500130176544,0.3163500130176544,,,,,55249.34458333,-999.0,-0.6165653311591408,0.5251442450096813,0.5865754123263528,130.76673758098562,19.225203718968206,188.03920436533502,44.300622977775724,-999,0,1,1,0,0,0,0,0.7003309726715088,22.36090087890625,0.315995991230011,-999.0,1,22.36090087890625,22.36090087890625,-999.0,-999.0,-999.0,0,23.518199920654297,0.315995991230011,-999.0,1,4120,-999.0,-999.0,-999.0,-999.0,0,-999.0,-999.0,-999.0,-999.0,-999.0,0,-999.0,-999.0,-999.0,0,0,-999.0,-999.0,-999.0,-999.0,0,-999.0,-999.0,-999.0,-999.0,-999.0,0,-999.0,-999.0,-999.0,0,0,-999.0,-999.0,-999.0,-999.0,0,-999.0,-999.0,-999.0,-999.0,-999.0,0,-999.0,-999.0,-999.0,0,0,-999.0,-999.0,-999.0,-999.0,0,-999.0,-999.0,-999.0,-999.0,-999.0,0,-999.0,-999.0,-999.0,0,0,0.014842179843675776
PSO J139.5788+35.9127,-999,-999,-999,151091395787605800,3578835000019163,214022515346138,0,16486948598658,15109,1,2038,90,0.836350409161626,3578835,49831,3,268513280,0,32,-999.0,-999.0,-999.0,-999.0,139.57876873,35.91266505,0.049559999257326126,0.049559999257326126,,,,,55249.24679398,-999.0,-0.6165844630719414,0.5251486033463686,0.586551399539413,130.76783684949476,19.22376167315292,188.04162852580043,44.301006244076476,-999,0,1,0,0,0,1,0,-999.0,-999.0,-999.0,-999.0,0,-999.0,-999.0,-999.0,-999.0,-999.0,0,-999.0,-999.0,-999.0,0,0,-999.0,-999.0,-999.0,-999.0,0,-999.0,-999.0,-999.0,-999.0,-999.0,0,-999.0,-999.0,-999.0,0,0,-999.0,-999.0,-999.0,-999.0,0,-999.0,-999.0,-999.0,-999.0,-999.0,0,-999.0,-999.0,-999.0,0,0,0.9981110095977783,19.172199249267578,0.04723599925637245,-999.0,1,19.172199249267578,19.172199249267578,19.14859962463379,0.09003499895334244,-999.0,1,19.02239990234375,0.04723599925637245,-999.0,1,24,-999.0,-999.0,-999.0,-999.0,0,-999.0,-999.0,-999.0,-999.0,-999.0,0,-999.0,-999.0,-999.0,0,0,0.014006524911973564
PSO J139.5794+35.9130,-999,-999,-999,151091395793296235,3578835000019319,214022515346294,0,16486948596549,15109,1,2038,90,0.560335108600869,3578835,49831,3,277348352,0,33,-999.0,-999.0,-999.0,-999.0,139.57941166,35.9129628,0.1569499969482422,0.1569499969482422,,,,,55903.57219907,-999.0,-0.6165880352791656,0.5251397080651097,0.5865556084156639,130.76825805443002,19.224210694724565,188.04127195526976,44.30154908689728,-999,0,1,0,0,0,0,1,-999.0,-999.0,-999.0,-999.0,0,-999.0,-999.0,-999.0,-999.0,-999.0,0,-999.0,-999.0,-999.0,0,0,-999.0,-999.0,-999.0,-999.0,0,-999.0,-999.0,-999.0,-999.0,-999.0,0,-999.0,-999.0,-999.0,0,0,-999.0,-999.0,-999.0,-999.0,0,-999.0,-999.0,-999.0,-999.0,-999.0,0,-999.0,-999.0,-999.0,0,0,-999.0,-999.0,-999.0,-999.0,0,-999.0,-999.0,-999.0,-999.0,-999.0,0,-999.0,-999.0,-999.0,0,0,0.7633540034294128,19.77669906616211,0.15623100101947784,-999.0,1,19.77669906616211,19.77669906616211,-999.0,-999.0,-999.0,0,19.31220054626465,0.15623100101947784,-999.0,1,16781336,0.013536330230178206
PSO J139.5795+35.9124,-999,-999,-999,151091395795135470,3578835000019359,214022515346334,0,16486948595897,15109,1,2038,90,0.0980419508163277,3578835,49831,3,268959744,0,32,-999.0,-999.0,-999.0,-999.0,139.5795137,35.91238819,-999.0,-999.0,,,,,-999.0,-999.0,-0.6165934488492841,0.5251424240828223,0.5865474859417287,130.76853612290748,19.223692942630258,188.04208150907564,44.301585551636634,-999,0,1,0,0,0,1,0,-999.0,-999.0,-999.0,-999.0,0,-999.0,-999.0,-999.0,-999.0,-999.0,0,-999.0,-999.0,-999.0,0,0,-999.0,-999.0,-999.0,-999.0,0,-999.0,-999.0,-999.0,-999.0,-999.0,0,-999.0,-999.0,-999.0,0,0,-999.0,-999.0,-999.0,-999.0,0,-999.0,-999.0,-999.0,-999.0,-999.0,0,-999.0,-999.0,-999.0,0,0,-999.0,-999.0,-999.0,-999.0,0,-999.0,-999.0,-999.0,-999.0,-999.0,0,-999.0,-999.0,-999.0,0,24,-999.0,-999.0,-999.0,-999.0,0,-999.0,-999.0,-999.0,-999.0,-999.0,0,-999.0,-999.0,-999.0,0,0,0.013372367972912871
PSO J139.5797+35.9123,-999,-999,-999,151091395796655375,3578835000019403,214022515346378,0,16486948595861,15109,1,2038,90,0.423256659343146,3578835,49831,3,276901888,0,33,-999.0,-999.0,-999.0,-999.0,139.57967521,35.91231129,0.038270000368356705,0.038270000368356705,,,,,55249.24679398,-999.0,-0.6165955284924403,0.5251411964147683,0.5865463989073618,130.768693458305,19.223662057131218,188.0422032225693,44.30170979767837,-999,0,1,0,0,0,1,0,-999.0,-999.0,-999.0,-999.0,0,-999.0,-999.0,-999.0,-999.0,-999.0,0,-999.0,-999.0,-999.0,0,0,-999.0,-999.0,-999.0,-999.0,0,-999.0,-999.0,-999.0,-999.0,-999.0,0,-999.0,-999.0,-999.0,0,0,-999.0,-999.0,-999.0,-999.0,0,-999.0,-999.0,-999.0,-999.0,-999.0,0,-999.0,-999.0,-999.0,0,0,0.9982349872589111,18.839799880981445,0.0352029986679554,-999.0,1,18.839799880981445,18.839799880981445,18.76490020751953,0.07022800296545029,-999.0,1,18.686599731445312,0.0352029986679554,-999.0,1,16777240,-999.0,-999.0,-999.0,-999.0,0,-999.0,-999.0,-999.0,-999.0,-999.0,0,-999.0,-999.0,-999.0,0,0,0.013233265589636363
PSO J139.5801+35.9137,-999,-999,-999,151091395800177135,3578835000019472,214022515346447,0,16486948596502,15109,1,2038,90,0.25339533784743,3578835,49831,3,277348352,0,33,-999.0,-999.0,-999.0,-999.0,139.58009581,35.91372295,0.12304999679327011,0.12304999679327011,,,,,55903.56032407,-999.0,-0.6165883812355487,0.525127299841991,0.5865663535236105,130.76855568605703,19.225108397811358,188.0402750536685,44.302162141772186,-999,0,1,0,0,0,0,1,-999.0,-999.0,-999.0,-999.0,0,-999.0,-999.0,-999.0,-999.0,-999.0,0,-999.0,-999.0,-999.0,0,0,-999.0,-999.0,-999.0,-999.0,0,-999.0,-999.0,-999.0,-999.0,-999.0,0,-999.0,-999.0,-999.0,0,0,-999.0,-999.0,-999.0,-999.0,0,-999.0,-999.0,-999.0,-999.0,-999.0,0,-999.0,-999.0,-999.0,0,0,-999.0,-999.0,-999.0,-999.0,0,-999.0,-999.0,-999.0,-999.0,-999.0,0,-999.0,-999.0,-999.0,0,0,0.8322650194168091,19.381799697875977,0.12213200330734253,-999.0,1,19.381799697875977,19.381799697875977,-999.0,-999.0,-999.0,0,18.930500030517578,0.12213200330734253,-999.0,1,16781336,0.013140787209799113
PSO J139.5805+35.9120,-999,-999,-999,151091395805344979,3578835000019594,214022515346569,0,16486948595951,15109,1,2038,90,0.985911322744481,3578835,49831,3,268959744,0,32,-999.0,-999.0,-999.0,-999.0,139.5805346,35.91197922,-999.0,-999.0,,,,,-999.0,-999.0,-0.6166059931697583,0.5251341520506978,0.5865417048574897,130.76950444560217,19.22357075801546,188.04274345531556,44.30237707154369,-999,0,1,0,0,0,1,0,-999.0,-999.0,-999.0,-999.0,0,-999.0,-999.0,-999.0,-999.0,-999.0,0,-999.0,-999.0,-999.0,0,0,-999.0,-999.0,-999.0,-999.0,0,-999.0,-999.0,-999.0,-999.0,-999.0,0,-999.0,-999.0,-999.0,0,0,-999.0,-999.0,-999.0,-999.0,0,-999.0,-999.0,-999.0,-999.0,-999.0,0,-999.0,-999.0,-999.0,0,0,-999.0,-999.0,-999.0,-999.0,0,-999.0,-999.0,-999.0,-999.0,-999.0,0,-999.0,-999.0,-999.0,0,24,-999.0,-999.0,-999.0,-999.0,0,-999.0,-999.0,-999.0,-999.0,-999.0,0,-999.0,-999.0,-999.0,0,0,0.012505386338758846
PSO J139.5808+35.9110,-999,-999,-999,151091395807313768,3578835000019663,214022515346638,0,16486948541496,15109,1,2038,90,0.111409175313459,3578835,49831,3,268513280,0,32,-999.0,-999.0,-999.0,-999.0,139.58076373,35.91098876,0.022749999538064003,0.022749999538064003,,,,,56232.65667824,-999.0,-0.6166158124741117,0.5251382602690382,0.5865277038712656,130.77002701484423,19.22269213726746,188.04414372676266,44.30248290359045,-999,0,1,0,0,0,0,1,-999.0,-999.0,-999.0,-999.0,0,-999.0,-999.0,-999.0,-999.0,-999.0,0,-999.0,-999.0,-999.0,0,0,-999.0,-999.0,-999.0,-999.0,0,-999.0,-999.0,-999.0,-999.0,-999.0,0,-999.0,-999.0,-999.0,0,0,-999.0,-999.0,-999.0,-999.0,0,-999.0,-999.0,-999.0,-999.0,-999.0,0,-999.0,-999.0,-999.0,0,0,-999.0,-999.0,-999.0,-999.0,0,-999.0,-999.0,-999.0,-999.0,-999.0,0,-999.0,-999.0,-999.0,0,0,0.9969549775123596,16.916200637817383,0.01710899919271469,-999.0,1,16.916200637817383,16.916200637817383,17.986900329589844,0.06008699908852577,-999.0,1,17.885000228881836,0.01710899919271469,-999.0,1,24,0.012261649809206096
PSO J139.5810+35.9118,-999,-999,-999,151091395809984754,3578835000019726,214022515346701,0,16486948541651,15109,1,2038,90,0.792468924813409,3578835,49831,3,268513280,0,32,-999.0,-999.0,-999.0,-999.0,139.581009,35.91179434,0.024639999493956566,0.024639999493956566,,,,,55249.24679398,-999.0,-0.6166117820783765,0.5251302737599618,0.5865390914362966,130.76995266117223,19.223518872970683,188.04304386420782,44.30274529578885,-999,0,1,0,0,0,1,0,-999.0,-999.0,-999.0,-999.0,0,-999.0,-999.0,-999.0,-999.0,-999.0,0,-999.0,-999.0,-999.0,0,0,-999.0,-999.0,-999.0,-999.0,0,-999.0,-999.0,-999.0,-999.0,-999.0,0,-999.0,-999.0,-999.0,0,0,-999.0,-999.0,-999.0,-999.0,0,-999.0,-999.0,-999.0,-999.0,-999.0,0,-999.0,-999.0,-999.0,0,0,0.9992589950561523,18.154800415039062,0.019548000767827034,-999.0,1,18.154800415039062,18.154800415039062,18.55739974975586,0.04129200056195259,-999.0,1,18.414600372314453,0.019548000767827034,-999.0,1,24,-999.0,-999.0,-999.0,-999.0,0,-999.0,-999.0,-999.0,-999.0,-999.0,0,-999.0,-999.0,-999.0,0,0,0.012105742747503104
PSO J139.5813+35.9135,-999,-999,-999,151091395812786797,3578835000019784,214022515346759,0,16486948596140,15109,1,2038,90,0.144345419615829,3578835,49831,3,302067712,0,36,-999.0,-999.0,-999.0,-999.0,139.58130485,35.91350639,0.1823599934577942,0.1823599934577942,,,,,55250.28708333,-999.0,-0.6166011500766779,0.5251157260965466,0.5865632923480761,130.76961149855205,19.225217330022673,188.04068598183724,44.30312091869093,-999,0,1,0,0,1,0,0,-999.0,-999.0,-999.0,-999.0,0,-999.0,-999.0,-999.0,-999.0,-999.0,0,-999.0,-999.0,-999.0,0,0,-999.0,-999.0,-999.0,-999.0,0,-999.0,-999.0,-999.0,-999.0,-999.0,0,-999.0,-999.0,-999.0,0,0,0.9972280263900757,20.425500869750977,0.18174199759960175,-999.0,1,20.425500869750977,20.425500869750977,-999.0,-999.0,-999.0,1,20.40220069885254,0.18174199759960175,-999.0,1,272,-999.0,-999.0,-999.0,-999.0,0,-999.0,-999.0,-999.0,-999.0,-999.0,0,-999.0,-999.0,-999.0,0,0,-999.0,-999.0,-999.0,-999.0,0,-999.0,-999.0,-999.0,-999.0,-999.0,0,-999.0,-999.0,-999.0,0,0,0.01213798137536269
PSO J139.5816+35.9132,-999,-999,-999,151091395815546435,3578835000019852,214022515346827,0,16486948596154,15109,1,2038,90,0.0183321973479653,3578835,49831,3,268959744,0,32,-999.0,-999.0,-999.0,-999.0,139.58158045,35.91320274,0.5493500232696533,0.5493500232696533,,,,,56614.57135417,-999.0,-0.6166060426083613,0.5251147756626777,0.5865590001010909,130.76993854348459,19.22500131015826,188.04113383664495,44.30331916100307,-999,0,1,0,0,0,1,0,-999.0,-999.0,-999.0,-999.0,0,-999.0,-999.0,-999.0,-999.0,-999.0,0,-999.0,-999.0,-999.0,0,0,-999.0,-999.0,-999.0,-999.0,0,-999.0,-999.0,-999.0,-999.0,-999.0,0,-999.0,-999.0,-999.0,0,0,-999.0,-999.0,-999.0,-999.0,0,-999.0,-999.0,-999.0,-999.0,-999.0,0,-999.0,-999.0,-999.0,0,0,0.7836599946022034,22.594499588012695,-999.0,-999.0,1,22.594499588012695,22.594499588012695,-999.0,-999.0,-999.0,0,24.322399139404297,0.5491430163383484,-999.0,1,4120,-999.0,-999.0,-999.0,-999.0,0,-999.0,-999.0,-999.0,-999.0,-999.0,0,-999.0,-999.0,-999.0,0,0,0.011854198884833644
PSO J139.5816+35.9121,-999,-999,-999,151091395815975084,3578835000019860,214022515346835,0,16486948541630,15109,1,2038,90,0.403778164092245,3578835,49831,3,310456320,0,37,-999.0,-999.0,-999.0,-999.0,139.58162455,35.91207426,0.19115999341011047,0.19115999341011047,,,,,55248.30240741,-999.0,-0.6166152420747727,0.5251217913113704,0.5865430483187121,130.77035767785944,19.2239439003466,188.04270963843487,44.30326461367059,-999,0,1,0,1,0,0,0,-999.0,-999.0,-999.0,-999.0,0,-999.0,-999.0,-999.0,-999.0,-999.0,0,-999.0,-999.0,-999.0,0,0,0.04671499878168106,21.8794002532959,0.1905670017004013,-999.0,1,21.8794002532959,21.8794002532959,21.566999435424805,0.22225700318813324,-999.0,1,21.350900650024414,0.1905670017004013,-999.0,1,16777752,-999.0,-999.0,-999.0,-999.0,0,-999.0,-999.0,-999.0,-999.0,-999.0,0,-999.0,-999.0,-999.0,0,0,-999.0,-999.0,-999.0,-999.0,0,-999.0,-999.0,-999.0,-999.0,-999.0,0,-999.0,-999.0,-999.0,0,0,-999.0,-999.0,-999.0,-999.0,0,-999.0,-999.0,-999.0,-999.0,-999.0,0,-999.0,-999.0,-999.0,0,0,0.011637631475167748
PSO J139.5816+35.9118,-999,-999,-999,151091395816254715,3578835000019864,214022515346839,0,16486948541639,15109,1,2038,90,0.851653207886641,3578835,49831,3,268959744,0,32,-999.0,-999.0,-999.0,-999.0,139.5816477,35.91176577,0.20239000022411346,0.20239000022411346,,,,,55248.2978588,-999.0,-0.6166178585546637,0.5251235897264078,0.5865386875767975,130.77048126846768,19.223657720445,188.04314141450357,44.30325865552634,-999,0,1,0,1,0,0,0,-999.0,-999.0,-999.0,-999.0,0,-999.0,-999.0,-999.0,-999.0,-999.0,0,-999.0,-999.0,-999.0,0,0,0.352649986743927,21.79199981689453,0.20183199644088745,-999.0,1,21.79199981689453,21.79199981689453,-999.0,-999.0,-999.0,0,21.86750030517578,0.20183199644088745,-999.0,1,4120,-999.0,-999.0,-999.0,-999.0,0,-999.0,-999.0,-999.0,-999.0,-999.0,0,-999.0,-999.0,-999.0,0,0,-999.0,-999.0,-999.0,-999.0,0,-999.0,-999.0,-999.0,-999.0,-999.0,0,-999.0,-999.0,-999.0,0,0,-999.0,-999.0,-999.0,-999.0,0,-999.0,-999.0,-999.0,-999.0,-999.0,0,-999.0,-999.0,-999.0,0,0,0.011587920029329409
PSO J139.5817+35.9153,-999,-999,-999,151091395817118969,3578835000019890,214022515346865,0,16486948597238,15109,1,2038,90,0.400203810446154,3578835,49831,3,268959744,0,32,-999.0,-999.0,-999.0,-999.0,139.58173166,35.91531119,0.3923400044441223,0.3923400044441223,,,,,56678.54153935,-999.0,-0.6165909946703165,0.5250991530937984,0.5865888037728348,130.76934520710458,19.227037651329685,188.03821071118836,44.303609612099685,-999,0,1,0,1,0,0,0,-999.0,-999.0,-999.0,-999.0,0,-999.0,-999.0,-999.0,-999.0,-999.0,0,-999.0,-999.0,-999.0,0,0,0.5828379988670349,22.550800323486328,0.39205801486968994,-999.0,1,22.550800323486328,22.550800323486328,-999.0,-999.0,-999.0,0,23.27389907836914,0.39205801486968994,-999.0,1,4120,-999.0,-999.0,-999.0,-999.0,0,-999.0,-999.0,-999.0,-999.0,-999.0,0,-999.0,-999.0,-999.0,0,0,-999.0,-999.0,-999.0,-999.0,0,-999.0,-999.0,-999.0,-999.0,-999.0,0,-999.0,-999.0,-999.0,0,0,-999.0,-999.0,-999.0,-999.0,0,-999.0,-999.0,-999.0,-999.0,-999.0,0,-999.0,-999.0,-999.0,0,0,0.012348334123779333
PSO J139.5818+35.9115,-999,-999,-999,151091395817744366,3578835000019899,214022515346874,0,16486948541643,15109,1,2038,90,0.327007022059529,3578835,49831,3,268513280,0,32,-999.0,-999.0,-999.0,-999.0,139.58178515,35.91147064,0.022019999101758003,0.022019999101758003,,,,,55249.24679398,-999.0,-0.6166214184714278,0.5251240693462677,0.5865345156727784,130.77069318260598,19.22341388548226,188.04356491817512,44.30334604177345,-999,0,1,0,0,0,1,0,-999.0,-999.0,-999.0,-999.0,0,-999.0,-999.0,-999.0,-999.0,-999.0,0,-999.0,-999.0,-999.0,0,0,-999.0,-999.0,-999.0,-999.0,0,-999.0,-999.0,-999.0,-999.0,-999.0,0,-999.0,-999.0,-999.0,0,0,-999.0,-999.0,-999.0,-999.0,0,-999.0,-999.0,-999.0,-999.0,-999.0,0,-999.0,-999.0,-999.0,0,0,0.9978920221328735,17.915800094604492,0.016123000532388687,-999.0,1,17.915800094604492,17.915800094604492,18.361400604248047,0.03520699962973595,-999.0,1,18.15559959411621,0.016123000532388687,-999.0,1,24,-999.0,-999.0,-999.0,-999.0,0,-999.0,-999.0,-999.0,-999.0,-999.0,0,-999.0,-999.0,-999.0,0,0,0.011454702085005592
PSO J139.5819+35.9134,-999,-999,-999,151091395818066759,3578835000019905,214022515346880,0,16486948596122,15109,1,2038,90,0.032769137092651,3578835,49831,3,277348352,0,33,-999.0,-999.0,-999.0,-999.0,139.58188754,35.91340084,0.17976999282836914,0.17976999282836914,,,,,55903.57219907,-999.0,-0.6166073130660794,0.5251101559168521,0.5865618003470813,130.7701207432274,19.225268714053612,188.04088566909337,44.303582903281985,-999,0,1,0,0,0,0,1,-999.0,-999.0,-999.0,-999.0,0,-999.0,-999.0,-999.0,-999.0,-999.0,0,-999.0,-999.0,-999.0,0,0,-999.0,-999.0,-999.0,-999.0,0,-999.0,-999.0,-999.0,-999.0,-999.0,0,-999.0,-999.0,-999.0,0,0,-999.0,-999.0,-999.0,-999.0,0,-999.0,-999.0,-999.0,-999.0,-999.0,0,-999.0,-999.0,-999.0,0,0,-999.0,-999.0,-999.0,-999.0,0,-999.0,-999.0,-999.0,-999.0,-999.0,0,-999.0,-999.0,-999.0,0,0,0.8424379825592041,20.02440071105957,0.1791449934244156,-999.0,1,20.02440071105957,20.02440071105957,-999.0,-999.0,-999.0,0,19.04400062561035,0.1791449934244156,-999.0,1,16781336,0.011654419154467917
PSO J139.5820+35.9155,-999,-999,-999,151091395819859188,3578835000019945,214022515346920,0,16486948597101,15109,1,2038,90,0.374974776408612,3578835,49831,3,268959744,0,32,-999.0,-999.0,-999.0,-999.0,139.5820013,35.91549318,0.36559000611305237,0.36559000611305237,,,,,55248.26421296,-999.0,-0.6165920473164425,0.5250950433224767,0.5865913762273397,130.7695024484046,19.227280067199583,188.03798158376102,44.30384182172954,-999,0,1,0,0,0,1,0,-999.0,-999.0,-999.0,-999.0,0,-999.0,-999.0,-999.0,-999.0,-999.0,0,-999.0,-999.0,-999.0,0,0,-999.0,-999.0,-999.0,-999.0,0,-999.0,-999.0,-999.0,-999.0,-999.0,0,-999.0,-999.0,-999.0,0,0,-999.0,-999.0,-999.0,-999.0,0,-999.0,-999.0,-999.0,-999.0,-999.0,0,-999.0,-999.0,-999.0,0,0,0.6571670174598694,21.51140022277832,0.3652789890766144,-999.0,1,21.51140022277832,21.51140022277832,-999.0,-999.0,-999.0,1,22.736900329589844,0.3652789890766144,-999.0,1,4120,-999.0,-999.0,-999.0,-999.0,0,-999.0,-999.0,-999.0,-999.0,-999.0,0,-999.0,-999.0,-999.0,0,0,0.012215159781552675
PSO J139.5824+35.9115,-999,-999,-999,151091395823584420,3578835000020020,214022515346995,0,16486948542374,15109,1,2038,90,0.130982310633159,3578835,49831,3,268959744,0,32,-999.0,-999.0,-999.0,-999.0,139.58238001,35.91152213,0.17449000477790833,0.17449000477790833,,,,,55248.28315972,-999.0,-0.6166264691129807,0.5251173256423493,0.5865352435271771,130.77115898017985,19.223617177978927,188.04354699102942,44.303830406872365,-999,0,1,0,0,1,0,0,-999.0,-999.0,-999.0,-999.0,0,-999.0,-999.0,-999.0,-999.0,-999.0,0,-999.0,-999.0,-999.0,0,0,-999.0,-999.0,-999.0,-999.0,0,-999.0,-999.0,-999.0,-999.0,-999.0,0,-999.0,-999.0,-999.0,0,0,0.7822819948196411,21.170700073242188,0.17384399473667145,-999.0,1,21.170700073242188,21.170700073242188,-999.0,-999.0,-999.0,0,20.802400588989258,0.17384399473667145,-999.0,1,4120,-999.0,-999.0,-999.0,-999.0,0,-999.0,-999.0,-999.0,-999.0,-999.0,0,-999.0,-999.0,-999.0,0,0,-999.0,-999.0,-999.0,-999.0,0,-999.0,-999.0,-999.0,-999.0,-999.0,0,-999.0,-999.0,-999.0,0,0,0.010977402579212977
PSO J139.5825+35.9112,-999,-999,-999,151091395824694074,3578835000020045,214022515347020,0,16486948541508,15109,1,2038,90,0.941662778092234,3578835,49831,3,268959744,0,32,-999.0,-999.0,-999.0,-999.0,139.58246971,35.91122501,-999.0,-999.0,,,,,-999.0,-999.0,-0.6166296069052101,0.5251183323045518,0.5865310434798933,130.77133277748436,19.22335905518693,188.0439689523897,44.30387908487993,-999,0,1,0,0,0,1,0,-999.0,-999.0,-999.0,-999.0,0,-999.0,-999.0,-999.0,-999.0,-999.0,0,-999.0,-999.0,-999.0,0,0,-999.0,-999.0,-999.0,-999.0,0,-999.0,-999.0,-999.0,-999.0,-999.0,0,-999.0,-999.0,-999.0,0,0,-999.0,-999.0,-999.0,-999.0,0,-999.0,-999.0,-999.0,-999.0,-999.0,0,-999.0,-999.0,-999.0,0,0,-999.0,-999.0,-999.0,-999.0,0,-999.0,-999.0,20.2106990814209,0.18673500418663025,-999.0,1,-999.0,-999.0,-999.0,0,24,-999.0,-999.0,-999.0,-999.0,0,-999.0,-999.0,-999.0,-999.0,-999.0,0,-999.0,-999.0,-999.0,0,0,0.010887950327674858
PSO J139.5767+35.8915,-999,-999,-999,151071395766650392,3578835000018643,214022515345618,0,16486949116636,15107,1,2038,90,0.143821768596602,3578835,49831,3,268959744,0,32,-999.0,-999.0,-999.0,-999.0,139.57667596,35.89149971,0.22115999460220337,0.22115999460220337,,,,,55249.28141204,-999.0,-0.6167301882433911,0.5253115868585931,0.5862521740866965,130.77332424738418,19.20317053921844,188.0709166551354,44.29762115134719,-999,0,1,0,0,1,0,0,-999.0,-999.0,-999.0,-999.0,0,-999.0,-999.0,-999.0,-999.0,-999.0,0,-999.0,-999.0,-999.0,0,0,-999.0,-999.0,-999.0,-999.0,0,-999.0,-999.0,-999.0,-999.0,-999.0,0,-999.0,-999.0,-999.0,0,0,0.6093170046806335,20.529399871826172,0.2206529974937439,-999.0,1,20.529399871826172,20.529399871826172,-999.0,-999.0,-999.0,0,-999.0,-999.0,-999.0,0,4120,-999.0,-999.0,-999.0,-999.0,0,-999.0,-999.0,-999.0,-999.0,-999.0,0,-999.0,-999.0,-999.0,0,0,-999.0,-999.0,-999.0,-999.0,0,-999.0,-999.0,-999.0,-999.0,-999.0,0,-999.0,-999.0,-999.0,0,0,0.024760097922478963
PSO J139.5765+35.8942,-999,-999,-999,151071395766843504,3578835000018652,214022515345627,0,16486949122758,15107,1,2038,90,0.0111720571398475,3578835,49831,3,302067712,0,36,-999.0,-999.0,-999.0,-999.0,139.57649616,35.89418246,0.1876700073480606,0.1876700073480606,,,,,56795.24583333,-999.0,-0.6167076421713402,0.5252957221900598,0.5862901059512173,130.7722672018158,19.20566491624391,188.06716409754588,44.29769129944794,-999,0,2,0,0,0,1,1,-999.0,-999.0,-999.0,-999.0,0,-999.0,-999.0,-999.0,-999.0,-999.0,0,-999.0,-999.0,-999.0,0,0,-999.0,-999.0,-999.0,-999.0,0,-999.0,-999.0,-999.0,-999.0,-999.0,0,-999.0,-999.0,-999.0,0,0,-999.0,-999.0,-999.0,-999.0,0,-999.0,-999.0,-999.0,-999.0,-999.0,0,-999.0,-999.0,-999.0,0,0,0.57293301820755,21.281099319458008,0.3162919878959656,-999.0,1,21.281099319458008,21.281099319458008,-999.0,-999.0,-999.0,0,22.330799102783203,0.3162919878959656,-999.0,1,4120,0.9226719737052917,20.47170066833496,0.18707099556922913,-999.0,1,20.47170066833496,20.47170066833496,20.04050064086914,0.18689799308776855,-999.0,1,20.08609962463379,0.18707099556922913,-999.0,1,280,0.02283683294415453
PSO J139.5768+35.8965,-999,-999,-999,151071395767266435,3578835000018661,214022515345636,0,16486949120833,15107,1,2038,90,0.869385559921512,3578835,49831,3,302067712,0,36,-999.0,-999.0,-999.0,-999.0,139.57675266,35.89653179,0.2242400050163269,0.2242400050163269,,,,,55250.33664352,-999.0,-0.6166916922383281,0.5252773726741721,0.586323322477237,130.7716778610909,19.20795681381353,188.06391549041604,44.29808689083489,-999,0,1,1,0,0,0,0,0.8694909811019897,21.368600845336914,0.22373700141906738,-999.0,1,21.368600845336914,21.368600845336914,21.52039909362793,0.32048800587654114,-999.0,1,21.101699829101562,0.22373700141906738,-999.0,1,280,-999.0,-999.0,-999.0,-999.0,0,-999.0,-999.0,-999.0,-999.0,-999.0,0,-999.0,-999.0,-999.0,0,0,-999.0,-999.0,-999.0,-999.0,0,-999.0,-999.0,-999.0,-999.0,-999.0,0,-999.0,-999.0,-999.0,0,0,-999.0,-999.0,-999.0,-999.0,0,-999.0,-999.0,-999.0,-999.0,-999.0,0,-999.0,-999.0,-999.0,0,0,-999.0,-999.0,-999.0,-999.0,0,-999.0,-999.0,-999.0,-999.0,-999.0,0,-999.0,-999.0,-999.0,0,0,0.021040434555058947
PSO J139.5772+35.8926,-999,-999,-999,151071395771961727,3578835000018772,214022515345747,0,16486949116964,15107,1,2038,90,0.0371717065918927,3578835,49831,3,268959744,0,32,-999.0,-999.0,-999.0,-999.0,139.57721457,35.89258864,0.34488001465797424,0.34488001465797424,,,,,55250.25818287,-999.0,-0.616726644144878,0.5252985644542172,0.5862675708105776,130.77339214588534,19.20434188462458,188.06944905690065,44.29814349992883,-999,0,1,0,0,0,1,0,-999.0,-999.0,-999.0,-999.0,0,-999.0,-999.0,-999.0,-999.0,-999.0,0,-999.0,-999.0,-999.0,0,0,-999.0,-999.0,-999.0,-999.0,0,-999.0,-999.0,-999.0,-999.0,-999.0,0,-999.0,-999.0,-999.0,0,0,-999.0,-999.0,-999.0,-999.0,0,-999.0,-999.0,-999.0,-999.0,-999.0,0,-999.0,-999.0,-999.0,0,0,0.6061840057373047,20.819400787353516,0.3445580005645752,-999.0,1,20.819400787353516,20.819400787353516,20.480600357055664,0.29592299461364746,-999.0,1,20.657899856567383,0.3445580005645752,-999.0,1,4120,-999.0,-999.0,-999.0,-999.0,0,-999.0,-999.0,-999.0,-999.0,-999.0,0,-999.0,-999.0,-999.0,0,0,0.0236415546971375
PSO J139.5773+35.8971,-999,-999,-999,151071395773047095,3578835000018807,214022515345782,0,16486949120850,15107,1,2038,90,0.295924410499562,3578835,49831,3,268959744,0,32,-999.0,-999.0,-999.0,-999.0,139.57732399,35.89708825,0.28641000390052795,0.28641000390052795,,,,,55250.26778935,-999.0,-0.6166925949810625,0.525267530852468,0.5863311899666217,130.7719531229367,19.208632300489942,188.06319236329244,44.29859284570438,-999,0,1,0,0,0,0,1,-999.0,-999.0,-999.0,-999.0,0,-999.0,-999.0,-999.0,-999.0,-999.0,0,-999.0,-999.0,-999.0,0,0,-999.0,-999.0,-999.0,-999.0,0,-999.0,-999.0,-999.0,-999.0,-999.0,0,-999.0,-999.0,-999.0,0,0,-999.0,-999.0,-999.0,-999.0,0,-999.0,-999.0,-999.0,-999.0,-999.0,0,-999.0,-999.0,-999.0,0,0,-999.0,-999.0,-999.0,-999.0,0,-999.0,-999.0,-999.0,-999.0,-999.0,0,-999.0,-999.0,-999.0,0,0,0.7142059803009033,19.55780029296875,0.2860189974308014,-999.0,1,19.55780029296875,19.55780029296875,-999.0,-999.0,-999.0,1,20.168800354003906,0.2860189974308014,-999.0,1,4112,0.020323471070192237
PSO J139.5780+35.8915,-999,-999,-999,151071395779780386,3578835000018961,214022515345936,0,16486949117020,15107,1,2038,90,0.0660311608258925,3578835,49831,3,268959744,0,32,-999.0,-999.0,-999.0,-999.0,139.57804732,35.89149495,0.15345999598503113,0.15345999598503113,,,,,55249.26310185,-999.0,-0.6167427983450017,0.5252968570075022,0.586252106783094,130.77444017819354,19.20352228042456,188.0710479044927,44.29872816112254,-999,0,2,0,0,0,0,2,-999.0,-999.0,-999.0,-999.0,0,-999.0,-999.0,-999.0,-999.0,-999.0,0,-999.0,-999.0,-999.0,0,0,-999.0,-999.0,-999.0,-999.0,0,-999.0,-999.0,-999.0,-999.0,-999.0,0,-999.0,-999.0,-999.0,0,0,-999.0,-999.0,-999.0,-999.0,0,-999.0,-999.0,-999.0,-999.0,-999.0,0,-999.0,-999.0,-999.0,0,0,-999.0,-999.0,-999.0,-999.0,0,-999.0,-999.0,-999.0,-999.0,-999.0,0,-999.0,-999.0,-999.0,0,0,0.7621189951896667,19.275299072265625,0.16749900579452515,0.238087996840477,2,19.124799728393555,19.459800720214844,-999.0,-999.0,-999.0,0,20.153099060058594,0.3801429867744446,0.5463770031929016,2,4112,0.02408077062097415
PSO J139.5782+35.8962,-999,-999,-999,151071395781766058,3578835000019015,214022515345990,0,16486949122067,15107,1,2038,90,0.392492861852509,3578835,49831,3,268959744,0,32,-999.0,-999.0,-999.0,-999.0,139.57819098,35.89620613,0.2711400091648102,0.2711400091648102,,,,,55248.33767361,-999.0,-0.6167074153478876,0.5252640522989885,0.5863187181195681,130.77295712842997,19.20802198469509,188.06449960418698,44.29922217248349,-999,0,1,1,0,0,0,0,0.7146880030632019,22.156200408935547,0.27072200179100037,-999.0,1,22.156200408935547,22.156200408935547,-999.0,-999.0,-999.0,1,22.33970069885254,0.27072200179100037,-999.0,1,4120,-999.0,-999.0,-999.0,-999.0,0,-999.0,-999.0,-999.0,-999.0,-999.0,0,-999.0,-999.0,-999.0,0,0,-999.0,-999.0,-999.0,-999.0,0,-999.0,-999.0,-999.0,-999.0,-999.0,0,-999.0,-999.0,-999.0,0,0,-999.0,-999.0,-999.0,-999.0,0,-999.0,-999.0,-999.0,-999.0,-999.0,0,-999.0,-999.0,-999.0,0,0,-999.0,-999.0,-999.0,-999.0,0,-999.0,-999.0,-999.0,-999.0,-999.0,0,-999.0,-999.0,-999.0,0,0,0.02042758777180509
PSO J139.5806+35.8952,-999,-999,-999,151071395805954886,3578835000019593,214022515346568,0,16486949071048,15107,1,2038,90,0.62065816542195,3578835,49831,3,302067712,0,36,-999.0,-999.0,-999.0,-999.0,139.58062898,35.89523791,0.2273399978876114,0.2273399978876114,,,,,55249.29138889,-999.0,-0.6167373084147919,0.5252442342632679,0.5863050287883187,130.77526688361002,19.207738242269567,188.0660693905012,44.30111315582527,-999,0,1,0,0,1,0,0,-999.0,-999.0,-999.0,-999.0,0,-999.0,-999.0,-999.0,-999.0,-999.0,0,-999.0,-999.0,-999.0,0,0,-999.0,-999.0,-999.0,-999.0,0,-999.0,-999.0,-999.0,-999.0,-999.0,0,-999.0,-999.0,-999.0,0,0,0.8893210291862488,21.149900436401367,0.226842001080513,-999.0,1,21.149900436401367,21.149900436401367,-999.0,-999.0,-999.0,0,21.527599334716797,0.226842001080513,-999.0,1,280,-999.0,-999.0,-999.0,-999.0,0,-999.0,-999.0,-999.0,-999.0,-999.0,0,-999.0,-999.0,-999.0,0,0,-999.0,-999.0,-999.0,-999.0,0,-999.0,-999.0,-999.0,-999.0,-999.0,0,-999.0,-999.0,-999.0,0,0,0.019840218424809892
PSO J139.5815+35.8984,-999,-999,-999,151071395814748732,3578835000019822,214022515346797,0,16486949073514,15107,1,2038,90,0.0548061496157256,3578835,49831,3,268959744,0,32,-999.0,-999.0,-999.0,-999.0,139.58150654,35.89843873,0.2305999994277954,0.2305999994277954,,,,,55249.29138889,-999.0,-0.6167204157327723,0.5252135507752244,0.5863502834487908,130.77489292476417,19.210997982272715,188.0616909454218,44.30207833058841,-999,0,1,0,0,1,0,0,-999.0,-999.0,-999.0,-999.0,0,-999.0,-999.0,-999.0,-999.0,-999.0,0,-999.0,-999.0,-999.0,0,0,-999.0,-999.0,-999.0,-999.0,0,-999.0,-999.0,-999.0,-999.0,-999.0,0,-999.0,-999.0,-999.0,0,0,0.76978999376297,21.059799194335938,0.23011299967765808,-999.0,1,21.059799194335938,21.059799194335938,-999.0,-999.0,-999.0,0,21.40559959411621,0.23011299967765808,-999.0,1,4120,-999.0,-999.0,-999.0,-999.0,0,-999.0,-999.0,-999.0,-999.0,-999.0,0,-999.0,-999.0,-999.0,0,0,-999.0,-999.0,-999.0,-999.0,0,-999.0,-999.0,-999.0,-999.0,-999.0,0,-999.0,-999.0,-999.0,0,0,0.016955556836076347
PSO J139.5822+35.8943,-999,-999,-999,151071395821493712,3578835000019965,214022515346940,0,16486949071662,15107,1,2038,90,0.971200856353343,3578835,49831,3,268513280,0,32,-999.0,-999.0,-999.0,-999.0,139.58217966,35.89426247,0.043480001389980316,0.043480001389980316,,,,,56759.28498843,-999.0,-0.6167591229397696,0.5252340139835342,0.5862912372066554,130.77685812846698,19.207217172204203,188.06756872885532,44.302287087379256,-999,0,1,0,0,1,0,0,-999.0,-999.0,-999.0,-999.0,0,-999.0,-999.0,-999.0,-999.0,-999.0,0,-999.0,-999.0,-999.0,0,0,-999.0,-999.0,-999.0,-999.0,0,-999.0,-999.0,-999.0,-999.0,-999.0,0,-999.0,-999.0,-999.0,0,0,0.9996740221977234,18.59749984741211,0.040807001292705536,-999.0,1,18.59749984741211,18.59749984741211,19.219999313354492,0.10423500090837479,-999.0,1,19.061100006103516,0.040807001292705536,-999.0,1,16,-999.0,-999.0,-999.0,-999.0,0,-999.0,-999.0,-999.0,-999.0,-999.0,0,-999.0,-999.0,-999.0,0,0,-999.0,-999.0,-999.0,-999.0,0,-999.0,-999.0,-999.0,-999.0,-999.0,0,-999.0,-999.0,-999.0,0,0,0.019883481966609495
PSO J139.5828+35.8956,-999,-999,-999,151071395827565278,3578835000020106,214022515347081,0,16486949071444,15107,1,2038,90,0.0481481440813729,3578835,49831,3,268959744,0,32,-999.0,-999.0,-999.0,-999.0,139.58278317,35.89556441,0.35947999358177185,0.35947999358177185,,,,,56759.28498843,-999.0,-0.6167545122545496,0.5252188798027215,0.5863096450787988,130.77690636286422,19.208607134755436,188.0658101465575,44.30287880059851,-999,0,1,0,0,1,0,0,-999.0,-999.0,-999.0,-999.0,0,-999.0,-999.0,-999.0,-999.0,-999.0,0,-999.0,-999.0,-999.0,0,0,-999.0,-999.0,-999.0,-999.0,0,-999.0,-999.0,-999.0,-999.0,-999.0,0,-999.0,-999.0,-999.0,0,0,0.6986389756202698,20.758499145507812,0.3591670095920563,-999.0,1,20.758499145507812,20.758499145507812,-999.0,-999.0,-999.0,0,20.783899307250977,0.3591670095920563,-999.0,1,4112,-999.0,-999.0,-999.0,-999.0,0,-999.0,-999.0,-999.0,-999.0,-999.0,0,-999.0,-999.0,-999.0,0,0,-999.0,-999.0,-999.0,-999.0,0,-999.0,-999.0,-999.0,-999.0,-999.0,0,-999.0,-999.0,-999.0,0,0,0.018533417203137913
PSO J139.5829+35.8960,-999,-999,-999,151071395828805737,3578835000020139,214022515347114,0,16486949071470,15107,1,2038,90,0.178386029953497,3578835,49831,3,268959744,0,32,-999.0,-999.0,-999.0,-999.0,139.58289734,35.89595172,0.30847999453544617,0.30847999453544617,,,,,55248.32493056,-999.0,-0.6167525413318931,0.5252150811875649,0.5863151211198557,130.77686759655393,19.209003648071057,188.06528105260176,44.30300203750612,-999,0,1,1,0,0,0,0,0.7331069707870483,22.334999084472656,0.30811798572540283,-999.0,1,22.334999084472656,22.334999084472656,-999.0,-999.0,-999.0,0,21.808900833129883,0.30811798572540283,-999.0,1,4120,-999.0,-999.0,-999.0,-999.0,0,-999.0,-999.0,-999.0,-999.0,-999.0,0,-999.0,-999.0,-999.0,0,0,-999.0,-999.0,-999.0,-999.0,0,-999.0,-999.0,-999.0,-999.0,-999.0,0,-999.0,-999.0,-999.0,0,0,-999.0,-999.0,-999.0,-999.0,0,-999.0,-999.0,-999.0,-999.0,-999.0,0,-999.0,-999.0,-999.0,0,0,-999.0,-999.0,-999.0,-999.0,0,-999.0,-999.0,-999.0,-999.0,-999.0,0,-999.0,-999.0,-999.0,0,0,0.018163627989141205
PSO J139.5829+35.8993,-999,-999,-999,151071395829099761,3578835000020153,214022515347128,0,16486949076275,15107,1,2038,90,0.661066013072679,3578835,49831,3,268959744,0,32,-999.0,-999.0,-999.0,-999.0,139.58294587,35.89929533,0.24458999931812286,0.24458999931812286,,,,,55249.27530093,-999.0,-0.6167269352596438,0.5251923743367216,0.5863623941418855,130.77577148754216,19.21218325459341,188.06062837486323,44.30330914243118,-999,0,1,0,0,0,0,1,-999.0,-999.0,-999.0,-999.0,0,-999.0,-999.0,-999.0,-999.0,-999.0,0,-999.0,-999.0,-999.0,0,0,-999.0,-999.0,-999.0,-999.0,0,-999.0,-999.0,-999.0,-999.0,-999.0,0,-999.0,-999.0,-999.0,0,0,-999.0,-999.0,-999.0,-999.0,0,-999.0,-999.0,-999.0,-999.0,-999.0,0,-999.0,-999.0,-999.0,0,0,-999.0,-999.0,-999.0,-999.0,0,-999.0,-999.0,-999.0,-999.0,-999.0,0,-999.0,-999.0,-999.0,0,0,0.7745910286903381,19.69059944152832,0.24413199722766876,-999.0,1,19.69059944152832,19.69059944152832,-999.0,-999.0,-999.0,0,20.078899383544922,0.24413199722766876,-999.0,1,4112,0.015534046849088037
PSO J139.5840+35.8946,-999,-999,-999,151071395839414091,3578835000020381,214022515347356,0,16486949071985,15107,1,2038,90,0.238975757024228,3578835,49831,3,268959744,0,32,-999.0,-999.0,-999.0,-999.0,139.58396189,35.89457319,0.322299987077713,0.322299987077713,,,,,55248.27152778,-999.0,-0.6167730397062722,0.5252127675668103,0.58629563044278,130.77820074418153,19.20797449957179,188.0672977118583,44.30375113512482,-999,0,1,0,0,0,1,0,-999.0,-999.0,-999.0,-999.0,0,-999.0,-999.0,-999.0,-999.0,-999.0,0,-999.0,-999.0,-999.0,0,0,-999.0,-999.0,-999.0,-999.0,0,-999.0,-999.0,-999.0,-999.0,-999.0,0,-999.0,-999.0,-999.0,0,0,-999.0,-999.0,-999.0,-999.0,0,-999.0,-999.0,-999.0,-999.0,-999.0,0,-999.0,-999.0,-999.0,0,0,0.5638070106506348,21.3125,0.3219510018825531,-999.0,1,21.3125,21.3125,-999.0,-999.0,-999.0,0,22.77549934387207,0.3219510018825531,-999.0,1,4120,-999.0,-999.0,-999.0,-999.0,0,-999.0,-999.0,-999.0,-999.0,-999.0,0,-999.0,-999.0,-999.0,0,0,0.018846720491403617
PSO J139.5843+35.8929,-999,-999,-999,151071395842972056,3578835000020471,214022515347446,0,16486949072694,15107,1,2038,90,0.138545150997625,3578835,49831,3,268513280,0,32,-999.0,-999.0,-999.0,-999.0,139.5843159,35.89288491,0.01752999983727932,0.01752999983727932,,,,,55972.48399306,-999.0,-0.6167894376554884,0.525220156909473,0.586271759828678,130.77906174608046,19.206467367947702,188.06968134732645,44.30390162515278,-999,0,1,0,1,0,0,0,-999.0,-999.0,-999.0,-999.0,0,-999.0,-999.0,-999.0,-999.0,-999.0,0,-999.0,-999.0,-999.0,0,0,0.9979940056800842,18.316699981689453,0.009080000221729279,-999.0,1,18.316699981689453,18.316699981689453,19.202699661254883,0.02898400090634823,-999.0,1,19.072500228881836,0.009080000221729279,-999.0,1,16,-999.0,-999.0,-999.0,-999.0,0,-999.0,-999.0,-999.0,-999.0,-999.0,0,-999.0,-999.0,-999.0,0,0,-999.0,-999.0,-999.0,-999.0,0,-999.0,-999.0,-999.0,-999.0,-999.0,0,-999.0,-999.0,-999.0,0,0,-999.0,-999.0,-999.0,-999.0,0,-999.0,-999.0,-999.0,-999.0,-999.0,0,-999.0,-999.0,-999.0,0,0,0.02017943029923756
PSO J139.5851+35.8951,-999,-999,-999,151071395850444766,3578835000020628,214022515347603,0,16486949071907,15107,1,2038,90,0.202015863919645,3578835,49831,3,268513280,0,32,-999.0,-999.0,-999.0,-999.0,139.58507486,35.89513813,0.017740000039339066,0.017740000039339066,,,,,56042.25787037,-999.0,-0.6167788404034777,0.5251970387607516,0.5863036180235278,130.77891321443823,19.208798751558472,188.06661182624777,44.30469513043563,-999,0,1,0,0,0,1,0,-999.0,-999.0,-999.0,-999.0,0,-999.0,-999.0,-999.0,-999.0,-999.0,0,-999.0,-999.0,-999.0,0,0,-999.0,-999.0,-999.0,-999.0,0,-999.0,-999.0,-999.0,-999.0,-999.0,0,-999.0,-999.0,-999.0,0,0,-999.0,-999.0,-999.0,-999.0,0,-999.0,-999.0,-999.0,-999.0,-999.0,0,-999.0,-999.0,-999.0,0,0,0.900858998298645,17.559600830078125,0.009468999691307545,-999.0,1,17.559600830078125,17.559600830078125,18.33880043029785,0.02391500025987625,-999.0,1,18.27120018005371,0.009468999691307545,-999.0,1,24,-999.0,-999.0,-999.0,-999.0,0,-999.0,-999.0,-999.0,-999.0,-999.0,0,-999.0,-999.0,-999.0,0,0,0.017905777426522
PSO J139.5851+35.8969,-999,-999,-999,151071395850726949,3578835000020638,214022515347613,0,16486949076707,15107,1,2038,90,0.899226325470234,3578835,49831,3,268513280,0,32,-999.0,-999.0,-999.0,-999.0,139.58510196,35.89694618,0.016850000247359276,0.016850000247359276,,,,,56283.60864583,-999.0,-0.6167650019121419,0.525184751824057,0.5863291813203734,130.77832118001857,19.210518334919982,188.0640959105711,44.30486190234598,-999,0,1,1,0,0,0,0,0.9985179901123047,18.133100509643555,0.007672999985516071,-999.0,1,18.133100509643555,18.133100509643555,19.028099060058594,0.024495000019669533,-999.0,1,18.949399948120117,0.007672999985516071,-999.0,1,24,-999.0,-999.0,-999.0,-999.0,0,-999.0,-999.0,-999.0,-999.0,-999.0,0,-999.0,-999.0,-999.0,0,0,-999.0,-999.0,-999.0,-999.0,0,-999.0,-999.0,-999.0,-999.0,-999.0,0,-999.0,-999.0,-999.0,0,0,-999.0,-999.0,-999.0,-999.0,0,-999.0,-999.0,-999.0,-999.0,-999.0,0,-999.0,-999.0,-999.0,0,0,-999.0,-999.0,-999.0,-999.0,0,-999.0,-999.0,-999.0,-999.0,-999.0,0,-999.0,-999.0,-999.0,0,0,0.016341529968514647
PSO J139.5852+35.8956,-999,-999,-999,151071395851585339,3578835000020662,214022515347637,0,16486949070143,15107,1,2038,90,0.364071965556659,3578835,49831,3,302067712,0,36,-999.0,-999.0,-999.0,-999.0,139.58517818,35.89561124,0.17907999455928802,0.17907999455928802,,,,,55259.44689815,-999.0,-0.6167761014314963,0.5251927878235793,0.5863103071932657,130.77883648809086,19.20927371348166,188.06596222126885,44.30481647774247,-999,0,1,0,0,1,0,0,-999.0,-999.0,-999.0,-999.0,0,-999.0,-999.0,-999.0,-999.0,-999.0,0,-999.0,-999.0,-999.0,0,0,-999.0,-999.0,-999.0,-999.0,0,-999.0,-999.0,-999.0,-999.0,-999.0,0,-999.0,-999.0,-999.0,0,0,0.4319339990615845,20.968299865722656,0.17845399677753448,-999.0,1,20.968299865722656,20.968299865722656,21.016799926757812,0.2742860019207001,-999.0,1,21.023399353027344,0.17845399677753448,-999.0,1,536,-999.0,-999.0,-999.0,-999.0,0,-999.0,-999.0,-999.0,-999.0,-999.0,0,-999.0,-999.0,-999.0,0,0,-999.0,-999.0,-999.0,-999.0,0,-999.0,-999.0,-999.0,-999.0,-999.0,0,-999.0,-999.0,-999.0,0,0,0.01745300294020978
PSO J139.5853+35.8949,-999,-999,-999,151071395852324482,3578835000020680,214022515347655,0,16486949072018,15107,1,2038,90,0.208995918937955,3578835,49831,3,268959744,0,32,-999.0,-999.0,-999.0,-999.0,139.58526053,35.89490118,0.21133999526500702,0.21133999526500702,,,,,56759.28498843,-999.0,-0.6167823884155423,0.5251966120154656,0.58630026783884,130.77914455105636,19.20862255603834,188.0669587117966,44.30482606433082,-999,0,1,0,0,1,0,0,-999.0,-999.0,-999.0,-999.0,0,-999.0,-999.0,-999.0,-999.0,-999.0,0,-999.0,-999.0,-999.0,0,0,-999.0,-999.0,-999.0,-999.0,0,-999.0,-999.0,-999.0,-999.0,-999.0,0,-999.0,-999.0,-999.0,0,0,0.7406439781188965,20.264799118041992,0.21080900728702545,-999.0,1,20.264799118041992,20.264799118041992,-999.0,-999.0,-999.0,0,20.42840003967285,0.21080900728702545,-999.0,1,4112,-999.0,-999.0,-999.0,-999.0,0,-999.0,-999.0,-999.0,-999.0,-999.0,0,-999.0,-999.0,-999.0,0,0,-999.0,-999.0,-999.0,-999.0,0,-999.0,-999.0,-999.0,-999.0,-999.0,0,-999.0,-999.0,-999.0,0,0,0.018040422558357055
PSO J139.5855+35.8915,-999,-999,-999,151071395854430385,3578835000020732,214022515347707,0,16486949069253,15107,1,2038,90,0.783562146856973,3578835,49831,3,268513280,0,32,-999.0,-999.0,-999.0,-999.0,139.58546474,35.89148596,0.02563999965786934,0.02563999965786934,,,,,55249.26255787,-999.0,-0.6168108673035154,0.5252170697050552,0.5862519796697665,130.7804703341627,19.20544079081562,188.07173417789502,44.30471712745207,-999,0,1,0,0,0,0,1,-999.0,-999.0,-999.0,-999.0,0,-999.0,-999.0,-999.0,-999.0,-999.0,0,-999.0,-999.0,-999.0,0,0,-999.0,-999.0,-999.0,-999.0,0,-999.0,-999.0,-999.0,-999.0,-999.0,0,-999.0,-999.0,-999.0,0,0,-999.0,-999.0,-999.0,-999.0,0,-999.0,-999.0,-999.0,-999.0,-999.0,0,-999.0,-999.0,-999.0,0,0,-999.0,-999.0,-999.0,-999.0,0,-999.0,-999.0,-999.0,-999.0,-999.0,0,-999.0,-999.0,-999.0,0,0,0.9975950121879578,16.85770034790039,0.02078999951481819,-999.0,1,16.85770034790039,16.85770034790039,17.384700775146484,0.044613998383283615,-999.0,1,17.253999710083008,0.02078999951481819,-999.0,1,16,0.02103697562527889
PSO J139.5857+35.8918,-999,-999,-999,151071395856250708,3578835000020773,214022515347748,0,16486949069310,15107,1,2038,90,0.309896121090181,3578835,49831,3,277348352,0,33,-999.0,-999.0,-999.0,-999.0,139.58566436,35.89175866,0.20840999484062195,0.20840999484062195,,,,,55985.31829861,-999.0,-0.6168105727149691,0.5252131117470549,0.5862558354814111,130.7805399260852,19.205750950337087,188.07137246974017,44.304900196285935,-999,0,1,0,0,1,0,0,-999.0,-999.0,-999.0,-999.0,0,-999.0,-999.0,-999.0,-999.0,-999.0,0,-999.0,-999.0,-999.0,0,0,-999.0,-999.0,-999.0,-999.0,0,-999.0,-999.0,-999.0,-999.0,-999.0,0,-999.0,-999.0,-999.0,0,0,0.7805299758911133,21.550800323486328,0.20786799490451813,-999.0,1,21.550800323486328,21.550800323486328,-999.0,-999.0,-999.0,0,20.85140037536621,0.20786799490451813,-999.0,1,16781328,-999.0,-999.0,-999.0,-999.0,0,-999.0,-999.0,-999.0,-999.0,-999.0,0,-999.0,-999.0,-999.0,0,0,-999.0,-999.0,-999.0,-999.0,0,-999.0,-999.0,-999.0,-999.0,-999.0,0,-999.0,-999.0,-999.0,0,0,0.020722316010869872
PSO J139.5861+35.8922,-999,-999,-999,151071395861121263,3578835000020892,214022515347867,0,16486949069081,15107,1,2038,90,0.584947402202475,3578835,49831,3,268513280,0,32,-999.0,-999.0,-999.0,-999.0,139.58613383,35.89220535,0.05745000019669533,0.05745000019669533,,,,,56759.31069444,-999.0,-0.6168113962148263,0.5252050945702408,0.5862621513768231,130.78076969601602,19.20629602007841,188.0707929108564,44.305315123229704,-999,0,1,0,0,1,0,0,-999.0,-999.0,-999.0,-999.0,0,-999.0,-999.0,-999.0,-999.0,-999.0,0,-999.0,-999.0,-999.0,0,0,-999.0,-999.0,-999.0,-999.0,0,-999.0,-999.0,-999.0,-999.0,-999.0,0,-999.0,-999.0,-999.0,0,0,0.9974820017814636,15.498600006103516,0.05545999854803085,-999.0,1,15.498600006103516,15.498600006103516,16.45159912109375,0.18582400679588318,-999.0,1,16.525299072265625,0.05545999854803085,-999.0,1,16,-999.0,-999.0,-999.0,-999.0,0,-999.0,-999.0,-999.0,-999.0,-999.0,0,-999.0,-999.0,-999.0,0,0,-999.0,-999.0,-999.0,-999.0,0,-999.0,-999.0,-999.0,-999.0,-999.0,0,-999.0,-999.0,-999.0,0,0,0.02016149040826777
PSO J139.5862+35.8914,-999,-999,-999,151071395861660312,3578835000020905,214022515347880,0,16486949069265,15107,1,2038,90,0.354787105093512,3578835,49831,3,310456320,0,37,-999.0,-999.0,-999.0,-999.0,139.58619089,35.89142744,0.14478999376296997,0.14478999376296997,,,,,55985.30634259,-999.0,-0.6168179796006447,0.5252096405715341,0.5862511522309348,130.78108024835532,19.205574026422866,188.07188162104333,44.305298813718366,-999,0,1,0,0,1,0,0,-999.0,-999.0,-999.0,-999.0,0,-999.0,-999.0,-999.0,-999.0,-999.0,0,-999.0,-999.0,-999.0,0,0,-999.0,-999.0,-999.0,-999.0,0,-999.0,-999.0,-999.0,-999.0,-999.0,0,-999.0,-999.0,-999.0,0,0,0.9721230268478394,21.431100845336914,0.14401300251483917,-999.0,1,21.431100845336914,21.431100845336914,20.772499084472656,0.14844900369644165,-999.0,1,20.747699737548828,0.14401300251483917,-999.0,1,16777488,-999.0,-999.0,-999.0,-999.0,0,-999.0,-999.0,-999.0,-999.0,-999.0,0,-999.0,-999.0,-999.0,0,0,-999.0,-999.0,-999.0,-999.0,0,-999.0,-999.0,-999.0,-999.0,-999.0,0,-999.0,-999.0,-999.0,0,0,0.020861793776170673
PSO J139.5865+35.8939,-999,-999,-999,151071395865233267,3578835000020998,214022515347973,0,16486949070501,15107,1,2038,90,0.818494264798699,3578835,49831,3,302067712,0,36,-999.0,-999.0,-999.0,-999.0,139.58654176,35.89390264,0.19516000151634216,0.19516000151634216,,,,,55249.26106481,-999.0,-0.6168019122366967,0.5251894437842017,0.5862861495880618,130.7805247288775,19.20800963882376,188.0684658114231,44.30578060868126,-999,0,1,0,0,0,0,1,-999.0,-999.0,-999.0,-999.0,0,-999.0,-999.0,-999.0,-999.0,-999.0,0,-999.0,-999.0,-999.0,0,0,-999.0,-999.0,-999.0,-999.0,0,-999.0,-999.0,-999.0,-999.0,-999.0,0,-999.0,-999.0,-999.0,0,0,-999.0,-999.0,-999.0,-999.0,0,-999.0,-999.0,-999.0,-999.0,-999.0,0,-999.0,-999.0,-999.0,0,0,-999.0,-999.0,-999.0,-999.0,0,-999.0,-999.0,-999.0,-999.0,-999.0,0,-999.0,-999.0,-999.0,0,0,0.9976620078086853,19.26490020751953,0.19458599388599396,-999.0,1,19.26490020751953,19.26490020751953,19.351200103759766,0.29604199528694153,-999.0,1,18.952499389648438,0.19458599388599396,-999.0,1,272,0.018474174182151352
PSO J139.5871+35.8914,-999,-999,-999,151071395870890315,3578835000021149,214022515348124,0,16486948213290,15107,1,2038,90,0.0954947826410595,3578835,49831,3,302067712,0,36,-999.0,-999.0,-999.0,-999.0,139.58712714,35.89143032,0.15532000362873077,0.15532000362873077,,,,,55985.31829861,-999.0,-0.616826539345775,0.5251995421937382,0.5862511929524774,130.78184002932582,19.205820009213042,188.07196261230297,44.30605508509566,-999,0,1,0,0,1,0,0,-999.0,-999.0,-999.0,-999.0,0,-999.0,-999.0,-999.0,-999.0,-999.0,0,-999.0,-999.0,-999.0,0,0,-999.0,-999.0,-999.0,-999.0,0,-999.0,-999.0,-999.0,-999.0,-999.0,0,-999.0,-999.0,-999.0,0,0,0.9975259900093079,21.605300903320312,0.15459699928760529,-999.0,1,21.605300903320312,21.605300903320312,21.500999450683594,0.25216299295425415,-999.0,1,21.359600067138672,0.15459699928760529,-999.0,1,272,-999.0,-999.0,-999.0,-999.0,0,-999.0,-999.0,-999.0,-999.0,-999.0,0,-999.0,-999.0,-999.0,0,0,-999.0,-999.0,-999.0,-999.0,0,-999.0,-999.0,-999.0,-999.0,-999.0,0,-999.0,-999.0,-999.0,0,0,0.020585172010751003
PSO J139.5872+35.8965,-999,-999,-999,151071395871586418,3578835000021172,214022515348147,0,16486949074814,15107,1,2038,90,0.520439864620976,3578835,49831,3,302067712,0,36,-999.0,-999.0,-999.0,-999.0,139.58717833,35.8965104,0.2027599960565567,0.2027599960565567,,,,,55259.44689815,-999.0,-0.6167874293516632,0.5251652912636702,0.5863230200543994,130.78015629217776,19.210645030057343,188.064891207407,44.306503599183586,-999,0,1,0,0,1,0,0,-999.0,-999.0,-999.0,-999.0,0,-999.0,-999.0,-999.0,-999.0,-999.0,0,-999.0,-999.0,-999.0,0,0,-999.0,-999.0,-999.0,-999.0,0,-999.0,-999.0,-999.0,-999.0,-999.0,0,-999.0,-999.0,-999.0,0,0,0.606764018535614,21.108600616455078,0.20220500230789185,-999.0,1,21.108600616455078,21.108600616455078,21.043800354003906,0.31952500343322754,-999.0,1,21.18910026550293,0.20220500230789185,-999.0,1,536,-999.0,-999.0,-999.0,-999.0,0,-999.0,-999.0,-999.0,-999.0,-999.0,0,-999.0,-999.0,-999.0,0,0,-999.0,-999.0,-999.0,-999.0,0,-999.0,-999.0,-999.0,-999.0,-999.0,0,-999.0,-999.0,-999.0,0,0,0.015895743620079082
PSO J139.5877+35.8944,-999,-999,-999,151071395877293878,3578835000021329,214022515348304,0,16486949070717,15107,1,2038,90,0.525145976361955,3578835,49831,3,268959744,0,32,-999.0,-999.0,-999.0,-999.0,139.58774657,35.89440217,0.27667000889778137,0.27667000889778137,,,,,55972.48399306,-999.0,-0.6168090638123308,0.5251731598994581,0.5862932124118225,130.78133403465185,19.2087958090914,188.06787932919934,44.30679352389992,-999,0,1,0,1,0,0,0,-999.0,-999.0,-999.0,-999.0,0,-999.0,-999.0,-999.0,-999.0,-999.0,0,-999.0,-999.0,-999.0,0,0,0.5213620066642761,21.333200454711914,0.27626100182533264,-999.0,1,21.333200454711914,21.333200454711914,-999.0,-999.0,-999.0,0,22.094900131225586,0.27626100182533264,-999.0,1,4112,-999.0,-999.0,-999.0,-999.0,0,-999.0,-999.0,-999.0,-999.0,-999.0,0,-999.0,-999.0,-999.0,0,0,-999.0,-999.0,-999.0,-999.0,0,-999.0,-999.0,-999.0,-999.0,-999.0,0,-999.0,-999.0,-999.0,0,0,-999.0,-999.0,-999.0,-999.0,0,-999.0,-999.0,-999.0,-999.0,-999.0,0,-999.0,-999.0,-999.0,0,0,0.01763149687102136
PSO J139.5879+35.8991,-999,-999,-999,151071395878979539,3578835000021374,214022515348349,0,16486949063227,15107,1,2038,90,0.0383113939671883,3578835,49831,3,268513280,0,32,-999.0,-999.0,-999.0,-999.0,139.58787799,35.89913697,0.018929999321699142,0.018929999321699142,,,,,55250.32229167,-999.0,-0.6167733764060896,0.5251403341014603,0.5863601552428667,130.77983268101212,19.213314620495023,188.06129602325896,44.30727889255813,-999,0,1,0,1,0,0,0,-999.0,-999.0,-999.0,-999.0,0,-999.0,-999.0,-999.0,-999.0,-999.0,0,-999.0,-999.0,-999.0,0,0,0.9973220229148865,18.393999099731445,0.011540000326931477,-999.0,1,18.393999099731445,18.393999099731445,19.210500717163086,0.031170999631285667,-999.0,1,19.073999404907227,0.011540000326931477,-999.0,1,24,-999.0,-999.0,-999.0,-999.0,0,-999.0,-999.0,-999.0,-999.0,-999.0,0,-999.0,-999.0,-999.0,0,0,-999.0,-999.0,-999.0,-999.0,0,-999.0,-999.0,-999.0,-999.0,-999.0,0,-999.0,-999.0,-999.0,0,0,-999.0,-999.0,-999.0,-999.0,0,-999.0,-999.0,-999.0,-999.0,-999.0,0,-999.0,-999.0,-999.0,0,0,0.013307265002821159
PSO J139.5885+35.8916,-999,-999,-999,151071395884860457,3578835000021521,214022515348496,0,16486948216315,15107,1,2038,90,0.0796734710034667,3578835,49831,3,268959744,0,32,-999.0,-999.0,-999.0,-999.0,139.58850277,35.89155137,0.27542001008987427,0.27542001008987427,,,,,55249.28297454,-999.0,-0.6168382057566852,0.5251839295435456,0.5862529045284751,130.78291669882776,19.206292085242207,188.0719188793862,44.307175640455625,-999,0,1,0,0,1,0,0,-999.0,-999.0,-999.0,-999.0,0,-999.0,-999.0,-999.0,-999.0,-999.0,0,-999.0,-999.0,-999.0,0,0,-999.0,-999.0,-999.0,-999.0,0,-999.0,-999.0,-999.0,-999.0,-999.0,0,-999.0,-999.0,-999.0,0,0,0.7278429865837097,20.97949981689453,0.2750149965286255,-999.0,1,20.97949981689453,20.97949981689453,-999.0,-999.0,-999.0,0,-999.0,-999.0,-999.0,0,4120,-999.0,-999.0,-999.0,-999.0,0,-999.0,-999.0,-999.0,-999.0,-999.0,0,-999.0,-999.0,-999.0,0,0,-999.0,-999.0,-999.0,-999.0,0,-999.0,-999.0,-999.0,-999.0,-999.0,0,-999.0,-999.0,-999.0,0,0,0.020111966186668193
PSO J139.5889+35.8916,-999,-999,-999,151071395888400523,3578835000021608,214022515348583,0,16486948216234,15107,1,2038,90,0.947120796839819,3578835,49831,3,268959744,0,32,-999.0,-999.0,-999.0,-999.0,139.58886158,35.89160092,0.35899001359939575,0.35899001359939575,,,,,55249.28762731,-999.0,-0.616841108630221,0.5251797379652849,0.5862536051356567,130.7831914243781,19.206432246089495,188.0718824290154,44.30746935942879,-999,0,1,0,0,1,0,0,-999.0,-999.0,-999.0,-999.0,0,-999.0,-999.0,-999.0,-999.0,-999.0,0,-999.0,-999.0,-999.0,0,0,-999.0,-999.0,-999.0,-999.0,0,-999.0,-999.0,-999.0,-999.0,-999.0,0,-999.0,-999.0,-999.0,0,0,0.789451003074646,21.327600479125977,0.35868099331855774,-999.0,1,21.327600479125977,21.327600479125977,-999.0,-999.0,-999.0,0,-999.0,-999.0,-999.0,0,4120,-999.0,-999.0,-999.0,-999.0,0,-999.0,-999.0,-999.0,-999.0,-999.0,0,-999.0,-999.0,-999.0,0,0,-999.0,-999.0,-999.0,-999.0,0,-999.0,-999.0,-999.0,-999.0,-999.0,0,-999.0,-999.0,-999.0,0,0,0.019979800098685208
PSO J139.5889+35.8940,-999,-999,-999,151071395888693438,3578835000021620,214022515348595,0,16486948214855,15107,1,2038,90,0.907941853541827,3578835,49831,3,268959744,0,32,-999.0,-999.0,-999.0,-999.0,139.58889868,35.89403103,0.2496500015258789,0.2496500015258789,,,,,56759.28498843,-999.0,-0.6168225155951347,0.52516321889423,0.5862879648905824,130.7823962248274,19.208743617440724,188.06850081832954,44.30769410534651,-999,0,1,0,0,1,0,0,-999.0,-999.0,-999.0,-999.0,0,-999.0,-999.0,-999.0,-999.0,-999.0,0,-999.0,-999.0,-999.0,0,0,-999.0,-999.0,-999.0,-999.0,0,-999.0,-999.0,-999.0,-999.0,-999.0,0,-999.0,-999.0,-999.0,0,0,0.6440659761428833,20.336700439453125,0.2492009997367859,-999.0,1,20.336700439453125,20.336700439453125,-999.0,-999.0,-999.0,0,20.257099151611328,0.2492009997367859,-999.0,1,4112,-999.0,-999.0,-999.0,-999.0,0,-999.0,-999.0,-999.0,-999.0,-999.0,0,-999.0,-999.0,-999.0,0,0,-999.0,-999.0,-999.0,-999.0,0,-999.0,-999.0,-999.0,-999.0,-999.0,0,-999.0,-999.0,-999.0,0,0,0.017654640948029834
PSO J139.5890+35.8979,-999,-999,-999,151071395890188069,3578835000021665,214022515348640,0,16486949063498,15107,1,2038,90,0.903398099265432,3578835,49831,3,268959744,0,32,-999.0,-999.0,-999.0,-999.0,139.58903356,35.89789415,0.33417999744415283,0.33417999744415283,,,,,55972.4722338,-999.0,-0.6167936517917763,0.5251361397119433,0.5863425840562866,130.78119372702332,19.212437692369676,188.0631319338028,44.30811246083367,-999,0,1,0,1,0,0,0,-999.0,-999.0,-999.0,-999.0,0,-999.0,-999.0,-999.0,-999.0,-999.0,0,-999.0,-999.0,-999.0,0,0,0.6200879812240601,22.30120086669922,0.3338479995727539,-999.0,1,22.30120086669922,22.30120086669922,-999.0,-999.0,-999.0,1,22.2814998626709,0.3338479995727539,-999.0,1,4112,-999.0,-999.0,-999.0,-999.0,0,-999.0,-999.0,-999.0,-999.0,-999.0,0,-999.0,-999.0,-999.0,0,0,-999.0,-999.0,-999.0,-999.0,0,-999.0,-999.0,-999.0,-999.0,-999.0,0,-999.0,-999.0,-999.0,0,0,-999.0,-999.0,-999.0,-999.0,0,-999.0,-999.0,-999.0,-999.0,-999.0,0,-999.0,-999.0,-999.0,0,0,0.014007372429335791
PSO J139.5891+35.8946,-999,-999,-999,151071395890724089,3578835000021675,214022515348650,0,16486948214895,15107,1,2038,90,0.210168253826134,3578835,49831,3,268959744,0,32,-999.0,-999.0,-999.0,-999.0,139.58908059,35.89456933,0.18963000178337097,0.18963000178337097,,,,,55521.60189815,-999.0,-0.6168199888663585,0.5251576897027797,0.5862955758667676,130.78236120641952,19.2093007438856,188.06776750032097,44.30788413056546,-999,0,1,0,0,0,0,1,-999.0,-999.0,-999.0,-999.0,0,-999.0,-999.0,-999.0,-999.0,-999.0,0,-999.0,-999.0,-999.0,0,0,-999.0,-999.0,-999.0,-999.0,0,-999.0,-999.0,-999.0,-999.0,-999.0,0,-999.0,-999.0,-999.0,0,0,-999.0,-999.0,-999.0,-999.0,0,-999.0,-999.0,-999.0,-999.0,-999.0,0,-999.0,-999.0,-999.0,0,0,-999.0,-999.0,-999.0,-999.0,0,-999.0,-999.0,-999.0,-999.0,-999.0,0,-999.0,-999.0,-999.0,0,0,0.729557991027832,19.996000289916992,0.18903900682926178,-999.0,1,19.996000289916992,19.996000289916992,19.272199630737305,0.15465599298477173,-999.0,1,19.861499786376953,0.18903900682926178,-999.0,1,4120,0.017097563374331496
PSO J139.5893+35.8991,-999,-999,-999,151071395893389564,3578835000186929,214022515515527,0,16486949063359,15107,1,2038,90,0.875806324068277,3578835,49831,3,404226048,0,48,139.58933746,35.89913313,0.0010000000474974513,0.0010000000474974513,139.58933746,35.89913313,0.0010000000474974513,0.0010000000474974513,,,,,55646.49783565,-999.0,-0.6167867827953668,0.5251246486117447,0.5863601009527616,130.78101982231726,19.21369017250937,188.06143362569443,44.30845703543051,-999,2,0,0,0,0,0,0,-999.0,-999.0,-999.0,-999.0,0,-999.0,-999.0,-999.0,-999.0,-999.0,0,-999.0,-999.0,-999.0,0,16416,-999.0,-999.0,-999.0,-999.0,0,-999.0,-999.0,-999.0,-999.0,-999.0,0,-999.0,-999.0,-999.0,0,16416,-999.0,-999.0,-999.0,-999.0,0,-999.0,-999.0,-999.0,-999.0,-999.0,0,-999.0,-999.0,-999.0,0,16416,-999.0,-999.0,-999.0,-999.0,0,-999.0,-999.0,-999.0,-999.0,-999.0,0,-999.0,-999.0,-999.0,0,114720,-999.0,-999.0,-999.0,-999.0,0,-999.0,-999.0,-999.0,-999.0,-999.0,0,-999.0,-999.0,-999.0,0,114720,0.012775259627176133
PSO J139.5897+35.8983,-999,-999,-999,151071395896948482,3578835000021862,214022515348837,0,16486949063653,15107,1,2038,90,0.927413777380636,3578835,49831,3,436285440,0,52,139.58969759,35.89820715,0.0010000000474974513,0.0010000000474974513,139.58965085,35.89825547,0.13429999351501465,0.13429999351501465,,,,,56496.63751157,1.3143999576568604,-0.6167964939886724,0.5251270974932017,0.5863476924842861,130.78157256191025,19.212940306036167,188.0626845755034,44.308639826585086,-999,2,2,0,0,2,0,0,-999.0,-999.0,-999.0,-999.0,0,-999.0,-999.0,-999.0,-999.0,-999.0,0,-999.0,-999.0,-999.0,0,16416,-999.0,-999.0,-999.0,-999.0,0,-999.0,-999.0,-999.0,-999.0,-999.0,0,-999.0,-999.0,-999.0,0,114720,0.9994739890098572,22.045299530029297,0.18688200414180756,-999.0,1,22.045299530029297,22.045299530029297,21.489500045776367,0.24525900185108185,-999.0,1,21.579299926757812,0.18688200414180756,-999.0,1,115000,-999.0,-999.0,-999.0,-999.0,0,-999.0,-999.0,-999.0,-999.0,-999.0,0,-999.0,-999.0,-999.0,0,16416,-999.0,-999.0,-999.0,-999.0,0,-999.0,-999.0,-999.0,-999.0,-999.0,0,-999.0,-999.0,-999.0,0,16416,0.01348090999123612
PSO J139.5906+35.8913,-999,-999,-999,151071395906370219,3578835000022062,214022515349037,0,16486948216012,15107,1,2038,90,0.350095946667805,3578835,49831,3,268959744,0,32,-999.0,-999.0,-999.0,-999.0,139.59063712,35.89133743,0.27074000239372253,0.27074000239372253,,,,,55651.25465278,-999.0,-0.6168594359878715,0.5251623701022107,0.5862498795405878,130.78472364477634,19.206644017126848,188.07241060722063,44.30888202154854,-999,0,1,0,0,0,0,1,-999.0,-999.0,-999.0,-999.0,0,-999.0,-999.0,-999.0,-999.0,-999.0,0,-999.0,-999.0,-999.0,0,0,-999.0,-999.0,-999.0,-999.0,0,-999.0,-999.0,-999.0,-999.0,-999.0,0,-999.0,-999.0,-999.0,0,0,-999.0,-999.0,-999.0,-999.0,0,-999.0,-999.0,-999.0,-999.0,-999.0,0,-999.0,-999.0,-999.0,0,0,-999.0,-999.0,-999.0,-999.0,0,-999.0,-999.0,-999.0,-999.0,-999.0,0,-999.0,-999.0,-999.0,0,0,0.6305750012397766,20.124000549316406,0.2703230082988739,-999.0,1,20.124000549316406,20.124000549316406,-999.0,-999.0,-999.0,0,22.688199996948242,0.2703230082988739,-999.0,1,4120,0.019875156823967028
PSO J139.5916+35.8993,-999,-999,-999,151071395915839760,3578835000022307,214022515349282,0,16486949062941,15107,1,2038,90,0.125987475855264,3578835,49831,3,310456320,0,37,-999.0,-999.0,-999.0,-999.0,139.59161464,35.89930893,0.19175000488758087,0.19175000488758087,,,,,55250.2833912,-999.0,-0.6168062830811687,0.5250989681952252,0.5863625864189351,130.78281034277836,19.214448342693206,188.06139504821712,44.31030981683026,-999,0,1,0,0,1,0,0,-999.0,-999.0,-999.0,-999.0,0,-999.0,-999.0,-999.0,-999.0,-999.0,0,-999.0,-999.0,-999.0,0,0,-999.0,-999.0,-999.0,-999.0,0,-999.0,-999.0,-999.0,-999.0,-999.0,0,-999.0,-999.0,-999.0,0,0,0.9979130029678345,20.22599983215332,0.19116200506687164,-999.0,1,20.22599983215332,20.22599983215332,19.58009910583496,0.23177899420261383,-999.0,1,19.571800231933594,0.19116200506687164,-999.0,1,16777488,-999.0,-999.0,-999.0,-999.0,0,-999.0,-999.0,-999.0,-999.0,-999.0,0,-999.0,-999.0,-999.0,0,0,-999.0,-999.0,-999.0,-999.0,0,-999.0,-999.0,-999.0,-999.0,-999.0,0,-999.0,-999.0,-999.0,0,0,0.01195602835645227
PSO J139.5921+35.8928,-999,-999,-999,151071395920772000,3578835000022408,214022515349383,0,16486948223275,15107,1,2038,90,0.768875594035606,3578835,49831,3,268959744,0,32,-999.0,-999.0,-999.0,-999.0,139.5920901,35.89283741,0.39364001154899597,0.39364001154899597,,,,,55249.27380787,-999.0,-0.6168610667702782,0.5251367778231925,0.5862710882181634,130.7853948092767,19.208442288361866,188.07045300234861,44.31017554367286,-999,0,1,0,0,0,0,1,-999.0,-999.0,-999.0,-999.0,0,-999.0,-999.0,-999.0,-999.0,-999.0,0,-999.0,-999.0,-999.0,0,0,-999.0,-999.0,-999.0,-999.0,0,-999.0,-999.0,-999.0,-999.0,-999.0,0,-999.0,-999.0,-999.0,0,0,-999.0,-999.0,-999.0,-999.0,0,-999.0,-999.0,-999.0,-999.0,-999.0,0,-999.0,-999.0,-999.0,0,0,-999.0,-999.0,-999.0,-999.0,0,-999.0,-999.0,-999.0,-999.0,-999.0,0,-999.0,-999.0,-999.0,0,0,0.7580739855766296,20.18869972229004,0.3933500051498413,-999.0,1,20.18869972229004,20.18869972229004,-999.0,-999.0,-999.0,0,20.325000762939453,0.3933500051498413,-999.0,1,4112,0.018176494191144702
PSO J139.5925+35.8929,-999,-999,-999,151071395925142085,3578835000022523,214022515349498,0,16486948223465,15107,1,2038,90,0.501012012829084,3578835,49831,3,302067712,0,36,-999.0,-999.0,-999.0,-999.0,139.59254737,35.89290667,0.2294600009918213,0.2294600009918213,,,,,56759.28498843,-999.0,-0.616864718159646,0.5251313953314766,0.5862720674968549,130.78574283934583,19.208626706066717,188.0703980021828,44.31055034313464,-999,0,1,0,0,1,0,0,-999.0,-999.0,-999.0,-999.0,0,-999.0,-999.0,-999.0,-999.0,-999.0,0,-999.0,-999.0,-999.0,0,0,-999.0,-999.0,-999.0,-999.0,0,-999.0,-999.0,-999.0,-999.0,-999.0,0,-999.0,-999.0,-999.0,0,0,0.8576700091362,20.470199584960938,0.22897300124168396,-999.0,1,20.470199584960938,20.470199584960938,20.012800216674805,0.27312999963760376,-999.0,1,20.481700897216797,0.22897300124168396,-999.0,1,272,-999.0,-999.0,-999.0,-999.0,0,-999.0,-999.0,-999.0,-999.0,-999.0,0,-999.0,-999.0,-999.0,0,0,-999.0,-999.0,-999.0,-999.0,0,-999.0,-999.0,-999.0,-999.0,-999.0,0,-999.0,-999.0,-999.0,0,0,0.01804880856938881
PSO J139.5930+35.8982,-999,-999,-999,151071395929538390,3578835000022654,214022515349629,0,16486948210393,15107,1,2038,90,0.462655619217693,3578835,49831,3,302067712,0,36,-999.0,-999.0,-999.0,-999.0,139.59297563,35.89815193,0.15706999599933624,0.15706999599933624,,,,,55259.44689815,-999.0,-0.6168277720518998,0.5250919917653994,0.5863462286135515,130.78430917190633,19.21370610136169,188.06313007112456,44.31131616887898,-999,0,1,0,0,1,0,0,-999.0,-999.0,-999.0,-999.0,0,-999.0,-999.0,-999.0,-999.0,-999.0,0,-999.0,-999.0,-999.0,0,0,-999.0,-999.0,-999.0,-999.0,0,-999.0,-999.0,-999.0,-999.0,-999.0,0,-999.0,-999.0,-999.0,0,0,0.442097008228302,20.81920051574707,0.15634800493717194,-999.0,1,20.81920051574707,20.81920051574707,20.55660057067871,0.2547599971294403,-999.0,1,20.447900772094727,0.15634800493717194,-999.0,1,536,-999.0,-999.0,-999.0,-999.0,0,-999.0,-999.0,-999.0,-999.0,-999.0,0,-999.0,-999.0,-999.0,0,0,-999.0,-999.0,-999.0,-999.0,0,-999.0,-999.0,-999.0,-999.0,-999.0,0,-999.0,-999.0,-999.0,0,0,0.012818823706220088
PSO J139.5932+35.8920,-999,-999,-999,151071395931760958,3578835000022704,214022515349679,0,16486948224285,15107,1,2038,90,0.106661765935516,3578835,49831,3,268959744,0,32,-999.0,-999.0,-999.0,-999.0,139.59318563,35.89196123,0.12415000051259995,0.12415000051259995,,,,,55521.60189815,-999.0,-0.61687793431529,0.5251307943682373,0.5862586996890407,130.78658258295098,19.207897065829748,188.07177290947433,44.31098999292199,-999,0,1,0,0,0,0,1,-999.0,-999.0,-999.0,-999.0,0,-999.0,-999.0,-999.0,-999.0,-999.0,0,-999.0,-999.0,-999.0,0,0,-999.0,-999.0,-999.0,-999.0,0,-999.0,-999.0,-999.0,-999.0,-999.0,0,-999.0,-999.0,-999.0,0,0,-999.0,-999.0,-999.0,-999.0,0,-999.0,-999.0,-999.0,-999.0,-999.0,0,-999.0,-999.0,-999.0,0,0,-999.0,-999.0,-999.0,-999.0,0,-999.0,-999.0,-999.0,-999.0,-999.0,0,-999.0,-999.0,-999.0,0,0,0.6026589870452881,19.408300399780273,0.12324199825525284,-999.0,1,19.408300399780273,19.408300399780273,18.22439956665039,0.06050499901175499,-999.0,1,19.247299194335938,0.12324199825525284,-999.0,1,4120,0.018916982474913083
PSO J139.5934+35.8985,-999,-999,-999,151071395933478781,3578835000022756,214022515349731,0,16486948212451,15107,1,2038,90,0.175300852558856,3578835,49831,3,268959744,0,32,-999.0,-999.0,-999.0,-999.0,139.59335662,35.89847959,0.2280299961566925,0.2280299961566925,,,,,55521.60189815,-999.0,-0.6168287103314525,0.5250857165814132,0.586350861134373,130.78450743262397,19.214115442155492,188.06270814285958,44.311650023999235,-999,0,1,0,0,0,0,1,-999.0,-999.0,-999.0,-999.0,0,-999.0,-999.0,-999.0,-999.0,-999.0,0,-999.0,-999.0,-999.0,0,0,-999.0,-999.0,-999.0,-999.0,0,-999.0,-999.0,-999.0,-999.0,-999.0,0,-999.0,-999.0,-999.0,0,0,-999.0,-999.0,-999.0,-999.0,0,-999.0,-999.0,-999.0,-999.0,-999.0,0,-999.0,-999.0,-999.0,0,0,-999.0,-999.0,-999.0,-999.0,0,-999.0,-999.0,-999.0,-999.0,-999.0,0,-999.0,-999.0,-999.0,0,0,0.5669860243797302,20.113399505615234,0.22753599286079407,-999.0,1,20.113399505615234,20.113399505615234,-999.0,-999.0,-999.0,0,20.625999450683594,0.22753599286079407,-999.0,1,4120,0.012442148958085916
PSO J139.5937+35.8913,-999,-999,-999,151071395936350111,3578835000022821,214022515349796,0,16486948221690,15107,1,2038,90,0.949479556595422,3578835,49831,3,268959744,0,32,-999.0,-999.0,-999.0,-999.0,139.5936665,35.89125996,0.26493000984191895,0.26493000984191895,,,,,57049.45013889,-999.0,-0.6168878054475816,0.5251302681847982,0.5862487841575696,130.78721150774297,19.207357800364857,188.07279341911618,44.31132210994603,-999,0,1,0,0,1,0,0,-999.0,-999.0,-999.0,-999.0,0,-999.0,-999.0,-999.0,-999.0,-999.0,0,-999.0,-999.0,-999.0,0,0,-999.0,-999.0,-999.0,-999.0,0,-999.0,-999.0,-999.0,-999.0,-999.0,0,-999.0,-999.0,-999.0,0,0,0.4300540089607239,22.171100616455078,0.2644999921321869,-999.0,1,22.171100616455078,22.171100616455078,-999.0,-999.0,-999.0,0,24.33209991455078,0.2644999921321869,-999.0,1,4120,-999.0,-999.0,-999.0,-999.0,0,-999.0,-999.0,-999.0,-999.0,-999.0,0,-999.0,-999.0,-999.0,0,0,-999.0,-999.0,-999.0,-999.0,0,-999.0,-999.0,-999.0,-999.0,-999.0,0,-999.0,-999.0,-999.0,0,0,0.01957383156073389
PSO J139.5940+35.8959,-999,-999,-999,151071395939315627,3578835000022900,214022515349875,0,16486948209961,15107,1,2038,90,0.871743799999118,3578835,49831,3,268513280,0,32,-999.0,-999.0,-999.0,-999.0,139.59396685,35.89586514,0.029559999704360962,0.029559999704360962,,,,,55249.28141204,-999.0,-0.6168546757071449,0.5250964894622215,0.5863138969977464,130.78589133262327,19.211797699049622,188.06640548253796,44.31193351072167,-999,0,1,0,0,1,0,0,-999.0,-999.0,-999.0,-999.0,0,-999.0,-999.0,-999.0,-999.0,-999.0,0,-999.0,-999.0,-999.0,0,0,-999.0,-999.0,-999.0,-999.0,0,-999.0,-999.0,-999.0,-999.0,-999.0,0,-999.0,-999.0,-999.0,0,0,0.8948540091514587,18.470600128173828,0.025467000901699066,-999.0,1,18.470600128173828,18.470600128173828,18.72330093383789,0.04491500183939934,-999.0,1,18.686500549316406,0.025467000901699066,-999.0,1,24,-999.0,-999.0,-999.0,-999.0,0,-999.0,-999.0,-999.0,-999.0,-999.0,0,-999.0,-999.0,-999.0,0,0,-999.0,-999.0,-999.0,-999.0,0,-999.0,-999.0,-999.0,-999.0,-999.0,0,-999.0,-999.0,-999.0,0,0,0.014966996868422969
PSO J139.5940+35.8923,-999,-999,-999,151071395940151389,3578835000022918,214022515349893,0,16486948224371,15107,1,2038,90,0.335190609409651,3578835,49831,3,268513280,0,32,-999.0,-999.0,-999.0,-999.0,139.59404461,35.89233342,0.02094000019133091,0.02094000019133091,,,,,55250.26314815,-999.0,-0.6168829070979479,0.5251190775084561,0.5862639621936971,130.78715413249859,19.208472793915355,188.0713323604332,44.31171345555784,-999,0,1,0,0,0,0,1,-999.0,-999.0,-999.0,-999.0,0,-999.0,-999.0,-999.0,-999.0,-999.0,0,-999.0,-999.0,-999.0,0,0,-999.0,-999.0,-999.0,-999.0,0,-999.0,-999.0,-999.0,-999.0,-999.0,0,-999.0,-999.0,-999.0,0,0,-999.0,-999.0,-999.0,-999.0,0,-999.0,-999.0,-999.0,-999.0,-999.0,0,-999.0,-999.0,-999.0,0,0,-999.0,-999.0,-999.0,-999.0,0,-999.0,-999.0,-999.0,-999.0,-999.0,0,-999.0,-999.0,-999.0,0,0,0.9991430044174194,16.32990074157715,0.014615999534726143,-999.0,1,16.32990074157715,16.32990074157715,17.236799240112305,0.04517100006341934,-999.0,1,17.089599609375,0.014615999534726143,-999.0,1,16,0.01847780206057541
PSO J139.5942+35.8914,-999,-999,-999,151071395942070304,3578835000022965,214022515349940,0,16486948221622,15107,1,2038,90,0.777844892607857,3578835,49831,3,268959744,0,32,-999.0,-999.0,-999.0,-999.0,139.59423468,35.89142115,0.21375000476837158,0.21375000476837158,,,,,57049.43763889,-999.0,-0.6168917570367103,0.525123081655029,0.5862510632939494,130.78761843772685,19.20765811505824,188.07262042582408,44.311793846352536,-999,0,1,0,0,1,0,0,-999.0,-999.0,-999.0,-999.0,0,-999.0,-999.0,-999.0,-999.0,-999.0,0,-999.0,-999.0,-999.0,0,0,-999.0,-999.0,-999.0,-999.0,0,-999.0,-999.0,-999.0,-999.0,-999.0,0,-999.0,-999.0,-999.0,0,0,0.6107900142669678,21.930299758911133,0.21322500705718994,-999.0,1,21.930299758911133,21.930299758911133,-999.0,-999.0,-999.0,0,24.534799575805664,0.21322500705718994,-999.0,1,4120,-999.0,-999.0,-999.0,-999.0,0,-999.0,-999.0,-999.0,-999.0,-999.0,0,-999.0,-999.0,-999.0,0,0,-999.0,-999.0,-999.0,-999.0,0,-999.0,-999.0,-999.0,-999.0,-999.0,0,-999.0,-999.0,-999.0,0,0,0.019375864767160272
PSO J139.5951+35.8957,-999,-999,-999,151071395950725405,3578835000023176,214022515350151,0,16486948211715,15107,1,2038,90,0.550211797980789,3578835,49831,3,268959744,0,32,-999.0,-999.0,-999.0,-999.0,139.59510195,35.89567079,0.2691799998283386,0.2691799998283386,,,,,57049.45013889,-999.0,-0.6168665928317351,0.5250855578181207,0.5863111491511989,130.7868796534421,19.21190856770528,188.0667790993271,44.31283452835844,-999,0,1,0,0,1,0,0,-999.0,-999.0,-999.0,-999.0,0,-999.0,-999.0,-999.0,-999.0,-999.0,0,-999.0,-999.0,-999.0,0,0,-999.0,-999.0,-999.0,-999.0,0,-999.0,-999.0,-999.0,-999.0,-999.0,0,-999.0,-999.0,-999.0,0,0,0.7415670156478882,22.40690040588379,0.2687639892101288,-999.0,1,22.40690040588379,22.40690040588379,-999.0,-999.0,-999.0,0,23.11910057067871,0.2687639892101288,-999.0,1,4120,-999.0,-999.0,-999.0,-999.0,0,-999.0,-999.0,-999.0,-999.0,-999.0,0,-999.0,-999.0,-999.0,0,0,-999.0,-999.0,-999.0,-999.0,0,-999.0,-999.0,-999.0,-999.0,-999.0,0,-999.0,-999.0,-999.0,0,0,0.015093059422906957
PSO J139.5952+35.8982,-999,-999,-999,151071395952178389,3578835000023220,214022515350195,0,16486948212723,15107,1,2038,90,0.687191667675219,3578835,49831,3,268959744,0,32,-999.0,-999.0,-999.0,-999.0,139.59524023,35.89816057,0.2987299859523773,0.2987299859523773,,,,,56678.5306713,-999.0,-0.6168484583576676,0.5250675540947611,0.5863463507677985,130.78614626239292,19.214302714282056,188.06332317942815,44.31314544093539,-999,0,1,0,1,0,0,0,-999.0,-999.0,-999.0,-999.0,0,-999.0,-999.0,-999.0,-999.0,-999.0,0,-999.0,-999.0,-999.0,0,0,0.7496989965438843,22.380199432373047,0.29835399985313416,-999.0,1,22.380199432373047,22.380199432373047,-999.0,-999.0,-999.0,0,24.459999084472656,0.29835399985313416,-999.0,1,4120,-999.0,-999.0,-999.0,-999.0,0,-999.0,-999.0,-999.0,-999.0,-999.0,0,-999.0,-999.0,-999.0,0,0,-999.0,-999.0,-999.0,-999.0,0,-999.0,-999.0,-999.0,-999.0,-999.0,0,-999.0,-999.0,-999.0,0,0,-999.0,-999.0,-999.0,-999.0,0,-999.0,-999.0,-999.0,-999.0,-999.0,0,-999.0,-999.0,-999.0,0,0,0.012600767553355121
PSO J139.5953+35.8953,-999,-999,-999,151071395953124994,3578835000023236,214022515350211,0,16486948222223,15107,1,2038,90,0.0756978421245681,3578835,49831,3,268959744,0,32,-999.0,-999.0,-999.0,-999.0,139.59533906,35.89532897,0.2547700107097626,0.2547700107097626,,,,,57049.43763889,-999.0,-0.6168714293768257,0.5250852722466219,0.5863063162616303,130.78718842322561,19.211646422334635,188.06727676799224,44.31299862819739,-999,0,1,0,0,1,0,0,-999.0,-999.0,-999.0,-999.0,0,-999.0,-999.0,-999.0,-999.0,-999.0,0,-999.0,-999.0,-999.0,0,0,-999.0,-999.0,-999.0,-999.0,0,-999.0,-999.0,-999.0,-999.0,-999.0,0,-999.0,-999.0,-999.0,0,0,0.5792539715766907,22.121999740600586,0.25432300567626953,-999.0,1,22.121999740600586,22.121999740600586,-999.0,-999.0,-999.0,0,23.597200393676758,0.25432300567626953,-999.0,1,4120,-999.0,-999.0,-999.0,-999.0,0,-999.0,-999.0,-999.0,-999.0,-999.0,0,-999.0,-999.0,-999.0,0,0,-999.0,-999.0,-999.0,-999.0,0,-999.0,-999.0,-999.0,-999.0,-999.0,0,-999.0,-999.0,-999.0,0,0,0.015427722317584736
PSO J139.5955+35.8988,-999,-999,-999,151071395954629153,3578835000023273,214022515350248,0,16486948212488,15107,1,2038,90,0.884508340511944,3578835,49831,3,268959744,0,32,-999.0,-999.0,-999.0,-999.0,139.59547923,35.89878899,0.33285999298095703,0.33285999298095703,,,,,55650.26423611,-999.0,-0.6168457513901334,0.5250608125007853,0.5863552354741595,130.78612698243845,19.214960028991328,188.06246938373096,44.31338869831953,-999,0,1,0,0,0,1,0,-999.0,-999.0,-999.0,-999.0,0,-999.0,-999.0,-999.0,-999.0,-999.0,0,-999.0,-999.0,-999.0,0,0,-999.0,-999.0,-999.0,-999.0,0,-999.0,-999.0,-999.0,-999.0,-999.0,0,-999.0,-999.0,-999.0,0,0,-999.0,-999.0,-999.0,-999.0,0,-999.0,-999.0,-999.0,-999.0,-999.0,0,-999.0,-999.0,-999.0,0,0,0.3404189944267273,21.16160011291504,0.3325220048427582,-999.0,1,21.16160011291504,21.16160011291504,-999.0,-999.0,-999.0,0,22.837499618530273,0.3325220048427582,-999.0,1,4120,-999.0,-999.0,-999.0,-999.0,0,-999.0,-999.0,-999.0,-999.0,-999.0,0,-999.0,-999.0,-999.0,0,0,0.011965864739160566
PSO J139.5957+35.8962,-999,-999,-999,151071395956735898,3578835000023323,214022515350298,0,16486948211233,15107,1,2038,90,0.624409276642287,3578835,49831,3,302067712,0,36,-999.0,-999.0,-999.0,-999.0,139.59567931,35.89622928,0.18960000574588776,0.18960000574588776,,,,,55249.28297454,-999.0,-0.6168675320115106,0.5250756373314952,0.5863190454274466,130.7871590650587,19.21258757172468,188.06605340142508,44.31334544071128,-999,0,2,0,0,2,0,0,-999.0,-999.0,-999.0,-999.0,0,-999.0,-999.0,-999.0,-999.0,-999.0,0,-999.0,-999.0,-999.0,0,0,-999.0,-999.0,-999.0,-999.0,0,-999.0,-999.0,-999.0,-999.0,-999.0,0,-999.0,-999.0,-999.0,0,0,0.998354971408844,20.84910011291504,0.1890069991350174,-999.0,1,20.84910011291504,20.84910011291504,20.682199478149414,0.30616599321365356,-999.0,1,20.69969940185547,0.1890069991350174,-999.0,1,280,-999.0,-999.0,-999.0,-999.0,0,-999.0,-999.0,-999.0,-999.0,-999.0,0,-999.0,-999.0,-999.0,0,0,-999.0,-999.0,-999.0,-999.0,0,-999.0,-999.0,-999.0,-999.0,-999.0,0,-999.0,-999.0,-999.0,0,0,0.01452182028981583
PSO J139.5958+35.8983,-999,-999,-999,151071395957418567,3578835000023341,214022515350316,0,16486948212512,15107,1,2038,90,0.873148095675882,3578835,49831,3,268513280,0,32,-999.0,-999.0,-999.0,-999.0,139.59577337,35.89829511,0.016620000824332237,0.016620000824332237,,,,,55268.34450231,-999.0,-0.6168522956587837,0.5250609218320276,0.586348252922604,130.78653374463138,19.2145686779641,188.06318404189744,44.3135866955717,-999,0,1,0,1,0,0,0,-999.0,-999.0,-999.0,-999.0,0,-999.0,-999.0,-999.0,-999.0,-999.0,0,-999.0,-999.0,-999.0,0,0,0.9978899955749512,18.043500900268555,0.007151000201702118,-999.0,1,18.043500900268555,18.043500900268555,18.87779998779297,0.021810000762343407,-999.0,1,18.870500564575195,0.007151000201702118,-999.0,1,24,-999.0,-999.0,-999.0,-999.0,0,-999.0,-999.0,-999.0,-999.0,-999.0,0,-999.0,-999.0,-999.0,0,0,-999.0,-999.0,-999.0,-999.0,0,-999.0,-999.0,-999.0,-999.0,-999.0,0,-999.0,-999.0,-999.0,0,0,-999.0,-999.0,-999.0,-999.0,0,-999.0,-999.0,-999.0,-999.0,-999.0,0,-999.0,-999.0,-999.0,0,0,0.012455312338829601
PSO J139.5959+35.8961,-999,-999,-999,151071395958515896,3578835000023367,214022515350342,0,16486948211241,15107,1,2038,90,0.810316653745544,3578835,49831,3,268513280,0,32,-999.0,-999.0,-999.0,-999.0,139.59588696,35.89608948,0.028669999912381172,0.028669999912381172,,,,,55249.28141204,-999.0,-0.616870524363189,0.5250743289690799,0.5863170688540071,130.7873752750152,19.212509116729944,188.06626697023756,44.31350192529659,-999,0,1,0,0,1,0,0,-999.0,-999.0,-999.0,-999.0,0,-999.0,-999.0,-999.0,-999.0,-999.0,0,-999.0,-999.0,-999.0,0,0,-999.0,-999.0,-999.0,-999.0,0,-999.0,-999.0,-999.0,-999.0,-999.0,0,-999.0,-999.0,-999.0,0,0,0.8323439955711365,18.413299560546875,0.024427000433206558,-999.0,1,18.413299560546875,18.413299560546875,18.666400909423828,0.04058299958705902,-999.0,1,18.638599395751953,0.024427000433206558,-999.0,1,24,-999.0,-999.0,-999.0,-999.0,0,-999.0,-999.0,-999.0,-999.0,-999.0,0,-999.0,-999.0,-999.0,0,0,-999.0,-999.0,-999.0,-999.0,0,-999.0,-999.0,-999.0,-999.0,-999.0,0,-999.0,-999.0,-999.0,0,0,0.014660523804984742
PSO J139.5962+35.8934,-999,-999,-999,151071395962232637,3578835000023466,214022515350441,0,16486948224591,15107,1,2038,90,0.904956311830279,3578835,49831,3,268959744,0,32,-999.0,-999.0,-999.0,-999.0,139.59624643,35.8933675,0.0203699991106987,0.0203699991106987,,,,,56678.5306713,-999.0,-0.6168950289972113,0.5250885125838813,0.5862785832272716,130.78859197167623,19.21002438125485,188.07009149910738,44.31357427932188,-999,0,1,0,1,0,0,0,-999.0,-999.0,-999.0,-999.0,0,-999.0,-999.0,-999.0,-999.0,-999.0,0,-999.0,-999.0,-999.0,0,0,0.003700000001117587,18.77989959716797,0.013775999657809734,-999.0,1,18.77989959716797,18.77989959716797,-999.0,-999.0,-999.0,0,19.50079917907715,0.013775999657809734,-999.0,1,4120,-999.0,-999.0,-999.0,-999.0,0,-999.0,-999.0,-999.0,-999.0,-999.0,0,-999.0,-999.0,-999.0,0,0,-999.0,-999.0,-999.0,-999.0,0,-999.0,-999.0,-999.0,-999.0,-999.0,0,-999.0,-999.0,-999.0,0,0,-999.0,-999.0,-999.0,-999.0,0,-999.0,-999.0,-999.0,-999.0,-999.0,0,-999.0,-999.0,-999.0,0,0,0.01738476491833792
PSO J139.5964+35.8938,-999,-999,-999,151071395963653208,3578835000023496,214022515350471,0,16486948222273,15107,1,2038,90,0.175877326331918,3578835,49831,3,268959744,0,32,-999.0,-999.0,-999.0,-999.0,139.59638887,35.89384369,0.02143000066280365,0.02143000066280365,,,,,56678.5306713,-999.0,-0.6168926238884497,0.5250838206646046,0.5862853160947195,130.7885459575353,19.210512422315706,188.06944103954862,44.31372743122924,-999,0,1,0,1,0,0,0,-999.0,-999.0,-999.0,-999.0,0,-999.0,-999.0,-999.0,-999.0,-999.0,0,-999.0,-999.0,-999.0,0,0,0.6477410197257996,18.72439956665039,0.015298999845981598,-999.0,1,18.72439956665039,18.72439956665039,19.225099563598633,0.021932000294327736,-999.0,1,19.354000091552734,0.015298999845981598,-999.0,1,4120,-999.0,-999.0,-999.0,-999.0,0,-999.0,-999.0,-999.0,-999.0,-999.0,0,-999.0,-999.0,-999.0,0,0,-999.0,-999.0,-999.0,-999.0,0,-999.0,-999.0,-999.0,-999.0,-999.0,0,-999.0,-999.0,-999.0,0,0,-999.0,-999.0,-999.0,-999.0,0,-999.0,-999.0,-999.0,-999.0,-999.0,0,-999.0,-999.0,-999.0,0,0,0.016910947008281038
PSO J139.5965+35.8957,-999,-999,-999,151071395964445385,3578835000023528,214022515350503,0,16486948211425,15107,1,2038,90,0.328505723111802,3578835,49831,3,302067712,0,36,-999.0,-999.0,-999.0,-999.0,139.59647902,35.89565582,0.1862100064754486,0.1862100064754486,,,,,55248.31858796,-999.0,-0.6168793294259006,0.5250708309365439,0.5863109374953348,130.78800365138682,19.212252220095028,188.0669247473388,44.31394529576731,-999,0,2,1,0,1,0,0,0.9988139867782593,21.94219970703125,0.18559999763965607,-999.0,1,21.94219970703125,21.94219970703125,21.273399353027344,0.23079299926757812,-999.0,1,21.431299209594727,0.18559999763965607,-999.0,1,16777496,-999.0,-999.0,-999.0,-999.0,0,-999.0,-999.0,-999.0,-999.0,-999.0,0,-999.0,-999.0,-999.0,0,0,0.6679350137710571,21.992700576782227,0.21879500150680542,-999.0,1,21.992700576782227,21.992700576782227,-999.0,-999.0,-999.0,0,22.47010040283203,0.21879500150680542,-999.0,1,4120,-999.0,-999.0,-999.0,-999.0,0,-999.0,-999.0,-999.0,-999.0,-999.0,0,-999.0,-999.0,-999.0,0,0,-999.0,-999.0,-999.0,-999.0,0,-999.0,-999.0,-999.0,-999.0,-999.0,0,-999.0,-999.0,-999.0,0,0,0.01510146487917007
PSO J139.5965+35.8964,-999,-999,-999,151071395964476292,3578835000023529,214022515350504,0,16486948211368,15107,1,2038,90,0.308120398137831,3578835,49831,3,268959744,0,32,-999.0,-999.0,-999.0,-999.0,139.59646774,35.89642041,0.3554399907588959,0.3554399907588959,,,,,56344.36663194,-999.0,-0.6168732679650798,0.525065881019365,0.5863217477285325,130.78773476100753,19.212973475196154,188.0658585770603,44.313997379129624,-999,0,1,0,0,1,0,0,-999.0,-999.0,-999.0,-999.0,0,-999.0,-999.0,-999.0,-999.0,-999.0,0,-999.0,-999.0,-999.0,0,0,-999.0,-999.0,-999.0,-999.0,0,-999.0,-999.0,-999.0,-999.0,-999.0,0,-999.0,-999.0,-999.0,0,0,0.5932090282440186,21.85219955444336,0.355118989944458,-999.0,1,21.85219955444336,21.85219955444336,-999.0,-999.0,-999.0,0,21.95039939880371,0.355118989944458,-999.0,1,4120,-999.0,-999.0,-999.0,-999.0,0,-999.0,-999.0,-999.0,-999.0,-999.0,0,-999.0,-999.0,-999.0,0,0,-999.0,-999.0,-999.0,-999.0,0,-999.0,-999.0,-999.0,-999.0,-999.0,0,-999.0,-999.0,-999.0,0,0,0.014336967322758448
PSO J139.5969+35.8929,-999,-999,-999,151071395968732116,3578835000023648,214022515350623,0,16486948222622,15107,1,2038,90,0.858735689761802,3578835,49831,3,268513280,0,32,-999.0,-999.0,-999.0,-999.0,139.5969068,35.89292464,0.015879999846220016,0.015879999846220016,,,,,56283.59672454,-999.0,-0.6169045317130428,0.5250843396103053,0.5862723215775419,130.78927898442458,19.209776525084735,188.07076831546698,44.314072070425354,-999,0,1,1,0,0,0,0,0.9996659755706787,17.430200576782227,0.005104000214487314,-999.0,1,17.430200576782227,17.430200576782227,18.33289909362793,0.015123999677598476,-999.0,1,18.245399475097656,0.005104000214487314,-999.0,1,24,-999.0,-999.0,-999.0,-999.0,0,-999.0,-999.0,-999.0,-999.0,-999.0,0,-999.0,-999.0,-999.0,0,0,-999.0,-999.0,-999.0,-999.0,0,-999.0,-999.0,-999.0,-999.0,-999.0,0,-999.0,-999.0,-999.0,0,0,-999.0,-999.0,-999.0,-999.0,0,-999.0,-999.0,-999.0,-999.0,-999.0,0,-999.0,-999.0,-999.0,0,0,-999.0,-999.0,-999.0,-999.0,0,-999.0,-999.0,-999.0,-999.0,-999.0,0,-999.0,-999.0,-999.0,0,0,0.017844005994025997
PSO J139.5971+35.8917,-999,-999,-999,151071395969150851,3578835000023654,214022515350629,0,16486948221198,15107,1,2038,90,0.408925591417519,3578835,49831,3,268513280,0,32,-999.0,-999.0,-999.0,-999.0,139.59711493,35.89170009,0.02377999946475029,0.02377999946475029,,,,,56759.31069444,-999.0,-0.6169159806798004,0.5250902200122012,0.5862550073384606,130.78986405674829,19.208670768028743,188.07249310167708,44.31414206450172,-999,0,2,0,0,2,0,0,-999.0,-999.0,-999.0,-999.0,0,-999.0,-999.0,-999.0,-999.0,-999.0,0,-999.0,-999.0,-999.0,0,0,-999.0,-999.0,-999.0,-999.0,0,-999.0,-999.0,-999.0,-999.0,-999.0,0,-999.0,-999.0,-999.0,0,0,0.9974240064620972,20.622600555419922,0.27471300959587097,-999.0,1,20.622600555419922,20.622600555419922,15.114399909973145,0.055893998593091965,-999.0,1,20.09149932861328,0.27471300959587097,-999.0,1,4112,-999.0,-999.0,-999.0,-999.0,0,-999.0,-999.0,-999.0,-999.0,-999.0,0,-999.0,-999.0,-999.0,0,0,-999.0,-999.0,-999.0,-999.0,0,-999.0,-999.0,-999.0,-999.0,-999.0,0,-999.0,-999.0,-999.0,0,0,0.019075313370971302
PSO J139.5972+35.8993,-999,-999,-999,151071395972299851,3578835000023744,214022515350719,0,16486948209207,15107,1,2038,90,0.328773013622289,3578835,49831,3,268959744,0,32,-999.0,-999.0,-999.0,-999.0,139.59721487,35.89932261,0.36177000403404236,0.36177000403404236,,,,,55250.30069444,-999.0,-0.6168574979842362,0.5250385867859519,0.5863627798269929,130.7873559361492,19.215916448936266,188.06188315490326,44.314832831588916,-999,0,1,0,0,1,0,0,-999.0,-999.0,-999.0,-999.0,0,-999.0,-999.0,-999.0,-999.0,-999.0,0,-999.0,-999.0,-999.0,0,0,-999.0,-999.0,-999.0,-999.0,0,-999.0,-999.0,-999.0,-999.0,-999.0,0,-999.0,-999.0,-999.0,0,0,0.5646669864654541,21.534400939941406,0.3614549934864044,-999.0,1,21.534400939941406,21.534400939941406,-999.0,-999.0,-999.0,1,21.865400314331055,0.3614549934864044,-999.0,1,4112,-999.0,-999.0,-999.0,-999.0,0,-999.0,-999.0,-999.0,-999.0,-999.0,0,-999.0,-999.0,-999.0,0,0,-999.0,-999.0,-999.0,-999.0,0,-999.0,-999.0,-999.0,-999.0,-999.0,0,-999.0,-999.0,-999.0,0,0,0.011476913116085537
PSO J139.5976+35.8994,-999,-999,-999,151071395975969979,3578835000023831,214022515350806,0,16486948209159,15107,1,2038,90,0.982546516677874,3578835,49831,3,268959744,0,32,-999.0,-999.0,-999.0,-999.0,139.59759993,35.899442,0.2203499972820282,0.2203499972820282,,,,,55250.29579861,-999.0,-0.6168600960856494,0.5250336492091451,0.5863644677632948,130.78762824257012,19.216129587337072,188.06175168981997,44.31515329700869,-999,0,1,0,0,1,0,0,-999.0,-999.0,-999.0,-999.0,0,-999.0,-999.0,-999.0,-999.0,-999.0,0,-999.0,-999.0,-999.0,0,0,-999.0,-999.0,-999.0,-999.0,0,-999.0,-999.0,-999.0,-999.0,-999.0,0,-999.0,-999.0,-999.0,0,0,0.6387609839439392,21.090700149536133,0.21983499825000763,-999.0,1,21.090700149536133,21.090700149536133,-999.0,-999.0,-999.0,1,21.27400016784668,0.21983499825000763,-999.0,1,4112,-999.0,-999.0,-999.0,-999.0,0,-999.0,-999.0,-999.0,-999.0,-999.0,0,-999.0,-999.0,-999.0,0,0,-999.0,-999.0,-999.0,-999.0,0,-999.0,-999.0,-999.0,-999.0,-999.0,0,-999.0,-999.0,-999.0,0,0,0.011391522620208443
PSO J139.5978+35.8988,-999,-999,-999,151071395978019120,3578835000023892,214022515350867,0,16486948210959,15107,1,2038,90,0.876142295893414,3578835,49831,3,268959744,0,32,-999.0,-999.0,-999.0,-999.0,139.59782669,35.89876326,0.2691200077533722,0.2691200077533722,,,,,56283.60864583,-999.0,-0.6168674636086422,0.5250357099989446,0.5863548717005298,130.78804306313793,19.215545641284173,188.0627177953978,44.315282117706396,-999,0,1,1,0,0,0,0,0.38126999139785767,21.951400756835938,0.2686980068683624,-999.0,1,21.951400756835938,21.951400756835938,-999.0,-999.0,-999.0,0,21.800600051879883,0.2686980068683624,-999.0,1,4120,-999.0,-999.0,-999.0,-999.0,0,-999.0,-999.0,-999.0,-999.0,-999.0,0,-999.0,-999.0,-999.0,0,0,-999.0,-999.0,-999.0,-999.0,0,-999.0,-999.0,-999.0,-999.0,-999.0,0,-999.0,-999.0,-999.0,0,0,-999.0,-999.0,-999.0,-999.0,0,-999.0,-999.0,-999.0,-999.0,-999.0,0,-999.0,-999.0,-999.0,0,0,-999.0,-999.0,-999.0,-999.0,0,-999.0,-999.0,-999.0,-999.0,-999.0,0,-999.0,-999.0,-999.0,0,0,0.012087904070011724
PSO J139.6000+35.8984,-999,-999,-999,151071396000568772,3578835000024423,214022515351398,0,16486947751707,15107,1,2038,90,0.546915857630703,3578835,49831,3,268959744,0,32,-999.0,-999.0,-999.0,-999.0,139.60004298,35.89842389,0.27788999676704407,0.27788999676704407,,,,,55250.30069444,-999.0,-0.6168904171996629,0.5250140991550586,0.5863500736382902,130.78995911700315,19.215800127529967,188.06339124255248,44.31704454915623,-999,0,1,0,0,1,0,0,-999.0,-999.0,-999.0,-999.0,0,-999.0,-999.0,-999.0,-999.0,-999.0,0,-999.0,-999.0,-999.0,0,0,-999.0,-999.0,-999.0,-999.0,0,-999.0,-999.0,-999.0,-999.0,-999.0,0,-999.0,-999.0,-999.0,0,0,0.6387010216712952,21.280799865722656,0.27748098969459534,-999.0,1,21.280799865722656,21.280799865722656,21.387800216674805,0.3237540125846863,-999.0,1,21.164199829101562,0.27748098969459534,-999.0,1,4112,-999.0,-999.0,-999.0,-999.0,0,-999.0,-999.0,-999.0,-999.0,-999.0,0,-999.0,-999.0,-999.0,0,0,-999.0,-999.0,-999.0,-999.0,0,-999.0,-999.0,-999.0,-999.0,-999.0,0,-999.0,-999.0,-999.0,0,0,0.012774753475242973
PSO J139.6008+35.8924,-999,-999,-999,151071396007611470,3578835000024600,214022515351575,0,16486948218531,15107,1,2038,90,0.754241386199595,3578835,49831,3,268959744,0,32,-999.0,-999.0,-999.0,-999.0,139.6007729,35.89238945,0.24376000463962555,0.24376000463962555,,,,,55521.60189815,-999.0,-0.6169441314003561,0.5250462612568826,0.5862647544163213,130.79260218130588,19.210274293986654,188.0718643895815,44.31715115587105,-999,0,1,0,0,0,0,1,-999.0,-999.0,-999.0,-999.0,0,-999.0,-999.0,-999.0,-999.0,-999.0,0,-999.0,-999.0,-999.0,0,0,-999.0,-999.0,-999.0,-999.0,0,-999.0,-999.0,-999.0,-999.0,-999.0,0,-999.0,-999.0,-999.0,0,0,-999.0,-999.0,-999.0,-999.0,0,-999.0,-999.0,-999.0,-999.0,-999.0,0,-999.0,-999.0,-999.0,0,0,-999.0,-999.0,-999.0,-999.0,0,-999.0,-999.0,-999.0,-999.0,-999.0,0,-999.0,-999.0,-999.0,0,0,0.4954589903354645,19.89739990234375,0.24329599738121033,-999.0,1,19.89739990234375,19.89739990234375,-999.0,-999.0,-999.0,0,21.430599212646484,0.24329599738121033,-999.0,1,4120,0.018780041948624527
PSO J139.6009+35.8981,-999,-999,-999,151071396008728361,3578835000024627,214022515351602,0,16486947751714,15107,1,2038,90,0.867597130003941,3578835,49831,3,277348352,0,33,-999.0,-999.0,-999.0,-999.0,139.60087809,35.89808731,0.19446000456809998,0.19446000456809998,,,,,55250.35447917,-999.0,-0.6169006925556123,0.5250073400444989,0.5863453150011567,130.7907520006669,19.215698352471016,188.0639357619057,44.31769195959269,-999,0,1,1,0,0,0,0,0.6542900204658508,21.534700393676758,0.19387699663639069,-999.0,1,21.534700393676758,21.534700393676758,20.60930061340332,0.13136999309062958,-999.0,1,21.009599685668945,0.19387699663639069,-999.0,1,16781336,-999.0,-999.0,-999.0,-999.0,0,-999.0,-999.0,-999.0,-999.0,-999.0,0,-999.0,-999.0,-999.0,0,0,-999.0,-999.0,-999.0,-999.0,0,-999.0,-999.0,-999.0,-999.0,-999.0,0,-999.0,-999.0,-999.0,0,0,-999.0,-999.0,-999.0,-999.0,0,-999.0,-999.0,-999.0,-999.0,-999.0,0,-999.0,-999.0,-999.0,0,0,-999.0,-999.0,-999.0,-999.0,0,-999.0,-999.0,-999.0,-999.0,-999.0,0,-999.0,-999.0,-999.0,0,0,0.013289192506235522
PSO J139.6011+35.8993,-999,-999,-999,151071396011119875,3578835000024687,214022515351662,0,16486947753150,15107,1,2038,90,0.911206143825507,3578835,49831,3,268959744,0,32,-999.0,-999.0,-999.0,-999.0,139.60109169,35.89934927,0.2385299950838089,0.2385299950838089,,,,,55250.27490741,-999.0,-0.616892814622053,0.5249966701590368,0.5863631567464014,130.79049682743155,19.21694912103367,188.06219693487427,44.317965321752055,-999,0,1,0,0,0,0,1,-999.0,-999.0,-999.0,-999.0,0,-999.0,-999.0,-999.0,-999.0,-999.0,0,-999.0,-999.0,-999.0,0,0,-999.0,-999.0,-999.0,-999.0,0,-999.0,-999.0,-999.0,-999.0,-999.0,0,-999.0,-999.0,-999.0,0,0,-999.0,-999.0,-999.0,-999.0,0,-999.0,-999.0,-999.0,-999.0,-999.0,0,-999.0,-999.0,-999.0,0,0,-999.0,-999.0,-999.0,-999.0,0,-999.0,-999.0,-999.0,-999.0,-999.0,0,-999.0,-999.0,-999.0,0,0,0.668936014175415,19.096599578857422,0.23805800080299377,-999.0,1,19.096599578857422,19.096599578857422,-999.0,-999.0,-999.0,1,19.426300048828125,0.23805800080299377,-999.0,1,4112,0.012151563374708674
PSO J139.6014+35.8983,-999,-999,-999,151071396013858594,3578835000024742,214022515351717,0,16486947751369,15107,1,2038,90,0.654289990341561,3578835,49831,3,268959744,0,32,-999.0,-999.0,-999.0,-999.0,139.60138923,35.89828799,0.15647999942302704,0.15647999942302704,,,,,55250.29579861,-999.0,-0.6169038121616379,0.5250005056029293,0.586348152258628,130.7910991326895,19.216021254835013,188.06370244464856,44.3181207332435,-999,0,1,0,0,1,0,0,-999.0,-999.0,-999.0,-999.0,0,-999.0,-999.0,-999.0,-999.0,-999.0,0,-999.0,-999.0,-999.0,0,0,-999.0,-999.0,-999.0,-999.0,0,-999.0,-999.0,-999.0,-999.0,-999.0,0,-999.0,-999.0,-999.0,0,0,0.6701760292053223,20.73270034790039,0.15576200187206268,-999.0,1,20.73270034790039,20.73270034790039,20.600900650024414,0.20396900177001953,-999.0,1,20.49810028076172,0.15576200187206268,-999.0,1,4112,-999.0,-999.0,-999.0,-999.0,0,-999.0,-999.0,-999.0,-999.0,-999.0,0,-999.0,-999.0,-999.0,0,0,-999.0,-999.0,-999.0,-999.0,0,-999.0,-999.0,-999.0,-999.0,-999.0,0,-999.0,-999.0,-999.0,0,0,0.013231433820243131
PSO J139.6015+35.8946,-999,-999,-999,151071396014384163,3578835000024755,214022515351730,0,16486947756286,15107,1,2038,90,0.143528980336645,3578835,49831,3,268513280,0,32,-999.0,-999.0,-999.0,-999.0,139.6014676,35.89463663,0.01978999935090542,0.01978999935090542,,,,,55250.32113426,-999.0,-0.6169329859913323,0.5250238782575325,0.5862965274118876,130.79240326460393,19.212583245701968,188.06879661217306,44.31789198035086,-999,0,1,0,1,0,0,0,-999.0,-999.0,-999.0,-999.0,0,-999.0,-999.0,-999.0,-999.0,-999.0,0,-999.0,-999.0,-999.0,0,0,0.999064028263092,18.402599334716797,0.012903000228106976,-999.0,1,18.402599334716797,18.402599334716797,18.62350082397461,0.029208000749349594,-999.0,1,18.691499710083008,0.012903000228106976,-999.0,1,24,-999.0,-999.0,-999.0,-999.0,0,-999.0,-999.0,-999.0,-999.0,-999.0,0,-999.0,-999.0,-999.0,0,0,-999.0,-999.0,-999.0,-999.0,0,-999.0,-999.0,-999.0,-999.0,-999.0,0,-999.0,-999.0,-999.0,0,0,-999.0,-999.0,-999.0,-999.0,0,-999.0,-999.0,-999.0,-999.0,-999.0,0,-999.0,-999.0,-999.0,0,0,0.016732581941767775
PSO J139.6017+35.8978,-999,-999,-999,151071396016418027,3578835000024798,214022515351773,0,16486947751347,15107,1,2038,90,0.648948278882493,3578835,49831,3,302067712,0,36,-999.0,-999.0,-999.0,-999.0,139.60167651,35.89784699,0.16832000017166138,0.16832000017166138,,,,,56283.60864583,-999.0,-0.616909881435539,0.5250003373424456,0.5863419172952822,130.79148237342076,19.215678218911023,188.06434285413445,44.31831744398863,-999,0,1,1,0,0,0,0,0.45347699522972107,21.507400512695312,0.16765199601650238,-999.0,1,21.507400512695312,21.507400512695312,21.398700714111328,0.2756839990615845,-999.0,1,21.444900512695312,0.16765199601650238,-999.0,1,536,-999.0,-999.0,-999.0,-999.0,0,-999.0,-999.0,-999.0,-999.0,-999.0,0,-999.0,-999.0,-999.0,0,0,-999.0,-999.0,-999.0,-999.0,0,-999.0,-999.0,-999.0,-999.0,-999.0,0,-999.0,-999.0,-999.0,0,0,-999.0,-999.0,-999.0,-999.0,0,-999.0,-999.0,-999.0,-999.0,-999.0,0,-999.0,-999.0,-999.0,0,0,-999.0,-999.0,-999.0,-999.0,0,-999.0,-999.0,-999.0,-999.0,-999.0,0,-999.0,-999.0,-999.0,0,0,0.01372517136076194
PSO J139.6017+35.8991,-999,-999,-999,151071396016969522,3578835000024810,214022515351785,0,16486947753170,15107,1,2038,90,0.917413714264905,3578835,49831,3,268959744,0,32,-999.0,-999.0,-999.0,-999.0,139.60168211,35.89908048,0.2837800085544586,0.2837800085544586,,,,,55250.27944444,-999.0,-0.6169003194369206,0.5249920959640441,0.5863593565842583,130.7910678658851,19.216847968662528,188.0626248484814,44.318420575545,-999,0,1,0,0,0,0,1,-999.0,-999.0,-999.0,-999.0,0,-999.0,-999.0,-999.0,-999.0,-999.0,0,-999.0,-999.0,-999.0,0,0,-999.0,-999.0,-999.0,-999.0,0,-999.0,-999.0,-999.0,-999.0,-999.0,0,-999.0,-999.0,-999.0,0,0,-999.0,-999.0,-999.0,-999.0,0,-999.0,-999.0,-999.0,-999.0,-999.0,0,-999.0,-999.0,-999.0,0,0,-999.0,-999.0,-999.0,-999.0,0,-999.0,-999.0,-999.0,-999.0,-999.0,0,-999.0,-999.0,-999.0,0,0,0.5330060124397278,18.19379997253418,0.28338098526000977,-999.0,1,18.19379997253418,18.19379997253418,-999.0,-999.0,-999.0,1,18.762800216674805,0.28338098526000977,-999.0,1,4112,0.012574278705973012
PSO J139.6018+35.8925,-999,-999,-999,151071396017821656,3578835000187070,214022515515668,0,16486948218477,15107,1,2038,90,0.786483441280651,3578835,49831,3,1343750144,0,160,139.60178231,35.89254357,0.0010000000474974513,0.0010000000474974513,139.60178231,35.89254357,0.0010000000474974513,0.0010000000474974513,,,,,55646.49783565,-999.0,-0.6169521803461444,0.5250343700988898,0.5862669335558681,130.79337002147165,19.210682593124368,188.07174116287825,44.317978610772954,-999,1,0,0,0,0,0,0,-999.0,-999.0,-999.0,-999.0,0,-999.0,-999.0,-999.0,-999.0,-999.0,0,-999.0,-999.0,-999.0,0,16416,-999.0,-999.0,-999.0,-999.0,0,-999.0,-999.0,-999.0,-999.0,-999.0,0,-999.0,-999.0,-999.0,0,16416,-999.0,-999.0,-999.0,-999.0,0,-999.0,-999.0,-999.0,-999.0,-999.0,0,-999.0,-999.0,-999.0,0,114720,-999.0,-999.0,-999.0,-999.0,0,-999.0,-999.0,-999.0,-999.0,-999.0,0,-999.0,-999.0,-999.0,0,16416,-999.0,-999.0,-999.0,-999.0,0,-999.0,-999.0,-999.0,-999.0,-999.0,0,-999.0,-999.0,-999.0,0,16416,0.018819606078935198
PSO J139.6018+35.8961,-999,-999,-999,151071396018015943,3578835000024836,214022515351811,0,16486947764423,15107,1,2038,90,0.538205869997112,3578835,49831,3,268959744,0,32,-999.0,-999.0,-999.0,-999.0,139.6017999,35.89612009,0.3071100115776062,0.3071100115776062,,,,,55248.25253472,-999.0,-0.6169244703429205,0.5250104619597182,0.5863175016362296,130.79216930653527,19.21407465766874,188.0667599555003,44.31827898158647,-999,0,1,0,0,0,0,1,-999.0,-999.0,-999.0,-999.0,0,-999.0,-999.0,-999.0,-999.0,-999.0,0,-999.0,-999.0,-999.0,0,0,-999.0,-999.0,-999.0,-999.0,0,-999.0,-999.0,-999.0,-999.0,-999.0,0,-999.0,-999.0,-999.0,0,0,-999.0,-999.0,-999.0,-999.0,0,-999.0,-999.0,-999.0,-999.0,-999.0,0,-999.0,-999.0,-999.0,0,0,-999.0,-999.0,-999.0,-999.0,0,-999.0,-999.0,-999.0,-999.0,-999.0,0,-999.0,-999.0,-999.0,0,0,0.6719080209732056,19.8351993560791,0.30674800276756287,-999.0,1,19.8351993560791,19.8351993560791,-999.0,-999.0,-999.0,0,-999.0,-999.0,-999.0,0,4120,0.015390669210382648
PSO J139.6021+35.8982,-999,-999,-999,151071396020878451,3578835000024896,214022515351871,0,16486947751391,15107,1,2038,90,0.698858162107745,3578835,49831,3,268959744,0,32,-999.0,-999.0,-999.0,-999.0,139.60209361,35.89817176,0.24406999349594116,0.24406999349594116,,,,,55250.31938657,-999.0,-0.6169111721890999,0.5249936923827696,0.5863465089744943,130.79171093870835,19.216094215776167,188.06392813590762,44.318680204486945,-999,0,1,0,1,0,0,0,-999.0,-999.0,-999.0,-999.0,0,-999.0,-999.0,-999.0,-999.0,-999.0,0,-999.0,-999.0,-999.0,0,0,0.6952890157699585,21.705299377441406,0.24360400438308716,-999.0,1,21.705299377441406,21.705299377441406,21.125999450683594,0.22370100021362305,-999.0,1,21.271799087524414,0.24360400438308716,-999.0,1,4120,-999.0,-999.0,-999.0,-999.0,0,-999.0,-999.0,-999.0,-999.0,-999.0,0,-999.0,-999.0,-999.0,0,0,-999.0,-999.0,-999.0,-999.0,0,-999.0,-999.0,-999.0,-999.0,-999.0,0,-999.0,-999.0,-999.0,0,0,-999.0,-999.0,-999.0,-999.0,0,-999.0,-999.0,-999.0,-999.0,-999.0,0,-999.0,-999.0,-999.0,0,0,0.013541801791332105
PSO J139.6022+35.8914,-999,-999,-999,151071396021350243,3578835000024899,214022515351874,0,16486948220421,15107,1,2038,90,0.340463815574035,3578835,49831,3,302067712,0,36,-999.0,-999.0,-999.0,-999.0,139.60215942,35.89136553,0.20463000237941742,0.20463000237941742,,,,,57033.58118056,-999.0,-0.616964815790825,0.5250381214342135,0.586250276858805,130.794076634717,19.20966481807801,188.07341658142954,44.31818883257801,-999,0,1,0,0,1,0,0,-999.0,-999.0,-999.0,-999.0,0,-999.0,-999.0,-999.0,-999.0,-999.0,0,-999.0,-999.0,-999.0,0,0,-999.0,-999.0,-999.0,-999.0,0,-999.0,-999.0,-999.0,-999.0,-999.0,0,-999.0,-999.0,-999.0,0,0,0.3026899993419647,21.82430076599121,0.20408199727535248,-999.0,1,21.82430076599121,21.82430076599121,-999.0,-999.0,-999.0,1,22.025400161743164,0.20408199727535248,-999.0,1,536,-999.0,-999.0,-999.0,-999.0,0,-999.0,-999.0,-999.0,-999.0,-999.0,0,-999.0,-999.0,-999.0,0,0,-999.0,-999.0,-999.0,-999.0,0,-999.0,-999.0,-999.0,-999.0,-999.0,0,-999.0,-999.0,-999.0,0,0,0.02003661280550767
PSO J139.6022+35.8951,-999,-999,-999,151071396021904669,3578835000024918,214022515351893,0,16486947756219,15107,1,2038,90,0.729998709382488,3578835,49831,3,268513280,0,32,-999.0,-999.0,-999.0,-999.0,139.60221855,35.89505878,0.018050000071525574,0.018050000071525574,,,,,55250.32113426,-999.0,-0.6169365773880705,0.5250129927280875,0.5863024961121948,130.79287002495195,19.21317823869951,188.06827649651768,44.318532144186676,-999,0,1,0,1,0,0,0,-999.0,-999.0,-999.0,-999.0,0,-999.0,-999.0,-999.0,-999.0,-999.0,0,-999.0,-999.0,-999.0,0,0,0.999193012714386,18.05769920349121,0.010034999810159206,-999.0,1,18.05769920349121,18.05769920349121,18.39189910888672,0.02027600072324276,-999.0,1,18.467500686645508,0.010034999810159206,-999.0,1,24,-999.0,-999.0,-999.0,-999.0,0,-999.0,-999.0,-999.0,-999.0,-999.0,0,-999.0,-999.0,-999.0,0,0,-999.0,-999.0,-999.0,-999.0,0,-999.0,-999.0,-999.0,-999.0,-999.0,0,-999.0,-999.0,-999.0,0,0,-999.0,-999.0,-999.0,-999.0,0,-999.0,-999.0,-999.0,-999.0,-999.0,0,-999.0,-999.0,-999.0,0,0,0.01650482778890582
PSO J139.6026+35.8990,-999,-999,-999,151071396026289407,3578835000025015,214022515351990,0,16486947752971,15107,1,2038,90,0.13302652270815,3578835,49831,3,268959744,0,32,-999.0,-999.0,-999.0,-999.0,139.6026093,35.89895852,0.2929899990558624,0.2929899990558624,,,,,55250.27490741,-999.0,-0.6169097655820093,0.5249829217858194,0.5863576323053827,130.79186265100762,19.216973404673674,188.06287867407895,44.31915949601671,-999,0,1,0,0,0,0,1,-999.0,-999.0,-999.0,-999.0,0,-999.0,-999.0,-999.0,-999.0,-999.0,0,-999.0,-999.0,-999.0,0,0,-999.0,-999.0,-999.0,-999.0,0,-999.0,-999.0,-999.0,-999.0,-999.0,0,-999.0,-999.0,-999.0,0,0,-999.0,-999.0,-999.0,-999.0,0,-999.0,-999.0,-999.0,-999.0,-999.0,0,-999.0,-999.0,-999.0,0,0,-999.0,-999.0,-999.0,-999.0,0,-999.0,-999.0,-999.0,-999.0,-999.0,0,-999.0,-999.0,-999.0,0,0,0.5282139778137207,19.191099166870117,0.29260799288749695,-999.0,1,19.191099166870117,19.191099166870117,-999.0,-999.0,-999.0,1,19.167400360107422,0.29260799288749695,-999.0,1,4112,0.012983549700252377
PSO J139.6029+35.8976,-999,-999,-999,151071396028657764,3578835000025073,214022515352048,0,16486947764983,15107,1,2038,90,0.571125384020736,3578835,49831,3,268959744,0,32,-999.0,-999.0,-999.0,-999.0,139.60285196,35.89758366,0.24095000326633453,0.24095000326633453,,,,,55250.30069444,-999.0,-0.6169227042196231,0.5249894274884386,0.5863381942562746,130.7925269091393,19.215734275863316,188.06481613553802,44.319245533245805,-999,0,1,0,0,1,0,0,-999.0,-999.0,-999.0,-999.0,0,-999.0,-999.0,-999.0,-999.0,-999.0,0,-999.0,-999.0,-999.0,0,0,-999.0,-999.0,-999.0,-999.0,0,-999.0,-999.0,-999.0,-999.0,-999.0,0,-999.0,-999.0,-999.0,0,0,0.6273419857025146,21.10610008239746,0.24048200249671936,-999.0,1,21.10610008239746,21.10610008239746,-999.0,-999.0,-999.0,1,22.16029930114746,0.24048200249671936,-999.0,1,4112,-999.0,-999.0,-999.0,-999.0,0,-999.0,-999.0,-999.0,-999.0,-999.0,0,-999.0,-999.0,-999.0,0,0,-999.0,-999.0,-999.0,-999.0,0,-999.0,-999.0,-999.0,-999.0,-999.0,0,-999.0,-999.0,-999.0,0,0,0.014319971279717588
PSO J139.6035+35.8983,-999,-999,-999,151071396035348628,3578835000025226,214022515352201,0,16486947765275,15107,1,2038,90,0.253907053036529,3578835,49831,3,268959744,0,32,-999.0,-999.0,-999.0,-999.0,139.60353883,35.89831594,0.18074999749660492,0.18074999749660492,,,,,55250.32483796,-999.0,-0.6169232906492678,0.5249771751147736,0.5863485474212342,130.79283621661395,19.21660635174828,188.06385806171446,44.31985869777872,-999,0,1,0,1,0,0,0,-999.0,-999.0,-999.0,-999.0,0,-999.0,-999.0,-999.0,-999.0,-999.0,0,-999.0,-999.0,-999.0,0,0,0.6854519844055176,21.43199920654297,0.1801230013370514,-999.0,1,21.43199920654297,21.43199920654297,21.13949966430664,0.20293200016021729,-999.0,1,21.438800811767578,0.1801230013370514,-999.0,1,4120,-999.0,-999.0,-999.0,-999.0,0,-999.0,-999.0,-999.0,-999.0,-999.0,0,-999.0,-999.0,-999.0,0,0,-999.0,-999.0,-999.0,-999.0,0,-999.0,-999.0,-999.0,-999.0,-999.0,0,-999.0,-999.0,-999.0,0,0,-999.0,-999.0,-999.0,-999.0,0,-999.0,-999.0,-999.0,-999.0,-999.0,0,-999.0,-999.0,-999.0,0,0,0.013888483154591498
PSO J139.6035+35.8973,-999,-999,-999,151071396035407387,3578835000025229,214022515352204,0,16486947764926,15107,1,2038,90,0.623176592051216,3578835,49831,3,268959744,0,32,-999.0,-999.0,-999.0,-999.0,139.6035466,35.89727553,0.15116000175476074,0.15116000175476074,,,,,55250.35447917,-999.0,-0.616931470462048,0.5249839915632338,0.5863338378056222,130.79319600091796,19.215622954405223,188.06530831271903,44.3197818034848,-999,0,1,1,0,0,0,0,0.6694409847259521,21.270099639892578,0.150410994887352,-999.0,1,21.270099639892578,21.270099639892578,20.572399139404297,0.12459799647331238,-999.0,1,20.89780044555664,0.150410994887352,-999.0,1,4120,-999.0,-999.0,-999.0,-999.0,0,-999.0,-999.0,-999.0,-999.0,-999.0,0,-999.0,-999.0,-999.0,0,0,-999.0,-999.0,-999.0,-999.0,0,-999.0,-999.0,-999.0,-999.0,-999.0,0,-999.0,-999.0,-999.0,0,0,-999.0,-999.0,-999.0,-999.0,0,-999.0,-999.0,-999.0,-999.0,-999.0,0,-999.0,-999.0,-999.0,0,0,-999.0,-999.0,-999.0,-999.0,0,-999.0,-999.0,-999.0,-999.0,-999.0,0,-999.0,-999.0,-999.0,0,0,0.014829830913876105
PSO J139.6038+35.8966,-999,-999,-999,151071396037746534,3578835000025283,214022515352258,0,16486947765047,15107,1,2038,90,0.260254626404731,3578835,49831,3,268959744,0,32,-999.0,-999.0,-999.0,-999.0,139.60378695,35.89659378,0.3343000113964081,0.3343000113964081,,,,,56759.31069444,-999.0,-0.6169389859593393,0.5249859249164528,0.586324198923325,130.7936229079184,19.21503970217487,188.06627991591435,44.319921374307285,-999,0,1,0,0,1,0,0,-999.0,-999.0,-999.0,-999.0,0,-999.0,-999.0,-999.0,-999.0,-999.0,0,-999.0,-999.0,-999.0,0,0,-999.0,-999.0,-999.0,-999.0,0,-999.0,-999.0,-999.0,-999.0,-999.0,0,-999.0,-999.0,-999.0,0,0,0.5021870136260986,17.252899169921875,0.333963006734848,-999.0,1,17.252899169921875,17.252899169921875,-999.0,-999.0,-999.0,0,17.985300064086914,0.333963006734848,-999.0,1,4112,-999.0,-999.0,-999.0,-999.0,0,-999.0,-999.0,-999.0,-999.0,-999.0,0,-999.0,-999.0,-999.0,0,0,-999.0,-999.0,-999.0,-999.0,0,-999.0,-999.0,-999.0,-999.0,-999.0,0,-999.0,-999.0,-999.0,0,0,0.015530969214981902
PSO J139.6052+35.8972,-999,-999,-999,151071396051597252,3578835000025641,214022515352616,0,16486947766172,15107,1,2038,90,0.971666328582602,3578835,49831,3,277348352,0,33,-999.0,-999.0,-999.0,-999.0,139.6051631,35.89716938,0.15086999535560608,0.15086999535560608,,,,,55250.29579861,-999.0,-0.6169471090269687,0.5249672896792297,0.5863323370155439,130.794545503251,19.21594251713765,188.06560252241715,44.32107860528274,-999,0,1,0,0,1,0,0,-999.0,-999.0,-999.0,-999.0,0,-999.0,-999.0,-999.0,-999.0,-999.0,0,-999.0,-999.0,-999.0,0,0,-999.0,-999.0,-999.0,-999.0,0,-999.0,-999.0,-999.0,-999.0,-999.0,0,-999.0,-999.0,-999.0,0,0,0.6490619778633118,20.663999557495117,0.15011799335479736,-999.0,1,20.663999557495117,20.663999557495117,19.825899124145508,0.12766000628471375,-999.0,1,20.222999572753906,0.15011799335479736,-999.0,1,16781328,-999.0,-999.0,-999.0,-999.0,0,-999.0,-999.0,-999.0,-999.0,-999.0,0,-999.0,-999.0,-999.0,0,0,-999.0,-999.0,-999.0,-999.0,0,-999.0,-999.0,-999.0,-999.0,-999.0,0,-999.0,-999.0,-999.0,0,0,0.015515478351230327
PSO J139.6056+35.8971,-999,-999,-999,151071396056377136,3578835000025767,214022515352742,0,16486947766227,15107,1,2038,90,0.855733266897251,3578835,49831,3,268959744,0,32,-999.0,-999.0,-999.0,-999.0,139.60564362,35.89707619,0.1922599971294403,0.1922599971294403,,,,,55250.31938657,-999.0,-0.6169522380290039,0.5249627335469839,0.5863310194573385,130.7949675968625,19.21597913468479,188.06577585228152,44.32145916622014,-999,0,1,0,1,0,0,0,-999.0,-999.0,-999.0,-999.0,0,-999.0,-999.0,-999.0,-999.0,-999.0,0,-999.0,-999.0,-999.0,0,0,0.7365630269050598,21.450700759887695,0.1916700005531311,-999.0,1,21.450700759887695,21.450700759887695,21.20680046081543,0.2211650013923645,-999.0,1,21.33769989013672,0.1916700005531311,-999.0,1,4120,-999.0,-999.0,-999.0,-999.0,0,-999.0,-999.0,-999.0,-999.0,-999.0,0,-999.0,-999.0,-999.0,0,0,-999.0,-999.0,-999.0,-999.0,0,-999.0,-999.0,-999.0,-999.0,-999.0,0,-999.0,-999.0,-999.0,0,0,-999.0,-999.0,-999.0,-999.0,0,-999.0,-999.0,-999.0,-999.0,-999.0,0,-999.0,-999.0,-999.0,0,0,0.015788040772126765
PSO J139.6061+35.8916,-999,-999,-999,151071396061110485,3578835000025878,214022515352853,0,16486947757722,15107,1,2038,90,0.342591494640886,3578835,49831,3,276901888,0,33,-999.0,-999.0,-999.0,-999.0,139.6061399,35.89157269,0.019670000299811363,0.019670000299811363,,,,,56678.5306713,-999.0,-0.6169996756492688,0.524993884465604,0.5862532059804987,130.79724061768079,19.21089552750963,188.07348871593226,44.3214197697503,-999,0,1,0,1,0,0,0,-999.0,-999.0,-999.0,-999.0,0,-999.0,-999.0,-999.0,-999.0,-999.0,0,-999.0,-999.0,-999.0,0,0,0.0,18.859699249267578,0.012729999609291553,-999.0,1,18.859699249267578,18.859699249267578,18.736400604248047,0.02169400081038475,-999.0,1,18.70490074157715,0.012729999609291553,-999.0,1,16777240,-999.0,-999.0,-999.0,-999.0,0,-999.0,-999.0,-999.0,-999.0,-999.0,0,-999.0,-999.0,-999.0,0,0,-999.0,-999.0,-999.0,-999.0,0,-999.0,-999.0,-999.0,-999.0,-999.0,0,-999.0,-999.0,-999.0,0,0,-999.0,-999.0,-999.0,-999.0,0,-999.0,-999.0,-999.0,-999.0,-999.0,0,-999.0,-999.0,-999.0,0,0,0.02089425756607896
PSO J139.6062+35.8993,-999,-999,-999,151071396061609739,3578835000187121,214022515515719,0,16486947763876,15107,1,2038,90,0.743579303606953,3578835,49831,3,1343750144,0,160,139.6061607,35.89927846,0.0010000000474974513,0.0010000000474974513,139.6061607,35.89927846,0.0010000000474974513,0.0010000000474974513,,,,,55664.18021991,-999.0,-0.6169398110550729,0.5249425606446874,0.5863621556334699,130.79463949256814,19.21819937168684,188.06275422434967,44.322052676349294,-999,1,0,0,0,0,0,0,-999.0,-999.0,-999.0,-999.0,0,-999.0,-999.0,-999.0,-999.0,-999.0,0,-999.0,-999.0,-999.0,0,16416,-999.0,-999.0,-999.0,-999.0,0,-999.0,-999.0,-999.0,-999.0,-999.0,0,-999.0,-999.0,-999.0,0,16416,-999.0,-999.0,-999.0,-999.0,0,-999.0,-999.0,-999.0,-999.0,-999.0,0,-999.0,-999.0,-999.0,0,16416,-999.0,-999.0,-999.0,-999.0,0,-999.0,-999.0,-999.0,-999.0,-999.0,0,-999.0,-999.0,-999.0,0,114720,-999.0,-999.0,-999.0,-999.0,0,-999.0,-999.0,-999.0,-999.0,-999.0,0,-999.0,-999.0,-999.0,0,16416,0.014165806557313773
PSO J139.6063+35.8961,-999,-999,-999,151071396062645915,3578835000025928,214022515352903,0,16486947762832,15107,1,2038,90,0.487409977696286,3578835,49831,3,268959744,0,32,-999.0,-999.0,-999.0,-999.0,139.60628701,35.89608707,0.30570000410079956,0.30570000410079956,,,,,55248.27152778,-999.0,-0.6169658419103136,0.5249623649774208,0.5863170347799995,130.7958264219522,19.215209512205927,188.06721221865737,44.321899626711094,-999,0,1,0,0,0,1,0,-999.0,-999.0,-999.0,-999.0,0,-999.0,-999.0,-999.0,-999.0,-999.0,0,-999.0,-999.0,-999.0,0,0,-999.0,-999.0,-999.0,-999.0,0,-999.0,-999.0,-999.0,-999.0,-999.0,0,-999.0,-999.0,-999.0,0,0,-999.0,-999.0,-999.0,-999.0,0,-999.0,-999.0,-999.0,-999.0,-999.0,0,-999.0,-999.0,-999.0,0,0,0.6622939705848694,21.384700775146484,0.3053320050239563,-999.0,1,21.384700775146484,21.384700775146484,-999.0,-999.0,-999.0,0,-999.0,-999.0,-999.0,0,4120,-999.0,-999.0,-999.0,-999.0,0,-999.0,-999.0,-999.0,-999.0,-999.0,0,-999.0,-999.0,-999.0,0,0,0.016905303657125267
PSO J139.6063+35.8919,-999,-999,-999,151071396065020830,3578835000025999,214022515352974,0,16486947757764,15107,1,2038,90,0.468856266205065,3578835,49831,3,268959744,0,32,-999.0,-999.0,-999.0,-999.0,139.60633768,35.89192478,0.1847500056028366,0.1847500056028366,,,,,55261.26605324,-999.0,-0.6169987440890299,0.5249894200092755,0.5862581843103638,130.79728170713864,19.211280409873705,188.07301607688296,44.32160765554056,-999,0,2,0,1,1,0,0,-999.0,-999.0,-999.0,-999.0,0,-999.0,-999.0,-999.0,-999.0,-999.0,0,-999.0,-999.0,-999.0,0,0,0.7478209733963013,21.88520050048828,0.23253099620342255,-999.0,1,21.88520050048828,21.88520050048828,21.605899810791016,0.22870799899101257,-999.0,1,21.44770050048828,0.23253099620342255,-999.0,1,4120,0.7154200077056885,21.125900268554688,0.3027949929237366,-999.0,1,21.125900268554688,21.125900268554688,-999.0,-999.0,-999.0,1,-999.0,-999.0,-999.0,0,4120,-999.0,-999.0,-999.0,-999.0,0,-999.0,-999.0,-999.0,-999.0,-999.0,0,-999.0,-999.0,-999.0,0,0,-999.0,-999.0,-999.0,-999.0,0,-999.0,-999.0,-999.0,-999.0,-999.0,0,-999.0,-999.0,-999.0,0,0,0.020636684856410393
PSO J139.6069+35.8948,-999,-999,-999,151071396069014298,3578835000026107,214022515353082,0,16486947755485,15107,1,2038,90,0.274883494968418,3578835,49831,3,268959744,0,32,-999.0,-999.0,-999.0,-999.0,139.60691845,35.89476003,0.41776999831199646,0.41776999831199646,,,,,55249.28607639,-999.0,-0.6169819697767572,0.5249643655053079,0.5862982721448206,130.7967903499677,19.214116730382262,188.06911834667213,44.32230341416153,-999,0,1,0,0,1,0,0,-999.0,-999.0,-999.0,-999.0,0,-999.0,-999.0,-999.0,-999.0,-999.0,0,-999.0,-999.0,-999.0,0,0,-999.0,-999.0,-999.0,-999.0,0,-999.0,-999.0,-999.0,-999.0,-999.0,0,-999.0,-999.0,-999.0,0,0,0.687529981136322,21.517499923706055,0.41749900579452515,-999.0,1,21.517499923706055,21.517499923706055,-999.0,-999.0,-999.0,0,23.034799575805664,0.41749900579452515,-999.0,1,4120,-999.0,-999.0,-999.0,-999.0,0,-999.0,-999.0,-999.0,-999.0,-999.0,0,-999.0,-999.0,-999.0,0,0,-999.0,-999.0,-999.0,-999.0,0,-999.0,-999.0,-999.0,-999.0,-999.0,0,-999.0,-999.0,-999.0,0,0,0.018312193143978178
PSO J139.6070+35.8957,-999,-999,-999,151071396069515487,3578835000026127,214022515353102,0,16486947762938,15107,1,2038,90,0.816524358295393,3578835,49831,3,268959744,0,32,-999.0,-999.0,-999.0,-999.0,139.60697373,35.89574264,0.26565998792648315,0.26565998792648315,,,,,56042.25787037,-999.0,-0.6169748182066322,0.5249572543127092,0.5863121650139579,130.796501422063,19.215061764909258,188.0677542750235,44.3224266124364,-999,0,1,0,0,0,1,0,-999.0,-999.0,-999.0,-999.0,0,-999.0,-999.0,-999.0,-999.0,-999.0,0,-999.0,-999.0,-999.0,0,0,-999.0,-999.0,-999.0,-999.0,0,-999.0,-999.0,-999.0,-999.0,-999.0,0,-999.0,-999.0,-999.0,0,0,-999.0,-999.0,-999.0,-999.0,0,-999.0,-999.0,-999.0,-999.0,-999.0,0,-999.0,-999.0,-999.0,0,0,0.005768999923020601,21.287099838256836,0.2652350068092346,-999.0,1,21.287099838256836,21.287099838256836,-999.0,-999.0,-999.0,0,22.672500610351562,0.2652350068092346,-999.0,1,4120,-999.0,-999.0,-999.0,-999.0,0,-999.0,-999.0,-999.0,-999.0,-999.0,0,-999.0,-999.0,-999.0,0,0,0.01748366165824577
PSO J139.6070+35.8925,-999,-999,-999,151071396069721616,3578835000026129,214022515353104,0,16486947757671,15107,1,2038,90,0.569062664703524,3578835,49831,3,268959744,0,32,-999.0,-999.0,-999.0,-999.0,139.60699409,35.89251164,0.2596299946308136,0.2596299946308136,,,,,55249.28762731,-999.0,-0.6170001851817806,0.5249784599991721,0.5862664820903085,130.79761569361847,19.2120068512619,188.07225787813243,44.322184673870964,-999,0,1,0,0,1,0,0,-999.0,-999.0,-999.0,-999.0,0,-999.0,-999.0,-999.0,-999.0,-999.0,0,-999.0,-999.0,-999.0,0,0,-999.0,-999.0,-999.0,-999.0,0,-999.0,-999.0,-999.0,-999.0,-999.0,0,-999.0,-999.0,-999.0,0,0,0.777118980884552,21.091400146484375,0.259196013212204,-999.0,1,21.091400146484375,21.091400146484375,-999.0,-999.0,-999.0,0,22.21179962158203,0.259196013212204,-999.0,1,4120,-999.0,-999.0,-999.0,-999.0,0,-999.0,-999.0,-999.0,-999.0,-999.0,0,-999.0,-999.0,-999.0,0,0,-999.0,-999.0,-999.0,-999.0,0,-999.0,-999.0,-999.0,-999.0,-999.0,0,-999.0,-999.0,-999.0,0,0,0.0203321118123993
PSO J139.6072+35.8965,-999,-999,-999,151071396070716485,3578835000026164,214022515353139,0,16486947762824,15107,1,2038,90,0.158271566180765,3578835,49831,3,302067712,0,36,-999.0,-999.0,-999.0,-999.0,139.60715598,35.89645109,0.13096000254154205,0.13096000254154205,,,,,56676.39229167,4.796599864959717,-0.6169709665201044,0.5249505938218574,0.5863221814986428,130.79640880411813,19.215780130619596,188.06678367936192,44.3226304071688,-999,0,2,1,0,1,0,0,0.40470999479293823,21.649499893188477,0.1888909935951233,-999.0,1,21.649499893188477,21.649499893188477,21.56399917602539,0.29737499356269836,-999.0,1,21.243499755859375,0.1888909935951233,-999.0,1,536,-999.0,-999.0,-999.0,-999.0,0,-999.0,-999.0,-999.0,-999.0,-999.0,0,-999.0,-999.0,-999.0,0,0,0.3603549897670746,21.677900314331055,0.18057399988174438,-999.0,1,21.677900314331055,21.677900314331055,21.41080093383789,0.19800999760627747,-999.0,1,21.469200134277344,0.18057399988174438,-999.0,1,536,-999.0,-999.0,-999.0,-999.0,0,-999.0,-999.0,-999.0,-999.0,-999.0,0,-999.0,-999.0,-999.0,0,0,-999.0,-999.0,-999.0,-999.0,0,-999.0,-999.0,-999.0,-999.0,-999.0,0,-999.0,-999.0,-999.0,0,0,0.016958353905483125
PSO J139.6073+35.8969,-999,-999,-999,151071396072176936,3578835000026197,214022515353172,0,16486947762502,15107,1,2038,90,0.612871192966468,3578835,49831,3,268959744,0,32,-999.0,-999.0,-999.0,-999.0,139.60727448,35.89690896,0.16787999868392944,0.16787999868392944,,,,,57035.58855324,-999.0,-0.6169684836370937,0.524946281462948,0.5863286550875443,130.79634952204236,19.216244593872336,188.0661564455735,44.32276268862965,-999,0,2,0,0,2,0,0,-999.0,-999.0,-999.0,-999.0,0,-999.0,-999.0,-999.0,-999.0,-999.0,0,-999.0,-999.0,-999.0,0,0,-999.0,-999.0,-999.0,-999.0,0,-999.0,-999.0,-999.0,-999.0,-999.0,0,-999.0,-999.0,-999.0,0,0,0.3690359890460968,21.832599639892578,0.12624500691890717,0.1786320060491562,2,21.710500717163086,21.96299934387207,-999.0,-999.0,-999.0,0,23.794300079345703,0.7296310067176819,1.0926799774169922,2,4120,-999.0,-999.0,-999.0,-999.0,0,-999.0,-999.0,-999.0,-999.0,-999.0,0,-999.0,-999.0,-999.0,0,0,-999.0,-999.0,-999.0,-999.0,0,-999.0,-999.0,-999.0,-999.0,-999.0,0,-999.0,-999.0,-999.0,0,0,0.016627096187512434
PSO J139.6073+35.8985,-999,-999,-999,151071396072408828,3578835000026207,214022515353182,0,16486947765790,15107,1,2038,90,0.313149011985538,3578835,49831,3,268959744,0,32,-999.0,-999.0,-999.0,-999.0,139.60725117,35.89852649,0.26065000891685486,0.26065000891685486,,,,,57035.59429398,-999.0,-0.6169556628935562,0.5249358056708856,0.586351524214128,130.79578100296308,19.21777055657585,188.06390059724984,44.32287311596605,-999,0,1,0,0,1,0,0,-999.0,-999.0,-999.0,-999.0,0,-999.0,-999.0,-999.0,-999.0,-999.0,0,-999.0,-999.0,-999.0,0,0,-999.0,-999.0,-999.0,-999.0,0,-999.0,-999.0,-999.0,-999.0,-999.0,0,-999.0,-999.0,-999.0,0,0,0.026750000193715096,21.99020004272461,0.26022300124168396,-999.0,1,21.99020004272461,21.99020004272461,-999.0,-999.0,-999.0,0,23.578699111938477,0.26022300124168396,-999.0,1,4120,-999.0,-999.0,-999.0,-999.0,0,-999.0,-999.0,-999.0,-999.0,-999.0,0,-999.0,-999.0,-999.0,0,0,-999.0,-999.0,-999.0,-999.0,0,-999.0,-999.0,-999.0,-999.0,-999.0,0,-999.0,-999.0,-999.0,0,0,0.01529545184880224
PSO J139.6073+35.8927,-999,-999,-999,151071396072852034,3578835000026212,214022515353187,0,16486947755705,15107,1,2038,90,0.480242654197144,3578835,49831,3,268959744,0,32,-999.0,-999.0,-999.0,-999.0,139.60730352,35.89274137,0.1667100042104721,0.1667100042104721,,,,,57035.58813657,-999.0,-0.6170012300387747,0.5249736045507054,0.5862697302911678,130.7977890707736,19.212304859595513,188.07196582383963,44.32245292184485,-999,0,2,0,0,2,0,0,-999.0,-999.0,-999.0,-999.0,0,-999.0,-999.0,-999.0,-999.0,-999.0,0,-999.0,-999.0,-999.0,0,0,-999.0,-999.0,-999.0,-999.0,0,-999.0,-999.0,-999.0,-999.0,-999.0,0,-999.0,-999.0,-999.0,0,0,0.8272489905357361,21.956600189208984,0.028193999081850052,0.03990299999713898,2,21.929500579833984,21.98579978942871,-999.0,-999.0,-999.0,0,23.216899871826172,0.6492559909820557,0.957738995552063,2,4120,-999.0,-999.0,-999.0,-999.0,0,-999.0,-999.0,-999.0,-999.0,-999.0,0,-999.0,-999.0,-999.0,0,0,-999.0,-999.0,-999.0,-999.0,0,-999.0,-999.0,-999.0,-999.0,-999.0,0,-999.0,-999.0,-999.0,0,0,0.020239446168286056
PSO J139.6075+35.8946,-999,-999,-999,151071396074754096,3578835000026262,214022515353237,0,16486947755446,15107,1,2038,90,0.173873129462705,3578835,49831,3,302067712,0,36,-999.0,-999.0,-999.0,-999.0,139.60750852,35.8945831,0.20784999430179596,0.20784999430179596,,,,,55249.28297454,-999.0,-0.6169887550883474,0.524959184622265,0.5862957705589031,130.79732991475657,19.21410251265352,188.06941828923587,44.32276575024645,-999,0,1,0,0,1,0,0,-999.0,-999.0,-999.0,-999.0,0,-999.0,-999.0,-999.0,-999.0,-999.0,0,-999.0,-999.0,-999.0,0,0,-999.0,-999.0,-999.0,-999.0,0,-999.0,-999.0,-999.0,-999.0,-999.0,0,-999.0,-999.0,-999.0,0,0,0.9059849977493286,20.901599884033203,0.20730799436569214,-999.0,1,20.901599884033203,20.901599884033203,-999.0,-999.0,-999.0,1,22.942399978637695,0.20730799436569214,-999.0,1,280,-999.0,-999.0,-999.0,-999.0,0,-999.0,-999.0,-999.0,-999.0,-999.0,0,-999.0,-999.0,-999.0,0,0,-999.0,-999.0,-999.0,-999.0,0,-999.0,-999.0,-999.0,-999.0,-999.0,0,-999.0,-999.0,-999.0,0,0,0.018702575695909645
PSO J139.6075+35.8962,-999,-999,-999,151071396074996146,3578835000026274,214022515353249,0,16486947762975,15107,1,2038,90,0.123516557853219,3578835,49831,3,268959744,0,32,-999.0,-999.0,-999.0,-999.0,139.60748621,35.89623474,0.3095700144767761,0.3095700144767761,,,,,55250.30069444,-999.0,-0.616975678317126,0.524948472528991,0.5863191226240207,130.79675063107052,19.215661043642083,188.06711501085323,44.322879771222425,-999,0,1,0,0,1,0,0,-999.0,-999.0,-999.0,-999.0,0,-999.0,-999.0,-999.0,-999.0,-999.0,0,-999.0,-999.0,-999.0,0,0,-999.0,-999.0,-999.0,-999.0,0,-999.0,-999.0,-999.0,-999.0,-999.0,0,-999.0,-999.0,-999.0,0,0,0.5646669864654541,21.318099975585938,0.3092060089111328,-999.0,1,21.318099975585938,21.318099975585938,20.675899505615234,0.2487809956073761,-999.0,1,20.944599151611328,0.3092060089111328,-999.0,1,4112,-999.0,-999.0,-999.0,-999.0,0,-999.0,-999.0,-999.0,-999.0,-999.0,0,-999.0,-999.0,-999.0,0,0,-999.0,-999.0,-999.0,-999.0,0,-999.0,-999.0,-999.0,-999.0,-999.0,0,-999.0,-999.0,-999.0,0,0,0.017284938244169143
PSO J139.6075+35.8951,-999,-999,-999,151071396075214762,3578835000026280,214022515353255,0,16486947762805,15107,1,2038,90,0.99473793617891,3578835,49831,3,302067712,0,36,-999.0,-999.0,-999.0,-999.0,139.60754925,35.89513634,0.18283000588417053,0.18283000588417053,,,,,56408.27100694,-999.0,-0.6169848165423673,0.5249550774356759,0.5863035927151434,130.79717504320774,19.214637092671204,188.06865113847456,44.32284287212851,-999,0,1,0,0,0,0,1,-999.0,-999.0,-999.0,-999.0,0,-999.0,-999.0,-999.0,-999.0,-999.0,0,-999.0,-999.0,-999.0,0,0,-999.0,-999.0,-999.0,-999.0,0,-999.0,-999.0,-999.0,-999.0,-999.0,0,-999.0,-999.0,-999.0,0,0,-999.0,-999.0,-999.0,-999.0,0,-999.0,-999.0,-999.0,-999.0,-999.0,0,-999.0,-999.0,-999.0,0,0,-999.0,-999.0,-999.0,-999.0,0,-999.0,-999.0,-999.0,-999.0,-999.0,0,-999.0,-999.0,-999.0,0,0,0.9989780187606812,19.47760009765625,0.18221500515937805,-999.0,1,19.47760009765625,19.47760009765625,19.438400268554688,0.24546599388122559,-999.0,1,19.198400497436523,0.18221500515937805,-999.0,1,280,0.01824349134994576
PSO J139.6077+35.8982,-999,-999,-999,151071396077268388,3578835000026346,214022515353321,0,16486947765799,15107,1,2038,90,0.648858994849826,3578835,49831,3,268959744,0,32,-999.0,-999.0,-999.0,-999.0,139.60774987,35.89815962,0.21423999965190887,0.21423999965190887,,,,,56042.25787037,-999.0,-0.6169630913713796,0.524932868638988,0.5863463373364871,130.79631085367728,19.21755269073967,188.06445688131396,44.32324649060578,-999,0,1,0,0,0,1,0,-999.0,-999.0,-999.0,-999.0,0,-999.0,-999.0,-999.0,-999.0,-999.0,0,-999.0,-999.0,-999.0,0,0,-999.0,-999.0,-999.0,-999.0,0,-999.0,-999.0,-999.0,-999.0,-999.0,0,-999.0,-999.0,-999.0,0,0,-999.0,-999.0,-999.0,-999.0,0,-999.0,-999.0,-999.0,-999.0,-999.0,0,-999.0,-999.0,-999.0,0,0,0.0,21.043699264526367,0.21371300518512726,-999.0,1,21.043699264526367,21.043699264526367,-999.0,-999.0,-999.0,0,21.134199142456055,0.21371300518512726,-999.0,1,4120,-999.0,-999.0,-999.0,-999.0,0,-999.0,-999.0,-999.0,-999.0,-999.0,0,-999.0,-999.0,-999.0,0,0,0.015831801825683642
PSO J139.6077+35.8972,-999,-999,-999,151071396077617245,3578835000026357,214022515353332,0,16486947762546,15107,1,2038,90,0.331910795841283,3578835,49831,3,268959744,0,32,-999.0,-999.0,-999.0,-999.0,139.60774713,35.89718114,0.20941999554634094,0.20941999554634094,,,,,55250.27944444,-999.0,-0.6169706926778306,0.5249393869490107,0.5863325032831072,130.7966410829114,19.21662522582899,188.06581998004506,44.32316609571173,-999,0,1,0,0,0,0,1,-999.0,-999.0,-999.0,-999.0,0,-999.0,-999.0,-999.0,-999.0,-999.0,0,-999.0,-999.0,-999.0,0,0,-999.0,-999.0,-999.0,-999.0,0,-999.0,-999.0,-999.0,-999.0,-999.0,0,-999.0,-999.0,-999.0,0,0,-999.0,-999.0,-999.0,-999.0,0,-999.0,-999.0,-999.0,-999.0,-999.0,0,-999.0,-999.0,-999.0,0,0,-999.0,-999.0,-999.0,-999.0,0,-999.0,-999.0,-999.0,-999.0,-999.0,0,-999.0,-999.0,-999.0,0,0,0.6607890129089355,17.968599319458008,0.2088869959115982,-999.0,1,17.968599319458008,17.968599319458008,17.678199768066406,0.2679609954357147,-999.0,1,17.765100479125977,0.2088869959115982,-999.0,1,4112,0.016619289413229186
PSO J139.6084+35.8914,-999,-999,-999,151071396084120311,3578835000026587,214022515353562,0,16486947809541,15107,1,2038,90,0.490639030459001,3578835,49831,3,268513280,0,32,-999.0,-999.0,-999.0,-999.0,139.60843558,35.89143366,0.04165000095963478,0.04165000095963478,,,,,55521.6127662,-999.0,-0.6170217936447896,0.5249700844400029,0.5862512401781533,130.79915321615547,19.21136050838521,188.07389042041567,44.32326247941,-999,0,1,0,0,0,0,1,-999.0,-999.0,-999.0,-999.0,0,-999.0,-999.0,-999.0,-999.0,-999.0,0,-999.0,-999.0,-999.0,0,0,-999.0,-999.0,-999.0,-999.0,0,-999.0,-999.0,-999.0,-999.0,-999.0,0,-999.0,-999.0,-999.0,0,0,-999.0,-999.0,-999.0,-999.0,0,-999.0,-999.0,-999.0,-999.0,-999.0,0,-999.0,-999.0,-999.0,0,0,-999.0,-999.0,-999.0,-999.0,0,-999.0,-999.0,-999.0,-999.0,-999.0,0,-999.0,-999.0,-999.0,0,0,0.9963619709014893,18.21190071105957,0.03885599970817566,-999.0,1,18.21190071105957,18.21190071105957,19.15920066833496,0.12170399725437164,-999.0,1,19.088899612426758,0.03885599970817566,-999.0,1,24,0.021822667132655696
PSO J139.6087+35.8962,-999,-999,-999,151071396084526155,3578835000026608,214022515353583,0,16486947763113,15107,1,2038,90,0.139611681121971,3578835,49831,3,302067712,0,36,-999.0,-999.0,-999.0,-999.0,139.60866079,35.89616893,0.1776300072669983,0.1776300072669983,,,,,56283.60864583,-999.0,-0.6169869527036522,0.52493626063581,0.586318192164591,130.79772736679405,19.215903987500297,188.06731300601865,44.32382297191485,-999,0,2,1,1,0,0,0,0.40505799651145935,21.5762996673584,0.1770000010728836,-999.0,1,21.5762996673584,21.5762996673584,21.382400512695312,0.2928580045700073,-999.0,1,21.2632999420166,0.1770000010728836,-999.0,1,536,0.691569983959198,21.288799285888672,0.17075100541114807,-999.0,1,21.288799285888672,21.288799285888672,20.665300369262695,0.15795199573040009,-999.0,1,20.799100875854492,0.17075100541114807,-999.0,1,16781336,-999.0,-999.0,-999.0,-999.0,0,-999.0,-999.0,-999.0,-999.0,-999.0,0,-999.0,-999.0,-999.0,0,0,-999.0,-999.0,-999.0,-999.0,0,-999.0,-999.0,-999.0,-999.0,-999.0,0,-999.0,-999.0,-999.0,0,0,-999.0,-999.0,-999.0,-999.0,0,-999.0,-999.0,-999.0,-999.0,-999.0,0,-999.0,-999.0,-999.0,0,0,0.01787308313058789
PSO J139.6086+35.8966,-999,-999,-999,151071396085986562,3578835000026669,214022515353644,0,16486947763100,15107,1,2038,90,0.0670885043843542,3578835,49831,3,310456320,0,37,-999.0,-999.0,-999.0,-999.0,139.60862266,35.89659385,0.17666999995708466,0.17666999995708466,,,,,55250.32483796,-999.0,-0.6169832915356049,0.5249338535113233,0.5863241999130202,130.79755201114585,19.216296533713322,188.06671749572791,44.32382614014517,-999,0,1,0,1,0,0,0,-999.0,-999.0,-999.0,-999.0,0,-999.0,-999.0,-999.0,-999.0,-999.0,0,-999.0,-999.0,-999.0,0,0,0.9213820099830627,21.483200073242188,0.17603300511837006,-999.0,1,21.483200073242188,21.483200073242188,20.78510093688965,0.1597519963979721,-999.0,1,20.88680076599121,0.17603300511837006,-999.0,1,16777496,-999.0,-999.0,-999.0,-999.0,0,-999.0,-999.0,-999.0,-999.0,-999.0,0,-999.0,-999.0,-999.0,0,0,-999.0,-999.0,-999.0,-999.0,0,-999.0,-999.0,-999.0,-999.0,-999.0,0,-999.0,-999.0,-999.0,0,0,-999.0,-999.0,-999.0,-999.0,0,-999.0,-999.0,-999.0,-999.0,-999.0,0,-999.0,-999.0,-999.0,0,0,0.01750993944302327
PSO J139.6086+35.8981,-999,-999,-999,151071396086028370,3578835000026673,214022515353648,0,16486947762468,15107,1,2038,90,0.464782158345713,3578835,49831,3,268959744,0,32,-999.0,-999.0,-999.0,-999.0,139.60862472,35.89814008,0.24279999732971191,0.24279999732971191,,,,,55249.28762731,-999.0,-0.6169712588074692,0.5249235777393421,0.586346061075587,130.7970283200624,19.217761555755896,188.06456324617858,44.32395134589657,-999,0,1,0,0,1,0,0,-999.0,-999.0,-999.0,-999.0,0,-999.0,-999.0,-999.0,-999.0,-999.0,0,-999.0,-999.0,-999.0,0,0,-999.0,-999.0,-999.0,-999.0,0,-999.0,-999.0,-999.0,-999.0,-999.0,0,-999.0,-999.0,-999.0,0,0,0.6813690066337585,20.924800872802734,0.24233900010585785,-999.0,1,20.924800872802734,20.924800872802734,-999.0,-999.0,-999.0,0,21.291400909423828,0.24233900010585785,-999.0,1,4120,-999.0,-999.0,-999.0,-999.0,0,-999.0,-999.0,-999.0,-999.0,-999.0,0,-999.0,-999.0,-999.0,0,0,-999.0,-999.0,-999.0,-999.0,0,-999.0,-999.0,-999.0,-999.0,-999.0,0,-999.0,-999.0,-999.0,0,0,0.016286307061498237
PSO J139.6088+35.8955,-999,-999,-999,151071396088375184,3578835000187146,214022515515744,0,16486947762348,15107,1,2038,90,0.56982638181171,3578835,49831,3,1343750144,0,160,139.60883689,35.89548199,0.0010000000474974513,0.0010000000474974513,139.60883689,35.89548199,0.0010000000474974513,0.0010000000474974513,,,,,55646.49783565,-999.0,-0.6169939200601304,0.5249389194576123,0.5863084797676968,130.79810385187022,19.21529913216186,188.06828608734816,44.32391026838579,-999,1,0,0,0,0,0,0,-999.0,-999.0,-999.0,-999.0,0,-999.0,-999.0,-999.0,-999.0,-999.0,0,-999.0,-999.0,-999.0,0,16416,-999.0,-999.0,-999.0,-999.0,0,-999.0,-999.0,-999.0,-999.0,-999.0,0,-999.0,-999.0,-999.0,0,16416,-999.0,-999.0,-999.0,-999.0,0,-999.0,-999.0,-999.0,-999.0,-999.0,0,-999.0,-999.0,-999.0,0,114720,-999.0,-999.0,-999.0,-999.0,0,-999.0,-999.0,-999.0,-999.0,-999.0,0,-999.0,-999.0,-999.0,0,16416,-999.0,-999.0,-999.0,-999.0,0,-999.0,-999.0,-999.0,-999.0,-999.0,0,-999.0,-999.0,-999.0,0,16416,0.0185181455846544
PSO J139.6092+35.8970,-999,-999,-999,151071396092377072,3578835000026870,214022515353845,0,16486947762566,15107,1,2038,90,0.697931542711269,3578835,49831,3,268959744,0,32,-999.0,-999.0,-999.0,-999.0,139.60921787,35.89701198,0.3843100070953369,0.3843100070953369,,,,,55250.27490741,-999.0,-0.6169854857450011,0.5249246713356093,0.5863301116292832,130.797893563485,19.216847256035397,188.0661887486304,44.324340173805574,-999,0,1,0,0,0,0,1,-999.0,-999.0,-999.0,-999.0,0,-999.0,-999.0,-999.0,-999.0,-999.0,0,-999.0,-999.0,-999.0,0,0,-999.0,-999.0,-999.0,-999.0,0,-999.0,-999.0,-999.0,-999.0,-999.0,0,-999.0,-999.0,-999.0,0,0,-999.0,-999.0,-999.0,-999.0,0,-999.0,-999.0,-999.0,-999.0,-999.0,0,-999.0,-999.0,-999.0,0,0,-999.0,-999.0,-999.0,-999.0,0,-999.0,-999.0,-999.0,-999.0,-999.0,0,-999.0,-999.0,-999.0,0,0,0.43966200947761536,19.33799934387207,0.38401299715042114,-999.0,1,19.33799934387207,19.33799934387207,-999.0,-999.0,-999.0,1,19.152299880981445,0.38401299715042114,-999.0,1,4112,0.01746720796232209
PSO J139.6071+35.9071,-999,-999,-999,151081396070679070,3578835000026171,214022515353146,0,16486947896657,15108,1,2038,90,0.0618096320534215,3578835,49831,3,268959744,0,32,-999.0,-999.0,-999.0,-999.0,139.60707869,35.90705446,0.31929001212120056,0.31929001212120056,,,,,57035.5824537,-999.0,-0.6168876069180481,0.5248811017918935,0.5864720874966273,130.7927431994595,19.2258028531036,188.05200265821776,44.32341455745844,-999,0,1,0,0,1,0,0,-999.0,-999.0,-999.0,-999.0,0,-999.0,-999.0,-999.0,-999.0,-999.0,0,-999.0,-999.0,-999.0,0,0,-999.0,-999.0,-999.0,-999.0,0,-999.0,-999.0,-999.0,-999.0,-999.0,0,-999.0,-999.0,-999.0,0,0,0.6561610102653503,22.177400588989258,0.31894001364707947,-999.0,1,22.177400588989258,22.177400588989258,-999.0,-999.0,-999.0,0,24.468599319458008,0.31894001364707947,-999.0,1,4120,-999.0,-999.0,-999.0,-999.0,0,-999.0,-999.0,-999.0,-999.0,-999.0,0,-999.0,-999.0,-999.0,0,0,-999.0,-999.0,-999.0,-999.0,0,-999.0,-999.0,-999.0,-999.0,-999.0,0,-999.0,-999.0,-999.0,0,0,0.009779330072656802
PSO J139.6071+35.9030,-999,-999,-999,151081396070924173,3578835000026176,214022515353151,0,16486947887346,15108,1,2038,90,0.648936778911331,3578835,49831,3,268959744,0,32,-999.0,-999.0,-999.0,-999.0,139.60712596,35.90299557,0.21112999320030212,0.21112999320030212,,,,,55250.28234954,-999.0,-0.6169196808275331,0.5249075145583478,0.5864147069845985,130.7941607840301,19.221970834360626,188.0576623661364,44.32312889234506,-999,0,1,0,0,1,0,0,-999.0,-999.0,-999.0,-999.0,0,-999.0,-999.0,-999.0,-999.0,-999.0,0,-999.0,-999.0,-999.0,0,0,-999.0,-999.0,-999.0,-999.0,0,-999.0,-999.0,-999.0,-999.0,-999.0,0,-999.0,-999.0,-999.0,0,0,0.6147480010986328,19.240100860595703,0.21059399843215942,-999.0,1,19.240100860595703,19.240100860595703,-999.0,-999.0,-999.0,0,19.65290069580078,0.21059399843215942,-999.0,1,4112,-999.0,-999.0,-999.0,-999.0,0,-999.0,-999.0,-999.0,-999.0,-999.0,0,-999.0,-999.0,-999.0,0,0,-999.0,-999.0,-999.0,-999.0,0,-999.0,-999.0,-999.0,-999.0,-999.0,0,-999.0,-999.0,-999.0,0,0,0.011950250018027323
PSO J139.6071+35.9051,-999,-999,-999,151081396071036608,3578835000026180,214022515353155,0,16486947895723,15108,1,2038,90,0.0439077141172324,3578835,49831,3,268959744,0,32,-999.0,-999.0,-999.0,-999.0,139.60714446,35.90511567,0.1852400004863739,0.1852400004863739,,,,,57035.5880787,-999.0,-0.6169033235610076,0.5248932535485173,0.5864446791971384,130.7934554291047,19.22398365725472,188.0547100112343,44.32331301213044,-999,0,2,0,0,2,0,0,-999.0,-999.0,-999.0,-999.0,0,-999.0,-999.0,-999.0,-999.0,-999.0,0,-999.0,-999.0,-999.0,0,0,-999.0,-999.0,-999.0,-999.0,0,-999.0,-999.0,-999.0,-999.0,-999.0,0,-999.0,-999.0,-999.0,0,0,0.7855200171470642,22.04949951171875,0.009535999968647957,0.013501999899744987,2,22.039499282836914,22.058500289916992,-999.0,-999.0,-999.0,0,22.386499404907227,0.27505600452423096,0.38966599106788635,2,4120,-999.0,-999.0,-999.0,-999.0,0,-999.0,-999.0,-999.0,-999.0,-999.0,0,-999.0,-999.0,-999.0,0,0,-999.0,-999.0,-999.0,-999.0,0,-999.0,-999.0,-999.0,-999.0,-999.0,0,-999.0,-999.0,-999.0,0,0,0.010709503555032217
PSO J139.6072+35.9015,-999,-999,-999,151081396072152438,3578835000026201,214022515353176,0,16486947759304,15108,1,2038,90,0.706958936254456,3578835,49831,3,268959744,0,32,-999.0,-999.0,-999.0,-999.0,139.60722644,35.90153464,0.25929000973701477,0.25929000973701477,,,,,57035.59429398,-999.0,-0.6169319892264367,0.5249161220185213,0.5863940531026458,130.79473882030194,19.220613252338595,188.0597070159347,44.32309339824319,-999,0,1,0,0,1,0,0,-999.0,-999.0,-999.0,-999.0,0,-999.0,-999.0,-999.0,-999.0,-999.0,0,-999.0,-999.0,-999.0,0,0,-999.0,-999.0,-999.0,-999.0,0,-999.0,-999.0,-999.0,-999.0,-999.0,0,-999.0,-999.0,-999.0,0,0,0.7654560208320618,22.002099990844727,0.2588520050048828,-999.0,1,22.002099990844727,22.002099990844727,-999.0,-999.0,-999.0,0,23.730199813842773,0.2588520050048828,-999.0,1,4120,-999.0,-999.0,-999.0,-999.0,0,-999.0,-999.0,-999.0,-999.0,-999.0,0,-999.0,-999.0,-999.0,0,0,-999.0,-999.0,-999.0,-999.0,0,-999.0,-999.0,-999.0,-999.0,-999.0,0,-999.0,-999.0,-999.0,0,0,0.013003398189546387
PSO J139.6074+35.9011,-999,-999,-999,151081396073941946,3578835000026242,214022515353217,0,16486947759195,15108,1,2038,90,0.0593083212704475,3578835,49831,3,268959744,0,32,-999.0,-999.0,-999.0,-999.0,139.6074052,35.90112257,0.2558099925518036,0.2558099925518036,,,,,57035.57056713,-999.0,-0.6169368389339214,0.5249169301275901,0.5863882273985789,130.79502407446867,19.220269424724634,188.06029732857712,44.32320483529574,-999,0,1,0,0,1,0,0,-999.0,-999.0,-999.0,-999.0,0,-999.0,-999.0,-999.0,-999.0,-999.0,0,-999.0,-999.0,-999.0,0,0,-999.0,-999.0,-999.0,-999.0,0,-999.0,-999.0,-999.0,-999.0,-999.0,0,-999.0,-999.0,-999.0,0,0,0.742127001285553,21.866100311279297,0.25536999106407166,-999.0,1,21.866100311279297,21.866100311279297,-999.0,-999.0,-999.0,0,23.202199935913086,0.25536999106407166,-999.0,1,4120,-999.0,-999.0,-999.0,-999.0,0,-999.0,-999.0,-999.0,-999.0,-999.0,0,-999.0,-999.0,-999.0,0,0,-999.0,-999.0,-999.0,-999.0,0,-999.0,-999.0,-999.0,-999.0,-999.0,0,-999.0,-999.0,-999.0,0,0,0.013398918642419527
PSO J139.6075+35.9076,-999,-999,-999,151081396074419742,3578835000026268,214022515353243,0,16486947896655,15108,1,2038,90,0.663705776132369,3578835,49831,3,268959744,0,32,-999.0,-999.0,-999.0,-999.0,139.60746802,35.90764434,0.26666000485420227,0.26666000485420227,,,,,55250.31005787,-999.0,-0.6168865748573069,0.524872997238866,0.5864804263829353,130.7928590708261,19.226462724388135,188.05121589376847,44.32377593585655,-999,0,1,0,1,0,0,0,-999.0,-999.0,-999.0,-999.0,0,-999.0,-999.0,-999.0,-999.0,-999.0,0,-999.0,-999.0,-999.0,0,0,0.6577799916267395,21.734500885009766,0.26624101400375366,-999.0,1,21.734500885009766,21.734500885009766,-999.0,-999.0,-999.0,0,23.255199432373047,0.26624101400375366,-999.0,1,4120,-999.0,-999.0,-999.0,-999.0,0,-999.0,-999.0,-999.0,-999.0,-999.0,0,-999.0,-999.0,-999.0,0,0,-999.0,-999.0,-999.0,-999.0,0,-999.0,-999.0,-999.0,-999.0,-999.0,0,-999.0,-999.0,-999.0,0,0,-999.0,-999.0,-999.0,-999.0,0,-999.0,-999.0,-999.0,-999.0,-999.0,0,-999.0,-999.0,-999.0,0,0,0.00987078754773524
PSO J139.6075+35.9068,-999,-999,-999,151081396074918724,3578835000026284,214022515353259,0,16486947896830,15108,1,2038,90,0.870116813918684,3578835,49831,3,268959744,0,32,-999.0,-999.0,-999.0,-999.0,139.60750368,35.90676952,0.20517000555992126,0.20517000555992126,,,,,57035.55862269,-999.0,-0.6168937215424207,0.5248784160437928,0.5864680593970156,130.79318530959736,19.225643423729604,188.05243805419573,44.32373496676302,-999,0,1,0,0,1,0,0,-999.0,-999.0,-999.0,-999.0,0,-999.0,-999.0,-999.0,-999.0,-999.0,0,-999.0,-999.0,-999.0,0,0,-999.0,-999.0,-999.0,-999.0,0,-999.0,-999.0,-999.0,-999.0,-999.0,0,-999.0,-999.0,-999.0,0,0,0.7739629745483398,21.66349983215332,0.20462100207805634,-999.0,1,21.66349983215332,21.66349983215332,-999.0,-999.0,-999.0,0,22.762100219726562,0.20462100207805634,-999.0,1,4120,-999.0,-999.0,-999.0,-999.0,0,-999.0,-999.0,-999.0,-999.0,-999.0,0,-999.0,-999.0,-999.0,0,0,-999.0,-999.0,-999.0,-999.0,0,-999.0,-999.0,-999.0,-999.0,-999.0,0,-999.0,-999.0,-999.0,0,0,0.010206595288117893
PSO J139.6076+35.9005,-999,-999,-999,151081396075771184,3578835000026306,214022515353281,0,16486947759499,15108,1,2038,90,0.105777952918576,3578835,49831,3,268959744,0,32,-999.0,-999.0,-999.0,-999.0,139.60758898,35.90048717,0.24952000379562378,0.24952000379562378,,,,,57035.55862269,-999.0,-0.6169434753955265,0.524919165256492,0.5863792442722686,130.79538929018193,19.219715378712525,188.06119927153827,44.323302490481275,-999,0,1,0,0,1,0,0,-999.0,-999.0,-999.0,-999.0,0,-999.0,-999.0,-999.0,-999.0,-999.0,0,-999.0,-999.0,-999.0,0,0,-999.0,-999.0,-999.0,-999.0,0,-999.0,-999.0,-999.0,-999.0,-999.0,0,-999.0,-999.0,-999.0,0,0,0.7501630187034607,21.888900756835938,0.24906599521636963,-999.0,1,21.888900756835938,21.888900756835938,-999.0,-999.0,-999.0,0,23.3523006439209,0.24906599521636963,-999.0,1,4120,-999.0,-999.0,-999.0,-999.0,0,-999.0,-999.0,-999.0,-999.0,-999.0,0,-999.0,-999.0,-999.0,0,0,-999.0,-999.0,-999.0,-999.0,0,-999.0,-999.0,-999.0,-999.0,-999.0,0,-999.0,-999.0,-999.0,0,0,0.013963043680617517
PSO J139.6076+35.9018,-999,-999,-999,151081396076112789,3578835000026315,214022515353290,0,16486947759275,15108,1,2038,90,0.0347296642462999,3578835,49831,3,268959744,0,32,-999.0,-999.0,-999.0,-999.0,139.60762331,35.90182452,0.21593999862670898,0.21593999862670898,,,,,57035.55862269,-999.0,-0.6169333655624737,0.5249099261758734,0.5863981513083053,130.79496277822025,19.220990949351833,188.05933898992177,44.32343698961313,-999,0,1,0,0,1,0,0,-999.0,-999.0,-999.0,-999.0,0,-999.0,-999.0,-999.0,-999.0,-999.0,0,-999.0,-999.0,-999.0,0,0,-999.0,-999.0,-999.0,-999.0,0,-999.0,-999.0,-999.0,-999.0,-999.0,0,-999.0,-999.0,-999.0,0,0,0.6912509799003601,21.61440086364746,0.21541699767112732,-999.0,1,21.61440086364746,21.61440086364746,-999.0,-999.0,-999.0,0,22.348400115966797,0.21541699767112732,-999.0,1,4120,-999.0,-999.0,-999.0,-999.0,0,-999.0,-999.0,-999.0,-999.0,-999.0,0,-999.0,-999.0,-999.0,0,0,-999.0,-999.0,-999.0,-999.0,0,-999.0,-999.0,-999.0,-999.0,-999.0,0,-999.0,-999.0,-999.0,0,0,0.013031918297082425
PSO J139.6081+35.9058,-999,-999,-999,151081396080267526,3578835000026458,214022515353433,0,16486947895615,15108,1,2038,90,0.671242364376078,3578835,49831,3,268959744,0,32,-999.0,-999.0,-999.0,-999.0,139.60805743,35.90578898,0.2674599885940552,0.2674599885940552,,,,,56271.62530093,-999.0,-0.6169064384252371,0.5248789576639248,0.586454197726575,130.7939684000327,19.22485863485769,188.05385430710214,44.32410385917754,-999,0,1,0,0,0,1,0,-999.0,-999.0,-999.0,-999.0,0,-999.0,-999.0,-999.0,-999.0,-999.0,0,-999.0,-999.0,-999.0,0,0,-999.0,-999.0,-999.0,-999.0,0,-999.0,-999.0,-999.0,-999.0,-999.0,0,-999.0,-999.0,-999.0,0,0,-999.0,-999.0,-999.0,-999.0,0,-999.0,-999.0,-999.0,-999.0,-999.0,0,-999.0,-999.0,-999.0,0,0,0.6550260186195374,20.9867000579834,0.2670379877090454,-999.0,1,20.9867000579834,20.9867000579834,-999.0,-999.0,-999.0,1,21.256799697875977,0.2670379877090454,-999.0,1,4120,-999.0,-999.0,-999.0,-999.0,0,-999.0,-999.0,-999.0,-999.0,-999.0,0,-999.0,-999.0,-999.0,0,0,0.011026107217577822
PSO J139.6081+35.8999,-999,-999,-999,151081396080740420,3578835000026468,214022515353443,0,16486947759578,15108,1,2038,90,0.237771059607874,3578835,49831,3,268959744,0,32,-999.0,-999.0,-999.0,-999.0,139.60810968,35.89986873,0.24481000006198883,0.24481000006198883,,,,,55250.28234954,-999.0,-0.6169530663235213,0.5249176599081732,0.5863705008529437,130.7960224915836,19.219264959939196,188.06210805318483,44.32367354341541,-999,0,1,0,0,1,0,0,-999.0,-999.0,-999.0,-999.0,0,-999.0,-999.0,-999.0,-999.0,-999.0,0,-999.0,-999.0,-999.0,0,0,-999.0,-999.0,-999.0,-999.0,0,-999.0,-999.0,-999.0,-999.0,-999.0,0,-999.0,-999.0,-999.0,0,0,0.8294020295143127,19.6737003326416,0.2443470060825348,-999.0,1,19.6737003326416,19.6737003326416,-999.0,-999.0,-999.0,1,20.51409912109375,0.2443470060825348,-999.0,1,4112,-999.0,-999.0,-999.0,-999.0,0,-999.0,-999.0,-999.0,-999.0,-999.0,0,-999.0,-999.0,-999.0,0,0,-999.0,-999.0,-999.0,-999.0,0,-999.0,-999.0,-999.0,-999.0,-999.0,0,-999.0,-999.0,-999.0,0,0,0.01470401033618557
PSO J139.6086+35.9068,-999,-999,-999,151081396085668745,3578835000026670,214022515353645,0,16486947893802,15108,1,2038,90,0.188343395654432,3578835,49831,3,268959744,0,32,-999.0,-999.0,-999.0,-999.0,139.60859008,35.906799,0.5992900133132935,0.5992900133132935,,,,,55250.24451389,-999.0,-0.6169034439614546,0.5248665233323816,0.5864684761463953,130.7940579492021,19.22595368118401,188.05249506531572,44.32461446906313,-999,0,1,0,0,0,1,0,-999.0,-999.0,-999.0,-999.0,0,-999.0,-999.0,-999.0,-999.0,-999.0,0,-999.0,-999.0,-999.0,0,0,-999.0,-999.0,-999.0,-999.0,0,-999.0,-999.0,-999.0,-999.0,-999.0,0,-999.0,-999.0,-999.0,0,0,-999.0,-999.0,-999.0,-999.0,0,-999.0,-999.0,-999.0,-999.0,-999.0,0,-999.0,-999.0,-999.0,0,0,0.40460601449012756,21.526500701904297,-999.0,-999.0,1,21.526500701904297,21.526500701904297,-999.0,-999.0,-999.0,0,22.396400451660156,0.5990999937057495,-999.0,1,4120,-999.0,-999.0,-999.0,-999.0,0,-999.0,-999.0,-999.0,-999.0,-999.0,0,-999.0,-999.0,-999.0,0,0,0.011011582639036281
PSO J139.6091+35.9048,-999,-999,-999,151081396091176367,3578835000026849,214022515353824,0,16486947887766,15108,1,2038,90,0.557790639398425,3578835,49831,3,268959744,0,32,-999.0,-999.0,-999.0,-999.0,139.60913369,35.90480083,0.363970011472702,0.363970011472702,,,,,56652.65506944,-999.0,-0.6169240011436622,0.5248739233783074,0.5864402283015357,130.79517860411045,19.224202435755647,188.05532837194704,44.32489401874906,-999,0,1,0,0,0,1,0,-999.0,-999.0,-999.0,-999.0,0,-999.0,-999.0,-999.0,-999.0,-999.0,0,-999.0,-999.0,-999.0,0,0,-999.0,-999.0,-999.0,-999.0,0,-999.0,-999.0,-999.0,-999.0,-999.0,0,-999.0,-999.0,-999.0,0,0,-999.0,-999.0,-999.0,-999.0,0,-999.0,-999.0,-999.0,-999.0,-999.0,0,-999.0,-999.0,-999.0,0,0,0.46050000190734863,21.18600082397461,0.363660991191864,-999.0,1,21.18600082397461,21.18600082397461,-999.0,-999.0,-999.0,0,22.70949935913086,0.363660991191864,-999.0,1,4120,-999.0,-999.0,-999.0,-999.0,0,-999.0,-999.0,-999.0,-999.0,-999.0,0,-999.0,-999.0,-999.0,0,0,0.012259078821468254
PSO J139.6104+35.9069,-999,-999,-999,151081396102389030,3578835000027133,214022515354108,0,16486947886509,15108,1,2038,90,0.25235858862508,3578835,49831,3,268959744,0,32,-999.0,-999.0,-999.0,-999.0,139.61035988,35.90694866,0.17147000133991241,0.17147000133991241,,,,,55591.14898148,-999.0,-0.6169184894086291,0.5248464750123129,0.5864705918397994,130.795444983589,19.22655537824996,188.0524462926256,44.32605532513706,-999,0,2,0,1,0,0,1,-999.0,-999.0,-999.0,-999.0,0,-999.0,-999.0,-999.0,-999.0,-999.0,0,-999.0,-999.0,-999.0,0,0,0.7500510215759277,21.602500915527344,0.24749800562858582,-999.0,1,21.602500915527344,21.602500915527344,-999.0,-999.0,-999.0,1,21.992900848388672,0.24749800562858582,-999.0,1,4120,-999.0,-999.0,-999.0,-999.0,0,-999.0,-999.0,-999.0,-999.0,-999.0,0,-999.0,-999.0,-999.0,0,0,-999.0,-999.0,-999.0,-999.0,0,-999.0,-999.0,-999.0,-999.0,-999.0,0,-999.0,-999.0,-999.0,0,0,0.7537310123443604,20.16950035095215,0.2369150072336197,-999.0,1,20.16950035095215,20.16950035095215,-999.0,-999.0,-999.0,0,20.91550064086914,0.2369150072336197,-999.0,1,4120,0.01231325840558963
PSO J139.6106+35.9066,-999,-999,-999,151081396105518478,3578835000027207,214022515354182,0,16486947886422,15108,1,2038,90,0.637951154855966,3578835,49831,3,268959744,0,32,-999.0,-999.0,-999.0,-999.0,139.61056237,35.9065643,0.2815699875354767,0.2815699875354767,,,,,55534.65986111,-999.0,-0.6169233408108348,0.5248468440473866,0.5864651582628732,130.79574011165073,19.226243967094923,188.05300014555309,44.32618817197378,-999,0,1,0,0,0,1,0,-999.0,-999.0,-999.0,-999.0,0,-999.0,-999.0,-999.0,-999.0,-999.0,0,-999.0,-999.0,-999.0,0,0,-999.0,-999.0,-999.0,-999.0,0,-999.0,-999.0,-999.0,-999.0,-999.0,0,-999.0,-999.0,-999.0,0,0,-999.0,-999.0,-999.0,-999.0,0,-999.0,-999.0,-999.0,-999.0,-999.0,0,-999.0,-999.0,-999.0,0,0,0.4891670048236847,20.512399673461914,0.2811659872531891,-999.0,1,20.512399673461914,20.512399673461914,-999.0,-999.0,-999.0,0,20.086599349975586,0.2811659872531891,-999.0,1,4120,-999.0,-999.0,-999.0,-999.0,0,-999.0,-999.0,-999.0,-999.0,-999.0,0,-999.0,-999.0,-999.0,0,0,0.01259188020854562
PSO J139.6114+35.9056,-999,-999,-999,151081396110947345,3578835000027347,214022515354322,0,16486947888969,15108,1,2038,90,0.945016126097195,3578835,49831,3,310456320,7,37,-999.0,-999.0,-999.0,-999.0,139.61140329845094,35.90556713422063,0.01590049865872553,0.01590049865872553,-315.1068000174485,-6051.9570293333945,623.0983903206103,623.0983903206103,55261.47394029015,16.140304565429688,-0.6169388179505731,0.5248444029884979,0.5864510615195413,130.79676332128778,19.22551463693448,188.05447055075936,44.32678725111736,-999,0,16,5,6,5,0,0,0.9997760057449341,21.142900466918945,0.06469199806451797,0.19955800473690033,4,20.8528995513916,21.284000396728516,20.113500595092773,0.08469799906015396,0.22743099927902222,4,20.177799224853516,0.06874900311231613,0.2758359909057617,4,16777496,0.9996880292892456,20.787099838256836,0.06551799923181534,0.2568280100822449,5,20.643199920654297,21.20989990234375,19.69729995727539,0.02394000068306923,0.06763099879026413,5,19.80500030517578,0.058132998645305634,0.161981999874115,5,16777496,0.9997159838676453,20.34749984741211,0.033702999353408813,0.18123699724674225,3,20.31570053100586,20.598899841308594,19.518600463867188,0.013377999886870384,0.023560000583529472,3,19.501699447631836,0.01590600050985813,0.08750200271606445,3,16777496,-999.0,-999.0,-999.0,-999.0,0,-999.0,-999.0,-999.0,-999.0,-999.0,0,-999.0,-999.0,-999.0,0,0,-999.0,-999.0,-999.0,-999.0,0,-999.0,-999.0,-999.0,-999.0,-999.0,0,-999.0,-999.0,-999.0,0,0,0.013584583788569813
PSO J139.6112+35.9062,-999,-999,-999,151081396111378063,3578835000027357,214022515354332,0,16486947886857,15108,1,2038,90,0.512461256713105,3578835,49831,3,268513280,0,32,-999.0,-999.0,-999.0,-999.0,139.61117259,35.90621968,0.021889999508857727,0.021889999508857727,,,,,55248.24292824,-999.0,-0.6169316172953865,0.524842559242201,0.586460286455439,130.79635300128285,19.22607616231934,188.0535354325444,44.32665338724065,-999,0,1,0,0,0,0,1,-999.0,-999.0,-999.0,-999.0,0,-999.0,-999.0,-999.0,-999.0,-999.0,0,-999.0,-999.0,-999.0,0,0,-999.0,-999.0,-999.0,-999.0,0,-999.0,-999.0,-999.0,-999.0,-999.0,0,-999.0,-999.0,-999.0,0,0,-999.0,-999.0,-999.0,-999.0,0,-999.0,-999.0,-999.0,-999.0,-999.0,0,-999.0,-999.0,-999.0,0,0,-999.0,-999.0,-999.0,-999.0,0,-999.0,-999.0,-999.0,-999.0,-999.0,0,-999.0,-999.0,-999.0,0,0,0.9983530044555664,16.441600799560547,0.01594099961221218,-999.0,1,16.441600799560547,16.441600799560547,17.25079917907715,0.04493099823594093,-999.0,1,17.18120002746582,0.01594099961221218,-999.0,1,24,0.013173585655523767
PSO J139.6112+35.9076,-999,-999,-999,151081396112169711,3578835000027377,214022515354352,0,16486947887010,15108,1,2038,90,0.933781903175434,3578835,49831,3,268959744,0,32,-999.0,-999.0,-999.0,-999.0,139.61122223,35.9075815,0.23044000566005707,0.23044000566005707,,,,,56408.28144676,-999.0,-0.6169214548836194,0.5248329924470905,0.5864795380431534,130.79593055183108,19.227378874846938,188.0516423041538,44.32680202259016,-999,0,1,0,0,0,0,1,-999.0,-999.0,-999.0,-999.0,0,-999.0,-999.0,-999.0,-999.0,-999.0,0,-999.0,-999.0,-999.0,0,0,-999.0,-999.0,-999.0,-999.0,0,-999.0,-999.0,-999.0,-999.0,-999.0,0,-999.0,-999.0,-999.0,0,0,-999.0,-999.0,-999.0,-999.0,0,-999.0,-999.0,-999.0,-999.0,-999.0,0,-999.0,-999.0,-999.0,0,0,-999.0,-999.0,-999.0,-999.0,0,-999.0,-999.0,-999.0,-999.0,-999.0,0,-999.0,-999.0,-999.0,0,0,0.6366890072822571,19.949499130249023,0.22995300590991974,-999.0,1,19.949499130249023,19.949499130249023,-999.0,-999.0,-999.0,1,21.72879981994629,0.22995300590991974,-999.0,1,4120,0.01280830304229554
PSO J139.6113+35.9050,-999,-999,-999,151081396112196636,3578835000027373,214022515354348,0,16486947889008,15108,1,2038,90,0.809032060028084,3578835,49831,3,310456320,0,37,-999.0,-999.0,-999.0,-999.0,139.6112511,35.90503885,0.2110999971628189,0.2110999971628189,,,,,55249.33246528,-999.0,-0.6169415422636337,0.5248495455188039,0.586443593193816,130.79681805733412,19.22497817450213,188.05518792596672,44.326622622467916,-999,0,1,1,0,0,0,0,0.8539190292358398,21.99489974975586,0.21056599915027618,-999.0,1,21.99489974975586,21.99489974975586,-999.0,-999.0,-999.0,0,21.171600341796875,0.21056599915027618,-999.0,1,16777496,-999.0,-999.0,-999.0,-999.0,0,-999.0,-999.0,-999.0,-999.0,-999.0,0,-999.0,-999.0,-999.0,0,0,-999.0,-999.0,-999.0,-999.0,0,-999.0,-999.0,-999.0,-999.0,-999.0,0,-999.0,-999.0,-999.0,0,0,-999.0,-999.0,-999.0,-999.0,0,-999.0,-999.0,-999.0,-999.0,-999.0,0,-999.0,-999.0,-999.0,0,0,-999.0,-999.0,-999.0,-999.0,0,-999.0,-999.0,-999.0,-999.0,-999.0,0,-999.0,-999.0,-999.0,0,0,0.013682703088482785
PSO J139.6114+35.9023,-999,-999,-999,151081396113573400,3578835000027413,214022515354388,0,16486947885582,15108,1,2038,90,0.0277745789175616,3578835,49831,3,268959744,0,32,-999.0,-999.0,-999.0,-999.0,139.61141508,35.90229699,0.19293999671936035,0.19293999671936035,,,,,55903.57219907,-999.0,-0.6169644190701468,0.5248659637846548,0.5864048308650277,130.79788300658203,19.22242390910676,188.0590233163844,44.32653631187207,-999,0,1,0,0,0,0,1,-999.0,-999.0,-999.0,-999.0,0,-999.0,-999.0,-999.0,-999.0,-999.0,0,-999.0,-999.0,-999.0,0,0,-999.0,-999.0,-999.0,-999.0,0,-999.0,-999.0,-999.0,-999.0,-999.0,0,-999.0,-999.0,-999.0,0,0,-999.0,-999.0,-999.0,-999.0,0,-999.0,-999.0,-999.0,-999.0,-999.0,0,-999.0,-999.0,-999.0,0,0,-999.0,-999.0,-999.0,-999.0,0,-999.0,-999.0,-999.0,-999.0,-999.0,0,-999.0,-999.0,-999.0,0,0,0.46776700019836426,19.76799964904785,0.19235800206661224,-999.0,1,19.76799964904785,19.76799964904785,-999.0,-999.0,-999.0,0,19.792699813842773,0.19235800206661224,-999.0,1,4120,0.015145245668034471
PSO J139.6115+35.9054,-999,-999,-999,151081396113747000,3578835000027421,214022515354396,0,16486947889015,15108,1,2038,90,0.285058169891181,3578835,49831,3,310697984,7,37,-999.0,-999.0,-999.0,-999.0,139.61144579126326,35.90542453890202,0.009175028205159152,0.009175028205159152,2.305780000123171,48.412220256375065,4.2235187845876645,4.2235187845876645,56074.66269099229,16.68684196472168,-0.616940318874326,0.5248448911719422,0.5864490456620738,130.79685804166027,19.225372741849977,188.0547021730484,44.326813301212106,-999,0,42,10,14,13,4,1,0.9996680021286011,21.382600784301758,0.0681530013680458,0.25240999460220337,9,21.0226993560791,21.699800491333008,20.275800704956055,0.07088900357484818,0.27306100726127625,10,20.491199493408203,0.07332800328731537,0.24448999762535095,10,16777496,0.9997640252113342,21.034299850463867,0.07171499729156494,0.33222100138664246,14,20.649999618530273,21.634000778198242,19.813400268554688,0.035241998732089996,0.15359200537204742,12,19.976999282836914,0.08027999848127365,0.3869819939136505,14,16777496,0.9996330142021179,20.87380027770996,0.02877099998295307,0.10605199635028839,11,20.715200424194336,21.02910041809082,19.603300094604492,0.04049199819564819,0.11661999672651291,13,19.859399795532227,0.033031001687049866,0.19064199924468994,13,16777496,0.9984859824180603,20.45319938659668,0.10447899997234344,0.2526499927043915,3,20.37190055847168,20.796199798583984,19.692699432373047,0.16261300444602966,0.36256399750709534,3,19.704299926757812,0.09651599824428558,0.3275339901447296,3,16777496,0.9972050189971924,20.577499389648438,0.1419370025396347,-999.0,1,20.577499389648438,20.577499389648438,19.79439926147461,0.1522980034351349,-999.0,1,19.732799530029297,0.1419370025396347,-999.0,1,16777496,0.013671327122912556
PSO J139.6115+35.9055,-999,-999,-999,151081396115597313,3578835000027470,214022515354445,0,16486947888971,15108,1,2038,90,0.904503127471081,3578835,49831,3,444915712,7,53,139.61143979,35.90552105,0.0010000000474974513,0.0010000000474974513,139.61147010265,35.90552408208055,0.007898650820710557,0.007898650820710557,-0.13337756361391206,0.40279292836698755,5.0395519311594095,5.0395519311594095,55925.81402516093,25.63412857055664,-0.6169397655308442,0.5248439691996867,0.5864504528956094,130.79683492194147,19.225487262616088,188.05454306424494,44.326838527300424,-999,10,55,15,11,17,12,0,0.9996700286865234,21.326000213623047,0.05411899834871292,0.2604849934577942,15,21.075199127197266,21.813899993896484,20.279699325561523,0.05252499878406525,0.20406100153923035,14,20.436800003051758,0.04396900162100792,0.21559199690818787,15,16892216,0.9998260140419006,21.122900009155273,0.09907499700784683,0.251554012298584,11,20.794700622558594,21.580400466918945,19.920000076293945,0.035934001207351685,0.1031079962849617,11,20.069000244140625,0.06100999936461449,0.17994600534439087,11,16892216,0.9997580051422119,20.714099884033203,0.05034700036048889,0.18179599940776825,13,20.469100952148438,21.07080078125,19.662700653076172,0.04181100055575371,0.15157200396060944,16,19.836200714111328,0.04861599951982498,0.18922600150108337,16,16892216,0.9992330074310303,20.646099090576172,0.06874600052833557,0.2565529942512512,11,20.220800399780273,20.948200225830078,19.650299072265625,0.06449499726295471,0.2481060028076172,11,19.748699188232422,0.07955300062894821,0.24628999829292297,11,16892216,-999.0,-999.0,-999.0,-999.0,0,-999.0,-999.0,-999.0,-999.0,-999.0,0,-999.0,-999.0,-999.0,0,114720,0.01365104162096766
PSO J139.6117+35.9045,-999,-999,-999,151081396116716009,3578835000027504,214022515354479,0,16486947888916,15108,1,2038,90,0.721035227851044,3578835,49831,3,268959744,0,32,-999.0,-999.0,-999.0,-999.0,139.61167622,35.90451584,0.24015000462532043,0.24015000462532043,,,,,55250.32229167,-999.0,-0.6169495138451825,0.5248484366200582,0.5864361993803535,130.79734118354878,19.224593308026396,188.05595509225478,44.32692416103007,-999,0,1,0,1,0,0,0,-999.0,-999.0,-999.0,-999.0,0,-999.0,-999.0,-999.0,-999.0,-999.0,0,-999.0,-999.0,-999.0,0,0,0.6983929872512817,21.59869956970215,0.23968400061130524,-999.0,1,21.59869956970215,21.59869956970215,-999.0,-999.0,-999.0,0,21.712099075317383,0.23968400061130524,-999.0,1,4120,-999.0,-999.0,-999.0,-999.0,0,-999.0,-999.0,-999.0,-999.0,-999.0,0,-999.0,-999.0,-999.0,0,0,-999.0,-999.0,-999.0,-999.0,0,-999.0,-999.0,-999.0,-999.0,-999.0,0,-999.0,-999.0,-999.0,0,0,-999.0,-999.0,-999.0,-999.0,0,-999.0,-999.0,-999.0,-999.0,-999.0,0,-999.0,-999.0,-999.0,0,0,0.014217812436598958
PSO J139.6122+35.9010,-999,-999,-999,151081396121441849,3578835000027624,214022515354599,0,16486947758454,15108,1,2038,90,0.636070498857713,3578835,49831,3,268959744,0,32,-999.0,-999.0,-999.0,-999.0,139.61219518,35.90101102,0.2180500030517578,0.2180500030517578,,,,,55903.56032407,-999.0,-0.6169815898822525,0.5248660915433494,0.5863866503377924,130.79895381333583,19.221408688078196,188.06088571028602,44.327063579888865,-999,0,1,0,0,0,0,1,-999.0,-999.0,-999.0,-999.0,0,-999.0,-999.0,-999.0,-999.0,-999.0,0,-999.0,-999.0,-999.0,0,0,-999.0,-999.0,-999.0,-999.0,0,-999.0,-999.0,-999.0,-999.0,-999.0,0,-999.0,-999.0,-999.0,0,0,-999.0,-999.0,-999.0,-999.0,0,-999.0,-999.0,-999.0,-999.0,-999.0,0,-999.0,-999.0,-999.0,0,0,-999.0,-999.0,-999.0,-999.0,0,-999.0,-999.0,-999.0,-999.0,-999.0,0,-999.0,-999.0,-999.0,0,0,0.7892159819602966,20.08690071105957,0.21753400564193726,-999.0,1,20.08690071105957,20.08690071105957,-999.0,-999.0,-999.0,0,20.209699630737305,0.21753400564193726,-999.0,1,4120,0.01640292298040208
PSO J139.6130+35.9075,-999,-999,-999,151081396129799615,3578835000027824,214022515354799,0,16486947940750,15108,1,2038,90,0.915814153771674,3578835,49831,3,268959744,0,32,-999.0,-999.0,-999.0,-999.0,139.61299598,35.90750715,0.3019999861717224,0.3019999861717224,,,,,56652.65506944,-999.0,-0.616938281928479,0.5248143867958791,0.5864784869909568,130.79739691011454,19.22776945091873,188.0519059615254,44.32822820203528,-999,0,1,0,0,0,1,0,-999.0,-999.0,-999.0,-999.0,0,-999.0,-999.0,-999.0,-999.0,-999.0,0,-999.0,-999.0,-999.0,0,0,-999.0,-999.0,-999.0,-999.0,0,-999.0,-999.0,-999.0,-999.0,-999.0,0,-999.0,-999.0,-999.0,0,0,-999.0,-999.0,-999.0,-999.0,0,-999.0,-999.0,-999.0,-999.0,-999.0,0,-999.0,-999.0,-999.0,0,0,0.5139449834823608,21.018699645996094,0.3016270101070404,-999.0,1,21.018699645996094,21.018699645996094,20.974899291992188,0.26942598819732666,-999.0,1,20.89590072631836,0.3016270101070404,-999.0,1,4120,-999.0,-999.0,-999.0,-999.0,0,-999.0,-999.0,-999.0,-999.0,-999.0,0,-999.0,-999.0,-999.0,0,0,0.014221517559060412
PSO J139.6130+35.9026,-999,-999,-999,151081396130013653,3578835000027827,214022515354802,0,16486947885682,15108,1,2038,90,0.228655521970853,3578835,49831,3,268959744,0,32,-999.0,-999.0,-999.0,-999.0,139.61300935,35.90255024,0.3724699914455414,0.3724699914455414,,,,,55250.27287037,-999.0,-0.6169770491172054,0.5248471169431388,0.5864084111769721,130.7990922711357,19.223078131582348,188.05881444983007,44.32784378551499,-999,0,1,0,0,0,0,1,-999.0,-999.0,-999.0,-999.0,0,-999.0,-999.0,-999.0,-999.0,-999.0,0,-999.0,-999.0,-999.0,0,0,-999.0,-999.0,-999.0,-999.0,0,-999.0,-999.0,-999.0,-999.0,-999.0,0,-999.0,-999.0,-999.0,0,0,-999.0,-999.0,-999.0,-999.0,0,-999.0,-999.0,-999.0,-999.0,-999.0,0,-999.0,-999.0,-999.0,0,0,-999.0,-999.0,-999.0,-999.0,0,-999.0,-999.0,-999.0,-999.0,-999.0,0,-999.0,-999.0,-999.0,0,0,0.42800799012184143,19.617399215698242,0.372171014547348,-999.0,1,19.617399215698242,19.617399215698242,-999.0,-999.0,-999.0,0,20.64259910583496,0.372171014547348,-999.0,1,4112,0.016102285300974187
PSO J139.6136+35.9042,-999,-999,-999,151081396136125628,3578835000027976,214022515354951,0,16486947885406,15108,1,2038,90,0.31910397700882,3578835,49831,3,302067712,0,36,-999.0,-999.0,-999.0,-999.0,139.61364853,35.90419516,0.20317000150680542,0.20317000150680542,,,,,55248.2978588,-999.0,-0.6169700805432623,0.5248293255486096,0.586431665890095,130.79905260915126,19.22480220070725,188.05658003365897,44.32849106641774,-999,0,1,0,1,0,0,0,-999.0,-999.0,-999.0,-999.0,0,-999.0,-999.0,-999.0,-999.0,-999.0,0,-999.0,-999.0,-999.0,0,0,0.26252099871635437,21.91629981994629,0.2026129961013794,-999.0,1,21.91629981994629,21.91629981994629,21.865400314331055,0.2967059910297394,-999.0,1,21.769800186157227,0.2026129961013794,-999.0,1,536,-999.0,-999.0,-999.0,-999.0,0,-999.0,-999.0,-999.0,-999.0,-999.0,0,-999.0,-999.0,-999.0,0,0,-999.0,-999.0,-999.0,-999.0,0,-999.0,-999.0,-999.0,-999.0,-999.0,0,-999.0,-999.0,-999.0,0,0,-999.0,-999.0,-999.0,-999.0,0,-999.0,-999.0,-999.0,-999.0,-999.0,0,-999.0,-999.0,-999.0,0,0,0.015799570101854107
PSO J139.6137+35.9077,-999,-999,-999,151081396136529881,3578835000027988,214022515354963,0,16486947941277,15108,1,2038,90,0.285300130290259,3578835,49831,3,268959744,0,32,-999.0,-999.0,-999.0,-999.0,139.613663,35.90773299,0.3481299877166748,0.3481299877166748,,,,,55534.65986111,-999.0,-0.616942630810338,0.5248057067138696,0.5864816795854539,130.79786208364519,19.22815670898004,188.05165143762437,44.328784741620126,-999,0,1,0,0,0,1,0,-999.0,-999.0,-999.0,-999.0,0,-999.0,-999.0,-999.0,-999.0,-999.0,0,-999.0,-999.0,-999.0,0,0,-999.0,-999.0,-999.0,-999.0,0,-999.0,-999.0,-999.0,-999.0,-999.0,0,-999.0,-999.0,-999.0,0,0,-999.0,-999.0,-999.0,-999.0,0,-999.0,-999.0,-999.0,-999.0,-999.0,0,-999.0,-999.0,-999.0,0,0,0.6401820182800293,20.881200790405273,0.34780699014663696,-999.0,1,20.881200790405273,20.881200790405273,-999.0,-999.0,-999.0,0,20.79509925842285,0.34780699014663696,-999.0,1,4120,-999.0,-999.0,-999.0,-999.0,0,-999.0,-999.0,-999.0,-999.0,-999.0,0,-999.0,-999.0,-999.0,0,0,0.014700023541142469
PSO J139.6141+35.9078,-999,-999,-999,151081396141299975,3578835000187226,214022515515824,0,16486947941329,15108,1,2038,90,0.890163669260371,3578835,49831,3,1343750144,0,160,139.61414,35.90780253,0.0010000000474974513,0.0010000000474974513,139.61414,35.90780253,0.0010000000474974513,0.0010000000474974513,,,,,55646.00913194,-999.0,-0.6169464577243086,0.5248001093048345,0.5864826626380882,130.79822599093842,19.228346546481827,188.0515975661393,44.329175405899015,-999,2,0,0,0,0,0,0,-999.0,-999.0,-999.0,-999.0,0,-999.0,-999.0,-999.0,-999.0,-999.0,0,-999.0,-999.0,-999.0,0,16416,-999.0,-999.0,-999.0,-999.0,0,-999.0,-999.0,-999.0,-999.0,-999.0,0,-999.0,-999.0,-999.0,0,114720,-999.0,-999.0,-999.0,-999.0,0,-999.0,-999.0,-999.0,-999.0,-999.0,0,-999.0,-999.0,-999.0,0,16416,-999.0,-999.0,-999.0,-999.0,0,-999.0,-999.0,-999.0,-999.0,-999.0,0,-999.0,-999.0,-999.0,0,16416,-999.0,-999.0,-999.0,-999.0,0,-999.0,-999.0,-999.0,-999.0,-999.0,0,-999.0,-999.0,-999.0,0,16416,0.015064585800198295
PSO J139.6142+35.9035,-999,-999,-999,151081396141324747,3578835000028085,214022515355060,0,16486947885992,15108,1,2038,90,0.92681298770645,3578835,49831,3,302067712,0,36,-999.0,-999.0,-999.0,-999.0,139.61417135,35.90346034,0.16106000542640686,0.16106000542640686,,,,,55248.32493056,-999.0,-0.6169805982350957,0.5248285687693539,0.5864212775854702,130.799727101691,19.224242125279865,188.05765119707783,44.328854607688825,-999,0,1,1,0,0,0,0,0.18374699354171753,21.75830078125,0.16035999357700348,-999.0,1,21.75830078125,21.75830078125,-999.0,-999.0,-999.0,1,21.667299270629883,0.16035999357700348,-999.0,1,536,-999.0,-999.0,-999.0,-999.0,0,-999.0,-999.0,-999.0,-999.0,-999.0,0,-999.0,-999.0,-999.0,0,0,-999.0,-999.0,-999.0,-999.0,0,-999.0,-999.0,-999.0,-999.0,-999.0,0,-999.0,-999.0,-999.0,0,0,-999.0,-999.0,-999.0,-999.0,0,-999.0,-999.0,-999.0,-999.0,-999.0,0,-999.0,-999.0,-999.0,0,0,-999.0,-999.0,-999.0,-999.0,0,-999.0,-999.0,-999.0,-999.0,-999.0,0,-999.0,-999.0,-999.0,0,0,0.01649715794056903
PSO J139.6148+35.9041,-999,-999,-999,151081396147985502,3578835000028230,214022515355205,0,16486947885455,15108,1,2038,90,0.748914753784346,3578835,49831,3,268959744,0,32,-999.0,-999.0,-999.0,-999.0,139.61480738,35.9040803,0.577049970626831,0.577049970626831,,,,,55250.34422454,-999.0,-0.6169815909511219,0.5248176084642147,0.5864300420965188,130.80003317910635,19.224994615188184,188.05684471552632,44.329417587417936,-999,0,1,1,0,0,0,0,0.45279398560523987,22.150800704956055,-999.0,-999.0,1,22.150800704956055,22.150800704956055,-999.0,-999.0,-999.0,0,27.01810073852539,0.5768569707870483,-999.0,1,4120,-999.0,-999.0,-999.0,-999.0,0,-999.0,-999.0,-999.0,-999.0,-999.0,0,-999.0,-999.0,-999.0,0,0,-999.0,-999.0,-999.0,-999.0,0,-999.0,-999.0,-999.0,-999.0,-999.0,0,-999.0,-999.0,-999.0,0,0,-999.0,-999.0,-999.0,-999.0,0,-999.0,-999.0,-999.0,-999.0,-999.0,0,-999.0,-999.0,-999.0,0,0,-999.0,-999.0,-999.0,-999.0,0,-999.0,-999.0,-999.0,-999.0,-999.0,0,-999.0,-999.0,-999.0,0,0,0.016703700325185485
PSO J139.6150+35.9020,-999,-999,-999,151081396149103029,3578835000028260,214022515355235,0,16486947758176,15108,1,2038,90,0.523072528208673,3578835,49831,3,302067712,0,36,-999.0,-999.0,-999.0,-999.0,139.61495299,35.90203255,0.1910099983215332,0.1910099983215332,,,,,55250.24451389,-999.0,-0.616998888937178,0.5248296199240389,0.5864010923426702,130.80084737566028,19.223092998868992,188.0597113947565,44.3293718580422,-999,0,1,0,0,0,1,0,-999.0,-999.0,-999.0,-999.0,0,-999.0,-999.0,-999.0,-999.0,-999.0,0,-999.0,-999.0,-999.0,0,0,-999.0,-999.0,-999.0,-999.0,0,-999.0,-999.0,-999.0,-999.0,-999.0,0,-999.0,-999.0,-999.0,0,0,-999.0,-999.0,-999.0,-999.0,0,-999.0,-999.0,-999.0,-999.0,-999.0,0,-999.0,-999.0,-999.0,0,0,0.9978229999542236,20.616500854492188,0.19041800498962402,-999.0,1,20.616500854492188,20.616500854492188,-999.0,-999.0,-999.0,1,20.580299377441406,0.19041800498962402,-999.0,1,280,-999.0,-999.0,-999.0,-999.0,0,-999.0,-999.0,-999.0,-999.0,-999.0,0,-999.0,-999.0,-999.0,0,0,0.01772441903518174
PSO J139.6150+35.9028,-999,-999,-999,151081396149963912,3578835000028274,214022515355249,0,16486947885308,15108,1,2038,90,0.593760160350949,3578835,49831,3,268959744,0,32,-999.0,-999.0,-999.0,-999.0,139.61500484,35.90275583,0.2422800064086914,0.2422800064086914,,,,,55250.34422454,-999.0,-0.6169937252881309,0.5248242652938185,0.5864113176891098,130.8006437107444,19.22379150813066,188.05870819034996,44.32947140960683,-999,0,1,1,0,0,0,0,0.7324050068855286,21.43429946899414,0.24181599915027618,-999.0,1,21.43429946899414,21.43429946899414,-999.0,-999.0,-999.0,1,23.224000930786133,0.24181599915027618,-999.0,1,4120,-999.0,-999.0,-999.0,-999.0,0,-999.0,-999.0,-999.0,-999.0,-999.0,0,-999.0,-999.0,-999.0,0,0,-999.0,-999.0,-999.0,-999.0,0,-999.0,-999.0,-999.0,-999.0,-999.0,0,-999.0,-999.0,-999.0,0,0,-999.0,-999.0,-999.0,-999.0,0,-999.0,-999.0,-999.0,-999.0,-999.0,0,-999.0,-999.0,-999.0,0,0,-999.0,-999.0,-999.0,-999.0,0,-999.0,-999.0,-999.0,-999.0,-999.0,0,-999.0,-999.0,-999.0,0,0,0.017417338141168484
PSO J139.6157+35.9011,-999,-999,-999,151081396156811876,3578835000028424,214022515355399,0,16486947803360,15108,1,2038,90,0.375133118941573,3578835,49831,3,276901888,0,33,-999.0,-999.0,-999.0,-999.0,139.6157263,35.90106622,0.01631000079214573,0.01631000079214573,,,,,55972.33878472,-999.0,-0.6170135057122504,0.524827700145162,0.586387430739284,130.80180406977934,19.222378770083804,188.06112782522982,44.32991918173404,-999,0,1,1,0,0,0,0,0.9986410140991211,18.12929916381836,0.006397000048309565,-999.0,1,18.12929916381836,18.12929916381836,18.250699996948242,0.01232099998742342,-999.0,1,17.962299346923828,0.006397000048309565,-999.0,1,16777232,-999.0,-999.0,-999.0,-999.0,0,-999.0,-999.0,-999.0,-999.0,-999.0,0,-999.0,-999.0,-999.0,0,0,-999.0,-999.0,-999.0,-999.0,0,-999.0,-999.0,-999.0,-999.0,-999.0,0,-999.0,-999.0,-999.0,0,0,-999.0,-999.0,-999.0,-999.0,0,-999.0,-999.0,-999.0,-999.0,-999.0,0,-999.0,-999.0,-999.0,0,0,-999.0,-999.0,-999.0,-999.0,0,-999.0,-999.0,-999.0,-999.0,-999.0,0,-999.0,-999.0,-999.0,0,0,0.018752728226328525
PSO J139.6160+35.9009,-999,-999,-999,151081396160141677,3578835000028504,214022515355479,0,16486947803372,15108,1,2038,90,0.422590163929938,3578835,49831,3,268959744,0,32,-999.0,-999.0,-999.0,-999.0,139.61602763,35.90089096,0.3490700125694275,0.3490700125694275,,,,,55250.27738426,-999.0,-0.6170176321557455,0.5248256172748109,0.5863849529626685,130.80210845722686,19.222291101609155,188.0613992715229,44.33014850987594,-999,0,1,0,0,0,0,1,-999.0,-999.0,-999.0,-999.0,0,-999.0,-999.0,-999.0,-999.0,-999.0,0,-999.0,-999.0,-999.0,0,0,-999.0,-999.0,-999.0,-999.0,0,-999.0,-999.0,-999.0,-999.0,-999.0,0,-999.0,-999.0,-999.0,0,0,-999.0,-999.0,-999.0,-999.0,0,-999.0,-999.0,-999.0,-999.0,-999.0,0,-999.0,-999.0,-999.0,0,0,-999.0,-999.0,-999.0,-999.0,0,-999.0,-999.0,-999.0,-999.0,-999.0,0,-999.0,-999.0,-999.0,0,0,0.579912006855011,19.198400497436523,0.3487490117549896,-999.0,1,19.198400497436523,19.198400497436523,-999.0,-999.0,-999.0,0,21.360700607299805,0.3487490117549896,-999.0,1,4112,0.019052273045325707
PSO J139.6164+35.9036,-999,-999,-999,151081396163934855,3578835000028583,214022515355558,0,16486947938510,15108,1,2038,90,0.360407523215197,3578835,49831,3,444674048,0,53,139.61633305,35.90374567,0.0010000000474974513,0.0010000000474974513,139.61640564,35.903592,0.13808000087738037,0.13808000087738037,,,,,56128.4221412,0.909500002861023,-0.61700003737902,0.5248036356960026,0.5864231388976269,130.80149767168933,19.224947557276632,188.05766945564042,44.33066913072648,-999,8,2,0,1,1,0,0,-999.0,-999.0,-999.0,-999.0,0,-999.0,-999.0,-999.0,-999.0,-999.0,0,-999.0,-999.0,-999.0,0,114720,0.9985910058021545,21.911699295043945,0.19143199920654297,-999.0,1,21.911699295043945,21.911699295043945,21.43000030517578,0.22644999623298645,-999.0,1,21.281400680541992,0.19143199920654297,-999.0,1,16892216,0.9983199834823608,22.152000427246094,0.19813799858093262,-999.0,1,22.152000427246094,22.152000427246094,21.67639923095703,0.25541600584983826,-999.0,1,21.528200149536133,0.19813799858093262,-999.0,1,16892216,-999.0,-999.0,-999.0,-999.0,0,-999.0,-999.0,-999.0,-999.0,-999.0,0,-999.0,-999.0,-999.0,0,114720,-999.0,-999.0,-999.0,-999.0,0,-999.0,-999.0,-999.0,-999.0,-999.0,0,-999.0,-999.0,-999.0,0,16416,0.018085715196713047
PSO J139.6165+35.9028,-999,-999,-999,151081396164613943,3578835000028592,214022515355567,0,16486947938325,15108,1,2038,90,0.631295068777441,3578835,49831,3,268513280,0,32,-999.0,-999.0,-999.0,-999.0,139.61652465,35.90280098,0.02889000065624714,0.02889000065624714,,,,,55250.28708333,-999.0,-0.6170072944014278,0.5248075995299223,0.5864119559926031,130.801863187042,19.22422930311899,188.05878250886312,44.33070215582002,-999,0,1,0,0,1,0,0,-999.0,-999.0,-999.0,-999.0,0,-999.0,-999.0,-999.0,-999.0,-999.0,0,-999.0,-999.0,-999.0,0,0,-999.0,-999.0,-999.0,-999.0,0,-999.0,-999.0,-999.0,-999.0,-999.0,0,-999.0,-999.0,-999.0,0,0,0.9978100061416626,18.174800872802734,0.02469100058078766,-999.0,1,18.174800872802734,18.174800872802734,18.595600128173828,0.0515809990465641,-999.0,1,18.472000122070312,0.02469100058078766,-999.0,1,16,-999.0,-999.0,-999.0,-999.0,0,-999.0,-999.0,-999.0,-999.0,-999.0,0,-999.0,-999.0,-999.0,0,0,-999.0,-999.0,-999.0,-999.0,0,-999.0,-999.0,-999.0,-999.0,-999.0,0,-999.0,-999.0,-999.0,0,0,0.01850019299954735
PSO J139.6166+35.9005,-999,-999,-999,151081396166111189,3578835000028620,214022515355595,0,16486947803307,15108,1,2038,90,0.265185130075724,3578835,49831,3,302067712,0,36,-999.0,-999.0,-999.0,-999.0,139.61663541,35.90047788,0.20340000092983246,0.20340000092983246,,,,,56759.31069444,-999.0,-0.6170264196084927,0.5248218111151268,0.5863791129320369,130.80274265355695,19.222057845502835,188.06202980890728,44.33060631121751,-999,0,1,0,0,1,0,0,-999.0,-999.0,-999.0,-999.0,0,-999.0,-999.0,-999.0,-999.0,-999.0,0,-999.0,-999.0,-999.0,0,0,-999.0,-999.0,-999.0,-999.0,0,-999.0,-999.0,-999.0,-999.0,-999.0,0,-999.0,-999.0,-999.0,0,0,0.9977149963378906,16.92729949951172,0.20284700393676758,-999.0,1,16.92729949951172,16.92729949951172,-999.0,-999.0,-999.0,1,17.355100631713867,0.20284700393676758,-999.0,1,272,-999.0,-999.0,-999.0,-999.0,0,-999.0,-999.0,-999.0,-999.0,-999.0,0,-999.0,-999.0,-999.0,0,0,-999.0,-999.0,-999.0,-999.0,0,-999.0,-999.0,-999.0,-999.0,-999.0,0,-999.0,-999.0,-999.0,0,0,0.019687568829595797
PSO J139.6168+35.9048,-999,-999,-999,151081396167706399,3578835000028655,214022515355630,0,16486947939117,15108,1,2038,90,0.537646579125567,3578835,49831,3,268513280,0,32,-999.0,-999.0,-999.0,-999.0,139.61680882,35.90483329,0.01809000037610531,0.01809000037610531,,,,,55248.28315972,-999.0,-0.6169940526958817,0.5247910625634367,0.5864406871896345,130.80140339610858,19.22622799785102,188.05597606627705,44.33109361055573,-999,0,1,0,0,1,0,0,-999.0,-999.0,-999.0,-999.0,0,-999.0,-999.0,-999.0,-999.0,-999.0,0,-999.0,-999.0,-999.0,0,0,-999.0,-999.0,-999.0,-999.0,0,-999.0,-999.0,-999.0,-999.0,-999.0,0,-999.0,-999.0,-999.0,0,0,0.9981679916381836,18.001100540161133,0.010107000358402729,-999.0,1,18.001100540161133,18.001100540161133,18.56760025024414,0.023026999086141586,-999.0,1,18.487899780273438,0.010107000358402729,-999.0,1,24,-999.0,-999.0,-999.0,-999.0,0,-999.0,-999.0,-999.0,-999.0,-999.0,0,-999.0,-999.0,-999.0,0,0,-999.0,-999.0,-999.0,-999.0,0,-999.0,-999.0,-999.0,-999.0,-999.0,0,-999.0,-999.0,-999.0,0,0,0.01793915960805978
PSO J139.6181+35.9074,-999,-999,-999,151081396181089463,3578835000028963,214022515355938,0,16486947939971,15108,1,2038,90,0.239496189392634,3578835,49831,3,302067712,0,36,-999.0,-999.0,-999.0,-999.0,139.61811827,35.90739779,0.20187999308109283,0.20187999308109283,,,,,55250.32229167,-999.0,-0.6169860510019604,0.52475995514611,0.5864769410164895,130.8015957041689,19.228997224904685,188.0525204153537,44.33235518090119,-999,0,1,0,1,0,0,0,-999.0,-999.0,-999.0,-999.0,0,-999.0,-999.0,-999.0,-999.0,-999.0,0,-999.0,-999.0,-999.0,0,0,0.2592940032482147,21.704299926757812,0.20132200419902802,-999.0,1,21.704299926757812,21.704299926757812,21.58049964904785,0.31425800919532776,-999.0,1,21.459299087524414,0.20132200419902802,-999.0,1,536,-999.0,-999.0,-999.0,-999.0,0,-999.0,-999.0,-999.0,-999.0,-999.0,0,-999.0,-999.0,-999.0,0,0,-999.0,-999.0,-999.0,-999.0,0,-999.0,-999.0,-999.0,-999.0,-999.0,0,-999.0,-999.0,-999.0,0,0,-999.0,-999.0,-999.0,-999.0,0,-999.0,-999.0,-999.0,-999.0,-999.0,0,-999.0,-999.0,-999.0,0,0,0.018305220650881398
PSO J139.6189+35.9001,-999,-999,-999,151081396189130760,3578835000029141,214022515356116,0,16486947787552,15108,1,2038,90,0.179507721382666,3578835,49831,3,268959744,0,32,-999.0,-999.0,-999.0,-999.0,139.61893597,35.90013717,0.2917500138282776,0.2917500138282776,,,,,56271.62,-999.0,-0.617050148089779,0.5247992946821577,0.5863742960289883,130.80472763984588,19.222333150786177,188.06271241159217,44.332436738403835,-999,0,1,0,0,0,1,0,-999.0,-999.0,-999.0,-999.0,0,-999.0,-999.0,-999.0,-999.0,-999.0,0,-999.0,-999.0,-999.0,0,0,-999.0,-999.0,-999.0,-999.0,0,-999.0,-999.0,-999.0,-999.0,-999.0,0,-999.0,-999.0,-999.0,0,0,-999.0,-999.0,-999.0,-999.0,0,-999.0,-999.0,-999.0,-999.0,-999.0,0,-999.0,-999.0,-999.0,0,0,0.8226169943809509,21.212400436401367,0.2913599908351898,-999.0,1,21.212400436401367,21.212400436401367,-999.0,-999.0,-999.0,0,21.223400115966797,0.2913599908351898,-999.0,1,4120,-999.0,-999.0,-999.0,-999.0,0,-999.0,-999.0,-999.0,-999.0,-999.0,0,-999.0,-999.0,-999.0,0,0,0.021465865999306263
PSO J139.6191+35.9058,-999,-999,-999,151081396190827560,3578835000029171,214022515356146,0,16486947939842,15108,1,2038,90,0.342999617888592,3578835,49831,3,302067712,0,36,-999.0,-999.0,-999.0,-999.0,139.61911883,35.90579699,0.12925000488758087,0.12925000488758087,,,,,55249.30935185,-999.0,-0.6170076964773293,0.5247597961361654,0.5864543109628149,130.80295268015442,19.227741164302884,188.05484151081274,44.33303552720759,-999,0,1,0,1,0,0,0,-999.0,-999.0,-999.0,-999.0,0,-999.0,-999.0,-999.0,-999.0,-999.0,0,-999.0,-999.0,-999.0,0,0,0.9986640214920044,21.58989906311035,0.1283770054578781,-999.0,1,21.58989906311035,21.58989906311035,-999.0,-999.0,-999.0,1,22.004899978637695,0.1283770054578781,-999.0,1,280,-999.0,-999.0,-999.0,-999.0,0,-999.0,-999.0,-999.0,-999.0,-999.0,0,-999.0,-999.0,-999.0,0,0,-999.0,-999.0,-999.0,-999.0,0,-999.0,-999.0,-999.0,-999.0,-999.0,0,-999.0,-999.0,-999.0,0,0,-999.0,-999.0,-999.0,-999.0,0,-999.0,-999.0,-999.0,-999.0,-999.0,0,-999.0,-999.0,-999.0,0,0,0.019447556563087214
PSO J139.6192+35.9054,-999,-999,-999,151081396191257096,3578835000029180,214022515356155,0,16486947906051,15108,1,2038,90,0.528283850781884,3578835,49831,3,302067712,0,36,-999.0,-999.0,-999.0,-999.0,139.61916577,35.90541235,0.14257000386714935,0.14257000386714935,,,,,55249.33488426,-999.0,-0.6170111254103525,0.5247618412843679,0.5864488733484703,130.8031215441384,19.22738906917775,188.05538177625533,44.333042785160664,-999,0,1,1,0,0,0,0,0.9984340071678162,21.761899948120117,0.14177900552749634,-999.0,1,21.761899948120117,21.761899948120117,-999.0,-999.0,-999.0,1,22.45669937133789,0.14177900552749634,-999.0,1,280,-999.0,-999.0,-999.0,-999.0,0,-999.0,-999.0,-999.0,-999.0,-999.0,0,-999.0,-999.0,-999.0,0,0,-999.0,-999.0,-999.0,-999.0,0,-999.0,-999.0,-999.0,-999.0,-999.0,0,-999.0,-999.0,-999.0,0,0,-999.0,-999.0,-999.0,-999.0,0,-999.0,-999.0,-999.0,-999.0,-999.0,0,-999.0,-999.0,-999.0,0,0,-999.0,-999.0,-999.0,-999.0,0,-999.0,-999.0,-999.0,-999.0,-999.0,0,-999.0,-999.0,-999.0,0,0,0.019585679243669104
PSO J139.6195+35.9068,-999,-999,-999,151081396195268744,3578835000029278,214022515356253,0,16486947940071,15108,1,2038,90,0.924475920316275,3578835,49831,3,268959744,0,32,-999.0,-999.0,-999.0,-999.0,139.61954927,35.90678676,0.2795799970626831,0.2795799970626831,,,,,55249.29614583,-999.0,-0.6170039214064261,0.5247485973419541,0.5864683031134289,130.80296600062576,19.228790469271686,188.0535009928151,44.33346190166769,-999,0,1,0,0,1,0,0,-999.0,-999.0,-999.0,-999.0,0,-999.0,-999.0,-999.0,-999.0,-999.0,0,-999.0,-999.0,-999.0,0,0,-999.0,-999.0,-999.0,-999.0,0,-999.0,-999.0,-999.0,-999.0,-999.0,0,-999.0,-999.0,-999.0,0,0,0.7420539855957031,21.31279945373535,0.2791759967803955,-999.0,1,21.31279945373535,21.31279945373535,-999.0,-999.0,-999.0,0,22.96419906616211,0.2791759967803955,-999.0,1,4120,-999.0,-999.0,-999.0,-999.0,0,-999.0,-999.0,-999.0,-999.0,-999.0,0,-999.0,-999.0,-999.0,0,0,-999.0,-999.0,-999.0,-999.0,0,-999.0,-999.0,-999.0,-999.0,-999.0,0,-999.0,-999.0,-999.0,0,0,0.01956048369762423
PSO J139.6195+35.9023,-999,-999,-999,151081396195313401,3578835000029276,214022515356251,0,16486947905974,15108,1,2038,90,0.331561999704281,3578835,49831,3,268959744,0,32,-999.0,-999.0,-999.0,-999.0,139.61954473,35.90231816,0.22684000432491302,0.22684000432491302,,,,,56759.31069444,-999.0,-0.617038720600545,0.5247782775677174,0.5864051301555114,130.80448103939534,19.22455703450224,188.05972800424053,44.33310218727404,-999,0,1,0,0,1,0,0,-999.0,-999.0,-999.0,-999.0,0,-999.0,-999.0,-999.0,-999.0,-999.0,0,-999.0,-999.0,-999.0,0,0,-999.0,-999.0,-999.0,-999.0,0,-999.0,-999.0,-999.0,-999.0,-999.0,0,-999.0,-999.0,-999.0,0,0,0.6592839956283569,16.771799087524414,0.2263440042734146,-999.0,1,16.771799087524414,16.771799087524414,-999.0,-999.0,-999.0,1,16.967500686645508,0.2263440042734146,-999.0,1,4112,-999.0,-999.0,-999.0,-999.0,0,-999.0,-999.0,-999.0,-999.0,-999.0,0,-999.0,-999.0,-999.0,0,0,-999.0,-999.0,-999.0,-999.0,0,-999.0,-999.0,-999.0,-999.0,-999.0,0,-999.0,-999.0,-999.0,0,0,0.020925607057319225
PSO J139.6197+35.9001,-999,-999,-999,151081396196790877,3578835000187300,214022515515898,0,16486947787530,15108,1,2038,90,0.848311024576715,3578835,49831,3,404226048,0,48,139.61971584,35.90014446,0.0010000000474974513,0.0010000000474974513,139.61971584,35.90014446,0.0010000000474974513,0.0010000000474974513,,,,,55646.00913194,-999.0,-0.6170572344000977,0.5247908474445745,0.58637439909405,130.8053588054384,19.22254277643531,188.06277268941122,44.333067033516606,-999,6,0,0,0,0,0,0,-999.0,-999.0,-999.0,-999.0,0,-999.0,-999.0,-999.0,-999.0,-999.0,0,-999.0,-999.0,-999.0,0,16416,-999.0,-999.0,-999.0,-999.0,0,-999.0,-999.0,-999.0,-999.0,-999.0,0,-999.0,-999.0,-999.0,0,114720,-999.0,-999.0,-999.0,-999.0,0,-999.0,-999.0,-999.0,-999.0,-999.0,0,-999.0,-999.0,-999.0,0,114720,-999.0,-999.0,-999.0,-999.0,0,-999.0,-999.0,-999.0,-999.0,-999.0,0,-999.0,-999.0,-999.0,0,114720,-999.0,-999.0,-999.0,-999.0,0,-999.0,-999.0,-999.0,-999.0,-999.0,0,-999.0,-999.0,-999.0,0,16416,0.02201364681089741
PSO J139.6197+35.9047,-999,-999,-999,151081396196966227,3578835000029325,214022515356300,0,16486947906080,15108,1,2038,90,0.577600965814293,3578835,49831,3,302067712,0,36,-999.0,-999.0,-999.0,-999.0,139.61972065,35.90467699,0.2736699879169464,0.2736699879169464,,,,,56759.31069444,-999.0,-0.6170219409653303,0.5247607420465189,0.5864384775696111,130.80382229172207,19.226836834834568,188.0564566310706,44.333432217227625,-999,0,1,0,0,1,0,0,-999.0,-999.0,-999.0,-999.0,0,-999.0,-999.0,-999.0,-999.0,-999.0,0,-999.0,-999.0,-999.0,0,0,-999.0,-999.0,-999.0,-999.0,0,-999.0,-999.0,-999.0,-999.0,-999.0,0,-999.0,-999.0,-999.0,0,0,0.8773990273475647,17.070499420166016,0.27325499057769775,-999.0,1,17.070499420166016,17.070499420166016,-999.0,-999.0,-999.0,0,20.204500198364258,0.27325499057769775,-999.0,1,272,-999.0,-999.0,-999.0,-999.0,0,-999.0,-999.0,-999.0,-999.0,-999.0,0,-999.0,-999.0,-999.0,0,0,-999.0,-999.0,-999.0,-999.0,0,-999.0,-999.0,-999.0,-999.0,-999.0,0,-999.0,-999.0,-999.0,0,0,0.020227051810182466
PSO J139.6198+35.9058,-999,-999,-999,151081396197367611,3578835000029343,214022515356318,0,16486947907900,15108,1,2038,90,0.0943318019568285,3578835,49831,3,302067712,0,36,-999.0,-999.0,-999.0,-999.0,139.61977133,35.90583787,0.14474999904632568,0.14474999904632568,,,,,55249.30418981,-999.0,-0.6170133538014129,0.5247524983670839,0.5864548888774278,130.80346891871633,19.227949488187598,188.0548433980336,44.33356561746578,-999,0,1,0,1,0,0,0,-999.0,-999.0,-999.0,-999.0,0,-999.0,-999.0,-999.0,-999.0,-999.0,0,-999.0,-999.0,-999.0,0,0,0.998714029788971,21.704500198364258,0.14397099614143372,-999.0,1,21.704500198364258,21.704500198364258,-999.0,-999.0,-999.0,1,22.482500076293945,0.14397099614143372,-999.0,1,280,-999.0,-999.0,-999.0,-999.0,0,-999.0,-999.0,-999.0,-999.0,-999.0,0,-999.0,-999.0,-999.0,0,0,-999.0,-999.0,-999.0,-999.0,0,-999.0,-999.0,-999.0,-999.0,-999.0,0,-999.0,-999.0,-999.0,0,0,-999.0,-999.0,-999.0,-999.0,0,-999.0,-999.0,-999.0,-999.0,-999.0,0,-999.0,-999.0,-999.0,0,0,0.01994896935650697
PSO J139.6201+35.9043,-999,-999,-999,151081396198825682,3578835000029381,214022515356356,0,16486947908967,15108,1,2038,90,0.385497610443735,3578835,49831,3,436363264,7,52,139.62002903,35.90437037,0.0010000000474974513,0.0010000000474974513,139.62005491499275,35.904346514003386,0.04525132376962388,0.04525132376962388,93.93525035794532,38.29741440001075,32.075260345433264,32.075260345433264,56652.123477565285,4.802433013916016,-0.6170275790937245,0.5247593336812129,0.5864338056014397,130.8042071630432,19.22660734770371,188.05695218773585,44.33367528640072,-999,8,5,0,0,5,0,0,-999.0,-999.0,-999.0,-999.0,0,-999.0,-999.0,-999.0,-999.0,-999.0,0,-999.0,-999.0,-999.0,0,16416,-999.0,-999.0,-999.0,-999.0,0,-999.0,-999.0,-999.0,-999.0,-999.0,0,-999.0,-999.0,-999.0,0,114720,0.9985629916191101,21.806499481201172,0.06850700080394745,0.22335800528526306,5,21.618499755859375,22.12849998474121,21.576499938964844,0.14440199732780457,0.42907199263572693,5,21.56529998779297,0.0988050028681755,0.3279860019683838,5,115000,-999.0,-999.0,-999.0,-999.0,0,-999.0,-999.0,-999.0,-999.0,-999.0,0,-999.0,-999.0,-999.0,0,114720,-999.0,-999.0,-999.0,-999.0,0,-999.0,-999.0,-999.0,-999.0,-999.0,0,-999.0,-999.0,-999.0,0,114720,0.02058589367163759
PSO J139.6202+35.9077,-999,-999,-999,151081396201879809,3578835000029453,214022515356428,0,16486947940167,15108,1,2038,90,0.809145970092291,3578835,49831,3,268959744,0,32,-999.0,-999.0,-999.0,-999.0,139.62021592,35.90768639,0.32409000396728516,0.32409000396728516,,,,,55250.24451389,-999.0,-0.6170030121815551,0.5247354525590754,0.5864810208237861,130.8032018582041,19.2298157992354,188.05230736934377,44.33407178888827,-999,0,1,0,0,0,1,0,-999.0,-999.0,-999.0,-999.0,0,-999.0,-999.0,-999.0,-999.0,-999.0,0,-999.0,-999.0,-999.0,0,0,-999.0,-999.0,-999.0,-999.0,0,-999.0,-999.0,-999.0,-999.0,-999.0,0,-999.0,-999.0,-999.0,0,0,-999.0,-999.0,-999.0,-999.0,0,-999.0,-999.0,-999.0,-999.0,-999.0,0,-999.0,-999.0,-999.0,0,0,0.7117180228233337,20.63759994506836,0.32374098896980286,-999.0,1,20.63759994506836,20.63759994506836,-999.0,-999.0,-999.0,0,-999.0,-999.0,-999.0,0,4120,-999.0,-999.0,-999.0,-999.0,0,-999.0,-999.0,-999.0,-999.0,-999.0,0,-999.0,-999.0,-999.0,0,0,0.019931470216646697
PSO J139.6203+35.9012,-999,-999,-999,151081396203302015,3578835000029482,214022515356457,0,16486947787517,15108,1,2038,90,0.873741953516139,3578835,49831,3,268959744,0,32,-999.0,-999.0,-999.0,-999.0,139.62034814,35.9011711,0.2822200059890747,0.2822200059890747,,,,,55576.49671296,-999.0,-0.6170550219565304,0.5247772308339886,0.586388913500619,130.8055236381188,19.223679481648055,188.0613990715338,44.333659451400905,-999,0,1,0,0,1,0,0,-999.0,-999.0,-999.0,-999.0,0,-999.0,-999.0,-999.0,-999.0,-999.0,0,-999.0,-999.0,-999.0,0,0,-999.0,-999.0,-999.0,-999.0,0,-999.0,-999.0,-999.0,-999.0,-999.0,0,-999.0,-999.0,-999.0,0,0,0.6075630187988281,21.297300338745117,0.2818250060081482,-999.0,1,21.297300338745117,21.297300338745117,-999.0,-999.0,-999.0,1,23.393699645996094,0.2818250060081482,-999.0,1,4120,-999.0,-999.0,-999.0,-999.0,0,-999.0,-999.0,-999.0,-999.0,-999.0,0,-999.0,-999.0,-999.0,0,0,-999.0,-999.0,-999.0,-999.0,0,-999.0,-999.0,-999.0,-999.0,-999.0,0,-999.0,-999.0,-999.0,0,0,0.021997616181714464
PSO J139.6206+35.9058,-999,-999,-999,151081396205397570,3578835000029536,214022515356511,0,16486947908078,15108,1,2038,90,0.678593855051877,3578835,49831,3,302067712,0,36,-999.0,-999.0,-999.0,-999.0,139.62057124,35.90580919,0.18055999279022217,0.18055999279022217,,,,,55249.32787037,-999.0,-0.6170209034665278,0.5247440743327199,0.5864544834324713,130.80412856390285,19.22813025034278,188.05495551584264,44.33420918729113,-999,0,1,1,0,0,0,0,0.9982609748840332,21.9330997467041,0.1799360066652298,-999.0,1,21.9330997467041,21.9330997467041,-999.0,-999.0,-999.0,1,23.81369972229004,0.1799360066652298,-999.0,1,280,-999.0,-999.0,-999.0,-999.0,0,-999.0,-999.0,-999.0,-999.0,-999.0,0,-999.0,-999.0,-999.0,0,0,-999.0,-999.0,-999.0,-999.0,0,-999.0,-999.0,-999.0,-999.0,-999.0,0,-999.0,-999.0,-999.0,0,0,-999.0,-999.0,-999.0,-999.0,0,-999.0,-999.0,-999.0,-999.0,-999.0,0,-999.0,-999.0,-999.0,0,0,-999.0,-999.0,-999.0,-999.0,0,-999.0,-999.0,-999.0,-999.0,-999.0,0,-999.0,-999.0,-999.0,0,0,0.02058440046242167
PSO J139.6215+35.9069,-999,-999,-999,151081396214828929,3578835000029732,214022515356707,0,16486947908520,15108,1,2038,90,0.160146723650533,3578835,49831,3,268513280,0,32,-999.0,-999.0,-999.0,-999.0,139.62151535,35.90693654,0.01800999976694584,0.01800999976694584,,,,,55275.31780093,-999.0,-0.6170207596616443,0.5247264316012167,0.5864704205035588,130.80451244845244,19.229443380761122,188.05346954141154,44.33506124033723,-999,0,1,1,0,0,0,0,0.9994660019874573,18.847999572753906,0.009964000433683395,-999.0,1,18.847999572753906,18.847999572753906,19.08839988708496,0.017872000113129616,-999.0,1,19.008399963378906,0.009964000433683395,-999.0,1,24,-999.0,-999.0,-999.0,-999.0,0,-999.0,-999.0,-999.0,-999.0,-999.0,0,-999.0,-999.0,-999.0,0,0,-999.0,-999.0,-999.0,-999.0,0,-999.0,-999.0,-999.0,-999.0,-999.0,0,-999.0,-999.0,-999.0,0,0,-999.0,-999.0,-999.0,-999.0,0,-999.0,-999.0,-999.0,-999.0,-999.0,0,-999.0,-999.0,-999.0,0,0,-999.0,-999.0,-999.0,-999.0,0,-999.0,-999.0,-999.0,-999.0,-999.0,0,-999.0,-999.0,-999.0,0,0,0.0210947391394159
PSO J139.6215+35.9038,-999,-999,-999,151081396215705227,3578835000029744,214022515356719,0,16486947909602,15108,1,2038,90,0.443134535516738,3578835,49831,3,436527104,7,52,139.62151294,35.90384983,0.0010000000474974513,0.0010000000474974513,139.62154299401192,35.90385088192672,0.011935340266289413,0.011935340266289413,9.185197266283678,47.241124023467535,5.983014354891567,5.983014354891567,56146.19184226265,5.8084397315979,-0.6170450722870485,0.5247465945099824,0.5864267987706967,130.8055844918992,19.226515492075855,188.0577889770281,44.33483352281026,-999,10,49,2,15,26,4,2,0.9990329742431641,21.810199737548828,0.3492569923400879,0.5146729946136475,2,21.358600616455078,22.057100296020508,21.911800384521484,0.3328930139541626,0.4894059896469116,2,21.83679962158203,0.2724129855632782,0.39285099506378174,2,115000,0.9996370077133179,21.712499618530273,0.041703000664711,0.16222000122070312,15,21.484699249267578,21.96739959716797,21.43600082397461,0.09577900171279907,0.35124000906944275,15,21.375,0.08947800099849701,0.34774500131607056,15,115000,0.9995409846305847,21.340099334716797,0.05469600111246109,0.29861998558044434,25,20.637500762939453,21.648300170898438,21.042800903320312,0.05032699927687645,0.3997400104999542,25,21.053600311279297,0.06192899867892265,0.28497201204299927,25,115000,0.9987289905548096,21.003799438476562,0.19007599353790283,0.37241101264953613,4,20.595399856567383,21.403900146484375,20.649900436401367,0.19594800472259521,0.31157100200653076,4,20.59239959716797,0.17737999558448792,0.31362301111221313,4,115000,0.9979169964790344,20.80139923095703,0.00030300000798888505,-999.0,1,20.802600860595703,20.802600860595703,-999.0,-999.0,-999.0,2,20.355499267578125,0.00030300000798888505,-999.0,2,115000,0.02188583482935293
PSO J139.6219+35.9022,-999,-999,-999,151081396218603236,3578835000029810,214022515356785,0,16486947909124,15108,1,2038,90,0.26154617710183,3578835,49831,3,302067712,0,36,-999.0,-999.0,-999.0,-999.0,139.62188311,35.90219605,0.18749000132083893,0.18749000132083893,,,,,55918.63284722,-999.0,-0.6170610896108927,0.5247539039100734,0.5864034038265427,130.80642243905652,19.225049231887343,188.06010924842653,44.334980559142075,-999,0,1,0,1,0,0,0,-999.0,-999.0,-999.0,-999.0,0,-999.0,-999.0,-999.0,-999.0,-999.0,0,-999.0,-999.0,-999.0,0,0,0.43813300132751465,22.047700881958008,0.18689100444316864,-999.0,1,22.047700881958008,22.047700881958008,21.891199111938477,0.24158799648284912,-999.0,1,22.015499114990234,0.18689100444316864,-999.0,1,536,-999.0,-999.0,-999.0,-999.0,0,-999.0,-999.0,-999.0,-999.0,-999.0,0,-999.0,-999.0,-999.0,0,0,-999.0,-999.0,-999.0,-999.0,0,-999.0,-999.0,-999.0,-999.0,-999.0,0,-999.0,-999.0,-999.0,0,0,-999.0,-999.0,-999.0,-999.0,0,-999.0,-999.0,-999.0,-999.0,-999.0,0,-999.0,-999.0,-999.0,0,0,0.022717629442917227
PSO J139.6220+35.9025,-999,-999,-999,151081396219403620,3578835000029827,214022515356802,0,16486947909151,15108,1,2038,90,0.250014321180074,3578835,49831,3,302067712,0,36,-999.0,-999.0,-999.0,-999.0,139.62197262,35.90252099,0.1934400051832199,0.1934400051832199,,,,,56344.35071759,-999.0,-0.6170593759548576,0.5247507854499219,0.5864079976568292,130.8063847263531,19.225380252871645,188.0596644788767,44.335078728777205,-999,0,1,0,0,1,0,0,-999.0,-999.0,-999.0,-999.0,0,-999.0,-999.0,-999.0,-999.0,-999.0,0,-999.0,-999.0,-999.0,0,0,-999.0,-999.0,-999.0,-999.0,0,-999.0,-999.0,-999.0,-999.0,-999.0,0,-999.0,-999.0,-999.0,0,0,0.9988549947738647,21.549400329589844,0.19285300374031067,-999.0,1,21.549400329589844,21.549400329589844,21.586200714111328,0.28952398896217346,-999.0,1,21.271099090576172,0.19285300374031067,-999.0,1,280,-999.0,-999.0,-999.0,-999.0,0,-999.0,-999.0,-999.0,-999.0,-999.0,0,-999.0,-999.0,-999.0,0,0,-999.0,-999.0,-999.0,-999.0,0,-999.0,-999.0,-999.0,-999.0,-999.0,0,-999.0,-999.0,-999.0,0,0,0.022664781467385518
PSO J139.6220+35.9062,-999,-999,-999,151081396219617990,3578835000029840,214022515356815,0,16486947908380,15108,1,2038,90,0.267722717735658,3578835,49831,3,268513280,0,32,-999.0,-999.0,-999.0,-999.0,139.62199316,35.90615739,0.015629999339580536,0.015629999339580536,,,,,55250.29253472,-999.0,-0.6170312109100798,0.5247264525671447,0.5864594058749001,130.80516547285674,19.22882964675347,188.05459848490244,44.335384986483504,-999,0,1,0,0,1,0,0,-999.0,-999.0,-999.0,-999.0,0,-999.0,-999.0,-999.0,-999.0,-999.0,0,-999.0,-999.0,-999.0,0,0,-999.0,-999.0,-999.0,-999.0,0,-999.0,-999.0,-999.0,-999.0,-999.0,0,-999.0,-999.0,-999.0,0,0,0.9976890087127686,16.560800552368164,0.004375999793410301,-999.0,1,16.560800552368164,16.560800552368164,17.25160026550293,0.01129900012165308,-999.0,1,17.162500381469727,0.004375999793410301,-999.0,1,16,-999.0,-999.0,-999.0,-999.0,0,-999.0,-999.0,-999.0,-999.0,-999.0,0,-999.0,-999.0,-999.0,0,0,-999.0,-999.0,-999.0,-999.0,0,-999.0,-999.0,-999.0,-999.0,-999.0,0,-999.0,-999.0,-999.0,0,0,0.021627533616886702
PSO J139.6222+35.9065,-999,-999,-999,151081396221398450,3578835000029889,214022515356864,0,16486947908591,15108,1,2038,90,0.743167006171464,3578835,49831,3,268959744,0,32,-999.0,-999.0,-999.0,-999.0,139.62216529,35.90654515,0.3112500011920929,0.3112500011920929,,,,,55249.31875,-999.0,-0.6170297637736767,0.524722027643841,0.5864648875446313,130.8051735261647,19.229241639823165,188.05407360250217,44.335554840236995,-999,0,1,0,1,0,0,0,-999.0,-999.0,-999.0,-999.0,0,-999.0,-999.0,-999.0,-999.0,-999.0,0,-999.0,-999.0,-999.0,0,0,0.8057940006256104,22.341699600219727,0.3108850121498108,-999.0,1,22.341699600219727,22.341699600219727,22.188199996948242,0.2893980145454407,-999.0,1,22.99329948425293,0.3108850121498108,-999.0,1,4120,-999.0,-999.0,-999.0,-999.0,0,-999.0,-999.0,-999.0,-999.0,-999.0,0,-999.0,-999.0,-999.0,0,0,-999.0,-999.0,-999.0,-999.0,0,-999.0,-999.0,-999.0,-999.0,-999.0,0,-999.0,-999.0,-999.0,0,0,-999.0,-999.0,-999.0,-999.0,0,-999.0,-999.0,-999.0,-999.0,-999.0,0,-999.0,-999.0,-999.0,0,0,0.021685227901784166
PSO J139.6222+35.9014,-999,-999,-999,151081396221412320,3578835000029884,214022515356859,0,16486947789119,15108,1,2038,90,0.234974169391183,3578835,49831,3,310456320,0,37,-999.0,-999.0,-999.0,-999.0,139.62217489,35.90143431,0.18377000093460083,0.18377000093460083,,,,,57049.43763889,-999.0,-0.6170697008968169,0.5247558120066504,0.586392634674374,130.80691839993793,19.224403631027457,188.06119717241972,44.33515544382368,-999,0,1,0,0,1,0,0,-999.0,-999.0,-999.0,-999.0,0,-999.0,-999.0,-999.0,-999.0,-999.0,0,-999.0,-999.0,-999.0,0,0,-999.0,-999.0,-999.0,-999.0,0,-999.0,-999.0,-999.0,-999.0,-999.0,0,-999.0,-999.0,-999.0,0,0,0.9986969828605652,21.918500900268555,0.18315699696540833,-999.0,1,21.918500900268555,21.918500900268555,21.444599151611328,0.2599560022354126,-999.0,1,21.392499923706055,0.18315699696540833,-999.0,1,16777496,-999.0,-999.0,-999.0,-999.0,0,-999.0,-999.0,-999.0,-999.0,-999.0,0,-999.0,-999.0,-999.0,0,0,-999.0,-999.0,-999.0,-999.0,0,-999.0,-999.0,-999.0,-999.0,-999.0,0,-999.0,-999.0,-999.0,0,0,0.023231671611055386
PSO J139.6225+35.9024,-999,-999,-999,151081396224593436,3578835000029952,214022515356927,0,16486947907113,15108,1,2038,90,0.463927497588031,3578835,49831,3,268959744,0,32,-999.0,-999.0,-999.0,-999.0,139.62248222,35.9023672,0.24247999489307404,0.24247999489307404,,,,,56271.62,-999.0,-0.6170652422287557,0.524746316850853,0.5864058234572974,130.80685103728047,19.22536706820432,188.05992479640878,44.33547794508853,-999,0,1,0,0,0,1,0,-999.0,-999.0,-999.0,-999.0,0,-999.0,-999.0,-999.0,-999.0,-999.0,0,-999.0,-999.0,-999.0,0,0,-999.0,-999.0,-999.0,-999.0,0,-999.0,-999.0,-999.0,-999.0,-999.0,0,-999.0,-999.0,-999.0,0,0,-999.0,-999.0,-999.0,-999.0,0,-999.0,-999.0,-999.0,-999.0,-999.0,0,-999.0,-999.0,-999.0,0,0,0.7368159890174866,20.93549919128418,0.24201700091362,-999.0,1,20.93549919128418,20.93549919128418,-999.0,-999.0,-999.0,0,20.819499969482422,0.24201700091362,-999.0,1,4120,-999.0,-999.0,-999.0,-999.0,0,-999.0,-999.0,-999.0,-999.0,-999.0,0,-999.0,-999.0,-999.0,0,0,0.023105234854170677
PSO J139.6255+35.9039,-999,-999,-999,151081396254655261,3578835000030720,214022515357695,0,16486947911242,15108,1,2038,90,0.037937116844521,3578835,49831,3,268513280,0,32,-999.0,-999.0,-999.0,-999.0,139.62550048,35.9038973,0.019029999151825905,0.019029999151825905,,,,,55249.28607639,-999.0,-0.6170809537329713,0.5247036654828987,0.5864274549923604,130.80878324698472,19.22760084748263,188.05806462237675,44.338036884979616,-999,0,1,0,0,1,0,0,-999.0,-999.0,-999.0,-999.0,0,-999.0,-999.0,-999.0,-999.0,-999.0,0,-999.0,-999.0,-999.0,0,0,-999.0,-999.0,-999.0,-999.0,0,-999.0,-999.0,-999.0,-999.0,-999.0,0,-999.0,-999.0,-999.0,0,0,0.9973229765892029,17.58009910583496,0.011714000254869461,-999.0,1,17.58009910583496,17.58009910583496,18.17300033569336,0.02768000029027462,-999.0,1,18.042999267578125,0.011714000254869461,-999.0,1,24,-999.0,-999.0,-999.0,-999.0,0,-999.0,-999.0,-999.0,-999.0,-999.0,0,-999.0,-999.0,-999.0,0,0,-999.0,-999.0,-999.0,-999.0,0,-999.0,-999.0,-999.0,-999.0,-999.0,0,-999.0,-999.0,-999.0,0,0,0.024935505218679373
PSO J139.6273+35.9007,-999,-999,-999,151081396272821387,3578835000031195,214022515358170,0,16486947797024,15108,1,2038,90,0.434496288592458,3578835,49831,3,268959744,0,32,-999.0,-999.0,-999.0,-999.0,139.62730499,35.90065165,0.20472000539302826,0.20472000539302826,,,,,55576.50894676,-999.0,-0.6171227859846525,0.5247057478110555,0.5863815696562962,130.8113525765314,19.224996011917867,188.06275095510676,44.33923539751775,-999,0,1,0,0,1,0,0,-999.0,-999.0,-999.0,-999.0,0,-999.0,-999.0,-999.0,-999.0,-999.0,0,-999.0,-999.0,-999.0,0,0,-999.0,-999.0,-999.0,-999.0,0,-999.0,-999.0,-999.0,-999.0,-999.0,0,-999.0,-999.0,-999.0,0,0,0.620701014995575,20.896900177001953,0.20416699349880219,-999.0,1,20.896900177001953,20.896900177001953,-999.0,-999.0,-999.0,0,21.53510093688965,0.20416699349880219,-999.0,1,4120,-999.0,-999.0,-999.0,-999.0,0,-999.0,-999.0,-999.0,-999.0,-999.0,0,-999.0,-999.0,-999.0,0,0,-999.0,-999.0,-999.0,-999.0,0,-999.0,-999.0,-999.0,-999.0,-999.0,0,-999.0,-999.0,-999.0,0,0,0.02736866722615052
PSO J139.6276+35.9005,-999,-999,-999,151081396276151240,3578835000031262,214022515358237,0,16486947783778,15108,1,2038,90,0.205267095198172,3578835,49831,3,268959744,0,32,-999.0,-999.0,-999.0,-999.0,139.62762926,35.90053397,0.23681999742984772,0.23681999742984772,,,,,55249.29931713,-999.0,-0.6171266731382473,0.5247030352808134,0.586379905921426,130.81165604318753,19.224968859910962,188.06294423130092,44.339487856834694,-999,0,1,0,0,1,0,0,-999.0,-999.0,-999.0,-999.0,0,-999.0,-999.0,-999.0,-999.0,-999.0,0,-999.0,-999.0,-999.0,0,0,-999.0,-999.0,-999.0,-999.0,0,-999.0,-999.0,-999.0,-999.0,-999.0,0,-999.0,-999.0,-999.0,0,0,0.5114759802818298,20.788799285888672,0.2363480031490326,-999.0,1,20.788799285888672,20.788799285888672,-999.0,-999.0,-999.0,0,21.350400924682617,0.2363480031490326,-999.0,1,4120,-999.0,-999.0,-999.0,-999.0,0,-999.0,-999.0,-999.0,-999.0,-999.0,0,-999.0,-999.0,-999.0,0,0,-999.0,-999.0,-999.0,-999.0,0,-999.0,-999.0,-999.0,-999.0,-999.0,0,-999.0,-999.0,-999.0,0,0,0.027656229050931496
PSO J139.6282+35.9038,-999,-999,-999,151081396281615219,3578835000031388,214022515358363,0,16486947911093,15108,1,2038,90,0.117055325877904,3578835,49831,3,268959744,0,32,-999.0,-999.0,-999.0,-999.0,139.62817803,35.90384964,0.28944000601768494,0.28944000601768494,,,,,55249.34458333,-999.0,-0.6171058451810525,0.5246751434165339,0.5864267812133229,130.81097488583578,19.22825178535946,188.05837249693053,44.340195025091205,-999,0,1,1,0,0,0,0,0.5995050072669983,21.774900436401367,0.2890489995479584,-999.0,1,21.774900436401367,21.774900436401367,-999.0,-999.0,-999.0,0,23.058799743652344,0.2890489995479584,-999.0,1,4120,-999.0,-999.0,-999.0,-999.0,0,-999.0,-999.0,-999.0,-999.0,-999.0,0,-999.0,-999.0,-999.0,0,0,-999.0,-999.0,-999.0,-999.0,0,-999.0,-999.0,-999.0,-999.0,-999.0,0,-999.0,-999.0,-999.0,0,0,-999.0,-999.0,-999.0,-999.0,0,-999.0,-999.0,-999.0,-999.0,-999.0,0,-999.0,-999.0,-999.0,0,0,-999.0,-999.0,-999.0,-999.0,0,-999.0,-999.0,-999.0,-999.0,-999.0,0,-999.0,-999.0,-999.0,0,0,0.02703943132637243
PSO J139.6297+35.9075,-999,-999,-999,151081396296449610,3578835000031761,214022515358736,0,16486947912702,15108,1,2038,90,0.758798987380042,3578835,49831,3,302067712,0,36,-999.0,-999.0,-999.0,-999.0,139.62972189,35.90750518,0.19133000075817108,0.19133000075817108,,,,,55249.27530093,-999.0,-0.6170914759724397,0.5246342795173057,0.5864784591419477,130.8109865915222,19.232115281668023,188.05341657469666,44.341732444041995,-999,0,1,0,0,0,0,1,-999.0,-999.0,-999.0,-999.0,0,-999.0,-999.0,-999.0,-999.0,-999.0,0,-999.0,-999.0,-999.0,0,0,-999.0,-999.0,-999.0,-999.0,0,-999.0,-999.0,-999.0,-999.0,-999.0,0,-999.0,-999.0,-999.0,0,0,-999.0,-999.0,-999.0,-999.0,0,-999.0,-999.0,-999.0,-999.0,-999.0,0,-999.0,-999.0,-999.0,0,0,-999.0,-999.0,-999.0,-999.0,0,-999.0,-999.0,-999.0,-999.0,-999.0,0,-999.0,-999.0,-999.0,0,0,0.9979259967803955,19.55820083618164,0.19074399769306183,-999.0,1,19.55820083618164,19.55820083618164,-999.0,-999.0,-999.0,1,19.76099967956543,0.19074399769306183,-999.0,1,272,0.02758548462817892
PSO J139.6298+35.9014,-999,-999,-999,151081396297992271,3578835000187433,214022515516031,0,16486947784265,15108,1,2038,90,0.253628606212911,3578835,49831,3,1343750144,0,160,139.62979848,35.90138263,0.0010000000474974513,0.0010000000474974513,139.62979848,35.90138263,0.0010000000474974513,0.0010000000474974513,,,,,55655.49234954,-999.0,-0.6171399207045671,0.5246740446676365,0.5863919040410293,130.81313004821843,19.226336577894816,188.06195709784305,44.341307011028974,-999,2,0,0,0,0,0,0,-999.0,-999.0,-999.0,-999.0,0,-999.0,-999.0,-999.0,-999.0,-999.0,0,-999.0,-999.0,-999.0,0,16416,-999.0,-999.0,-999.0,-999.0,0,-999.0,-999.0,-999.0,-999.0,-999.0,0,-999.0,-999.0,-999.0,0,16416,-999.0,-999.0,-999.0,-999.0,0,-999.0,-999.0,-999.0,-999.0,-999.0,0,-999.0,-999.0,-999.0,0,114720,-999.0,-999.0,-999.0,-999.0,0,-999.0,-999.0,-999.0,-999.0,-999.0,0,-999.0,-999.0,-999.0,0,16416,-999.0,-999.0,-999.0,-999.0,0,-999.0,-999.0,-999.0,-999.0,-999.0,0,-999.0,-999.0,-999.0,0,16416,0.02901100847269406
PSO J139.6313+35.9058,-999,-999,-999,151081396312557538,3578835000032118,214022515359093,0,16486947898831,15108,1,2038,90,0.643018560151587,3578835,49831,3,302067712,0,36,-999.0,-999.0,-999.0,-999.0,139.63128682,35.90577899,0.19367000460624695,0.19367000460624695,,,,,57033.55729167,-999.0,-0.6171192669526668,0.5246288687932391,0.5864540564993387,130.81284483201063,19.230887274328623,188.055963559709,44.342858673994776,-999,0,1,0,0,1,0,0,-999.0,-999.0,-999.0,-999.0,0,-999.0,-999.0,-999.0,-999.0,-999.0,0,-999.0,-999.0,-999.0,0,0,-999.0,-999.0,-999.0,-999.0,0,-999.0,-999.0,-999.0,-999.0,-999.0,0,-999.0,-999.0,-999.0,0,0,0.9985939860343933,21.6968994140625,0.19309000670909882,-999.0,1,21.6968994140625,21.6968994140625,-999.0,-999.0,-999.0,1,21.943099975585938,0.19309000670909882,-999.0,1,280,-999.0,-999.0,-999.0,-999.0,0,-999.0,-999.0,-999.0,-999.0,-999.0,0,-999.0,-999.0,-999.0,0,0,-999.0,-999.0,-999.0,-999.0,0,-999.0,-999.0,-999.0,-999.0,-999.0,0,-999.0,-999.0,-999.0,0,0,0.029089688245265748
PSO J139.6328+35.9062,-999,-999,-999,151081396327678011,3578835000032510,214022515359485,0,16486947899241,15108,1,2038,90,0.409820309290495,3578835,49831,3,268959744,0,32,-999.0,-999.0,-999.0,-999.0,139.63279023,35.90617268,0.2493000030517578,0.2493000030517578,,,,,55259.44527778,-999.0,-0.6171299624851568,0.5246100657971166,0.5864596220264564,130.81393245741512,19.231650998605318,188.05555024922808,44.344103862685,-999,0,1,0,0,1,0,0,-999.0,-999.0,-999.0,-999.0,0,-999.0,-999.0,-999.0,-999.0,-999.0,0,-999.0,-999.0,-999.0,0,0,-999.0,-999.0,-999.0,-999.0,0,-999.0,-999.0,-999.0,-999.0,-999.0,0,-999.0,-999.0,-999.0,0,0,0.6167190074920654,20.781700134277344,0.24884599447250366,-999.0,1,20.781700134277344,20.781700134277344,-999.0,-999.0,-999.0,0,21.667800903320312,0.24884599447250366,-999.0,1,4120,-999.0,-999.0,-999.0,-999.0,0,-999.0,-999.0,-999.0,-999.0,-999.0,0,-999.0,-999.0,-999.0,0,0,-999.0,-999.0,-999.0,-999.0,0,-999.0,-999.0,-999.0,-999.0,-999.0,0,-999.0,-999.0,-999.0,0,0,0.03022800094140472
PSO J139.6329+35.9069,-999,-999,-999,151081396329078908,3578835000032546,214022515359521,0,16486947898548,15108,1,2038,90,0.882971996332493,3578835,49831,3,268513280,0,32,-999.0,-999.0,-999.0,-999.0,139.63294045,35.90693276,0.01955999992787838,0.01955999992787838,,,,,55249.26106481,-999.0,-0.6171254102686473,0.5246034088271334,0.5864703670670031,130.8137961108854,19.232409914249537,188.05450432458028,44.3442855953605,-999,0,1,0,0,0,0,1,-999.0,-999.0,-999.0,-999.0,0,-999.0,-999.0,-999.0,-999.0,-999.0,0,-999.0,-999.0,-999.0,0,0,-999.0,-999.0,-999.0,-999.0,0,-999.0,-999.0,-999.0,-999.0,-999.0,0,-999.0,-999.0,-999.0,0,0,-999.0,-999.0,-999.0,-999.0,0,-999.0,-999.0,-999.0,-999.0,-999.0,0,-999.0,-999.0,-999.0,0,0,-999.0,-999.0,-999.0,-999.0,0,-999.0,-999.0,-999.0,-999.0,-999.0,0,-999.0,-999.0,-999.0,0,0,0.997759997844696,16.118600845336914,0.01255900040268898,-999.0,1,16.118600845336914,16.118600845336914,16.939800262451172,0.033677998930215836,-999.0,1,16.84709930419922,0.01255900040268898,-999.0,1,16,0.030242827384849222
PSO J139.6342+35.9039,-999,-999,-999,151081396341575233,3578835000032852,214022515359827,0,16486947897699,15108,1,2038,90,0.0635371087710719,3578835,49831,3,268959744,0,32,-999.0,-999.0,-999.0,-999.0,139.63417405,35.90387051,0.19425000250339508,0.19425000250339508,,,,,55521.6127662,-999.0,-0.6171605864564261,0.5246104218919899,0.5864270762567743,130.815839393716,19.22983043382783,188.05888386639822,44.3450380701553,-999,0,1,0,0,0,0,1,-999.0,-999.0,-999.0,-999.0,0,-999.0,-999.0,-999.0,-999.0,-999.0,0,-999.0,-999.0,-999.0,0,0,-999.0,-999.0,-999.0,-999.0,0,-999.0,-999.0,-999.0,-999.0,-999.0,0,-999.0,-999.0,-999.0,0,0,-999.0,-999.0,-999.0,-999.0,0,-999.0,-999.0,-999.0,-999.0,-999.0,0,-999.0,-999.0,-999.0,0,0,-999.0,-999.0,-999.0,-999.0,0,-999.0,-999.0,-999.0,-999.0,-999.0,0,-999.0,-999.0,-999.0,0,0,0.7709000110626221,19.863100051879883,0.19366900622844696,-999.0,1,19.863100051879883,19.863100051879883,-999.0,-999.0,-999.0,0,19.68269920349121,0.19366900622844696,-999.0,1,4120,0.031754864548608056
PSO J139.6348+35.9066,-999,-999,-999,151081396348288489,3578835000033003,214022515359978,0,16486948112802,15108,1,2038,90,0.647410358905243,3578835,49831,3,302067712,0,36,-999.0,-999.0,-999.0,-999.0,139.63475187,35.90662685,0.18905000388622284,0.18905000388622284,,,,,55250.27738426,-999.0,-0.6171443812096038,0.5245859259634018,0.5864660425144286,130.81537180455308,19.23259114762497,188.05509385415283,44.34572382735898,-999,0,1,0,0,0,0,1,-999.0,-999.0,-999.0,-999.0,0,-999.0,-999.0,-999.0,-999.0,-999.0,0,-999.0,-999.0,-999.0,0,0,-999.0,-999.0,-999.0,-999.0,0,-999.0,-999.0,-999.0,-999.0,-999.0,0,-999.0,-999.0,-999.0,0,0,-999.0,-999.0,-999.0,-999.0,0,-999.0,-999.0,-999.0,-999.0,-999.0,0,-999.0,-999.0,-999.0,0,0,-999.0,-999.0,-999.0,-999.0,0,-999.0,-999.0,-999.0,-999.0,-999.0,0,-999.0,-999.0,-999.0,0,0,0.9974390268325806,18.852699279785156,0.18845799565315247,-999.0,1,18.852699279785156,18.852699279785156,18.643400192260742,0.2543880045413971,-999.0,1,18.537900924682617,0.18845799565315247,-999.0,1,272,0.031737147743342665
PSO J139.6349+35.9019,-999,-999,-999,151081396348332839,3578835000032999,214022515359974,0,16486947898233,15108,1,2038,90,0.439620850085859,3578835,49831,3,310456320,0,37,-999.0,-999.0,-999.0,-999.0,139.63487423,35.9018696,0.16750000417232513,0.16750000417232513,,,,,55248.31858796,-999.0,-0.6171826009925468,0.524616143218752,0.5863987886296804,130.81708848695206,19.228117452270983,188.061736022912,44.345444213767564,-999,0,1,1,0,0,0,0,0.9906479716300964,21.82430076599121,0.16682499647140503,-999.0,1,21.82430076599121,21.82430076599121,21.199399948120117,0.18756699562072754,-999.0,1,21.155899047851562,0.16682499647140503,-999.0,1,16777496,-999.0,-999.0,-999.0,-999.0,0,-999.0,-999.0,-999.0,-999.0,-999.0,0,-999.0,-999.0,-999.0,0,0,-999.0,-999.0,-999.0,-999.0,0,-999.0,-999.0,-999.0,-999.0,-999.0,0,-999.0,-999.0,-999.0,0,0,-999.0,-999.0,-999.0,-999.0,0,-999.0,-999.0,-999.0,-999.0,-999.0,0,-999.0,-999.0,-999.0,0,0,-999.0,-999.0,-999.0,-999.0,0,-999.0,-999.0,-999.0,-999.0,-999.0,0,-999.0,-999.0,-999.0,0,0,0.03279351723406173
PSO J139.6352+35.9022,-999,-999,-999,151081396351403212,3578835000033089,214022515360064,0,16486947898306,15108,1,2038,90,0.895281466557906,3578835,49831,3,436285440,0,52,139.63510756,35.90211051,0.0010000000474974513,0.0010000000474974513,139.63515957,35.90217109,0.12494000047445297,0.12494000047445297,,,,,56184.53694444,0.09480000287294388,-0.6171828625795129,0.5246110711464916,0.5864030509544512,130.8172178289447,19.228477178630904,188.06134149655966,44.345698604673714,-999,6,2,0,0,2,0,0,-999.0,-999.0,-999.0,-999.0,0,-999.0,-999.0,-999.0,-999.0,-999.0,0,-999.0,-999.0,-999.0,0,114720,-999.0,-999.0,-999.0,-999.0,0,-999.0,-999.0,-999.0,-999.0,-999.0,0,-999.0,-999.0,-999.0,0,114720,0.9989309906959534,21.36240005493164,0.3604719936847687,0.7193490266799927,2,21.36079978942871,22.08169937133789,-999.0,-999.0,-999.0,2,21.090299606323242,0.4700410068035126,0.9387030005455017,2,115000,-999.0,-999.0,-999.0,-999.0,0,-999.0,-999.0,-999.0,-999.0,-999.0,0,-999.0,-999.0,-999.0,0,16416,-999.0,-999.0,-999.0,-999.0,0,-999.0,-999.0,-999.0,-999.0,-999.0,0,-999.0,-999.0,-999.0,0,16416,0.03293618915043376
PSO J139.6355+35.9041,-999,-999,-999,151081396354295569,3578835000033154,214022515360129,0,16486948110867,15108,1,2038,90,0.863807227335691,3578835,49831,3,268959744,0,32,-999.0,-999.0,-999.0,-999.0,139.63545181,35.90414402,0.46459999680519104,0.46459999680519104,,,,,56614.5921412,-999.0,-0.6171701527246417,0.5245948453579595,0.5864309429163003,130.81678455463512,19.23042168997743,188.0586177467669,44.346091533922085,-999,0,1,0,0,0,0,1,-999.0,-999.0,-999.0,-999.0,0,-999.0,-999.0,-999.0,-999.0,-999.0,0,-999.0,-999.0,-999.0,0,0,-999.0,-999.0,-999.0,-999.0,0,-999.0,-999.0,-999.0,-999.0,-999.0,0,-999.0,-999.0,-999.0,0,0,-999.0,-999.0,-999.0,-999.0,0,-999.0,-999.0,-999.0,-999.0,-999.0,0,-999.0,-999.0,-999.0,0,0,-999.0,-999.0,-999.0,-999.0,0,-999.0,-999.0,-999.0,-999.0,-999.0,0,-999.0,-999.0,-999.0,0,0,0.41028299927711487,21.57469940185547,0.4643549919128418,-999.0,1,21.57469940185547,21.57469940185547,-999.0,-999.0,-999.0,0,23.658300399780273,0.4643549919128418,-999.0,1,4120,0.03270960897704914
PSO J139.6361+35.9020,-999,-999,-999,151081396360692780,3578835000033310,214022515360285,0,16486947897573,15108,1,2038,90,0.331275841529738,3578835,49831,3,268513280,0,32,-999.0,-999.0,-999.0,-999.0,139.63610502,35.90195438,0.017799999564886093,0.017799999564886093,,,,,56032.28560185,-999.0,-0.6171932091738312,0.5246023232394524,0.5863999872113541,130.8180596622681,19.22851776137743,188.0617287864886,44.34644476571499,-999,0,2,2,0,0,0,0,0.9990310072898865,22.013999938964844,0.24429400265216827,-999.0,1,22.013999938964844,22.013999938964844,19.08340072631836,0.026637999340891838,-999.0,1,21.969600677490234,0.24429400265216827,-999.0,1,4120,-999.0,-999.0,-999.0,-999.0,0,-999.0,-999.0,-999.0,-999.0,-999.0,0,-999.0,-999.0,-999.0,0,0,-999.0,-999.0,-999.0,-999.0,0,-999.0,-999.0,-999.0,-999.0,-999.0,0,-999.0,-999.0,-999.0,0,0,-999.0,-999.0,-999.0,-999.0,0,-999.0,-999.0,-999.0,-999.0,-999.0,0,-999.0,-999.0,-999.0,0,0,-999.0,-999.0,-999.0,-999.0,0,-999.0,-999.0,-999.0,-999.0,-999.0,0,-999.0,-999.0,-999.0,0,0,0.03373203777294703
PSO J139.6365+35.9058,-999,-999,-999,151081396364797583,3578835000033412,214022515360387,0,16486948113837,15108,1,2038,90,0.136531398758787,3578835,49831,3,268959744,0,32,-999.0,-999.0,-999.0,-999.0,139.63650594,35.90582183,0.01522000040858984,0.01522000040858984,,,,,55972.48399306,-999.0,-0.6171667191614146,0.5245723687295536,0.5864546621223168,130.81707059499894,19.232284789300614,188.05637394373568,44.34707608651201,-999,0,1,0,1,0,0,0,-999.0,-999.0,-999.0,-999.0,0,-999.0,-999.0,-999.0,-999.0,-999.0,0,-999.0,-999.0,-999.0,0,0,0.7256519794464111,16.042999267578125,0.0022150001022964716,-999.0,1,16.042999267578125,16.042999267578125,17.022600173950195,0.005518000107258558,-999.0,1,17.40679931640625,0.0022150001022964716,-999.0,1,4112,-999.0,-999.0,-999.0,-999.0,0,-999.0,-999.0,-999.0,-999.0,-999.0,0,-999.0,-999.0,-999.0,0,0,-999.0,-999.0,-999.0,-999.0,0,-999.0,-999.0,-999.0,-999.0,-999.0,0,-999.0,-999.0,-999.0,0,0,-999.0,-999.0,-999.0,-999.0,0,-999.0,-999.0,-999.0,-999.0,-999.0,0,-999.0,-999.0,-999.0,0,0,0.033256232725117484
PSO J139.6368+35.9000,-999,-999,-999,151081396367530640,3578835000033479,214022515360454,0,16486947815662,15108,1,2038,90,0.154310496667689,3578835,49831,3,302067712,0,36,-999.0,-999.0,-999.0,-999.0,139.63678895,35.90002948,0.17803999781608582,0.17803999781608582,,,,,55275.32704861,-999.0,-0.6172144818287292,0.5246077142917334,0.5863727735208181,130.81926972903588,19.22687255489436,188.0644736039204,44.34684382137464,-999,0,2,1,0,0,0,1,0.9985060095787048,22.023000717163086,0.1774049997329712,-999.0,1,22.023000717163086,22.023000717163086,21.70199966430664,0.2957350015640259,-999.0,1,21.644399642944336,0.1774049997329712,-999.0,1,280,-999.0,-999.0,-999.0,-999.0,0,-999.0,-999.0,-999.0,-999.0,-999.0,0,-999.0,-999.0,-999.0,0,0,-999.0,-999.0,-999.0,-999.0,0,-999.0,-999.0,-999.0,-999.0,-999.0,0,-999.0,-999.0,-999.0,0,0,-999.0,-999.0,-999.0,-999.0,0,-999.0,-999.0,-999.0,-999.0,-999.0,0,-999.0,-999.0,-999.0,0,0,0.7435539960861206,18.870399475097656,0.07913199812173843,-999.0,1,18.870399475097656,18.870399475097656,18.34280014038086,0.05417900159955025,-999.0,1,18.447999954223633,0.07913199812173843,-999.0,1,16781336,0.03481135703585866
PSO J139.6369+35.9007,-999,-999,-999,151081396368681483,3578835000033501,214022515360476,0,16486947782664,15108,1,2038,90,0.988140607241672,3578835,49831,3,268959744,0,32,-999.0,-999.0,-999.0,-999.0,139.63689336,35.90074139,0.2421099990606308,0.2421099990606308,,,,,56232.65170139,-999.0,-0.617209886329171,0.5246018710138995,0.5863828383797124,130.81911254330953,19.227573940008693,188.06349066479703,44.34698479077191,-999,0,1,0,0,0,0,1,-999.0,-999.0,-999.0,-999.0,0,-999.0,-999.0,-999.0,-999.0,-999.0,0,-999.0,-999.0,-999.0,0,0,-999.0,-999.0,-999.0,-999.0,0,-999.0,-999.0,-999.0,-999.0,-999.0,0,-999.0,-999.0,-999.0,0,0,-999.0,-999.0,-999.0,-999.0,0,-999.0,-999.0,-999.0,-999.0,-999.0,0,-999.0,-999.0,-999.0,0,0,-999.0,-999.0,-999.0,-999.0,0,-999.0,-999.0,-999.0,-999.0,-999.0,0,-999.0,-999.0,-999.0,0,0,0.5037540197372437,19.91990089416504,0.24164099991321564,-999.0,1,19.91990089416504,19.91990089416504,-999.0,-999.0,-999.0,0,22.052900314331055,0.24164099991321564,-999.0,1,4120,0.03467956769783861
PSO J139.6370+35.9053,-999,-999,-999,151081396370246912,3578835000033543,214022515360518,0,16486948113784,15108,1,2038,90,0.222595196424606,3578835,49831,3,268959744,0,32,-999.0,-999.0,-999.0,-999.0,139.63704059,35.90526301,0.3956100046634674,0.3956100046634674,,,,,55248.26421296,-999.0,-0.6171759723729487,0.5245703139747585,0.5864467621378163,130.8176949625393,19.231894555780077,188.05720105544833,44.3474633455437,-999,0,1,0,0,0,1,0,-999.0,-999.0,-999.0,-999.0,0,-999.0,-999.0,-999.0,-999.0,-999.0,0,-999.0,-999.0,-999.0,0,0,-999.0,-999.0,-999.0,-999.0,0,-999.0,-999.0,-999.0,-999.0,-999.0,0,-999.0,-999.0,-999.0,0,0,-999.0,-999.0,-999.0,-999.0,0,-999.0,-999.0,-999.0,-999.0,-999.0,0,-999.0,-999.0,-999.0,0,0,0.60139000415802,21.54759979248047,0.39532700181007385,-999.0,1,21.54759979248047,21.54759979248047,-999.0,-999.0,-999.0,0,22.924100875854492,0.39532700181007385,-999.0,1,4120,-999.0,-999.0,-999.0,-999.0,0,-999.0,-999.0,-999.0,-999.0,-999.0,0,-999.0,-999.0,-999.0,0,0,0.03377095442313098
PSO J139.6371+35.9063,-999,-999,-999,151081396370508132,3578835000033548,214022515360523,0,16486948114355,15108,1,2038,90,0.285407686871856,3578835,49831,3,302067712,0,36,-999.0,-999.0,-999.0,-999.0,139.63707684,35.90626273,0.1982399970293045,0.1982399970293045,,,,,56759.31069444,-999.0,-0.6171685073878611,0.5245632965363696,0.5864608950437673,130.8173845309861,19.232850793606566,188.05581075581142,44.34757209014472,-999,0,1,0,0,1,0,0,-999.0,-999.0,-999.0,-999.0,0,-999.0,-999.0,-999.0,-999.0,-999.0,0,-999.0,-999.0,-999.0,0,0,-999.0,-999.0,-999.0,-999.0,0,-999.0,-999.0,-999.0,-999.0,-999.0,0,-999.0,-999.0,-999.0,0,0,0.9977759718894958,16.901500701904297,0.19767099618911743,-999.0,1,16.901500701904297,16.901500701904297,-999.0,-999.0,-999.0,1,17.99850082397461,0.19767099618911743,-999.0,1,272,-999.0,-999.0,-999.0,-999.0,0,-999.0,-999.0,-999.0,-999.0,-999.0,0,-999.0,-999.0,-999.0,0,0,-999.0,-999.0,-999.0,-999.0,0,-999.0,-999.0,-999.0,-999.0,-999.0,0,-999.0,-999.0,-999.0,0,0,0.033651886346394086
PSO J139.6380+35.9001,-999,-999,-999,151081396379760688,3578835000033763,214022515360738,0,16486947700835,15108,1,2038,90,0.567200717113168,3578835,49831,3,268959744,0,32,-999.0,-999.0,-999.0,-999.0,139.63800127,35.90008015,0.16580000519752502,0.16580000519752502,,,,,55972.32666667,-999.0,-0.6172251867232347,0.5245943187185161,0.5863734898873959,130.82023750658888,19.227235770420656,188.0645122718372,44.34782676785028,-999,0,1,1,0,0,0,0,0.7424579858779907,21.69879913330078,0.16512300074100494,-999.0,1,21.69879913330078,21.69879913330078,-999.0,-999.0,-999.0,0,21.516399383544922,0.16512300074100494,-999.0,1,4112,-999.0,-999.0,-999.0,-999.0,0,-999.0,-999.0,-999.0,-999.0,-999.0,0,-999.0,-999.0,-999.0,0,0,-999.0,-999.0,-999.0,-999.0,0,-999.0,-999.0,-999.0,-999.0,-999.0,0,-999.0,-999.0,-999.0,0,0,-999.0,-999.0,-999.0,-999.0,0,-999.0,-999.0,-999.0,-999.0,-999.0,0,-999.0,-999.0,-999.0,0,0,-999.0,-999.0,-999.0,-999.0,0,-999.0,-999.0,-999.0,-999.0,-999.0,0,-999.0,-999.0,-999.0,0,0,0.0357317010538897
PSO J139.6380+35.9038,-999,-999,-999,151081396380225093,3578835000033773,214022515360748,0,16486948111248,15108,1,2038,90,0.534807527935884,3578835,49831,3,268959744,0,32,-999.0,-999.0,-999.0,-999.0,139.63804306,35.90375351,0.2646600008010864,0.2646600008010864,,,,,55968.36913194,-999.0,-0.6171969228575889,0.5245695212355536,0.5864254222028797,130.8190226309012,19.230725596566653,188.05939552450255,44.34815274312664,-999,0,1,0,0,1,0,0,-999.0,-999.0,-999.0,-999.0,0,-999.0,-999.0,-999.0,-999.0,-999.0,0,-999.0,-999.0,-999.0,0,0,-999.0,-999.0,-999.0,-999.0,0,-999.0,-999.0,-999.0,-999.0,-999.0,0,-999.0,-999.0,-999.0,0,0,0.6304879784584045,21.79829978942871,0.26423901319503784,-999.0,1,21.79829978942871,21.79829978942871,-999.0,-999.0,-999.0,0,21.857900619506836,0.26423901319503784,-999.0,1,4120,-999.0,-999.0,-999.0,-999.0,0,-999.0,-999.0,-999.0,-999.0,-999.0,0,-999.0,-999.0,-999.0,0,0,-999.0,-999.0,-999.0,-999.0,0,-999.0,-999.0,-999.0,-999.0,-999.0,0,-999.0,-999.0,-999.0,0,0,0.03484415758106195
PSO J139.6382+35.9056,-999,-999,-999,151081396381607287,3578835000033812,214022515360787,0,16486948114080,15108,1,2038,90,0.0267831422637991,3578835,49831,3,268513280,0,32,-999.0,-999.0,-999.0,-999.0,139.63819825,35.905574,0.018470000475645065,0.018470000475645065,,,,,55248.27152778,-999.0,-0.6171841457306758,0.5245557824087345,0.5864511585803683,130.81852978623007,19.232490091529904,188.05687178951032,44.34842278962431,-999,0,1,0,0,0,1,0,-999.0,-999.0,-999.0,-999.0,0,-999.0,-999.0,-999.0,-999.0,-999.0,0,-999.0,-999.0,-999.0,0,0,-999.0,-999.0,-999.0,-999.0,0,-999.0,-999.0,-999.0,-999.0,-999.0,0,-999.0,-999.0,-999.0,0,0,-999.0,-999.0,-999.0,-999.0,0,-999.0,-999.0,-999.0,-999.0,-999.0,0,-999.0,-999.0,-999.0,0,0,0.9981359839439392,17.77989959716797,0.010773000307381153,-999.0,1,17.77989959716797,17.77989959716797,18.22640037536621,0.021763000637292862,-999.0,1,18.001100540161133,0.010773000307381153,-999.0,1,24,-999.0,-999.0,-999.0,-999.0,0,-999.0,-999.0,-999.0,-999.0,-999.0,0,-999.0,-999.0,-999.0,0,0,0.03464860104626295
PSO J139.6385+35.9049,-999,-999,-999,151081396385066494,3578835000033893,214022515360868,0,16486948114078,15108,1,2038,90,0.869077499833961,3578835,49831,3,268959744,0,32,-999.0,-999.0,-999.0,-999.0,139.63853066,35.90491633,0.23367999494075775,0.23367999494075775,,,,,56232.65170139,-999.0,-0.6171923182597898,0.5245565611045325,0.5864418611280177,130.81902345438007,19.23195365965128,188.05781849854142,44.348638904279895,-999,0,1,0,0,0,0,1,-999.0,-999.0,-999.0,-999.0,0,-999.0,-999.0,-999.0,-999.0,-999.0,0,-999.0,-999.0,-999.0,0,0,-999.0,-999.0,-999.0,-999.0,0,-999.0,-999.0,-999.0,-999.0,-999.0,0,-999.0,-999.0,-999.0,0,0,-999.0,-999.0,-999.0,-999.0,0,-999.0,-999.0,-999.0,-999.0,-999.0,0,-999.0,-999.0,-999.0,0,0,-999.0,-999.0,-999.0,-999.0,0,-999.0,-999.0,-999.0,-999.0,-999.0,0,-999.0,-999.0,-999.0,0,0,0.6902009844779968,20.002599716186523,0.2332029938697815,-999.0,1,20.002599716186523,20.002599716186523,-999.0,-999.0,-999.0,0,20.562599182128906,0.2332029938697815,-999.0,1,4120,0.03501852051435673
PSO J139.6388+35.9023,-999,-999,-999,151081396387413313,3578835000033955,214022515360930,0,16486947979446,15108,1,2038,90,0.797902401348485,3578835,49831,3,277348352,0,33,-999.0,-999.0,-999.0,-999.0,139.63876723,35.90226685,0.2335599958896637,0.2335599958896637,,,,,55972.32666667,-999.0,-0.6172151469857795,0.524571574151697,0.5864044047611967,130.82011643020724,19.229505912696528,188.06153312412576,44.34861923301641,-999,0,1,1,0,0,0,0,0.6929290294647217,22.06369972229004,0.23307299613952637,-999.0,1,22.06369972229004,22.06369972229004,-999.0,-999.0,-999.0,0,21.353500366210938,0.23307299613952637,-999.0,1,16781328,-999.0,-999.0,-999.0,-999.0,0,-999.0,-999.0,-999.0,-999.0,-999.0,0,-999.0,-999.0,-999.0,0,0,-999.0,-999.0,-999.0,-999.0,0,-999.0,-999.0,-999.0,-999.0,-999.0,0,-999.0,-999.0,-999.0,0,0,-999.0,-999.0,-999.0,-999.0,0,-999.0,-999.0,-999.0,-999.0,-999.0,0,-999.0,-999.0,-999.0,0,0,-999.0,-999.0,-999.0,-999.0,0,-999.0,-999.0,-999.0,-999.0,-999.0,0,-999.0,-999.0,-999.0,0,0,0.03574266973314419
PSO J139.6391+35.9018,-999,-999,-999,151081396390252873,3578835000034024,214022515360999,0,16486947979458,15108,1,2038,90,0.180584653448858,3578835,49831,3,436527104,7,52,139.63905849,35.90183315,0.0010000000474974513,0.0010000000474974513,139.63909775285103,35.90183467125667,0.002583848507441018,0.002608841538111148,-10.331501380872737,-38.431807721809164,1.4360196152829914,1.4541675650578514,56137.537685737276,11.025739669799805,-0.6172215434629758,0.5245708780656737,0.5863982948223757,130.82053291023482,19.229155691976345,188.06220037649612,44.34884199290295,-999,10,128,10,28,43,21,26,0.9993150234222412,21.79400062561035,0.044217001646757126,0.1444929987192154,9,21.60420036315918,22.0093994140625,21.87019920349121,0.14362500607967377,0.3425709903240204,9,21.84869956970215,0.19998200237751007,0.6177999973297119,9,115000,0.9994919896125793,20.729900360107422,0.01960499957203865,0.10695599764585495,23,20.46109962463379,20.9148006439209,20.74970054626465,0.042511001229286194,0.21414299309253693,23,20.69580078125,0.0371289998292923,0.2005549967288971,24,115000,0.9997659921646118,19.609399795532227,0.0059009999968111515,0.05532599985599518,43,19.464799880981445,19.769100189208984,19.701900482177734,0.012872000224888325,0.13520100712776184,42,19.614200592041016,0.011598000302910805,0.09555500000715256,43,115000,0.9994590282440186,19.106399536132812,0.010661999695003033,0.0524739995598793,20,19.03660011291504,19.24920082092285,19.193099975585938,0.02048500068485737,0.11306600272655487,20,19.08919906616211,0.022962000221014023,0.12178800255060196,20,115000,0.9994310140609741,18.836999893188477,0.024250999093055725,0.12500999867916107,23,18.63960075378418,19.077899932861328,18.938499450683594,0.03412900120019913,0.20782099664211273,23,18.833900451660156,0.035270001739263535,0.23487800359725952,23,115000,0.03610715909563424
PSO J139.6393+35.9038,-999,-999,-999,151081396392945164,3578835000034091,214022515361066,0,16486948110800,15108,1,2038,90,0.670594518697443,3578835,49831,3,268959744,0,32,-999.0,-999.0,-999.0,-999.0,139.63931995,35.903809,0.1757500022649765,0.1757500022649765,,,,,55972.32666667,-999.0,-0.6172081804631282,0.5245553984963615,0.5864262066771214,130.82004120185115,19.23111016474221,188.05943318171643,44.349188165135295,-999,0,1,1,0,0,0,0,0.6613439917564392,21.696300506591797,0.17510899901390076,-999.0,1,21.696300506591797,21.696300506591797,-999.0,-999.0,-999.0,0,21.983200073242188,0.17510899901390076,-999.0,1,4112,-999.0,-999.0,-999.0,-999.0,0,-999.0,-999.0,-999.0,-999.0,-999.0,0,-999.0,-999.0,-999.0,0,0,-999.0,-999.0,-999.0,-999.0,0,-999.0,-999.0,-999.0,-999.0,-999.0,0,-999.0,-999.0,-999.0,0,0,-999.0,-999.0,-999.0,-999.0,0,-999.0,-999.0,-999.0,-999.0,-999.0,0,-999.0,-999.0,-999.0,0,0,-999.0,-999.0,-999.0,-999.0,0,-999.0,-999.0,-999.0,-999.0,-999.0,0,-999.0,-999.0,-999.0,0,0,0.035847136584817356
PSO J139.6394+35.9043,-999,-999,-999,151081396393795736,3578835000034110,214022515361085,0,16486948110654,15108,1,2038,90,0.142583426220886,3578835,49831,3,268959744,0,32,-999.0,-999.0,-999.0,-999.0,139.63939026,35.90428604,0.25238001346588135,0.25238001346588135,,,,,55972.33878472,-999.0,-0.6172051037311578,0.5245514791639898,0.586432950673034,130.81993613978722,19.231580239318387,188.05877452281473,44.349282863547074,-999,0,1,1,0,0,0,0,0.6327009797096252,21.911699295043945,0.25193899869918823,-999.0,1,21.911699295043945,21.911699295043945,-999.0,-999.0,-999.0,0,22.41029930114746,0.25193899869918823,-999.0,1,4112,-999.0,-999.0,-999.0,-999.0,0,-999.0,-999.0,-999.0,-999.0,-999.0,0,-999.0,-999.0,-999.0,0,0,-999.0,-999.0,-999.0,-999.0,0,-999.0,-999.0,-999.0,-999.0,-999.0,0,-999.0,-999.0,-999.0,0,0,-999.0,-999.0,-999.0,-999.0,0,-999.0,-999.0,-999.0,-999.0,-999.0,0,-999.0,-999.0,-999.0,0,0,-999.0,-999.0,-999.0,-999.0,0,-999.0,-999.0,-999.0,-999.0,-999.0,0,-999.0,-999.0,-999.0,0,0,0.035813738923251216
PSO J139.6401+35.9058,-999,-999,-999,151081396400397509,3578835000034286,214022515361261,0,16486948112114,15108,1,2038,90,0.792134620987004,3578835,49831,3,268959744,0,32,-999.0,-999.0,-999.0,-999.0,139.64006539,35.90576215,0.2385600060224533,0.2385600060224533,,,,,55972.32666667,-999.0,-0.6171997720368618,0.5245344223605931,0.5864538184345675,130.8199827928629,19.233153771612674,188.05677760315882,44.349945312274734,-999,0,1,1,0,0,0,0,0.6768649816513062,22.046199798583984,0.23808300495147705,-999.0,1,22.046199798583984,22.046199798583984,-999.0,-999.0,-999.0,0,21.954299926757812,0.23808300495147705,-999.0,1,4112,-999.0,-999.0,-999.0,-999.0,0,-999.0,-999.0,-999.0,-999.0,-999.0,0,-999.0,-999.0,-999.0,0,0,-999.0,-999.0,-999.0,-999.0,0,-999.0,-999.0,-999.0,-999.0,-999.0,0,-999.0,-999.0,-999.0,0,0,-999.0,-999.0,-999.0,-999.0,0,-999.0,-999.0,-999.0,-999.0,-999.0,0,-999.0,-999.0,-999.0,0,0,-999.0,-999.0,-999.0,-999.0,0,-999.0,-999.0,-999.0,-999.0,-999.0,0,-999.0,-999.0,-999.0,0,0,0.03611813703756731
PSO J139.6405+35.9034,-999,-999,-999,151081396404144634,3578835000034375,214022515361350,0,16486947979927,15108,1,2038,90,0.154562448295357,3578835,49831,3,302067712,0,36,-999.0,-999.0,-999.0,-999.0,139.64047063,35.90336952,0.1919800043106079,0.1919800043106079,,,,,55248.33767361,-999.0,-0.617222142587404,0.5245459157806571,0.586419993637364,130.8211255149224,19.230993149009343,188.06014945145708,44.35008232824687,-999,0,1,1,0,0,0,0,0.9986569881439209,21.92099952697754,0.19139599800109863,-999.0,1,21.92099952697754,21.92099952697754,22.056499481201172,0.31239500641822815,-999.0,1,21.74340057373047,0.19139599800109863,-999.0,1,280,-999.0,-999.0,-999.0,-999.0,0,-999.0,-999.0,-999.0,-999.0,-999.0,0,-999.0,-999.0,-999.0,0,0,-999.0,-999.0,-999.0,-999.0,0,-999.0,-999.0,-999.0,-999.0,-999.0,0,-999.0,-999.0,-999.0,0,0,-999.0,-999.0,-999.0,-999.0,0,-999.0,-999.0,-999.0,-999.0,-999.0,0,-999.0,-999.0,-999.0,0,0,-999.0,-999.0,-999.0,-999.0,0,-999.0,-999.0,-999.0,-999.0,-999.0,0,-999.0,-999.0,-999.0,0,0,0.03684755784679157
PSO J139.6415+35.9039,-999,-999,-999,151081396415015340,3578835000034677,214022515361652,0,16486947982789,15108,1,2038,90,0.620866413806441,3578835,49831,3,268513280,0,32,-999.0,-999.0,-999.0,-999.0,139.64154785,35.90394849,0.025210000574588776,0.025210000574588776,,,,,56232.65667824,-999.0,-0.6172274889956194,0.5245304739324209,0.5864281786752684,130.82180387892043,19.23182158326023,188.05943935705307,44.35099814611161,-999,0,1,0,0,0,0,1,-999.0,-999.0,-999.0,-999.0,0,-999.0,-999.0,-999.0,-999.0,-999.0,0,-999.0,-999.0,-999.0,0,0,-999.0,-999.0,-999.0,-999.0,0,-999.0,-999.0,-999.0,-999.0,-999.0,0,-999.0,-999.0,-999.0,0,0,-999.0,-999.0,-999.0,-999.0,0,-999.0,-999.0,-999.0,-999.0,-999.0,0,-999.0,-999.0,-999.0,0,0,-999.0,-999.0,-999.0,-999.0,0,-999.0,-999.0,-999.0,-999.0,-999.0,0,-999.0,-999.0,-999.0,0,0,0.9979140162467957,17.043399810791016,0.02025900036096573,-999.0,1,17.043399810791016,17.043399810791016,17.767499923706055,0.05173400044441223,-999.0,1,17.657899856567383,0.02025900036096573,-999.0,1,24,0.037593615497030504
PSO J139.6425+35.9056,-999,-999,-999,151081396424207250,3578835000034904,214022515361879,0,16486947982294,15108,1,2038,90,0.853847288390479,3578835,49831,3,310456320,0,37,-999.0,-999.0,-999.0,-999.0,139.64247379,35.90555456,0.17393000423908234,0.17393000423908234,,,,,55972.33878472,-999.0,-0.61722343917018,0.5245098541278129,0.5864508837590371,130.8220101009118,19.233583416198957,188.05728376761164,44.35187341328841,-999,0,1,1,0,0,0,0,0.999110996723175,21.772899627685547,0.17328600585460663,-999.0,1,21.772899627685547,21.772899627685547,20.805400848388672,0.1785700023174286,-999.0,1,20.73259925842285,0.17328600585460663,-999.0,1,16777488,-999.0,-999.0,-999.0,-999.0,0,-999.0,-999.0,-999.0,-999.0,-999.0,0,-999.0,-999.0,-999.0,0,0,-999.0,-999.0,-999.0,-999.0,0,-999.0,-999.0,-999.0,-999.0,-999.0,0,-999.0,-999.0,-999.0,0,0,-999.0,-999.0,-999.0,-999.0,0,-999.0,-999.0,-999.0,-999.0,-999.0,0,-999.0,-999.0,-999.0,0,0,-999.0,-999.0,-999.0,-999.0,0,-999.0,-999.0,-999.0,-999.0,-999.0,0,-999.0,-999.0,-999.0,0,0,0.03807891744572699
PSO J139.6430+35.9064,-999,-999,-999,151081396429398275,3578835000035051,214022515362026,0,16486947981473,15108,1,2038,90,0.124106853384624,3578835,49831,3,310456320,0,37,-999.0,-999.0,-999.0,-999.0,139.64299573,35.90639997,0.15041999518871307,0.15041999518871307,,,,,55972.32666667,-999.0,-0.6172216231926867,0.5244986280479051,0.5864628351730825,130.8221467034229,19.23451979748746,188.05615217582013,44.352361999885744,-999,0,1,1,0,0,0,0,0.999284029006958,21.74449920654297,0.14967399835586548,-999.0,1,21.74449920654297,21.74449920654297,20.253700256347656,0.10326699912548065,-999.0,1,20.642200469970703,0.14967399835586548,-999.0,1,16777488,-999.0,-999.0,-999.0,-999.0,0,-999.0,-999.0,-999.0,-999.0,-999.0,0,-999.0,-999.0,-999.0,0,0,-999.0,-999.0,-999.0,-999.0,0,-999.0,-999.0,-999.0,-999.0,-999.0,0,-999.0,-999.0,-999.0,0,0,-999.0,-999.0,-999.0,-999.0,0,-999.0,-999.0,-999.0,-999.0,-999.0,0,-999.0,-999.0,-999.0,0,0,-999.0,-999.0,-999.0,-999.0,0,-999.0,-999.0,-999.0,-999.0,-999.0,0,-999.0,-999.0,-999.0,0,0,0.038392602202200296
PSO J139.5481+35.9097,-999,-999,-999,151091395481142193,3578835000011453,214022515338428,0,16486948489170,15109,1,2038,90,0.431858729973304,3578835,49831,3,310456320,0,37,-999.0,-999.0,-999.0,-999.0,139.5481253,35.90966076,0.17569999396800995,0.17569999396800995,,,,,56344.39150463,-999.0,-0.6163269130532609,0.5254982491611334,0.5865089311978304,130.7439608607685,19.21295838559783,188.04303558839902,44.27602641844561,-999,0,1,0,1,0,0,0,-999.0,-999.0,-999.0,-999.0,0,-999.0,-999.0,-999.0,-999.0,-999.0,0,-999.0,-999.0,-999.0,0,0,0.5205559730529785,21.175600051879883,0.17506399750709534,-999.0,1,21.175600051879883,21.175600051879883,20.406700134277344,0.19810500741004944,-999.0,1,20.524999618530273,0.17506399750709534,-999.0,1,16777752,-999.0,-999.0,-999.0,-999.0,0,-999.0,-999.0,-999.0,-999.0,-999.0,0,-999.0,-999.0,-999.0,0,0,-999.0,-999.0,-999.0,-999.0,0,-999.0,-999.0,-999.0,-999.0,-999.0,0,-999.0,-999.0,-999.0,0,0,-999.0,-999.0,-999.0,-999.0,0,-999.0,-999.0,-999.0,-999.0,-999.0,0,-999.0,-999.0,-999.0,0,0,0.03870983348951071
PSO J139.5482+35.9148,-999,-999,-999,151091395482318368,3578835000011493,214022515338468,0,16486948611951,15109,1,2038,90,0.0854467666572395,3578835,49831,3,277348352,0,33,-999.0,-999.0,-999.0,-999.0,139.54822807,35.91476286,0.12301000207662582,0.12301000207662582,,,,,55250.32483796,-999.0,-0.6162881103842773,0.5254632558450216,0.5865810530146078,130.74231239889738,19.21781794092883,188.03594184681555,44.27651856382102,-999,0,1,0,1,0,0,0,-999.0,-999.0,-999.0,-999.0,0,-999.0,-999.0,-999.0,-999.0,-999.0,0,-999.0,-999.0,-999.0,0,0,0.7091929912567139,21.010900497436523,0.1220960021018982,-999.0,1,21.010900497436523,21.010900497436523,-999.0,-999.0,-999.0,0,20.336299896240234,0.1220960021018982,-999.0,1,16781336,-999.0,-999.0,-999.0,-999.0,0,-999.0,-999.0,-999.0,-999.0,-999.0,0,-999.0,-999.0,-999.0,0,0,-999.0,-999.0,-999.0,-999.0,0,-999.0,-999.0,-999.0,-999.0,-999.0,0,-999.0,-999.0,-999.0,0,0,-999.0,-999.0,-999.0,-999.0,0,-999.0,-999.0,-999.0,-999.0,-999.0,0,-999.0,-999.0,-999.0,0,0,0.03881799779333556
PSO J139.5483+35.9111,-999,-999,-999,151091395482533855,3578835000011496,214022515338471,0,16486948488422,15109,1,2038,90,0.711102002031265,3578835,49831,3,268959744,0,32,-999.0,-999.0,-999.0,-999.0,139.54826769,35.91105502,0.1889999955892563,0.1889999955892563,,,,,55250.28234954,-999.0,-0.6163173582318328,0.5254874573143176,0.5865286405176375,130.74360326108788,19.21431604275491,188.04110745330047,44.27625323376996,-999,0,1,0,0,1,0,0,-999.0,-999.0,-999.0,-999.0,0,-999.0,-999.0,-999.0,-999.0,-999.0,0,-999.0,-999.0,-999.0,0,0,-999.0,-999.0,-999.0,-999.0,0,-999.0,-999.0,-999.0,-999.0,-999.0,0,-999.0,-999.0,-999.0,0,0,0.760342001914978,19.336000442504883,0.18840500712394714,-999.0,1,19.336000442504883,19.336000442504883,19.29319953918457,0.21550199389457703,-999.0,1,19.289899826049805,0.18840500712394714,-999.0,1,4112,-999.0,-999.0,-999.0,-999.0,0,-999.0,-999.0,-999.0,-999.0,-999.0,0,-999.0,-999.0,-999.0,0,0,-999.0,-999.0,-999.0,-999.0,0,-999.0,-999.0,-999.0,-999.0,-999.0,0,-999.0,-999.0,-999.0,0,0,0.0385800445342164
PSO J139.5485+35.9153,-999,-999,-999,151091395484788913,3578835000011557,214022515338532,0,16486948611869,15109,1,2038,90,0.516059565838482,3578835,49831,3,268959744,0,32,-999.0,-999.0,-999.0,-999.0,139.54848939,35.91525894,0.2345699965953827,0.2345699965953827,,,,,56283.59672454,-999.0,-0.616286642232849,0.5254571498779727,0.5865880652105685,130.74235629668988,19.218355684920898,188.03527489652495,44.276769283217305,-999,0,1,1,0,0,0,0,0.6920139789581299,21.931100845336914,0.23409299552440643,-999.0,1,21.931100845336914,21.931100845336914,-999.0,-999.0,-999.0,0,21.407499313354492,0.23409299552440643,-999.0,1,4120,-999.0,-999.0,-999.0,-999.0,0,-999.0,-999.0,-999.0,-999.0,-999.0,0,-999.0,-999.0,-999.0,0,0,-999.0,-999.0,-999.0,-999.0,0,-999.0,-999.0,-999.0,-999.0,-999.0,0,-999.0,-999.0,-999.0,0,0,-999.0,-999.0,-999.0,-999.0,0,-999.0,-999.0,-999.0,-999.0,-999.0,0,-999.0,-999.0,-999.0,0,0,-999.0,-999.0,-999.0,-999.0,0,-999.0,-999.0,-999.0,-999.0,-999.0,0,-999.0,-999.0,-999.0,0,0,0.03866208329805098
PSO J139.5487+35.9097,-999,-999,-999,151091395486692174,3578835000011600,214022515338575,0,16486948489201,15109,1,2038,90,0.80282605700458,3578835,49831,3,268959744,0,32,-999.0,-999.0,-999.0,-999.0,139.5486844,35.90965452,0.23141999542713165,0.23141999542713165,,,,,55250.28234954,-999.0,-0.6163320895140142,0.5254922763771164,0.5865088429881391,130.7444172240133,19.213097629718412,188.04309502464477,44.27647729665315,-999,0,1,0,0,1,0,0,-999.0,-999.0,-999.0,-999.0,0,-999.0,-999.0,-999.0,-999.0,-999.0,0,-999.0,-999.0,-999.0,0,0,-999.0,-999.0,-999.0,-999.0,0,-999.0,-999.0,-999.0,-999.0,-999.0,0,-999.0,-999.0,-999.0,0,0,0.8149099946022034,19.600000381469727,0.23093000054359436,-999.0,1,19.600000381469727,19.600000381469727,19.285400390625,0.21134799718856812,-999.0,1,19.4950008392334,0.23093000054359436,-999.0,1,4112,-999.0,-999.0,-999.0,-999.0,0,-999.0,-999.0,-999.0,-999.0,-999.0,0,-999.0,-999.0,-999.0,0,0,-999.0,-999.0,-999.0,-999.0,0,-999.0,-999.0,-999.0,-999.0,-999.0,0,-999.0,-999.0,-999.0,0,0,0.03825735873187838
PSO J139.5487+35.9139,-999,-999,-999,151091395487517528,3578835000011633,214022515338608,0,16486948611265,15109,1,2038,90,0.277193689976999,3578835,49831,3,302067712,0,36,-999.0,-999.0,-999.0,-999.0,139.54869048,35.91390207,0.1915699988603592,0.1915699988603592,,,,,55901.64604167,-999.0,-0.6162990570789081,0.5254639995780201,0.586568885461136,130.74298028620683,19.217122622533317,188.03718216599117,44.27682286162249,-999,0,2,0,1,0,1,0,-999.0,-999.0,-999.0,-999.0,0,-999.0,-999.0,-999.0,-999.0,-999.0,0,-999.0,-999.0,-999.0,0,0,0.6501839756965637,21.005599975585938,0.13117900490760803,-999.0,1,21.005599975585938,21.005599975585938,-999.0,-999.0,-999.0,0,20.287099838256836,0.13117900490760803,-999.0,1,16781336,-999.0,-999.0,-999.0,-999.0,0,-999.0,-999.0,-999.0,-999.0,-999.0,0,-999.0,-999.0,-999.0,0,0,0.9978920221328735,21.27549934387207,0.19098199903964996,-999.0,1,21.27549934387207,21.27549934387207,21.359399795532227,0.28870999813079834,-999.0,1,21.40180015563965,0.19098199903964996,-999.0,1,280,-999.0,-999.0,-999.0,-999.0,0,-999.0,-999.0,-999.0,-999.0,-999.0,0,-999.0,-999.0,-999.0,0,0,0.038365425370721656
PSO J139.5489+35.9107,-999,-999,-999,151091395487863522,3578835000011638,214022515338613,0,16486948488363,15109,1,2038,90,0.11536255862132,3578835,49831,3,302067712,0,36,-999.0,-999.0,-999.0,-999.0,139.54892361,35.91074561,0.1098100021481514,0.1098100021481514,,,,,55918.63284722,-999.0,-0.6163257841982542,0.5254824566885986,0.5865242667144489,130.74424119466977,19.214193250124946,188.04159772995652,44.27675795138417,-999,0,2,0,1,1,0,0,-999.0,-999.0,-999.0,-999.0,0,-999.0,-999.0,-999.0,-999.0,-999.0,0,-999.0,-999.0,-999.0,0,0,0.9990149736404419,21.396299362182617,0.1087770015001297,-999.0,1,21.396299362182617,21.396299362182617,21.295000076293945,0.18745499849319458,-999.0,1,21.182199478149414,0.1087770015001297,-999.0,1,280,0.8136270046234131,21.394699096679688,0.29502201080322266,-999.0,1,21.394699096679688,21.394699096679688,-999.0,-999.0,-999.0,1,27.05929946899414,0.29502201080322266,-999.0,1,4120,-999.0,-999.0,-999.0,-999.0,0,-999.0,-999.0,-999.0,-999.0,-999.0,0,-999.0,-999.0,-999.0,0,0,-999.0,-999.0,-999.0,-999.0,0,-999.0,-999.0,-999.0,-999.0,-999.0,0,-999.0,-999.0,-999.0,0,0,0.03804766409448672
PSO J139.5488+35.9126,-999,-999,-999,151091395487875753,3578835000011640,214022515338615,0,16486948611084,15109,1,2038,90,0.505746958316999,3578835,49831,3,268959744,0,32,-999.0,-999.0,-999.0,-999.0,139.54879999,35.91262498,0.3300800025463104,0.3300800025463104,,,,,56283.60864583,-999.0,-0.6163100102408066,0.5254713041050834,0.5865508331245298,130.74350278610686,19.215941354321163,188.03897006254675,44.276808878118345,-999,0,1,1,0,0,0,0,0.5431979894638062,22.096099853515625,0.32973501086235046,-999.0,1,22.096099853515625,22.096099853515625,-999.0,-999.0,-999.0,0,21.619800567626953,0.32973501086235046,-999.0,1,4120,-999.0,-999.0,-999.0,-999.0,0,-999.0,-999.0,-999.0,-999.0,-999.0,0,-999.0,-999.0,-999.0,0,0,-999.0,-999.0,-999.0,-999.0,0,-999.0,-999.0,-999.0,-999.0,-999.0,0,-999.0,-999.0,-999.0,0,0,-999.0,-999.0,-999.0,-999.0,0,-999.0,-999.0,-999.0,-999.0,-999.0,0,-999.0,-999.0,-999.0,0,0,-999.0,-999.0,-999.0,-999.0,0,-999.0,-999.0,-999.0,-999.0,-999.0,0,-999.0,-999.0,-999.0,0,0,0.03819338528973336
PSO J139.5488+35.9148,-999,-999,-999,151091395488528335,3578835000011659,214022515338634,0,16486948612094,15109,1,2038,90,0.784059269152637,3578835,49831,3,268959744,0,32,-999.0,-999.0,-999.0,-999.0,139.54883953,35.91476893,0.1334799975156784,0.1334799975156784,,,,,55250.27944444,-999.0,-0.616293670799422,0.5254566384758645,0.5865811388156102,130.7428071045102,19.2179824340606,188.03598883422126,44.27701267272047,-999,0,1,0,0,0,0,1,-999.0,-999.0,-999.0,-999.0,0,-999.0,-999.0,-999.0,-999.0,-999.0,0,-999.0,-999.0,-999.0,0,0,-999.0,-999.0,-999.0,-999.0,0,-999.0,-999.0,-999.0,-999.0,-999.0,0,-999.0,-999.0,-999.0,0,0,-999.0,-999.0,-999.0,-999.0,0,-999.0,-999.0,-999.0,-999.0,-999.0,0,-999.0,-999.0,-999.0,0,0,-999.0,-999.0,-999.0,-999.0,0,-999.0,-999.0,-999.0,-999.0,-999.0,0,-999.0,-999.0,-999.0,0,0,0.4510889947414398,17.25279998779297,0.13263000547885895,-999.0,1,17.25279998779297,17.25279998779297,-999.0,-999.0,-999.0,0,17.212600708007812,0.13263000547885895,-999.0,1,4112,0.03832609163195241
PSO J139.5490+35.9138,-999,-999,-999,151091395490507238,3578835000011703,214022515338678,0,16486948611158,15109,1,2038,90,0.028454326119697,3578835,49831,3,268959744,0,32,-999.0,-999.0,-999.0,-999.0,139.54903669,35.91381517,0.07442999631166458,0.07442999631166458,,,,,55251.23440972,-999.0,-0.6163029091701913,0.5254608527763122,0.5865676570933227,130.743291058183,19.217130190169442,188.0373345430284,44.27709538838373,-999,0,2,0,1,1,0,0,-999.0,-999.0,-999.0,-999.0,0,-999.0,-999.0,-999.0,-999.0,-999.0,0,-999.0,-999.0,-999.0,0,0,0.7559900283813477,22.285999298095703,0.32603201270103455,-999.0,1,22.285999298095703,22.285999298095703,22.21739959716797,0.33261099457740784,-999.0,1,23.26889991760254,0.32603201270103455,-999.0,1,4120,0.678255021572113,19.840700149536133,0.07495500147342682,-999.0,1,19.840700149536133,19.840700149536133,-999.0,-999.0,-999.0,0,19.15220069885254,0.07495500147342682,-999.0,1,16781328,-999.0,-999.0,-999.0,-999.0,0,-999.0,-999.0,-999.0,-999.0,-999.0,0,-999.0,-999.0,-999.0,0,0,-999.0,-999.0,-999.0,-999.0,0,-999.0,-999.0,-999.0,-999.0,-999.0,0,-999.0,-999.0,-999.0,0,0,0.038078906724906866
PSO J139.5492+35.9156,-999,-999,-999,151091395491699357,3578835000011732,214022515338707,0,16486948611399,15109,1,2038,90,0.045970433434444,3578835,49831,3,310456320,0,37,-999.0,-999.0,-999.0,-999.0,139.54917883,35.91561754,0.13985000550746918,0.13985000550746918,,,,,56283.60864583,-999.0,-0.6162901712706214,0.525447352126666,0.5865931340702033,130.74279467684838,19.218874349505654,188.0348381469123,44.27735459087257,-999,0,1,1,0,0,0,0,0.9800080060958862,21.262500762939453,0.13904500007629395,-999.0,1,21.262500762939453,21.262500762939453,19.97719955444336,0.09250500053167343,-999.0,1,20.22330093383789,0.13904500007629395,-999.0,1,16777496,-999.0,-999.0,-999.0,-999.0,0,-999.0,-999.0,-999.0,-999.0,-999.0,0,-999.0,-999.0,-999.0,0,0,-999.0,-999.0,-999.0,-999.0,0,-999.0,-999.0,-999.0,-999.0,-999.0,0,-999.0,-999.0,-999.0,0,0,-999.0,-999.0,-999.0,-999.0,0,-999.0,-999.0,-999.0,-999.0,-999.0,0,-999.0,-999.0,-999.0,0,0,-999.0,-999.0,-999.0,-999.0,0,-999.0,-999.0,-999.0,-999.0,-999.0,0,-999.0,-999.0,-999.0,0,0,0.03815157270015181
PSO J139.5741+35.9300,-999,-999,-999,151111395740766652,3578835000018048,214022515345023,0,16486948553011,15111,1,2038,90,0.485313747530164,3578835,49831,3,268513280,0,32,-999.0,-999.0,-999.0,-999.0,139.57408574,35.93004302,0.019940000027418137,0.019940000027418137,,,,,55250.32113426,-999.0,-0.6164060828323799,0.5250836095707618,0.5867970211302892,130.75812974021497,19.239005401771635,188.017001906724,44.29861246194045,-999,0,2,0,2,0,0,0,-999.0,-999.0,-999.0,-999.0,0,-999.0,-999.0,-999.0,-999.0,-999.0,0,-999.0,-999.0,-999.0,0,0,0.9991880059242249,21.503999710083008,0.2902809977531433,-999.0,1,21.503999710083008,21.503999710083008,19.212799072265625,0.03553399816155434,-999.0,1,21.731599807739258,0.2902809977531433,-999.0,1,4120,-999.0,-999.0,-999.0,-999.0,0,-999.0,-999.0,-999.0,-999.0,-999.0,0,-999.0,-999.0,-999.0,0,0,-999.0,-999.0,-999.0,-999.0,0,-999.0,-999.0,-999.0,-999.0,-999.0,0,-999.0,-999.0,-999.0,0,0,-999.0,-999.0,-999.0,-999.0,0,-999.0,-999.0,-999.0,-999.0,-999.0,0,-999.0,-999.0,-999.0,0,0,0.02615921992624558
PSO J139.5747+35.9245,-999,-999,-999,151111395747250002,3578835000186775,214022515515373,0,16486948568180,15110,1,2038,90,0.657594890946145,3578835,49831,3,1343750144,0,160,139.57472253,35.92448088,0.0010000000474974513,0.0010000000474974513,139.57472253,35.92448088,0.0010000000474974513,0.0010000000474974513,,,,,55646.49783565,-999.0,-0.6164552803576394,0.5251136954833979,0.5867184112800223,130.7605363750502,19.233902451007463,188.02480611498416,44.29868314209361,-999,1,0,0,0,0,0,0,-999.0,-999.0,-999.0,-999.0,0,-999.0,-999.0,-999.0,-999.0,-999.0,0,-999.0,-999.0,-999.0,0,16416,-999.0,-999.0,-999.0,-999.0,0,-999.0,-999.0,-999.0,-999.0,-999.0,0,-999.0,-999.0,-999.0,0,114720,-999.0,-999.0,-999.0,-999.0,0,-999.0,-999.0,-999.0,-999.0,-999.0,0,-999.0,-999.0,-999.0,0,16416,-999.0,-999.0,-999.0,-999.0,0,-999.0,-999.0,-999.0,-999.0,-999.0,0,-999.0,-999.0,-999.0,0,16416,-999.0,-999.0,-999.0,-999.0,0,-999.0,-999.0,-999.0,-999.0,-999.0,0,-999.0,-999.0,-999.0,0,16416,0.02197014969515317
PSO J139.5753+35.9322,-999,-999,-999,151111395753299216,3578835000018343,214022515345318,0,16486948552801,15111,1,2038,90,0.603630689534946,3578835,49831,3,268959744,0,32,-999.0,-999.0,-999.0,-999.0,139.57532958,35.93217681,-999.0,-999.0,,,,,-999.0,-999.0,-0.6164008453322382,0.5250560567392033,0.5868271765649413,130.75841529601027,19.241349491286698,188.01414205135256,44.2997863571388,-999,0,1,0,0,0,1,0,-999.0,-999.0,-999.0,-999.0,0,-999.0,-999.0,-999.0,-999.0,-999.0,0,-999.0,-999.0,-999.0,0,0,-999.0,-999.0,-999.0,-999.0,0,-999.0,-999.0,-999.0,-999.0,-999.0,0,-999.0,-999.0,-999.0,0,0,-999.0,-999.0,-999.0,-999.0,0,-999.0,-999.0,-999.0,-999.0,-999.0,0,-999.0,-999.0,-999.0,0,0,-999.0,-999.0,-999.0,-999.0,0,-999.0,-999.0,-999.0,-999.0,-999.0,0,-999.0,-999.0,-999.0,0,24,-999.0,-999.0,-999.0,-999.0,0,-999.0,-999.0,-999.0,-999.0,-999.0,0,-999.0,-999.0,-999.0,0,0,0.027140554624950512
PSO J139.5754+35.9317,-999,-999,-999,151111395754148780,3578835000018364,214022515345339,0,16486948552829,15111,1,2038,90,0.331670914154193,3578835,49831,3,268959744,0,32,-999.0,-999.0,-999.0,-999.0,139.57542068,35.93173745,0.16464999318122864,0.16464999318122864,,,,,56043.26163194,-999.0,-0.6164051057859122,0.5250579946286272,0.5868209674488659,130.7586385499579,19.240957000490088,188.01476220116342,44.299824907761575,-999,0,2,0,0,0,2,0,-999.0,-999.0,-999.0,-999.0,0,-999.0,-999.0,-999.0,-999.0,-999.0,0,-999.0,-999.0,-999.0,0,0,-999.0,-999.0,-999.0,-999.0,0,-999.0,-999.0,-999.0,-999.0,-999.0,0,-999.0,-999.0,-999.0,0,0,-999.0,-999.0,-999.0,-999.0,0,-999.0,-999.0,-999.0,-999.0,-999.0,0,-999.0,-999.0,-999.0,0,0,0.5985829830169678,21.1560001373291,0.042330000549554825,0.059884000569581985,2,21.11479949951172,21.199399948120117,-999.0,-999.0,-999.0,0,21.865999221801758,0.37181100249290466,0.5262519717216492,2,4120,-999.0,-999.0,-999.0,-999.0,0,-999.0,-999.0,-999.0,-999.0,-999.0,0,-999.0,-999.0,-999.0,0,0,0.026749273094257803
PSO J139.5762+35.9315,-999,-999,-999,151111395761758374,3578835000018549,214022515345524,0,16486948552867,15111,1,2038,90,0.219629075582725,3578835,49831,3,268959744,0,32,-999.0,-999.0,-999.0,-999.0,139.57617562,35.93146648,0.019360000267624855,0.019360000267624855,,,,,55252.13633102,-999.0,-0.6164141367099559,0.5250516722892846,0.586817138033941,130.75934384992058,19.240896403649135,188.01520761613855,44.30041268155051,-999,0,2,0,0,1,0,1,-999.0,-999.0,-999.0,-999.0,0,-999.0,-999.0,-999.0,-999.0,-999.0,0,-999.0,-999.0,-999.0,0,0,-999.0,-999.0,-999.0,-999.0,0,-999.0,-999.0,-999.0,-999.0,-999.0,0,-999.0,-999.0,-999.0,0,0,0.23881900310516357,16.927799224853516,0.012303000316023827,-999.0,1,16.927799224853516,16.927799224853516,18.924400329589844,0.02352900058031082,-999.0,1,19.465299606323242,0.012303000316023827,-999.0,1,4112,-999.0,-999.0,-999.0,-999.0,0,-999.0,-999.0,-999.0,-999.0,-999.0,0,-999.0,-999.0,-999.0,0,0,0.61142498254776,20.259300231933594,0.28552499413490295,-999.0,1,20.259300231933594,20.259300231933594,20.110000610351562,0.3316659927368164,-999.0,1,20.096900939941406,0.28552499413490295,-999.0,1,4120,0.026159493023953737
PSO J139.5765+35.9302,-999,-999,-999,151111395765326851,3578835000018646,214022515345621,0,16486948553391,15111,1,2038,90,0.0156387984898303,3578835,49831,3,268959744,0,32,-999.0,-999.0,-999.0,-999.0,139.57653329,35.93019175,0.23642000555992126,0.23642000555992126,,,,,55651.26361111,-999.0,-0.6164273530985273,0.5250562898674122,0.5867991230588296,130.76006742497904,19.239781905389258,188.0170153117122,44.300599874458285,-999,0,1,0,0,0,0,1,-999.0,-999.0,-999.0,-999.0,0,-999.0,-999.0,-999.0,-999.0,-999.0,0,-999.0,-999.0,-999.0,0,0,-999.0,-999.0,-999.0,-999.0,0,-999.0,-999.0,-999.0,-999.0,-999.0,0,-999.0,-999.0,-999.0,0,0,-999.0,-999.0,-999.0,-999.0,0,-999.0,-999.0,-999.0,-999.0,-999.0,0,-999.0,-999.0,-999.0,0,0,-999.0,-999.0,-999.0,-999.0,0,-999.0,-999.0,-999.0,-999.0,-999.0,0,-999.0,-999.0,-999.0,0,0,0.691569983959198,20.135299682617188,0.23594099283218384,-999.0,1,20.135299682617188,20.135299682617188,19.98200035095215,0.21217599511146545,-999.0,1,19.70170021057129,0.23594099283218384,-999.0,1,4120,0.02497924520592176
PSO J139.5768+35.9273,-999,-999,-999,151111395767973319,3578835000018700,214022515345675,0,16486948555396,15111,1,2038,90,0.885129439537534,3578835,49831,3,268959744,0,32,-999.0,-999.0,-999.0,-999.0,139.57680257,35.92726927,0.300570011138916,0.300570011138916,,,,,56759.29760417,-999.0,-0.6164526055585962,0.5250728000554196,0.5867578203500822,130.76127893293977,19.2370837509671,188.0211100744931,44.300584428235176,-999,0,1,0,0,1,0,0,-999.0,-999.0,-999.0,-999.0,0,-999.0,-999.0,-999.0,-999.0,-999.0,0,-999.0,-999.0,-999.0,0,0,-999.0,-999.0,-999.0,-999.0,0,-999.0,-999.0,-999.0,-999.0,-999.0,0,-999.0,-999.0,-999.0,0,0,0.8460180163383484,20.68000030517578,0.3001979887485504,-999.0,1,20.68000030517578,20.68000030517578,-999.0,-999.0,-999.0,1,20.384300231933594,0.3001979887485504,-999.0,1,4112,-999.0,-999.0,-999.0,-999.0,0,-999.0,-999.0,-999.0,-999.0,-999.0,0,-999.0,-999.0,-999.0,0,0,-999.0,-999.0,-999.0,-999.0,0,-999.0,-999.0,-999.0,-999.0,-999.0,0,-999.0,-999.0,-999.0,0,0,0.02262925870593595
PSO J139.5772+35.9317,-999,-999,-999,151111395771868664,3578835000018811,214022515345786,0,16486947455055,15111,1,2038,90,0.357435627242025,3578835,49831,3,268959744,0,32,-999.0,-999.0,-999.0,-999.0,139.57721719,35.93171313,0.3191800117492676,0.3191800117492676,,,,,56042.24768519,-999.0,-0.6164217583070258,0.525038828491406,0.5868206237531589,130.76010614473597,19.24140052292968,188.01495788885975,44.30127301883715,-999,0,1,0,0,0,1,0,-999.0,-999.0,-999.0,-999.0,0,-999.0,-999.0,-999.0,-999.0,-999.0,0,-999.0,-999.0,-999.0,0,0,-999.0,-999.0,-999.0,-999.0,0,-999.0,-999.0,-999.0,-999.0,-999.0,0,-999.0,-999.0,-999.0,0,0,-999.0,-999.0,-999.0,-999.0,0,-999.0,-999.0,-999.0,-999.0,-999.0,0,-999.0,-999.0,-999.0,0,0,0.34131500124931335,21.00349998474121,0.3188289999961853,-999.0,1,21.00349998474121,21.00349998474121,-999.0,-999.0,-999.0,0,22.48900032043457,0.3188289999961853,-999.0,1,4120,-999.0,-999.0,-999.0,-999.0,0,-999.0,-999.0,-999.0,-999.0,-999.0,0,-999.0,-999.0,-999.0,0,0,0.025852726421380135
PSO J139.5773+35.9260,-999,-999,-999,151111395772361819,3578835000018822,214022515345797,0,16486948555373,15111,1,2038,90,0.772126917515068,3578835,49831,3,277348352,0,33,-999.0,-999.0,-999.0,-999.0,139.57725865,35.92602515,0.22179999947547913,0.22179999947547913,,,,,55972.32666667,-999.0,-0.6164664843942963,0.5250761543432866,0.5867402370373128,130.7620720465084,19.236023806028264,188.0228840343903,44.3008534278039,-999,0,1,1,0,0,0,0,0.8050659894943237,22.117700576782227,0.22129200398921967,-999.0,1,22.117700576782227,22.117700576782227,20.926599502563477,0.19706900417804718,-999.0,1,21.409700393676758,0.22129200398921967,-999.0,1,16781328,-999.0,-999.0,-999.0,-999.0,0,-999.0,-999.0,-999.0,-999.0,-999.0,0,-999.0,-999.0,-999.0,0,0,-999.0,-999.0,-999.0,-999.0,0,-999.0,-999.0,-999.0,-999.0,-999.0,0,-999.0,-999.0,-999.0,0,0,-999.0,-999.0,-999.0,-999.0,0,-999.0,-999.0,-999.0,-999.0,-999.0,0,-999.0,-999.0,-999.0,0,0,-999.0,-999.0,-999.0,-999.0,0,-999.0,-999.0,-999.0,-999.0,-999.0,0,-999.0,-999.0,-999.0,0,0,0.021476554575200733
PSO J139.5773+35.9278,-999,-999,-999,151111395772623932,3578835000018834,214022515345809,0,16486948555075,15111,1,2038,90,0.0727966391228108,3578835,49831,3,268959744,0,32,-999.0,-999.0,-999.0,-999.0,139.57727478,35.92777421,0.018079999834299088,0.018079999834299088,,,,,55249.34685185,-999.0,-0.616452996365296,0.52506436644837,0.586764956655065,130.76149100233192,19.23768465461544,188.02044935130385,44.301005820985566,-999,0,1,1,0,0,0,0,0.15049700438976288,18.536399841308594,0.010092999786138535,-999.0,1,18.536399841308594,18.536399841308594,19.56089973449707,0.02887599915266037,-999.0,1,19.48859977722168,0.010092999786138535,-999.0,1,4120,-999.0,-999.0,-999.0,-999.0,0,-999.0,-999.0,-999.0,-999.0,-999.0,0,-999.0,-999.0,-999.0,0,0,-999.0,-999.0,-999.0,-999.0,0,-999.0,-999.0,-999.0,-999.0,-999.0,0,-999.0,-999.0,-999.0,0,0,-999.0,-999.0,-999.0,-999.0,0,-999.0,-999.0,-999.0,-999.0,-999.0,0,-999.0,-999.0,-999.0,0,0,-999.0,-999.0,-999.0,-999.0,0,-999.0,-999.0,-999.0,-999.0,-999.0,0,-999.0,-999.0,-999.0,0,0,0.022745035452542518
PSO J139.5775+35.9312,-999,-999,-999,151111395774958017,3578835000018877,214022515345852,0,16486947455374,15111,1,2038,90,0.913625295193517,3578835,49831,3,268959744,0,32,-999.0,-999.0,-999.0,-999.0,139.57753518,35.93117308,0.2302899956703186,0.2302899956703186,,,,,56043.26700231,-999.0,-0.6164288830102408,0.525038993846337,0.58681299161792,130.76054791581237,19.240971589028295,188.015738735917,44.30148669283795,-999,0,1,0,0,0,1,0,-999.0,-999.0,-999.0,-999.0,0,-999.0,-999.0,-999.0,-999.0,-999.0,0,-999.0,-999.0,-999.0,0,0,-999.0,-999.0,-999.0,-999.0,0,-999.0,-999.0,-999.0,-999.0,-999.0,0,-999.0,-999.0,-999.0,0,0,-999.0,-999.0,-999.0,-999.0,0,-999.0,-999.0,-999.0,-999.0,-999.0,0,-999.0,-999.0,-999.0,0,0,0.4974279999732971,21.06920051574707,0.22980399429798126,-999.0,1,21.06920051574707,21.06920051574707,-999.0,-999.0,-999.0,0,22.18120002746582,0.22980399429798126,-999.0,1,4120,-999.0,-999.0,-999.0,-999.0,0,-999.0,-999.0,-999.0,-999.0,-999.0,0,-999.0,-999.0,-999.0,0,0,0.02526436893055752
PSO J139.5779+35.9274,-999,-999,-999,151111395779423521,3578835000018989,214022515345964,0,16486948555564,15111,1,2038,90,0.191675847574767,3578835,49831,3,268513280,0,32,-999.0,-999.0,-999.0,-999.0,139.57793944,35.92743028,0.021940000355243683,0.021940000355243683,,,,,55250.34422454,-999.0,-0.6164617687208902,0.5250594990650614,0.5867600959055229,130.76214776561875,19.237531516582088,188.02098830379916,44.30151492385762,-999,0,1,1,0,0,0,0,0.9917600154876709,18.65570068359375,0.016005000099539757,-999.0,1,18.65570068359375,18.65570068359375,18.8080997467041,0.024575000628829002,-999.0,1,18.6117000579834,0.016005000099539757,-999.0,1,24,-999.0,-999.0,-999.0,-999.0,0,-999.0,-999.0,-999.0,-999.0,-999.0,0,-999.0,-999.0,-999.0,0,0,-999.0,-999.0,-999.0,-999.0,0,-999.0,-999.0,-999.0,-999.0,-999.0,0,-999.0,-999.0,-999.0,0,0,-999.0,-999.0,-999.0,-999.0,0,-999.0,-999.0,-999.0,-999.0,-999.0,0,-999.0,-999.0,-999.0,0,0,-999.0,-999.0,-999.0,-999.0,0,-999.0,-999.0,-999.0,-999.0,-999.0,0,-999.0,-999.0,-999.0,0,0,0.02213136342997465
PSO J139.5782+35.9290,-999,-999,-999,151111395781135268,3578835000019026,214022515346001,0,16486948555064,15111,1,2038,90,0.837604450841997,3578835,49831,3,302309376,7,36,-999.0,-999.0,-999.0,-999.0,139.57818266165802,35.928966397115495,0.029872151643703288,0.029872151643703288,-26.518558090134256,75.73274533438146,13.56072855906387,13.56072855906387,56059.77896677656,4.240706443786621,-0.6164520213415897,0.5250466817053284,0.5867818056263262,130.7618083592944,19.23906292188119,188.01884570758975,44.301825706719,-999,0,11,2,4,4,1,0,0.99965900182724,22.006099700927734,0.05526399984955788,0.0797789990901947,2,21.962200164794922,22.07270050048828,21.667699813842773,0.25703299045562744,0.4055129885673523,2,21.483400344848633,0.25065499544143677,0.3683840036392212,2,280,0.9987069964408875,21.662200927734375,0.0992090031504631,0.2957189977169037,4,21.491500854492188,22.14109992980957,21.215999603271484,0.33017998933792114,0.5795029997825623,3,21.279399871826172,0.22688600420951843,0.5034469962120056,4,280,0.9991700053215027,21.577199935913086,0.027286000549793243,0.05462000146508217,3,21.540800094604492,21.644100189208984,20.898000717163086,0.24027800559997559,0.34874600172042847,3,21.000699996948242,0.13144999742507935,0.23588599264621735,3,16777496,0.9982470273971558,21.052099227905273,0.18266500532627106,-999.0,1,21.052099227905273,21.052099227905273,20.683500289916992,0.2836399972438812,-999.0,1,20.597200393676758,0.18266500532627106,-999.0,1,280,-999.0,-999.0,-999.0,-999.0,0,-999.0,-999.0,-999.0,-999.0,-999.0,0,-999.0,-999.0,-999.0,0,0,0.023188518600322672
PSO J139.5783+35.9255,-999,-999,-999,151111395782451204,3578835000019051,214022515346026,0,16486948566927,15111,1,2038,90,0.812727347773246,3578835,49831,3,268959744,0,32,-999.0,-999.0,-999.0,-999.0,139.57826419,35.92550275,0.301939994096756,0.301939994096756,,,,,55268.33615741,-999.0,-0.6164797720092421,0.5250688040319889,0.5867328538064404,130.7630663547115,19.235790161706877,188.0237023281206,44.30162346671113,-999,0,1,0,1,0,0,0,-999.0,-999.0,-999.0,-999.0,0,-999.0,-999.0,-999.0,-999.0,-999.0,0,-999.0,-999.0,-999.0,0,0,0.4877839982509613,22.06529998779297,0.3015649914741516,-999.0,1,22.06529998779297,22.06529998779297,-999.0,-999.0,-999.0,1,22.579299926757812,0.3015649914741516,-999.0,1,4120,-999.0,-999.0,-999.0,-999.0,0,-999.0,-999.0,-999.0,-999.0,-999.0,0,-999.0,-999.0,-999.0,0,0,-999.0,-999.0,-999.0,-999.0,0,-999.0,-999.0,-999.0,-999.0,-999.0,0,-999.0,-999.0,-999.0,0,0,-999.0,-999.0,-999.0,-999.0,0,-999.0,-999.0,-999.0,-999.0,-999.0,0,-999.0,-999.0,-999.0,0,0,0.020533692462621825
PSO J139.5782+35.9291,-999,-999,-999,151111395782545653,3578835000019057,214022515346032,0,16486948555012,15111,1,2038,90,0.28445275340644,3578835,49831,3,436527104,7,52,139.57815988,35.92901451,0.0010000000474974513,0.0010000000474974513,139.57820156420905,35.92908297312596,0.03340735886976828,0.03340735886976828,7.927794461477365,-252.5537278811986,30.271958975708493,30.271958975708493,55885.04088632147,10.664613723754883,-0.6164512856631789,0.5250457042017223,0.5867834531609863,130.76179218910755,19.2391796311024,188.01868747298963,44.301857799840015,-999,4,8,0,6,2,0,0,-999.0,-999.0,-999.0,-999.0,0,-999.0,-999.0,-999.0,-999.0,-999.0,0,-999.0,-999.0,-999.0,0,114720,0.9991909861564636,21.758800506591797,0.08118599653244019,0.19783900678157806,5,21.55590057373047,21.99139976501465,21.404600143432617,0.153438001871109,0.36327001452445984,5,21.410900115966797,0.12984299659729004,0.26781898736953735,5,115000,0.9988200068473816,21.874099731445312,0.020486999303102493,0.029019000008702278,2,21.852399826049805,21.893400192260742,21.481399536132812,0.03227600082755089,0.03144799917936325,2,21.394100189208984,0.013027000240981579,0.007176999934017658,2,16892208,-999.0,-999.0,-999.0,-999.0,0,-999.0,-999.0,-999.0,-999.0,-999.0,0,-999.0,-999.0,-999.0,0,114720,-999.0,-999.0,-999.0,-999.0,0,-999.0,-999.0,-999.0,-999.0,-999.0,0,-999.0,-999.0,-999.0,0,16416,0.02327077183827489
PSO J139.5784+35.9279,-999,-999,-999,151111395785494186,3578835000019127,214022515346102,0,16486948555215,15111,1,2038,90,0.91771026599939,3578835,49831,3,436363264,7,52,139.57845162,35.92789131,0.0010000000474974513,0.0010000000474974513,139.5784170267569,35.927942195532644,0.04094643435461375,0.04094643435461375,-87.35210880291316,-7.45029416193663,22.899775951005903,22.899775951005903,56093.67278405293,13.85296630859375,-0.6164621542238236,0.5250509612775325,0.5867673307804907,130.76236525020173,19.238135917204126,188.02032590050575,44.30194239158625,-999,4,6,1,3,1,1,0,0.9748560190200806,21.75309944152832,0.17201000452041626,-999.0,1,21.75309944152832,21.75309944152832,20.988500595092773,0.1751910001039505,-999.0,1,20.901599884033203,0.17201000452041626,-999.0,1,16892216,0.9990659952163696,21.966400146484375,0.06397899985313416,0.1388619989156723,3,21.821199417114258,22.095699310302734,21.974300384521484,0.13583900034427643,0.3162739872932434,3,21.8966007232666,0.11773800104856491,0.23165200650691986,3,115000,0.9980790019035339,21.6737003326416,0.18431200087070465,-999.0,1,21.6737003326416,21.6737003326416,21.118799209594727,0.21863000094890594,-999.0,1,21.070999145507812,0.18431200087070465,-999.0,1,16892216,0.9970790147781372,21.491100311279297,0.18127700686454773,-999.0,1,21.491100311279297,21.491100311279297,21.02440071105957,0.20710699260234833,-999.0,1,20.958499908447266,0.18127700686454773,-999.0,1,16892216,-999.0,-999.0,-999.0,-999.0,0,-999.0,-999.0,-999.0,-999.0,-999.0,0,-999.0,-999.0,-999.0,0,16416,0.022271820097217964
PSO J139.5790+35.9284,-999,-999,-999,151111395789604711,3578835000019249,214022515346224,0,16486948555219,15111,1,2038,90,0.8255742153391,3578835,49831,3,268959744,0,32,-999.0,-999.0,-999.0,-999.0,139.57898106,35.92843434,0.15526999533176422,0.15526999533176422,,,,,55972.32666667,-999.0,-0.6164634858955275,0.5250416246605918,0.5867742861878843,130.7626528276526,19.238753058178453,188.01968367380204,44.302435681064786,-999,0,1,1,0,0,0,0,0.7409039735794067,21.556900024414062,0.1545419991016388,-999.0,1,21.556900024414062,21.556900024414062,21.73270034790039,0.17343300580978394,-999.0,1,21.482500076293945,0.1545419991016388,-999.0,1,4112,-999.0,-999.0,-999.0,-999.0,0,-999.0,-999.0,-999.0,-999.0,-999.0,0,-999.0,-999.0,-999.0,0,0,-999.0,-999.0,-999.0,-999.0,0,-999.0,-999.0,-999.0,-999.0,-999.0,0,-999.0,-999.0,-999.0,0,0,-999.0,-999.0,-999.0,-999.0,0,-999.0,-999.0,-999.0,-999.0,-999.0,0,-999.0,-999.0,-999.0,0,0,-999.0,-999.0,-999.0,-999.0,0,-999.0,-999.0,-999.0,-999.0,-999.0,0,-999.0,-999.0,-999.0,0,0,0.022371212842661914
PSO J139.5791+35.9316,-999,-999,-999,151111395790758555,3578835000019276,214022515346251,0,16486947455793,15111,1,2038,90,0.0866277097599839,3578835,49831,3,268959744,0,32,-999.0,-999.0,-999.0,-999.0,139.57910384,35.93162825,0.26462000608444214,0.26462000608444214,,,,,56042.25787037,-999.0,-0.6164397084120499,0.525019094189705,0.5868194242090905,130.76166753508906,19.24181010961642,188.01524601880368,44.30278906917709,-999,0,1,0,0,0,1,0,-999.0,-999.0,-999.0,-999.0,0,-999.0,-999.0,-999.0,-999.0,-999.0,0,-999.0,-999.0,-999.0,0,0,-999.0,-999.0,-999.0,-999.0,0,-999.0,-999.0,-999.0,-999.0,-999.0,0,-999.0,-999.0,-999.0,0,0,-999.0,-999.0,-999.0,-999.0,0,-999.0,-999.0,-999.0,-999.0,-999.0,0,-999.0,-999.0,-999.0,0,0,0.4975050091743469,21.153799057006836,0.26419100165367126,-999.0,1,21.153799057006836,21.153799057006836,-999.0,-999.0,-999.0,0,-999.0,-999.0,-999.0,0,4120,-999.0,-999.0,-999.0,-999.0,0,-999.0,-999.0,-999.0,-999.0,-999.0,0,-999.0,-999.0,-999.0,0,0,0.02491815094393914
PSO J139.5794+35.9320,-999,-999,-999,151111395793998992,3578835000019350,214022515346325,0,16486947455762,15111,1,2038,90,0.058259401524681,3578835,49831,3,268959744,0,32,-999.0,-999.0,-999.0,-999.0,139.5794113,35.93200911,0.2167000025510788,0.2167000025510788,,,,,55968.36913194,-999.0,-0.6164395560857097,0.5250132570226547,0.5868248066018659,130.7617879009353,19.242250698587732,188.0147432090526,44.30306754485778,-999,0,1,0,0,1,0,0,-999.0,-999.0,-999.0,-999.0,0,-999.0,-999.0,-999.0,-999.0,-999.0,0,-999.0,-999.0,-999.0,0,0,-999.0,-999.0,-999.0,-999.0,0,-999.0,-999.0,-999.0,-999.0,-999.0,0,-999.0,-999.0,-999.0,0,0,0.6127510070800781,21.293500900268555,0.21618199348449707,-999.0,1,21.293500900268555,21.293500900268555,-999.0,-999.0,-999.0,0,21.857500076293945,0.21618199348449707,-999.0,1,4120,-999.0,-999.0,-999.0,-999.0,0,-999.0,-999.0,-999.0,-999.0,-999.0,0,-999.0,-999.0,-999.0,0,0,-999.0,-999.0,-999.0,-999.0,0,-999.0,-999.0,-999.0,-999.0,-999.0,0,-999.0,-999.0,-999.0,0,0,0.025104787516611802
PSO J139.5799+35.9309,-999,-999,-999,151111395798397637,3578835000019451,214022515346426,0,16486947458700,15111,1,2038,90,0.749751049792162,3578835,49831,3,268959744,0,32,-999.0,-999.0,-999.0,-999.0,139.57986778,35.93085866,0.2565299868583679,0.2565299868583679,,,,,56043.25655093,-999.0,-0.6164527092384604,0.5250159855863898,0.5868085481239292,130.76254954671293,19.241279589118367,188.0163867659495,44.30334443331081,-999,0,1,0,0,0,1,0,-999.0,-999.0,-999.0,-999.0,0,-999.0,-999.0,-999.0,-999.0,-999.0,0,-999.0,-999.0,-999.0,0,0,-999.0,-999.0,-999.0,-999.0,0,-999.0,-999.0,-999.0,-999.0,-999.0,0,-999.0,-999.0,-999.0,0,0,-999.0,-999.0,-999.0,-999.0,0,-999.0,-999.0,-999.0,-999.0,-999.0,0,-999.0,-999.0,-999.0,0,0,0.6063439846038818,21.29490089416504,0.2560960054397583,-999.0,1,21.29490089416504,21.29490089416504,-999.0,-999.0,-999.0,0,22.26729965209961,0.2560960054397583,-999.0,1,4120,-999.0,-999.0,-999.0,-999.0,0,-999.0,-999.0,-999.0,-999.0,-999.0,0,-999.0,-999.0,-999.0,0,0,0.02393586465800885
PSO J139.5801+35.9273,-999,-999,-999,151111395800553315,3578835000019494,214022515346469,0,16486947456133,15111,1,2038,90,0.843336264456935,3578835,49831,3,436527232,7,52,139.58004651,35.92727125,0.0010000000474974513,0.0010000000474974513,139.5800616097004,35.92728310174058,0.009965816464196814,0.009965816464196814,1.165736512125922,-0.0991975260638025,5.380160008044186,5.380160008044186,56147.65924374399,6.612920761108398,-0.6164823633741132,0.525037642938871,0.5867580158343492,130.76392456414862,19.237938228435645,188.0213925767566,44.30321668341058,-999,5,54,0,12,25,16,1,-999.0,-999.0,-999.0,-999.0,0,-999.0,-999.0,-999.0,-999.0,-999.0,0,-999.0,-999.0,-999.0,0,114720,0.9996269941329956,21.715099334716797,0.062293000519275665,0.22532999515533447,12,21.316600799560547,22.037399291992188,21.433399200439453,0.14589600265026093,0.47276800870895386,12,21.387800216674805,0.16495299339294434,0.6506530046463013,12,115000,0.9997209906578064,21.039100646972656,0.028884999454021454,0.15466099977493286,24,20.822200775146484,21.378999710083008,20.772199630737305,0.04271699860692024,0.23321300745010376,23,20.723499298095703,0.041940998286008835,0.18920999765396118,24,115000,0.9993020296096802,20.621999740600586,0.06458999961614609,0.1844329982995987,15,20.300600051879883,20.97450065612793,20.407800674438477,0.07872600108385086,0.31686699390411377,15,20.335800170898438,0.06023599952459335,0.3215300142765045,15,115000,0.9990599751472473,20.615699768066406,0.1474120020866394,-999.0,1,20.615699768066406,20.615699768066406,20.45009994506836,0.24422399699687958,-999.0,1,20.381799697875977,0.1474120020866394,-999.0,1,115000,0.020925271272286827
PSO J139.5801+35.9294,-999,-999,-999,151111395801185879,3578835000019508,214022515346483,0,16486947458662,15111,1,2038,90,0.868649503093818,3578835,49831,3,268959744,0,32,-999.0,-999.0,-999.0,-999.0,139.58013699,35.92939852,0.2971000075340271,0.2971000075340271,,,,,55972.48399306,-999.0,-0.6164665608415462,0.5250227851210657,0.5867879126804807,130.76326427808516,19.239966515980953,188.01844483401356,44.303445495288706,-999,0,1,0,1,0,0,0,-999.0,-999.0,-999.0,-999.0,0,-999.0,-999.0,-999.0,-999.0,-999.0,0,-999.0,-999.0,-999.0,0,0,0.6480380296707153,22.222999572753906,0.2967210114002228,-999.0,1,22.222999572753906,22.222999572753906,-999.0,-999.0,-999.0,1,22.21150016784668,0.2967210114002228,-999.0,1,4112,-999.0,-999.0,-999.0,-999.0,0,-999.0,-999.0,-999.0,-999.0,-999.0,0,-999.0,-999.0,-999.0,0,0,-999.0,-999.0,-999.0,-999.0,0,-999.0,-999.0,-999.0,-999.0,-999.0,0,-999.0,-999.0,-999.0,0,0,-999.0,-999.0,-999.0,-999.0,0,-999.0,-999.0,-999.0,-999.0,-999.0,0,-999.0,-999.0,-999.0,0,0,0.02259920669413808
PSO J139.5803+35.9315,-999,-999,-999,151111395802378337,3578835000019537,214022515346512,0,16486947458380,15111,1,2038,90,0.805035736230235,3578835,49831,3,268959744,0,32,-999.0,-999.0,-999.0,-999.0,139.5802592,35.93145438,0.25240999460220337,0.25240999460220337,,,,,55248.28315972,-999.0,-0.6164516509305293,0.5250078182910135,0.5868169670334481,130.76266512090712,19.24194549272021,188.01559223501476,44.303707781207784,-999,0,1,0,0,1,0,0,-999.0,-999.0,-999.0,-999.0,0,-999.0,-999.0,-999.0,-999.0,-999.0,0,-999.0,-999.0,-999.0,0,0,-999.0,-999.0,-999.0,-999.0,0,-999.0,-999.0,-999.0,-999.0,-999.0,0,-999.0,-999.0,-999.0,0,0,0.7917789816856384,21.610700607299805,0.25196000933647156,-999.0,1,21.610700607299805,21.610700607299805,-999.0,-999.0,-999.0,0,21.630800247192383,0.25196000933647156,-999.0,1,4120,-999.0,-999.0,-999.0,-999.0,0,-999.0,-999.0,-999.0,-999.0,-999.0,0,-999.0,-999.0,-999.0,0,0,-999.0,-999.0,-999.0,-999.0,0,-999.0,-999.0,-999.0,-999.0,-999.0,0,-999.0,-999.0,-999.0,0,0,0.024271527022270294
PSO J139.5805+35.9279,-999,-999,-999,151111395804944033,3578835000019600,214022515346575,0,16486947456882,15111,1,2038,90,0.23140415757094,3578835,49831,3,302067712,0,36,-999.0,-999.0,-999.0,-999.0,139.58050728,35.92786122,0.2207999974489212,0.2207999974489212,,,,,56759.29760417,-999.0,-0.6164819399574684,0.5250290089604344,0.5867661863607176,130.7640873297133,19.2386066131505,188.02061949340134,44.303621973637476,-999,0,1,0,0,1,0,0,-999.0,-999.0,-999.0,-999.0,0,-999.0,-999.0,-999.0,-999.0,-999.0,0,-999.0,-999.0,-999.0,0,0,-999.0,-999.0,-999.0,-999.0,0,-999.0,-999.0,-999.0,-999.0,-999.0,0,-999.0,-999.0,-999.0,0,0,0.9128249883651733,20.409299850463867,0.2202879935503006,-999.0,1,20.409299850463867,20.409299850463867,20.332000732421875,0.2974259853363037,-999.0,1,20.282899856567383,0.2202879935503006,-999.0,1,272,-999.0,-999.0,-999.0,-999.0,0,-999.0,-999.0,-999.0,-999.0,-999.0,0,-999.0,-999.0,-999.0,0,0,-999.0,-999.0,-999.0,-999.0,0,-999.0,-999.0,-999.0,-999.0,-999.0,0,-999.0,-999.0,-999.0,0,0,0.021170441147863716
PSO J139.5807+35.9298,-999,-999,-999,151111395806396338,3578835000019651,214022515346626,0,16486947458683,15111,1,2038,90,0.369142287754586,3578835,49831,3,268959744,0,32,-999.0,-999.0,-999.0,-999.0,139.58065925,35.92979258,0.25470998883247375,0.25470998883247375,,,,,56344.37971065,-999.0,-0.6164682739950058,0.5250145492307752,0.5867934817749976,130.76355465229415,19.24047539858474,188.01794299163484,44.30389841844678,-999,0,1,0,1,0,0,0,-999.0,-999.0,-999.0,-999.0,0,-999.0,-999.0,-999.0,-999.0,-999.0,0,-999.0,-999.0,-999.0,0,0,0.7323539853096008,21.754199981689453,0.25426599383354187,-999.0,1,21.754199981689453,21.754199981689453,-999.0,-999.0,-999.0,0,22.16629981994629,0.25426599383354187,-999.0,1,4120,-999.0,-999.0,-999.0,-999.0,0,-999.0,-999.0,-999.0,-999.0,-999.0,0,-999.0,-999.0,-999.0,0,0,-999.0,-999.0,-999.0,-999.0,0,-999.0,-999.0,-999.0,-999.0,-999.0,0,-999.0,-999.0,-999.0,0,0,-999.0,-999.0,-999.0,-999.0,0,-999.0,-999.0,-999.0,-999.0,-999.0,0,-999.0,-999.0,-999.0,0,0,0.022692656302201093
PSO J139.5808+35.9287,-999,-999,-999,151111395808244990,3578835000019705,214022515346680,0,16486947456796,15111,1,2038,90,0.317305120003694,3578835,49831,3,268513280,0,32,-999.0,-999.0,-999.0,-999.0,139.58083997,35.92865165,0.017419999465346336,0.017419999465346336,,,,,56614.5921412,-999.0,-0.6164788257463846,0.5250201808181494,0.5867773573852663,130.7640890597167,19.2394416888347,188.0195484790554,44.30395345709034,-999,0,1,0,0,0,0,1,-999.0,-999.0,-999.0,-999.0,0,-999.0,-999.0,-999.0,-999.0,-999.0,0,-999.0,-999.0,-999.0,0,0,-999.0,-999.0,-999.0,-999.0,0,-999.0,-999.0,-999.0,-999.0,-999.0,0,-999.0,-999.0,-999.0,0,0,-999.0,-999.0,-999.0,-999.0,0,-999.0,-999.0,-999.0,-999.0,-999.0,0,-999.0,-999.0,-999.0,0,0,-999.0,-999.0,-999.0,-999.0,0,-999.0,-999.0,-999.0,-999.0,-999.0,0,-999.0,-999.0,-999.0,0,0,0.9992690086364746,17.31760025024414,0.008853999897837639,-999.0,1,17.31760025024414,17.31760025024414,18.175500869750977,0.024466000497341156,-999.0,1,18.07469940185547,0.008853999897837639,-999.0,1,24,0.021661410661432953
PSO J139.5809+35.9328,-999,-999,-999,151111395808569976,3578835000019717,214022515346692,0,16486947455498,15111,1,2038,90,0.239250507428544,3578835,49831,3,268959744,0,32,-999.0,-999.0,-999.0,-999.0,139.58087595,35.93281984,0.24321000277996063,0.24321000277996063,,,,,55972.32666667,-999.0,-0.6164466550684422,0.5249921149909325,0.5868362639205903,130.76270221848364,19.243398986748822,188.01374579066103,44.30431423224552,-999,0,1,1,0,0,0,0,0.723613977432251,22.140600204467773,0.24275000393390656,-999.0,1,22.140600204467773,22.140600204467773,-999.0,-999.0,-999.0,1,26.41029930114746,0.24275000393390656,-999.0,1,4112,-999.0,-999.0,-999.0,-999.0,0,-999.0,-999.0,-999.0,-999.0,-999.0,0,-999.0,-999.0,-999.0,0,0,-999.0,-999.0,-999.0,-999.0,0,-999.0,-999.0,-999.0,-999.0,-999.0,0,-999.0,-999.0,-999.0,0,0,-999.0,-999.0,-999.0,-999.0,0,-999.0,-999.0,-999.0,-999.0,-999.0,0,-999.0,-999.0,-999.0,0,0,-999.0,-999.0,-999.0,-999.0,0,-999.0,-999.0,-999.0,-999.0,-999.0,0,-999.0,-999.0,-999.0,0,0,0.025201344705738853
PSO J139.5812+35.9251,-999,-999,-999,151111395811460733,3578835000019764,214022515346739,0,16486948561956,15111,1,2038,90,0.13644543395978,3578835,49831,3,268959744,0,32,-999.0,-999.0,-999.0,-999.0,139.58117036,35.9251211,0.23667000234127045,0.23667000234127045,,,,,55972.32666667,-999.0,-0.6165093793201748,0.5250400681096777,0.5867274598053493,130.76555684163904,19.23618348932734,188.02449596606758,44.303938934731704,-999,0,1,1,0,0,0,0,0.7497529983520508,22.079599380493164,0.2361930012702942,-999.0,1,22.079599380493164,22.079599380493164,-999.0,-999.0,-999.0,0,21.892000198364258,0.2361930012702942,-999.0,1,4112,-999.0,-999.0,-999.0,-999.0,0,-999.0,-999.0,-999.0,-999.0,-999.0,0,-999.0,-999.0,-999.0,0,0,-999.0,-999.0,-999.0,-999.0,0,-999.0,-999.0,-999.0,-999.0,-999.0,0,-999.0,-999.0,-999.0,0,0,-999.0,-999.0,-999.0,-999.0,0,-999.0,-999.0,-999.0,-999.0,-999.0,0,-999.0,-999.0,-999.0,0,0,-999.0,-999.0,-999.0,-999.0,0,-999.0,-999.0,-999.0,-999.0,-999.0,0,-999.0,-999.0,-999.0,0,0,0.018676926540763753
PSO J139.5814+35.9245,-999,-999,-999,151111395813570009,3578835000019813,214022515346788,0,16486948562065,15111,1,2038,90,0.306914988259706,3578835,49831,3,268959744,0,32,-999.0,-999.0,-999.0,-999.0,139.58138834,35.92451664,0.34217000007629395,0.34217000007629395,,,,,55249.29457176,-999.0,-0.6165160892976767,0.5250417358932984,0.5867189166945711,130.76593926123377,19.23566758291957,188.02535757254023,44.30406672558723,-999,0,1,0,0,1,0,0,-999.0,-999.0,-999.0,-999.0,0,-999.0,-999.0,-999.0,-999.0,-999.0,0,-999.0,-999.0,-999.0,0,0,-999.0,-999.0,-999.0,-999.0,0,-999.0,-999.0,-999.0,-999.0,-999.0,0,-999.0,-999.0,-999.0,0,0,0.5955889821052551,21.446399688720703,0.34184300899505615,-999.0,1,21.446399688720703,21.446399688720703,-999.0,-999.0,-999.0,1,22.07979965209961,0.34184300899505615,-999.0,1,4120,-999.0,-999.0,-999.0,-999.0,0,-999.0,-999.0,-999.0,-999.0,-999.0,0,-999.0,-999.0,-999.0,0,0,-999.0,-999.0,-999.0,-999.0,0,-999.0,-999.0,-999.0,-999.0,-999.0,0,-999.0,-999.0,-999.0,0,0,0.01810082800537704
PSO J139.5822+35.9286,-999,-999,-999,151111395822124896,3578835000020005,214022515346980,0,16486947456453,15111,1,2038,90,0.285395667222697,3578835,49831,3,436527104,7,52,139.58217667,35.92855315,0.0010000000474974513,0.0010000000474974513,139.58221293479411,35.92856611319496,0.018126988180484215,0.018126988180484215,53.51180832724787,-27.866738707297007,11.05161096819846,11.05161096819846,56431.888166622746,4.831210613250732,-0.6164920734299857,0.5250059760946673,0.5867761485122609,130.7652408626129,19.23972333143137,188.01978741052392,44.30506372017839,-999,5,25,1,4,16,4,0,0.1043500006198883,21.76930046081543,0.174127995967865,-999.0,1,21.76930046081543,21.76930046081543,21.613300323486328,0.21823999285697937,-999.0,1,21.343900680541992,0.174127995967865,-999.0,1,115256,0.9996629953384399,21.694000244140625,0.20035600662231445,0.22637799382209778,4,21.54960060119629,21.957599639892578,21.762699127197266,0.24377399682998657,0.31902599334716797,4,21.563600540161133,0.08199799805879593,0.22930599749088287,4,115000,0.9996370077133179,21.458999633789062,0.052048999816179276,0.21441300213336945,15,21.26219940185547,21.974599838256836,21.213499069213867,0.11874400079250336,0.3442089855670929,14,21.266199111938477,0.08717799931764603,0.3221290111541748,15,115000,0.9991210103034973,21.01959991455078,0.17153400182724,0.37727001309394836,4,20.685300827026367,21.479299545288086,20.822799682617188,0.24387699365615845,0.6468870043754578,4,20.542200088500977,0.20126000046730042,0.38130199909210205,4,115000,-999.0,-999.0,-999.0,-999.0,0,-999.0,-999.0,-999.0,-999.0,-999.0,0,-999.0,-999.0,-999.0,0,114720,0.02098276546297066
PSO J139.5825+35.9305,-999,-999,-999,151111395823337275,3578835000020031,214022515347006,0,16486947458175,15111,1,2038,90,0.138685371855912,3578835,49831,3,436527104,7,52,139.58251584,35.93050948,0.0010000000474974513,0.0010000000474974513,139.5825076167925,35.93053592102861,0.016125522562361983,0.016125522562361983,4.388392743886689,7.846501475568751,7.982602571456039,7.982602571456039,56074.05401402547,4.59987735748291,-0.6164794146202928,0.5249897257447935,0.586803987044931,130.76480340530796,19.241661460224314,188.01707146083854,44.305450120404174,-999,5,33,5,13,11,4,0,0.9990620017051697,21.971399307250977,0.11884699761867523,0.2104090005159378,4,21.724700927734375,22.238000869750977,21.75589942932129,0.026172000914812088,0.07977999746799469,4,21.566600799560547,0.0791890025138855,0.15644100308418274,4,16892216,0.9992470145225525,21.85379981994629,0.0529399998486042,0.18045400083065033,13,21.552400588989258,22.069400787353516,21.797000885009766,0.05525999888777733,0.22008700668811798,13,21.780500411987305,0.09453599900007248,0.3717060089111328,13,115000,0.9994199872016907,21.605600357055664,0.06176299974322319,0.14001500606536865,10,21.431800842285156,21.824399948120117,21.424100875854492,0.08851300179958344,0.27049198746681213,10,21.331600189208984,0.09291599690914154,0.24703100323677063,10,115000,0.9986780285835266,21.013999938964844,0.10836300253868103,0.21723799407482147,3,20.768800735473633,21.199100494384766,20.820999145507812,0.264629989862442,0.5970069766044617,3,20.872900009155273,0.013775999657809734,0.11633200198411942,3,115000,-999.0,-999.0,-999.0,-999.0,0,-999.0,-999.0,-999.0,-999.0,-999.0,0,-999.0,-999.0,-999.0,0,114720,0.022563439390383525
PSO J139.5824+35.9315,-999,-999,-999,151111395823588383,3578835000020040,214022515347015,0,16486947457355,15111,1,2038,90,0.466646939019344,3578835,49831,3,268959744,0,32,-999.0,-999.0,-999.0,-999.0,139.58237418,35.93150013,0.24034999310970306,0.24034999310970306,,,,,56344.39150463,-999.0,-0.6164706735775511,0.524984758831651,0.5868176135847608,130.76436760971572,19.24253813640654,188.01571892253506,44.3054185318155,-999,0,1,0,1,0,0,0,-999.0,-999.0,-999.0,-999.0,0,-999.0,-999.0,-999.0,-999.0,-999.0,0,-999.0,-999.0,-999.0,0,0,0.6243919730186462,21.37529945373535,0.23988500237464905,-999.0,1,21.37529945373535,21.37529945373535,-999.0,-999.0,-999.0,0,21.804100036621094,0.23988500237464905,-999.0,1,4120,-999.0,-999.0,-999.0,-999.0,0,-999.0,-999.0,-999.0,-999.0,-999.0,0,-999.0,-999.0,-999.0,0,0,-999.0,-999.0,-999.0,-999.0,0,-999.0,-999.0,-999.0,-999.0,-999.0,0,-999.0,-999.0,-999.0,0,0,-999.0,-999.0,-999.0,-999.0,0,-999.0,-999.0,-999.0,-999.0,-999.0,0,-999.0,-999.0,-999.0,0,0,0.023463763604821806
PSO J139.5826+35.9286,-999,-999,-999,151111395825614986,3578835000020088,214022515347063,0,16486947456498,15111,1,2038,90,0.503333313859378,3578835,49831,3,268959744,0,32,-999.0,-999.0,-999.0,-999.0,139.5825652,35.92864299,0.14330999553203583,0.14330999553203583,,,,,56759.31069444,-999.0,-0.6164947018424887,0.5250016753223299,0.586777234995435,130.76549346321974,19.23988158160946,188.01971595846348,44.30534533531054,-999,0,1,0,0,1,0,0,-999.0,-999.0,-999.0,-999.0,0,-999.0,-999.0,-999.0,-999.0,-999.0,0,-999.0,-999.0,-999.0,0,0,-999.0,-999.0,-999.0,-999.0,0,-999.0,-999.0,-999.0,-999.0,-999.0,0,-999.0,-999.0,-999.0,0,0,0.4509350061416626,15.88010025024414,0.1425209939479828,-999.0,1,15.88010025024414,15.88010025024414,-999.0,-999.0,-999.0,0,16.556499481201172,0.1425209939479828,-999.0,1,4112,-999.0,-999.0,-999.0,-999.0,0,-999.0,-999.0,-999.0,-999.0,-999.0,0,-999.0,-999.0,-999.0,0,0,-999.0,-999.0,-999.0,-999.0,0,-999.0,-999.0,-999.0,-999.0,-999.0,0,-999.0,-999.0,-999.0,0,0,0.020899250460002995
PSO J139.5838+35.9274,-999,-999,-999,151111395837213736,3578835000020357,214022515347332,0,16486947470096,15111,1,2038,90,0.259577502738291,3578835,49831,3,436285440,0,52,139.58376133,35.92743196,0.0010000000474974513,0.0010000000474974513,139.58375815,35.92739284,0.10671000182628632,0.10671000182628632,,,,,56380.23805556,1.7584999799728394,-0.6165153802171314,0.5249971397675576,0.586759566766158,130.76688726074804,19.239007344001124,188.02156482041804,44.30620873925366,-999,4,5,0,2,3,0,0,-999.0,-999.0,-999.0,-999.0,0,-999.0,-999.0,-999.0,-999.0,-999.0,0,-999.0,-999.0,-999.0,0,114720,0.4783180058002472,21.850299835205078,0.18495599925518036,-999.0,1,21.850299835205078,21.850299835205078,21.815399169921875,0.2665260136127472,-999.0,1,21.961200714111328,0.18495599925518036,-999.0,1,115256,0.9978470206260681,21.824499130249023,0.06944800168275833,0.13705700635910034,2,21.822599411010742,21.96150016784668,22.25550079345703,0.21487100422382355,0.4271869957447052,2,21.976699829101562,0.2203660011291504,0.437734991312027,2,115000,-999.0,-999.0,-999.0,-999.0,0,-999.0,-999.0,-999.0,-999.0,-999.0,0,-999.0,-999.0,-999.0,0,114720,-999.0,-999.0,-999.0,-999.0,0,-999.0,-999.0,-999.0,-999.0,-999.0,0,-999.0,-999.0,-999.0,0,16416,0.019330614923189122
PSO J139.5841+35.9284,-999,-999,-999,151111395840474711,3578835000020427,214022515347402,0,16486947469858,15111,1,2038,90,0.325939226267803,3578835,49831,3,302067712,0,36,-999.0,-999.0,-999.0,-999.0,139.58408907,35.92841616,0.17741000652313232,0.17741000652313232,,,,,56331.39599537,-999.0,-0.6165104334954131,0.5249867845814113,0.5867740292533136,130.76680841669327,19.240062544157443,188.0201691808671,44.30655731665052,-999,0,1,0,1,0,0,0,-999.0,-999.0,-999.0,-999.0,0,-999.0,-999.0,-999.0,-999.0,-999.0,0,-999.0,-999.0,-999.0,0,0,0.16708700358867645,21.950199127197266,0.17677100002765656,-999.0,1,21.950199127197266,21.950199127197266,21.5585994720459,0.207178995013237,-999.0,1,21.58099937438965,0.17677100002765656,-999.0,1,536,-999.0,-999.0,-999.0,-999.0,0,-999.0,-999.0,-999.0,-999.0,-999.0,0,-999.0,-999.0,-999.0,0,0,-999.0,-999.0,-999.0,-999.0,0,-999.0,-999.0,-999.0,-999.0,-999.0,0,-999.0,-999.0,-999.0,0,0,-999.0,-999.0,-999.0,-999.0,0,-999.0,-999.0,-999.0,-999.0,-999.0,0,-999.0,-999.0,-999.0,0,0,0.020089350435603212
PSO J139.5840+35.9299,-999,-999,-999,151111395841336521,3578835000020458,214022515347433,0,16486947457562,15111,1,2038,90,0.37584107962981,3578835,49831,3,268959744,0,32,-999.0,-999.0,-999.0,-999.0,139.58401352,35.92986814,0.17586000263690948,0.17586000263690948,,,,,56043.26266204,-999.0,-0.6164984197204527,0.5249779566848056,0.5867945496314966,130.7662537414557,19.2414181749184,188.01813980991417,44.30661189017752,-999,0,2,0,0,0,2,0,-999.0,-999.0,-999.0,-999.0,0,-999.0,-999.0,-999.0,-999.0,-999.0,0,-999.0,-999.0,-999.0,0,0,-999.0,-999.0,-999.0,-999.0,0,-999.0,-999.0,-999.0,-999.0,-999.0,0,-999.0,-999.0,-999.0,0,0,-999.0,-999.0,-999.0,-999.0,0,-999.0,-999.0,-999.0,-999.0,-999.0,0,-999.0,-999.0,-999.0,0,0,0.6332650184631348,21.220699310302734,0.0670740008354187,0.09628000110387802,2,21.165300369262695,21.299400329589844,-999.0,-999.0,-999.0,0,22.798099517822266,0.22931300103664398,-999.0,1,4120,-999.0,-999.0,-999.0,-999.0,0,-999.0,-999.0,-999.0,-999.0,-999.0,0,-999.0,-999.0,-999.0,0,0,0.02140477863572402
PSO J139.5854+35.9311,-999,-999,-999,151111395853407887,3578835000020744,214022515347719,0,16486947468353,15111,1,2038,90,0.772204005878609,3578835,49831,3,268959744,0,32,-999.0,-999.0,-999.0,-999.0,139.58536123,35.93108025,0.2796199917793274,0.2796199917793274,,,,,56344.35071759,-999.0,-0.6165013163871129,0.5249554071011251,0.5868116797135593,130.76693669480508,19.242916286355488,188.0165726748057,44.30779614316905,-999,0,1,0,0,1,0,0,-999.0,-999.0,-999.0,-999.0,0,-999.0,-999.0,-999.0,-999.0,-999.0,0,-999.0,-999.0,-999.0,0,0,-999.0,-999.0,-999.0,-999.0,0,-999.0,-999.0,-999.0,-999.0,-999.0,0,-999.0,-999.0,-999.0,0,0,0.560666024684906,21.586999893188477,0.2792220115661621,-999.0,1,21.586999893188477,21.586999893188477,-999.0,-999.0,-999.0,0,22.76650047302246,0.2792220115661621,-999.0,1,4120,-999.0,-999.0,-999.0,-999.0,0,-999.0,-999.0,-999.0,-999.0,-999.0,0,-999.0,-999.0,-999.0,0,0,-999.0,-999.0,-999.0,-999.0,0,-999.0,-999.0,-999.0,-999.0,-999.0,0,-999.0,-999.0,-999.0,0,0,0.022048995987705503
PSO J139.5854+35.9304,-999,-999,-999,151111395853437042,3578835000020745,214022515347720,0,16486947468709,15111,1,2038,90,0.203447543274097,3578835,49831,3,268959744,0,32,-999.0,-999.0,-999.0,-999.0,139.58537219,35.93036848,0.23146000504493713,0.23146000504493713,,,,,56042.25787037,-999.0,-0.616506967015132,0.524960015214849,0.5868016206925712,130.76718742866677,19.242244977043217,188.0175651600994,44.30774837115669,-999,0,1,0,0,0,1,0,-999.0,-999.0,-999.0,-999.0,0,-999.0,-999.0,-999.0,-999.0,-999.0,0,-999.0,-999.0,-999.0,0,0,-999.0,-999.0,-999.0,-999.0,0,-999.0,-999.0,-999.0,-999.0,-999.0,0,-999.0,-999.0,-999.0,0,0,-999.0,-999.0,-999.0,-999.0,0,-999.0,-999.0,-999.0,-999.0,-999.0,0,-999.0,-999.0,-999.0,0,0,0.6968889832496643,21.14229965209961,0.2309740036725998,-999.0,1,21.14229965209961,21.14229965209961,-999.0,-999.0,-999.0,0,20.956499099731445,0.2309740036725998,-999.0,1,4120,-999.0,-999.0,-999.0,-999.0,0,-999.0,-999.0,-999.0,-999.0,-999.0,0,-999.0,-999.0,-999.0,0,0,0.02139095950537409
PSO J139.5860+35.9289,-999,-999,-999,151111395859745291,3578835000020891,214022515347866,0,16486947470474,15111,1,2038,90,0.207967107377916,3578835,49831,3,302067712,0,36,-999.0,-999.0,-999.0,-999.0,139.58598622,35.92890857,0.2818799912929535,0.2818799912929535,,,,,56759.29760417,-999.0,-0.6165239767262221,0.5249631013768477,0.5867809883717147,130.76818223655795,19.24102170846107,188.0196541046953,44.308127845782664,-999,0,1,0,0,1,0,0,-999.0,-999.0,-999.0,-999.0,0,-999.0,-999.0,-999.0,-999.0,-999.0,0,-999.0,-999.0,-999.0,0,0,-999.0,-999.0,-999.0,-999.0,0,-999.0,-999.0,-999.0,-999.0,-999.0,0,-999.0,-999.0,-999.0,0,0,0.8612930178642273,20.649700164794922,0.2814759910106659,-999.0,1,20.649700164794922,20.649700164794922,-999.0,-999.0,-999.0,1,24.12470054626465,0.2814759910106659,-999.0,1,272,-999.0,-999.0,-999.0,-999.0,0,-999.0,-999.0,-999.0,-999.0,-999.0,0,-999.0,-999.0,-999.0,0,0,-999.0,-999.0,-999.0,-999.0,0,-999.0,-999.0,-999.0,-999.0,-999.0,0,-999.0,-999.0,-999.0,0,0,0.019854255846532363
PSO J139.5861+35.9275,-999,-999,-999,151111395860603595,3578835000020912,214022515347887,0,16486947471249,15111,1,2038,90,0.163337244804331,3578835,49831,3,268959744,0,32,-999.0,-999.0,-999.0,-999.0,139.58607724,35.92750655,0.22439999878406525,0.22439999878406525,,,,,55275.32013889,-999.0,-0.6165357427458815,0.5249714304649072,0.5867611738283415,130.76873251718968,19.23971742093743,188.02161532703573,44.308089739316046,-999,0,1,1,0,0,0,0,0.7674350142478943,22.1830997467041,0.22390000522136688,-999.0,1,22.1830997467041,22.1830997467041,22.186399459838867,0.2585330009460449,-999.0,1,21.859800338745117,0.22390000522136688,-999.0,1,4120,-999.0,-999.0,-999.0,-999.0,0,-999.0,-999.0,-999.0,-999.0,-999.0,0,-999.0,-999.0,-999.0,0,0,-999.0,-999.0,-999.0,-999.0,0,-999.0,-999.0,-999.0,-999.0,-999.0,0,-999.0,-999.0,-999.0,0,0,-999.0,-999.0,-999.0,-999.0,0,-999.0,-999.0,-999.0,-999.0,-999.0,0,-999.0,-999.0,-999.0,0,0,-999.0,-999.0,-999.0,-999.0,0,-999.0,-999.0,-999.0,-999.0,-999.0,0,-999.0,-999.0,-999.0,0,0,0.01854892824462495
PSO J139.5862+35.9323,-999,-999,-999,151111395861949345,3578835000020954,214022515347929,0,16486947468312,15111,1,2038,90,0.101786666644538,3578835,49831,3,268513280,0,32,-999.0,-999.0,-999.0,-999.0,139.58617387,35.93228099,0.03173999860882759,0.03173999860882759,,,,,55250.25476852,-999.0,-0.6164993984882372,0.5249386902788318,0.5868286488507413,130.76718884262468,19.244264648221566,188.01497315124598,44.308547558079276,-999,0,1,0,0,0,1,0,-999.0,-999.0,-999.0,-999.0,0,-999.0,-999.0,-999.0,-999.0,-999.0,0,-999.0,-999.0,-999.0,0,0,-999.0,-999.0,-999.0,-999.0,0,-999.0,-999.0,-999.0,-999.0,-999.0,0,-999.0,-999.0,-999.0,0,0,-999.0,-999.0,-999.0,-999.0,0,-999.0,-999.0,-999.0,-999.0,-999.0,0,-999.0,-999.0,-999.0,0,0,0.9979509711265564,18.342500686645508,0.027967000380158424,-999.0,1,18.342500686645508,18.342500686645508,19.14900016784668,0.08141899853944778,-999.0,1,18.988300323486328,0.027967000380158424,-999.0,1,24,-999.0,-999.0,-999.0,-999.0,0,-999.0,-999.0,-999.0,-999.0,-999.0,0,-999.0,-999.0,-999.0,0,0,0.02292643994317564
PSO J139.5862+35.9298,-999,-999,-999,151111395861996435,3578835000020953,214022515347928,0,16486947469098,15111,1,2038,90,0.00962902420165858,3578835,49831,3,268959744,0,32,-999.0,-999.0,-999.0,-999.0,139.58620304,35.92984691,0.24201999604701996,0.24201999604701996,,,,,55651.26361111,-999.0,-0.6165186464977684,0.5249545381841452,0.5867942495972762,130.76803955596833,19.241966779493897,188.01836650418798,44.30837751364746,-999,0,1,0,0,0,0,1,-999.0,-999.0,-999.0,-999.0,0,-999.0,-999.0,-999.0,-999.0,-999.0,0,-999.0,-999.0,-999.0,0,0,-999.0,-999.0,-999.0,-999.0,0,-999.0,-999.0,-999.0,-999.0,-999.0,0,-999.0,-999.0,-999.0,0,0,-999.0,-999.0,-999.0,-999.0,0,-999.0,-999.0,-999.0,-999.0,-999.0,0,-999.0,-999.0,-999.0,0,0,-999.0,-999.0,-999.0,-999.0,0,-999.0,-999.0,-999.0,-999.0,-999.0,0,-999.0,-999.0,-999.0,0,0,0.7623270153999329,20.073400497436523,0.2415580004453659,-999.0,1,20.073400497436523,20.073400497436523,19.958999633789062,0.21174800395965576,-999.0,1,19.705400466918945,0.2415580004453659,-999.0,1,4120,0.020648496900697727
PSO J139.5864+35.9277,-999,-999,-999,151111395864003786,3578835000020997,214022515347972,0,16486947471317,15111,1,2038,90,0.659492059293661,3578835,49831,3,436363264,7,52,139.5863327,35.92775172,0.0010000000474974513,0.0010000000474974513,139.58637377192824,35.92770202856052,0.04485246469217427,0.04485246469217427,-21.270514117735992,29.793877858432666,24.52278663232024,24.52278663232024,56367.57557997455,9.045225143432617,-0.6165369355027853,0.5249669417794013,0.5867639365192931,130.76890968026723,19.239975716309182,188.0213761126202,44.30834545887559,-999,4,6,0,2,4,0,0,-999.0,-999.0,-999.0,-999.0,0,-999.0,-999.0,-999.0,-999.0,-999.0,0,-999.0,-999.0,-999.0,0,114720,0.9990119934082031,22.013200759887695,0.10352999716997147,0.20531000196933746,2,21.807899475097656,22.014999389648438,21.906999588012695,0.14417700469493866,0.28704699873924255,2,23.02989959716797,0.46250998973846436,0.9232730269432068,2,115000,0.9985479712486267,21.703800201416016,0.15968500077724457,0.3560439944267273,3,21.473800659179688,22.150299072265625,21.556499481201172,0.15267400443553925,0.2987610101699829,3,21.636899948120117,0.1405850052833557,0.2835640013217926,3,115000,-999.0,-999.0,-999.0,-999.0,0,-999.0,-999.0,-999.0,-999.0,-999.0,0,-999.0,-999.0,-999.0,0,114720,-999.0,-999.0,-999.0,-999.0,0,-999.0,-999.0,-999.0,-999.0,-999.0,0,-999.0,-999.0,-999.0,0,16416,0.018624953546690647
PSO J139.5864+35.9309,-999,-999,-999,151111395864067714,3578835000021006,214022515347981,0,16486947469248,15111,1,2038,90,0.16193875778647,3578835,49831,3,268959744,0,32,-999.0,-999.0,-999.0,-999.0,139.58640662,35.93090657,0.2514300048351288,0.2514300048351288,,,,,55650.25525463,-999.0,-0.6165122487012773,0.5249453118319912,0.5868092252060356,130.76784489383033,19.243023318936213,188.01690869823474,44.30862612523828,-999,0,1,0,0,0,1,0,-999.0,-999.0,-999.0,-999.0,0,-999.0,-999.0,-999.0,-999.0,-999.0,0,-999.0,-999.0,-999.0,0,0,-999.0,-999.0,-999.0,-999.0,0,-999.0,-999.0,-999.0,-999.0,-999.0,0,-999.0,-999.0,-999.0,0,0,-999.0,-999.0,-999.0,-999.0,0,-999.0,-999.0,-999.0,-999.0,-999.0,0,-999.0,-999.0,-999.0,0,0,0.6918169856071472,21.4414005279541,0.2509770095348358,-999.0,1,21.4414005279541,21.4414005279541,21.2278995513916,0.2509840130805969,-999.0,1,20.95400047302246,0.2509770095348358,-999.0,1,4120,-999.0,-999.0,-999.0,-999.0,0,-999.0,-999.0,-999.0,-999.0,-999.0,0,-999.0,-999.0,-999.0,0,0,0.021572964443973032
PSO J139.5865+35.9248,-999,-999,-999,151111395865290390,3578835000021034,214022515348009,0,16486947462182,15111,1,2038,90,0.854407157613344,3578835,49831,3,277348352,0,33,-999.0,-999.0,-999.0,-999.0,139.58654504,35.9247807,0.17901000380516052,0.17901000380516052,,,,,55259.44689815,-999.0,-0.6165612824779453,0.5249844934407213,0.586722648783853,130.77003863434933,19.2372571301951,188.02545459868338,44.30825033057955,-999,0,1,0,0,1,0,0,-999.0,-999.0,-999.0,-999.0,0,-999.0,-999.0,-999.0,-999.0,-999.0,0,-999.0,-999.0,-999.0,0,0,-999.0,-999.0,-999.0,-999.0,0,-999.0,-999.0,-999.0,-999.0,-999.0,0,-999.0,-999.0,-999.0,0,0,0.8487269878387451,20.871999740600586,0.17838400602340698,-999.0,1,20.871999740600586,20.871999740600586,19.762399673461914,0.11727999895811081,-999.0,1,19.861900329589844,0.17838400602340698,-999.0,1,16781336,-999.0,-999.0,-999.0,-999.0,0,-999.0,-999.0,-999.0,-999.0,-999.0,0,-999.0,-999.0,-999.0,0,0,-999.0,-999.0,-999.0,-999.0,0,-999.0,-999.0,-999.0,-999.0,-999.0,0,-999.0,-999.0,-999.0,0,0,0.01594551466639772
PSO J139.5866+35.9290,-999,-999,-999,151111395866235440,3578835000021064,214022515348039,0,16486947470925,15111,1,2038,90,0.763793369535164,3578835,49831,3,277348352,0,33,-999.0,-999.0,-999.0,-999.0,139.58664339,35.92903045,0.16459999978542328,0.16459999978542328,,,,,55268.33615741,-999.0,-0.6165290475285282,0.5249552207386619,0.5867827108673096,130.76867466566696,19.241307847361664,188.01954349292353,44.30866799643963,-999,0,1,0,1,0,0,0,-999.0,-999.0,-999.0,-999.0,0,-999.0,-999.0,-999.0,-999.0,-999.0,0,-999.0,-999.0,-999.0,0,0,0.6435329914093018,21.402099609375,0.16391099989414215,-999.0,1,21.402099609375,21.402099609375,20.71820068359375,0.09648100286722183,-999.0,1,20.84269905090332,0.16391099989414215,-999.0,1,16781336,-999.0,-999.0,-999.0,-999.0,0,-999.0,-999.0,-999.0,-999.0,-999.0,0,-999.0,-999.0,-999.0,0,0,-999.0,-999.0,-999.0,-999.0,0,-999.0,-999.0,-999.0,-999.0,-999.0,0,-999.0,-999.0,-999.0,0,0,-999.0,-999.0,-999.0,-999.0,0,-999.0,-999.0,-999.0,-999.0,-999.0,0,-999.0,-999.0,-999.0,0,0,0.019757788000544015
PSO J139.5868+35.9253,-999,-999,-999,151111395867591005,3578835000021092,214022515348067,0,16486947460404,15111,1,2038,90,0.0930412235604983,3578835,49831,3,268959744,0,32,-999.0,-999.0,-999.0,-999.0,139.58677743,35.92534961,0.2227499932050705,0.2227499932050705,,,,,56232.65667824,-999.0,-0.6165589760840033,0.5249782158308827,0.586730689425113,130.77003413261247,19.23785634173775,188.02468304292,44.308483221278976,-999,0,1,0,0,0,0,1,-999.0,-999.0,-999.0,-999.0,0,-999.0,-999.0,-999.0,-999.0,-999.0,0,-999.0,-999.0,-999.0,0,0,-999.0,-999.0,-999.0,-999.0,0,-999.0,-999.0,-999.0,-999.0,-999.0,0,-999.0,-999.0,-999.0,0,0,-999.0,-999.0,-999.0,-999.0,0,-999.0,-999.0,-999.0,-999.0,-999.0,0,-999.0,-999.0,-999.0,0,0,-999.0,-999.0,-999.0,-999.0,0,-999.0,-999.0,-999.0,-999.0,-999.0,0,-999.0,-999.0,-999.0,0,0,0.5945199728012085,19.505399703979492,0.222244992852211,-999.0,1,19.505399703979492,19.505399703979492,-999.0,-999.0,-999.0,0,-999.0,-999.0,-999.0,0,4120,0.01636248151626978
PSO J139.5870+35.9293,-999,-999,-999,151111395870285805,3578835000021167,214022515348142,0,16486947468985,15111,1,2038,90,0.92437095374276,3578835,49831,3,277348352,0,33,-999.0,-999.0,-999.0,-999.0,139.58704635,35.92932705,0.1218700036406517,0.1218700036406517,,,,,55268.34509259,-999.0,-0.6165304267256804,0.5249489154525899,0.5867869026201932,130.76890122794592,19.241693442414732,188.01916659806147,44.30901685327747,-999,0,1,0,1,0,0,0,-999.0,-999.0,-999.0,-999.0,0,-999.0,-999.0,-999.0,-999.0,-999.0,0,-999.0,-999.0,-999.0,0,0,0.7141690254211426,21.09320068359375,0.1209459975361824,-999.0,1,21.09320068359375,21.09320068359375,20.778900146484375,0.10072500258684158,-999.0,1,20.630399703979492,0.1209459975361824,-999.0,1,16781336,-999.0,-999.0,-999.0,-999.0,0,-999.0,-999.0,-999.0,-999.0,-999.0,0,-999.0,-999.0,-999.0,0,0,-999.0,-999.0,-999.0,-999.0,0,-999.0,-999.0,-999.0,-999.0,-999.0,0,-999.0,-999.0,-999.0,0,0,-999.0,-999.0,-999.0,-999.0,0,-999.0,-999.0,-999.0,-999.0,-999.0,0,-999.0,-999.0,-999.0,0,0,0.019912704872158297
PSO J139.5873+35.9256,-999,-999,-999,151111395873011299,3578835000021238,214022515348213,0,16486947467793,15111,1,2038,90,0.701085133199659,3578835,49831,3,268513280,0,32,-999.0,-999.0,-999.0,-999.0,139.58732668,35.92557892,0.016990000382065773,0.016990000382065773,,,,,55249.33488426,-999.0,-0.6165622206835035,0.5249707830070334,0.5867339303422029,130.77040240859378,19.238216206541694,188.02441309741275,44.30894483905886,-999,0,1,1,0,0,0,0,0.9985380172729492,18.489500045776367,0.007961999624967575,-999.0,1,18.489500045776367,18.489500045776367,19.116899490356445,0.019368000328540802,-999.0,1,19.030799865722656,0.007961999624967575,-999.0,1,24,-999.0,-999.0,-999.0,-999.0,0,-999.0,-999.0,-999.0,-999.0,-999.0,0,-999.0,-999.0,-999.0,0,0,-999.0,-999.0,-999.0,-999.0,0,-999.0,-999.0,-999.0,-999.0,-999.0,0,-999.0,-999.0,-999.0,0,0,-999.0,-999.0,-999.0,-999.0,0,-999.0,-999.0,-999.0,-999.0,-999.0,0,-999.0,-999.0,-999.0,0,0,-999.0,-999.0,-999.0,-999.0,0,-999.0,-999.0,-999.0,-999.0,-999.0,0,-999.0,-999.0,-999.0,0,0,0.016373888621404754
PSO J139.5876+35.9265,-999,-999,-999,151111395875622345,3578835000021307,214022515348282,0,16486947467953,15111,1,2038,90,0.150016045337558,3578835,49831,3,277348352,0,33,-999.0,-999.0,-999.0,-999.0,139.58758168,35.92645237,0.09724999964237213,0.09724999964237213,,,,,55268.33615741,-999.0,-0.6165577467038343,0.5249622402833941,0.5867462750253556,130.77031279903645,19.23910973667105,188.0232193282213,44.30922020894115,-999,0,1,0,1,0,0,0,-999.0,-999.0,-999.0,-999.0,0,-999.0,-999.0,-999.0,-999.0,-999.0,0,-999.0,-999.0,-999.0,0,0,0.80594402551651,20.96809959411621,0.09608300030231476,-999.0,1,20.96809959411621,20.96809959411621,20.64109992980957,0.07343100011348724,-999.0,1,20.542499542236328,0.09608300030231476,-999.0,1,16781336,-999.0,-999.0,-999.0,-999.0,0,-999.0,-999.0,-999.0,-999.0,-999.0,0,-999.0,-999.0,-999.0,0,0,-999.0,-999.0,-999.0,-999.0,0,-999.0,-999.0,-999.0,-999.0,-999.0,0,-999.0,-999.0,-999.0,0,0,-999.0,-999.0,-999.0,-999.0,0,-999.0,-999.0,-999.0,-999.0,-999.0,0,-999.0,-999.0,-999.0,0,0,0.017086433952002492
PSO J139.5879+35.9256,-999,-999,-999,151111395879041334,3578835000021406,214022515348381,0,16486947467882,15111,1,2038,90,0.278805345556517,3578835,49831,3,268959744,0,32,-999.0,-999.0,-999.0,-999.0,139.58792174,35.92562638,0.2985000014305115,0.2985000014305115,,,,,56344.39150463,-999.0,-0.6165673028188688,0.5249640644420391,0.5867346011095305,130.77086968105525,19.238415732089937,188.02440059450868,44.309428955376276,-999,0,1,0,1,0,0,0,-999.0,-999.0,-999.0,-999.0,0,-999.0,-999.0,-999.0,-999.0,-999.0,0,-999.0,-999.0,-999.0,0,0,0.6994709968566895,21.51849937438965,0.2981190085411072,-999.0,1,21.51849937438965,21.51849937438965,-999.0,-999.0,-999.0,0,22.92970085144043,0.2981190085411072,-999.0,1,4120,-999.0,-999.0,-999.0,-999.0,0,-999.0,-999.0,-999.0,-999.0,-999.0,0,-999.0,-999.0,-999.0,0,0,-999.0,-999.0,-999.0,-999.0,0,-999.0,-999.0,-999.0,-999.0,-999.0,0,-999.0,-999.0,-999.0,0,0,-999.0,-999.0,-999.0,-999.0,0,-999.0,-999.0,-999.0,-999.0,-999.0,0,-999.0,-999.0,-999.0,0,0,0.01621894787707822
PSO J139.5883+35.9297,-999,-999,-999,151111395882436235,3578835000021498,214022515348473,0,16486947468830,15111,1,2038,90,0.972665208366388,3578835,49831,3,1375809536,0,164,139.58829508,35.92960579,0.0010000000474974513,0.0010000000474974513,139.58825272,35.92969437,0.1844799965620041,0.1844799965620041,,,,,57035.59429398,-999.0,-0.616538615144478,0.5249334954759795,0.5867920938144098,130.76975639012687,19.242354710062664,188.0187634936987,44.31001982208492,-999,1,1,0,0,1,0,0,-999.0,-999.0,-999.0,-999.0,0,-999.0,-999.0,-999.0,-999.0,-999.0,0,-999.0,-999.0,-999.0,0,16416,-999.0,-999.0,-999.0,-999.0,0,-999.0,-999.0,-999.0,-999.0,-999.0,0,-999.0,-999.0,-999.0,0,16416,0.9985010027885437,21.768999099731445,0.1838649958372116,-999.0,1,21.768999099731445,21.768999099731445,21.98310089111328,0.32846298813819885,-999.0,1,21.37849998474121,0.1838649958372116,-999.0,1,115000,-999.0,-999.0,-999.0,-999.0,0,-999.0,-999.0,-999.0,-999.0,-999.0,0,-999.0,-999.0,-999.0,0,16416,-999.0,-999.0,-999.0,-999.0,0,-999.0,-999.0,-999.0,-999.0,-999.0,0,-999.0,-999.0,-999.0,0,16416,0.01993095084447886
PSO J139.5886+35.9265,-999,-999,-999,151111395886232385,3578835000021587,214022515348562,0,16486947468268,15111,1,2038,90,0.246350633209898,3578835,49831,3,277348352,0,33,-999.0,-999.0,-999.0,-999.0,139.58864065,35.9264788,0.08377999812364578,0.08377999812364578,,,,,55268.34509259,-999.0,-0.6165672431364314,0.5249506691956805,0.5867466485649048,130.7711640680477,19.239409850039287,188.023277892015,44.310077114919395,-999,0,1,0,1,0,0,0,-999.0,-999.0,-999.0,-999.0,0,-999.0,-999.0,-999.0,-999.0,-999.0,0,-999.0,-999.0,-999.0,0,0,0.5603190064430237,20.343900680541992,0.08242599666118622,-999.0,1,20.343900680541992,20.343900680541992,20.125600814819336,0.05673300102353096,-999.0,1,19.75819969177246,0.08242599666118622,-999.0,1,16781336,-999.0,-999.0,-999.0,-999.0,0,-999.0,-999.0,-999.0,-999.0,-999.0,0,-999.0,-999.0,-999.0,0,0,-999.0,-999.0,-999.0,-999.0,0,-999.0,-999.0,-999.0,-999.0,-999.0,0,-999.0,-999.0,-999.0,0,0,-999.0,-999.0,-999.0,-999.0,0,-999.0,-999.0,-999.0,-999.0,-999.0,0,-999.0,-999.0,-999.0,0,0,0.01679159618003778
PSO J139.5893+35.9252,-999,-999,-999,151111395892530867,3578835000021759,214022515348734,0,16486947460171,15111,1,2038,90,0.347972408261124,3578835,49831,3,268959744,0,32,-999.0,-999.0,-999.0,-999.0,139.58927378,35.92522548,0.3024600148200989,0.3024600148200989,,,,,56678.54153935,-999.0,-0.6165828164163123,0.5249521761800242,0.5867289350492141,130.7721042215963,19.238387232769664,188.0250808693949,44.31048842332319,-999,0,1,0,1,0,0,0,-999.0,-999.0,-999.0,-999.0,0,-999.0,-999.0,-999.0,-999.0,-999.0,0,-999.0,-999.0,-999.0,0,0,0.6015250086784363,22.35689926147461,0.30209100246429443,-999.0,1,22.35689926147461,22.35689926147461,-999.0,-999.0,-999.0,0,24.055599212646484,0.30209100246429443,-999.0,1,4120,-999.0,-999.0,-999.0,-999.0,0,-999.0,-999.0,-999.0,-999.0,-999.0,0,-999.0,-999.0,-999.0,0,0,-999.0,-999.0,-999.0,-999.0,0,-999.0,-999.0,-999.0,-999.0,-999.0,0,-999.0,-999.0,-999.0,0,0,-999.0,-999.0,-999.0,-999.0,0,-999.0,-999.0,-999.0,-999.0,-999.0,0,-999.0,-999.0,-999.0,0,0,0.015438155089288176
PSO J139.5899+35.9298,-999,-999,-999,151111395899336333,3578835000021939,214022515348914,0,16486947466463,15111,1,2038,90,0.654357037185093,3578835,49831,3,268959744,0,32,-999.0,-999.0,-999.0,-999.0,139.58993842,35.92976609,0.15320999920368195,0.15320999920368195,,,,,56759.31069444,-999.0,-0.6165534996742151,0.524914879903051,0.5867931074031486,130.77110135686004,19.242860517557457,188.01881528801755,44.31138617653827,-999,0,1,0,0,1,0,0,-999.0,-999.0,-999.0,-999.0,0,-999.0,-999.0,-999.0,-999.0,-999.0,0,-999.0,-999.0,-999.0,0,0,-999.0,-999.0,-999.0,-999.0,0,-999.0,-999.0,-999.0,-999.0,-999.0,0,-999.0,-999.0,-999.0,0,0,0.813194990158081,16.540199279785156,0.15247699618339539,-999.0,1,16.540199279785156,16.540199279785156,16.16950035095215,0.18769800662994385,-999.0,1,16.597400665283203,0.15247699618339539,-999.0,1,4112,-999.0,-999.0,-999.0,-999.0,0,-999.0,-999.0,-999.0,-999.0,-999.0,0,-999.0,-999.0,-999.0,0,0,-999.0,-999.0,-999.0,-999.0,0,-999.0,-999.0,-999.0,-999.0,-999.0,0,-999.0,-999.0,-999.0,0,0,0.019619383711845347
PSO J139.5900+35.9284,-999,-999,-999,151111395899474733,3578835000021943,214022515348918,0,16486947465968,15111,1,2038,90,0.435724304463458,3578835,49831,3,268959744,0,32,-999.0,-999.0,-999.0,-999.0,139.58998276,35.9284401,0.23106999695301056,0.23106999695301056,,,,,56043.26700231,-999.0,-0.6165642459486447,0.5249232059585001,0.5867743675928845,130.77158792248412,19.24161612780815,188.02066650340475,44.31131650869067,-999,0,1,0,0,0,1,0,-999.0,-999.0,-999.0,-999.0,0,-999.0,-999.0,-999.0,-999.0,-999.0,0,-999.0,-999.0,-999.0,0,0,-999.0,-999.0,-999.0,-999.0,0,-999.0,-999.0,-999.0,-999.0,-999.0,0,-999.0,-999.0,-999.0,0,0,-999.0,-999.0,-999.0,-999.0,0,-999.0,-999.0,-999.0,-999.0,-999.0,0,-999.0,-999.0,-999.0,0,0,0.42644500732421875,20.904300689697266,0.23058299720287323,-999.0,1,20.904300689697266,20.904300689697266,-999.0,-999.0,-999.0,0,-999.0,-999.0,-999.0,0,4120,-999.0,-999.0,-999.0,-999.0,0,-999.0,-999.0,-999.0,-999.0,-999.0,0,-999.0,-999.0,-999.0,0,0,0.018327660255225878
PSO J139.5901+35.9255,-999,-999,-999,151111395900341224,3578835000021964,214022515348939,0,16486947467485,15111,1,2038,90,0.118480869679228,3578835,49831,3,268959744,0,32,-999.0,-999.0,-999.0,-999.0,139.59005603,35.92552911,0.32780998945236206,0.32780998945236206,,,,,56344.35071759,-999.0,-0.6165876159527243,0.5249417424225097,0.5867332263611422,130.77263652040006,19.238878021463417,188.0247283550346,44.311144033449864,-999,0,1,0,0,1,0,0,-999.0,-999.0,-999.0,-999.0,0,-999.0,-999.0,-999.0,-999.0,-999.0,0,-999.0,-999.0,-999.0,0,0,-999.0,-999.0,-999.0,-999.0,0,-999.0,-999.0,-999.0,-999.0,-999.0,0,-999.0,-999.0,-999.0,0,0,0.6813480257987976,21.93910026550293,0.3274640142917633,-999.0,1,21.93910026550293,21.93910026550293,-999.0,-999.0,-999.0,0,23.64189910888672,0.3274640142917633,-999.0,1,4120,-999.0,-999.0,-999.0,-999.0,0,-999.0,-999.0,-999.0,-999.0,-999.0,0,-999.0,-999.0,-999.0,0,0,-999.0,-999.0,-999.0,-999.0,0,-999.0,-999.0,-999.0,-999.0,-999.0,0,-999.0,-999.0,-999.0,0,0,0.015518416189590612
PSO J139.5905+35.9265,-999,-999,-999,151111395904882401,3578835000022053,214022515349028,0,16486947467367,15111,1,2038,90,0.569870847808077,3578835,49831,3,268959744,0,32,-999.0,-999.0,-999.0,-999.0,139.5905061,35.92651507,0.3019700050354004,0.3019700050354004,,,,,56344.39150463,-999.0,-0.6165840514644223,0.5249303537930284,0.5867471611745938,130.77266713236617,19.239928787670927,188.0233953612944,44.31158579665259,-999,0,1,0,1,0,0,0,-999.0,-999.0,-999.0,-999.0,0,-999.0,-999.0,-999.0,-999.0,-999.0,0,-999.0,-999.0,-999.0,0,0,0.45876801013946533,21.506500244140625,0.30160099267959595,-999.0,1,21.506500244140625,21.506500244140625,-999.0,-999.0,-999.0,0,22.136499404907227,0.30160099267959595,-999.0,1,4120,-999.0,-999.0,-999.0,-999.0,0,-999.0,-999.0,-999.0,-999.0,-999.0,0,-999.0,-999.0,-999.0,0,0,-999.0,-999.0,-999.0,-999.0,0,-999.0,-999.0,-999.0,-999.0,-999.0,0,-999.0,-999.0,-999.0,0,0,-999.0,-999.0,-999.0,-999.0,0,-999.0,-999.0,-999.0,-999.0,-999.0,0,-999.0,-999.0,-999.0,0,0,0.016359067271286745
PSO J139.5906+35.9294,-999,-999,-999,151111395905915914,3578835000022081,214022515349056,0,16486947466468,15111,1,2038,90,0.244034285884382,3578835,49831,3,268959744,0,32,-999.0,-999.0,-999.0,-999.0,139.59058556,35.92940058,0.34793001413345337,0.34793001413345337,,,,,55651.25465278,-999.0,-0.6165622787045,0.5249103426721597,0.5867879417937202,130.7717512399624,19.242682430789028,188.01938271447602,44.31187946581317,-999,0,1,0,0,0,0,1,-999.0,-999.0,-999.0,-999.0,0,-999.0,-999.0,-999.0,-999.0,-999.0,0,-999.0,-999.0,-999.0,0,0,-999.0,-999.0,-999.0,-999.0,0,-999.0,-999.0,-999.0,-999.0,-999.0,0,-999.0,-999.0,-999.0,0,0,-999.0,-999.0,-999.0,-999.0,0,-999.0,-999.0,-999.0,-999.0,-999.0,0,-999.0,-999.0,-999.0,0,0,-999.0,-999.0,-999.0,-999.0,0,-999.0,-999.0,-999.0,-999.0,-999.0,0,-999.0,-999.0,-999.0,0,0,0.6810470223426819,20.643699645996094,0.34760499000549316,-999.0,1,20.643699645996094,20.643699645996094,-999.0,-999.0,-999.0,1,20.662799835205078,0.34760499000549316,-999.0,1,4120,0.019140717029152033
PSO J139.5909+35.9312,-999,-999,-999,151111395908367976,3578835000022153,214022515349128,0,16486947466871,15111,1,2038,90,0.669864429784812,3578835,49831,3,268959744,0,32,-999.0,-999.0,-999.0,-999.0,139.59085385,35.93116095,0.20782999694347382,0.20782999694347382,,,,,56344.39150463,-999.0,-0.6165510087023757,0.5248957684392485,0.5868128201928227,130.77137101990272,19.24441944934601,188.01695446205065,44.31223597884713,-999,0,1,0,1,0,0,0,-999.0,-999.0,-999.0,-999.0,0,-999.0,-999.0,-999.0,-999.0,-999.0,0,-999.0,-999.0,-999.0,0,0,0.6303060054779053,21.082700729370117,0.20728799700737,-999.0,1,21.082700729370117,21.082700729370117,-999.0,-999.0,-999.0,0,21.923999786376953,0.20728799700737,-999.0,1,4120,-999.0,-999.0,-999.0,-999.0,0,-999.0,-999.0,-999.0,-999.0,-999.0,0,-999.0,-999.0,-999.0,0,0,-999.0,-999.0,-999.0,-999.0,0,-999.0,-999.0,-999.0,-999.0,-999.0,0,-999.0,-999.0,-999.0,0,0,-999.0,-999.0,-999.0,-999.0,0,-999.0,-999.0,-999.0,-999.0,-999.0,0,-999.0,-999.0,-999.0,0,0,0.02081601394266603
PSO J139.5910+35.9267,-999,-999,-999,151111395909782662,3578835000022185,214022515349160,0,16486947465395,15111,1,2038,90,0.957375326154172,3578835,49831,3,268959744,0,32,-999.0,-999.0,-999.0,-999.0,139.59100085,35.92672993,0.2897700071334839,0.2897700071334839,,,,,56344.37971065,-999.0,-0.6165869088227592,0.5249236032282536,0.5867501978203853,130.772996034776,19.240260814432304,188.02314058927448,44.3120022553697,-999,0,1,0,1,0,0,0,-999.0,-999.0,-999.0,-999.0,0,-999.0,-999.0,-999.0,-999.0,-999.0,0,-999.0,-999.0,-999.0,0,0,0.562995970249176,21.87529945373535,0.2893829941749573,-999.0,1,21.87529945373535,21.87529945373535,-999.0,-999.0,-999.0,0,23.286699295043945,0.2893829941749573,-999.0,1,4120,-999.0,-999.0,-999.0,-999.0,0,-999.0,-999.0,-999.0,-999.0,-999.0,0,-999.0,-999.0,-999.0,0,0,-999.0,-999.0,-999.0,-999.0,0,-999.0,-999.0,-999.0,-999.0,-999.0,0,-999.0,-999.0,-999.0,0,0,-999.0,-999.0,-999.0,-999.0,0,-999.0,-999.0,-999.0,-999.0,-999.0,0,-999.0,-999.0,-999.0,0,0,0.016465109153731314
PSO J139.5914+35.9319,-999,-999,-999,151111395913308918,3578835000022263,214022515349238,0,16486947466777,15111,1,2038,90,0.667477154794593,3578835,49831,3,268959744,0,32,-999.0,-999.0,-999.0,-999.0,139.59135028,35.93192476,0.21762000024318695,0.21762000024318695,,,,,56331.37092593,-999.0,-0.6165495999014007,0.5248853553540427,0.5868236145523483,130.77151473525007,19.24527184260951,188.01593502993168,44.3126973834201,-999,0,1,1,0,0,0,0,0.5764319896697998,21.686500549316406,0.21709899604320526,-999.0,1,21.686500549316406,21.686500549316406,-999.0,-999.0,-999.0,0,22.718399047851562,0.21709899604320526,-999.0,1,4120,-999.0,-999.0,-999.0,-999.0,0,-999.0,-999.0,-999.0,-999.0,-999.0,0,-999.0,-999.0,-999.0,0,0,-999.0,-999.0,-999.0,-999.0,0,-999.0,-999.0,-999.0,-999.0,-999.0,0,-999.0,-999.0,-999.0,0,0,-999.0,-999.0,-999.0,-999.0,0,-999.0,-999.0,-999.0,-999.0,-999.0,0,-999.0,-999.0,-999.0,0,0,-999.0,-999.0,-999.0,-999.0,0,-999.0,-999.0,-999.0,-999.0,-999.0,0,-999.0,-999.0,-999.0,0,0,0.021492923755549696
PSO J139.5917+35.9259,-999,-999,-999,151111395916561680,3578835000022334,214022515349309,0,16486947465242,15111,1,2038,90,0.0581189208273952,3578835,49831,3,277348352,0,33,-999.0,-999.0,-999.0,-999.0,139.59167581,35.92589815,0.1182200014591217,0.1182200014591217,,,,,55268.33615741,-999.0,-0.6165995784618665,0.5249218612197151,0.5867384421139274,130.77382695662178,19.23964833534113,188.02436012515696,44.31248090475522,-999,0,1,0,1,0,0,0,-999.0,-999.0,-999.0,-999.0,0,-999.0,-999.0,-999.0,-999.0,-999.0,0,-999.0,-999.0,-999.0,0,0,0.6887339949607849,20.993099212646484,0.11726099997758865,-999.0,1,20.993099212646484,20.993099212646484,20.054399490356445,0.07267600297927856,-999.0,1,20.457500457763672,0.11726099997758865,-999.0,1,16781336,-999.0,-999.0,-999.0,-999.0,0,-999.0,-999.0,-999.0,-999.0,-999.0,0,-999.0,-999.0,-999.0,0,0,-999.0,-999.0,-999.0,-999.0,0,-999.0,-999.0,-999.0,-999.0,-999.0,0,-999.0,-999.0,-999.0,0,0,-999.0,-999.0,-999.0,-999.0,0,-999.0,-999.0,-999.0,-999.0,-999.0,0,-999.0,-999.0,-999.0,0,0,0.015529634090953967
PSO J139.5922+35.9263,-999,-999,-999,151111395921542192,3578835000022454,214022515349429,0,16486947465313,15111,1,2038,90,0.413828099531893,3578835,49831,3,277348352,0,33,-999.0,-999.0,-999.0,-999.0,139.59217206,35.92631822,0.13529999554157257,0.13529999554157257,,,,,55268.34509259,-999.0,-0.6166008493190265,0.5249137322087387,0.5867443790593546,130.77408735122214,19.240175118064364,188.02381960140642,44.312914903942406,-999,0,1,0,1,0,0,0,-999.0,-999.0,-999.0,-999.0,0,-999.0,-999.0,-999.0,-999.0,-999.0,0,-999.0,-999.0,-999.0,0,0,0.7414799928665161,21.121299743652344,0.1344660073518753,-999.0,1,21.121299743652344,21.121299743652344,19.503599166870117,0.053408000618219376,-999.0,1,19.790599822998047,0.1344660073518753,-999.0,1,16781336,-999.0,-999.0,-999.0,-999.0,0,-999.0,-999.0,-999.0,-999.0,-999.0,0,-999.0,-999.0,-999.0,0,0,-999.0,-999.0,-999.0,-999.0,0,-999.0,-999.0,-999.0,-999.0,-999.0,0,-999.0,-999.0,-999.0,0,0,-999.0,-999.0,-999.0,-999.0,0,-999.0,-999.0,-999.0,-999.0,-999.0,0,-999.0,-999.0,-999.0,0,0,0.015858256965734153
PSO J139.5926+35.9322,-999,-999,-999,151111395926089281,3578835000022594,214022515349569,0,16486947463466,15111,1,2038,90,0.371420120234992,3578835,49831,3,268959744,0,32,-999.0,-999.0,-999.0,-999.0,139.59262834,35.93224289,0.2828400135040283,0.2828400135040283,,,,,56344.36663194,-999.0,-0.6165588269775805,0.5248694901600545,0.5868281104166316,130.77244481317138,19.245905156533933,188.01560675490262,44.31375425248869,-999,0,1,0,0,1,0,0,-999.0,-999.0,-999.0,-999.0,0,-999.0,-999.0,-999.0,-999.0,-999.0,0,-999.0,-999.0,-999.0,0,0,-999.0,-999.0,-999.0,-999.0,0,-999.0,-999.0,-999.0,-999.0,-999.0,0,-999.0,-999.0,-999.0,0,0,0.6698570251464844,21.684600830078125,0.28244298696517944,-999.0,1,21.684600830078125,21.684600830078125,-999.0,-999.0,-999.0,0,23.217899322509766,0.28244298696517944,-999.0,1,4120,-999.0,-999.0,-999.0,-999.0,0,-999.0,-999.0,-999.0,-999.0,-999.0,0,-999.0,-999.0,-999.0,0,0,-999.0,-999.0,-999.0,-999.0,0,-999.0,-999.0,-999.0,-999.0,-999.0,0,-999.0,-999.0,-999.0,0,0,0.021655575802749006
PSO J139.5927+35.9318,-999,-999,-999,151111395926698745,3578835000022606,214022515349581,0,16486947463663,15111,1,2038,90,0.953970295334207,3578835,49831,3,268959744,0,32,-999.0,-999.0,-999.0,-999.0,139.59269206,35.93179904,0.20383000373840332,0.20383000373840332,,,,,56344.37971065,-999.0,-0.6165628722165719,0.5248717512153935,0.5868218378521178,130.77264739802374,19.245501320833554,188.01623083693485,44.31377041705731,-999,0,1,0,1,0,0,0,-999.0,-999.0,-999.0,-999.0,0,-999.0,-999.0,-999.0,-999.0,-999.0,0,-999.0,-999.0,-999.0,0,0,0.6821039915084839,21.40920066833496,0.20327800512313843,-999.0,1,21.40920066833496,21.40920066833496,-999.0,-999.0,-999.0,0,22.149700164794922,0.20327800512313843,-999.0,1,4120,-999.0,-999.0,-999.0,-999.0,0,-999.0,-999.0,-999.0,-999.0,-999.0,0,-999.0,-999.0,-999.0,0,0,-999.0,-999.0,-999.0,-999.0,0,-999.0,-999.0,-999.0,-999.0,-999.0,0,-999.0,-999.0,-999.0,0,0,-999.0,-999.0,-999.0,-999.0,0,-999.0,-999.0,-999.0,-999.0,-999.0,0,-999.0,-999.0,-999.0,0,0,0.02120874806041565
PSO J139.5930+35.9315,-999,-999,-999,151111395930128432,3578835000022695,214022515349670,0,16486947463536,15111,1,2038,90,0.339705035406821,3578835,49831,3,268959744,0,32,-999.0,-999.0,-999.0,-999.0,139.59302992,35.93154089,0.2410999983549118,0.2410999983549118,,,,,56344.39150463,-999.0,-0.6165679805197254,0.5248698293233652,0.5868181896157353,130.77300956750446,19.2453445834258,188.01662086216004,44.314022610078,-999,0,1,0,1,0,0,0,-999.0,-999.0,-999.0,-999.0,0,-999.0,-999.0,-999.0,-999.0,-999.0,0,-999.0,-999.0,-999.0,0,0,0.2774769961833954,21.332799911499023,0.2406339943408966,-999.0,1,21.332799911499023,21.332799911499023,-999.0,-999.0,-999.0,0,22.540800094604492,0.2406339943408966,-999.0,1,4120,-999.0,-999.0,-999.0,-999.0,0,-999.0,-999.0,-999.0,-999.0,-999.0,0,-999.0,-999.0,-999.0,0,0,-999.0,-999.0,-999.0,-999.0,0,-999.0,-999.0,-999.0,-999.0,-999.0,0,-999.0,-999.0,-999.0,0,0,-999.0,-999.0,-999.0,-999.0,0,-999.0,-999.0,-999.0,-999.0,-999.0,0,-999.0,-999.0,-999.0,0,0,0.020920404049116006
PSO J139.5931+35.9323,-999,-999,-999,151111395931089379,3578835000022729,214022515349704,0,16486947463634,15111,1,2038,90,0.830991757876232,3578835,49831,3,268959744,0,32,-999.0,-999.0,-999.0,-999.0,139.59313035,35.93232365,0.2090499997138977,0.2090499997138977,,,,,56344.35071759,-999.0,-0.6165627958740993,0.5248635518507487,0.5868292517270505,130.77282515673994,19.246112055674626,188.0155393787759,44.31416586705446,-999,0,1,0,0,1,0,0,-999.0,-999.0,-999.0,-999.0,0,-999.0,-999.0,-999.0,-999.0,-999.0,0,-999.0,-999.0,-999.0,0,0,-999.0,-999.0,-999.0,-999.0,0,-999.0,-999.0,-999.0,-999.0,-999.0,0,-999.0,-999.0,-999.0,0,0,0.6138579845428467,21.325899124145508,0.20850999653339386,-999.0,1,21.325899124145508,21.325899124145508,-999.0,-999.0,-999.0,0,22.921100616455078,0.20850999653339386,-999.0,1,4120,-999.0,-999.0,-999.0,-999.0,0,-999.0,-999.0,-999.0,-999.0,-999.0,0,-999.0,-999.0,-999.0,0,0,-999.0,-999.0,-999.0,-999.0,0,-999.0,-999.0,-999.0,-999.0,-999.0,0,-999.0,-999.0,-999.0,0,0,0.021689930145730615
PSO J139.5933+35.9267,-999,-999,-999,151111395933072656,3578835000022770,214022515349745,0,16486947473276,15111,1,2038,90,0.388379317138697,3578835,49831,3,268959744,0,32,-999.0,-999.0,-999.0,-999.0,139.59332388,35.92671104,0.18086999654769897,0.18086999654769897,,,,,57033.58118056,-999.0,-0.6166083383954578,0.5248987289693967,0.5867499308457603,130.77488954892547,19.240846396860015,188.0233760445129,44.313875906431065,-999,0,1,0,0,1,0,0,-999.0,-999.0,-999.0,-999.0,0,-999.0,-999.0,-999.0,-999.0,-999.0,0,-999.0,-999.0,-999.0,0,0,-999.0,-999.0,-999.0,-999.0,0,-999.0,-999.0,-999.0,-999.0,-999.0,0,-999.0,-999.0,-999.0,0,0,0.8424379825592041,21.56559944152832,0.18025100231170654,-999.0,1,21.56559944152832,21.56559944152832,-999.0,-999.0,-999.0,0,21.172700881958008,0.18025100231170654,-999.0,1,4120,-999.0,-999.0,-999.0,-999.0,0,-999.0,-999.0,-999.0,-999.0,-999.0,0,-999.0,-999.0,-999.0,0,0,-999.0,-999.0,-999.0,-999.0,0,-999.0,-999.0,-999.0,-999.0,-999.0,0,-999.0,-999.0,-999.0,0,0,0.01609681094443256
PSO J139.5938+35.9286,-999,-999,-999,151111395937734981,3578835000022889,214022515349864,0,16486947465484,15111,1,2038,90,0.696333608307255,3578835,49831,3,444674048,0,53,139.59361046,35.92879976,0.0010000000474974513,0.0010000000474974513,139.59379308,35.92864789,0.16752000153064728,0.16752000153064728,,,,,57033.55729167,-999.0,-0.6165975329448921,0.5248808222711419,0.586777304246034,130.7746125591949,19.242802758440586,188.02071993235015,44.31440866577404,-999,3,1,0,0,1,0,0,-999.0,-999.0,-999.0,-999.0,0,-999.0,-999.0,-999.0,-999.0,-999.0,0,-999.0,-999.0,-999.0,0,114720,-999.0,-999.0,-999.0,-999.0,0,-999.0,-999.0,-999.0,-999.0,-999.0,0,-999.0,-999.0,-999.0,0,114720,0.9984740018844604,21.537099838256836,0.16684900224208832,-999.0,1,21.537099838256836,21.537099838256836,20.71649932861328,0.19352099299430847,-999.0,1,20.78730010986328,0.16684900224208832,-999.0,1,16892216,-999.0,-999.0,-999.0,-999.0,0,-999.0,-999.0,-999.0,-999.0,-999.0,0,-999.0,-999.0,-999.0,0,16416,-999.0,-999.0,-999.0,-999.0,0,-999.0,-999.0,-999.0,-999.0,-999.0,0,-999.0,-999.0,-999.0,0,16416,0.017979038270475745
PSO J139.5941+35.9284,-999,-999,-999,151111395940584655,3578835000022960,214022515349935,0,16486947472901,15111,1,2038,90,0.653771108625244,3578835,49831,3,277348352,0,33,-999.0,-999.0,-999.0,-999.0,139.59408168,35.92838325,0.19072000682353973,0.19072000682353973,,,,,55275.32935185,-999.0,-0.6166022405283929,0.5248794732118861,0.5867735641422327,130.77493692352667,19.242627080613897,188.02111458774962,44.31462057947698,-999,0,1,1,0,0,0,0,0.841543972492218,21.83289909362793,0.19012600183486938,-999.0,1,21.83289909362793,21.83289909362793,21.445499420166016,0.16802600026130676,-999.0,1,21.19890022277832,0.19012600183486938,-999.0,1,16781336,-999.0,-999.0,-999.0,-999.0,0,-999.0,-999.0,-999.0,-999.0,-999.0,0,-999.0,-999.0,-999.0,0,0,-999.0,-999.0,-999.0,-999.0,0,-999.0,-999.0,-999.0,-999.0,-999.0,0,-999.0,-999.0,-999.0,0,0,-999.0,-999.0,-999.0,-999.0,0,-999.0,-999.0,-999.0,-999.0,-999.0,0,-999.0,-999.0,-999.0,0,0,-999.0,-999.0,-999.0,-999.0,0,-999.0,-999.0,-999.0,-999.0,-999.0,0,-999.0,-999.0,-999.0,0,0,0.017694629443136645
PSO J139.5939+35.9303,-999,-999,-999,151111395941266840,3578835000022980,214022515349955,0,16486947463848,15111,1,2038,90,0.960926654712229,3578835,49831,3,268959744,0,32,-999.0,-999.0,-999.0,-999.0,139.59392835,35.93026125,0.19298000633716583,0.19298000633716583,,,,,56241.398125,-999.0,-0.6165861903320322,0.5248686562849639,0.5868001052670725,130.7741742116371,19.244365976877106,188.01848441453203,44.31464609891305,-999,0,2,0,0,2,0,0,-999.0,-999.0,-999.0,-999.0,0,-999.0,-999.0,-999.0,-999.0,-999.0,0,-999.0,-999.0,-999.0,0,0,-999.0,-999.0,-999.0,-999.0,0,-999.0,-999.0,-999.0,-999.0,-999.0,0,-999.0,-999.0,-999.0,0,0,0.7885569930076599,20.478700637817383,0.13938599824905396,0.2073580026626587,2,20.38479995727539,20.66360092163086,19.803800582885742,0.22120800614356995,-999.0,1,20.284900665283203,0.19436900317668915,0.29013800621032715,2,4112,-999.0,-999.0,-999.0,-999.0,0,-999.0,-999.0,-999.0,-999.0,-999.0,0,-999.0,-999.0,-999.0,0,0,-999.0,-999.0,-999.0,-999.0,0,-999.0,-999.0,-999.0,-999.0,-999.0,0,-999.0,-999.0,-999.0,0,0,0.019576474210234566
PSO J139.5943+35.9295,-999,-999,-999,151111395942665952,3578835000023018,214022515349993,0,16486947463741,15111,1,2038,90,0.137211095669503,3578835,49831,3,310456320,0,37,-999.0,-999.0,-999.0,-999.0,139.59430027,35.92947074,0.14856000244617462,0.14856000244617462,,,,,55250.32818287,-999.0,-0.6165957622576207,0.5248699016674891,0.5867889333393259,130.77474495386994,19.24371387172522,188.01961918867775,44.31488347272897,-999,0,1,1,0,0,0,0,0.3552919924259186,21.298900604248047,0.14780500531196594,-999.0,1,21.298900604248047,21.298900604248047,20.6023006439209,0.16141299903392792,-999.0,1,20.594900131225586,0.14780500531196594,-999.0,1,16777752,-999.0,-999.0,-999.0,-999.0,0,-999.0,-999.0,-999.0,-999.0,-999.0,0,-999.0,-999.0,-999.0,0,0,-999.0,-999.0,-999.0,-999.0,0,-999.0,-999.0,-999.0,-999.0,-999.0,0,-999.0,-999.0,-999.0,0,0,-999.0,-999.0,-999.0,-999.0,0,-999.0,-999.0,-999.0,-999.0,-999.0,0,-999.0,-999.0,-999.0,0,0,-999.0,-999.0,-999.0,-999.0,0,-999.0,-999.0,-999.0,-999.0,-999.0,0,-999.0,-999.0,-999.0,0,0,0.01876551290334733
PSO J139.5947+35.9326,-999,-999,-999,151111395947099768,3578835000023124,214022515350099,0,16486947590287,15111,1,2038,90,0.470445902524931,3578835,49831,3,268959744,0,32,-999.0,-999.0,-999.0,-999.0,139.59473135,35.93264819,0.2592200040817261,0.2592200040817261,,,,,56344.35071759,-999.0,-0.6165749306055854,0.5248441686298942,0.5868338381551568,130.7740153746644,19.246835341334336,188.01523115866505,44.31548389538458,-999,0,1,0,0,1,0,0,-999.0,-999.0,-999.0,-999.0,0,-999.0,-999.0,-999.0,-999.0,-999.0,0,-999.0,-999.0,-999.0,0,0,-999.0,-999.0,-999.0,-999.0,0,-999.0,-999.0,-999.0,-999.0,-999.0,0,-999.0,-999.0,-999.0,0,0,0.551846981048584,21.434999465942383,0.25878700613975525,-999.0,1,21.434999465942383,21.434999465942383,-999.0,-999.0,-999.0,0,23.62660026550293,0.25878700613975525,-999.0,1,4120,-999.0,-999.0,-999.0,-999.0,0,-999.0,-999.0,-999.0,-999.0,-999.0,0,-999.0,-999.0,-999.0,0,0,-999.0,-999.0,-999.0,-999.0,0,-999.0,-999.0,-999.0,-999.0,-999.0,0,-999.0,-999.0,-999.0,0,0,0.021918631112052344
PSO J139.5949+35.9318,-999,-999,-999,151111395949158688,3578835000023164,214022515350139,0,16486947463250,15111,1,2038,90,0.793426381231683,3578835,49831,3,268959744,0,32,-999.0,-999.0,-999.0,-999.0,139.59488725,35.93175931,0.1839900016784668,0.1839900016784668,,,,,55899.53297454,-999.0,-0.6165832911859457,0.5248483920323874,0.5868212763792094,130.77444407575967,19.246033950298774,188.0164835612361,44.31553912246035,-999,0,2,0,2,0,0,0,-999.0,-999.0,-999.0,-999.0,0,-999.0,-999.0,-999.0,-999.0,-999.0,0,-999.0,-999.0,-999.0,0,0,0.7648659944534302,21.524200439453125,0.1301800012588501,0.18754099309444427,2,21.419300079345703,21.67970085144043,-999.0,-999.0,-999.0,1,22.549800872802734,0.03945000097155571,0.13980500400066376,2,4120,-999.0,-999.0,-999.0,-999.0,0,-999.0,-999.0,-999.0,-999.0,-999.0,0,-999.0,-999.0,-999.0,0,0,-999.0,-999.0,-999.0,-999.0,0,-999.0,-999.0,-999.0,-999.0,-999.0,0,-999.0,-999.0,-999.0,0,0,-999.0,-999.0,-999.0,-999.0,0,-999.0,-999.0,-999.0,-999.0,-999.0,0,-999.0,-999.0,-999.0,0,0,0.021025312163231346
PSO J139.5950+35.9271,-999,-999,-999,151111395949873124,3578835000023183,214022515350158,0,16486947473036,15111,1,2038,90,0.0046485560058137,3578835,49831,3,310456320,0,37,-999.0,-999.0,-999.0,-999.0,139.59502399,35.92709707,0.15741999447345734,0.15741999447345734,,,,,55275.32935185,-999.0,-0.6166209028672271,0.5248778699800369,0.5867553866411667,130.7761394449667,19.241653688344496,188.02299126111376,44.315278938451144,-999,0,1,1,0,0,0,0,0.9998319745063782,21.712799072265625,0.156700000166893,-999.0,1,21.712799072265625,21.712799072265625,20.3257999420166,0.11915799975395203,-999.0,1,20.53809928894043,0.156700000166893,-999.0,1,16778264,-999.0,-999.0,-999.0,-999.0,0,-999.0,-999.0,-999.0,-999.0,-999.0,0,-999.0,-999.0,-999.0,0,0,-999.0,-999.0,-999.0,-999.0,0,-999.0,-999.0,-999.0,-999.0,-999.0,0,-999.0,-999.0,-999.0,0,0,-999.0,-999.0,-999.0,-999.0,0,-999.0,-999.0,-999.0,-999.0,-999.0,0,-999.0,-999.0,-999.0,0,0,-999.0,-999.0,-999.0,-999.0,0,-999.0,-999.0,-999.0,-999.0,-999.0,0,-999.0,-999.0,-999.0,0,0,0.016362456888654887
PSO J139.5951+35.9249,-999,-999,-999,151111395950580538,3578835000023204,214022515350179,0,16486947486306,15111,1,2038,90,0.84742208183503,3578835,49831,3,268959744,0,32,-999.0,-999.0,-999.0,-999.0,139.59506853,35.92493643,0.25578001141548157,0.25578001141548157,,,,,55521.60189815,-999.0,-0.616638159556444,0.5248917324763441,0.5867248497863573,130.77690981368963,19.239618830786778,188.02600543518423,44.3151430395895,-999,0,1,0,0,0,0,1,-999.0,-999.0,-999.0,-999.0,0,-999.0,-999.0,-999.0,-999.0,-999.0,0,-999.0,-999.0,-999.0,0,0,-999.0,-999.0,-999.0,-999.0,0,-999.0,-999.0,-999.0,-999.0,-999.0,0,-999.0,-999.0,-999.0,0,0,-999.0,-999.0,-999.0,-999.0,0,-999.0,-999.0,-999.0,-999.0,-999.0,0,-999.0,-999.0,-999.0,0,0,-999.0,-999.0,-999.0,-999.0,0,-999.0,-999.0,-999.0,-999.0,-999.0,0,-999.0,-999.0,-999.0,0,0,0.5767660140991211,20.270000457763672,0.25533801317214966,-999.0,1,20.270000457763672,20.270000457763672,-999.0,-999.0,-999.0,0,20.46540069580078,0.25533801317214966,-999.0,1,4120,0.014202402189402653
PSO J139.5951+35.9326,-999,-999,-999,151111395950819725,3578835000023217,214022515350192,0,16486947590329,15111,1,2038,90,0.0656131134048226,3578835,49831,3,268959744,0,32,-999.0,-999.0,-999.0,-999.0,139.59510121,35.93261292,0.200080007314682,0.200080007314682,,,,,56344.36663194,-999.0,-0.6165785936853789,0.5248404226097731,0.5868333397172958,130.77432779961458,19.246898018081648,188.0153135415951,44.315779626303204,-999,0,1,0,0,1,0,0,-999.0,-999.0,-999.0,-999.0,0,-999.0,-999.0,-999.0,-999.0,-999.0,0,-999.0,-999.0,-999.0,0,0,-999.0,-999.0,-999.0,-999.0,0,-999.0,-999.0,-999.0,-999.0,-999.0,0,-999.0,-999.0,-999.0,0,0,0.7384859919548035,21.39539909362793,0.1995140016078949,-999.0,1,21.39539909362793,21.39539909362793,-999.0,-999.0,-999.0,0,22.745800018310547,0.1995140016078949,-999.0,1,4120,-999.0,-999.0,-999.0,-999.0,0,-999.0,-999.0,-999.0,-999.0,-999.0,0,-999.0,-999.0,-999.0,0,0,-999.0,-999.0,-999.0,-999.0,0,-999.0,-999.0,-999.0,-999.0,-999.0,0,-999.0,-999.0,-999.0,0,0,0.02187248772559649
PSO J139.5953+35.9276,-999,-999,-999,151111395952833778,3578835000023258,214022515350233,0,16486947475050,15111,1,2038,90,0.664676693887149,3578835,49831,3,268959744,0,32,-999.0,-999.0,-999.0,-999.0,139.59529323,35.92763494,0.3064799904823303,0.3064799904823303,,,,,55521.60189815,-999.0,-0.6166191748676428,0.5248714020370695,0.5867629883600263,130.7761753869705,19.24223307199284,188.0222661348217,44.31553903634773,-999,0,1,0,0,0,0,1,-999.0,-999.0,-999.0,-999.0,0,-999.0,-999.0,-999.0,-999.0,-999.0,0,-999.0,-999.0,-999.0,0,0,-999.0,-999.0,-999.0,-999.0,0,-999.0,-999.0,-999.0,-999.0,-999.0,0,-999.0,-999.0,-999.0,0,0,-999.0,-999.0,-999.0,-999.0,0,-999.0,-999.0,-999.0,-999.0,-999.0,0,-999.0,-999.0,-999.0,0,0,-999.0,-999.0,-999.0,-999.0,0,-999.0,-999.0,-999.0,-999.0,-999.0,0,-999.0,-999.0,-999.0,0,0,0.5926560163497925,20.418699264526367,0.3061090111732483,-999.0,1,20.418699264526367,20.418699264526367,-999.0,-999.0,-999.0,0,20.600200653076172,0.3061090111732483,-999.0,1,4120,0.016892088760514436
PSO J139.5954+35.9305,-999,-999,-999,151111395953557176,3578835000023275,214022515350250,0,16486947463747,15111,1,2038,90,0.617688482271217,3578835,49831,3,268513280,0,32,-999.0,-999.0,-999.0,-999.0,139.59538049,35.9304835,0.018780000507831573,0.018780000507831573,,,,,55250.30591435,-999.0,-0.6165977594380456,0.5248515535806224,0.5868032462077806,130.77527828910243,19.244953719502472,188.0183053721733,44.3158358842217,-999,0,1,0,1,0,0,0,-999.0,-999.0,-999.0,-999.0,0,-999.0,-999.0,-999.0,-999.0,-999.0,0,-999.0,-999.0,-999.0,0,0,0.9990289807319641,18.156600952148438,0.01129200030118227,-999.0,1,18.156600952148438,18.156600952148438,18.779399871826172,0.026055000722408295,-999.0,1,18.66200065612793,0.01129200030118227,-999.0,1,24,-999.0,-999.0,-999.0,-999.0,0,-999.0,-999.0,-999.0,-999.0,-999.0,0,-999.0,-999.0,-999.0,0,0,-999.0,-999.0,-999.0,-999.0,0,-999.0,-999.0,-999.0,-999.0,-999.0,0,-999.0,-999.0,-999.0,0,0,-999.0,-999.0,-999.0,-999.0,0,-999.0,-999.0,-999.0,-999.0,-999.0,0,-999.0,-999.0,-999.0,0,0,0.019737984279909415
PSO J139.5955+35.9290,-999,-999,-999,151111395954905393,3578835000023302,214022515350277,0,16486947471853,15111,1,2038,90,0.900471926574103,3578835,49831,3,268959744,0,32,-999.0,-999.0,-999.0,-999.0,139.59550067,35.92898064,0.27272000908851624,0.27272000908851624,,,,,55521.60189815,-999.0,-0.6166105807546011,0.5248602366915958,0.5867820069169775,130.7758866123919,19.243561526398423,188.0204099714483,44.31581345682279,-999,0,1,0,0,0,0,1,-999.0,-999.0,-999.0,-999.0,0,-999.0,-999.0,-999.0,-999.0,-999.0,0,-999.0,-999.0,-999.0,0,0,-999.0,-999.0,-999.0,-999.0,0,-999.0,-999.0,-999.0,-999.0,-999.0,0,-999.0,-999.0,-999.0,0,0,-999.0,-999.0,-999.0,-999.0,0,-999.0,-999.0,-999.0,-999.0,-999.0,0,-999.0,-999.0,-999.0,0,0,-999.0,-999.0,-999.0,-999.0,0,-999.0,-999.0,-999.0,-999.0,-999.0,0,-999.0,-999.0,-999.0,0,0,0.674498975276947,20.351600646972656,0.27230900526046753,-999.0,1,20.351600646972656,20.351600646972656,-999.0,-999.0,-999.0,0,21.304000854492188,0.27230900526046753,-999.0,1,4120,0.018233508100766137
PSO J139.5956+35.9283,-999,-999,-999,151111395954954448,3578835000023306,214022515350281,0,16486947475162,15111,1,2038,90,0.848513003297628,3578835,49831,3,302067712,0,36,-999.0,-999.0,-999.0,-999.0,139.59561958,35.92828093,0.1602800041437149,0.1602800041437149,,,,,55249.31895833,3.740799903869629,-0.6166171267580429,0.5248636017511672,0.586772118070932,130.7762209778014,19.242929696431734,188.0213955060256,44.31585382038451,-999,0,2,1,0,1,0,0,0.8740100264549255,22.09589958190918,0.24279999732971191,-999.0,1,22.09589958190918,22.09589958190918,-999.0,-999.0,-999.0,1,23.96820068359375,0.24279999732971191,-999.0,1,280,-999.0,-999.0,-999.0,-999.0,0,-999.0,-999.0,-999.0,-999.0,-999.0,0,-999.0,-999.0,-999.0,0,0,0.8543000221252441,21.094200134277344,0.21254000067710876,-999.0,1,21.094200134277344,21.094200134277344,-999.0,-999.0,-999.0,0,21.659500122070312,0.21254000067710876,-999.0,1,280,-999.0,-999.0,-999.0,-999.0,0,-999.0,-999.0,-999.0,-999.0,-999.0,0,-999.0,-999.0,-999.0,0,0,-999.0,-999.0,-999.0,-999.0,0,-999.0,-999.0,-999.0,-999.0,-999.0,0,-999.0,-999.0,-999.0,0,0,0.01753240083936651
PSO J139.5956+35.9313,-999,-999,-999,151111395955978119,3578835000023333,214022515350308,0,16486947463358,15111,1,2038,90,0.830462826258003,3578835,49831,3,268959744,0,32,-999.0,-999.0,-999.0,-999.0,139.5956074,35.93125115,0.2924500107765198,0.2924500107765198,,,,,55521.60189815,-999.0,-0.6165938511366921,0.5248440156221718,0.586814094927871,130.77520174708917,19.245739736584326,188.01725627756318,44.31608002903659,-999,0,1,0,0,0,0,1,-999.0,-999.0,-999.0,-999.0,0,-999.0,-999.0,-999.0,-999.0,-999.0,0,-999.0,-999.0,-999.0,0,0,-999.0,-999.0,-999.0,-999.0,0,-999.0,-999.0,-999.0,-999.0,-999.0,0,-999.0,-999.0,-999.0,0,0,-999.0,-999.0,-999.0,-999.0,0,-999.0,-999.0,-999.0,-999.0,-999.0,0,-999.0,-999.0,-999.0,0,0,-999.0,-999.0,-999.0,-999.0,0,-999.0,-999.0,-999.0,-999.0,-999.0,0,-999.0,-999.0,-999.0,0,0,0.5240809917449951,20.359899520874023,0.2920610010623932,-999.0,1,20.359899520874023,20.359899520874023,-999.0,-999.0,-999.0,0,20.789199829101562,0.2920610010623932,-999.0,1,4120,0.020502519336090083
PSO J139.5959+35.9248,-999,-999,-999,151111395958180328,3578835000023386,214022515350361,0,16486947486269,15111,1,2038,90,0.20128694847346,3578835,49831,3,310456320,0,37,-999.0,-999.0,-999.0,-999.0,139.59585517,35.92478441,0.1717499941587448,0.1717499941587448,,,,,55250.32818287,-999.0,-0.6166465514097479,0.5248842753490831,0.586722701219011,130.77760049916787,19.23967921266661,188.02628805336937,44.31576593791206,-999,0,1,1,0,0,0,0,0.16674299538135529,21.464799880981445,0.17109200358390808,-999.0,1,21.464799880981445,21.464799880981445,20.121200561523438,0.13284799456596375,-999.0,1,20.4822998046875,0.17109200358390808,-999.0,1,16777752,-999.0,-999.0,-999.0,-999.0,0,-999.0,-999.0,-999.0,-999.0,-999.0,0,-999.0,-999.0,-999.0,0,0,-999.0,-999.0,-999.0,-999.0,0,-999.0,-999.0,-999.0,-999.0,-999.0,0,-999.0,-999.0,-999.0,0,0,-999.0,-999.0,-999.0,-999.0,0,-999.0,-999.0,-999.0,-999.0,-999.0,0,-999.0,-999.0,-999.0,0,0,-999.0,-999.0,-999.0,-999.0,0,-999.0,-999.0,-999.0,-999.0,-999.0,0,-999.0,-999.0,-999.0,0,0,0.014034456960452503
PSO J139.5958+35.9293,-999,-999,-999,151111395958255774,3578835000023390,214022515350365,0,16486947471819,15111,1,2038,90,0.435729509625332,3578835,49831,3,268959744,0,32,-999.0,-999.0,-999.0,-999.0,139.59583869,35.9293123,0.20369000732898712,0.20369000732898712,,,,,55249.31701389,-999.0,-0.6166110906809359,0.5248543973350103,0.5867866941635349,130.77604849141716,19.243963467887255,188.01997830476813,44.31611266032796,-999,0,1,0,1,0,0,0,-999.0,-999.0,-999.0,-999.0,0,-999.0,-999.0,-999.0,-999.0,-999.0,0,-999.0,-999.0,-999.0,0,0,0.8285999894142151,21.656700134277344,0.20313699543476105,-999.0,1,21.656700134277344,21.656700134277344,20.964399337768555,0.20567700266838074,-999.0,1,21.640399932861328,0.20313699543476105,-999.0,1,4120,-999.0,-999.0,-999.0,-999.0,0,-999.0,-999.0,-999.0,-999.0,-999.0,0,-999.0,-999.0,-999.0,0,0,-999.0,-999.0,-999.0,-999.0,0,-999.0,-999.0,-999.0,-999.0,-999.0,0,-999.0,-999.0,-999.0,0,0,-999.0,-999.0,-999.0,-999.0,0,-999.0,-999.0,-999.0,-999.0,-999.0,0,-999.0,-999.0,-999.0,0,0,0.018562366404094734
PSO J139.5959+35.9324,-999,-999,-999,151111395959239660,3578835000023420,214022515350395,0,16486947590177,15111,1,2038,90,0.861610514914254,3578835,49831,3,268959744,0,32,-999.0,-999.0,-999.0,-999.0,139.5959456,35.9324353,0.14302000403404236,0.14302000403404236,,,,,55766.95893519,-999.0,-0.6165877137096071,0.5248325149611602,0.5868308295768919,130.7750740630811,19.24694914594311,188.01563689922878,44.31644706924441,-999,0,2,0,1,1,0,0,-999.0,-999.0,-999.0,-999.0,0,-999.0,-999.0,-999.0,-999.0,-999.0,0,-999.0,-999.0,-999.0,0,0,0.7447389960289001,21.52989959716797,0.20746999979019165,-999.0,1,21.52989959716797,21.52989959716797,-999.0,-999.0,-999.0,0,21.680200576782227,0.20746999979019165,-999.0,1,4120,0.7173969745635986,20.58690071105957,0.196384996175766,-999.0,1,20.58690071105957,20.58690071105957,-999.0,-999.0,-999.0,0,20.766300201416016,0.196384996175766,-999.0,1,4120,-999.0,-999.0,-999.0,-999.0,0,-999.0,-999.0,-999.0,-999.0,-999.0,0,-999.0,-999.0,-999.0,0,0,-999.0,-999.0,-999.0,-999.0,0,-999.0,-999.0,-999.0,-999.0,-999.0,0,-999.0,-999.0,-999.0,0,0,0.02168533144210379
PSO J139.5963+35.9302,-999,-999,-999,151111395963086827,3578835000023523,214022515350498,0,16486947472307,15111,1,2038,90,0.2392957361781,3578835,49831,3,268959744,0,32,-999.0,-999.0,-999.0,-999.0,139.59632494,35.93018984,0.2036599963903427,0.2036599963903427,,,,,55249.32226852,-999.0,-0.6166087011234024,0.5248433390596873,0.5867990960657564,130.7761452763173,19.244920940459895,188.01879943049352,44.31657488344773,-999,0,1,0,1,0,0,0,-999.0,-999.0,-999.0,-999.0,0,-999.0,-999.0,-999.0,-999.0,-999.0,0,-999.0,-999.0,-999.0,0,0,0.7982749938964844,21.695600509643555,0.20310400426387787,-999.0,1,21.695600509643555,21.695600509643555,-999.0,-999.0,-999.0,1,22.614900588989258,0.20310400426387787,-999.0,1,4120,-999.0,-999.0,-999.0,-999.0,0,-999.0,-999.0,-999.0,-999.0,-999.0,0,-999.0,-999.0,-999.0,0,0,-999.0,-999.0,-999.0,-999.0,0,-999.0,-999.0,-999.0,-999.0,-999.0,0,-999.0,-999.0,-999.0,0,0,-999.0,-999.0,-999.0,-999.0,0,-999.0,-999.0,-999.0,-999.0,-999.0,0,-999.0,-999.0,-999.0,0,0,0.01944288570955189
PSO J139.5971+35.9322,-999,-999,-999,151111395969679289,3578835000023695,214022515350670,0,16486947471362,15111,1,2038,90,0.482531961503003,3578835,49831,3,268959744,0,32,-999.0,-999.0,-999.0,-999.0,139.59709266,35.93219544,0.18583999574184418,0.18583999574184418,,,,,55249.30289352,-999.0,-0.6166000914868972,0.5248217630979624,0.5868274398467545,130.7760873406044,19.24701995827669,188.01607417399464,44.31735387341176,-999,0,2,0,1,1,0,0,-999.0,-999.0,-999.0,-999.0,0,-999.0,-999.0,-999.0,-999.0,-999.0,0,-999.0,-999.0,-999.0,0,0,0.6636180281639099,22.08099937438965,0.27215200662612915,-999.0,1,22.08099937438965,22.08099937438965,-999.0,-999.0,-999.0,0,23.890600204467773,0.27215200662612915,-999.0,1,4120,0.7455660104751587,20.924699783325195,0.25360000133514404,-999.0,1,20.924699783325195,20.924699783325195,-999.0,-999.0,-999.0,0,22.194599151611328,0.25360000133514404,-999.0,1,4120,-999.0,-999.0,-999.0,-999.0,0,-999.0,-999.0,-999.0,-999.0,-999.0,0,-999.0,-999.0,-999.0,0,0,-999.0,-999.0,-999.0,-999.0,0,-999.0,-999.0,-999.0,-999.0,-999.0,0,-999.0,-999.0,-999.0,0,0,0.021467178383121416
PSO J139.5970+35.9275,-999,-999,-999,151111395969953565,3578835000023700,214022515350675,0,16486947475418,15111,1,2038,90,0.93770105479071,3578835,49831,3,268959744,0,32,-999.0,-999.0,-999.0,-999.0,139.59702546,35.92746724,0.31942999362945557,0.31942999362945557,,,,,56042.24768519,-999.0,-0.616636350894818,0.5248538726286794,0.5867606182608038,130.77763952692004,19.242524260763567,188.02265563449666,44.316923953948326,-999,0,1,0,0,0,1,0,-999.0,-999.0,-999.0,-999.0,0,-999.0,-999.0,-999.0,-999.0,-999.0,0,-999.0,-999.0,-999.0,0,0,-999.0,-999.0,-999.0,-999.0,0,-999.0,-999.0,-999.0,-999.0,-999.0,0,-999.0,-999.0,-999.0,0,0,-999.0,-999.0,-999.0,-999.0,0,-999.0,-999.0,-999.0,-999.0,-999.0,0,-999.0,-999.0,-999.0,0,0,0.3623819947242737,21.033000946044922,0.3190790116786957,-999.0,1,21.033000946044922,21.033000946044922,-999.0,-999.0,-999.0,0,-999.0,-999.0,-999.0,0,4120,-999.0,-999.0,-999.0,-999.0,0,-999.0,-999.0,-999.0,-999.0,-999.0,0,-999.0,-999.0,-999.0,0,0,0.016742068362760567
PSO J139.5973+35.9325,-999,-999,-999,151111395973309571,3578835000023792,214022515350767,0,16486947561487,15111,1,2038,90,0.364753783088879,3578835,49831,3,268959744,0,32,-999.0,-999.0,-999.0,-999.0,139.59734603,35.9324775,0.2511799931526184,0.2511799931526184,,,,,55249.26106481,-999.0,-0.6166002124041479,0.5248171639525211,0.5868314259512628,130.7761972998389,19.24735292948016,188.01570396418015,44.31758078047822,-999,0,1,0,0,0,0,1,-999.0,-999.0,-999.0,-999.0,0,-999.0,-999.0,-999.0,-999.0,-999.0,0,-999.0,-999.0,-999.0,0,0,-999.0,-999.0,-999.0,-999.0,0,-999.0,-999.0,-999.0,-999.0,-999.0,0,-999.0,-999.0,-999.0,0,0,-999.0,-999.0,-999.0,-999.0,0,-999.0,-999.0,-999.0,-999.0,-999.0,0,-999.0,-999.0,-999.0,0,0,-999.0,-999.0,-999.0,-999.0,0,-999.0,-999.0,-999.0,-999.0,-999.0,0,-999.0,-999.0,-999.0,0,0,0.6744279861450195,19.293899536132812,0.2507300078868866,-999.0,1,19.293899536132812,19.293899536132812,-999.0,-999.0,-999.0,0,20.517900466918945,0.2507300078868866,-999.0,1,4112,0.02175903386535908
PSO J139.5975+35.9259,-999,-999,-999,151111395974411705,3578835000023815,214022515350790,0,16486947474064,15111,1,2038,90,0.491270397315985,3578835,49831,3,268959744,0,32,-999.0,-999.0,-999.0,-999.0,139.59745839,35.92590649,0.21616999804973602,0.21616999804973602,,,,,55650.26423611,-999.0,-0.6166524880545224,0.5248595728406504,0.5867385599853627,130.77852158275232,19.2411584941467,188.0248690727966,44.31714932794476,-999,0,1,0,0,0,1,0,-999.0,-999.0,-999.0,-999.0,0,-999.0,-999.0,-999.0,-999.0,-999.0,0,-999.0,-999.0,-999.0,0,0,-999.0,-999.0,-999.0,-999.0,0,-999.0,-999.0,-999.0,-999.0,-999.0,0,-999.0,-999.0,-999.0,0,0,-999.0,-999.0,-999.0,-999.0,0,-999.0,-999.0,-999.0,-999.0,-999.0,0,-999.0,-999.0,-999.0,0,0,0.7300999760627747,21.201200485229492,0.21565300226211548,-999.0,1,21.201200485229492,21.201200485229492,-999.0,-999.0,-999.0,0,21.024499893188477,0.21565300226211548,-999.0,1,4120,-999.0,-999.0,-999.0,-999.0,0,-999.0,-999.0,-999.0,-999.0,-999.0,0,-999.0,-999.0,-999.0,0,0,0.015208944926573325
PSO J139.5978+35.9310,-999,-999,-999,151111395977807854,3578835000023906,214022515350881,0,16486947471512,15111,1,2038,90,0.37471886014074,3578835,49831,3,302067712,0,36,-999.0,-999.0,-999.0,-999.0,139.59781467,35.9310394,0.156700000166893,0.156700000166893,,,,,56042.25787037,-999.0,-0.6166157213350101,0.5248216671346697,0.5868111024073173,130.77706670285207,19.246112608413227,188.01774972419992,44.31784483757445,-999,0,2,0,0,1,1,0,-999.0,-999.0,-999.0,-999.0,0,-999.0,-999.0,-999.0,-999.0,-999.0,0,-999.0,-999.0,-999.0,0,0,-999.0,-999.0,-999.0,-999.0,0,-999.0,-999.0,-999.0,-999.0,-999.0,0,-999.0,-999.0,-999.0,0,0,0.6936969757080078,16.54490089416504,0.18224799633026123,-999.0,1,16.54490089416504,16.54490089416504,-999.0,-999.0,-999.0,0,-999.0,-999.0,-999.0,0,4112,0.15724000334739685,20.87070083618164,0.15597699582576752,-999.0,1,20.87070083618164,20.87070083618164,20.46179962158203,0.22969399392604828,-999.0,1,20.722200393676758,0.15597699582576752,-999.0,1,536,-999.0,-999.0,-999.0,-999.0,0,-999.0,-999.0,-999.0,-999.0,-999.0,0,-999.0,-999.0,-999.0,0,0,0.020348561781376878
PSO J139.5978+35.9265,-999,-999,-999,151111395977832368,3578835000023902,214022515350877,0,16486947474054,15111,1,2038,90,0.0471187122604984,3578835,49831,3,268959744,0,32,-999.0,-999.0,-999.0,-999.0,139.59779001,35.9264612,0.2733500003814697,0.2733500003814697,,,,,56759.31069444,-999.0,-0.6166512000388936,0.524852321884389,0.5867463998212159,130.7786024724297,19.241770035505308,188.024126074033,44.31746112053062,-999,0,1,0,0,1,0,0,-999.0,-999.0,-999.0,-999.0,0,-999.0,-999.0,-999.0,-999.0,-999.0,0,-999.0,-999.0,-999.0,0,0,-999.0,-999.0,-999.0,-999.0,0,-999.0,-999.0,-999.0,-999.0,-999.0,0,-999.0,-999.0,-999.0,0,0,0.38334399461746216,16.851299285888672,0.2729420065879822,-999.0,1,16.851299285888672,16.851299285888672,-999.0,-999.0,-999.0,0,-999.0,-999.0,-999.0,0,4112,-999.0,-999.0,-999.0,-999.0,0,-999.0,-999.0,-999.0,-999.0,-999.0,0,-999.0,-999.0,-999.0,0,0,-999.0,-999.0,-999.0,-999.0,0,-999.0,-999.0,-999.0,-999.0,-999.0,0,-999.0,-999.0,-999.0,0,0,0.015785582786948568
PSO J139.5980+35.9267,-999,-999,-999,151111395979832658,3578835000023947,214022515350922,0,16486947474048,15111,1,2038,90,0.644142523076518,3578835,49831,3,268959744,0,32,-999.0,-999.0,-999.0,-999.0,139.59801707,35.92671234,0.21478000283241272,0.21478000283241272,,,,,56043.26700231,-999.0,-0.616651321492963,0.5248482111931956,0.5867499492188176,130.77870158025698,19.242066889890094,188.0237966059543,44.31766437088906,-999,0,1,0,0,0,1,0,-999.0,-999.0,-999.0,-999.0,0,-999.0,-999.0,-999.0,-999.0,-999.0,0,-999.0,-999.0,-999.0,0,0,-999.0,-999.0,-999.0,-999.0,0,-999.0,-999.0,-999.0,-999.0,-999.0,0,-999.0,-999.0,-999.0,0,0,-999.0,-999.0,-999.0,-999.0,0,-999.0,-999.0,-999.0,-999.0,-999.0,0,-999.0,-999.0,-999.0,0,0,0.4943310022354126,20.999500274658203,0.21425500512123108,-999.0,1,20.999500274658203,20.999500274658203,-999.0,-999.0,-999.0,0,21.82830047607422,0.21425500512123108,-999.0,1,4120,-999.0,-999.0,-999.0,-999.0,0,-999.0,-999.0,-999.0,-999.0,-999.0,0,-999.0,-999.0,-999.0,0,0,0.016054153328341276
PSO J139.5980+35.9327,-999,-999,-999,151111395980739870,3578835000023970,214022515350945,0,16486947561492,15111,1,2038,90,0.920367279015823,3578835,49831,3,268959744,0,32,-999.0,-999.0,-999.0,-999.0,139.59802339,35.93272678,0.1190200001001358,0.1190200001001358,,,,,55605.88677083,-999.0,-0.6166044725562096,0.5248082195417465,0.5868349487931854,130.77666280674924,19.247765002990224,188.01541751970493,44.31814730583776,-999,0,2,0,1,0,1,0,-999.0,-999.0,-999.0,-999.0,0,-999.0,-999.0,-999.0,-999.0,-999.0,0,-999.0,-999.0,-999.0,0,0,0.5878620147705078,21.2362003326416,0.20802800357341766,-999.0,1,21.2362003326416,21.2362003326416,-999.0,-999.0,-999.0,0,22.190399169921875,0.20802800357341766,-999.0,1,4120,-999.0,-999.0,-999.0,-999.0,0,-999.0,-999.0,-999.0,-999.0,-999.0,0,-999.0,-999.0,-999.0,0,0,0.6988329887390137,20.13050079345703,0.14416299760341644,-999.0,1,20.13050079345703,20.13050079345703,-999.0,-999.0,-999.0,0,20.452499389648438,0.14416299760341644,-999.0,1,4120,-999.0,-999.0,-999.0,-999.0,0,-999.0,-999.0,-999.0,-999.0,-999.0,0,-999.0,-999.0,-999.0,0,0,0.022043950459235146
PSO J139.5983+35.9271,-999,-999,-999,151111395982553171,3578835000024006,214022515350981,0,16486947474820,15111,1,2038,90,0.987170686933371,3578835,49831,3,268959744,0,32,-999.0,-999.0,-999.0,-999.0,139.59827358,35.92714791,0.3454799950122833,0.3454799950122833,,,,,55250.24451389,-999.0,-0.616650274392647,0.5248425593858768,0.5867561051653026,130.77876193669252,19.242546075350795,188.02321282714504,44.31790605173962,-999,0,1,0,0,0,1,0,-999.0,-999.0,-999.0,-999.0,0,-999.0,-999.0,-999.0,-999.0,-999.0,0,-999.0,-999.0,-999.0,0,0,-999.0,-999.0,-999.0,-999.0,0,-999.0,-999.0,-999.0,-999.0,-999.0,0,-999.0,-999.0,-999.0,0,0,-999.0,-999.0,-999.0,-999.0,0,-999.0,-999.0,-999.0,-999.0,-999.0,0,-999.0,-999.0,-999.0,0,0,0.7594709992408752,21.082000732421875,0.3451569974422455,-999.0,1,21.082000732421875,21.082000732421875,-999.0,-999.0,-999.0,0,21.49370002746582,0.3451569974422455,-999.0,1,4120,-999.0,-999.0,-999.0,-999.0,0,-999.0,-999.0,-999.0,-999.0,-999.0,0,-999.0,-999.0,-999.0,0,0,0.01651019237097827
PSO J139.5983+35.9324,-999,-999,-999,151111395983129473,3578835000024020,214022515350995,0,16486947561696,15111,1,2038,90,0.63001107855701,3578835,49831,3,268959744,0,32,-999.0,-999.0,-999.0,-999.0,139.59833122,35.93240916,0.349590003490448,0.349590003490448,,,,,56344.39150463,-999.0,-0.6166097694674998,0.5248070152172021,0.5868304601637925,130.77702080033572,19.24754414785029,188.01588771045095,44.3183705530115,-999,0,1,0,1,0,0,0,-999.0,-999.0,-999.0,-999.0,0,-999.0,-999.0,-999.0,-999.0,-999.0,0,-999.0,-999.0,-999.0,0,0,0.6771119832992554,21.680299758911133,0.34926700592041016,-999.0,1,21.680299758911133,21.680299758911133,-999.0,-999.0,-999.0,1,-999.0,-999.0,-999.0,0,4120,-999.0,-999.0,-999.0,-999.0,0,-999.0,-999.0,-999.0,-999.0,-999.0,0,-999.0,-999.0,-999.0,0,0,-999.0,-999.0,-999.0,-999.0,0,-999.0,-999.0,-999.0,-999.0,-999.0,0,-999.0,-999.0,-999.0,0,0,-999.0,-999.0,-999.0,-999.0,0,-999.0,-999.0,-999.0,-999.0,-999.0,0,-999.0,-999.0,-999.0,0,0,0.021748461817538388
PSO J139.5989+35.9273,-999,-999,-999,151111395988543394,3578835000024148,214022515351123,0,16486947473769,15111,1,2038,90,0.250506908866118,3578835,49831,3,268959744,0,32,-999.0,-999.0,-999.0,-999.0,139.59888353,35.92732906,0.2636899948120117,0.2636899948120117,,,,,56042.25787037,-999.0,-0.6166544489115525,0.5248347923479318,0.5867586653631054,130.7791958623248,19.242876116732376,188.02301530950677,44.31841280249441,-999,0,1,0,0,0,1,0,-999.0,-999.0,-999.0,-999.0,0,-999.0,-999.0,-999.0,-999.0,-999.0,0,-999.0,-999.0,-999.0,0,0,-999.0,-999.0,-999.0,-999.0,0,-999.0,-999.0,-999.0,-999.0,-999.0,0,-999.0,-999.0,-999.0,0,0,-999.0,-999.0,-999.0,-999.0,0,-999.0,-999.0,-999.0,-999.0,-999.0,0,-999.0,-999.0,-999.0,0,0,0.4133079946041107,21.012500762939453,0.263265997171402,-999.0,1,21.012500762939453,21.012500762939453,-999.0,-999.0,-999.0,0,-999.0,-999.0,-999.0,0,4120,-999.0,-999.0,-999.0,-999.0,0,-999.0,-999.0,-999.0,-999.0,-999.0,0,-999.0,-999.0,-999.0,0,0,0.016754201345806304
PSO J139.5995+35.9321,-999,-999,-999,151111395994539102,3578835000024298,214022515351273,0,16486947442818,15111,1,2038,90,0.682657669934125,3578835,49831,3,268959744,0,32,-999.0,-999.0,-999.0,-999.0,139.5994715,35.93208954,0.2829900085926056,0.2829900085926056,,,,,55249.26556713,-999.0,-0.6166227067990538,0.5247968652594579,0.586825943252047,130.77805567997817,19.247537668540613,188.01643549245352,44.319265559212184,-999,0,1,0,0,0,0,1,-999.0,-999.0,-999.0,-999.0,0,-999.0,-999.0,-999.0,-999.0,-999.0,0,-999.0,-999.0,-999.0,0,0,-999.0,-999.0,-999.0,-999.0,0,-999.0,-999.0,-999.0,-999.0,-999.0,0,-999.0,-999.0,-999.0,0,0,-999.0,-999.0,-999.0,-999.0,0,-999.0,-999.0,-999.0,-999.0,-999.0,0,-999.0,-999.0,-999.0,0,0,-999.0,-999.0,-999.0,-999.0,0,-999.0,-999.0,-999.0,-999.0,-999.0,0,-999.0,-999.0,-999.0,0,0,0.7533439993858337,19.737600326538086,0.28258898854255676,-999.0,1,19.737600326538086,19.737600326538086,-999.0,-999.0,-999.0,0,23.97559928894043,0.28258898854255676,-999.0,1,4112,0.021534652405435777
PSO J139.5995+35.9314,-999,-999,-999,151111395995048286,3578835000024310,214022515351285,0,16486947443540,15111,1,2038,90,0.505501955287067,3578835,49831,3,268959744,0,32,-999.0,-999.0,-999.0,-999.0,139.59951065,35.93139429,0.15136000514030457,0.15136000514030457,,,,,56759.31069444,-999.0,-0.6166284880539342,0.5248010590512531,0.5868161178248279,130.7783237628309,19.246889348642394,188.01740769766437,44.319241956638926,-999,0,1,0,0,1,0,0,-999.0,-999.0,-999.0,-999.0,0,-999.0,-999.0,-999.0,-999.0,-999.0,0,-999.0,-999.0,-999.0,0,0,-999.0,-999.0,-999.0,-999.0,0,-999.0,-999.0,-999.0,-999.0,-999.0,0,-999.0,-999.0,-999.0,0,0,0.8373990058898926,16.53380012512207,0.1506129950284958,-999.0,1,16.53380012512207,16.53380012512207,-999.0,-999.0,-999.0,1,17.11210060119629,0.1506129950284958,-999.0,1,4112,-999.0,-999.0,-999.0,-999.0,0,-999.0,-999.0,-999.0,-999.0,-999.0,0,-999.0,-999.0,-999.0,0,0,-999.0,-999.0,-999.0,-999.0,0,-999.0,-999.0,-999.0,-999.0,-999.0,0,-999.0,-999.0,-999.0,0,0,0.02085033509678713
PSO J139.5999+35.9318,-999,-999,-999,151111395999498881,3578835000024425,214022515351400,0,16486947443268,15111,1,2038,90,0.455609229817623,3578835,49831,3,268959744,0,32,-999.0,-999.0,-999.0,-999.0,139.59992514,35.93181654,0.14834000170230865,0.14834000170230865,,,,,55249.27306713,-999.0,-0.6166289911763304,0.5247937953163425,0.5868220851657936,130.77851695527838,19.247396959011148,188.0168566245049,44.31961004384478,-999,0,2,0,0,1,0,1,-999.0,-999.0,-999.0,-999.0,0,-999.0,-999.0,-999.0,-999.0,-999.0,0,-999.0,-999.0,-999.0,0,0,-999.0,-999.0,-999.0,-999.0,0,-999.0,-999.0,-999.0,-999.0,-999.0,0,-999.0,-999.0,-999.0,0,0,0.6877740025520325,20.569700241088867,0.192563995718956,-999.0,1,20.569700241088867,20.569700241088867,-999.0,-999.0,-999.0,0,21.178300857543945,0.192563995718956,-999.0,1,4120,-999.0,-999.0,-999.0,-999.0,0,-999.0,-999.0,-999.0,-999.0,-999.0,0,-999.0,-999.0,-999.0,0,0,0.569242000579834,19.04640007019043,0.2311519980430603,-999.0,1,19.04640007019043,19.04640007019043,-999.0,-999.0,-999.0,0,20.593000411987305,0.2311519980430603,-999.0,1,4112,0.021317233679694746
PSO J139.6003+35.9253,-999,-999,-999,151111396002240981,3578835000024500,214022515351475,0,16486947473656,15111,1,2038,90,0.564971524816911,3578835,49831,3,310456320,0,37,-999.0,-999.0,-999.0,-999.0,139.60025976,35.92531393,0.19151000678539276,0.19151000678539276,,,,,55250.33664352,-999.0,-0.6166827704372946,0.5248333549648585,0.5867301851465578,130.7809986337521,19.24132508298309,188.0259467572395,44.31936352375184,-999,0,1,1,0,0,0,0,0.9779469966888428,21.304100036621094,0.19092200696468353,-999.0,1,21.304100036621094,21.304100036621094,20.259199142456055,0.20189699530601501,-999.0,1,20.6466007232666,0.19092200696468353,-999.0,1,16777496,-999.0,-999.0,-999.0,-999.0,0,-999.0,-999.0,-999.0,-999.0,-999.0,0,-999.0,-999.0,-999.0,0,0,-999.0,-999.0,-999.0,-999.0,0,-999.0,-999.0,-999.0,-999.0,-999.0,0,-999.0,-999.0,-999.0,0,0,-999.0,-999.0,-999.0,-999.0,0,-999.0,-999.0,-999.0,-999.0,-999.0,0,-999.0,-999.0,-999.0,0,0,-999.0,-999.0,-999.0,-999.0,0,-999.0,-999.0,-999.0,-999.0,-999.0,0,-999.0,-999.0,-999.0,0,0,0.014985809330975458
PSO J139.6003+35.9303,-999,-999,-999,151111396002686956,3578835000024516,214022515351491,0,16486947443015,15111,1,2038,90,0.0802799855175242,3578835,49831,3,268513280,0,32,-999.0,-999.0,-999.0,-999.0,139.60030229,35.93029116,0.09285999834537506,0.09285999834537506,,,,,56043.26700231,-999.0,-0.6166443429005414,0.524799861607531,0.5868005279696635,130.77934172199824,19.24605021459597,188.01901583551256,44.31979334244637,-999,0,1,0,0,0,1,0,-999.0,-999.0,-999.0,-999.0,0,-999.0,-999.0,-999.0,-999.0,-999.0,0,-999.0,-999.0,-999.0,0,0,-999.0,-999.0,-999.0,-999.0,0,-999.0,-999.0,-999.0,-999.0,-999.0,0,-999.0,-999.0,-999.0,0,0,-999.0,-999.0,-999.0,-999.0,0,-999.0,-999.0,-999.0,-999.0,-999.0,0,-999.0,-999.0,-999.0,0,0,0.23891499638557434,20.30389976501465,0.09164299815893173,-999.0,1,20.30389976501465,20.30389976501465,20.893299102783203,0.22163300216197968,-999.0,1,20.644800186157227,0.09164299815893173,-999.0,1,24,-999.0,-999.0,-999.0,-999.0,0,-999.0,-999.0,-999.0,-999.0,-999.0,0,-999.0,-999.0,-999.0,0,0,0.01986370981964425
PSO J139.6006+35.9327,-999,-999,-999,151111396004769877,3578835000024562,214022515351537,0,16486947561904,15111,1,2038,90,0.653840695185438,3578835,49831,3,268959744,0,32,-999.0,-999.0,-999.0,-999.0,139.60056362,35.93266156,0.026319999247789383,0.026319999247789383,,,,,55903.57219907,-999.0,-0.616628248229316,0.5247813145704843,0.5868340271007804,130.77874841090537,19.24836317948759,188.015736612859,44.320192478638546,-999,0,1,0,0,0,0,1,-999.0,-999.0,-999.0,-999.0,0,-999.0,-999.0,-999.0,-999.0,-999.0,0,-999.0,-999.0,-999.0,0,0,-999.0,-999.0,-999.0,-999.0,0,-999.0,-999.0,-999.0,-999.0,-999.0,0,-999.0,-999.0,-999.0,0,0,-999.0,-999.0,-999.0,-999.0,0,-999.0,-999.0,-999.0,-999.0,-999.0,0,-999.0,-999.0,-999.0,0,0,-999.0,-999.0,-999.0,-999.0,0,-999.0,-999.0,-999.0,-999.0,-999.0,0,-999.0,-999.0,-999.0,0,0,0.0,16.65489959716797,0.02162499912083149,-999.0,1,16.65489959716797,16.65489959716797,15.891799926757812,0.025042999535799026,-999.0,1,16.660600662231445,0.02162499912083149,-999.0,1,4120,0.022234654251048595
PSO J139.6084+35.9348,-999,-999,-999,151121396084072304,3578835000026644,214022515353619,0,16486947567043,15112,1,2038,90,0.149636026611213,3578835,49831,3,268959744,0,32,-999.0,-999.0,-999.0,-999.0,139.6084318,35.93476098,0.2750599980354309,0.2750599980354309,,,,,56344.35071759,-999.0,-0.616683930792024,0.5246826965116007,0.5868636958308239,130.78442613666667,19.25239588142831,188.01351764687706,44.32670977088092,-999,0,1,0,0,1,0,0,-999.0,-999.0,-999.0,-999.0,0,-999.0,-999.0,-999.0,-999.0,-999.0,0,-999.0,-999.0,-999.0,0,0,-999.0,-999.0,-999.0,-999.0,0,-999.0,-999.0,-999.0,-999.0,-999.0,0,-999.0,-999.0,-999.0,0,0,0.7777349948883057,21.828800201416016,0.2746489942073822,-999.0,1,21.828800201416016,21.828800201416016,-999.0,-999.0,-999.0,0,22.896900177001953,0.2746489942073822,-999.0,1,4120,-999.0,-999.0,-999.0,-999.0,0,-999.0,-999.0,-999.0,-999.0,-999.0,0,-999.0,-999.0,-999.0,0,0,-999.0,-999.0,-999.0,-999.0,0,-999.0,-999.0,-999.0,-999.0,-999.0,0,-999.0,-999.0,-999.0,0,0,0.02606753496637669
PSO J139.6084+35.9344,-999,-999,-999,151121396084091918,3578835000026645,214022515353620,0,16486947567022,15112,1,2038,90,0.348028533484813,3578835,49831,3,310456320,0,37,-999.0,-999.0,-999.0,-999.0,139.60843098,35.93442409,0.16143999993801117,0.16143999993801117,,,,,55918.63284722,-999.0,-0.6166865514145013,0.5246849413859367,0.5868589349982889,130.78453998497267,19.25207659621664,188.0139870242986,44.32668240366836,-999,0,1,0,1,0,0,0,-999.0,-999.0,-999.0,-999.0,0,-999.0,-999.0,-999.0,-999.0,-999.0,0,-999.0,-999.0,-999.0,0,0,0.21986499428749084,21.857799530029297,0.160738006234169,-999.0,1,21.857799530029297,21.857799530029297,21.166000366210938,0.19097000360488892,-999.0,1,21.183000564575195,0.160738006234169,-999.0,1,16777752,-999.0,-999.0,-999.0,-999.0,0,-999.0,-999.0,-999.0,-999.0,-999.0,0,-999.0,-999.0,-999.0,0,0,-999.0,-999.0,-999.0,-999.0,0,-999.0,-999.0,-999.0,-999.0,-999.0,0,-999.0,-999.0,-999.0,0,0,-999.0,-999.0,-999.0,-999.0,0,-999.0,-999.0,-999.0,-999.0,-999.0,0,-999.0,-999.0,-999.0,0,0,0.025757304154427046
PSO J139.6084+35.9352,-999,-999,-999,151121396084172791,3578835000026650,214022515353625,0,16486947566963,15112,1,2038,90,0.926830631612642,3578835,49831,3,268959744,0,32,-999.0,-999.0,-999.0,-999.0,139.6084481,35.93515994,0.2519800066947937,0.2519800066947937,,,,,56042.25787037,-999.0,-0.6166809676805586,0.5246798730221328,0.5868693337924963,130.7843037633764,19.25277797593106,188.01296316402411,44.32675455034576,-999,0,1,0,0,0,1,0,-999.0,-999.0,-999.0,-999.0,0,-999.0,-999.0,-999.0,-999.0,-999.0,0,-999.0,-999.0,-999.0,0,0,-999.0,-999.0,-999.0,-999.0,0,-999.0,-999.0,-999.0,-999.0,-999.0,0,-999.0,-999.0,-999.0,0,0,-999.0,-999.0,-999.0,-999.0,0,-999.0,-999.0,-999.0,-999.0,-999.0,0,-999.0,-999.0,-999.0,0,0,0.6820039749145508,21.332199096679688,0.25153300166130066,-999.0,1,21.332199096679688,21.332199096679688,-999.0,-999.0,-999.0,1,22.928300857543945,0.25153300166130066,-999.0,1,4120,-999.0,-999.0,-999.0,-999.0,0,-999.0,-999.0,-999.0,-999.0,-999.0,0,-999.0,-999.0,-999.0,0,0,0.026440536246026818
PSO J139.6086+35.9407,-999,-999,-999,151121396085599404,3578835000026704,214022515353679,0,16486947560574,15112,1,2038,90,0.527301290563588,3578835,49831,3,268959744,0,32,-999.0,-999.0,-999.0,-999.0,139.60857947,35.94066556,0.23976999521255493,0.23976999521255493,,,,,57049.45013889,-999.0,-0.6166392169541994,0.5246419136690741,0.5869471343619999,130.78253894704127,19.258026529335993,188.00530286777874,44.32729669840981,-999,0,1,0,0,1,0,0,-999.0,-999.0,-999.0,-999.0,0,-999.0,-999.0,-999.0,-999.0,-999.0,0,-999.0,-999.0,-999.0,0,0,-999.0,-999.0,-999.0,-999.0,0,-999.0,-999.0,-999.0,-999.0,-999.0,0,-999.0,-999.0,-999.0,0,0,0.527305006980896,22.151100158691406,0.23929700255393982,-999.0,1,22.151100158691406,22.151100158691406,-999.0,-999.0,-999.0,0,-999.0,-999.0,-999.0,0,4120,-999.0,-999.0,-999.0,-999.0,0,-999.0,-999.0,-999.0,-999.0,-999.0,0,-999.0,-999.0,-999.0,0,0,-999.0,-999.0,-999.0,-999.0,0,-999.0,-999.0,-999.0,-999.0,-999.0,0,-999.0,-999.0,-999.0,0,0,0.031628524268975916
PSO J139.6086+35.9383,-999,-999,-999,151121396085626538,3578835000187142,214022515515740,0,16486947567968,15112,1,2038,90,0.91762534893828,3578835,49831,3,1343750144,0,160,139.60855691,35.93830159,0.0010000000474974513,0.0010000000474974513,139.60855691,35.93830159,0.0010000000474974513,0.0010000000474974513,,,,,55622.12954861,-999.0,-0.6166574542844688,0.52465784871384,0.5869137294853168,130.78332422162813,19.255781734047915,188.0085950515152,44.32709129665449,-999,2,0,0,0,0,0,0,-999.0,-999.0,-999.0,-999.0,0,-999.0,-999.0,-999.0,-999.0,-999.0,0,-999.0,-999.0,-999.0,0,114720,-999.0,-999.0,-999.0,-999.0,0,-999.0,-999.0,-999.0,-999.0,-999.0,0,-999.0,-999.0,-999.0,0,16416,-999.0,-999.0,-999.0,-999.0,0,-999.0,-999.0,-999.0,-999.0,-999.0,0,-999.0,-999.0,-999.0,0,16416,-999.0,-999.0,-999.0,-999.0,0,-999.0,-999.0,-999.0,-999.0,-999.0,0,-999.0,-999.0,-999.0,0,16416,-999.0,-999.0,-999.0,-999.0,0,-999.0,-999.0,-999.0,-999.0,-999.0,0,-999.0,-999.0,-999.0,0,16416,0.02939627962709176
PSO J139.6087+35.9332,-999,-999,-999,151121396087070422,3578835000026751,214022515353726,0,16486947555515,15112,1,2038,90,0.937729008437813,3578835,49831,3,268959744,0,32,-999.0,-999.0,-999.0,-999.0,139.60872498,35.93318219,0.2546299993991852,0.2546299993991852,,,,,57033.58118056,-999.0,-0.6166989318196957,0.5246900196830263,0.5868413846496102,130.78520093892843,19.250976770922925,188.01574397522705,44.326821244142394,-999,0,1,0,0,1,0,0,-999.0,-999.0,-999.0,-999.0,0,-999.0,-999.0,-999.0,-999.0,-999.0,0,-999.0,-999.0,-999.0,0,0,-999.0,-999.0,-999.0,-999.0,0,-999.0,-999.0,-999.0,-999.0,-999.0,0,-999.0,-999.0,-999.0,0,0,0.783053994178772,21.94529914855957,0.25419101119041443,-999.0,1,21.94529914855957,21.94529914855957,-999.0,-999.0,-999.0,0,22.87579917907715,0.25419101119041443,-999.0,1,4120,-999.0,-999.0,-999.0,-999.0,0,-999.0,-999.0,-999.0,-999.0,-999.0,0,-999.0,-999.0,-999.0,0,0,-999.0,-999.0,-999.0,-999.0,0,-999.0,-999.0,-999.0,-999.0,-999.0,0,-999.0,-999.0,-999.0,0,0,0.024719824641930704
PSO J139.6088+35.9412,-999,-999,-999,151121396087779991,3578835000026778,214022515353753,0,16486947561355,15112,1,2038,90,0.734707687734354,3578835,49831,3,268959744,0,32,-999.0,-999.0,-999.0,-999.0,139.60879422,35.94115727,0.23627999424934387,0.23627999424934387,,,,,57033.56925926,-999.0,-0.6166373468464225,0.5246363383317844,0.5869540825107381,130.78254622483428,19.25854802820843,188.00463690317915,44.32750894347231,-999,0,1,0,0,1,0,0,-999.0,-999.0,-999.0,-999.0,0,-999.0,-999.0,-999.0,-999.0,-999.0,0,-999.0,-999.0,-999.0,0,0,-999.0,-999.0,-999.0,-999.0,0,-999.0,-999.0,-999.0,-999.0,-999.0,0,-999.0,-999.0,-999.0,0,0,0.6461989879608154,21.595399856567383,0.23579899966716766,-999.0,1,21.595399856567383,21.595399856567383,-999.0,-999.0,-999.0,0,-999.0,-999.0,-999.0,0,4120,-999.0,-999.0,-999.0,-999.0,0,-999.0,-999.0,-999.0,-999.0,-999.0,0,-999.0,-999.0,-999.0,0,0,-999.0,-999.0,-999.0,-999.0,0,-999.0,-999.0,-999.0,-999.0,-999.0,0,-999.0,-999.0,-999.0,0,0,0.03215004674044091
PSO J139.6089+35.9391,-999,-999,-999,151121396088707544,3578835000026805,214022515353780,0,16486947567919,15112,1,2038,90,0.405723486473526,3578835,49831,3,268959744,0,32,-999.0,-999.0,-999.0,-999.0,139.60888814,35.93911915,0.29802000522613525,0.29802000522613525,,,,,57033.55729167,-999.0,-0.616654108760431,0.5246488568760939,0.5869252824061053,130.78331535150568,19.256642114257776,188.0074854670346,44.32742338208204,-999,0,1,0,0,1,0,0,-999.0,-999.0,-999.0,-999.0,0,-999.0,-999.0,-999.0,-999.0,-999.0,0,-999.0,-999.0,-999.0,0,0,-999.0,-999.0,-999.0,-999.0,0,-999.0,-999.0,-999.0,-999.0,-999.0,0,-999.0,-999.0,-999.0,0,0,0.7692670226097107,22.029499053955078,0.2976439893245697,-999.0,1,22.029499053955078,22.029499053955078,-999.0,-999.0,-999.0,0,-999.0,-999.0,-999.0,0,4120,-999.0,-999.0,-999.0,-999.0,0,-999.0,-999.0,-999.0,-999.0,-999.0,0,-999.0,-999.0,-999.0,0,0,-999.0,-999.0,-999.0,-999.0,0,-999.0,-999.0,-999.0,-999.0,-999.0,0,-999.0,-999.0,-999.0,0,0,0.03025605679097237
PSO J139.6089+35.9349,-999,-999,-999,151121396089212413,3578835000026816,214022515353791,0,16486947567097,15112,1,2038,90,0.933887473245978,3578835,49831,3,268959744,0,32,-999.0,-999.0,-999.0,-999.0,139.60894357,35.93485204,0.2140199989080429,0.2140199989080429,,,,,56344.36663194,-999.0,-0.6166879068884218,0.5246765838340938,0.5868649826610568,130.78481088868122,19.25261510101016,188.01343666922855,44.327130057554726,-999,0,1,0,0,1,0,0,-999.0,-999.0,-999.0,-999.0,0,-999.0,-999.0,-999.0,-999.0,-999.0,0,-999.0,-999.0,-999.0,0,0,-999.0,-999.0,-999.0,-999.0,0,-999.0,-999.0,-999.0,-999.0,-999.0,0,-999.0,-999.0,-999.0,0,0,0.7660329937934875,21.481599807739258,0.2134920060634613,-999.0,1,21.481599807739258,21.481599807739258,-999.0,-999.0,-999.0,0,21.967500686645508,0.2134920060634613,-999.0,1,4120,-999.0,-999.0,-999.0,-999.0,0,-999.0,-999.0,-999.0,-999.0,-999.0,0,-999.0,-999.0,-999.0,0,0,-999.0,-999.0,-999.0,-999.0,0,-999.0,-999.0,-999.0,-999.0,-999.0,0,-999.0,-999.0,-999.0,0,0,0.026315031194948033
PSO J139.6090+35.9385,-999,-999,-999,151121396089296846,3578835000026826,214022515353801,0,16486947568108,15112,1,2038,90,0.482653256023911,3578835,49831,3,268959744,0,32,-999.0,-999.0,-999.0,-999.0,139.60895309,35.93853354,0.20383000373840332,0.20383000373840332,,,,,57049.42515046,-999.0,-0.6166592724338043,0.5246520450807238,0.5869170071773566,130.78356717789615,19.256104354665446,188.0083073422104,44.327429426462544,-999,0,1,0,0,1,0,0,-999.0,-999.0,-999.0,-999.0,0,-999.0,-999.0,-999.0,-999.0,-999.0,0,-999.0,-999.0,-999.0,0,0,-999.0,-999.0,-999.0,-999.0,0,-999.0,-999.0,-999.0,-999.0,-999.0,0,-999.0,-999.0,-999.0,0,0,0.7137389779090881,21.9512996673584,0.20327800512313843,-999.0,1,21.9512996673584,21.9512996673584,-999.0,-999.0,-999.0,0,21.939199447631836,0.20327800512313843,-999.0,1,4120,-999.0,-999.0,-999.0,-999.0,0,-999.0,-999.0,-999.0,-999.0,-999.0,0,-999.0,-999.0,-999.0,0,0,-999.0,-999.0,-999.0,-999.0,0,-999.0,-999.0,-999.0,-999.0,-999.0,0,-999.0,-999.0,-999.0,0,0,0.02972634103136504
PSO J139.6096+35.9396,-999,-999,-999,151121396095688217,3578835000026987,214022515353962,0,16486947560048,15112,1,2038,90,0.365206213076791,3578835,49831,3,310456320,0,37,-999.0,-999.0,-999.0,-999.0,139.60964368,35.93963444,0.1878100037574768,0.1878100037574768,,,,,55903.56032407,-999.0,-0.6166570066798687,0.52463730476572,0.5869325638953639,130.7837538791292,19.25732646003893,188.00683511025616,44.32807397715598,-999,0,1,0,0,0,0,1,-999.0,-999.0,-999.0,-999.0,0,-999.0,-999.0,-999.0,-999.0,-999.0,0,-999.0,-999.0,-999.0,0,0,-999.0,-999.0,-999.0,-999.0,0,-999.0,-999.0,-999.0,-999.0,-999.0,0,-999.0,-999.0,-999.0,0,0,-999.0,-999.0,-999.0,-999.0,0,-999.0,-999.0,-999.0,-999.0,-999.0,0,-999.0,-999.0,-999.0,0,0,-999.0,-999.0,-999.0,-999.0,0,-999.0,-999.0,-999.0,-999.0,-999.0,0,-999.0,-999.0,-999.0,0,0,0.06923700124025345,19.832000732421875,0.18720999360084534,-999.0,1,19.832000732421875,19.832000732421875,18.967899322509766,0.1850219964981079,-999.0,1,19.11479949951172,0.18720999360084534,-999.0,1,16777752,0.030954395540695175
PSO J139.6097+35.9374,-999,-999,-999,151121396096675518,3578835000027009,214022515353984,0,16486947568440,15112,1,2038,90,0.0230133477812757,3578835,49831,3,268959744,0,32,-999.0,-999.0,-999.0,-999.0,139.60968427,35.93743859,0.14788000285625458,0.14788000285625458,,,,,55521.6127662,-999.0,-0.6166745104630155,0.5246514434880768,0.5869015343233287,130.78453330465214,19.25525730372547,188.0098987185669,44.3279328433193,-999,0,1,0,0,0,0,1,-999.0,-999.0,-999.0,-999.0,0,-999.0,-999.0,-999.0,-999.0,-999.0,0,-999.0,-999.0,-999.0,0,0,-999.0,-999.0,-999.0,-999.0,0,-999.0,-999.0,-999.0,-999.0,-999.0,0,-999.0,-999.0,-999.0,0,0,-999.0,-999.0,-999.0,-999.0,0,-999.0,-999.0,-999.0,-999.0,-999.0,0,-999.0,-999.0,-999.0,0,0,-999.0,-999.0,-999.0,-999.0,0,-999.0,-999.0,-999.0,-999.0,-999.0,0,-999.0,-999.0,-999.0,0,0,0.7930570244789124,19.612499237060547,0.14711999893188477,-999.0,1,19.612499237060547,19.612499237060547,19.3262996673584,0.11535599827766418,-999.0,1,19.303199768066406,0.14711999893188477,-999.0,1,4120,0.028928890996304826
PSO J139.6097+35.9360,-999,-999,-999,151121396096973785,3578835000027017,214022515353992,0,16486947568666,15112,1,2038,90,0.15035904119756,3578835,49831,3,268959744,0,32,-999.0,-999.0,-999.0,-999.0,139.60971771,35.93600185,0.23627999424934387,0.23627999424934387,,,,,56344.39150463,-999.0,-0.6166860256913386,0.5246606199209344,0.5868812312735878,130.78504886162438,19.253905245885942,188.01190384030326,44.3278460111102,-999,0,1,0,1,0,0,0,-999.0,-999.0,-999.0,-999.0,0,-999.0,-999.0,-999.0,-999.0,-999.0,0,-999.0,-999.0,-999.0,0,0,0.6952279806137085,21.41990089416504,0.23579899966716766,-999.0,1,21.41990089416504,21.41990089416504,21.52630043029785,0.2813650071620941,-999.0,1,21.865400314331055,0.23579899966716766,-999.0,1,4120,-999.0,-999.0,-999.0,-999.0,0,-999.0,-999.0,-999.0,-999.0,-999.0,0,-999.0,-999.0,-999.0,0,0,-999.0,-999.0,-999.0,-999.0,0,-999.0,-999.0,-999.0,-999.0,-999.0,0,-999.0,-999.0,-999.0,0,0,-999.0,-999.0,-999.0,-999.0,0,-999.0,-999.0,-999.0,-999.0,-999.0,0,-999.0,-999.0,-999.0,0,0,0.027619981576549046
PSO J139.6101+35.9360,-999,-999,-999,151121396100593853,3578835000027109,214022515354084,0,16486947568180,15112,1,2038,90,0.0126318410156591,3578835,49831,3,310456320,0,37,-999.0,-999.0,-999.0,-999.0,139.61008145,35.9360458,0.14601999521255493,0.14601999521255493,,,,,55521.6127662,-999.0,-0.6166890135851526,0.5246564131927857,0.586881852351095,130.78532938074852,19.254041384702887,188.01187521521447,44.328143077875765,-999,0,1,0,0,0,0,1,-999.0,-999.0,-999.0,-999.0,0,-999.0,-999.0,-999.0,-999.0,-999.0,0,-999.0,-999.0,-999.0,0,0,-999.0,-999.0,-999.0,-999.0,0,-999.0,-999.0,-999.0,-999.0,-999.0,0,-999.0,-999.0,-999.0,0,0,-999.0,-999.0,-999.0,-999.0,0,-999.0,-999.0,-999.0,-999.0,-999.0,0,-999.0,-999.0,-999.0,0,0,-999.0,-999.0,-999.0,-999.0,0,-999.0,-999.0,-999.0,-999.0,-999.0,0,-999.0,-999.0,-999.0,0,0,0.9945290088653564,19.707500457763672,0.14525200426578522,-999.0,1,19.707500457763672,19.707500457763672,18.526599884033203,0.11325199902057648,-999.0,1,18.947900772094727,0.14525200426578522,-999.0,1,16777496,0.027780633748803206
PSO J139.6103+35.9347,-999,-999,-999,151121396102372289,3578835000027153,214022515354128,0,16486947555891,15112,1,2038,90,0.151239141031391,3578835,49831,3,310456320,0,37,-999.0,-999.0,-999.0,-999.0,139.61025936,35.93473401,0.10851000249385834,0.10851000249385834,,,,,55918.63284722,-999.0,-0.6167008766541054,0.524663204917419,0.586863314699292,130.78591981114545,19.25284520717329,188.0137191809961,44.32818272754381,-999,0,1,0,1,0,0,0,-999.0,-999.0,-999.0,-999.0,0,-999.0,-999.0,-999.0,-999.0,-999.0,0,-999.0,-999.0,-999.0,0,0,0.2249930053949356,21.400999069213867,0.10746400058269501,-999.0,1,21.400999069213867,21.400999069213867,20.98509979248047,0.14013299345970154,-999.0,1,20.828500747680664,0.10746400058269501,-999.0,1,16777752,-999.0,-999.0,-999.0,-999.0,0,-999.0,-999.0,-999.0,-999.0,-999.0,0,-999.0,-999.0,-999.0,0,0,-999.0,-999.0,-999.0,-999.0,0,-999.0,-999.0,-999.0,-999.0,-999.0,0,-999.0,-999.0,-999.0,0,0,-999.0,-999.0,-999.0,-999.0,0,-999.0,-999.0,-999.0,-999.0,-999.0,0,-999.0,-999.0,-999.0,0,0,0.02665428560822042
PSO J139.6104+35.9352,-999,-999,-999,151121396103612911,3578835000027181,214022515354156,0,16486947555853,15112,1,2038,90,0.360593324862973,3578835,49831,3,268959744,0,32,-999.0,-999.0,-999.0,-999.0,139.61036947,35.93524571,0.19213999807834625,0.19213999807834625,,,,,55651.26361111,-999.0,-0.616697892936463,0.5246586235349596,0.5868705458600971,130.78583531024884,19.253358453059782,188.01301599127396,44.32831215175901,-999,0,1,0,0,0,0,1,-999.0,-999.0,-999.0,-999.0,0,-999.0,-999.0,-999.0,-999.0,-999.0,0,-999.0,-999.0,-999.0,0,0,-999.0,-999.0,-999.0,-999.0,0,-999.0,-999.0,-999.0,-999.0,-999.0,0,-999.0,-999.0,-999.0,0,0,-999.0,-999.0,-999.0,-999.0,0,-999.0,-999.0,-999.0,-999.0,-999.0,0,-999.0,-999.0,-999.0,0,0,-999.0,-999.0,-999.0,-999.0,0,-999.0,-999.0,-999.0,-999.0,-999.0,0,-999.0,-999.0,-999.0,0,0,0.6640570163726807,19.85059928894043,0.19155199825763702,-999.0,1,19.85059928894043,19.85059928894043,-999.0,-999.0,-999.0,0,21.41119956970215,0.19155199825763702,-999.0,1,4120,0.0271539836575684
PSO J139.6104+35.9343,-999,-999,-999,151121396104161810,3578835000027197,214022515354172,0,16486947556060,15112,1,2038,90,0.699483007844056,3578835,49831,3,444674048,0,53,139.61034454,35.93455469,0.0010000000474974513,0.0010000000474974513,139.61044215,35.93433553,0.17615999281406403,0.17615999281406403,,,,,55275.31780093,-999.0,-0.6167056591706607,0.5246638821903621,0.5868576834904855,130.78620374405241,19.252515300441576,188.01429086935255,44.328298683849226,-999,8,1,1,0,0,0,0,0.47940099239349365,22.21940040588379,0.1755169928073883,-999.0,1,22.21940040588379,22.21940040588379,21.407499313354492,0.18330200016498566,-999.0,1,21.3523006439209,0.1755169928073883,-999.0,1,16892472,-999.0,-999.0,-999.0,-999.0,0,-999.0,-999.0,-999.0,-999.0,-999.0,0,-999.0,-999.0,-999.0,0,114720,-999.0,-999.0,-999.0,-999.0,0,-999.0,-999.0,-999.0,-999.0,-999.0,0,-999.0,-999.0,-999.0,0,114720,-999.0,-999.0,-999.0,-999.0,0,-999.0,-999.0,-999.0,-999.0,-999.0,0,-999.0,-999.0,-999.0,0,114720,-999.0,-999.0,-999.0,-999.0,0,-999.0,-999.0,-999.0,-999.0,-999.0,0,-999.0,-999.0,-999.0,0,16416,0.02636210555314407
PSO J139.6108+35.9343,-999,-999,-999,151121396107651798,3578835000027280,214022515354255,0,16486947555985,15112,1,2038,90,0.167980056412499,3578835,49831,3,268959744,0,32,-999.0,-999.0,-999.0,-999.0,139.61078543,35.93434673,0.25812000036239624,0.25812000036239624,,,,,56344.39150463,-999.0,-0.616708715237594,0.5246601129374655,0.5868578417661658,130.78647878014547,19.25261510728835,188.01430605652493,44.32857664757978,-999,0,1,0,1,0,0,0,-999.0,-999.0,-999.0,-999.0,0,-999.0,-999.0,-999.0,-999.0,-999.0,0,-999.0,-999.0,-999.0,0,0,0.7960839867591858,21.512300491333008,0.2576819956302643,-999.0,1,21.512300491333008,21.512300491333008,-999.0,-999.0,-999.0,0,22.434099197387695,0.2576819956302643,-999.0,1,4120,-999.0,-999.0,-999.0,-999.0,0,-999.0,-999.0,-999.0,-999.0,-999.0,0,-999.0,-999.0,-999.0,0,0,-999.0,-999.0,-999.0,-999.0,0,-999.0,-999.0,-999.0,-999.0,-999.0,0,-999.0,-999.0,-999.0,0,0,-999.0,-999.0,-999.0,-999.0,0,-999.0,-999.0,-999.0,-999.0,-999.0,0,-999.0,-999.0,-999.0,0,0,0.02649742989982746
PSO J139.6111+35.9347,-999,-999,-999,151121396110822272,3578835000027363,214022515354338,0,16486947556589,15112,1,2038,90,0.564819435183722,3578835,49831,3,268959744,0,32,-999.0,-999.0,-999.0,-999.0,139.61110854,35.9347371,0.20566000044345856,0.20566000044345856,,,,,56344.37971065,-999.0,-0.6167086285062671,0.5246540442358754,0.5868633583662037,130.78660854006233,19.25306878771603,188.01379104522843,44.32886837916487,-999,0,1,0,1,0,0,0,-999.0,-999.0,-999.0,-999.0,0,-999.0,-999.0,-999.0,-999.0,-999.0,0,-999.0,-999.0,-999.0,0,0,0.8005639910697937,21.538700103759766,0.20511700212955475,-999.0,1,21.538700103759766,21.538700103759766,-999.0,-999.0,-999.0,0,21.965299606323242,0.20511700212955475,-999.0,1,4120,-999.0,-999.0,-999.0,-999.0,0,-999.0,-999.0,-999.0,-999.0,-999.0,0,-999.0,-999.0,-999.0,0,0,-999.0,-999.0,-999.0,-999.0,0,-999.0,-999.0,-999.0,-999.0,-999.0,0,-999.0,-999.0,-999.0,0,0,-999.0,-999.0,-999.0,-999.0,0,-999.0,-999.0,-999.0,-999.0,-999.0,0,-999.0,-999.0,-999.0,0,0,0.026964143916515818
PSO J139.6114+35.9410,-999,-999,-999,151121396113269826,3578835000027447,214022515354422,0,16486947559816,15112,1,2038,90,0.82558568178265,3578835,49831,3,369418240,7,44,-999.0,-999.0,-999.0,-999.0,139.6113517591772,35.94101342254991,0.001564857310442004,0.0015631741186261626,-17.925529918143695,-5.9110145317497835,1.4238416528133515,1.4228313078997912,55646.14002384813,1.9867000579833984,-0.6166618870764041,0.5246097675266435,0.5869520498669455,130.78467559535872,19.259073156358113,188.00507213023647,44.329563149449434,-999,0,117,26,24,24,17,26,0.9997159838676453,20.623199462890625,0.013962999917566776,0.07726699858903885,24,20.48080062866211,20.818300247192383,20.720699310302734,0.026321999728679657,0.1739570051431656,24,20.605300903320312,0.030365999788045883,0.120387002825737,24,280,0.999297022819519,19.51219940185547,0.006653000134974718,0.034324001520872116,17,19.436399459838867,19.55229949951172,19.597299575805664,0.014254000037908554,0.052675001323223114,17,19.49720001220703,0.011377999559044838,0.058006998151540756,17,280,0.9990829825401306,18.3843994140625,0.007493000011891127,0.03946499899029732,18,18.339799880981445,18.478200912475586,18.476200103759766,0.009146999567747116,0.05037799850106239,18,18.38629913330078,0.006732000038027763,0.03313000127673149,18,280,0.9991880059242249,17.8966007232666,0.004141999874264002,0.021763000637292862,15,17.873300552368164,17.945499420166016,17.98069953918457,0.012316999956965446,0.04960799962282181,15,17.906999588012695,0.007981999777257442,0.03596000000834465,15,280,0.9995080232620239,17.629100799560547,0.010346000082790852,0.0613970011472702,18,17.492599487304688,17.7544002532959,17.762100219726562,0.014085999689996243,0.10548499971628189,18,17.672300338745117,0.014010000042617321,0.05919799953699112,19,280,0.03274808004932522
PSO J139.6114+35.9359,-999,-999,-999,151121396113973697,3578835000027460,214022515354435,0,16486947554792,15112,1,2038,90,0.0128122447177882,3578835,49831,3,268959744,0,32,-999.0,-999.0,-999.0,-999.0,139.61140362,35.93589442,0.22598999738693237,0.22598999738693237,,,,,55650.25525463,-999.0,-0.6167023015380083,0.5246431869322558,0.5868797131297772,130.78645481394102,19.25424156664919,188.0122047318612,44.32919824549949,-999,0,1,0,0,0,1,0,-999.0,-999.0,-999.0,-999.0,0,-999.0,-999.0,-999.0,-999.0,-999.0,0,-999.0,-999.0,-999.0,0,0,-999.0,-999.0,-999.0,-999.0,0,-999.0,-999.0,-999.0,-999.0,-999.0,0,-999.0,-999.0,-999.0,0,0,-999.0,-999.0,-999.0,-999.0,0,-999.0,-999.0,-999.0,-999.0,-999.0,0,-999.0,-999.0,-999.0,0,0,0.736312985420227,21.347000122070312,0.225491002202034,-999.0,1,21.347000122070312,21.347000122070312,-999.0,-999.0,-999.0,0,21.76300048828125,0.225491002202034,-999.0,1,4120,-999.0,-999.0,-999.0,-999.0,0,-999.0,-999.0,-999.0,-999.0,-999.0,0,-999.0,-999.0,-999.0,0,0,0.02810456847325064
PSO J139.6117+35.9336,-999,-999,-999,151121396117190944,3578835000027533,214022515354508,0,16486947557249,15112,1,2038,90,0.10391798345737,3578835,49831,3,268959744,0,32,-999.0,-999.0,-999.0,-999.0,139.61172628,35.93360984,0.13603000342845917,0.13603000342845917,,,,,56759.31069444,-999.0,-0.6167230793519693,0.5246548765116351,0.5868474281678207,130.78749351803444,19.252161671683243,188.01541734403972,44.329277649471216,-999,0,1,0,0,1,0,0,-999.0,-999.0,-999.0,-999.0,0,-999.0,-999.0,-999.0,-999.0,-999.0,0,-999.0,-999.0,-999.0,0,0,-999.0,-999.0,-999.0,-999.0,0,-999.0,-999.0,-999.0,-999.0,-999.0,0,-999.0,-999.0,-999.0,0,0,0.6321629881858826,16.149700164794922,0.13520300388336182,-999.0,1,16.149700164794922,16.149700164794922,-999.0,-999.0,-999.0,0,-999.0,-999.0,-999.0,0,4112,-999.0,-999.0,-999.0,-999.0,0,-999.0,-999.0,-999.0,-999.0,-999.0,0,-999.0,-999.0,-999.0,0,0,-999.0,-999.0,-999.0,-999.0,0,-999.0,-999.0,-999.0,-999.0,-999.0,0,-999.0,-999.0,-999.0,0,0,0.02620746397488056
PSO J139.6118+35.9387,-999,-999,-999,151121396117957010,3578835000027563,214022515354538,0,16486947567850,15112,1,2038,90,0.111240673913845,3578835,49831,3,302067712,0,36,-999.0,-999.0,-999.0,-999.0,139.61183287,35.93867457,0.18201999366283417,0.18201999366283417,,,,,55248.2978588,-999.0,-0.6166845411695876,0.5246201140229174,0.5869190000715911,130.7858583802678,19.256986193748247,188.00836890625948,44.32976487601526,-999,0,1,0,1,0,0,0,-999.0,-999.0,-999.0,-999.0,0,-999.0,-999.0,-999.0,-999.0,-999.0,0,-999.0,-999.0,-999.0,0,0,0.07426799833774567,21.784900665283203,0.1814039945602417,-999.0,1,21.784900665283203,21.784900665283203,-999.0,-999.0,-999.0,0,-999.0,-999.0,-999.0,0,536,-999.0,-999.0,-999.0,-999.0,0,-999.0,-999.0,-999.0,-999.0,-999.0,0,-999.0,-999.0,-999.0,0,0,-999.0,-999.0,-999.0,-999.0,0,-999.0,-999.0,-999.0,-999.0,-999.0,0,-999.0,-999.0,-999.0,0,0,-999.0,-999.0,-999.0,-999.0,0,-999.0,-999.0,-999.0,-999.0,-999.0,0,-999.0,-999.0,-999.0,0,0,0.030761174337003594
PSO J139.6120+35.9381,-999,-999,-999,151121396119976305,3578835000027621,214022515354596,0,16486947567774,15112,1,2038,90,0.531600762653724,3578835,49831,3,268513280,0,32,-999.0,-999.0,-999.0,-999.0,139.61201585,35.93807922,0.02566000074148178,0.02566000074148178,,,,,55249.29614583,-999.0,-0.6166908616839964,0.5246220961754691,0.5869105871594982,130.7862093994315,19.256469882440694,188.00921496525277,44.32986542405003,-999,0,1,0,0,1,0,0,-999.0,-999.0,-999.0,-999.0,0,-999.0,-999.0,-999.0,-999.0,-999.0,0,-999.0,-999.0,-999.0,0,0,-999.0,-999.0,-999.0,-999.0,0,-999.0,-999.0,-999.0,-999.0,-999.0,0,-999.0,-999.0,-999.0,0,0,0.989238977432251,18.496700286865234,0.020816000178456306,-999.0,1,18.496700286865234,18.496700286865234,18.885499954223633,0.041398998349905014,-999.0,1,18.816200256347656,0.020816000178456306,-999.0,1,24,-999.0,-999.0,-999.0,-999.0,0,-999.0,-999.0,-999.0,-999.0,-999.0,0,-999.0,-999.0,-999.0,0,0,-999.0,-999.0,-999.0,-999.0,0,-999.0,-999.0,-999.0,-999.0,-999.0,0,-999.0,-999.0,-999.0,0,0,0.030285331899064426
PSO J139.6124+35.9390,-999,-999,-999,151121396124097349,3578835000027719,214022515354694,0,16486947567675,15112,1,2038,90,0.805017765429819,3578835,49831,3,268959744,0,32,-999.0,-999.0,-999.0,-999.0,139.61242602,35.93896357,0.09262999892234802,0.09262999892234802,,,,,55521.6127662,-999.0,-0.6166877173271366,0.5246118115921182,0.5869230839180563,130.78624192711854,19.257414031644817,188.0080193110821,44.330266487902186,-999,0,1,0,0,0,0,1,-999.0,-999.0,-999.0,-999.0,0,-999.0,-999.0,-999.0,-999.0,-999.0,0,-999.0,-999.0,-999.0,0,0,-999.0,-999.0,-999.0,-999.0,0,-999.0,-999.0,-999.0,-999.0,-999.0,0,-999.0,-999.0,-999.0,0,0,-999.0,-999.0,-999.0,-999.0,0,-999.0,-999.0,-999.0,-999.0,-999.0,0,-999.0,-999.0,-999.0,0,0,-999.0,-999.0,-999.0,-999.0,0,-999.0,-999.0,-999.0,-999.0,-999.0,0,-999.0,-999.0,-999.0,0,0,0.6169340014457703,18.828500747680664,0.09141000360250473,-999.0,1,18.828500747680664,18.828500747680664,-999.0,-999.0,-999.0,0,19.0132999420166,0.09141000360250473,-999.0,1,4120,0.031226565771324363
PSO J139.6126+35.9352,-999,-999,-999,151121396125362849,3578835000027755,214022515354730,0,16486947556495,15112,1,2038,90,0.444206555787666,3578835,49831,3,310456320,0,37,-999.0,-999.0,-999.0,-999.0,139.61256096,35.93521704,0.10079000145196915,0.10079000145196915,,,,,55918.62650463,0.18060000240802765,-0.6167181836803666,0.5246352255275302,0.5868701407071816,130.78762517169903,19.25390074956762,188.0132524803451,44.33007870948999,-999,0,3,0,2,1,0,0,-999.0,-999.0,-999.0,-999.0,0,-999.0,-999.0,-999.0,-999.0,-999.0,0,-999.0,-999.0,-999.0,0,0,0.2294130027294159,21.68440055847168,0.11128900200128555,0.16009600460529327,2,21.593900680541992,21.8164005279541,20.88759994506836,0.20228199660778046,0.2997489869594574,2,20.962299346923828,0.12404400110244751,0.17858299612998962,2,16777752,0.7326859831809998,21.524799346923828,0.22104500234127045,-999.0,1,21.524799346923828,21.524799346923828,-999.0,-999.0,-999.0,0,21.881900787353516,0.22104500234127045,-999.0,1,4120,-999.0,-999.0,-999.0,-999.0,0,-999.0,-999.0,-999.0,-999.0,-999.0,0,-999.0,-999.0,-999.0,0,0,-999.0,-999.0,-999.0,-999.0,0,-999.0,-999.0,-999.0,-999.0,-999.0,0,-999.0,-999.0,-999.0,0,0,0.027940547363632277
PSO J139.6128+35.9394,-999,-999,-999,151121396127287847,3578835000027794,214022515354769,0,16486947559431,15112,1,2038,90,0.908124780196813,3578835,49831,3,268959744,0,32,-999.0,-999.0,-999.0,-999.0,139.6127548,35.93938284,0.3068299889564514,0.3068299889564514,,,,,56344.37971065,-999.0,-0.6166874563319085,0.5246054899568665,0.5869290085776955,130.78636644739802,19.25789655390188,188.00746447834675,44.33056503349678,-999,0,1,0,1,0,0,0,-999.0,-999.0,-999.0,-999.0,0,-999.0,-999.0,-999.0,-999.0,-999.0,0,-999.0,-999.0,-999.0,0,0,0.7659040093421936,21.886199951171875,0.30646198987960815,-999.0,1,21.886199951171875,21.886199951171875,-999.0,-999.0,-999.0,0,23.61520004272461,0.30646198987960815,-999.0,1,4120,-999.0,-999.0,-999.0,-999.0,0,-999.0,-999.0,-999.0,-999.0,-999.0,0,-999.0,-999.0,-999.0,0,0,-999.0,-999.0,-999.0,-999.0,0,-999.0,-999.0,-999.0,-999.0,-999.0,0,-999.0,-999.0,-999.0,0,0,-999.0,-999.0,-999.0,-999.0,0,-999.0,-999.0,-999.0,-999.0,-999.0,0,-999.0,-999.0,-999.0,0,0,0.031719525445544336
PSO J139.6136+35.9339,-999,-999,-999,151121396136131261,3578835000027997,214022515354972,0,16486947557179,15112,1,2038,90,0.894387662312377,3578835,49831,3,268959744,0,32,-999.0,-999.0,-999.0,-999.0,139.61361982,35.93387382,0.2502000033855438,0.2502000033855438,,,,,56759.31069444,-999.0,-0.6167383586100592,0.524632742549046,0.586851158697362,130.78894189267552,19.2529037318079,188.01521932185324,44.33082693918656,-999,0,1,0,0,1,0,0,-999.0,-999.0,-999.0,-999.0,0,-999.0,-999.0,-999.0,-999.0,-999.0,0,-999.0,-999.0,-999.0,0,0,-999.0,-999.0,-999.0,-999.0,0,-999.0,-999.0,-999.0,-999.0,-999.0,0,-999.0,-999.0,-999.0,0,0,0.7708060145378113,17.009300231933594,0.24975499510765076,-999.0,1,17.009300231933594,17.009300231933594,-999.0,-999.0,-999.0,0,17.413400650024414,0.24975499510765076,-999.0,1,4112,-999.0,-999.0,-999.0,-999.0,0,-999.0,-999.0,-999.0,-999.0,-999.0,0,-999.0,-999.0,-999.0,0,0,-999.0,-999.0,-999.0,-999.0,0,-999.0,-999.0,-999.0,-999.0,-999.0,0,-999.0,-999.0,-999.0,0,0,0.027214448713815065
PSO J139.6139+35.9357,-999,-999,-999,151121396138673383,3578835000028050,214022515355025,0,16486947554967,15112,1,2038,90,0.742717191337344,3578835,49831,3,268959744,0,32,-999.0,-999.0,-999.0,-999.0,139.61389333,35.93565951,0.2213200032711029,0.2213200032711029,,,,,56344.35071759,-999.0,-0.6167269313808816,0.5246179475228928,0.5868763934989961,130.78855701699686,19.254666034248075,188.01275532300372,44.331189160456056,-999,0,1,0,0,1,0,0,-999.0,-999.0,-999.0,-999.0,0,-999.0,-999.0,-999.0,-999.0,-999.0,0,-999.0,-999.0,-999.0,0,0,-999.0,-999.0,-999.0,-999.0,0,-999.0,-999.0,-999.0,-999.0,-999.0,0,-999.0,-999.0,-999.0,0,0,0.7372120022773743,21.534900665283203,0.22080999612808228,-999.0,1,21.534900665283203,21.534900665283203,-999.0,-999.0,-999.0,0,22.145299911499023,0.22080999612808228,-999.0,1,4120,-999.0,-999.0,-999.0,-999.0,0,-999.0,-999.0,-999.0,-999.0,-999.0,0,-999.0,-999.0,-999.0,0,0,-999.0,-999.0,-999.0,-999.0,0,-999.0,-999.0,-999.0,-999.0,-999.0,0,-999.0,-999.0,-999.0,0,0,0.028858271378277938
PSO J139.6142+35.9350,-999,-999,-999,151121396141862532,3578835000028114,214022515355089,0,16486947557100,15112,1,2038,90,0.0532914894197988,3578835,49831,3,268959744,0,32,-999.0,-999.0,-999.0,-999.0,139.61420703,35.93495803,0.23284000158309937,0.23284000158309937,,,,,56344.39150463,-999.0,-0.6167352766251646,0.5246192263543129,0.5868664804753155,130.78905030115408,19.25408317946578,188.01376103119793,44.33138679706306,-999,0,1,0,1,0,0,0,-999.0,-999.0,-999.0,-999.0,0,-999.0,-999.0,-999.0,-999.0,-999.0,0,-999.0,-999.0,-999.0,0,0,0.7108439803123474,21.299999237060547,0.232354998588562,-999.0,1,21.299999237060547,21.299999237060547,-999.0,-999.0,-999.0,0,-999.0,-999.0,-999.0,0,4120,-999.0,-999.0,-999.0,-999.0,0,-999.0,-999.0,-999.0,-999.0,-999.0,0,-999.0,-999.0,-999.0,0,0,-999.0,-999.0,-999.0,-999.0,0,-999.0,-999.0,-999.0,-999.0,-999.0,0,-999.0,-999.0,-999.0,0,0,-999.0,-999.0,-999.0,-999.0,0,-999.0,-999.0,-999.0,-999.0,-999.0,0,-999.0,-999.0,-999.0,0,0,0.028386871600265387
PSO J139.6143+35.9374,-999,-999,-999,151121396142465510,3578835000028130,214022515355105,0,16486947522637,15112,1,2038,90,0.655080881579854,3578835,49831,3,310456320,0,37,-999.0,-999.0,-999.0,-999.0,139.61427782,35.93740894,0.10136999934911728,0.10136999934911728,,,,,56283.60864583,-999.0,-0.6167168024767802,0.524602198207,0.5869011153330683,130.7882745957238,19.25642283004801,188.01035176927095,44.331638022000476,-999,0,1,1,0,0,0,0,0.10665900260210037,21.201000213623047,0.10025899857282639,-999.0,1,21.201000213623047,21.201000213623047,20.891399383544922,0.18181900680065155,-999.0,1,20.797100067138672,0.10025899857282639,-999.0,1,16777752,-999.0,-999.0,-999.0,-999.0,0,-999.0,-999.0,-999.0,-999.0,-999.0,0,-999.0,-999.0,-999.0,0,0,-999.0,-999.0,-999.0,-999.0,0,-999.0,-999.0,-999.0,-999.0,-999.0,0,-999.0,-999.0,-999.0,0,0,-999.0,-999.0,-999.0,-999.0,0,-999.0,-999.0,-999.0,-999.0,-999.0,0,-999.0,-999.0,-999.0,0,0,-999.0,-999.0,-999.0,-999.0,0,-999.0,-999.0,-999.0,-999.0,-999.0,0,-999.0,-999.0,-999.0,0,0,0.030531639477621348
PSO J139.6143+35.9331,-999,-999,-999,151121396142670332,3578835000028134,214022515355109,0,16486947553931,15112,1,2038,90,0.856301191129071,3578835,49831,3,268513280,0,32,-999.0,-999.0,-999.0,-999.0,139.61430064,35.93311048,0.027559999376535416,0.027559999376535416,,,,,55249.27380787,-999.0,-0.6167505478375643,0.5246304798788732,0.5868403712459866,130.78975441390781,19.252357689038124,188.01634417176803,44.33131597904849,-999,0,1,0,0,0,0,1,-999.0,-999.0,-999.0,-999.0,0,-999.0,-999.0,-999.0,-999.0,-999.0,0,-999.0,-999.0,-999.0,0,0,-999.0,-999.0,-999.0,-999.0,0,-999.0,-999.0,-999.0,-999.0,-999.0,0,-999.0,-999.0,-999.0,0,0,-999.0,-999.0,-999.0,-999.0,0,-999.0,-999.0,-999.0,-999.0,-999.0,0,-999.0,-999.0,-999.0,0,0,-999.0,-999.0,-999.0,-999.0,0,-999.0,-999.0,-999.0,-999.0,-999.0,0,-999.0,-999.0,-999.0,0,0,0.32570400834083557,17.081600189208984,0.02311599999666214,-999.0,1,17.081600189208984,17.081600189208984,17.735200881958008,0.054976001381874084,-999.0,1,17.639799118041992,0.02311599999666214,-999.0,1,16,0.02687071715834321
PSO J139.6150+35.9356,-999,-999,-999,151121396149553272,3578835000028294,214022515355269,0,16486947554876,15112,1,2038,90,0.836646030504858,3578835,49831,3,310456320,0,37,-999.0,-999.0,-999.0,-999.0,139.61497844,35.93555388,0.14560000598430634,0.14560000598430634,,,,,55918.63284722,-999.0,-0.6167376910107529,0.5246069684200461,0.5868749007853836,130.78947434243597,19.25484796671429,188.01299980671715,44.3320566236823,-999,0,1,0,1,0,0,0,-999.0,-999.0,-999.0,-999.0,0,-999.0,-999.0,-999.0,-999.0,-999.0,0,-999.0,-999.0,-999.0,0,0,0.26034098863601685,21.748300552368164,0.14482399821281433,-999.0,1,21.748300552368164,21.748300552368164,21.107200622558594,0.1723710000514984,-999.0,1,21.045000076293945,0.14482399821281433,-999.0,1,16777752,-999.0,-999.0,-999.0,-999.0,0,-999.0,-999.0,-999.0,-999.0,-999.0,0,-999.0,-999.0,-999.0,0,0,-999.0,-999.0,-999.0,-999.0,0,-999.0,-999.0,-999.0,-999.0,-999.0,0,-999.0,-999.0,-999.0,0,0,-999.0,-999.0,-999.0,-999.0,0,-999.0,-999.0,-999.0,-999.0,-999.0,0,-999.0,-999.0,-999.0,0,0,0.029222064520166423
PSO J139.6153+35.9393,-999,-999,-999,151121396152657689,3578835000187246,214022515515844,0,16486947533946,15112,1,2038,90,0.553465845578784,3578835,49831,3,404226048,0,48,139.61526176,35.93926608,0.0010000000474974513,0.0010000000474974513,139.61526176,35.93926608,0.0010000000474974513,0.0010000000474974513,,,,,55646.00913194,-999.0,-0.6167113207598802,0.524579281430025,0.5869273586577498,130.78844244490315,19.258437403281487,188.00785175954456,44.33257915967586,-999,6,0,0,0,0,0,0,-999.0,-999.0,-999.0,-999.0,0,-999.0,-999.0,-999.0,-999.0,-999.0,0,-999.0,-999.0,-999.0,0,114720,-999.0,-999.0,-999.0,-999.0,0,-999.0,-999.0,-999.0,-999.0,-999.0,0,-999.0,-999.0,-999.0,0,114720,-999.0,-999.0,-999.0,-999.0,0,-999.0,-999.0,-999.0,-999.0,-999.0,0,-999.0,-999.0,-999.0,0,114720,-999.0,-999.0,-999.0,-999.0,0,-999.0,-999.0,-999.0,-999.0,-999.0,0,-999.0,-999.0,-999.0,0,16416,-999.0,-999.0,-999.0,-999.0,0,-999.0,-999.0,-999.0,-999.0,-999.0,0,-999.0,-999.0,-999.0,0,16416,0.032542186853988145
PSO J139.6156+35.9358,-999,-999,-999,151121396156043543,3578835000028432,214022515355407,0,16486947522874,15112,1,2038,90,0.18319927079901,3578835,49831,3,302067712,0,36,-999.0,-999.0,-999.0,-999.0,139.61562251,35.93578173,0.13230000436306,0.13230000436306,,,,,55918.62197917,-999.0,-0.6167418104239532,0.5245985234202493,0.5868781206522177,130.78992004833557,19.255231132038997,188.01274000176613,44.33259451761235,-999,0,1,0,1,0,0,0,-999.0,-999.0,-999.0,-999.0,0,-999.0,-999.0,-999.0,-999.0,-999.0,0,-999.0,-999.0,-999.0,0,0,0.2277050018310547,21.592500686645508,0.13144400715827942,-999.0,1,21.592500686645508,21.592500686645508,21.304800033569336,0.21089999377727509,-999.0,1,21.384000778198242,0.13144400715827942,-999.0,1,536,-999.0,-999.0,-999.0,-999.0,0,-999.0,-999.0,-999.0,-999.0,-999.0,0,-999.0,-999.0,-999.0,0,0,-999.0,-999.0,-999.0,-999.0,0,-999.0,-999.0,-999.0,-999.0,-999.0,0,-999.0,-999.0,-999.0,0,0,-999.0,-999.0,-999.0,-999.0,0,-999.0,-999.0,-999.0,-999.0,-999.0,0,-999.0,-999.0,-999.0,0,0,0.029692957745066393
PSO J139.6159+35.9355,-999,-999,-999,151121396158263219,3578835000028482,214022515355457,0,16486947523851,15112,1,2038,90,0.449045068071266,3578835,49831,3,268959744,0,32,-999.0,-999.0,-999.0,-999.0,139.61585289,35.93552585,0.262719988822937,0.262719988822937,,,,,56344.37971065,-999.0,-0.6167459162025777,0.5245977417089377,0.5868745046782367,130.79019417210472,19.2550486562064,188.01311725525474,44.33276020314861,-999,0,1,0,1,0,0,0,-999.0,-999.0,-999.0,-999.0,0,-999.0,-999.0,-999.0,-999.0,-999.0,0,-999.0,-999.0,-999.0,0,0,0.7547889947891235,21.768400192260742,0.2622950077056885,-999.0,1,21.768400192260742,21.768400192260742,-999.0,-999.0,-999.0,0,22.225099563598633,0.2622950077056885,-999.0,1,4120,-999.0,-999.0,-999.0,-999.0,0,-999.0,-999.0,-999.0,-999.0,-999.0,0,-999.0,-999.0,-999.0,0,0,-999.0,-999.0,-999.0,-999.0,0,-999.0,-999.0,-999.0,-999.0,-999.0,0,-999.0,-999.0,-999.0,0,0,-999.0,-999.0,-999.0,-999.0,0,-999.0,-999.0,-999.0,-999.0,-999.0,0,-999.0,-999.0,-999.0,0,0,0.029579079425040906
PSO J139.6162+35.9329,-999,-999,-999,151121396161460101,3578835000028554,214022515355529,0,16486947554213,15112,1,2038,90,0.361662352794467,3578835,49831,3,268959744,0,32,-999.0,-999.0,-999.0,-999.0,139.61617736,35.93291588,0.3524399995803833,0.3524399995803833,,,,,56043.26700231,-999.0,-0.6167692499701524,0.524611569337459,0.5868376211598436,130.7913450246243,19.252661079401815,188.01678369613836,44.33281536932717,-999,0,1,0,0,0,1,0,-999.0,-999.0,-999.0,-999.0,0,-999.0,-999.0,-999.0,-999.0,-999.0,0,-999.0,-999.0,-999.0,0,0,-999.0,-999.0,-999.0,-999.0,0,-999.0,-999.0,-999.0,-999.0,-999.0,0,-999.0,-999.0,-999.0,0,0,-999.0,-999.0,-999.0,-999.0,0,-999.0,-999.0,-999.0,-999.0,-999.0,0,-999.0,-999.0,-999.0,0,0,0.6714500188827515,21.77079963684082,0.35212400555610657,-999.0,1,21.77079963684082,21.77079963684082,-999.0,-999.0,-999.0,1,22.691200256347656,0.35212400555610657,-999.0,1,4120,-999.0,-999.0,-999.0,-999.0,0,-999.0,-999.0,-999.0,-999.0,-999.0,0,-999.0,-999.0,-999.0,0,0,0.027585768299499668
PSO J139.6169+35.9341,-999,-999,-999,151121396168911506,3578835000187263,214022515515861,0,16486947521138,15112,1,2038,90,0.761569223144622,3578835,49831,3,1075314688,0,128,139.61690648,35.93407248,0.0010000000474974513,0.0010000000474974513,139.61690648,35.93407248,0.0010000000474974513,0.0010000000474974513,,,,,55666.73549769,-999.0,-0.6167669021738565,0.5245960453776375,0.5868539661253114,130.79154408544957,19.253945968770203,188.01523718782727,44.333495501620554,-999,1,0,0,0,0,0,0,-999.0,-999.0,-999.0,-999.0,0,-999.0,-999.0,-999.0,-999.0,-999.0,0,-999.0,-999.0,-999.0,0,32,-999.0,-999.0,-999.0,-999.0,0,-999.0,-999.0,-999.0,-999.0,-999.0,0,-999.0,-999.0,-999.0,0,32800,-999.0,-999.0,-999.0,-999.0,0,-999.0,-999.0,-999.0,-999.0,-999.0,0,-999.0,-999.0,-999.0,0,32,-999.0,-999.0,-999.0,-999.0,0,-999.0,-999.0,-999.0,-999.0,-999.0,0,-999.0,-999.0,-999.0,0,32,-999.0,-999.0,-999.0,-999.0,0,-999.0,-999.0,-999.0,-999.0,-999.0,0,-999.0,-999.0,-999.0,0,32,0.028867326372759277
PSO J139.6176+35.9361,-999,-999,-999,151121396175693917,3578835000028862,214022515355837,0,16486947524384,15112,1,2038,90,0.248673912369342,3578835,49831,3,302067712,0,36,-999.0,-999.0,-999.0,-999.0,139.61759185,35.93609191,0.13876000046730042,0.13876000046730042,,,,,55918.63284722,-999.0,-0.6167574211103543,0.5245752663442383,0.5868825039521766,130.79141425118385,19.256036668025725,188.0124842111755,44.33420859290015,-999,0,2,0,1,1,0,0,-999.0,-999.0,-999.0,-999.0,0,-999.0,-999.0,-999.0,-999.0,-999.0,0,-999.0,-999.0,-999.0,0,0,0.28416600823402405,21.69070053100586,0.13794900476932526,-999.0,1,21.69070053100586,21.69070053100586,21.572500228881836,0.20645299553871155,-999.0,1,21.36039924621582,0.13794900476932526,-999.0,1,536,0.7370989918708801,21.393299102783203,0.20168599486351013,-999.0,1,21.393299102783203,21.393299102783203,-999.0,-999.0,-999.0,0,21.636899948120117,0.20168599486351013,-999.0,1,4120,-999.0,-999.0,-999.0,-999.0,0,-999.0,-999.0,-999.0,-999.0,-999.0,0,-999.0,-999.0,-999.0,0,0,-999.0,-999.0,-999.0,-999.0,0,-999.0,-999.0,-999.0,-999.0,-999.0,0,-999.0,-999.0,-999.0,0,0,0.03083472537928107
PSO J139.6180+35.9359,-999,-999,-999,151121396179473613,3578835000028947,214022515355922,0,16486947524389,15112,1,2038,90,0.0374836223549057,3578835,49831,3,268959744,0,32,-999.0,-999.0,-999.0,-999.0,139.61797446,35.93585464,0.18729999661445618,0.18729999661445618,,,,,56344.37971065,-999.0,-0.6167627754117627,0.5245727223294211,0.5868791509793814,130.79180570419132,19.255911380732364,188.01284917460003,44.33449862716397,-999,0,1,0,1,0,0,0,-999.0,-999.0,-999.0,-999.0,0,-999.0,-999.0,-999.0,-999.0,-999.0,0,-999.0,-999.0,-999.0,0,0,0.7746599912643433,21.40839958190918,0.18669800460338593,-999.0,1,21.40839958190918,21.40839958190918,-999.0,-999.0,-999.0,0,21.917999267578125,0.18669800460338593,-999.0,1,4120,-999.0,-999.0,-999.0,-999.0,0,-999.0,-999.0,-999.0,-999.0,-999.0,0,-999.0,-999.0,-999.0,0,0,-999.0,-999.0,-999.0,-999.0,0,-999.0,-999.0,-999.0,-999.0,-999.0,0,-999.0,-999.0,-999.0,0,0,-999.0,-999.0,-999.0,-999.0,0,-999.0,-999.0,-999.0,-999.0,-999.0,0,-999.0,-999.0,-999.0,0,0,0.030818713407338653
PSO J139.6195+35.9374,-999,-999,-999,151121396195595607,3578835000187301,214022515515899,0,16486947521909,15112,1,2038,90,0.688327524520762,3578835,49831,3,404226048,0,48,139.61952174,35.93741784,0.0010000000474974513,0.0010000000474974513,139.61952174,35.93741784,0.0010000000474974513,0.0010000000474974513,,,,,55638.60297454,-999.0,-0.6167647439656001,0.5245456927621902,0.586901241100819,130.79253105276217,19.2577939722805,188.0108091579823,44.33587119256588,-999,4,0,0,0,0,0,0,-999.0,-999.0,-999.0,-999.0,0,-999.0,-999.0,-999.0,-999.0,-999.0,0,-999.0,-999.0,-999.0,0,16416,-999.0,-999.0,-999.0,-999.0,0,-999.0,-999.0,-999.0,-999.0,-999.0,0,-999.0,-999.0,-999.0,0,114720,-999.0,-999.0,-999.0,-999.0,0,-999.0,-999.0,-999.0,-999.0,-999.0,0,-999.0,-999.0,-999.0,0,114720,-999.0,-999.0,-999.0,-999.0,0,-999.0,-999.0,-999.0,-999.0,-999.0,0,-999.0,-999.0,-999.0,0,16416,-999.0,-999.0,-999.0,-999.0,0,-999.0,-999.0,-999.0,-999.0,-999.0,0,-999.0,-999.0,-999.0,0,16416,0.032818949990047246
PSO J139.6197+35.9364,-999,-999,-999,151121396196404257,3578835000029345,214022515356320,0,16486947524215,15112,1,2038,90,0.529135879621968,3578835,49831,3,268959744,0,32,-999.0,-999.0,-999.0,-999.0,139.61967328,35.93637689,0.26583999395370483,0.26583999395370483,,,,,56043.25655093,-999.0,-0.6167742537396695,0.524550969410266,0.5868865311238824,130.79300806107034,19.256847481480257,188.01227352343003,44.33591113458283,-999,0,1,0,0,0,1,0,-999.0,-999.0,-999.0,-999.0,0,-999.0,-999.0,-999.0,-999.0,-999.0,0,-999.0,-999.0,-999.0,0,0,-999.0,-999.0,-999.0,-999.0,0,-999.0,-999.0,-999.0,-999.0,-999.0,0,-999.0,-999.0,-999.0,0,0,-999.0,-999.0,-999.0,-999.0,0,-999.0,-999.0,-999.0,-999.0,-999.0,0,-999.0,-999.0,-999.0,0,0,0.0,21.383499145507812,0.2654150128364563,-999.0,1,21.383499145507812,21.383499145507812,-999.0,-999.0,-999.0,0,21.662900924682617,0.2654150128364563,-999.0,1,4120,-999.0,-999.0,-999.0,-999.0,0,-999.0,-999.0,-999.0,-999.0,-999.0,0,-999.0,-999.0,-999.0,0,0,0.032052488881009845
PSO J139.6199+35.9336,-999,-999,-999,151121396198730879,3578835000029402,214022515356377,0,16486948029045,15112,1,2038,90,0.368012993939233,3578835,49831,3,268959744,0,32,-999.0,-999.0,-999.0,-999.0,139.61990115,35.93357411,0.294979989528656,0.294979989528656,,,,,56271.62530093,-999.0,-0.616798208767413,0.5245671152012029,0.5868469232353516,130.79414606603527,19.254252215219722,188.01620022029078,44.33587318955259,-999,0,1,0,0,0,1,0,-999.0,-999.0,-999.0,-999.0,0,-999.0,-999.0,-999.0,-999.0,-999.0,0,-999.0,-999.0,-999.0,0,0,-999.0,-999.0,-999.0,-999.0,0,-999.0,-999.0,-999.0,-999.0,-999.0,0,-999.0,-999.0,-999.0,0,0,-999.0,-999.0,-999.0,-999.0,0,-999.0,-999.0,-999.0,-999.0,-999.0,0,-999.0,-999.0,-999.0,0,0,0.7872220277786255,21.253000259399414,0.29460299015045166,-999.0,1,21.253000259399414,21.253000259399414,-999.0,-999.0,-999.0,0,-999.0,-999.0,-999.0,0,4120,-999.0,-999.0,-999.0,-999.0,0,-999.0,-999.0,-999.0,-999.0,-999.0,0,-999.0,-999.0,-999.0,0,0,0.029978608406718017
PSO J139.6201+35.9376,-999,-999,-999,151121396201165668,3578835000029461,214022515356436,0,16486947522350,15112,1,2038,90,0.0235428493689213,3578835,49831,3,268959744,0,32,-999.0,-999.0,-999.0,-999.0,139.62014919,35.93755675,0.2682499885559082,0.2682499885559082,,,,,56303.54353009,-999.0,-0.616769404341644,0.5245380166643775,0.5869032040650785,130.79299348226445,19.258088592648537,188.01067174985923,44.33638861005436,-999,0,1,0,1,0,0,0,-999.0,-999.0,-999.0,-999.0,0,-999.0,-999.0,-999.0,-999.0,-999.0,0,-999.0,-999.0,-999.0,0,0,0.0,22.28499984741211,0.26783400774002075,-999.0,1,22.28499984741211,22.28499984741211,-999.0,-999.0,-999.0,0,22.90959930419922,0.26783400774002075,-999.0,1,4120,-999.0,-999.0,-999.0,-999.0,0,-999.0,-999.0,-999.0,-999.0,-999.0,0,-999.0,-999.0,-999.0,0,0,-999.0,-999.0,-999.0,-999.0,0,-999.0,-999.0,-999.0,-999.0,-999.0,0,-999.0,-999.0,-999.0,0,0,-999.0,-999.0,-999.0,-999.0,0,-999.0,-999.0,-999.0,-999.0,-999.0,0,-999.0,-999.0,-999.0,0,0,0.03322962546815288
PSO J139.6202+35.9348,-999,-999,-999,151121396202012407,3578835000029478,214022515356453,0,16486947520826,15112,1,2038,90,0.885684966934551,3578835,49831,3,268959744,0,32,-999.0,-999.0,-999.0,-999.0,139.62022076,35.93483869,0.29225000739097595,0.29225000739097595,,,,,55249.28762731,-999.0,-0.6167912681011367,0.5245552832196562,0.5868647940033019,130.7939757424867,19.255532948295254,188.01446639727558,44.3362312804531,-999,0,1,0,0,1,0,0,-999.0,-999.0,-999.0,-999.0,0,-999.0,-999.0,-999.0,-999.0,-999.0,0,-999.0,-999.0,-999.0,0,0,-999.0,-999.0,-999.0,-999.0,0,-999.0,-999.0,-999.0,-999.0,-999.0,0,-999.0,-999.0,-999.0,0,0,0.8119660019874573,21.26490020751953,0.29186201095581055,-999.0,1,21.26490020751953,21.26490020751953,-999.0,-999.0,-999.0,0,-999.0,-999.0,-999.0,0,4120,-999.0,-999.0,-999.0,-999.0,0,-999.0,-999.0,-999.0,-999.0,-999.0,0,-999.0,-999.0,-999.0,0,0,-999.0,-999.0,-999.0,-999.0,0,-999.0,-999.0,-999.0,-999.0,-999.0,0,-999.0,-999.0,-999.0,0,0,0.03111533431248889
PSO J139.6203+35.9384,-999,-999,-999,151121396202936690,3578835000029506,214022515356481,0,16486947521982,15112,1,2038,90,0.128968223118194,3578835,49831,3,268959744,0,32,-999.0,-999.0,-999.0,-999.0,139.62032676,35.93840393,0.28251999616622925,0.28251999616622925,,,,,56043.25655093,-999.0,-0.6167644192867936,0.5245304830861307,0.5869151756559501,130.79284967364978,19.258937092916216,188.00950690561157,44.33659894587766,-999,0,1,0,0,0,1,0,-999.0,-999.0,-999.0,-999.0,0,-999.0,-999.0,-999.0,-999.0,-999.0,0,-999.0,-999.0,-999.0,0,0,-999.0,-999.0,-999.0,-999.0,0,-999.0,-999.0,-999.0,-999.0,-999.0,0,-999.0,-999.0,-999.0,0,0,-999.0,-999.0,-999.0,-999.0,0,-999.0,-999.0,-999.0,-999.0,-999.0,0,-999.0,-999.0,-999.0,0,0,0.0,21.435100555419922,0.2821219861507416,-999.0,1,21.435100555419922,21.435100555419922,-999.0,-999.0,-999.0,0,23.475299835205078,0.2821219861507416,-999.0,1,4120,-999.0,-999.0,-999.0,-999.0,0,-999.0,-999.0,-999.0,-999.0,-999.0,0,-999.0,-999.0,-999.0,0,0,0.03400014504132715
PSO J139.6205+35.9339,-999,-999,-999,151121396204761249,3578835000029545,214022515356520,0,16486948029174,15112,1,2038,90,0.411428628872548,3578835,49831,3,268513280,0,32,-999.0,-999.0,-999.0,-999.0,139.62050069,35.93386638,0.018959999084472656,0.018959999084472656,,,,,57049.42515046,-999.0,-0.6168014173714561,0.5245587216587226,0.586851053556462,130.79453370053068,19.254684833375613,188.01584661639149,44.336380252153624,-999,0,1,0,0,1,0,0,-999.0,-999.0,-999.0,-999.0,0,-999.0,-999.0,-999.0,-999.0,-999.0,0,-999.0,-999.0,-999.0,0,0,-999.0,-999.0,-999.0,-999.0,0,-999.0,-999.0,-999.0,-999.0,-999.0,0,-999.0,-999.0,-999.0,0,0,0.9988200068473816,18.656400680541992,0.011594000272452831,-999.0,1,18.656400680541992,18.656400680541992,19.402999877929688,0.02914699912071228,-999.0,1,19.301000595092773,0.011594000272452831,-999.0,1,24,-999.0,-999.0,-999.0,-999.0,0,-999.0,-999.0,-999.0,-999.0,-999.0,0,-999.0,-999.0,-999.0,0,0,-999.0,-999.0,-999.0,-999.0,0,-999.0,-999.0,-999.0,-999.0,-999.0,0,-999.0,-999.0,-999.0,0,0,0.03051641706345529
PSO J139.6203+35.9359,-999,-999,-999,151121396204863660,3578835000029548,214022515356523,0,16486947522083,15112,1,2038,90,0.0800781828165782,3578835,49831,3,302067712,0,36,-999.0,-999.0,-999.0,-999.0,139.6202993,35.93592937,0.2366899996995926,0.2366899996995926,,,,,56049.23498843,-999.0,-0.6167834769244759,0.5245472001597117,0.5868802070248763,130.79366871689376,19.25658633071145,188.01295332490523,44.33638099936404,-999,0,2,0,0,0,1,1,-999.0,-999.0,-999.0,-999.0,0,-999.0,-999.0,-999.0,-999.0,-999.0,0,-999.0,-999.0,-999.0,0,0,-999.0,-999.0,-999.0,-999.0,0,-999.0,-999.0,-999.0,-999.0,-999.0,0,-999.0,-999.0,-999.0,0,0,-999.0,-999.0,-999.0,-999.0,0,-999.0,-999.0,-999.0,-999.0,-999.0,0,-999.0,-999.0,-999.0,0,0,0.6547319889068604,21.006799697875977,0.31031298637390137,-999.0,1,21.006799697875977,21.006799697875977,-999.0,-999.0,-999.0,0,21.299999237060547,0.31031298637390137,-999.0,1,4120,0.0,20.09760093688965,0.2362159937620163,-999.0,1,20.09760093688965,20.09760093688965,-999.0,-999.0,-999.0,0,20.25429916381836,0.2362159937620163,-999.0,1,536,0.03200630707186713
PSO J139.6206+35.9363,-999,-999,-999,151121396205514100,3578835000029562,214022515356537,0,16486947522266,15112,1,2038,90,0.432225589111657,3578835,49831,3,268959744,0,32,-999.0,-999.0,-999.0,-999.0,139.62057827,35.93626029,0.24427999556064606,0.24427999556064606,,,,,56344.37971065,-999.0,-0.6167834487909538,0.5245420011128807,0.586884883402215,130.79378280670622,19.25697224070389,188.01251710172693,44.336632352667365,-999,0,1,0,1,0,0,0,-999.0,-999.0,-999.0,-999.0,0,-999.0,-999.0,-999.0,-999.0,-999.0,0,-999.0,-999.0,-999.0,0,0,0.6211940050125122,21.67799949645996,0.24382300674915314,-999.0,1,21.67799949645996,21.67799949645996,-999.0,-999.0,-999.0,0,25.2716007232666,0.24382300674915314,-999.0,1,4120,-999.0,-999.0,-999.0,-999.0,0,-999.0,-999.0,-999.0,-999.0,-999.0,0,-999.0,-999.0,-999.0,0,0,-999.0,-999.0,-999.0,-999.0,0,-999.0,-999.0,-999.0,-999.0,-999.0,0,-999.0,-999.0,-999.0,0,0,-999.0,-999.0,-999.0,-999.0,0,-999.0,-999.0,-999.0,-999.0,-999.0,0,-999.0,-999.0,-999.0,0,0,0.032406089609085295
PSO J139.6206+35.9393,-999,-999,-999,151121396205987772,3578835000029576,214022515356551,0,16486947535716,15112,1,2038,90,0.446516373610605,3578835,49831,3,268959744,0,32,-999.0,-999.0,-999.0,-999.0,139.62063237,35.93930475,0.2219800055027008,0.2219800055027008,,,,,56043.25655093,-999.0,-0.6167601876394347,0.5245212151662852,0.5869279050986183,130.79279162385464,19.259869668768445,188.00827875345814,44.336916850254205,-999,0,1,0,0,0,1,0,-999.0,-999.0,-999.0,-999.0,0,-999.0,-999.0,-999.0,-999.0,-999.0,0,-999.0,-999.0,-999.0,0,0,-999.0,-999.0,-999.0,-999.0,0,-999.0,-999.0,-999.0,-999.0,-999.0,0,-999.0,-999.0,-999.0,0,0,-999.0,-999.0,-999.0,-999.0,0,-999.0,-999.0,-999.0,-999.0,-999.0,0,-999.0,-999.0,-999.0,0,0,0.0,21.20210075378418,0.22147199511528015,-999.0,1,21.20210075378418,21.20210075378418,-999.0,-999.0,-999.0,0,21.376100540161133,0.22147199511528015,-999.0,1,4120,-999.0,-999.0,-999.0,-999.0,0,-999.0,-999.0,-999.0,-999.0,-999.0,0,-999.0,-999.0,-999.0,0,0,0.034878231291077755
PSO J139.6210+35.9397,-999,-999,-999,151121396207568350,3578835000029611,214022515356586,0,16486947535860,15112,1,2038,90,0.991955454453784,3578835,49831,3,1343750144,0,160,139.62095468,35.93972242,0.0010000000474974513,0.0010000000474974513,139.62095468,35.93972242,0.0010000000474974513,0.0010000000474974513,,,,,55655.49234954,-999.0,-0.6167598789549255,0.5245149738254619,0.5869338071234104,130.79291140987723,19.260348999355397,188.00772547482345,44.33721001414626,-999,2,1,0,0,0,1,0,-999.0,-999.0,-999.0,-999.0,0,-999.0,-999.0,-999.0,-999.0,-999.0,0,-999.0,-999.0,-999.0,0,16416,-999.0,-999.0,-999.0,-999.0,0,-999.0,-999.0,-999.0,-999.0,-999.0,0,-999.0,-999.0,-999.0,0,114720,-999.0,-999.0,-999.0,-999.0,0,-999.0,-999.0,-999.0,-999.0,-999.0,0,-999.0,-999.0,-999.0,0,16416,0.0,21.167499542236328,0.21606799960136414,-999.0,1,21.167499542236328,21.167499542236328,-999.0,-999.0,-999.0,0,22.06719970703125,0.21606799960136414,-999.0,1,20536,-999.0,-999.0,-999.0,-999.0,0,-999.0,-999.0,-999.0,-999.0,-999.0,0,-999.0,-999.0,-999.0,0,16416,0.03537002948697335
PSO J139.6208+35.9376,-999,-999,-999,151121396207665693,3578835000029613,214022515356588,0,16486947522557,15112,1,2038,90,0.807097676030451,3578835,49831,3,268959744,0,32,-999.0,-999.0,-999.0,-999.0,139.6208031,35.93757488,0.28391000628471375,0.28391000628471375,,,,,56049.23498843,-999.0,-0.6167752493211578,0.5245308572006889,0.5869034602633844,130.79351846881812,19.258275701699,188.0107050405882,44.33691782780486,-999,0,1,0,0,0,0,1,-999.0,-999.0,-999.0,-999.0,0,-999.0,-999.0,-999.0,-999.0,-999.0,0,-999.0,-999.0,-999.0,0,0,-999.0,-999.0,-999.0,-999.0,0,-999.0,-999.0,-999.0,-999.0,-999.0,0,-999.0,-999.0,-999.0,0,0,-999.0,-999.0,-999.0,-999.0,0,-999.0,-999.0,-999.0,-999.0,-999.0,0,-999.0,-999.0,-999.0,0,0,-999.0,-999.0,-999.0,-999.0,0,-999.0,-999.0,-999.0,-999.0,-999.0,0,-999.0,-999.0,-999.0,0,0,0.0,20.26849937438965,0.2835099995136261,-999.0,1,20.26849937438965,20.26849937438965,-999.0,-999.0,-999.0,0,21.624399185180664,0.2835099995136261,-999.0,1,4120,0.03355975826702452
PSO J139.6211+35.9391,-999,-999,-999,151121396210577496,3578835000029662,214022515356637,0,16486947535687,15112,1,2038,90,0.589424788569496,3578835,49831,3,268959744,0,32,-999.0,-999.0,-999.0,-999.0,139.62109191,35.93908064,0.2658799886703491,0.2658799886703491,,,,,56049.25005787,-999.0,-0.6167661433741954,0.5245177557022785,0.5869247382248991,130.79324108904146,19.259776842234142,188.00863224360245,44.337270024835505,-999,0,1,0,0,0,0,1,-999.0,-999.0,-999.0,-999.0,0,-999.0,-999.0,-999.0,-999.0,-999.0,0,-999.0,-999.0,-999.0,0,0,-999.0,-999.0,-999.0,-999.0,0,-999.0,-999.0,-999.0,-999.0,-999.0,0,-999.0,-999.0,-999.0,0,0,-999.0,-999.0,-999.0,-999.0,0,-999.0,-999.0,-999.0,-999.0,-999.0,0,-999.0,-999.0,-999.0,0,0,-999.0,-999.0,-999.0,-999.0,0,-999.0,-999.0,-999.0,-999.0,-999.0,0,-999.0,-999.0,-999.0,0,0,0.0,20.174999237060547,0.26545900106430054,-999.0,1,20.174999237060547,20.174999237060547,-999.0,-999.0,-999.0,0,20.28179931640625,0.26545900106430054,-999.0,1,4120,0.034911144611691806
PSO J139.6211+35.9385,-999,-999,-999,151121396210736785,3578835000029665,214022515356640,0,16486947521606,15112,1,2038,90,0.521898349301795,3578835,49831,3,268959744,0,32,-999.0,-999.0,-999.0,-999.0,139.62110998,35.93848429,0.19470000267028809,0.19470000267028809,,,,,56049.23498843,-999.0,-0.616770962361963,0.524521518724564,0.5869163112250118,130.79345853173973,19.259216743843243,188.00946502771396,44.33723744772419,-999,0,1,0,0,0,0,1,-999.0,-999.0,-999.0,-999.0,0,-999.0,-999.0,-999.0,-999.0,-999.0,0,-999.0,-999.0,-999.0,0,0,-999.0,-999.0,-999.0,-999.0,0,-999.0,-999.0,-999.0,-999.0,-999.0,0,-999.0,-999.0,-999.0,0,0,-999.0,-999.0,-999.0,-999.0,0,-999.0,-999.0,-999.0,-999.0,-999.0,0,-999.0,-999.0,-999.0,0,0,-999.0,-999.0,-999.0,-999.0,0,-999.0,-999.0,-999.0,-999.0,-999.0,0,-999.0,-999.0,-999.0,0,0,0.0,19.873699188232422,0.19412299990653992,-999.0,1,19.873699188232422,19.873699188232422,-999.0,-999.0,-999.0,0,19.882299423217773,0.19412299990653992,-999.0,1,4120,0.034437683967485026
PSO J139.6212+35.9397,-999,-999,-999,151121396211648241,3578835000029682,214022515356657,0,16486947535819,15112,1,2038,90,0.511850224353234,3578835,49831,3,268959744,0,32,-999.0,-999.0,-999.0,-999.0,139.62119648,35.93970093,0.22985999286174774,0.22985999286174774,,,,,56042.25787037,-999.0,-0.6167622602100368,0.5245125135833126,0.586933503452582,130.7931151201904,19.260391485258488,188.0077770686809,44.33740347180759,-999,0,1,0,0,0,1,0,-999.0,-999.0,-999.0,-999.0,0,-999.0,-999.0,-999.0,-999.0,-999.0,0,-999.0,-999.0,-999.0,0,0,-999.0,-999.0,-999.0,-999.0,0,-999.0,-999.0,-999.0,-999.0,-999.0,0,-999.0,-999.0,-999.0,0,0,-999.0,-999.0,-999.0,-999.0,0,-999.0,-999.0,-999.0,-999.0,-999.0,0,-999.0,-999.0,-999.0,0,0,0.0,21.18910026550293,0.22936899960041046,-999.0,1,21.18910026550293,21.18910026550293,-999.0,-999.0,-999.0,0,22.315399169921875,0.22936899960041046,-999.0,1,4120,-999.0,-999.0,-999.0,-999.0,0,-999.0,-999.0,-999.0,-999.0,-999.0,0,-999.0,-999.0,-999.0,0,0,0.035465166174440975
PSO J139.6213+35.9369,-999,-999,-999,151121396212334879,3578835000029692,214022515356667,0,16486947522406,15112,1,2038,90,0.611675732407417,3578835,49831,3,268959744,0,32,-999.0,-999.0,-999.0,-999.0,139.62125563,35.93690689,0.2847500145435333,0.2847500145435333,,,,,56344.36663194,-999.0,-0.6167846045383722,0.5245304185911207,0.586894020737192,130.79411316485778,19.257760662307756,188.01167657672747,44.33723023005164,-999,0,1,0,0,1,0,0,-999.0,-999.0,-999.0,-999.0,0,-999.0,-999.0,-999.0,-999.0,-999.0,0,-999.0,-999.0,-999.0,0,0,-999.0,-999.0,-999.0,-999.0,0,-999.0,-999.0,-999.0,-999.0,-999.0,0,-999.0,-999.0,-999.0,0,0,0.4523699879646301,21.5314998626709,0.2843500077724457,-999.0,1,21.5314998626709,21.5314998626709,-999.0,-999.0,-999.0,0,23.200599670410156,0.2843500077724457,-999.0,1,4120,-999.0,-999.0,-999.0,-999.0,0,-999.0,-999.0,-999.0,-999.0,-999.0,0,-999.0,-999.0,-999.0,0,0,-999.0,-999.0,-999.0,-999.0,0,-999.0,-999.0,-999.0,-999.0,-999.0,0,-999.0,-999.0,-999.0,0,0,0.03325333261671621
PSO J139.6218+35.9365,-999,-999,-999,151121396217934337,3578835000029817,214022515356792,0,16486947522120,15112,1,2038,90,0.455879479139931,3578835,49831,3,268959744,0,32,-999.0,-999.0,-999.0,-999.0,139.62182073,35.93645743,0.273250013589859,0.273250013589859,,,,,56344.37971065,-999.0,-0.6167932850574369,0.5245273178509512,0.5868876692657143,130.79472499946877,19.257481846854652,188.01235362545395,44.337650778998594,-999,0,1,0,1,0,0,0,-999.0,-999.0,-999.0,-999.0,0,-999.0,-999.0,-999.0,-999.0,-999.0,0,-999.0,-999.0,-999.0,0,0,0.7967079877853394,21.84149932861328,0.2728379964828491,-999.0,1,21.84149932861328,21.84149932861328,-999.0,-999.0,-999.0,0,-999.0,-999.0,-999.0,0,4120,-999.0,-999.0,-999.0,-999.0,0,-999.0,-999.0,-999.0,-999.0,-999.0,0,-999.0,-999.0,-999.0,0,0,-999.0,-999.0,-999.0,-999.0,0,-999.0,-999.0,-999.0,-999.0,-999.0,0,-999.0,-999.0,-999.0,0,0,-999.0,-999.0,-999.0,-999.0,0,-999.0,-999.0,-999.0,-999.0,-999.0,0,-999.0,-999.0,-999.0,0,0,0.03318851508093576
PSO J139.6221+35.9405,-999,-999,-999,151121396220629251,3578835000029895,214022515356870,0,16486947535234,15112,1,2038,90,0.489663309873699,3578835,49831,3,302067712,0,36,-999.0,-999.0,-999.0,-999.0,139.62210154,35.94054529,0.1975499987602234,0.1975499987602234,,,,,55250.288125,-999.0,-0.6167639562792308,0.5244971675040335,0.5869454348702585,130.79356315951605,19.261426372533055,188.00668121708847,44.3382006945608,-999,0,1,0,0,1,0,0,-999.0,-999.0,-999.0,-999.0,0,-999.0,-999.0,-999.0,-999.0,-999.0,0,-999.0,-999.0,-999.0,0,0,-999.0,-999.0,-999.0,-999.0,0,-999.0,-999.0,-999.0,-999.0,-999.0,0,-999.0,-999.0,-999.0,0,0,0.9975979924201965,20.57819938659668,0.1969829946756363,-999.0,1,20.57819938659668,20.57819938659668,20.593900680541992,0.2891860008239746,-999.0,1,20.78179931640625,0.1969829946756363,-999.0,1,272,-999.0,-999.0,-999.0,-999.0,0,-999.0,-999.0,-999.0,-999.0,-999.0,0,-999.0,-999.0,-999.0,0,0,-999.0,-999.0,-999.0,-999.0,0,-999.0,-999.0,-999.0,-999.0,-999.0,0,-999.0,-999.0,-999.0,0,0,0.036577859965913576
PSO J139.6222+35.9396,-999,-999,-999,151121396221908092,3578835000029922,214022515356897,0,16486947535048,15112,1,2038,90,0.320410380438352,3578835,49831,3,268959744,0,32,-999.0,-999.0,-999.0,-999.0,139.62221713,35.93958288,0.3229700028896332,0.3229700028896332,,,,,56271.62530093,-999.0,-0.6167725248493304,0.5245023100902493,0.5869318353105188,130.7939842882521,19.26054493045642,188.00803295085984,44.338217906229744,-999,0,1,0,0,0,1,0,-999.0,-999.0,-999.0,-999.0,0,-999.0,-999.0,-999.0,-999.0,-999.0,0,-999.0,-999.0,-999.0,0,0,-999.0,-999.0,-999.0,-999.0,0,-999.0,-999.0,-999.0,-999.0,-999.0,0,-999.0,-999.0,-999.0,0,0,-999.0,-999.0,-999.0,-999.0,0,-999.0,-999.0,-999.0,-999.0,-999.0,0,-999.0,-999.0,-999.0,0,0,0.7003329992294312,21.221900939941406,0.3226189911365509,-999.0,1,21.221900939941406,21.221900939941406,-999.0,-999.0,-999.0,0,-999.0,-999.0,-999.0,0,4120,-999.0,-999.0,-999.0,-999.0,0,-999.0,-999.0,-999.0,-999.0,-999.0,0,-999.0,-999.0,-999.0,0,0,0.03585389520559018
PSO J139.6224+35.9354,-999,-999,-999,151121396224023124,3578835000029963,214022515356938,0,16486948030824,15112,1,2038,90,0.868245755199572,3578835,49831,3,268959744,0,32,-999.0,-999.0,-999.0,-999.0,139.62240967,35.93542613,0.15848000347614288,0.15848000347614288,,,,,56759.31069444,-999.0,-0.6168067238746002,0.5245278211736969,0.5868730954796418,130.7955540302723,19.2566581773683,188.01384376775707,44.33804453409378,-999,0,1,0,0,1,0,0,-999.0,-999.0,-999.0,-999.0,0,-999.0,-999.0,-999.0,-999.0,-999.0,0,-999.0,-999.0,-999.0,0,0,-999.0,-999.0,-999.0,-999.0,0,-999.0,-999.0,-999.0,-999.0,-999.0,0,-999.0,-999.0,-999.0,0,0,0.7061280012130737,16.44499969482422,0.15776799619197845,-999.0,1,16.44499969482422,16.44499969482422,-999.0,-999.0,-999.0,0,16.99180030822754,0.15776799619197845,-999.0,1,4112,-999.0,-999.0,-999.0,-999.0,0,-999.0,-999.0,-999.0,-999.0,-999.0,0,-999.0,-999.0,-999.0,0,0,-999.0,-999.0,-999.0,-999.0,0,-999.0,-999.0,-999.0,-999.0,-999.0,0,-999.0,-999.0,-999.0,0,0,0.03270737328366728
PSO J139.6230+35.9351,-999,-999,-999,151121396228743046,3578835000030073,214022515357048,0,16486948030796,15112,1,2038,90,0.915175067181862,3578835,49831,3,1075314688,0,128,139.62298661,35.93514487,0.0010000000474974513,0.0010000000474974513,139.62298661,35.93514487,0.0010000000474974513,0.0010000000474974513,,,,,55645.52042824,-999.0,-0.6168142002416324,0.5245234764980048,0.5868691208291013,130.79611829864075,19.256541743475676,188.01428746225088,44.3384879506939,-999,1,1,0,0,1,0,0,-999.0,-999.0,-999.0,-999.0,0,-999.0,-999.0,-999.0,-999.0,-999.0,0,-999.0,-999.0,-999.0,0,32800,-999.0,-999.0,-999.0,-999.0,0,-999.0,-999.0,-999.0,-999.0,-999.0,0,-999.0,-999.0,-999.0,0,32,0.7167789936065674,20.689199447631836,0.3314419984817505,-999.0,1,20.689199447631836,20.689199447631836,-999.0,-999.0,-999.0,0,21.12150001525879,0.3314419984817505,-999.0,1,4144,-999.0,-999.0,-999.0,-999.0,0,-999.0,-999.0,-999.0,-999.0,-999.0,0,-999.0,-999.0,-999.0,0,32,-999.0,-999.0,-999.0,-999.0,0,-999.0,-999.0,-999.0,-999.0,-999.0,0,-999.0,-999.0,-999.0,0,32,0.03280625448555641
PSO J139.6234+35.9372,-999,-999,-999,151121396233685268,3578835000030200,214022515357175,0,16486948030666,15112,1,2038,90,0.17474923112872,3578835,49831,3,268959744,0,32,-999.0,-999.0,-999.0,-999.0,139.62339057,35.93723086,0.2558799982070923,0.2558799982070923,,,,,56344.36663194,-999.0,-0.616801620969523,0.5245052860016144,0.5868985988445821,130.79573716246563,19.258622336911586,188.0114162102432,44.33897902020366,-999,0,1,0,0,1,0,0,-999.0,-999.0,-999.0,-999.0,0,-999.0,-999.0,-999.0,-999.0,-999.0,0,-999.0,-999.0,-999.0,0,0,-999.0,-999.0,-999.0,-999.0,0,-999.0,-999.0,-999.0,-999.0,-999.0,0,-999.0,-999.0,-999.0,0,0,0.6823980212211609,21.570100784301758,0.2554360032081604,-999.0,1,21.570100784301758,21.570100784301758,-999.0,-999.0,-999.0,0,-999.0,-999.0,-999.0,0,4120,-999.0,-999.0,-999.0,-999.0,0,-999.0,-999.0,-999.0,-999.0,-999.0,0,-999.0,-999.0,-999.0,0,0,-999.0,-999.0,-999.0,-999.0,0,-999.0,-999.0,-999.0,-999.0,-999.0,0,-999.0,-999.0,-999.0,0,0,0.03459511025971254
PSO J139.6238+35.9365,-999,-999,-999,151121396237854391,3578835000030313,214022515357288,0,16486948031317,15112,1,2038,90,0.466760153385587,3578835,49831,3,268959744,0,32,-999.0,-999.0,-999.0,-999.0,139.62380666,35.93650666,0.2473199963569641,0.2473199963569641,,,,,56344.39150463,-999.0,-0.6168110811812426,0.524505612185889,0.5868883649532782,130.79632138199327,19.258044599632182,188.0124628556326,44.33925757854245,-999,0,1,0,1,0,0,0,-999.0,-999.0,-999.0,-999.0,0,-999.0,-999.0,-999.0,-999.0,-999.0,0,-999.0,-999.0,-999.0,0,0,0.6708449721336365,21.343900680541992,0.24686400592327118,-999.0,1,21.343900680541992,21.343900680541992,-999.0,-999.0,-999.0,0,22.362499237060547,0.24686400592327118,-999.0,1,4120,-999.0,-999.0,-999.0,-999.0,0,-999.0,-999.0,-999.0,-999.0,-999.0,0,-999.0,-999.0,-999.0,0,0,-999.0,-999.0,-999.0,-999.0,0,-999.0,-999.0,-999.0,-999.0,-999.0,0,-999.0,-999.0,-999.0,0,0,-999.0,-999.0,-999.0,-999.0,0,-999.0,-999.0,-999.0,-999.0,-999.0,0,-999.0,-999.0,-999.0,0,0,0.03426531135659471
PSO J139.6245+35.9399,-999,-999,-999,151121396245018525,3578835000030488,214022515357463,0,16486947526756,15112,1,2038,90,0.968991043017237,3578835,49831,3,268513280,0,32,-999.0,-999.0,-999.0,-999.0,139.62454556,35.9399371,0.01703999936580658,0.01703999936580658,,,,,55250.32969907,-999.0,-0.6167910751380395,0.5244748941918772,0.5869368407183865,130.79575512192508,19.261485538361004,188.00774758876307,44.34012518453814,-999,0,1,1,0,0,0,0,0.9984049797058105,18.132999420166016,0.008062999695539474,-999.0,1,18.132999420166016,18.132999420166016,19.001800537109375,0.0230260007083416,-999.0,1,18.90290069580078,0.008062999695539474,-999.0,1,24,-999.0,-999.0,-999.0,-999.0,0,-999.0,-999.0,-999.0,-999.0,-999.0,0,-999.0,-999.0,-999.0,0,0,-999.0,-999.0,-999.0,-999.0,0,-999.0,-999.0,-999.0,-999.0,-999.0,0,-999.0,-999.0,-999.0,0,0,-999.0,-999.0,-999.0,-999.0,0,-999.0,-999.0,-999.0,-999.0,-999.0,0,-999.0,-999.0,-999.0,0,0,-999.0,-999.0,-999.0,-999.0,0,-999.0,-999.0,-999.0,-999.0,-999.0,0,-999.0,-999.0,-999.0,0,0,0.037282328393967896
PSO J139.6250+35.9334,-999,-999,-999,151121396249490719,3578835000030603,214022515357578,0,16486948029812,15112,1,2038,90,0.846293031094869,3578835,49831,3,268513280,0,32,-999.0,-999.0,-999.0,-999.0,139.62499169,35.93343657,0.018699999898672104,0.018699999898672104,,,,,56232.65170139,-999.0,-0.6168458855882692,0.524513225219185,0.5868449795329194,130.7983278409975,19.255444964001533,188.01684811490946,44.33997117008224,-999,0,1,0,0,0,0,1,-999.0,-999.0,-999.0,-999.0,0,-999.0,-999.0,-999.0,-999.0,-999.0,0,-999.0,-999.0,-999.0,0,0,-999.0,-999.0,-999.0,-999.0,0,-999.0,-999.0,-999.0,-999.0,-999.0,0,-999.0,-999.0,-999.0,0,0,-999.0,-999.0,-999.0,-999.0,0,-999.0,-999.0,-999.0,-999.0,-999.0,0,-999.0,-999.0,-999.0,0,0,-999.0,-999.0,-999.0,-999.0,0,-999.0,-999.0,-999.0,-999.0,-999.0,0,-999.0,-999.0,-999.0,0,0,0.9969120025634766,16.512500762939453,0.011163000017404556,-999.0,1,16.512500762939453,16.512500762939453,17.341299057006836,0.028516000136733055,-999.0,1,17.181699752807617,0.011163000017404556,-999.0,1,24,0.032706302756956435
PSO J139.6257+35.9394,-999,-999,-999,151121396256437853,3578835000030788,214022515357763,0,16486948038563,15112,1,2038,90,0.183897684499526,3578835,49831,3,444915712,7,53,139.62569102,35.93938748,0.0010000000474974513,0.0010000000474974513,139.6257150294062,35.93939597011983,0.004607026778853568,0.004607026778853568,9.88374931077951,14.102033783153207,2.3008002411666557,2.3008002411666557,56049.61930372024,7.8455352783203125,-0.6168060031526938,0.5244658955235972,0.5869291941175104,130.79689319458032,19.261263736629463,188.00862565760534,44.34102467663289,-999,10,117,22,32,39,18,6,0.9992089867591858,21.529199600219727,0.06592400372028351,0.2584800124168396,19,21.07200050354004,21.96489906311035,20.954599380493164,0.048448000103235245,0.3241429924964905,19,20.904499053955078,0.05120899900794029,0.20980100333690643,19,16892216,0.9994580149650574,20.763599395751953,0.024792000651359558,0.17084699869155884,26,20.55299949645996,21.194400787353516,20.15920066833496,0.030805999413132668,0.16403399407863617,30,20.15839958190918,0.031626999378204346,0.15044300258159637,30,16892216,0.9997180104255676,20.41710090637207,0.02142000012099743,0.16514800488948822,37,20.001100540161133,20.74220085144043,19.810100555419922,0.021787000820040703,0.18436600267887115,38,19.77560043334961,0.023137999698519707,0.18294300138950348,38,16892216,0.999538004398346,20.158599853515625,0.03992399945855141,0.13604000210762024,13,19.914400100708008,20.38800048828125,19.63479995727539,0.035413000732660294,0.15789200365543365,14,19.607200622558594,0.03446900099515915,0.09533499926328659,14,16892216,0.9980810284614563,20.037599563598633,0.09359700232744217,0.352865993976593,6,19.438100814819336,20.254899978637695,19.34630012512207,0.09367399662733078,0.31998300552368164,6,19.437599182128906,0.11908300220966339,0.3641220033168793,6,16892216,0.037463486688490796
PSO J139.6257+35.9388,-999,-999,-999,151121396257007165,3578835000030804,214022515357779,0,16486948037754,15112,1,2038,90,0.855512227728509,3578835,49831,3,268959744,0,32,-999.0,-999.0,-999.0,-999.0,139.62572194,35.9388092,0.22609999775886536,0.22609999775886536,,,,,55275.32013889,-999.0,-0.6168106455677229,0.5244697147544158,0.5869209025241398,130.7970941725775,19.260723066805117,188.00942495552118,44.34098550182386,-999,0,1,1,0,0,0,0,0.7072179913520813,22.153499603271484,0.225599005818367,-999.0,1,22.153499603271484,22.153499603271484,-999.0,-999.0,-999.0,1,22.380599975585938,0.225599005818367,-999.0,1,4120,-999.0,-999.0,-999.0,-999.0,0,-999.0,-999.0,-999.0,-999.0,-999.0,0,-999.0,-999.0,-999.0,0,0,-999.0,-999.0,-999.0,-999.0,0,-999.0,-999.0,-999.0,-999.0,-999.0,0,-999.0,-999.0,-999.0,0,0,-999.0,-999.0,-999.0,-999.0,0,-999.0,-999.0,-999.0,-999.0,-999.0,0,-999.0,-999.0,-999.0,0,0,-999.0,-999.0,-999.0,-999.0,0,-999.0,-999.0,-999.0,-999.0,-999.0,0,-999.0,-999.0,-999.0,0,0,0.03702046078701132
PSO J139.6259+35.9364,-999,-999,-999,151121396258534219,3578835000030846,214022515357821,0,16486948042153,15112,1,2038,90,0.780417005326987,3578835,49831,3,444915712,7,53,139.62584302,35.93639219,0.0010000000474974513,0.0010000000474974513,139.62585361896217,35.93638156979654,0.01148572866171541,0.01148572866171541,-18.604984758592053,-3.6706783669375804,6.069262888244923,6.069262888244923,55893.36806902782,12.208318710327148,-0.6168307955103126,0.5244844055560431,0.5868865972559256,130.7980317379448,19.258463652215124,188.0128160718113,44.340906478902454,-999,10,55,14,22,15,4,0,0.9997100234031677,21.80769920349121,0.044349998235702515,0.16511499881744385,10,21.537799835205078,22.000200271606445,21.346500396728516,0.09532099962234497,0.2040179967880249,10,21.300399780273438,0.06438499689102173,0.21634800732135773,10,16892216,0.9996520280838013,21.52039909362793,0.042482998222112656,0.1998559981584549,20,21.277299880981445,21.93239974975586,21.0137996673584,0.04824800044298172,0.18535000085830688,19,20.996400833129883,0.0600770004093647,0.2170190066099167,20,16892216,0.9988020062446594,21.503999710083008,0.04723000153899193,0.17447799444198608,14,21.122800827026367,21.766599655151367,20.873699188232422,0.060694001615047455,0.22888900339603424,15,20.876800537109375,0.051316000521183014,0.2026520073413849,15,16892216,0.9989010095596313,21.167600631713867,0.07421199977397919,0.1933320015668869,3,20.975099563598633,21.36090087890625,20.4591007232666,0.045141998678445816,0.06923100352287292,3,20.550500869750977,0.03957400098443031,0.07243499904870987,3,16892216,-999.0,-999.0,-999.0,-999.0,0,-999.0,-999.0,-999.0,-999.0,-999.0,0,-999.0,-999.0,-999.0,0,114720,0.03528955694083651
PSO J139.6260+35.9366,-999,-999,-999,151121396260454543,3578835000030892,214022515357867,0,16486948042144,15112,1,2038,90,0.772779532496612,3578835,49831,3,302067712,0,36,-999.0,-999.0,-999.0,-999.0,139.62595906,35.93662505,0.12878000736236572,0.12878000736236572,,,,,56705.10405093,4.429500102996826,-0.6168298607055291,0.5244816548550832,0.5868900379649248,130.79802946498899,19.258716135242647,188.01249055060796,44.34100421074286,-999,0,2,1,1,0,0,0,0.9981499910354614,21.85610008239746,0.2006330043077469,-999.0,1,21.85610008239746,21.85610008239746,-999.0,-999.0,-999.0,1,22.809999465942383,0.2006330043077469,-999.0,1,280,0.9992930293083191,21.94770050048828,0.16693800687789917,-999.0,1,21.94770050048828,21.94770050048828,20.87660026550293,0.1587889939546585,-999.0,1,21.205400466918945,0.16693800687789917,-999.0,1,16777496,-999.0,-999.0,-999.0,-999.0,0,-999.0,-999.0,-999.0,-999.0,-999.0,0,-999.0,-999.0,-999.0,0,0,-999.0,-999.0,-999.0,-999.0,0,-999.0,-999.0,-999.0,-999.0,-999.0,0,-999.0,-999.0,-999.0,0,0,-999.0,-999.0,-999.0,-999.0,0,-999.0,-999.0,-999.0,-999.0,-999.0,0,-999.0,-999.0,-999.0,0,0,0.03552522300395097
PSO J139.6261+35.9361,-999,-999,-999,151121396261173973,3578835000030903,214022515357878,0,16486948042229,15112,1,2038,90,0.657213254512486,3578835,49831,3,310456320,0,37,-999.0,-999.0,-999.0,-999.0,139.62614303,35.93613642,0.15735000371932983,0.15735000371932983,,,,,57049.43763889,-999.0,-0.616835357796803,0.5244829164417004,0.5868831329425804,130.79834504862123,19.258301179395286,188.01318809612366,44.341114058605726,-999,0,1,0,0,1,0,0,-999.0,-999.0,-999.0,-999.0,0,-999.0,-999.0,-999.0,-999.0,-999.0,0,-999.0,-999.0,-999.0,0,0,-999.0,-999.0,-999.0,-999.0,0,-999.0,-999.0,-999.0,-999.0,-999.0,0,-999.0,-999.0,-999.0,0,0,0.9968330264091492,21.747800827026367,0.15662899613380432,-999.0,1,21.747800827026367,21.747800827026367,20.650400161743164,0.15066100656986237,-999.0,1,20.754499435424805,0.15662899613380432,-999.0,1,16777496,-999.0,-999.0,-999.0,-999.0,0,-999.0,-999.0,-999.0,-999.0,-999.0,0,-999.0,-999.0,-999.0,0,0,-999.0,-999.0,-999.0,-999.0,0,-999.0,-999.0,-999.0,-999.0,-999.0,0,-999.0,-999.0,-999.0,0,0,0.03527424415691884
PSO J139.6263+35.9377,-999,-999,-999,151121396262465806,3578835000030939,214022515357914,0,16486948042603,15112,1,2038,90,0.655671269312195,3578835,49831,3,268959744,0,32,-999.0,-999.0,-999.0,-999.0,139.62626909,35.93767872,0.27195999026298523,0.27195999026298523,,,,,56344.36663194,-999.0,-0.6168244761618549,0.5244713257317125,0.5869049276440549,130.79792300884358,19.259794620855487,188.0110496420211,44.34133775323923,-999,0,1,0,0,1,0,0,-999.0,-999.0,-999.0,-999.0,0,-999.0,-999.0,-999.0,-999.0,-999.0,0,-999.0,-999.0,-999.0,0,0,-999.0,-999.0,-999.0,-999.0,0,-999.0,-999.0,-999.0,-999.0,-999.0,0,-999.0,-999.0,-999.0,0,0,0.6967419981956482,21.678600311279297,0.2715440094470978,-999.0,1,21.678600311279297,21.678600311279297,-999.0,-999.0,-999.0,0,23.634599685668945,0.2715440094470978,-999.0,1,4120,-999.0,-999.0,-999.0,-999.0,0,-999.0,-999.0,-999.0,-999.0,-999.0,0,-999.0,-999.0,-999.0,0,0,-999.0,-999.0,-999.0,-999.0,0,-999.0,-999.0,-999.0,-999.0,-999.0,0,-999.0,-999.0,-999.0,0,0,0.03646857267258442
PSO J139.6268+35.9362,-999,-999,-999,151121396267724031,3578835000031084,214022515358059,0,16486948042102,15112,1,2038,90,0.977677687050475,3578835,49831,3,268959744,0,32,-999.0,-999.0,-999.0,-999.0,139.62677939,35.9361824,0.2032500058412552,0.2032500058412552,,,,,56759.31069444,-999.0,-0.6168408241603512,0.5244757603989677,0.5868837827058294,130.798846313923,19.25851012133707,188.013180977704,44.34163132360571,-999,0,1,0,0,1,0,0,-999.0,-999.0,-999.0,-999.0,0,-999.0,-999.0,-999.0,-999.0,-999.0,0,-999.0,-999.0,-999.0,0,0,-999.0,-999.0,-999.0,-999.0,0,-999.0,-999.0,-999.0,-999.0,-999.0,0,-999.0,-999.0,-999.0,0,0,0.6589949727058411,16.69890022277832,0.20269499719142914,-999.0,1,16.69890022277832,16.69890022277832,16.354000091552734,0.23562200367450714,-999.0,1,16.700899124145508,0.20269499719142914,-999.0,1,4112,-999.0,-999.0,-999.0,-999.0,0,-999.0,-999.0,-999.0,-999.0,-999.0,0,-999.0,-999.0,-999.0,0,0,-999.0,-999.0,-999.0,-999.0,0,-999.0,-999.0,-999.0,-999.0,-999.0,0,-999.0,-999.0,-999.0,0,0,0.03566673049535981
PSO J139.6272+35.9337,-999,-999,-999,151121396272191018,3578835000031205,214022515358180,0,16486948043379,15112,1,2038,90,0.159828630424876,3578835,49831,3,268959744,0,32,-999.0,-999.0,-999.0,-999.0,139.62722831,35.93366593,0.28714999556541443,0.28714999556541443,,,,,55650.25525463,-999.0,-0.6168645704897874,0.5244876236755517,0.5868482208251321,130.80006664277042,19.25624350964944,188.0167287858077,44.34179462739144,-999,0,1,0,0,0,1,0,-999.0,-999.0,-999.0,-999.0,0,-999.0,-999.0,-999.0,-999.0,-999.0,0,-999.0,-999.0,-999.0,0,0,-999.0,-999.0,-999.0,-999.0,0,-999.0,-999.0,-999.0,-999.0,-999.0,0,-999.0,-999.0,-999.0,0,0,-999.0,-999.0,-999.0,-999.0,0,-999.0,-999.0,-999.0,-999.0,-999.0,0,-999.0,-999.0,-999.0,0,0,0.7958189845085144,21.537799835205078,0.28676000237464905,-999.0,1,21.537799835205078,21.537799835205078,-999.0,-999.0,-999.0,0,21.993900299072266,0.28676000237464905,-999.0,1,4120,-999.0,-999.0,-999.0,-999.0,0,-999.0,-999.0,-999.0,-999.0,-999.0,0,-999.0,-999.0,-999.0,0,0,0.03418746080727367
PSO J139.6276+35.9337,-999,-999,-999,151121396275771015,3578835000031283,214022515358258,0,16486948043357,15112,1,2038,90,0.722220496015829,3578835,49831,3,276901888,0,33,-999.0,-999.0,-999.0,-999.0,139.62761397,35.93366794,0.017170000821352005,0.017170000821352005,,,,,56283.59672454,-999.0,-0.6168680851368655,0.5244834581900734,0.5868482492302063,130.80037922750356,19.25634565285028,188.0167605269377,44.34210607538464,-999,0,1,1,0,0,0,0,0.999625027179718,18.396299362182617,0.00834100041538477,-999.0,1,18.396299362182617,18.396299362182617,18.354999542236328,0.012311000376939774,-999.0,1,18.052099227905273,0.00834100041538477,-999.0,1,16777240,-999.0,-999.0,-999.0,-999.0,0,-999.0,-999.0,-999.0,-999.0,-999.0,0,-999.0,-999.0,-999.0,0,0,-999.0,-999.0,-999.0,-999.0,0,-999.0,-999.0,-999.0,-999.0,-999.0,0,-999.0,-999.0,-999.0,0,0,-999.0,-999.0,-999.0,-999.0,0,-999.0,-999.0,-999.0,-999.0,-999.0,0,-999.0,-999.0,-999.0,0,0,-999.0,-999.0,-999.0,-999.0,0,-999.0,-999.0,-999.0,-999.0,-999.0,0,-999.0,-999.0,-999.0,0,0,0.0344211992231739
PSO J139.6277+35.9386,-999,-999,-999,151121396277096902,3578835000031317,214022515358292,0,16486948037933,15112,1,2038,90,0.549137866635935,3578835,49831,3,310456320,0,37,-999.0,-999.0,-999.0,-999.0,139.62773984,35.93858778,0.15369999408721924,0.15369999408721924,,,,,55250.26314815,-999.0,-0.6168308444815798,0.5244494601752815,0.58691777364295,130.79880852562178,19.261037827695247,188.00991413294594,44.342596675068926,-999,0,1,0,0,0,0,1,-999.0,-999.0,-999.0,-999.0,0,-999.0,-999.0,-999.0,-999.0,-999.0,0,-999.0,-999.0,-999.0,0,0,-999.0,-999.0,-999.0,-999.0,0,-999.0,-999.0,-999.0,-999.0,-999.0,0,-999.0,-999.0,-999.0,0,0,-999.0,-999.0,-999.0,-999.0,0,-999.0,-999.0,-999.0,-999.0,-999.0,0,-999.0,-999.0,-999.0,0,0,-999.0,-999.0,-999.0,-999.0,0,-999.0,-999.0,-999.0,-999.0,-999.0,0,-999.0,-999.0,-999.0,0,0,0.9986339807510376,18.965099334716797,0.15297099947929382,-999.0,1,18.965099334716797,18.965099334716797,18.014400482177734,0.1566150039434433,-999.0,1,18.31839942932129,0.15297099947929382,-999.0,1,16777488,0.03794382275122365
PSO J139.6283+35.9380,-999,-999,-999,151121396283016234,3578835000031448,214022515358423,0,16486948042295,15112,1,2038,90,0.172508379605141,3578835,49831,3,268959744,0,32,-999.0,-999.0,-999.0,-999.0,139.62832374,35.93803568,0.22909000515937805,0.22909000515937805,,,,,56344.36663194,-999.0,-0.6168404977785041,0.5244468373385716,0.5869099718917179,130.799470547802,19.260666710655062,188.0107359427266,44.34302431912602,-999,0,1,0,0,1,0,0,-999.0,-999.0,-999.0,-999.0,0,-999.0,-999.0,-999.0,-999.0,-999.0,0,-999.0,-999.0,-999.0,0,0,-999.0,-999.0,-999.0,-999.0,0,-999.0,-999.0,-999.0,-999.0,-999.0,0,-999.0,-999.0,-999.0,0,0,0.6525290012359619,21.395099639892578,0.22859999537467957,-999.0,1,21.395099639892578,21.395099639892578,-999.0,-999.0,-999.0,0,23.953399658203125,0.22859999537467957,-999.0,1,4120,-999.0,-999.0,-999.0,-999.0,0,-999.0,-999.0,-999.0,-999.0,-999.0,0,-999.0,-999.0,-999.0,0,0,-999.0,-999.0,-999.0,-999.0,0,-999.0,-999.0,-999.0,-999.0,-999.0,0,-999.0,-999.0,-999.0,0,0,0.03786701979570528
PSO J139.6284+35.9341,-999,-999,-999,151121396284071473,3578835000031473,214022515358448,0,16486948043581,15112,1,2038,90,0.305121487290712,3578835,49831,3,302067712,0,36,-999.0,-999.0,-999.0,-999.0,139.62844214,35.93405958,0.37549999356269836,0.37549999356269836,,,,,56344.35071759,-999.0,-0.6168726100111879,0.5244719434138054,0.5868537838250094,130.80091877083606,19.256931823061578,188.01628879841826,44.342805519383326,-999,0,1,0,0,1,0,0,-999.0,-999.0,-999.0,-999.0,0,-999.0,-999.0,-999.0,-999.0,-999.0,0,-999.0,-999.0,-999.0,0,0,-999.0,-999.0,-999.0,-999.0,0,-999.0,-999.0,-999.0,-999.0,-999.0,0,-999.0,-999.0,-999.0,0,0,0.713923990726471,22.23859977722168,0.37520501017570496,-999.0,1,22.23859977722168,22.23859977722168,-999.0,-999.0,-999.0,1,22.261999130249023,0.37520501017570496,-999.0,1,536,-999.0,-999.0,-999.0,-999.0,0,-999.0,-999.0,-999.0,-999.0,-999.0,0,-999.0,-999.0,-999.0,0,0,-999.0,-999.0,-999.0,-999.0,0,-999.0,-999.0,-999.0,-999.0,-999.0,0,-999.0,-999.0,-999.0,0,0,0.035182643481155615
PSO J139.6286+35.9392,-999,-999,-999,151121396285527714,3578835000031513,214022515358488,0,16486948039725,15112,1,2038,90,0.912492112175089,3578835,49831,3,268959744,0,32,-999.0,-999.0,-999.0,-999.0,139.62855717,35.93923618,0.22551000118255615,0.22551000118255615,,,,,55259.45986111,-999.0,-0.6168332654350936,0.5244363586563775,0.5869269361444563,130.79925191813274,19.261864342520422,188.0090834434857,44.34330758641124,-999,0,1,0,0,1,0,0,-999.0,-999.0,-999.0,-999.0,0,-999.0,-999.0,-999.0,-999.0,-999.0,0,-999.0,-999.0,-999.0,0,0,-999.0,-999.0,-999.0,-999.0,0,-999.0,-999.0,-999.0,-999.0,-999.0,0,-999.0,-999.0,-999.0,0,0,0.56352698802948,20.543500900268555,0.22500599920749664,-999.0,1,20.543500900268555,20.543500900268555,20.80940055847168,0.24536600708961487,-999.0,1,20.134899139404297,0.22500599920749664,-999.0,1,4112,-999.0,-999.0,-999.0,-999.0,0,-999.0,-999.0,-999.0,-999.0,-999.0,0,-999.0,-999.0,-999.0,0,0,-999.0,-999.0,-999.0,-999.0,0,-999.0,-999.0,-999.0,-999.0,-999.0,0,-999.0,-999.0,-999.0,0,0,0.03886922856728794
PSO J139.6286+35.9329,-999,-999,-999,151121396286070146,3578835000031523,214022515358498,0,16486948043683,15112,1,2038,90,0.750475103734504,3578835,49831,3,268959744,0,32,-999.0,-999.0,-999.0,-999.0,139.62861846,35.9329442,0.20440000295639038,0.20440000295639038,,,,,55651.26361111,-999.0,-0.616882927632726,0.5244774449487981,0.5868380213783506,130.80144126242743,19.255921303390434,188.01785930276736,44.342859605438186,-999,0,1,0,0,0,0,1,-999.0,-999.0,-999.0,-999.0,0,-999.0,-999.0,-999.0,-999.0,-999.0,0,-999.0,-999.0,-999.0,0,0,-999.0,-999.0,-999.0,-999.0,0,-999.0,-999.0,-999.0,-999.0,-999.0,0,-999.0,-999.0,-999.0,0,0,-999.0,-999.0,-999.0,-999.0,0,-999.0,-999.0,-999.0,-999.0,-999.0,0,-999.0,-999.0,-999.0,0,0,-999.0,-999.0,-999.0,-999.0,0,-999.0,-999.0,-999.0,-999.0,-999.0,0,-999.0,-999.0,-999.0,0,0,0.8168259859085083,19.911100387573242,0.20385299623012543,-999.0,1,19.911100387573242,19.911100387573242,-999.0,-999.0,-999.0,0,20.201099395751953,0.20385299623012543,-999.0,1,4120,0.03456328078023404
PSO J139.6287+35.9357,-999,-999,-999,151121396288583566,3578835000031589,214022515358564,0,16486948044792,15112,1,2038,90,0.642747623513218,3578835,49831,3,268959744,0,32,-999.0,-999.0,-999.0,-999.0,139.62869981,35.93573457,0.1731400042772293,0.1731400042772293,,,,,55249.33342593,-999.0,-0.616861897767993,0.5244580563033402,0.5868774542104958,130.8005585069739,19.258585137033087,188.01397711251863,44.34314595792319,-999,0,2,1,1,0,0,0,0.4951930046081543,21.606800079345703,0.20779600739479065,-999.0,1,21.606800079345703,21.606800079345703,-999.0,-999.0,-999.0,0,22.84510040283203,0.20779600739479065,-999.0,1,4120,0.5381789803504944,22.179000854492188,0.31092000007629395,-999.0,1,22.179000854492188,22.179000854492188,-999.0,-999.0,-999.0,0,23.32159996032715,0.31092000007629395,-999.0,1,4120,-999.0,-999.0,-999.0,-999.0,0,-999.0,-999.0,-999.0,-999.0,-999.0,0,-999.0,-999.0,-999.0,0,0,-999.0,-999.0,-999.0,-999.0,0,-999.0,-999.0,-999.0,-999.0,-999.0,0,-999.0,-999.0,-999.0,0,0,-999.0,-999.0,-999.0,-999.0,0,-999.0,-999.0,-999.0,-999.0,-999.0,0,-999.0,-999.0,-999.0,0,0,0.036465560287386345
PSO J139.6289+35.9382,-999,-999,-999,151121396288676375,3578835000031593,214022515358568,0,16486948044301,15112,1,2038,90,0.554135467441879,3578835,49831,3,268959744,0,32,-999.0,-999.0,-999.0,-999.0,139.62889544,35.93815177,0.2142300009727478,0.2142300009727478,,,,,56344.35071759,-999.0,-0.61684482471539,0.5244399121802624,0.5869116123695274,130.79989544214857,19.26092524920755,188.01062527299757,44.343494923521625,-999,0,1,0,0,1,0,0,-999.0,-999.0,-999.0,-999.0,0,-999.0,-999.0,-999.0,-999.0,-999.0,0,-999.0,-999.0,-999.0,0,0,-999.0,-999.0,-999.0,-999.0,0,-999.0,-999.0,-999.0,-999.0,-999.0,0,-999.0,-999.0,-999.0,0,0,0.5421649813652039,21.151100158691406,0.21370700001716614,-999.0,1,21.151100158691406,21.151100158691406,-999.0,-999.0,-999.0,0,21.436800003051758,0.21370700001716614,-999.0,1,4120,-999.0,-999.0,-999.0,-999.0,0,-999.0,-999.0,-999.0,-999.0,-999.0,0,-999.0,-999.0,-999.0,0,0,-999.0,-999.0,-999.0,-999.0,0,-999.0,-999.0,-999.0,-999.0,-999.0,0,-999.0,-999.0,-999.0,0,0,0.03827250232776171
PSO J139.6292+35.9389,-999,-999,-999,151121396291387233,3578835000031656,214022515358631,0,16486948039704,15112,1,2038,90,0.817522441798376,3578835,49831,3,268959744,0,32,-999.0,-999.0,-999.0,-999.0,139.6291559,35.9388559,0.25714999437332153,0.25714999437332153,,,,,56614.5921412,-999.0,-0.6168417135164166,0.5244324360768226,0.5869215624397016,130.79986755882695,19.261659808175725,188.00966707517514,44.34376078255563,-999,0,1,0,0,0,0,1,-999.0,-999.0,-999.0,-999.0,0,-999.0,-999.0,-999.0,-999.0,-999.0,0,-999.0,-999.0,-999.0,0,0,-999.0,-999.0,-999.0,-999.0,0,-999.0,-999.0,-999.0,-999.0,-999.0,0,-999.0,-999.0,-999.0,0,0,-999.0,-999.0,-999.0,-999.0,0,-999.0,-999.0,-999.0,-999.0,-999.0,0,-999.0,-999.0,-999.0,0,0,-999.0,-999.0,-999.0,-999.0,0,-999.0,-999.0,-999.0,-999.0,-999.0,0,-999.0,-999.0,-999.0,0,0,0.7943829894065857,21.141799926757812,0.2567079961299896,-999.0,1,21.141799926757812,21.141799926757812,-999.0,-999.0,-999.0,0,23.06839942932129,0.2567079961299896,-999.0,1,4120,0.038925291310502916
PSO J139.6297+35.9376,-999,-999,-999,151121396296375800,3578835000031780,214022515358755,0,16486948041197,15112,1,2038,90,0.672204103946876,3578835,49831,3,310456320,0,37,-999.0,-999.0,-999.0,-999.0,139.62966831,35.93764458,0.17363999783992767,0.17363999783992767,,,,,55259.45986111,-999.0,-0.6168558571264995,0.5244349566209475,0.586904445206131,130.80069569067135,19.260645786363185,188.01140139955768,44.34407864337208,-999,0,1,0,0,1,0,0,-999.0,-999.0,-999.0,-999.0,0,-999.0,-999.0,-999.0,-999.0,-999.0,0,-999.0,-999.0,-999.0,0,0,-999.0,-999.0,-999.0,-999.0,0,-999.0,-999.0,-999.0,-999.0,-999.0,0,-999.0,-999.0,-999.0,0,0,0.76214998960495,20.566200256347656,0.172993004322052,-999.0,1,20.566200256347656,20.566200256347656,19.72480010986328,0.1758279949426651,-999.0,1,19.672000885009766,0.172993004322052,-999.0,1,16777744,-999.0,-999.0,-999.0,-999.0,0,-999.0,-999.0,-999.0,-999.0,-999.0,0,-999.0,-999.0,-999.0,0,0,-999.0,-999.0,-999.0,-999.0,0,-999.0,-999.0,-999.0,-999.0,-999.0,0,-999.0,-999.0,-999.0,0,0,0.03835476223196261
PSO J139.6305+35.9380,-999,-999,-999,151121396304486165,3578835000031963,214022515358938,0,16486948041108,15112,1,2038,90,0.564686582018329,3578835,49831,3,277348352,0,33,-999.0,-999.0,-999.0,-999.0,139.63046311,35.93795761,0.19171999394893646,0.19171999394893646,,,,,55248.28778935,-999.0,-0.6168606889808294,0.5244243227187506,0.5869088686764549,130.80123482961173,19.261148832816453,188.0110361597087,44.34474487985395,-999,0,1,0,0,1,0,0,-999.0,-999.0,-999.0,-999.0,0,-999.0,-999.0,-999.0,-999.0,-999.0,0,-999.0,-999.0,-999.0,0,0,-999.0,-999.0,-999.0,-999.0,0,-999.0,-999.0,-999.0,-999.0,-999.0,0,-999.0,-999.0,-999.0,0,0,0.8231819868087769,21.128400802612305,0.19112800061702728,-999.0,1,21.128400802612305,21.128400802612305,20.36050033569336,0.1477549970149994,-999.0,1,20.384599685668945,0.19112800061702728,-999.0,1,16781336,-999.0,-999.0,-999.0,-999.0,0,-999.0,-999.0,-999.0,-999.0,-999.0,0,-999.0,-999.0,-999.0,0,0,-999.0,-999.0,-999.0,-999.0,0,-999.0,-999.0,-999.0,-999.0,-999.0,0,-999.0,-999.0,-999.0,0,0,0.03903376525711687
PSO J139.6309+35.9343,-999,-999,-999,151121396308401788,3578835000032037,214022515359012,0,16486948043019,15112,1,2038,90,0.535801831200534,3578835,49831,3,268959744,0,32,-999.0,-999.0,-999.0,-999.0,139.63085859,35.93432089,0.2516399919986725,0.2516399919986725,,,,,55249.34458333,-999.0,-0.6168926898921645,0.5244441927550523,0.5868574766015267,130.80279276557752,19.257807399811618,188.0161409174738,44.34477663592249,-999,0,1,1,0,0,0,0,0.5058289766311646,21.576799392700195,0.2511940002441406,-999.0,1,21.576799392700195,21.576799392700195,-999.0,-999.0,-999.0,0,21.885299682617188,0.2511940002441406,-999.0,1,4120,-999.0,-999.0,-999.0,-999.0,0,-999.0,-999.0,-999.0,-999.0,-999.0,0,-999.0,-999.0,-999.0,0,0,-999.0,-999.0,-999.0,-999.0,0,-999.0,-999.0,-999.0,-999.0,-999.0,0,-999.0,-999.0,-999.0,0,0,-999.0,-999.0,-999.0,-999.0,0,-999.0,-999.0,-999.0,-999.0,-999.0,0,-999.0,-999.0,-999.0,0,0,-999.0,-999.0,-999.0,-999.0,0,-999.0,-999.0,-999.0,-999.0,-999.0,0,-999.0,-999.0,-999.0,0,0,0.036837947300336654
PSO J139.6311+35.9330,-999,-999,-999,151121396310930206,3578835000032092,214022515359067,0,16486948035277,15112,1,2038,90,0.985882447088028,3578835,49831,3,268959744,0,32,-999.0,-999.0,-999.0,-999.0,139.63111222,35.93300182,0.27483999729156494,0.27483999729156494,,,,,55249.3515162,-999.0,-0.6169053049375537,0.524450212790578,0.5868388356642915,130.80344733744727,19.256624073397948,188.0180023262466,44.34487704372875,-999,0,1,1,0,0,0,0,0.5759239792823792,21.669200897216797,0.2744309902191162,-999.0,1,21.669200897216797,21.669200897216797,-999.0,-999.0,-999.0,0,22.81130027770996,0.2744309902191162,-999.0,1,4120,-999.0,-999.0,-999.0,-999.0,0,-999.0,-999.0,-999.0,-999.0,-999.0,0,-999.0,-999.0,-999.0,0,0,-999.0,-999.0,-999.0,-999.0,0,-999.0,-999.0,-999.0,-999.0,-999.0,0,-999.0,-999.0,-999.0,0,0,-999.0,-999.0,-999.0,-999.0,0,-999.0,-999.0,-999.0,-999.0,-999.0,0,-999.0,-999.0,-999.0,0,0,-999.0,-999.0,-999.0,-999.0,0,-999.0,-999.0,-999.0,-999.0,-999.0,0,-999.0,-999.0,-999.0,0,0,0.036170098183096924
PSO J139.6312+35.9336,-999,-999,-999,151121396312470940,3578835000032139,214022515359114,0,16486948035312,15112,1,2038,90,0.243539175245482,3578835,49831,3,268959744,0,32,-999.0,-999.0,-999.0,-999.0,139.63120947,35.93357683,0.21356000006198883,0.21356000006198883,,,,,55249.3302662,-999.0,-0.6169017079840943,0.5244453510711871,0.5868469616741034,130.80333080055854,19.257193927220982,188.01720950550384,44.3450010151885,-999,0,2,1,1,0,0,0,0.802299976348877,22.298599243164062,0.31771600246429443,-999.0,1,22.298599243164062,22.298599243164062,21.99180030822754,0.2369910031557083,-999.0,1,21.988399505615234,0.31771600246429443,-999.0,1,4120,0.5316420197486877,21.518699645996094,0.2877799868583679,-999.0,1,21.518699645996094,21.518699645996094,-999.0,-999.0,-999.0,0,23.445899963378906,0.2877799868583679,-999.0,1,4120,-999.0,-999.0,-999.0,-999.0,0,-999.0,-999.0,-999.0,-999.0,-999.0,0,-999.0,-999.0,-999.0,0,0,-999.0,-999.0,-999.0,-999.0,0,-999.0,-999.0,-999.0,-999.0,-999.0,0,-999.0,-999.0,-999.0,0,0,-999.0,-999.0,-999.0,-999.0,0,-999.0,-999.0,-999.0,-999.0,-999.0,0,-999.0,-999.0,-999.0,0,0,0.03658809086601517
PSO J139.6314+35.9360,-999,-999,-999,151121396314133743,3578835000032183,214022515359158,0,16486948041461,15112,1,2038,90,0.694761674566904,3578835,49831,3,268959744,0,32,-999.0,-999.0,-999.0,-999.0,139.63143215,35.9359501,0.2566399872303009,0.2566399872303009,,,,,55249.32226852,-999.0,-0.6168852255870342,0.524427208683026,0.5868804999702784,130.8027046325443,19.259499461052656,188.0139212240586,44.345368379043094,-999,0,1,0,1,0,0,0,-999.0,-999.0,-999.0,-999.0,0,-999.0,-999.0,-999.0,-999.0,-999.0,0,-999.0,-999.0,-999.0,0,0,0.6595330238342285,21.6018009185791,0.2561990022659302,-999.0,1,21.6018009185791,21.6018009185791,-999.0,-999.0,-999.0,0,22.785200119018555,0.2561990022659302,-999.0,1,4120,-999.0,-999.0,-999.0,-999.0,0,-999.0,-999.0,-999.0,-999.0,-999.0,0,-999.0,-999.0,-999.0,0,0,-999.0,-999.0,-999.0,-999.0,0,-999.0,-999.0,-999.0,-999.0,-999.0,0,-999.0,-999.0,-999.0,0,0,-999.0,-999.0,-999.0,-999.0,0,-999.0,-999.0,-999.0,-999.0,-999.0,0,-999.0,-999.0,-999.0,0,0,0.038249047886523446
PSO J139.6315+35.9369,-999,-999,-999,151121396314324890,3578835000032191,214022515359166,0,16486948041718,15112,1,2038,90,0.390081581091584,3578835,49831,3,268959744,0,32,-999.0,-999.0,-999.0,-999.0,139.63145178,35.93690493,0.2641800045967102,0.2641800045967102,,,,,55249.3515162,-999.0,-0.6168779536068746,0.5244206625291754,0.5868939930398465,130.80239587380652,19.260408852877486,188.01259198933033,44.345459682653335,-999,0,1,1,0,0,0,0,0.6434850096702576,21.760099411010742,0.26374900341033936,-999.0,1,21.760099411010742,21.760099411010742,-999.0,-999.0,-999.0,0,22.17930030822754,0.26374900341033936,-999.0,1,4120,-999.0,-999.0,-999.0,-999.0,0,-999.0,-999.0,-999.0,-999.0,-999.0,0,-999.0,-999.0,-999.0,0,0,-999.0,-999.0,-999.0,-999.0,0,-999.0,-999.0,-999.0,-999.0,-999.0,0,-999.0,-999.0,-999.0,0,0,-999.0,-999.0,-999.0,-999.0,0,-999.0,-999.0,-999.0,-999.0,-999.0,0,-999.0,-999.0,-999.0,0,0,-999.0,-999.0,-999.0,-999.0,0,-999.0,-999.0,-999.0,-999.0,-999.0,0,-999.0,-999.0,-999.0,0,0,0.03889640135518634
PSO J139.6331+35.9330,-999,-999,-999,151121396330290224,3578835000032604,214022515359579,0,16486948036543,15112,1,2038,90,0.0474344669351675,3578835,49831,3,268513280,0,32,-999.0,-999.0,-999.0,-999.0,139.63307557,35.93300966,0.018149999901652336,0.018149999901652336,,,,,55248.29211806,-999.0,-0.616923214688719,0.5244290210284553,0.5868389464591394,130.80503948887466,19.257141847871356,188.01816719377305,44.346462416752345,-999,0,1,0,0,1,0,0,-999.0,-999.0,-999.0,-999.0,0,-999.0,-999.0,-999.0,-999.0,-999.0,0,-999.0,-999.0,-999.0,0,0,-999.0,-999.0,-999.0,-999.0,0,-999.0,-999.0,-999.0,-999.0,-999.0,0,-999.0,-999.0,-999.0,0,0,0.9996070265769958,18.034500122070312,0.010209999978542328,-999.0,1,18.034500122070312,18.034500122070312,18.309900283813477,0.017667999491095543,-999.0,1,18.226900100708008,0.010209999978542328,-999.0,1,24,-999.0,-999.0,-999.0,-999.0,0,-999.0,-999.0,-999.0,-999.0,-999.0,0,-999.0,-999.0,-999.0,0,0,-999.0,-999.0,-999.0,-999.0,0,-999.0,-999.0,-999.0,-999.0,-999.0,0,-999.0,-999.0,-999.0,0,0,0.03744101396132997
PSO J139.6331+35.9344,-999,-999,-999,151121396330831912,3578835000032623,214022515359598,0,16486948035736,15112,1,2038,90,0.706831564853742,3578835,49831,3,268513280,0,32,-999.0,-999.0,-999.0,-999.0,139.63310443,35.93442212,0.017480000853538513,0.017480000853538513,,,,,55249.24679398,-999.0,-0.6169124562197821,0.5244193402700801,0.5868589071587561,130.8045826050189,19.258487044389785,188.01620083727263,44.346597380835654,-999,0,1,0,0,0,1,0,-999.0,-999.0,-999.0,-999.0,0,-999.0,-999.0,-999.0,-999.0,-999.0,0,-999.0,-999.0,-999.0,0,0,-999.0,-999.0,-999.0,-999.0,0,-999.0,-999.0,-999.0,-999.0,-999.0,0,-999.0,-999.0,-999.0,0,0,-999.0,-999.0,-999.0,-999.0,0,-999.0,-999.0,-999.0,-999.0,-999.0,0,-999.0,-999.0,-999.0,0,0,0.998665988445282,17.15169906616211,0.008980000391602516,-999.0,1,17.15169906616211,17.15169906616211,17.631900787353516,0.018936000764369965,-999.0,1,17.548799514770508,0.008980000391602516,-999.0,1,24,-999.0,-999.0,-999.0,-999.0,0,-999.0,-999.0,-999.0,-999.0,-999.0,0,-999.0,-999.0,-999.0,0,0,0.03831576525782983
PSO J139.5682+35.9425,-999,-999,-999,151131395682231622,3578835000016697,214022515343672,0,16486948444977,15113,1,2038,90,0.789958863323516,3578835,49831,3,268959744,0,32,-999.0,-999.0,-999.0,-999.0,139.56823637,35.94250368,0.21915000677108765,0.21915000677108765,,,,,56652.66532407,-999.0,-0.6162553199873099,0.525063759225137,0.5869731078471191,130.74914554296012,19.249288925789905,187.99912086189886,44.29488306199107,-999,0,1,0,0,0,1,0,-999.0,-999.0,-999.0,-999.0,0,-999.0,-999.0,-999.0,-999.0,-999.0,0,-999.0,-999.0,-999.0,0,0,-999.0,-999.0,-999.0,-999.0,0,-999.0,-999.0,-999.0,-999.0,-999.0,0,-999.0,-999.0,-999.0,0,0,-999.0,-999.0,-999.0,-999.0,0,-999.0,-999.0,-999.0,-999.0,-999.0,0,-999.0,-999.0,-999.0,0,0,0.646386981010437,20.777299880981445,0.2186329960823059,-999.0,1,20.777299880981445,20.777299880981445,-999.0,-999.0,-999.0,0,21.550100326538086,0.2186329960823059,-999.0,1,4120,-999.0,-999.0,-999.0,-999.0,0,-999.0,-999.0,-999.0,-999.0,-999.0,0,-999.0,-999.0,-999.0,0,0,0.03886010474862802
PSO J139.5686+35.9414,-999,-999,-999,151131395685490329,3578835000016779,214022515343754,0,16486948445045,15113,1,2038,90,0.556017917167412,3578835,49831,3,444915840,7,53,139.56853793,35.9414397,0.0010000000474974513,0.0010000000474974513,139.5685496477117,35.941439640810806,0.006171592513752168,0.006171592513752168,-1.128759013521512,2.9918886646728104,3.200239665086916,3.200239665086916,56060.53863998568,4.8521270751953125,-0.6162664881759723,0.5250674591073853,0.5869580725552451,130.7497648580545,19.248358135696513,188.0006382179311,44.29505254081357,-999,5,98,18,34,32,13,1,0.999550998210907,21.718799591064453,0.03826799988746643,0.15952999889850616,16,21.459199905395508,22.007299423217773,21.478700637817383,0.06626900285482407,0.30327001214027405,16,21.40399932861328,0.06157900020480156,0.26417699456214905,16,115000,0.9996439814567566,21.163400650024414,0.038169000297784805,0.17954100668430328,32,20.86389923095703,21.482999801635742,20.944499969482422,0.04065199941396713,0.24012799561023712,32,20.86910057067871,0.0351249985396862,0.22210200130939484,32,16892216,0.9997140169143677,20.803800582885742,0.02746500074863434,0.1401350051164627,31,20.572900772094727,21.1466007232666,20.49850082397461,0.03813900053501129,0.2484620064496994,31,20.417699813842773,0.03203200176358223,0.18477700650691986,31,16892216,0.9996079802513123,20.5856990814209,0.0506259985268116,0.22655299305915833,13,20.377700805664062,21.059900283813477,20.228300094604492,0.07559400051832199,0.5973680019378662,13,20.21660041809082,0.08022099733352661,0.32995501160621643,13,16892216,0.999288022518158,20.473499298095703,0.13088999688625336,-999.0,1,20.473499298095703,20.473499298095703,19.880699157714844,0.1408029943704605,-999.0,1,19.811100006103516,0.13088999688625336,-999.0,1,16892216,0.03784667745667985
PSO J139.5696+35.9430,-999,-999,-999,151131395695472271,3578835000017003,214022515343978,0,16486948444602,15113,1,2038,90,0.920908347629857,3578835,49831,3,268959744,0,32,-999.0,-999.0,-999.0,-999.0,139.56956193,35.94304573,0.3342199921607971,0.3342199921607971,,,,,56795.24583333,-999.0,-0.6162632403675687,0.5250459004402148,0.5869807671487953,130.75003809096887,19.250146525364293,187.99848512820785,44.29599593289377,-999,0,1,0,0,0,0,1,-999.0,-999.0,-999.0,-999.0,0,-999.0,-999.0,-999.0,-999.0,-999.0,0,-999.0,-999.0,-999.0,0,0,-999.0,-999.0,-999.0,-999.0,0,-999.0,-999.0,-999.0,-999.0,-999.0,0,-999.0,-999.0,-999.0,0,0,-999.0,-999.0,-999.0,-999.0,0,-999.0,-999.0,-999.0,-999.0,-999.0,0,-999.0,-999.0,-999.0,0,0,-999.0,-999.0,-999.0,-999.0,0,-999.0,-999.0,-999.0,-999.0,-999.0,0,-999.0,-999.0,-999.0,0,0,0.7021759748458862,21.043899536132812,0.3338800072669983,-999.0,1,21.043899536132812,21.043899536132812,-999.0,-999.0,-999.0,0,-999.0,-999.0,-999.0,0,4120,0.03870250782878039
PSO J139.5710+35.9424,-999,-999,-999,151131395709561531,3578835000186729,214022515515327,0,16486947382443,15113,1,2038,90,0.337151429929912,3578835,49831,3,1343750144,0,160,139.57095589,35.94243948,0.0010000000474974513,0.0010000000474974513,139.57095589,35.94243948,0.0010000000474974513,0.0010000000474974513,,,,,55646.49783565,-999.0,-0.6162807418733088,0.5250349348596238,0.5869722006816291,130.75137628626047,19.24993425217592,187.99945480294306,44.29707273320711,-999,1,0,0,0,0,0,0,-999.0,-999.0,-999.0,-999.0,0,-999.0,-999.0,-999.0,-999.0,-999.0,0,-999.0,-999.0,-999.0,0,16416,-999.0,-999.0,-999.0,-999.0,0,-999.0,-999.0,-999.0,-999.0,-999.0,0,-999.0,-999.0,-999.0,0,16416,-999.0,-999.0,-999.0,-999.0,0,-999.0,-999.0,-999.0,-999.0,-999.0,0,-999.0,-999.0,-999.0,0,114720,-999.0,-999.0,-999.0,-999.0,0,-999.0,-999.0,-999.0,-999.0,-999.0,0,-999.0,-999.0,-999.0,0,16416,-999.0,-999.0,-999.0,-999.0,0,-999.0,-999.0,-999.0,-999.0,-999.0,0,-999.0,-999.0,-999.0,0,16416,0.03757953916820337
PSO J139.5713+35.9443,-999,-999,-999,151131395712493748,3578835000017350,214022515344325,0,16486947383046,15113,1,2038,90,0.950243215030286,3578835,49831,3,268959744,0,32,-999.0,-999.0,-999.0,-999.0,139.57126452,35.94427629,0.34266000986099243,0.34266000986099243,,,,,56795.24583333,-999.0,-0.6162692456692584,0.5250194118150304,0.5869981550734574,130.75100296480795,19.251754165707652,187.99692429986223,44.29746776622544,-999,0,1,0,0,0,0,1,-999.0,-999.0,-999.0,-999.0,0,-999.0,-999.0,-999.0,-999.0,-999.0,0,-999.0,-999.0,-999.0,0,0,-999.0,-999.0,-999.0,-999.0,0,-999.0,-999.0,-999.0,-999.0,-999.0,0,-999.0,-999.0,-999.0,0,0,-999.0,-999.0,-999.0,-999.0,0,-999.0,-999.0,-999.0,-999.0,-999.0,0,-999.0,-999.0,-999.0,0,0,-999.0,-999.0,-999.0,-999.0,0,-999.0,-999.0,-999.0,-999.0,-999.0,0,-999.0,-999.0,-999.0,0,0,0.6004250049591064,20.91469955444336,0.3423309922218323,-999.0,1,20.91469955444336,20.91469955444336,-999.0,-999.0,-999.0,0,23.77359962463379,0.3423309922218323,-999.0,1,4120,0.03901240487853627
PSO J139.5739+35.9454,-999,-999,-999,151131395738785052,3578835000018012,214022515344987,0,16486947384022,15113,1,2038,90,0.242517278755565,3578835,49831,3,268513280,0,32,-999.0,-999.0,-999.0,-999.0,139.57389529,35.94537999,0.03936000168323517,0.03936000168323517,,,,,55249.24423611,-999.0,-0.6162847437599632,0.5249837822791683,0.5870137502244519,130.75276480403627,19.253482668652126,187.99562341815613,44.299678523805866,-999,0,1,0,0,0,1,0,-999.0,-999.0,-999.0,-999.0,0,-999.0,-999.0,-999.0,-999.0,-999.0,0,-999.0,-999.0,-999.0,0,0,-999.0,-999.0,-999.0,-999.0,0,-999.0,-999.0,-999.0,-999.0,-999.0,0,-999.0,-999.0,-999.0,0,0,-999.0,-999.0,-999.0,-999.0,0,-999.0,-999.0,-999.0,-999.0,-999.0,0,-999.0,-999.0,-999.0,0,0,0.998540997505188,18.80229949951172,0.03638700023293495,-999.0,1,18.80229949951172,18.80229949951172,19.65730094909668,0.11002899706363678,-999.0,1,19.423099517822266,0.03638700023293495,-999.0,1,24,-999.0,-999.0,-999.0,-999.0,0,-999.0,-999.0,-999.0,-999.0,-999.0,0,-999.0,-999.0,-999.0,0,0,0.0389452420948156
PSO J139.5743+35.9420,-999,-999,-999,151131395742461045,3578835000018089,214022515345064,0,16486947387348,15113,1,2038,90,0.853593367015564,3578835,49831,3,302067712,0,36,-999.0,-999.0,-999.0,-999.0,139.5742763,35.94203956,0.18904000520706177,0.18904000520706177,,,,,55250.26778935,-999.0,-0.6163142865384149,0.5250018759703737,0.586966549674028,130.7542091597926,19.250417662877055,188.000310289527,44.299720685235215,-999,0,1,0,0,0,0,1,-999.0,-999.0,-999.0,-999.0,0,-999.0,-999.0,-999.0,-999.0,-999.0,0,-999.0,-999.0,-999.0,0,0,-999.0,-999.0,-999.0,-999.0,0,-999.0,-999.0,-999.0,-999.0,-999.0,0,-999.0,-999.0,-999.0,0,0,-999.0,-999.0,-999.0,-999.0,0,-999.0,-999.0,-999.0,-999.0,-999.0,0,-999.0,-999.0,-999.0,0,0,-999.0,-999.0,-999.0,-999.0,0,-999.0,-999.0,-999.0,-999.0,-999.0,0,-999.0,-999.0,-999.0,0,0,0.9991769790649414,19.26460075378418,0.18844200670719147,-999.0,1,19.26460075378418,19.26460075378418,19.30190086364746,0.2956790030002594,-999.0,1,19.241899490356445,0.18844200670719147,-999.0,1,272,0.03585589984136928
PSO J139.5746+35.9422,-999,-999,-999,151131395745931288,3578835000018177,214022515345152,0,16486947387199,15113,1,2038,90,0.191578399568404,3578835,49831,3,302067712,0,36,-999.0,-999.0,-999.0,-999.0,139.5746109,35.94224472,0.1977899968624115,0.1977899968624115,,,,,55249.24423611,-999.0,-0.6163157524995037,0.5249969138592067,0.5869694486591951,130.7544112388086,19.250698871061225,188.00005461039558,44.30000702484575,-999,0,1,0,0,0,1,0,-999.0,-999.0,-999.0,-999.0,0,-999.0,-999.0,-999.0,-999.0,-999.0,0,-999.0,-999.0,-999.0,0,0,-999.0,-999.0,-999.0,-999.0,0,-999.0,-999.0,-999.0,-999.0,-999.0,0,-999.0,-999.0,-999.0,0,0,-999.0,-999.0,-999.0,-999.0,0,-999.0,-999.0,-999.0,-999.0,-999.0,0,-999.0,-999.0,-999.0,0,0,0.9982100129127502,20.70009994506836,0.19722099602222443,-999.0,1,20.70009994506836,20.70009994506836,-999.0,-999.0,-999.0,1,20.57379913330078,0.19722099602222443,-999.0,1,280,-999.0,-999.0,-999.0,-999.0,0,-999.0,-999.0,-999.0,-999.0,-999.0,0,-999.0,-999.0,-999.0,0,0,0.03590418122280734
PSO J139.5775+35.9444,-999,-999,-999,151131395775313878,3578835000018904,214022515345879,0,16486947386010,15113,1,2038,90,0.810277485111987,3578835,49831,3,302067712,0,36,-999.0,-999.0,-999.0,-999.0,139.57754347,35.94439155,0.19248999655246735,0.19248999655246735,,,,,57033.58118056,-999.0,-0.6163258790206338,0.5249511070497869,0.5869997836938667,130.75606381260727,19.253493800368496,187.99732782845618,44.302544224888045,-999,0,1,0,0,1,0,0,-999.0,-999.0,-999.0,-999.0,0,-999.0,-999.0,-999.0,-999.0,-999.0,0,-999.0,-999.0,-999.0,0,0,-999.0,-999.0,-999.0,-999.0,0,-999.0,-999.0,-999.0,-999.0,-999.0,0,-999.0,-999.0,-999.0,0,0,0.9983010292053223,21.767000198364258,0.19190600514411926,-999.0,1,21.767000198364258,21.767000198364258,-999.0,-999.0,-999.0,1,21.735200881958008,0.19190600514411926,-999.0,1,280,-999.0,-999.0,-999.0,-999.0,0,-999.0,-999.0,-999.0,-999.0,-999.0,0,-999.0,-999.0,-999.0,0,0,-999.0,-999.0,-999.0,-999.0,0,-999.0,-999.0,-999.0,-999.0,-999.0,0,-999.0,-999.0,-999.0,0,0,0.03677911685867411
PSO J139.5785+35.9422,-999,-999,-999,151131395785091310,3578835000019130,214022515346105,0,16486947388215,15113,1,2038,90,0.190274485564115,3578835,49831,3,268959744,0,32,-999.0,-999.0,-999.0,-999.0,139.57851828,35.94224781,0.27838999032974243,0.27838999032974243,,,,,55249.29614583,-999.0,-0.6163515299957493,0.5249548614454411,0.5869694923219576,130.75758396258547,19.251716483660825,188.0004014119832,44.303160725147706,-999,0,1,0,0,1,0,0,-999.0,-999.0,-999.0,-999.0,0,-999.0,-999.0,-999.0,-999.0,-999.0,0,-999.0,-999.0,-999.0,0,0,-999.0,-999.0,-999.0,-999.0,0,-999.0,-999.0,-999.0,-999.0,-999.0,0,-999.0,-999.0,-999.0,0,0,0.8338710069656372,21.364900588989258,0.277989000082016,-999.0,1,21.364900588989258,21.364900588989258,20.413299560546875,0.33014899492263794,-999.0,1,21.475099563598633,0.277989000082016,-999.0,1,4120,-999.0,-999.0,-999.0,-999.0,0,-999.0,-999.0,-999.0,-999.0,-999.0,0,-999.0,-999.0,-999.0,0,0,-999.0,-999.0,-999.0,-999.0,0,-999.0,-999.0,-999.0,-999.0,-999.0,0,-999.0,-999.0,-999.0,0,0,0.034499613382672455
PSO J139.5787+35.9471,-999,-999,-999,151131395786477129,3578835000019166,214022515346141,0,16486947378371,15113,1,2038,90,0.14562830342504,3578835,49831,3,268959744,0,32,-999.0,-999.0,-999.0,-999.0,139.57866284,35.94710904,0.2687000036239624,0.2687000036239624,,,,,55248.26421296,-999.0,-0.6163149388275946,0.524921013254799,0.5870381810593699,130.7560496644946,19.25635837599801,187.99364308538924,44.303663233192005,-999,0,1,0,0,0,1,0,-999.0,-999.0,-999.0,-999.0,0,-999.0,-999.0,-999.0,-999.0,-999.0,0,-999.0,-999.0,-999.0,0,0,-999.0,-999.0,-999.0,-999.0,0,-999.0,-999.0,-999.0,-999.0,-999.0,0,-999.0,-999.0,-999.0,0,0,-999.0,-999.0,-999.0,-999.0,0,-999.0,-999.0,-999.0,-999.0,-999.0,0,-999.0,-999.0,-999.0,0,0,0.7001019716262817,21.276500701904297,0.26827800273895264,-999.0,1,21.276500701904297,21.276500701904297,-999.0,-999.0,-999.0,0,22.326200485229492,0.26827800273895264,-999.0,1,4120,-999.0,-999.0,-999.0,-999.0,0,-999.0,-999.0,-999.0,-999.0,-999.0,0,-999.0,-999.0,-999.0,0,0,0.0389460845576161
PSO J139.5788+35.9461,-999,-999,-999,151131395787765888,3578835000019206,214022515346181,0,16486947378596,15113,1,2038,90,0.353189774186527,3578835,49831,3,302067712,0,36,-999.0,-999.0,-999.0,-999.0,139.57877341,35.94606154,0.2411399930715561,0.2411399930715561,,,,,56759.31069444,-999.0,-0.6163241222946394,0.5249267827188827,0.587023380336887,130.7564953930107,19.255394943204376,187.9951121034107,44.30366935782074,-999,0,1,0,0,1,0,0,-999.0,-999.0,-999.0,-999.0,0,-999.0,-999.0,-999.0,-999.0,-999.0,0,-999.0,-999.0,-999.0,0,0,-999.0,-999.0,-999.0,-999.0,0,-999.0,-999.0,-999.0,-999.0,-999.0,0,-999.0,-999.0,-999.0,0,0,0.9312350153923035,17.01409912109375,0.24066999554634094,-999.0,1,17.01409912109375,17.01409912109375,-999.0,-999.0,-999.0,1,17.1382999420166,0.24066999554634094,-999.0,1,272,-999.0,-999.0,-999.0,-999.0,0,-999.0,-999.0,-999.0,-999.0,-999.0,0,-999.0,-999.0,-999.0,0,0,-999.0,-999.0,-999.0,-999.0,0,-999.0,-999.0,-999.0,-999.0,-999.0,0,-999.0,-999.0,-999.0,0,0,0.03793723458562108
PSO J139.5789+35.9444,-999,-999,-999,151131395788573830,3578835000019230,214022515346205,0,16486947385868,15113,1,2038,90,0.397997257670385,3578835,49831,3,268513280,0,32,-999.0,-999.0,-999.0,-999.0,139.57888323,35.94436123,0.019850000739097595,0.019850000739097595,,,,,55250.32969907,-999.0,-0.6163383903839811,0.5249368966337848,0.586999355273389,130.75716231789218,19.253813001707808,187.99749037078578,44.30362304797159,-999,0,1,1,0,0,0,0,0.9986019730567932,18.732099533081055,0.013000999577343464,-999.0,1,18.732099533081055,18.732099533081055,19.61440086364746,0.03853100165724754,-999.0,1,19.54800033569336,0.013000999577343464,-999.0,1,24,-999.0,-999.0,-999.0,-999.0,0,-999.0,-999.0,-999.0,-999.0,-999.0,0,-999.0,-999.0,-999.0,0,0,-999.0,-999.0,-999.0,-999.0,0,-999.0,-999.0,-999.0,-999.0,-999.0,0,-999.0,-999.0,-999.0,0,0,-999.0,-999.0,-999.0,-999.0,0,-999.0,-999.0,-999.0,-999.0,-999.0,0,-999.0,-999.0,-999.0,0,0,-999.0,-999.0,-999.0,-999.0,0,-999.0,-999.0,-999.0,-999.0,-999.0,0,-999.0,-999.0,-999.0,0,0,0.03632614984762789
PSO J139.6093+35.8934,-999,-999,-999,151071396092482636,3578835000026869,214022515353844,0,16486947755149,15107,1,2038,90,0.890766177224709,3578835,49831,3,268959744,0,32,-999.0,-999.0,-999.0,-999.0,139.60926025,35.89336051,0.3369300067424774,0.3369300067424774,,,,,57035.5824537,-999.0,-0.6170143330180561,0.5249484275485128,0.5862784843951099,130.79916864653092,19.213399839427364,188.07128036672447,44.324082532119604,-999,0,1,0,0,1,0,0,-999.0,-999.0,-999.0,-999.0,0,-999.0,-999.0,-999.0,-999.0,-999.0,0,-999.0,-999.0,-999.0,0,0,-999.0,-999.0,-999.0,-999.0,0,-999.0,-999.0,-999.0,-999.0,-999.0,0,-999.0,-999.0,-999.0,0,0,0.5723940134048462,22.355899810791016,0.3365919888019562,-999.0,1,22.355899810791016,22.355899810791016,-999.0,-999.0,-999.0,0,23.452899932861328,0.3365919888019562,-999.0,1,4120,-999.0,-999.0,-999.0,-999.0,0,-999.0,-999.0,-999.0,-999.0,-999.0,0,-999.0,-999.0,-999.0,0,0,-999.0,-999.0,-999.0,-999.0,0,-999.0,-999.0,-999.0,-999.0,-999.0,0,-999.0,-999.0,-999.0,0,0,0.02048198544954175
PSO J139.6096+35.8956,-999,-999,-999,151071396096455331,3578835000026970,214022515353945,0,16486947762417,15107,1,2038,90,0.431161841779167,3578835,49831,3,268959744,0,32,-999.0,-999.0,-999.0,-999.0,139.60963307,35.89555586,0.24071000516414642,0.24071000516414642,,,,,55250.30069444,-999.0,-0.6170006387927144,0.524929855856883,0.5863095241930275,130.7987256726441,19.215576030058216,188.06825521759126,44.32455908455152,-999,0,1,0,0,1,0,0,-999.0,-999.0,-999.0,-999.0,0,-999.0,-999.0,-999.0,-999.0,-999.0,0,-999.0,-999.0,-999.0,0,0,-999.0,-999.0,-999.0,-999.0,0,-999.0,-999.0,-999.0,-999.0,-999.0,0,-999.0,-999.0,-999.0,0,0,0.6224790215492249,21.063800811767578,0.24023699760437012,-999.0,1,21.063800811767578,21.063800811767578,20.981700897216797,0.32688799500465393,-999.0,1,21.38479995727539,0.24023699760437012,-999.0,1,4112,-999.0,-999.0,-999.0,-999.0,0,-999.0,-999.0,-999.0,-999.0,-999.0,0,-999.0,-999.0,-999.0,0,0,-999.0,-999.0,-999.0,-999.0,0,-999.0,-999.0,-999.0,-999.0,-999.0,0,-999.0,-999.0,-999.0,0,0,0.01883091559523346
PSO J139.6100+35.8957,-999,-999,-999,151071396099825487,3578835000027056,214022515354031,0,16486947762400,15107,1,2038,90,0.597508681563203,3578835,49831,3,302067712,0,36,-999.0,-999.0,-999.0,-999.0,139.61001825,35.89573109,0.20215000212192535,0.20215000212192535,,,,,56283.60864583,-999.0,-0.6170028019568996,0.5249245460304051,0.586312001712491,130.79897910399657,19.21584210816199,188.06804591535715,44.32488411944995,-999,0,1,1,0,0,0,0,0.48147499561309814,21.714399337768555,0.2015949934720993,-999.0,1,21.714399337768555,21.714399337768555,-999.0,-999.0,-999.0,1,21.31599998474121,0.2015949934720993,-999.0,1,536,-999.0,-999.0,-999.0,-999.0,0,-999.0,-999.0,-999.0,-999.0,-999.0,0,-999.0,-999.0,-999.0,0,0,-999.0,-999.0,-999.0,-999.0,0,-999.0,-999.0,-999.0,-999.0,-999.0,0,-999.0,-999.0,-999.0,0,0,-999.0,-999.0,-999.0,-999.0,0,-999.0,-999.0,-999.0,-999.0,-999.0,0,-999.0,-999.0,-999.0,0,0,-999.0,-999.0,-999.0,-999.0,0,-999.0,-999.0,-999.0,-999.0,-999.0,0,-999.0,-999.0,-999.0,0,0,0.018877169106279082
PSO J139.6100+35.8919,-999,-999,-999,151071396100570810,3578835000027069,214022515354044,0,16486947809618,15107,1,2038,90,0.975196098885682,3578835,49831,3,444915712,7,53,139.60999531,35.89188943,0.0010000000474974513,0.0010000000474974513,139.61001023036397,35.89189627407143,0.004999764845818876,0.004999764845818876,-2.98095706104837,-1.5997237798022348,2.8003454706790727,2.8003454706790727,55736.49488635571,5.33751106262207,-0.6170326157994486,0.5249500594887068,0.5862577812553905,130.80027963939062,19.212200266887663,188.07340047597785,44.32457159304137,-999,10,107,28,31,33,14,1,0.9996669888496399,20.913299560546875,0.03044700063765049,0.11713899672031403,25,20.72439956665039,21.18090057373047,20.78459930419922,0.03724399954080582,0.19931699335575104,24,20.707599639892578,0.032124001532793045,0.1843309998512268,25,16892216,0.9996839761734009,20.8518009185791,0.02799299918115139,0.1294350028038025,24,20.666099548339844,21.103599548339844,20.658199310302734,0.052925001829862595,0.2812870144844055,26,20.6033992767334,0.03747500106692314,0.1867540031671524,26,16892216,0.9995800256729126,20.671600341796875,0.02377999946475029,0.15149399638175964,32,20.101600646972656,20.895099639892578,20.43090057373047,0.03177199885249138,0.20138800144195557,32,20.369600296020508,0.03505000099539757,0.20911799371242523,33,16892216,0.9992960095405579,20.54290008544922,0.041460998356342316,0.15440300107002258,11,20.301599502563477,20.84040069580078,20.358800888061523,0.0748170018196106,0.2860890030860901,11,20.225200653076172,0.06259399652481079,0.19192799925804138,11,16892216,0.9982330203056335,20.535499572753906,0.18284200131893158,-999.0,1,20.535499572753906,20.535499572753906,20.348899841308594,0.28217899799346924,-999.0,1,20.171100616455078,0.18284200131893158,-999.0,1,115000,0.022047689979278626
PSO J139.6104+35.8965,-999,-999,-999,151071396104506513,3578835000027170,214022515354145,0,16486947760300,15107,1,2038,90,0.648698456258232,3578835,49831,3,268959744,0,32,-999.0,-999.0,-999.0,-999.0,139.61043135,35.89654602,0.25784000754356384,0.25784000754356384,,,,,55250.27490741,-999.0,-0.6170002349264838,0.5249146937302268,0.5863235236682612,130.79903786406362,19.216721323240105,188.06694779020813,44.325282811169764,-999,0,1,0,0,0,0,1,-999.0,-999.0,-999.0,-999.0,0,-999.0,-999.0,-999.0,-999.0,-999.0,0,-999.0,-999.0,-999.0,0,0,-999.0,-999.0,-999.0,-999.0,0,-999.0,-999.0,-999.0,-999.0,-999.0,0,-999.0,-999.0,-999.0,0,0,-999.0,-999.0,-999.0,-999.0,0,-999.0,-999.0,-999.0,-999.0,-999.0,0,-999.0,-999.0,-999.0,0,0,-999.0,-999.0,-999.0,-999.0,0,-999.0,-999.0,-999.0,-999.0,-999.0,0,-999.0,-999.0,-999.0,0,0,0.6534349918365479,19.156600952148438,0.25740599632263184,-999.0,1,19.156600952148438,19.156600952148438,-999.0,-999.0,-999.0,1,19.9606990814209,0.25740599632263184,-999.0,1,4112,0.018447132065015963
PSO J139.6114+35.8954,-999,-999,-999,151071396114135106,3578835000027424,214022515354399,0,16486947804204,15107,1,2038,90,0.248266870387147,3578835,49831,3,268959744,0,32,-999.0,-999.0,-999.0,-999.0,139.61142058,35.89538401,0.2050199955701828,0.2050199955701828,,,,,55250.31938657,-999.0,-0.6170183546448166,0.5249117459353089,0.5863070944569485,130.8002364669939,19.215877862698022,188.06865642685105,44.325988760585,-999,0,1,0,1,0,0,0,-999.0,-999.0,-999.0,-999.0,0,-999.0,-999.0,-999.0,-999.0,-999.0,0,-999.0,-999.0,-999.0,0,0,0.6771489977836609,21.479900360107422,0.20447300374507904,-999.0,1,21.479900360107422,21.479900360107422,21.274799346923828,0.260560005903244,-999.0,1,21.831499099731445,0.20447300374507904,-999.0,1,4120,-999.0,-999.0,-999.0,-999.0,0,-999.0,-999.0,-999.0,-999.0,-999.0,0,-999.0,-999.0,-999.0,0,0,-999.0,-999.0,-999.0,-999.0,0,-999.0,-999.0,-999.0,-999.0,-999.0,0,-999.0,-999.0,-999.0,0,0,-999.0,-999.0,-999.0,-999.0,0,-999.0,-999.0,-999.0,-999.0,-999.0,0,-999.0,-999.0,-999.0,0,0,0.019853577206679355
PSO J139.6117+35.8933,-999,-999,-999,151071396116632513,3578835000027489,214022515354464,0,16486947809414,15107,1,2038,90,0.695816109604962,3578835,49831,3,302067712,0,36,-999.0,-999.0,-999.0,-999.0,139.61169715,35.89326885,0.25804001092910767,0.25804001092910767,,,,,55250.26314815,-999.0,-0.617037373906687,0.5249227919958422,0.5862771884063281,130.80117987390867,19.213946416236364,188.07162871248417,44.32604304136061,-999,0,1,0,0,0,0,1,-999.0,-999.0,-999.0,-999.0,0,-999.0,-999.0,-999.0,-999.0,-999.0,0,-999.0,-999.0,-999.0,0,0,-999.0,-999.0,-999.0,-999.0,0,-999.0,-999.0,-999.0,-999.0,-999.0,0,-999.0,-999.0,-999.0,0,0,-999.0,-999.0,-999.0,-999.0,0,-999.0,-999.0,-999.0,-999.0,-999.0,0,-999.0,-999.0,-999.0,0,0,-999.0,-999.0,-999.0,-999.0,0,-999.0,-999.0,-999.0,-999.0,-999.0,0,-999.0,-999.0,-999.0,0,0,0.8556270003318787,19.46540069580078,0.2576040029525757,-999.0,1,19.46540069580078,19.46540069580078,-999.0,-999.0,-999.0,1,19.33919906616211,0.2576040029525757,-999.0,1,272,0.021663998773927256
PSO J139.6119+35.8953,-999,-999,-999,151071396118655017,3578835000027538,214022515354513,0,16486947804403,15107,1,2038,90,0.277753852566475,3578835,49831,3,310456320,0,37,-999.0,-999.0,-999.0,-999.0,139.61190238,35.89533821,0.18076999485492706,0.18076999485492706,,,,,56283.60864583,-999.0,-0.6170231255776949,0.5249068610922908,0.5863064469034692,130.80064350572675,19.215959712703835,188.06876384025693,44.32637415384575,-999,0,1,1,0,0,0,0,0.41168901324272156,21.602100372314453,0.18015000224113464,-999.0,1,21.602100372314453,21.602100372314453,20.868799209594727,0.18800100684165955,-999.0,1,20.80459976196289,0.18015000224113464,-999.0,1,16777752,-999.0,-999.0,-999.0,-999.0,0,-999.0,-999.0,-999.0,-999.0,-999.0,0,-999.0,-999.0,-999.0,0,0,-999.0,-999.0,-999.0,-999.0,0,-999.0,-999.0,-999.0,-999.0,-999.0,0,-999.0,-999.0,-999.0,0,0,-999.0,-999.0,-999.0,-999.0,0,-999.0,-999.0,-999.0,-999.0,-999.0,0,-999.0,-999.0,-999.0,0,0,-999.0,-999.0,-999.0,-999.0,0,-999.0,-999.0,-999.0,-999.0,-999.0,0,-999.0,-999.0,-999.0,0,0,0.020138003629971656
PSO J139.6119+35.8958,-999,-999,-999,151071396118745641,3578835000027543,214022515354518,0,16486947804311,15107,1,2038,90,0.434900388526637,3578835,49831,3,268959744,0,32,-999.0,-999.0,-999.0,-999.0,139.61187989,35.89582721,0.23966999351978302,0.23966999351978302,,,,,55250.32483796,-999.0,-0.6170191081624913,0.5249038609158889,0.5863133607192974,130.8004590773503,19.21641701323813,188.06808042944002,44.32639506412446,-999,0,1,0,1,0,0,0,-999.0,-999.0,-999.0,-999.0,0,-999.0,-999.0,-999.0,-999.0,-999.0,0,-999.0,-999.0,-999.0,0,0,0.6683639883995056,21.7362003326416,0.2391979992389679,-999.0,1,21.7362003326416,21.7362003326416,21.35300064086914,0.2604460120201111,-999.0,1,21.282499313354492,0.2391979992389679,-999.0,1,4120,-999.0,-999.0,-999.0,-999.0,0,-999.0,-999.0,-999.0,-999.0,-999.0,0,-999.0,-999.0,-999.0,0,0,-999.0,-999.0,-999.0,-999.0,0,-999.0,-999.0,-999.0,-999.0,-999.0,0,-999.0,-999.0,-999.0,0,0,-999.0,-999.0,-999.0,-999.0,0,-999.0,-999.0,-999.0,-999.0,-999.0,0,-999.0,-999.0,-999.0,0,0,0.019754306185980577
PSO J139.6120+35.8948,-999,-999,-999,151071396119864462,3578835000027576,214022515354551,0,16486947804176,15107,1,2038,90,0.547779294241014,3578835,49831,3,268959744,0,32,-999.0,-999.0,-999.0,-999.0,139.61197405,35.89483177,0.1755100041627884,0.1755100041627884,,,,,55250.30069444,-999.0,-0.617027729437144,0.5249094472358548,0.5862992864639969,130.8008738194519,19.21549867700276,188.06947600202912,44.32639155909174,-999,0,1,0,0,1,0,0,-999.0,-999.0,-999.0,-999.0,0,-999.0,-999.0,-999.0,-999.0,-999.0,0,-999.0,-999.0,-999.0,0,0,-999.0,-999.0,-999.0,-999.0,0,-999.0,-999.0,-999.0,-999.0,-999.0,0,-999.0,-999.0,-999.0,0,0,0.64021897315979,20.728900909423828,0.1748639941215515,-999.0,1,20.728900909423828,20.728900909423828,20.850500106811523,0.26447901129722595,-999.0,1,21.174999237060547,0.1748639941215515,-999.0,1,4112,-999.0,-999.0,-999.0,-999.0,0,-999.0,-999.0,-999.0,-999.0,-999.0,0,-999.0,-999.0,-999.0,0,0,-999.0,-999.0,-999.0,-999.0,0,-999.0,-999.0,-999.0,-999.0,-999.0,0,-999.0,-999.0,-999.0,0,0,0.020564907223374233
PSO J139.6122+35.8961,-999,-999,-999,151071396121876021,3578835000027630,214022515354605,0,16486947804341,15107,1,2038,90,0.419771338272627,3578835,49831,3,268959744,0,32,-999.0,-999.0,-999.0,-999.0,139.61216792,35.89613566,0.28540998697280884,0.28540998697280884,,,,,55250.27490741,-999.0,-0.6170193427218257,0.524898713887612,0.5863177217740029,130.8005883018383,19.21678401938107,188.06767668960617,44.326652289006574,-999,0,1,0,0,0,0,1,-999.0,-999.0,-999.0,-999.0,0,-999.0,-999.0,-999.0,-999.0,-999.0,0,-999.0,-999.0,-999.0,0,0,-999.0,-999.0,-999.0,-999.0,0,-999.0,-999.0,-999.0,-999.0,-999.0,0,-999.0,-999.0,-999.0,0,0,-999.0,-999.0,-999.0,-999.0,0,-999.0,-999.0,-999.0,-999.0,-999.0,0,-999.0,-999.0,-999.0,0,0,-999.0,-999.0,-999.0,-999.0,0,-999.0,-999.0,-999.0,-999.0,-999.0,0,-999.0,-999.0,-999.0,0,0,0.437857985496521,19.026100158691406,0.28501200675964355,-999.0,1,19.026100158691406,19.026100158691406,19.01129913330078,0.2703459858894348,-999.0,1,18.720500946044922,0.28501200675964355,-999.0,1,4112,0.019677789668207296
PSO J139.6124+35.8912,-999,-999,-999,151071396123310048,3578835000027659,214022515354634,0,16486947809831,15107,1,2038,90,0.208891329550083,3578835,49831,3,268513280,0,32,-999.0,-999.0,-999.0,-999.0,139.61238934,35.89120924,0.019829999655485153,0.019829999655485153,,,,,55249.29138889,-999.0,-0.6170597673430793,0.5249289927793523,0.5862480670041987,130.8024421103605,19.212175613718475,188.07456124138773,44.32643732805249,-999,0,1,0,0,1,0,0,-999.0,-999.0,-999.0,-999.0,0,-999.0,-999.0,-999.0,-999.0,-999.0,0,-999.0,-999.0,-999.0,0,0,-999.0,-999.0,-999.0,-999.0,0,-999.0,-999.0,-999.0,-999.0,-999.0,0,-999.0,-999.0,-999.0,0,0,0.9976810216903687,17.972900390625,0.012977000325918198,-999.0,1,17.972900390625,17.972900390625,18.542699813842773,0.03448199853301048,-999.0,1,18.457500457763672,0.012977000325918198,-999.0,1,24,-999.0,-999.0,-999.0,-999.0,0,-999.0,-999.0,-999.0,-999.0,-999.0,0,-999.0,-999.0,-999.0,0,0,-999.0,-999.0,-999.0,-999.0,0,-999.0,-999.0,-999.0,-999.0,-999.0,0,-999.0,-999.0,-999.0,0,0,0.023669552572906188
PSO J139.6125+35.8944,-999,-999,-999,151071396124573829,3578835000027696,214022515354671,0,16486947811507,15107,1,2038,90,0.999442078172641,3578835,49831,3,436285440,0,52,139.61243237,35.89439041,0.0010000000474974513,0.0010000000474974513,139.61249186,35.89435786,0.19676999747753143,0.19676999747753143,,,,,55249.30935185,-999.0,-0.6170361669825392,0.5249070130355759,0.5862925859172754,130.8014555841308,19.215184413235093,188.07018321229214,44.326771822181456,-999,7,1,0,1,0,0,0,-999.0,-999.0,-999.0,-999.0,0,-999.0,-999.0,-999.0,-999.0,-999.0,0,-999.0,-999.0,-999.0,0,114720,0.999235987663269,22.136499404907227,0.19619299471378326,-999.0,1,22.136499404907227,22.136499404907227,22.177400588989258,0.3110159933567047,-999.0,1,22.072799682617188,0.19619299471378326,-999.0,1,115000,-999.0,-999.0,-999.0,-999.0,0,-999.0,-999.0,-999.0,-999.0,-999.0,0,-999.0,-999.0,-999.0,0,114720,-999.0,-999.0,-999.0,-999.0,0,-999.0,-999.0,-999.0,-999.0,-999.0,0,-999.0,-999.0,-999.0,0,16416,-999.0,-999.0,-999.0,-999.0,0,-999.0,-999.0,-999.0,-999.0,-999.0,0,-999.0,-999.0,-999.0,0,16416,0.021197330341279796
PSO J139.6125+35.8934,-999,-999,-999,151071396125192674,3578835000027708,214022515354683,0,16486947812261,15107,1,2038,90,0.997561028224939,3578835,49831,3,268513280,0,32,-999.0,-999.0,-999.0,-999.0,139.61254384,35.89340229,0.019740000367164612,0.019740000367164612,,,,,55521.6127662,-999.0,-0.6170440908853403,0.5249127889213985,0.5862790751256975,130.80182250504194,19.214292876049576,188.07151942057232,44.32673742496469,-999,0,1,0,0,0,0,1,-999.0,-999.0,-999.0,-999.0,0,-999.0,-999.0,-999.0,-999.0,-999.0,0,-999.0,-999.0,-999.0,0,0,-999.0,-999.0,-999.0,-999.0,0,-999.0,-999.0,-999.0,-999.0,-999.0,0,-999.0,-999.0,-999.0,0,0,-999.0,-999.0,-999.0,-999.0,0,-999.0,-999.0,-999.0,-999.0,-999.0,0,-999.0,-999.0,-999.0,0,0,-999.0,-999.0,-999.0,-999.0,0,-999.0,-999.0,-999.0,-999.0,-999.0,0,-999.0,-999.0,-999.0,0,0,0.9983050227165222,16.882400512695312,0.012830999679863453,-999.0,1,16.882400512695312,16.882400512695312,17.853900909423828,0.038704000413417816,-999.0,1,17.752500534057617,0.012830999679863453,-999.0,1,24,0.021970510063837618
PSO J139.6128+35.8983,-999,-999,-999,151071396127748582,3578835000027775,214022515354750,0,16486947760441,15107,1,2038,90,0.698958074393643,3578835,49831,3,268959744,0,32,-999.0,-999.0,-999.0,-999.0,139.61282348,35.89829031,0.3309299945831299,0.3309299945831299,,,,,55903.56032407,-999.0,-0.6170085536810523,0.5248773671650732,0.5863481850592505,130.80038881770696,19.218995138541114,188.0647336346477,44.32735372643306,-999,0,1,0,0,0,0,1,-999.0,-999.0,-999.0,-999.0,0,-999.0,-999.0,-999.0,-999.0,-999.0,0,-999.0,-999.0,-999.0,0,0,-999.0,-999.0,-999.0,-999.0,0,-999.0,-999.0,-999.0,-999.0,-999.0,0,-999.0,-999.0,-999.0,0,0,-999.0,-999.0,-999.0,-999.0,0,-999.0,-999.0,-999.0,-999.0,-999.0,0,-999.0,-999.0,-999.0,0,0,-999.0,-999.0,-999.0,-999.0,0,-999.0,-999.0,-999.0,-999.0,-999.0,0,-999.0,-999.0,-999.0,0,0,0.6551799774169922,20.48150062561035,0.3305929899215698,-999.0,1,20.48150062561035,20.48150062561035,-999.0,-999.0,-999.0,0,-999.0,-999.0,-999.0,0,4120,0.018524349043722795
PSO J139.6131+35.8934,-999,-999,-999,151071396130802639,3578835000027838,214022515354813,0,16486947812315,15107,1,2038,90,0.679375040046289,3578835,49831,3,310456320,0,37,-999.0,-999.0,-999.0,-999.0,139.61310904,35.89336766,0.18321000039577484,0.18321000039577484,,,,,55268.34509259,-999.0,-0.6170495388151586,0.5249069316025488,0.5862785854895242,130.80229352001746,19.21440698749796,188.07161883327893,44.32719106593063,-999,0,1,0,1,0,0,0,-999.0,-999.0,-999.0,-999.0,0,-999.0,-999.0,-999.0,-999.0,-999.0,0,-999.0,-999.0,-999.0,0,0,0.9982100129127502,21.763500213623047,0.18259599804878235,-999.0,1,21.763500213623047,21.763500213623047,21.08650016784668,0.20992499589920044,-999.0,1,20.986900329589844,0.18259599804878235,-999.0,1,16777496,-999.0,-999.0,-999.0,-999.0,0,-999.0,-999.0,-999.0,-999.0,-999.0,0,-999.0,-999.0,-999.0,0,0,-999.0,-999.0,-999.0,-999.0,0,-999.0,-999.0,-999.0,-999.0,-999.0,0,-999.0,-999.0,-999.0,0,0,-999.0,-999.0,-999.0,-999.0,0,-999.0,-999.0,-999.0,-999.0,-999.0,0,-999.0,-999.0,-999.0,0,0,0.022281389480930128
PSO J139.6133+35.8955,-999,-999,-999,151071396132615184,3578835000027882,214022515354857,0,16486947805105,15107,1,2038,90,0.572535681140177,3578835,49831,3,268959744,0,32,-999.0,-999.0,-999.0,-999.0,139.61327051,35.89549036,0.24110999703407288,0.24110999703407288,,,,,55918.63284722,-999.0,-0.6170344734125606,0.5248911186183232,0.586308598108615,130.80170345217724,19.21645942524243,188.06867561352638,44.32749107347219,-999,0,1,0,1,0,0,0,-999.0,-999.0,-999.0,-999.0,0,-999.0,-999.0,-999.0,-999.0,-999.0,0,-999.0,-999.0,-999.0,0,0,0.7234569787979126,22.216100692749023,0.24064399302005768,-999.0,1,22.216100692749023,22.216100692749023,-999.0,-999.0,-999.0,1,23.041099548339844,0.24064399302005768,-999.0,1,4120,-999.0,-999.0,-999.0,-999.0,0,-999.0,-999.0,-999.0,-999.0,-999.0,0,-999.0,-999.0,-999.0,0,0,-999.0,-999.0,-999.0,-999.0,0,-999.0,-999.0,-999.0,-999.0,-999.0,0,-999.0,-999.0,-999.0,0,0,-999.0,-999.0,-999.0,-999.0,0,-999.0,-999.0,-999.0,-999.0,-999.0,0,-999.0,-999.0,-999.0,0,0,0.020756431218167275
PSO J139.6135+35.8920,-999,-999,-999,151071396135190954,3578835000027946,214022515354921,0,16486947811601,15107,1,2038,90,0.952794456810499,3578835,49831,3,310456320,0,37,-999.0,-999.0,-999.0,-999.0,139.61354826,35.8919636,0.17743000388145447,0.17743000388145447,,,,,55268.34509259,-999.0,-0.617064505708681,0.5249115102015871,0.5862587331992509,130.80312748042132,19.213191328992526,188.0736150454115,44.327433511977844,-999,0,1,0,1,0,0,0,-999.0,-999.0,-999.0,-999.0,0,-999.0,-999.0,-999.0,-999.0,-999.0,0,-999.0,-999.0,-999.0,0,0,0.996999979019165,21.72249984741211,0.17679400742053986,-999.0,1,21.72249984741211,21.72249984741211,20.47260093688965,0.14129699766635895,-999.0,1,20.641700744628906,0.17679400742053986,-999.0,1,16777496,-999.0,-999.0,-999.0,-999.0,0,-999.0,-999.0,-999.0,-999.0,-999.0,0,-999.0,-999.0,-999.0,0,0,-999.0,-999.0,-999.0,-999.0,0,-999.0,-999.0,-999.0,-999.0,-999.0,0,-999.0,-999.0,-999.0,0,0,-999.0,-999.0,-999.0,-999.0,0,-999.0,-999.0,-999.0,-999.0,-999.0,0,-999.0,-999.0,-999.0,0,0,0.023607042153291354
PSO J139.6138+35.8955,-999,-999,-999,151071396138135285,3578835000028014,214022515354989,0,16486947805085,15107,1,2038,90,0.220247601364039,3578835,49831,3,268959744,0,32,-999.0,-999.0,-999.0,-999.0,139.61379399,35.89552242,0.2131199985742569,0.2131199985742569,,,,,55250.27490741,-999.0,-0.6170390191385264,0.5248852685231356,0.5863090513952186,130.80211790060224,19.216625856081276,188.06867829647237,44.32791634398003,-999,0,1,0,0,0,0,1,-999.0,-999.0,-999.0,-999.0,0,-999.0,-999.0,-999.0,-999.0,-999.0,0,-999.0,-999.0,-999.0,0,0,-999.0,-999.0,-999.0,-999.0,0,-999.0,-999.0,-999.0,-999.0,-999.0,0,-999.0,-999.0,-999.0,0,0,-999.0,-999.0,-999.0,-999.0,0,-999.0,-999.0,-999.0,-999.0,-999.0,0,-999.0,-999.0,-999.0,0,0,-999.0,-999.0,-999.0,-999.0,0,-999.0,-999.0,-999.0,-999.0,-999.0,0,-999.0,-999.0,-999.0,0,0,0.667057991027832,18.952600479125977,0.2125920057296753,-999.0,1,18.952600479125977,18.952600479125977,18.48590087890625,0.20477500557899475,-999.0,1,18.492399215698242,0.2125920057296753,-999.0,1,4112,0.0210229398153967
PSO J139.6141+35.8938,-999,-999,-999,151071396140903239,3578835000028072,214022515355047,0,16486947812035,15107,1,2038,90,0.0516166426722115,3578835,49831,3,268959744,0,32,-999.0,-999.0,-999.0,-999.0,139.61413524,35.89384086,0.2575500011444092,0.2575500011444092,,,,,55903.56032407,-999.0,-0.6170552519227966,0.5248927424957296,0.5862852760813678,130.80296656094035,19.215121907855213,188.07105233394822,44.32805755568417,-999,0,1,0,0,0,0,1,-999.0,-999.0,-999.0,-999.0,0,-999.0,-999.0,-999.0,-999.0,-999.0,0,-999.0,-999.0,-999.0,0,0,-999.0,-999.0,-999.0,-999.0,0,-999.0,-999.0,-999.0,-999.0,-999.0,0,-999.0,-999.0,-999.0,0,0,-999.0,-999.0,-999.0,-999.0,0,-999.0,-999.0,-999.0,-999.0,-999.0,0,-999.0,-999.0,-999.0,0,0,-999.0,-999.0,-999.0,-999.0,0,-999.0,-999.0,-999.0,-999.0,-999.0,0,-999.0,-999.0,-999.0,0,0,0.6189939975738525,20.210899353027344,0.2571130096912384,-999.0,1,20.210899353027344,20.210899353027344,-999.0,-999.0,-999.0,0,20.473899841308594,0.2571130096912384,-999.0,1,4120,0.022452121703265
PSO J139.6145+35.8920,-999,-999,-999,151071396145001062,3578835000187229,214022515515827,0,16486947815088,15107,1,2038,90,0.109660165486541,3578835,49831,3,404226048,0,48,139.61449655,35.89204759,0.0010000000474974513,0.0010000000474974513,139.61449655,35.89204759,0.0010000000474974513,0.0010000000474974513,,,,,55646.00913194,-999.0,-0.6170725387145712,0.5249007404012855,0.5862599207608654,130.80386947450754,19.213517371208845,188.0735838606169,44.32820599952996,-999,4,0,0,0,0,0,0,-999.0,-999.0,-999.0,-999.0,0,-999.0,-999.0,-999.0,-999.0,-999.0,0,-999.0,-999.0,-999.0,0,114720,-999.0,-999.0,-999.0,-999.0,0,-999.0,-999.0,-999.0,-999.0,-999.0,0,-999.0,-999.0,-999.0,0,16416,-999.0,-999.0,-999.0,-999.0,0,-999.0,-999.0,-999.0,-999.0,-999.0,0,-999.0,-999.0,-999.0,0,114720,-999.0,-999.0,-999.0,-999.0,0,-999.0,-999.0,-999.0,-999.0,-999.0,0,-999.0,-999.0,-999.0,0,16416,-999.0,-999.0,-999.0,-999.0,0,-999.0,-999.0,-999.0,-999.0,-999.0,0,-999.0,-999.0,-999.0,0,16416,0.024014487351515866
PSO J139.6154+35.8942,-999,-999,-999,151071396154073663,3578835000028357,214022515355332,0,16486947811877,15107,1,2038,90,0.200055613368801,3578835,49831,3,277348352,0,33,-999.0,-999.0,-999.0,-999.0,139.61541447,35.89418137,0.15425999462604523,0.15425999462604523,,,,,55250.31938657,-999.0,-0.6170643168809108,0.5248767079678341,0.5862900905397805,130.80389027868625,19.215776928473627,188.0706935969677,44.32911775718832,-999,0,1,0,1,0,0,0,-999.0,-999.0,-999.0,-999.0,0,-999.0,-999.0,-999.0,-999.0,-999.0,0,-999.0,-999.0,-999.0,0,0,0.6724209785461426,21.14539909362793,0.1535310000181198,-999.0,1,21.14539909362793,21.14539909362793,20.228900909423828,0.10996799916028976,-999.0,1,20.501800537109375,0.1535310000181198,-999.0,1,16781336,-999.0,-999.0,-999.0,-999.0,0,-999.0,-999.0,-999.0,-999.0,-999.0,0,-999.0,-999.0,-999.0,0,0,-999.0,-999.0,-999.0,-999.0,0,-999.0,-999.0,-999.0,-999.0,-999.0,0,-999.0,-999.0,-999.0,0,0,-999.0,-999.0,-999.0,-999.0,0,-999.0,-999.0,-999.0,-999.0,-999.0,0,-999.0,-999.0,-999.0,0,0,0.022899389403805478
PSO J139.6155+35.8983,-999,-999,-999,151071396154948607,3578835000028375,214022515355350,0,16486947806852,15107,1,2038,90,0.714536528768518,3578835,49831,3,436285440,0,52,139.61540808,35.89828525,0.0010000000474974513,0.0010000000474974513,139.61552732,35.89834164,0.15848000347614288,0.15848000347614288,,,,,57049.42515046,-999.0,-0.6170329223092019,0.5248479090385595,0.586348910772774,130.80256827445746,19.219746546095973,188.06490654185845,44.32954110312661,-999,8,1,0,0,1,0,0,-999.0,-999.0,-999.0,-999.0,0,-999.0,-999.0,-999.0,-999.0,-999.0,0,-999.0,-999.0,-999.0,0,114720,-999.0,-999.0,-999.0,-999.0,0,-999.0,-999.0,-999.0,-999.0,-999.0,0,-999.0,-999.0,-999.0,0,114720,0.9969000220298767,21.771900177001953,0.15776899456977844,-999.0,1,21.771900177001953,21.771900177001953,21.680400848388672,0.28978899121284485,-999.0,1,21.585599899291992,0.15776899456977844,-999.0,1,115000,-999.0,-999.0,-999.0,-999.0,0,-999.0,-999.0,-999.0,-999.0,-999.0,0,-999.0,-999.0,-999.0,0,114720,-999.0,-999.0,-999.0,-999.0,0,-999.0,-999.0,-999.0,-999.0,-999.0,0,-999.0,-999.0,-999.0,0,16416,0.020167172786584607
PSO J139.6155+35.8928,-999,-999,-999,151071396155001928,3578835000028373,214022515355348,0,16486947815206,15107,1,2038,90,0.77697927670272,3578835,49831,3,268959744,0,32,-999.0,-999.0,-999.0,-999.0,139.61550828,35.89278478,0.37279000878334045,0.37279000878334045,,,,,55250.32229167,-999.0,-0.6170760616300157,0.5248849567509349,0.5862703440732425,130.8044410617316,19.21447856933459,188.07264819338778,44.32908191924165,-999,0,1,0,1,0,0,0,-999.0,-999.0,-999.0,-999.0,0,-999.0,-999.0,-999.0,-999.0,-999.0,0,-999.0,-999.0,-999.0,0,0,0.6527770161628723,22.059600830078125,0.37248799204826355,-999.0,1,22.059600830078125,22.059600830078125,-999.0,-999.0,-999.0,0,-999.0,-999.0,-999.0,0,4120,-999.0,-999.0,-999.0,-999.0,0,-999.0,-999.0,-999.0,-999.0,-999.0,0,-999.0,-999.0,-999.0,0,0,-999.0,-999.0,-999.0,-999.0,0,-999.0,-999.0,-999.0,-999.0,-999.0,0,-999.0,-999.0,-999.0,0,0,-999.0,-999.0,-999.0,-999.0,0,-999.0,-999.0,-999.0,-999.0,-999.0,0,-999.0,-999.0,-999.0,0,0,0.02397966156849356
PSO J139.6155+35.8980,-999,-999,-999,151071396155008245,3578835000028376,214022515355351,0,16486947806911,15107,1,2038,90,0.145398077690413,3578835,49831,3,302067712,0,36,-999.0,-999.0,-999.0,-999.0,139.61553057,35.89803777,0.20954999327659607,0.20954999327659607,,,,,56652.65506944,-999.0,-0.6170353207888679,0.5248498888606608,0.5863446145927589,130.8026741753017,19.219459589232795,188.06533027551797,44.32951947182255,-999,0,1,0,0,0,1,0,-999.0,-999.0,-999.0,-999.0,0,-999.0,-999.0,-999.0,-999.0,-999.0,0,-999.0,-999.0,-999.0,0,0,-999.0,-999.0,-999.0,-999.0,0,-999.0,-999.0,-999.0,-999.0,-999.0,0,-999.0,-999.0,-999.0,0,0,-999.0,-999.0,-999.0,-999.0,0,-999.0,-999.0,-999.0,-999.0,-999.0,0,-999.0,-999.0,-999.0,0,0,0.9990770220756531,20.94409942626953,0.2090120017528534,-999.0,1,20.94409942626953,20.94409942626953,-999.0,-999.0,-999.0,1,21.240299224853516,0.2090120017528534,-999.0,1,280,-999.0,-999.0,-999.0,-999.0,0,-999.0,-999.0,-999.0,-999.0,-999.0,0,-999.0,-999.0,-999.0,0,0,0.020357625896445016
PSO J139.6156+35.8917,-999,-999,-999,151071396155390619,3578835000028379,214022515355354,0,16486947815276,15107,1,2038,90,0.653407342409163,3578835,49831,3,268959744,0,32,-999.0,-999.0,-999.0,-999.0,139.61556223,35.89169151,0.3057200014591217,0.3057200014591217,,,,,56344.35071759,-999.0,-0.6170850768357106,0.5248916236341411,0.5862548860226072,130.8048563849389,19.21345713015698,188.07417651309262,44.32903810798137,-999,0,1,0,0,1,0,0,-999.0,-999.0,-999.0,-999.0,0,-999.0,-999.0,-999.0,-999.0,-999.0,0,-999.0,-999.0,-999.0,0,0,-999.0,-999.0,-999.0,-999.0,0,-999.0,-999.0,-999.0,-999.0,-999.0,0,-999.0,-999.0,-999.0,0,0,0.49565398693084717,21.458499908447266,0.3053480088710785,-999.0,1,21.458499908447266,21.458499908447266,-999.0,-999.0,-999.0,0,-999.0,-999.0,-999.0,0,4120,-999.0,-999.0,-999.0,-999.0,0,-999.0,-999.0,-999.0,-999.0,-999.0,0,-999.0,-999.0,-999.0,0,0,-999.0,-999.0,-999.0,-999.0,0,-999.0,-999.0,-999.0,-999.0,-999.0,0,-999.0,-999.0,-999.0,0,0,0.024837365133876552
PSO J139.6156+35.8946,-999,-999,-999,151071396155734204,3578835000028388,214022515355363,0,16486947811846,15107,1,2038,90,0.057282473945322,3578835,49831,3,277348352,0,33,-999.0,-999.0,-999.0,-999.0,139.61557802,35.89462909,0.15272000432014465,0.15272000432014465,,,,,55250.32483796,-999.0,-0.6170623254084024,0.5248719782126783,0.5862964208049412,130.8038710325566,19.216243487102698,188.07008450651725,44.32928559228504,-999,0,1,0,1,0,0,0,-999.0,-999.0,-999.0,-999.0,0,-999.0,-999.0,-999.0,-999.0,-999.0,0,-999.0,-999.0,-999.0,0,0,0.8141679763793945,21.27989959716797,0.15197700262069702,-999.0,1,21.27989959716797,21.27989959716797,20.431400299072266,0.12172900140285492,-999.0,1,20.76889991760254,0.15197700262069702,-999.0,1,16781336,-999.0,-999.0,-999.0,-999.0,0,-999.0,-999.0,-999.0,-999.0,-999.0,0,-999.0,-999.0,-999.0,0,0,-999.0,-999.0,-999.0,-999.0,0,-999.0,-999.0,-999.0,-999.0,-999.0,0,-999.0,-999.0,-999.0,0,0,-999.0,-999.0,-999.0,-999.0,0,-999.0,-999.0,-999.0,-999.0,-999.0,0,-999.0,-999.0,-999.0,0,0,0.022670477799411684
PSO J139.6156+35.8936,-999,-999,-999,151071396155832920,3578835000028389,214022515355364,0,16486947814895,15107,1,2038,90,0.799973477423166,3578835,49831,3,302067712,0,36,-999.0,-999.0,-999.0,-999.0,139.61559739,35.89357136,0.15905000269412994,0.15905000269412994,,,,,55250.30069444,-999.0,-0.6170707471985296,0.524878782222076,0.5862814656160632,130.80424618942845,19.215246721274404,188.0715601803019,44.329216730662054,-999,0,1,0,0,1,0,0,-999.0,-999.0,-999.0,-999.0,0,-999.0,-999.0,-999.0,-999.0,-999.0,0,-999.0,-999.0,-999.0,0,0,-999.0,-999.0,-999.0,-999.0,0,-999.0,-999.0,-999.0,-999.0,-999.0,0,-999.0,-999.0,-999.0,0,0,0.8671280145645142,20.69059944152832,0.15833699703216553,-999.0,1,20.69059944152832,20.69059944152832,20.353599548339844,0.17654000222682953,-999.0,1,20.434499740600586,0.15833699703216553,-999.0,1,272,-999.0,-999.0,-999.0,-999.0,0,-999.0,-999.0,-999.0,-999.0,-999.0,0,-999.0,-999.0,-999.0,0,0,-999.0,-999.0,-999.0,-999.0,0,-999.0,-999.0,-999.0,-999.0,-999.0,0,-999.0,-999.0,-999.0,0,0,0.023445176994827184
PSO J139.6159+35.8973,-999,-999,-999,151071396159087347,3578835000028472,214022515355447,0,16486947807210,15107,1,2038,90,0.55575401294581,3578835,49831,3,302067712,0,36,-999.0,-999.0,-999.0,-999.0,139.61593842,35.89729199,0.1141199991106987,0.1141199991106987,,,,,55249.29931713,-999.0,-0.6170448702452278,0.5248504414093439,0.5863340705233382,130.80325898739784,19.21885925843416,188.06640638452166,44.329789267541365,-999,0,1,0,0,1,0,0,-999.0,-999.0,-999.0,-999.0,0,-999.0,-999.0,-999.0,-999.0,-999.0,0,-999.0,-999.0,-999.0,0,0,-999.0,-999.0,-999.0,-999.0,0,-999.0,-999.0,-999.0,-999.0,-999.0,0,-999.0,-999.0,-999.0,0,0,0.915727972984314,20.346799850463867,0.1131339967250824,-999.0,1,20.346799850463867,20.346799850463867,-999.0,-999.0,-999.0,1,21.93910026550293,0.1131339967250824,-999.0,1,280,-999.0,-999.0,-999.0,-999.0,0,-999.0,-999.0,-999.0,-999.0,-999.0,0,-999.0,-999.0,-999.0,0,0,-999.0,-999.0,-999.0,-999.0,0,-999.0,-999.0,-999.0,-999.0,-999.0,0,-999.0,-999.0,-999.0,0,0,0.021084771967086365
PSO J139.6165+35.8938,-999,-999,-999,151071396161653272,3578835000028534,214022515355509,0,16486947814691,15107,1,2038,90,0.845831456450589,3578835,49831,3,412614656,0,49,139.61645809,35.89380907,0.0010000000474974513,0.0010000000474974513,139.61645809,35.89380907,0.0010000000474974513,0.0010000000474974513,,,,,55655.49234954,-999.0,-0.6170767790768756,0.5248679365512726,0.586284826602666,130.80486476700054,19.215695591972192,188.07130681075367,44.32993075179511,-999,4,1,0,0,1,0,0,-999.0,-999.0,-999.0,-999.0,0,-999.0,-999.0,-999.0,-999.0,-999.0,0,-999.0,-999.0,-999.0,0,16416,-999.0,-999.0,-999.0,-999.0,0,-999.0,-999.0,-999.0,-999.0,-999.0,0,-999.0,-999.0,-999.0,0,114720,0.6674140095710754,20.39189910888672,0.12276200205087662,-999.0,1,20.39189910888672,20.39189910888672,19.535400390625,0.09987399727106094,-999.0,1,19.762800216674805,0.12276200205087662,-999.0,1,16896048,-999.0,-999.0,-999.0,-999.0,0,-999.0,-999.0,-999.0,-999.0,-999.0,0,-999.0,-999.0,-999.0,0,16416,-999.0,-999.0,-999.0,-999.0,0,-999.0,-999.0,-999.0,-999.0,-999.0,0,-999.0,-999.0,-999.0,0,16416,0.02375496802294637
PSO J139.6162+35.8946,-999,-999,-999,151071396162214196,3578835000028546,214022515355521,0,16486947805697,15107,1,2038,90,0.148415613126397,3578835,49831,3,268959744,0,32,-999.0,-999.0,-999.0,-999.0,139.61620562,35.89463692,0.1350100040435791,0.1350100040435791,,,,,55250.27944444,-999.0,-0.6170680136231176,0.5248651671620409,0.5862965315121547,130.80437831752766,19.216414039825462,188.07013036903456,44.32979300972188,-999,0,1,0,0,0,0,1,-999.0,-999.0,-999.0,-999.0,0,-999.0,-999.0,-999.0,-999.0,-999.0,0,-999.0,-999.0,-999.0,0,0,-999.0,-999.0,-999.0,-999.0,0,-999.0,-999.0,-999.0,-999.0,-999.0,0,-999.0,-999.0,-999.0,0,0,-999.0,-999.0,-999.0,-999.0,0,-999.0,-999.0,-999.0,-999.0,-999.0,0,-999.0,-999.0,-999.0,0,0,-999.0,-999.0,-999.0,-999.0,0,-999.0,-999.0,-999.0,-999.0,-999.0,0,-999.0,-999.0,-999.0,0,0,0.6656150221824646,17.479400634765625,0.13417799770832062,-999.0,1,17.479400634765625,17.479400634765625,17.163999557495117,0.14927299320697784,-999.0,1,17.76409912109375,0.13417799770832062,-999.0,1,4112,0.023025262561129745
PSO J139.6163+35.8976,-999,-999,-999,151071396162967737,3578835000028563,214022515355538,0,16486947807018,15107,1,2038,90,0.457266952337014,3578835,49831,3,302067712,0,36,-999.0,-999.0,-999.0,-999.0,139.61628119,35.89758076,0.04162000119686127,0.04162000119686127,,,,,55249.33234954,9.873700141906738,-0.6170457591473988,0.5248448353138034,0.5863381532551305,130.80343936427928,19.219221855747513,188.0660349710982,44.33008910077736,-999,0,2,1,1,0,0,0,0.8834319710731506,20.198200225830078,0.05374300107359886,-999.0,1,20.198200225830078,20.198200225830078,21.01289939880371,0.15283499658107758,-999.0,1,21.559999465942383,0.05374300107359886,-999.0,1,280,0.8890510201454163,20.176599502563477,0.060649000108242035,-999.0,1,20.176599502563477,20.176599502563477,20.959400177001953,0.14432799816131592,-999.0,1,21.24650001525879,0.060649000108242035,-999.0,1,280,-999.0,-999.0,-999.0,-999.0,0,-999.0,-999.0,-999.0,-999.0,-999.0,0,-999.0,-999.0,-999.0,0,0,-999.0,-999.0,-999.0,-999.0,0,-999.0,-999.0,-999.0,-999.0,-999.0,0,-999.0,-999.0,-999.0,0,0,-999.0,-999.0,-999.0,-999.0,0,-999.0,-999.0,-999.0,-999.0,-999.0,0,-999.0,-999.0,-999.0,0,0,0.021117942535004208
PSO J139.6166+35.8947,-999,-999,-999,151071396166444262,3578835000028624,214022515355599,0,16486947805752,15107,1,2038,90,0.188972725708944,3578835,49831,3,268959744,0,32,-999.0,-999.0,-999.0,-999.0,139.61662517,35.89466973,0.20659999549388885,0.20659999549388885,,,,,55250.27490741,-999.0,-0.6170716012060894,0.5248604311250408,0.586296995407779,130.80470806647983,19.216554172570138,188.0701225993384,44.3301344204,-999,0,1,0,0,0,0,1,-999.0,-999.0,-999.0,-999.0,0,-999.0,-999.0,-999.0,-999.0,-999.0,0,-999.0,-999.0,-999.0,0,0,-999.0,-999.0,-999.0,-999.0,0,-999.0,-999.0,-999.0,-999.0,-999.0,0,-999.0,-999.0,-999.0,0,0,-999.0,-999.0,-999.0,-999.0,0,-999.0,-999.0,-999.0,-999.0,-999.0,0,-999.0,-999.0,-999.0,0,0,-999.0,-999.0,-999.0,-999.0,0,-999.0,-999.0,-999.0,-999.0,-999.0,0,-999.0,-999.0,-999.0,0,0,0.6911939978599548,18.950700759887695,0.2060530036687851,-999.0,1,18.950700759887695,18.950700759887695,18.769500732421875,0.24378399550914764,-999.0,1,19.08810043334961,0.2060530036687851,-999.0,1,4112,0.023246529633990955
PSO J139.6167+35.8977,-999,-999,-999,151071396166857703,3578835000028633,214022515355608,0,16486947806557,15107,1,2038,90,0.569681844273286,3578835,49831,3,302067712,0,36,-999.0,-999.0,-999.0,-999.0,139.61668558,35.89768575,0.04255000129342079,0.04255000129342079,,,,,55249.34049769,20.418899536132812,-0.6170486450391912,0.5248397841161061,0.5863396376369734,130.80373225920576,19.21942640879731,188.06592522170854,44.3304240186316,-999,0,2,1,1,0,0,0,0.8782410025596619,20.149099349975586,0.0517520010471344,-999.0,1,20.149099349975586,20.149099349975586,-999.0,-999.0,-999.0,0,21.875499725341797,0.0517520010471344,-999.0,1,280,0.886023998260498,20.353099822998047,0.0677189975976944,-999.0,1,20.353099822998047,20.353099822998047,21.296600341796875,0.18085600435733795,-999.0,1,21.898000717163086,0.0677189975976944,-999.0,1,280,-999.0,-999.0,-999.0,-999.0,0,-999.0,-999.0,-999.0,-999.0,-999.0,0,-999.0,-999.0,-999.0,0,0,-999.0,-999.0,-999.0,-999.0,0,-999.0,-999.0,-999.0,-999.0,-999.0,0,-999.0,-999.0,-999.0,0,0,-999.0,-999.0,-999.0,-999.0,0,-999.0,-999.0,-999.0,-999.0,-999.0,0,-999.0,-999.0,-999.0,0,0,0.02131044858210569
PSO J139.6169+35.8919,-999,-999,-999,151071396167910857,3578835000028651,214022515355626,0,16486947814486,15107,1,2038,90,0.573956614894752,3578835,49831,3,302067712,0,36,-999.0,-999.0,-999.0,-999.0,139.61685544,35.89190724,0.13429999351501465,0.13429999351501465,,,,,55968.36913194,-999.0,-0.6170952424688241,0.5248762652665133,0.5862579363063838,130.80583387871457,19.21399761517917,188.0739929534641,44.33009966099251,-999,0,1,0,0,1,0,0,-999.0,-999.0,-999.0,-999.0,0,-999.0,-999.0,-999.0,-999.0,-999.0,0,-999.0,-999.0,-999.0,0,0,-999.0,-999.0,-999.0,-999.0,0,-999.0,-999.0,-999.0,-999.0,-999.0,0,-999.0,-999.0,-999.0,0,0,0.8281720280647278,21.13949966430664,0.1334580034017563,-999.0,1,21.13949966430664,21.13949966430664,-999.0,-999.0,-999.0,0,24.441299438476562,0.1334580034017563,-999.0,1,536,-999.0,-999.0,-999.0,-999.0,0,-999.0,-999.0,-999.0,-999.0,-999.0,0,-999.0,-999.0,-999.0,0,0,-999.0,-999.0,-999.0,-999.0,0,-999.0,-999.0,-999.0,-999.0,-999.0,0,-999.0,-999.0,-999.0,0,0,0.025361053703932025
PSO J139.6170+35.8960,-999,-999,-999,151071396169765746,3578835000028699,214022515355674,0,16486947806308,15107,1,2038,90,0.598446155524297,3578835,49831,3,277348352,0,33,-999.0,-999.0,-999.0,-999.0,139.61699197,35.8959547,0.22769999504089355,0.22769999504089355,,,,,55250.31699074,-999.0,-0.6170649452395757,0.5248479615052022,0.5863151632529329,130.8045694517449,19.217866539973326,188.06836516009045,44.330533229164025,-999,0,1,0,1,0,0,0,-999.0,-999.0,-999.0,-999.0,0,-999.0,-999.0,-999.0,-999.0,-999.0,0,-999.0,-999.0,-999.0,0,0,0.8271200060844421,21.713600158691406,0.22720399498939514,-999.0,1,21.713600158691406,21.713600158691406,-999.0,-999.0,-999.0,0,21.05229949951172,0.22720399498939514,-999.0,1,16781336,-999.0,-999.0,-999.0,-999.0,0,-999.0,-999.0,-999.0,-999.0,-999.0,0,-999.0,-999.0,-999.0,0,0,-999.0,-999.0,-999.0,-999.0,0,-999.0,-999.0,-999.0,-999.0,-999.0,0,-999.0,-999.0,-999.0,0,0,-999.0,-999.0,-999.0,-999.0,0,-999.0,-999.0,-999.0,-999.0,-999.0,0,-999.0,-999.0,-999.0,0,0,0.022600579047630714
PSO J139.6170+35.8985,-999,-999,-999,151071396169818794,3578835000028703,214022515355678,0,16486947803804,15107,1,2038,90,0.614762334725598,3578835,49831,3,268959744,0,32,-999.0,-999.0,-999.0,-999.0,139.61701146,35.89851049,0.2450300008058548,0.2450300008058548,,,,,55259.45824074,-999.0,-0.6170452010600758,0.524830806239716,0.5863512980035946,130.80371677342674,19.22029224314557,188.0648053867367,44.330752983233836,-999,0,1,0,0,1,0,0,-999.0,-999.0,-999.0,-999.0,0,-999.0,-999.0,-999.0,-999.0,-999.0,0,-999.0,-999.0,-999.0,0,0,-999.0,-999.0,-999.0,-999.0,0,-999.0,-999.0,-999.0,-999.0,-999.0,0,-999.0,-999.0,-999.0,0,0,0.6616320013999939,20.75510025024414,0.24456700682640076,-999.0,1,20.75510025024414,20.75510025024414,-999.0,-999.0,-999.0,0,20.687299728393555,0.24456700682640076,-999.0,1,4112,-999.0,-999.0,-999.0,-999.0,0,-999.0,-999.0,-999.0,-999.0,-999.0,0,-999.0,-999.0,-999.0,0,0,-999.0,-999.0,-999.0,-999.0,0,-999.0,-999.0,-999.0,-999.0,-999.0,0,-999.0,-999.0,-999.0,0,0,0.021029054076260312
PSO J139.6174+35.8933,-999,-999,-999,151071396173432547,3578835000028772,214022515355747,0,16486947813755,15107,1,2038,90,0.464602416813935,3578835,49831,3,268959744,0,32,-999.0,-999.0,-999.0,-999.0,139.61735166,35.89329527,0.31911998987197876,0.31911998987197876,,,,,55902.66887731,-999.0,-0.6170889695073123,0.5248617189824936,0.5862775619611801,130.80576542066194,19.215441238924157,188.07210363608388,44.330611279363126,-999,0,1,0,0,0,0,1,-999.0,-999.0,-999.0,-999.0,0,-999.0,-999.0,-999.0,-999.0,-999.0,0,-999.0,-999.0,-999.0,0,0,-999.0,-999.0,-999.0,-999.0,0,-999.0,-999.0,-999.0,-999.0,-999.0,0,-999.0,-999.0,-999.0,0,0,-999.0,-999.0,-999.0,-999.0,0,-999.0,-999.0,-999.0,-999.0,-999.0,0,-999.0,-999.0,-999.0,0,0,-999.0,-999.0,-999.0,-999.0,0,-999.0,-999.0,-999.0,-999.0,-999.0,0,-999.0,-999.0,-999.0,0,0,0.7059860229492188,20.414100646972656,0.31876999139785767,-999.0,1,20.414100646972656,20.414100646972656,-999.0,-999.0,-999.0,1,23.197999954223633,0.31876999139785767,-999.0,1,4120,0.02462931542543155
PSO J139.6183+35.8931,-999,-999,-999,151071396182162370,3578835000028979,214022515355954,0,16486947814376,15107,1,2038,90,0.614849372408212,3578835,49831,3,268513280,0,32,-999.0,-999.0,-999.0,-999.0,139.61825051,35.89314271,0.04190000146627426,0.04190000146627426,,,,,55250.25306713,-999.0,-0.6170983925370702,0.5248530494702964,0.586275404899348,130.80654761483834,19.215530400689005,188.07239755233434,44.33132493307313,-999,0,2,0,0,1,1,0,-999.0,-999.0,-999.0,-999.0,0,-999.0,-999.0,-999.0,-999.0,-999.0,0,-999.0,-999.0,-999.0,0,0,-999.0,-999.0,-999.0,-999.0,0,-999.0,-999.0,-999.0,-999.0,-999.0,0,-999.0,-999.0,-999.0,0,0,0.5903030037879944,20.762100219726562,0.19538100063800812,-999.0,1,20.762100219726562,20.762100219726562,20.911100387573242,0.2435310035943985,-999.0,1,21.3656005859375,0.19538100063800812,-999.0,1,4112,0.996429979801178,18.757200241088867,0.03912400081753731,-999.0,1,18.757200241088867,18.757200241088867,19.613500595092773,0.11991599947214127,-999.0,1,19.54840087890625,0.03912400081753731,-999.0,1,24,-999.0,-999.0,-999.0,-999.0,0,-999.0,-999.0,-999.0,-999.0,-999.0,0,-999.0,-999.0,-999.0,0,0,0.025254423387605217
PSO J139.6184+35.8918,-999,-999,-999,151071396183620756,3578835000029021,214022515355996,0,16486947814100,15107,1,2038,90,0.382910452208398,3578835,49831,3,268959744,0,32,-999.0,-999.0,-999.0,-999.0,139.61837356,35.89177735,0.32067999243736267,0.32067999243736267,,,,,55259.45986111,-999.0,-0.6171101618729813,0.5248607754667578,0.5862560997461234,130.8071115636898,19.21426922860788,188.0743113492418,44.331315215422876,-999,0,1,0,0,1,0,0,-999.0,-999.0,-999.0,-999.0,0,-999.0,-999.0,-999.0,-999.0,-999.0,0,-999.0,-999.0,-999.0,0,0,-999.0,-999.0,-999.0,-999.0,0,-999.0,-999.0,-999.0,-999.0,-999.0,0,-999.0,-999.0,-999.0,0,0,0.5632719993591309,20.93239974975586,0.32033398747444153,-999.0,1,20.93239974975586,20.93239974975586,-999.0,-999.0,-999.0,0,-999.0,-999.0,-999.0,0,4112,-999.0,-999.0,-999.0,-999.0,0,-999.0,-999.0,-999.0,-999.0,-999.0,0,-999.0,-999.0,-999.0,0,0,-999.0,-999.0,-999.0,-999.0,0,-999.0,-999.0,-999.0,-999.0,-999.0,0,-999.0,-999.0,-999.0,0,0,0.02629363770232115
PSO J139.6187+35.8933,-999,-999,-999,151071396186322679,3578835000029079,214022515356054,0,16486947814389,15107,1,2038,90,0.318848253524721,3578835,49831,3,310456320,0,37,-999.0,-999.0,-999.0,-999.0,139.61865916,35.89334821,0.16851000487804413,0.16851000487804413,,,,,55250.34751157,-999.0,-0.6171005341401851,0.5248472858074382,0.5862783104844179,130.80680982752983,19.21583126253116,188.07214815076233,44.33167134219241,-999,0,1,1,0,0,0,0,0.9958029985427856,20.881799697875977,0.167836993932724,-999.0,1,20.881799697875977,20.881799697875977,20.371999740600586,0.22368599474430084,-999.0,1,20.291400909423828,0.167836993932724,-999.0,1,16777488,-999.0,-999.0,-999.0,-999.0,0,-999.0,-999.0,-999.0,-999.0,-999.0,0,-999.0,-999.0,-999.0,0,0,-999.0,-999.0,-999.0,-999.0,0,-999.0,-999.0,-999.0,-999.0,-999.0,0,-999.0,-999.0,-999.0,0,0,-999.0,-999.0,-999.0,-999.0,0,-999.0,-999.0,-999.0,-999.0,-999.0,0,-999.0,-999.0,-999.0,0,0,-999.0,-999.0,-999.0,-999.0,0,-999.0,-999.0,-999.0,-999.0,-999.0,0,-999.0,-999.0,-999.0,0,0,0.02535125030127687
PSO J139.6189+35.8968,-999,-999,-999,151071396189186785,3578835000187288,214022515515886,0,16486947805636,15107,1,2038,90,0.458369214514614,3578835,49831,3,1075314688,0,128,139.61892364,35.89681688,0.0010000000474974513,0.0010000000474974513,139.61892364,35.89681688,0.0010000000474974513,0.0010000000474974513,,,,,55619.87359954,-999.0,-0.6170759187555296,0.5248214414060991,0.5863273532186977,130.80584598534233,19.219185250322404,188.06733832101625,44.33216186803707,-999,1,0,0,0,0,0,0,-999.0,-999.0,-999.0,-999.0,0,-999.0,-999.0,-999.0,-999.0,-999.0,0,-999.0,-999.0,-999.0,0,32,-999.0,-999.0,-999.0,-999.0,0,-999.0,-999.0,-999.0,-999.0,-999.0,0,-999.0,-999.0,-999.0,0,32,-999.0,-999.0,-999.0,-999.0,0,-999.0,-999.0,-999.0,-999.0,-999.0,0,-999.0,-999.0,-999.0,0,32,-999.0,-999.0,-999.0,-999.0,0,-999.0,-999.0,-999.0,-999.0,-999.0,0,-999.0,-999.0,-999.0,0,32800,-999.0,-999.0,-999.0,-999.0,0,-999.0,-999.0,-999.0,-999.0,-999.0,0,-999.0,-999.0,-999.0,0,32,0.023279284120844224
PSO J139.6199+35.8990,-999,-999,-999,151071396198289470,3578835000029358,214022515356333,0,16486947790553,15107,1,2038,90,0.304929164522261,3578835,49831,3,268959744,0,32,-999.0,-999.0,-999.0,-999.0,139.61985177,35.8990379,0.2386000007390976,0.2386000007390976,,,,,55248.33767361,-999.0,-0.6170671060586927,0.5247967202081079,0.5863587545855891,130.80584531153468,19.221530074044043,188.0643270489837,44.33308853322841,-999,0,1,1,0,0,0,0,0.687591016292572,22.022199630737305,0.2381269931793213,-999.0,1,22.022199630737305,22.022199630737305,21.340499877929688,0.2101289927959442,-999.0,1,21.7362003326416,0.2381269931793213,-999.0,1,4120,-999.0,-999.0,-999.0,-999.0,0,-999.0,-999.0,-999.0,-999.0,-999.0,0,-999.0,-999.0,-999.0,0,0,-999.0,-999.0,-999.0,-999.0,0,-999.0,-999.0,-999.0,-999.0,-999.0,0,-999.0,-999.0,-999.0,0,0,-999.0,-999.0,-999.0,-999.0,0,-999.0,-999.0,-999.0,-999.0,-999.0,0,-999.0,-999.0,-999.0,0,0,-999.0,-999.0,-999.0,-999.0,0,-999.0,-999.0,-999.0,-999.0,-999.0,0,-999.0,-999.0,-999.0,0,0,0.022661898826990077
PSO J139.6198+35.8981,-999,-999,-999,151071396198968102,3578835000029380,214022515356355,0,16486947788334,15107,1,2038,90,0.367947195999275,3578835,49831,3,1343750144,0,160,139.61977955,35.89808736,0.0010000000474974513,0.0010000000474974513,139.61977955,35.89808736,0.0010000000474974513,0.0010000000474974513,,,,,55646.00913194,-999.0,-0.617073854688691,0.524803800107093,0.5863453157080685,130.80610966816275,19.220611031835734,188.0656451760703,44.332954386237375,-999,2,1,0,0,0,1,0,-999.0,-999.0,-999.0,-999.0,0,-999.0,-999.0,-999.0,-999.0,-999.0,0,-999.0,-999.0,-999.0,0,16416,-999.0,-999.0,-999.0,-999.0,0,-999.0,-999.0,-999.0,-999.0,-999.0,0,-999.0,-999.0,-999.0,0,16416,-999.0,-999.0,-999.0,-999.0,0,-999.0,-999.0,-999.0,-999.0,-999.0,0,-999.0,-999.0,-999.0,0,114720,0.7102270126342773,20.81209945678711,0.2654869854450226,-999.0,1,20.81209945678711,20.81209945678711,-999.0,-999.0,-999.0,1,21.21489906311035,0.2654869854450226,-999.0,1,20536,-999.0,-999.0,-999.0,-999.0,0,-999.0,-999.0,-999.0,-999.0,-999.0,0,-999.0,-999.0,-999.0,0,16416,0.02311858444836045
PSO J139.6202+35.8923,-999,-999,-999,151071396201861380,3578835000029444,214022515356419,0,16486947801018,15107,1,2038,90,0.652716480803412,3578835,49831,3,268959744,0,32,-999.0,-999.0,-999.0,-999.0,139.62019192,35.89226907,0.12751999497413635,0.12751999497413635,,,,,55250.35447917,-999.0,-0.617122986016886,0.5248379307941228,0.5862630523317548,130.80842197430195,19.21520764020263,188.07379064761878,44.33282288717263,-999,0,1,1,0,0,0,0,0.6591460108757019,21.034500122070312,0.1266379952430725,-999.0,1,21.034500122070312,21.034500122070312,20.678600311279297,0.10924900323152542,-999.0,1,20.798200607299805,0.1266379952430725,-999.0,1,4120,-999.0,-999.0,-999.0,-999.0,0,-999.0,-999.0,-999.0,-999.0,-999.0,0,-999.0,-999.0,-999.0,0,0,-999.0,-999.0,-999.0,-999.0,0,-999.0,-999.0,-999.0,-999.0,-999.0,0,-999.0,-999.0,-999.0,0,0,-999.0,-999.0,-999.0,-999.0,0,-999.0,-999.0,-999.0,-999.0,-999.0,0,-999.0,-999.0,-999.0,0,0,-999.0,-999.0,-999.0,-999.0,0,-999.0,-999.0,-999.0,-999.0,-999.0,0,-999.0,-999.0,-999.0,0,0,0.026995049370951728
PSO J139.6206+35.8922,-999,-999,-999,151071396206081324,3578835000029544,214022515356519,0,16486947801011,15107,1,2038,90,0.166752157888144,3578835,49831,3,268959744,0,32,-999.0,-999.0,-999.0,-999.0,139.6205963,35.89221556,0.16187000274658203,0.16187000274658203,,,,,55250.30069444,-999.0,-0.6171271072723287,0.5248339299860635,0.5862622957389223,130.8087687357735,19.215262083040304,188.07390180110517,44.333145162792796,-999,0,1,0,0,1,0,0,-999.0,-999.0,-999.0,-999.0,0,-999.0,-999.0,-999.0,-999.0,-999.0,0,-999.0,-999.0,-999.0,0,0,-999.0,-999.0,-999.0,-999.0,0,-999.0,-999.0,-999.0,-999.0,-999.0,0,-999.0,-999.0,-999.0,0,0,0.6628159880638123,20.576400756835938,0.16117699444293976,-999.0,1,20.576400756835938,20.576400756835938,20.418800354003906,0.15421700477600098,-999.0,1,20.23780059814453,0.16117699444293976,-999.0,1,4112,-999.0,-999.0,-999.0,-999.0,0,-999.0,-999.0,-999.0,-999.0,-999.0,0,-999.0,-999.0,-999.0,0,0,-999.0,-999.0,-999.0,-999.0,0,-999.0,-999.0,-999.0,-999.0,-999.0,0,-999.0,-999.0,-999.0,0,0,0.027271078827300465
PSO J139.6209+35.8917,-999,-999,-999,151071396208890623,3578835000029607,214022515356582,0,16486947801044,15107,1,2038,90,0.788067553926322,3578835,49831,3,268959744,0,32,-999.0,-999.0,-999.0,-999.0,139.62091038,35.89169711,0.41903001070022583,0.41903001070022583,,,,,56344.39150463,-999.0,-0.6171340253656212,0.52483398376126,0.586254965203119,130.8092001228998,19.21485270019142,188.07465271382475,44.333357379472034,-999,0,1,0,1,0,0,0,-999.0,-999.0,-999.0,-999.0,0,-999.0,-999.0,-999.0,-999.0,-999.0,0,-999.0,-999.0,-999.0,0,0,0.7176100015640259,21.91950035095215,0.41875699162483215,-999.0,1,21.91950035095215,21.91950035095215,21.52090072631836,0.2942129969596863,-999.0,1,22.12019920349121,0.41875699162483215,-999.0,1,4120,-999.0,-999.0,-999.0,-999.0,0,-999.0,-999.0,-999.0,-999.0,-999.0,0,-999.0,-999.0,-999.0,0,0,-999.0,-999.0,-999.0,-999.0,0,-999.0,-999.0,-999.0,-999.0,-999.0,0,-999.0,-999.0,-999.0,0,0,-999.0,-999.0,-999.0,-999.0,0,-999.0,-999.0,-999.0,-999.0,-999.0,0,-999.0,-999.0,-999.0,0,0,0.027810882747793593
PSO J139.6213+35.8930,-999,-999,-999,151071396212722296,3578835000029674,214022515356649,0,16486947800315,15107,1,2038,90,0.451494050632691,3578835,49831,3,268959744,0,32,-999.0,-999.0,-999.0,-999.0,139.62127742,35.89303952,0.2069000005722046,0.2069000005722046,,,,,55250.32483796,-999.0,-0.6171269237740729,0.5248211317508115,0.5862739458827648,130.80904217078017,19.216219533426482,188.07281515968168,44.333760994525555,-999,0,1,0,1,0,0,0,-999.0,-999.0,-999.0,-999.0,0,-999.0,-999.0,-999.0,-999.0,-999.0,0,-999.0,-999.0,-999.0,0,0,0.5811650156974792,21.50200080871582,0.20635099709033966,-999.0,1,21.50200080871582,21.50200080871582,21.01959991455078,0.16472500562667847,-999.0,1,21.3927001953125,0.20635099709033966,-999.0,1,4120,-999.0,-999.0,-999.0,-999.0,0,-999.0,-999.0,-999.0,-999.0,-999.0,0,-999.0,-999.0,-999.0,0,0,-999.0,-999.0,-999.0,-999.0,0,-999.0,-999.0,-999.0,-999.0,-999.0,0,-999.0,-999.0,-999.0,0,0,-999.0,-999.0,-999.0,-999.0,0,-999.0,-999.0,-999.0,-999.0,-999.0,0,-999.0,-999.0,-999.0,0,0,0.027133402387895862
PSO J139.6215+35.8964,-999,-999,-999,151071396214786299,3578835000029720,214022515356695,0,16486947788717,15107,1,2038,90,0.0287137376411946,3578835,49831,3,436285440,7,52,139.62146121,35.89639697,0.0010000000474974513,0.0010000000474974513,139.62151392659263,35.89641849240042,0.04839413109087089,0.04839413109087089,-30.471813855117837,20.13880855767239,37.00680891324383,37.00680891324383,56375.075555397416,1.0931981801986694,-0.6171027504374651,0.5247961845667684,0.5863217206164871,130.8080868903072,19.219478092145707,188.06813216657588,44.334221193465424,-999,6,4,0,0,3,1,0,-999.0,-999.0,-999.0,-999.0,0,-999.0,-999.0,-999.0,-999.0,-999.0,0,-999.0,-999.0,-999.0,0,16416,-999.0,-999.0,-999.0,-999.0,0,-999.0,-999.0,-999.0,-999.0,-999.0,0,-999.0,-999.0,-999.0,0,16416,0.9993630051612854,21.89579963684082,0.12287300080060959,0.24448099732398987,2,21.894500732421875,22.140300750732422,-999.0,-999.0,-999.0,2,21.387699127197266,0.3398370146751404,0.6782310009002686,2,115000,0.9976869821548462,21.216699600219727,0.17675699293613434,-999.0,1,21.216699600219727,21.216699600219727,-999.0,-999.0,-999.0,1,21.707399368286133,0.17675699293613434,-999.0,1,115000,-999.0,-999.0,-999.0,-999.0,0,-999.0,-999.0,-999.0,-999.0,-999.0,0,-999.0,-999.0,-999.0,0,114720,0.025216007225389518
PSO J139.6217+35.8979,-999,-999,-999,151071396217108098,3578835000029773,214022515356748,0,16486947788108,15107,1,2038,90,0.229226572652558,3578835,49831,3,1375809536,0,164,139.62171168,35.89787329,0.0010000000474974513,0.0010000000474974513,139.62174545,35.89791107,0.1920499950647354,0.1920499950647354,,,,,55249.30418981,-999.0,-0.6170932354184984,0.5247837958566456,0.5863428232757866,130.80776689557277,19.220955105646198,188.06606847031557,44.33452774747565,-999,2,1,0,1,0,0,0,-999.0,-999.0,-999.0,-999.0,0,-999.0,-999.0,-999.0,-999.0,-999.0,0,-999.0,-999.0,-999.0,0,16416,0.9992370009422302,22.092500686645508,0.1914599984884262,-999.0,1,22.092500686645508,22.092500686645508,-999.0,-999.0,-999.0,1,22.030899047851562,0.1914599984884262,-999.0,1,115000,-999.0,-999.0,-999.0,-999.0,0,-999.0,-999.0,-999.0,-999.0,-999.0,0,-999.0,-999.0,-999.0,0,16416,-999.0,-999.0,-999.0,-999.0,0,-999.0,-999.0,-999.0,-999.0,-999.0,0,-999.0,-999.0,-999.0,0,16416,-999.0,-999.0,-999.0,-999.0,0,-999.0,-999.0,-999.0,-999.0,-999.0,0,-999.0,-999.0,-999.0,0,16416,0.02455812845232781
PSO J139.6220+35.8931,-999,-999,-999,151071396219932378,3578835000029835,214022515356810,0,16486947800219,15107,1,2038,90,0.902004700062801,3578835,49831,3,268959744,0,32,-999.0,-999.0,-999.0,-999.0,139.62197437,35.89309848,0.2064400017261505,0.2064400017261505,,,,,55250.27490741,-999.0,-0.6171328481020155,0.5248132340988327,0.5862747795259645,130.80958843463966,19.21645655765025,188.07279602618095,44.334328507629266,-999,0,1,0,0,0,0,1,-999.0,-999.0,-999.0,-999.0,0,-999.0,-999.0,-999.0,-999.0,-999.0,0,-999.0,-999.0,-999.0,0,0,-999.0,-999.0,-999.0,-999.0,0,-999.0,-999.0,-999.0,-999.0,-999.0,0,-999.0,-999.0,-999.0,0,0,-999.0,-999.0,-999.0,-999.0,0,-999.0,-999.0,-999.0,-999.0,-999.0,0,-999.0,-999.0,-999.0,0,0,-999.0,-999.0,-999.0,-999.0,0,-999.0,-999.0,-999.0,-999.0,-999.0,0,-999.0,-999.0,-999.0,0,0,0.6064320206642151,18.888500213623047,0.20589900016784668,-999.0,1,18.888500213623047,18.888500213623047,18.607200622558594,0.19239500164985657,-999.0,1,18.856700897216797,0.20589900016784668,-999.0,1,4112,0.02752571242074185
PSO J139.6221+35.8950,-999,-999,-999,151071396220744555,3578835000029856,214022515356831,0,16486947794985,15107,1,2038,90,0.421302385089269,3578835,49831,3,302067712,0,36,-999.0,-999.0,-999.0,-999.0,139.62210606,35.89496436,0.1940699964761734,0.1940699964761734,,,,,56652.65506944,-999.0,-0.6171195095902832,0.524799446782137,0.5863011611281453,130.80906133573487,19.218257989562634,188.07020763164158,44.33458380923951,-999,0,1,0,0,0,1,0,-999.0,-999.0,-999.0,-999.0,0,-999.0,-999.0,-999.0,-999.0,-999.0,0,-999.0,-999.0,-999.0,0,0,-999.0,-999.0,-999.0,-999.0,0,-999.0,-999.0,-999.0,-999.0,-999.0,0,-999.0,-999.0,-999.0,0,0,-999.0,-999.0,-999.0,-999.0,0,-999.0,-999.0,-999.0,-999.0,-999.0,0,-999.0,-999.0,-999.0,0,0,0.9948800206184387,20.861400604248047,0.1934940069913864,-999.0,1,20.861400604248047,20.861400604248047,20.825199127197266,0.26846399903297424,-999.0,1,21.218700408935547,0.1934940069913864,-999.0,1,280,-999.0,-999.0,-999.0,-999.0,0,-999.0,-999.0,-999.0,-999.0,-999.0,0,-999.0,-999.0,-999.0,0,0,0.026453390389989773
PSO J139.6221+35.8944,-999,-999,-999,151071396221473910,3578835000187327,214022515515925,0,16486947794973,15107,1,2038,90,0.317914040123964,3578835,49831,3,1075314688,0,128,139.62214848,35.89442206,0.0010000000474974513,0.0010000000474974513,139.62214848,35.89442206,0.0010000000474974513,0.0010000000474974513,,,,,55645.52042824,-999.0,-0.617124125497426,0.5248025848364615,0.5862934936343792,130.80928010051286,19.217755398761458,188.070967221435,44.334574776674486,-999,1,0,0,0,0,0,0,-999.0,-999.0,-999.0,-999.0,0,-999.0,-999.0,-999.0,-999.0,-999.0,0,-999.0,-999.0,-999.0,0,32,-999.0,-999.0,-999.0,-999.0,0,-999.0,-999.0,-999.0,-999.0,-999.0,0,-999.0,-999.0,-999.0,0,32,-999.0,-999.0,-999.0,-999.0,0,-999.0,-999.0,-999.0,-999.0,-999.0,0,-999.0,-999.0,-999.0,0,32,-999.0,-999.0,-999.0,-999.0,0,-999.0,-999.0,-999.0,-999.0,-999.0,0,-999.0,-999.0,-999.0,0,32800,-999.0,-999.0,-999.0,-999.0,0,-999.0,-999.0,-999.0,-999.0,-999.0,0,-999.0,-999.0,-999.0,0,32,0.026807836569371576
PSO J139.6231+35.8944,-999,-999,-999,151071396230253990,3578835000030078,214022515357053,0,16486947795047,15107,1,2038,90,0.545895570466198,3578835,49831,3,277348352,0,33,-999.0,-999.0,-999.0,-999.0,139.62305583,35.89443949,0.10655000060796738,0.10655000060796738,,,,,55250.34751157,-999.0,-0.6171323004502174,0.5247926962998356,0.5862937400752042,130.8100114283484,19.218007787484417,188.07102495923274,44.33530886555891,-999,0,1,1,0,0,0,0,0.6235079765319824,20.176700592041016,0.10548999905586243,-999.0,1,20.176700592041016,20.176700592041016,19.95789909362793,0.09222300350666046,-999.0,1,19.826499938964844,0.10548999905586243,-999.0,1,16781328,-999.0,-999.0,-999.0,-999.0,0,-999.0,-999.0,-999.0,-999.0,-999.0,0,-999.0,-999.0,-999.0,0,0,-999.0,-999.0,-999.0,-999.0,0,-999.0,-999.0,-999.0,-999.0,-999.0,0,-999.0,-999.0,-999.0,0,0,-999.0,-999.0,-999.0,-999.0,0,-999.0,-999.0,-999.0,-999.0,-999.0,0,-999.0,-999.0,-999.0,0,0,-999.0,-999.0,-999.0,-999.0,0,-999.0,-999.0,-999.0,-999.0,-999.0,0,-999.0,-999.0,-999.0,0,0,0.02738401981978885
PSO J139.6234+35.8916,-999,-999,-999,151071396233630499,3578835000187347,214022515515945,0,16486947793366,15107,1,2038,90,0.175396029069457,3578835,49831,3,1343750144,0,160,139.62336642,35.89157844,0.0010000000474974513,0.0010000000474974513,139.62336642,35.89157844,0.0010000000474974513,0.0010000000474974513,,,,,55646.00913194,-999.0,-0.6171574473345444,0.5248083158168437,0.5862532872820391,130.81123610525452,19.215378801722096,188.0750402783753,44.33533124872979,-999,2,0,0,0,0,0,0,-999.0,-999.0,-999.0,-999.0,0,-999.0,-999.0,-999.0,-999.0,-999.0,0,-999.0,-999.0,-999.0,0,16416,-999.0,-999.0,-999.0,-999.0,0,-999.0,-999.0,-999.0,-999.0,-999.0,0,-999.0,-999.0,-999.0,0,16416,-999.0,-999.0,-999.0,-999.0,0,-999.0,-999.0,-999.0,-999.0,-999.0,0,-999.0,-999.0,-999.0,0,16416,-999.0,-999.0,-999.0,-999.0,0,-999.0,-999.0,-999.0,-999.0,-999.0,0,-999.0,-999.0,-999.0,0,16416,-999.0,-999.0,-999.0,-999.0,0,-999.0,-999.0,-999.0,-999.0,-999.0,0,-999.0,-999.0,-999.0,0,114720,0.029369195437933183
PSO J139.6236+35.8912,-999,-999,-999,151071396235520101,3578835000030211,214022515357186,0,16486947793214,15107,1,2038,90,0.151419553115423,3578835,49831,3,268959744,0,32,-999.0,-999.0,-999.0,-999.0,139.62356645,35.89123328,0.23173999786376953,0.23173999786376953,,,,,56759.31069444,-999.0,-0.6171619699828238,0.524808449050098,0.5862484069168553,130.81151593860588,19.215103899803974,188.07553939623344,44.33546521511307,-999,0,1,0,0,1,0,0,-999.0,-999.0,-999.0,-999.0,0,-999.0,-999.0,-999.0,-999.0,-999.0,0,-999.0,-999.0,-999.0,0,0,-999.0,-999.0,-999.0,-999.0,0,-999.0,-999.0,-999.0,-999.0,-999.0,0,-999.0,-999.0,-999.0,0,0,0.8448960185050964,17.00160026550293,0.23125100135803223,-999.0,1,17.00160026550293,17.00160026550293,-999.0,-999.0,-999.0,1,17.66950035095215,0.23125100135803223,-999.0,1,4112,-999.0,-999.0,-999.0,-999.0,0,-999.0,-999.0,-999.0,-999.0,-999.0,0,-999.0,-999.0,-999.0,0,0,-999.0,-999.0,-999.0,-999.0,0,-999.0,-999.0,-999.0,-999.0,-999.0,0,-999.0,-999.0,-999.0,0,0,0.02971769890796703
PSO J139.6239+35.8932,-999,-999,-999,151071396238592412,3578835000030297,214022515357272,0,16486947793893,15107,1,2038,90,0.626237118268606,3578835,49831,3,268959744,0,32,-999.0,-999.0,-999.0,-999.0,139.62388193,35.89318532,0.25505998730659485,0.25505998730659485,,,,,56344.36663194,-999.0,-0.6171496435420499,0.524792111851639,0.586276007367023,130.81110889206144,19.217034713459807,188.07284750033716,44.33587584463168,-999,0,1,0,0,1,0,0,-999.0,-999.0,-999.0,-999.0,0,-999.0,-999.0,-999.0,-999.0,-999.0,0,-999.0,-999.0,-999.0,0,0,-999.0,-999.0,-999.0,-999.0,0,-999.0,-999.0,-999.0,-999.0,-999.0,0,-999.0,-999.0,-999.0,0,0,0.6132910251617432,21.496000289916992,0.254613995552063,-999.0,1,21.496000289916992,21.496000289916992,-999.0,-999.0,-999.0,0,23.431100845336914,0.254613995552063,-999.0,1,4120,-999.0,-999.0,-999.0,-999.0,0,-999.0,-999.0,-999.0,-999.0,-999.0,0,-999.0,-999.0,-999.0,0,0,-999.0,-999.0,-999.0,-999.0,0,-999.0,-999.0,-999.0,-999.0,-999.0,0,-999.0,-999.0,-999.0,0,0,0.028675144958910825
PSO J139.6239+35.8911,-999,-999,-999,151071396239100247,3578835000030309,214022515357284,0,16486947793208,15106,1,2038,90,0.438155986776721,3578835,49831,3,302067712,0,36,-999.0,-999.0,-999.0,-999.0,139.62389177,35.89114102,0.17538000643253326,0.17538000643253326,,,,,55932.4596412,-999.0,-0.6171656689327081,0.5248055563799128,0.586247102409567,130.8118116316505,19.215101095118595,188.0756974008952,44.33572055683771,-999,0,2,0,0,1,1,0,-999.0,-999.0,-999.0,-999.0,0,-999.0,-999.0,-999.0,-999.0,-999.0,0,-999.0,-999.0,-999.0,0,0,-999.0,-999.0,-999.0,-999.0,0,-999.0,-999.0,-999.0,-999.0,-999.0,0,-999.0,-999.0,-999.0,0,0,0.537676990032196,21.11280059814453,0.2848869860172272,-999.0,1,21.11280059814453,21.11280059814453,-999.0,-999.0,-999.0,0,22.38960075378418,0.2848869860172272,-999.0,1,4120,0.99754798412323,20.70330047607422,0.1747339963912964,-999.0,1,20.70330047607422,20.70330047607422,19.87470054626465,0.18619999289512634,-999.0,1,20.13909912109375,0.1747339963912964,-999.0,1,16777496,-999.0,-999.0,-999.0,-999.0,0,-999.0,-999.0,-999.0,-999.0,-999.0,0,-999.0,-999.0,-999.0,0,0,0.0299772032533559
PSO J139.6242+35.8974,-999,-999,-999,151071396242157441,3578835000030381,214022515357356,0,16486947795495,15107,1,2038,90,0.355741585936157,3578835,49831,3,268959744,0,32,-999.0,-999.0,-999.0,-999.0,139.6242383,35.89737102,0.21046000719070435,0.21046000719070435,,,,,56271.62,-999.0,-0.617120277611637,0.5247605267317007,0.5863351878787457,130.80997590960646,19.221091667297546,188.06704629950838,44.336497609480666,-999,0,1,0,0,0,1,0,-999.0,-999.0,-999.0,-999.0,0,-999.0,-999.0,-999.0,-999.0,-999.0,0,-999.0,-999.0,-999.0,0,0,-999.0,-999.0,-999.0,-999.0,0,-999.0,-999.0,-999.0,-999.0,-999.0,0,-999.0,-999.0,-999.0,0,0,-999.0,-999.0,-999.0,-999.0,0,-999.0,-999.0,-999.0,-999.0,-999.0,0,-999.0,-999.0,-999.0,0,0,0.5517150163650513,20.45549964904785,0.20992599427700043,-999.0,1,20.45549964904785,20.45549964904785,-999.0,-999.0,-999.0,0,20.81130027770996,0.20992599427700043,-999.0,1,4120,-999.0,-999.0,-999.0,-999.0,0,-999.0,-999.0,-999.0,-999.0,-999.0,0,-999.0,-999.0,-999.0,0,0,0.026568484626932568
PSO J139.6244+35.8932,-999,-999,-999,151071396243922458,3578835000030415,214022515357390,0,16486947793683,15107,1,2038,90,0.99024489241675,3578835,49831,3,268513280,0,32,-999.0,-999.0,-999.0,-999.0,139.62443428,35.8932185,0.019770000129938126,0.019770000129938126,,,,,55250.33664352,-999.0,-0.6171544440347217,0.5247859423687564,0.5862764765026223,130.81154642208537,19.217209735890357,188.0728512000597,44.33632453023344,-999,0,1,1,0,0,0,0,0.973239004611969,18.246700286865234,0.012869000434875488,-999.0,1,18.246700286865234,18.246700286865234,19.133399963378906,0.039639998227357864,-999.0,1,19.08799934387207,0.012869000434875488,-999.0,1,24,-999.0,-999.0,-999.0,-999.0,0,-999.0,-999.0,-999.0,-999.0,-999.0,0,-999.0,-999.0,-999.0,0,0,-999.0,-999.0,-999.0,-999.0,0,-999.0,-999.0,-999.0,-999.0,-999.0,0,-999.0,-999.0,-999.0,0,0,-999.0,-999.0,-999.0,-999.0,0,-999.0,-999.0,-999.0,-999.0,-999.0,0,-999.0,-999.0,-999.0,0,0,-999.0,-999.0,-999.0,-999.0,0,-999.0,-999.0,-999.0,-999.0,-999.0,0,-999.0,-999.0,-999.0,0,0,0.02901002594964089
PSO J139.6245+35.8919,-999,-999,-999,151071396244650900,3578835000030435,214022515357410,0,16486947793255,15107,1,2038,90,0.947364333036695,3578835,49831,3,277348352,0,33,-999.0,-999.0,-999.0,-999.0,139.62448467,35.89188792,0.07232999801635742,0.07232999801635742,,,,,55250.25818287,-999.0,-0.6171652775923049,0.5247942192428384,0.5862576631343193,130.81203956315795,19.215962632536172,188.07471011853565,44.336258992904554,-999,0,1,0,0,0,1,0,-999.0,-999.0,-999.0,-999.0,0,-999.0,-999.0,-999.0,-999.0,-999.0,0,-999.0,-999.0,-999.0,0,0,-999.0,-999.0,-999.0,-999.0,0,-999.0,-999.0,-999.0,-999.0,-999.0,0,-999.0,-999.0,-999.0,0,0,-999.0,-999.0,-999.0,-999.0,0,-999.0,-999.0,-999.0,-999.0,-999.0,0,-999.0,-999.0,-999.0,0,0,0.6433179974555969,19.34480094909668,0.07075300067663193,-999.0,1,19.34480094909668,19.34480094909668,19.351900100708008,0.06518899649381638,-999.0,1,19.104700088500977,0.07075300067663193,-999.0,1,16781336,-999.0,-999.0,-999.0,-999.0,0,-999.0,-999.0,-999.0,-999.0,-999.0,0,-999.0,-999.0,-999.0,0,0,0.02986475663339737
PSO J139.6250+35.8948,-999,-999,-999,151071396249614322,3578835000030577,214022515357552,0,16486947795451,15107,1,2038,90,0.195719034593291,3578835,49831,3,268959744,0,32,-999.0,-999.0,-999.0,-999.0,139.6249841,35.89477116,0.2567499876022339,0.2567499876022339,,,,,56271.62,-999.0,-0.6171473762678992,0.5247697280901172,0.5862984295099829,130.81146548794192,19.218823211429296,188.07073702073964,44.336892437801744,-999,0,1,0,0,0,1,0,-999.0,-999.0,-999.0,-999.0,0,-999.0,-999.0,-999.0,-999.0,-999.0,0,-999.0,-999.0,-999.0,0,0,-999.0,-999.0,-999.0,-999.0,0,-999.0,-999.0,-999.0,-999.0,-999.0,0,-999.0,-999.0,-999.0,0,0,-999.0,-999.0,-999.0,-999.0,0,-999.0,-999.0,-999.0,-999.0,-999.0,0,-999.0,-999.0,-999.0,0,0,0.6893489956855774,20.958900451660156,0.2563140094280243,-999.0,1,20.958900451660156,20.958900451660156,-999.0,-999.0,-999.0,0,21.941699981689453,0.2563140094280243,-999.0,1,4120,-999.0,-999.0,-999.0,-999.0,0,-999.0,-999.0,-999.0,-999.0,-999.0,0,-999.0,-999.0,-999.0,0,0,0.02846623833185029
PSO J139.6250+35.8923,-999,-999,-999,151071396249631405,3578835000030573,214022515357548,0,16486947794304,15107,1,2038,90,0.240742461048758,3578835,49831,3,268959744,0,32,-999.0,-999.0,-999.0,-999.0,139.62498436,35.89234838,0.38383999466896057,0.38383999466896057,,,,,56344.39150463,-999.0,-0.6171662650955079,0.5247857847197507,0.5862641737170512,130.81228909720824,19.21652864728004,188.0741135849182,44.3366992743531,-999,0,1,0,1,0,0,0,-999.0,-999.0,-999.0,-999.0,0,-999.0,-999.0,-999.0,-999.0,-999.0,0,-999.0,-999.0,-999.0,0,0,0.7260029911994934,21.84600067138672,0.38354700803756714,-999.0,1,21.84600067138672,21.84600067138672,-999.0,-999.0,-999.0,0,22.01140022277832,0.38354700803756714,-999.0,1,4120,-999.0,-999.0,-999.0,-999.0,0,-999.0,-999.0,-999.0,-999.0,-999.0,0,-999.0,-999.0,-999.0,0,0,-999.0,-999.0,-999.0,-999.0,0,-999.0,-999.0,-999.0,-999.0,-999.0,0,-999.0,-999.0,-999.0,0,0,-999.0,-999.0,-999.0,-999.0,0,-999.0,-999.0,-999.0,-999.0,-999.0,0,-999.0,-999.0,-999.0,0,0,0.0298939780894797
PSO J139.6251+35.8929,-999,-999,-999,151071396250332096,3578835000030589,214022515357564,0,16486947793596,15107,1,2038,90,0.243842742632928,3578835,49831,3,268513280,0,32,-999.0,-999.0,-999.0,-999.0,139.625067,35.89291824,0.017470000311732292,0.017470000311732292,,,,,55248.30240741,-999.0,-0.617162579843464,0.5247811173216049,0.586272231086931,130.81216257693785,19.21708985067764,188.07332686543577,44.33681150068231,-999,0,1,0,1,0,0,0,-999.0,-999.0,-999.0,-999.0,0,-999.0,-999.0,-999.0,-999.0,-999.0,0,-999.0,-999.0,-999.0,0,0,0.997340977191925,18.30389976501465,0.008961999788880348,-999.0,1,18.30389976501465,18.30389976501465,18.860300064086914,0.020829999819397926,-999.0,1,18.783300399780273,0.008961999788880348,-999.0,1,24,-999.0,-999.0,-999.0,-999.0,0,-999.0,-999.0,-999.0,-999.0,-999.0,0,-999.0,-999.0,-999.0,0,0,-999.0,-999.0,-999.0,-999.0,0,-999.0,-999.0,-999.0,-999.0,-999.0,0,-999.0,-999.0,-999.0,0,0,-999.0,-999.0,-999.0,-999.0,0,-999.0,-999.0,-999.0,-999.0,-999.0,0,-999.0,-999.0,-999.0,0,0,0.02959994171631208
PSO J139.6252+35.8995,-999,-999,-999,151071396251619993,3578835000030627,214022515357602,0,16486947797382,15107,1,2038,90,0.875434947084109,3578835,49831,3,268513280,0,32,-999.0,-999.0,-999.0,-999.0,139.62519343,35.89949081,0.015860000625252724,0.015860000625252724,,,,,55275.31780093,-999.0,-0.6171124988474648,0.5247361865158755,0.5863651578385385,130.81003149808035,19.22334763323477,188.06417824994708,44.33743787705532,-999,0,1,1,0,0,0,0,0.999754011631012,17.849700927734375,0.005096000153571367,-999.0,1,17.849700927734375,17.849700927734375,18.63129997253418,0.012552999891340733,-999.0,1,18.578500747680664,0.005096000153571367,-999.0,1,24,-999.0,-999.0,-999.0,-999.0,0,-999.0,-999.0,-999.0,-999.0,-999.0,0,-999.0,-999.0,-999.0,0,0,-999.0,-999.0,-999.0,-999.0,0,-999.0,-999.0,-999.0,-999.0,-999.0,0,-999.0,-999.0,-999.0,0,0,-999.0,-999.0,-999.0,-999.0,0,-999.0,-999.0,-999.0,-999.0,-999.0,0,-999.0,-999.0,-999.0,0,0,-999.0,-999.0,-999.0,-999.0,0,-999.0,-999.0,-999.0,-999.0,-999.0,0,-999.0,-999.0,-999.0,0,0,0.026263227191295306
PSO J139.6258+35.8982,-999,-999,-999,151071396257728444,3578835000030787,214022515357762,0,16486947797361,15107,1,2038,90,0.955082246991882,3578835,49831,3,302067712,0,36,-999.0,-999.0,-999.0,-999.0,139.62579936,35.89819045,0.18782000243663788,0.18782000243663788,,,,,56759.31069444,-999.0,-0.6171281863366307,0.5247382806370573,0.5863467732177996,130.81096578612934,19.22227358295563,188.0660452629823,44.33782348518368,-999,0,1,0,0,1,0,0,-999.0,-999.0,-999.0,-999.0,0,-999.0,-999.0,-999.0,-999.0,-999.0,0,-999.0,-999.0,-999.0,0,0,-999.0,-999.0,-999.0,-999.0,0,-999.0,-999.0,-999.0,-999.0,-999.0,0,-999.0,-999.0,-999.0,0,0,0.9980260133743286,16.841299057006836,0.18722200393676758,-999.0,1,16.841299057006836,16.841299057006836,16.754499435424805,0.2901419997215271,-999.0,1,16.683500289916992,0.18722200393676758,-999.0,1,272,-999.0,-999.0,-999.0,-999.0,0,-999.0,-999.0,-999.0,-999.0,-999.0,0,-999.0,-999.0,-999.0,0,0,-999.0,-999.0,-999.0,-999.0,0,-999.0,-999.0,-999.0,-999.0,-999.0,0,-999.0,-999.0,-999.0,0,0,0.02728133396843439
PSO J139.6259+35.8920,-999,-999,-999,151071396258860968,3578835000030815,214022515357790,0,16486947794864,15107,1,2038,90,0.68428294610631,3578835,49831,3,268959744,0,32,-999.0,-999.0,-999.0,-999.0,139.62590968,35.89197604,0.26337000727653503,0.26337000727653503,,,,,56271.62,-999.0,-0.617177642709788,0.524778285420493,0.5862589090924902,130.813167503213,19.2164165686348,188.07471617490464,44.337416778179815,-999,0,1,0,0,0,1,0,-999.0,-999.0,-999.0,-999.0,0,-999.0,-999.0,-999.0,-999.0,-999.0,0,-999.0,-999.0,-999.0,0,0,-999.0,-999.0,-999.0,-999.0,0,-999.0,-999.0,-999.0,-999.0,-999.0,0,-999.0,-999.0,-999.0,0,0,-999.0,-999.0,-999.0,-999.0,0,-999.0,-999.0,-999.0,-999.0,-999.0,0,-999.0,-999.0,-999.0,0,0,0.6819369792938232,20.97100067138672,0.2629469931125641,-999.0,1,20.97100067138672,20.97100067138672,-999.0,-999.0,-999.0,0,21.613800048828125,0.2629469931125641,-999.0,1,4120,-999.0,-999.0,-999.0,-999.0,0,-999.0,-999.0,-999.0,-999.0,-999.0,0,-999.0,-999.0,-999.0,0,0,0.03071437904743528
PSO J139.6272+35.8955,-999,-999,-999,151071396272115232,3578835000031167,214022515358142,0,16486947798629,15107,1,2038,90,0.503233694940092,3578835,49831,3,268513280,0,32,-999.0,-999.0,-999.0,-999.0,139.62724142,35.89552833,0.017470000311732292,0.017470000311732292,,,,,56324.54923611,-999.0,-0.6171621476535376,0.5247403946449303,0.5863091349548938,130.81304228262763,19.220127188575372,188.06988572590672,44.33877564973068,-999,0,1,0,0,1,0,0,-999.0,-999.0,-999.0,-999.0,0,-999.0,-999.0,-999.0,-999.0,-999.0,0,-999.0,-999.0,-999.0,0,0,-999.0,-999.0,-999.0,-999.0,0,-999.0,-999.0,-999.0,-999.0,-999.0,0,-999.0,-999.0,-999.0,0,0,0.9987360239028931,17.60110092163086,0.008960000239312649,-999.0,1,17.60110092163086,17.60110092163086,18.374399185180664,0.024132000282406807,-999.0,1,18.280399322509766,0.008960000239312649,-999.0,1,24,-999.0,-999.0,-999.0,-999.0,0,-999.0,-999.0,-999.0,-999.0,-999.0,0,-999.0,-999.0,-999.0,0,0,-999.0,-999.0,-999.0,-999.0,0,-999.0,-999.0,-999.0,-999.0,-999.0,0,-999.0,-999.0,-999.0,0,0,0.02960052855757542
PSO J139.6273+35.8979,-999,-999,-999,151071396272968076,3578835000031198,214022515358173,0,16486947797656,15107,1,2038,90,0.0569862742507702,3578835,49831,3,302067712,0,36,-999.0,-999.0,-999.0,-999.0,139.62733487,35.89789009,0.19290000200271606,0.19290000200271606,,,,,56283.59672454,-999.0,-0.6171445906957358,0.5247237326545555,0.5863425266549095,130.812315489994,19.22238830883192,188.0666025284402,44.33903943775098,-999,0,1,1,0,0,0,0,0.9935340285301208,21.924299240112305,0.1923149973154068,-999.0,1,21.924299240112305,21.924299240112305,-999.0,-999.0,-999.0,1,22.028200149536133,0.1923149973154068,-999.0,1,280,-999.0,-999.0,-999.0,-999.0,0,-999.0,-999.0,-999.0,-999.0,-999.0,0,-999.0,-999.0,-999.0,0,0,-999.0,-999.0,-999.0,-999.0,0,-999.0,-999.0,-999.0,-999.0,-999.0,0,-999.0,-999.0,-999.0,0,0,-999.0,-999.0,-999.0,-999.0,0,-999.0,-999.0,-999.0,-999.0,-999.0,0,-999.0,-999.0,-999.0,0,0,-999.0,-999.0,-999.0,-999.0,0,-999.0,-999.0,-999.0,-999.0,-999.0,0,-999.0,-999.0,-999.0,0,0,0.0285254107369076
PSO J139.6275+35.8921,-999,-999,-999,151071396274381146,3578835000031224,214022515358199,0,16486947794754,15107,1,2038,90,0.788307058427769,3578835,49831,3,268959744,0,32,-999.0,-999.0,-999.0,-999.0,139.62745313,35.89210447,0.1546200066804886,0.1546200066804886,,,,,56759.31069444,-999.0,-0.617190777954234,0.5247608082975925,0.5862607250047581,130.81437797912182,19.216939484043372,188.07467673543204,44.33867342448239,-999,0,1,0,0,1,0,0,-999.0,-999.0,-999.0,-999.0,0,-999.0,-999.0,-999.0,-999.0,-999.0,0,-999.0,-999.0,-999.0,0,0,-999.0,-999.0,-999.0,-999.0,0,-999.0,-999.0,-999.0,-999.0,-999.0,0,-999.0,-999.0,-999.0,0,0,0.42392298579216003,15.86970043182373,0.15388700366020203,-999.0,1,15.86970043182373,15.86970043182373,-999.0,-999.0,-999.0,0,17.768199920654297,0.15388700366020203,-999.0,1,4112,-999.0,-999.0,-999.0,-999.0,0,-999.0,-999.0,-999.0,-999.0,-999.0,0,-999.0,-999.0,-999.0,0,0,-999.0,-999.0,-999.0,-999.0,0,-999.0,-999.0,-999.0,-999.0,-999.0,0,-999.0,-999.0,-999.0,0,0,0.03163720182756376
PSO J139.6275+35.8990,-999,-999,-999,151071396274459364,3578835000031228,214022515358203,0,16486947797857,15107,1,2038,90,0.747961655955726,3578835,49831,3,268959744,0,32,-999.0,-999.0,-999.0,-999.0,139.62745982,35.89897132,0.23247000575065613,0.23247000575065613,,,,,55249.29931713,-999.0,-0.6171373051273424,0.5247152193658146,0.5863578132727888,130.8120495128686,19.22344482578173,188.06510686518973,44.33922651742473,-999,0,1,0,0,1,0,0,-999.0,-999.0,-999.0,-999.0,0,-999.0,-999.0,-999.0,-999.0,-999.0,0,-999.0,-999.0,-999.0,0,0,-999.0,-999.0,-999.0,-999.0,0,-999.0,-999.0,-999.0,-999.0,-999.0,0,-999.0,-999.0,-999.0,0,0,0.6043480038642883,20.88450050354004,0.2319899946451187,-999.0,1,20.88450050354004,20.88450050354004,21.297199249267578,0.3168700039386749,-999.0,1,21.30620002746582,0.2319899946451187,-999.0,1,4120,-999.0,-999.0,-999.0,-999.0,0,-999.0,-999.0,-999.0,-999.0,-999.0,0,-999.0,-999.0,-999.0,0,0,-999.0,-999.0,-999.0,-999.0,0,-999.0,-999.0,-999.0,-999.0,-999.0,0,-999.0,-999.0,-999.0,0,0,0.028146303494449937
PSO J139.6277+35.8979,-999,-999,-999,151071396276858037,3578835000031281,214022515358256,0,16486947797650,15107,1,2038,90,0.766189537724657,3578835,49831,3,268959744,0,32,-999.0,-999.0,-999.0,-999.0,139.62769767,35.89786612,0.2405499964952469,0.2405499964952469,,,,,55249.31701389,-999.0,-0.6171481001444524,0.5247199837440047,0.5863421877605128,130.81261841582545,19.22245992806858,188.0666686935146,44.33933048255347,-999,0,1,0,1,0,0,0,-999.0,-999.0,-999.0,-999.0,0,-999.0,-999.0,-999.0,-999.0,-999.0,0,-999.0,-999.0,-999.0,0,0,0.596265971660614,21.414400100708008,0.24008400738239288,-999.0,1,21.414400100708008,21.414400100708008,-999.0,-999.0,-999.0,1,23.26580047607422,0.24008400738239288,-999.0,1,4120,-999.0,-999.0,-999.0,-999.0,0,-999.0,-999.0,-999.0,-999.0,-999.0,0,-999.0,-999.0,-999.0,0,0,-999.0,-999.0,-999.0,-999.0,0,-999.0,-999.0,-999.0,-999.0,-999.0,0,-999.0,-999.0,-999.0,0,0,-999.0,-999.0,-999.0,-999.0,0,-999.0,-999.0,-999.0,-999.0,-999.0,0,-999.0,-999.0,-999.0,0,0,0.028798744372487927
PSO J139.6280+35.8911,-999,-999,-999,151071396280450013,3578835000031361,214022515358336,0,16486947794669,15106,1,2038,90,0.28010705512027,3578835,49831,3,268959744,0,32,-999.0,-999.0,-999.0,-999.0,139.62802658,35.89112658,0.26370999217033386,0.26370999217033386,,,,,55250.27490741,-999.0,-0.6172036530323184,0.5247611123099709,0.5862468982355161,130.81517628652796,19.216162414501017,188.07609148095924,44.33905845199835,-999,0,1,0,0,0,0,1,-999.0,-999.0,-999.0,-999.0,0,-999.0,-999.0,-999.0,-999.0,-999.0,0,-999.0,-999.0,-999.0,0,0,-999.0,-999.0,-999.0,-999.0,0,-999.0,-999.0,-999.0,-999.0,-999.0,0,-999.0,-999.0,-999.0,0,0,-999.0,-999.0,-999.0,-999.0,0,-999.0,-999.0,-999.0,-999.0,-999.0,0,-999.0,-999.0,-999.0,0,0,-999.0,-999.0,-999.0,-999.0,0,-999.0,-999.0,-999.0,-999.0,-999.0,0,-999.0,-999.0,-999.0,0,0,0.6504390239715576,19.204599380493164,0.26328399777412415,-999.0,1,19.204599380493164,19.204599380493164,-999.0,-999.0,-999.0,0,19.308300018310547,0.26328399777412415,-999.0,1,4112,0.03259300869363007
PSO J139.6291+35.8972,-999,-999,-999,151071396291447278,3578835000187424,214022515516022,0,16486947796282,15107,1,2038,90,0.0306177791493179,3578835,49831,3,1343750144,0,160,139.62913336,35.89721962,0.0010000000474974513,0.0010000000474974513,139.62913336,35.89721962,0.0010000000474974513,0.0010000000474974513,,,,,55715.43143519,-999.0,-0.6171662886266279,0.5247088047606123,0.5863330473284988,130.8140046721932,19.222220887937574,188.06769937869385,44.34043824985454,-999,1,0,0,0,0,0,0,-999.0,-999.0,-999.0,-999.0,0,-999.0,-999.0,-999.0,-999.0,-999.0,0,-999.0,-999.0,-999.0,0,16416,-999.0,-999.0,-999.0,-999.0,0,-999.0,-999.0,-999.0,-999.0,-999.0,0,-999.0,-999.0,-999.0,0,16416,-999.0,-999.0,-999.0,-999.0,0,-999.0,-999.0,-999.0,-999.0,-999.0,0,-999.0,-999.0,-999.0,0,16416,-999.0,-999.0,-999.0,-999.0,0,-999.0,-999.0,-999.0,-999.0,-999.0,0,-999.0,-999.0,-999.0,0,114720,-999.0,-999.0,-999.0,-999.0,0,-999.0,-999.0,-999.0,-999.0,-999.0,0,-999.0,-999.0,-999.0,0,16416,0.030128166643975218
PSO J139.6300+35.8922,-999,-999,-999,151071396299991319,3578835000031834,214022515358809,0,16486947792706,15107,1,2038,90,0.270461387252865,3578835,49831,3,268959744,0,32,-999.0,-999.0,-999.0,-999.0,139.63002746,35.8922125,0.19518999755382538,0.19518999755382538,,,,,55250.34751157,-999.0,-0.6172135129473852,0.5247323610763582,0.5862622524727125,130.81643302113676,19.217711116791307,188.0747588764988,44.340760915149765,-999,0,1,1,0,0,0,0,0.5570889711380005,20.72599983215332,0.19461600482463837,-999.0,1,20.72599983215332,20.72599983215332,20.62779998779297,0.16435499489307404,-999.0,1,20.319700241088867,0.19461600482463837,-999.0,1,4112,-999.0,-999.0,-999.0,-999.0,0,-999.0,-999.0,-999.0,-999.0,-999.0,0,-999.0,-999.0,-999.0,0,0,-999.0,-999.0,-999.0,-999.0,0,-999.0,-999.0,-999.0,-999.0,-999.0,0,-999.0,-999.0,-999.0,0,0,-999.0,-999.0,-999.0,-999.0,0,-999.0,-999.0,-999.0,-999.0,-999.0,0,-999.0,-999.0,-999.0,0,0,-999.0,-999.0,-999.0,-999.0,0,-999.0,-999.0,-999.0,-999.0,-999.0,0,-999.0,-999.0,-999.0,0,0,0.033284196060102376
PSO J139.6311+35.8969,-999,-999,-999,151071396311236824,3578835000032071,214022515359046,0,16486947785376,15107,1,2038,90,0.273573713631903,3578835,49831,3,268959744,0,32,-999.0,-999.0,-999.0,-999.0,139.63114563,35.89686179,0.26517999172210693,0.26517999172210693,,,,,56344.36663194,-999.0,-0.6171875063093796,0.5246895008822728,0.5863279881768572,130.81576129813052,19.222405166858948,188.06837979014523,44.34203462449154,-999,0,1,0,0,1,0,0,-999.0,-999.0,-999.0,-999.0,0,-999.0,-999.0,-999.0,-999.0,-999.0,0,-999.0,-999.0,-999.0,0,0,-999.0,-999.0,-999.0,-999.0,0,-999.0,-999.0,-999.0,-999.0,-999.0,0,-999.0,-999.0,-999.0,0,0,0.719963014125824,21.8031005859375,0.26475799083709717,-999.0,1,21.8031005859375,21.8031005859375,-999.0,-999.0,-999.0,1,21.908000946044922,0.26475799083709717,-999.0,1,4120,-999.0,-999.0,-999.0,-999.0,0,-999.0,-999.0,-999.0,-999.0,-999.0,0,-999.0,-999.0,-999.0,0,0,-999.0,-999.0,-999.0,-999.0,0,-999.0,-999.0,-999.0,-999.0,-999.0,0,-999.0,-999.0,-999.0,0,0,0.031747927536761304
PSO J139.6319+35.8985,-999,-999,-999,151071396318628765,3578835000032273,214022515359248,0,16486947786672,15107,1,2038,90,0.453303837639563,3578835,49831,3,268513280,0,32,-999.0,-999.0,-999.0,-999.0,139.63191577,35.89847696,0.01759999990463257,0.01759999990463257,,,,,56032.28560185,-999.0,-0.6171819654790508,0.5246704992082191,0.5863508239509977,130.81583802789066,19.22413511801273,188.06619805877787,44.34278521001968,-999,0,1,1,0,0,0,0,0.9987580180168152,18.322599411010742,0.009204999543726444,-999.0,1,18.322599411010742,18.322599411010742,18.931499481201172,0.02343600057065487,-999.0,1,18.863500595092773,0.009204999543726444,-999.0,1,16,-999.0,-999.0,-999.0,-999.0,0,-999.0,-999.0,-999.0,-999.0,-999.0,0,-999.0,-999.0,-999.0,0,0,-999.0,-999.0,-999.0,-999.0,0,-999.0,-999.0,-999.0,-999.0,-999.0,0,-999.0,-999.0,-999.0,0,0,-999.0,-999.0,-999.0,-999.0,0,-999.0,-999.0,-999.0,-999.0,-999.0,0,-999.0,-999.0,-999.0,0,0,-999.0,-999.0,-999.0,-999.0,0,-999.0,-999.0,-999.0,-999.0,-999.0,0,-999.0,-999.0,-999.0,0,0,0.03164911529056787
PSO J139.6324+35.8951,-999,-999,-999,151071396323614674,3578835000032389,214022515359364,0,16486947784801,15107,1,2038,90,0.235274509745906,3578835,49831,3,276901888,0,33,-999.0,-999.0,-999.0,-999.0,139.63239467,35.89505695,0.01616000011563301,0.01616000011563301,,,,,55275.31780093,-999.0,-0.6172130160625827,0.5246880084349886,0.5863024702382339,130.81738964805322,19.22102056897217,188.0710081707434,44.34289936298035,-999,0,1,1,0,0,0,0,0.999144971370697,18.294700622558594,0.005993000231683254,-999.0,1,18.294700622558594,18.294700622558594,18.397199630737305,0.011061999946832657,-999.0,1,18.19219970703125,0.005993000231683254,-999.0,1,16777240,-999.0,-999.0,-999.0,-999.0,0,-999.0,-999.0,-999.0,-999.0,-999.0,0,-999.0,-999.0,-999.0,0,0,-999.0,-999.0,-999.0,-999.0,0,-999.0,-999.0,-999.0,-999.0,-999.0,0,-999.0,-999.0,-999.0,0,0,-999.0,-999.0,-999.0,-999.0,0,-999.0,-999.0,-999.0,-999.0,-999.0,0,-999.0,-999.0,-999.0,0,0,-999.0,-999.0,-999.0,-999.0,0,-999.0,-999.0,-999.0,-999.0,-999.0,0,-999.0,-999.0,-999.0,0,0,0.033468365440278376
PSO J139.6326+35.8977,-999,-999,-999,151071396325767829,3578835000032452,214022515359427,0,16486947786136,15107,1,2038,90,0.252875609558891,3578835,49831,3,268959744,0,32,-999.0,-999.0,-999.0,-999.0,139.63259517,35.89768804,0.28492000699043274,0.28492000699043274,,,,,56331.39599537,-999.0,-0.617194338138291,0.5246684098916828,0.586339670013696,130.81665821448047,19.223564583684443,188.06735898872185,44.34327096143005,-999,0,1,0,1,0,0,0,-999.0,-999.0,-999.0,-999.0,0,-999.0,-999.0,-999.0,-999.0,-999.0,0,-999.0,-999.0,-999.0,0,0,0.5627549886703491,22.11520004272461,0.2845250070095062,-999.0,1,22.11520004272461,22.11520004272461,-999.0,-999.0,-999.0,0,21.908700942993164,0.2845250070095062,-999.0,1,4120,-999.0,-999.0,-999.0,-999.0,0,-999.0,-999.0,-999.0,-999.0,-999.0,0,-999.0,-999.0,-999.0,0,0,-999.0,-999.0,-999.0,-999.0,0,-999.0,-999.0,-999.0,-999.0,-999.0,0,-999.0,-999.0,-999.0,0,0,-999.0,-999.0,-999.0,-999.0,0,-999.0,-999.0,-999.0,-999.0,-999.0,0,-999.0,-999.0,-999.0,0,0,0.03246649599916664
PSO J139.6327+35.8929,-999,-999,-999,151071396326692100,3578835000032471,214022515359446,0,16486947829867,15107,1,2038,90,0.534816379225642,3578835,49831,3,268959744,0,32,-999.0,-999.0,-999.0,-999.0,139.63268404,35.89289912,0.16548000276088715,0.16548000276088715,,,,,56759.31069444,-999.0,-0.6172324891270078,0.5246991923082207,0.5862719607461873,130.8183582269301,19.219052141901262,188.0740419301256,44.34296097328506,-999,0,1,0,0,1,0,0,-999.0,-999.0,-999.0,-999.0,0,-999.0,-999.0,-999.0,-999.0,-999.0,0,-999.0,-999.0,-999.0,0,0,-999.0,-999.0,-999.0,-999.0,0,-999.0,-999.0,-999.0,-999.0,-999.0,0,-999.0,-999.0,-999.0,0,0,0.6690769791603088,16.42289924621582,0.16480399668216705,-999.0,1,16.42289924621582,16.42289924621582,-999.0,-999.0,-999.0,0,16.855899810791016,0.16480399668216705,-999.0,1,4112,-999.0,-999.0,-999.0,-999.0,0,-999.0,-999.0,-999.0,-999.0,-999.0,0,-999.0,-999.0,-999.0,0,0,-999.0,-999.0,-999.0,-999.0,0,-999.0,-999.0,-999.0,-999.0,-999.0,0,-999.0,-999.0,-999.0,0,0,0.03473399734118433
PSO J139.6327+35.8994,-999,-999,-999,151071396326789792,3578835000032480,214022515359455,0,16486947786503,15107,1,2038,90,0.138045698532877,3578835,49831,3,310456320,5,37,-999.0,-999.0,-999.0,-999.0,139.63271737100692,35.8993563061667,0.00605349848351822,0.00605349848351822,184697.51766616822,770960.1957382051,160131.6708633449,160131.6708633449,57049.43179453869,17.297578811645508,-0.6171824493679521,0.5246560358394889,0.5863632562237917,130.81619166879432,19.2251722704523,188.06505061955852,44.34350199912289,-999,0,4,0,0,4,0,0,-999.0,-999.0,-999.0,-999.0,0,-999.0,-999.0,-999.0,-999.0,-999.0,0,-999.0,-999.0,-999.0,0,0,-999.0,-999.0,-999.0,-999.0,0,-999.0,-999.0,-999.0,-999.0,-999.0,0,-999.0,-999.0,-999.0,0,0,0.9993659853935242,19.371599197387695,0.030564000830054283,0.06200899928808212,4,19.335599899291992,19.467199325561523,18.883100509643555,0.016614999622106552,0.03594199940562248,4,18.83930015563965,0.006643999833613634,0.018542999401688576,4,16778264,-999.0,-999.0,-999.0,-999.0,0,-999.0,-999.0,-999.0,-999.0,-999.0,0,-999.0,-999.0,-999.0,0,0,-999.0,-999.0,-999.0,-999.0,0,-999.0,-999.0,-999.0,-999.0,-999.0,0,-999.0,-999.0,-999.0,0,0,0.031924128835099715
PSO J139.6332+35.8952,-999,-999,-999,151071396332284847,3578835000032627,214022515359602,0,16486947816631,15107,1,2038,90,0.294560565887541,3578835,49831,3,268959744,0,32,-999.0,-999.0,-999.0,-999.0,139.63324413,35.89520255,0.3520199954509735,0.3520199954509735,,,,,56759.29760417,-999.0,-0.6172196597662271,0.5246778926705192,0.5863045288422102,130.81803036510584,19.221379332680304,188.07088193375367,44.343596920080735,-999,0,1,0,0,1,0,0,-999.0,-999.0,-999.0,-999.0,0,-999.0,-999.0,-999.0,-999.0,-999.0,0,-999.0,-999.0,-999.0,0,0,-999.0,-999.0,-999.0,-999.0,0,-999.0,-999.0,-999.0,-999.0,-999.0,0,-999.0,-999.0,-999.0,0,0,0.5734840035438538,20.772600173950195,0.35169699788093567,-999.0,1,20.772600173950195,20.772600173950195,-999.0,-999.0,-999.0,0,-999.0,-999.0,-999.0,0,4112,-999.0,-999.0,-999.0,-999.0,0,-999.0,-999.0,-999.0,-999.0,-999.0,0,-999.0,-999.0,-999.0,0,0,-999.0,-999.0,-999.0,-999.0,0,-999.0,-999.0,-999.0,-999.0,-999.0,0,-999.0,-999.0,-999.0,0,0,0.03401080748753363
PSO J139.6333+35.8913,-999,-999,-999,151071396332490101,3578835000032630,214022515359605,0,16486947822177,15107,1,2038,90,0.190878862692862,3578835,49831,3,268959744,0,32,-999.0,-999.0,-999.0,-999.0,139.63327402,35.89126005,0.2927600145339966,0.2927600145339966,,,,,56232.65170139,-999.0,-0.6172506702299579,0.524703698941008,0.5862487854301206,130.81939473140832,19.217653192853497,188.07637980770008,44.343306662777245,-999,0,1,0,0,0,0,1,-999.0,-999.0,-999.0,-999.0,0,-999.0,-999.0,-999.0,-999.0,-999.0,0,-999.0,-999.0,-999.0,0,0,-999.0,-999.0,-999.0,-999.0,0,-999.0,-999.0,-999.0,-999.0,-999.0,0,-999.0,-999.0,-999.0,0,0,-999.0,-999.0,-999.0,-999.0,0,-999.0,-999.0,-999.0,-999.0,-999.0,0,-999.0,-999.0,-999.0,0,0,-999.0,-999.0,-999.0,-999.0,0,-999.0,-999.0,-999.0,-999.0,-999.0,0,-999.0,-999.0,-999.0,0,0,0.5226110219955444,20.160200119018555,0.2923780083656311,-999.0,1,20.160200119018555,20.160200119018555,-999.0,-999.0,-999.0,0,20.931900024414062,0.2923780083656311,-999.0,1,4120,0.036005290534943474
PSO J139.6335+35.8985,-999,-999,-999,151071396335578729,3578835000187485,214022515516083,0,16486947786093,15107,1,2038,90,0.720589495003772,3578835,49831,3,404226048,0,48,139.63353087,35.89853867,0.0010000000474974513,0.0010000000474974513,139.63353087,35.89853867,0.0010000000474974513,0.0010000000474974513,,,,,55646.00913194,-999.0,-0.6171962739021107,0.5246526923502961,0.5863516964168657,130.81712932809344,19.22461349282654,188.06625777608258,44.34409429101066,-999,6,0,0,0,0,0,0,-999.0,-999.0,-999.0,-999.0,0,-999.0,-999.0,-999.0,-999.0,-999.0,0,-999.0,-999.0,-999.0,0,114720,-999.0,-999.0,-999.0,-999.0,0,-999.0,-999.0,-999.0,-999.0,-999.0,0,-999.0,-999.0,-999.0,0,114720,-999.0,-999.0,-999.0,-999.0,0,-999.0,-999.0,-999.0,-999.0,-999.0,0,-999.0,-999.0,-999.0,0,114720,-999.0,-999.0,-999.0,-999.0,0,-999.0,-999.0,-999.0,-999.0,-999.0,0,-999.0,-999.0,-999.0,0,16416,-999.0,-999.0,-999.0,-999.0,0,-999.0,-999.0,-999.0,-999.0,-999.0,0,-999.0,-999.0,-999.0,0,16416,0.03283587502559956
PSO J139.6337+35.8974,-999,-999,-999,151071396336357532,3578835000032735,214022515359710,0,16486947784986,15107,1,2038,90,0.673118703694193,3578835,49831,3,268513280,0,32,-999.0,-999.0,-999.0,-999.0,139.63366866,35.89744927,0.03353000059723854,0.03353000059723854,,,,,55250.26314815,-999.0,-0.6172060299015147,0.5246584286476405,0.5863362942051252,130.81761159980607,19.223617560693466,188.06778867459795,44.344118771943414,-999,0,1,0,0,0,0,1,-999.0,-999.0,-999.0,-999.0,0,-999.0,-999.0,-999.0,-999.0,-999.0,0,-999.0,-999.0,-999.0,0,0,-999.0,-999.0,-999.0,-999.0,0,-999.0,-999.0,-999.0,-999.0,-999.0,0,-999.0,-999.0,-999.0,0,0,-999.0,-999.0,-999.0,-999.0,0,-999.0,-999.0,-999.0,-999.0,-999.0,0,-999.0,-999.0,-999.0,0,0,-999.0,-999.0,-999.0,-999.0,0,-999.0,-999.0,-999.0,-999.0,-999.0,0,-999.0,-999.0,-999.0,0,0,0.9862329959869385,17.137800216674805,0.029986999928951263,-999.0,1,17.137800216674805,17.137800216674805,18.09869956970215,0.09978000074625015,-999.0,1,18.13010025024414,0.029986999928951263,-999.0,1,16,0.03335890780120297
PSO J139.6337+35.8988,-999,-999,-999,151071396336769099,3578835000032745,214022515359720,0,16486947783321,15107,1,2038,90,0.738832279796556,3578835,49831,3,277348352,0,33,-999.0,-999.0,-999.0,-999.0,139.63369297,35.8987591,0.18442000448703766,0.18442000448703766,,,,,55521.6127662,-999.0,-0.6171960394713291,0.5246494851482874,0.5863548128859715,130.81718610434024,19.224864406473383,188.06596515266324,44.344242741043615,-999,0,1,0,0,0,0,1,-999.0,-999.0,-999.0,-999.0,0,-999.0,-999.0,-999.0,-999.0,-999.0,0,-999.0,-999.0,-999.0,0,0,-999.0,-999.0,-999.0,-999.0,0,-999.0,-999.0,-999.0,-999.0,-999.0,0,-999.0,-999.0,-999.0,0,0,-999.0,-999.0,-999.0,-999.0,0,-999.0,-999.0,-999.0,-999.0,-999.0,0,-999.0,-999.0,-999.0,0,0,-999.0,-999.0,-999.0,-999.0,0,-999.0,-999.0,-999.0,-999.0,-999.0,0,-999.0,-999.0,-999.0,0,0,0.8199470043182373,19.872900009155273,0.1838109940290451,-999.0,1,19.872900009155273,19.872900009155273,19.651100158691406,0.1559389978647232,-999.0,1,19.3523006439209,0.1838109940290451,-999.0,1,16781336,0.03287671937731881
PSO J139.6337+35.8928,-999,-999,-999,151071396336941967,3578835000032744,214022515359719,0,16486947830721,15107,1,2038,90,0.181744147261366,3578835,49831,3,268959744,0,32,-999.0,-999.0,-999.0,-999.0,139.63372272,35.8928151,0.4177500009536743,0.4177500009536743,,,,,56232.65667824,-999.0,-0.6172426560151265,0.5246885596116446,0.58627077277317,130.81923075420107,19.219242639084538,188.0742528741308,44.34379304228809,-999,0,1,0,0,0,0,1,-999.0,-999.0,-999.0,-999.0,0,-999.0,-999.0,-999.0,-999.0,-999.0,0,-999.0,-999.0,-999.0,0,0,-999.0,-999.0,-999.0,-999.0,0,-999.0,-999.0,-999.0,-999.0,-999.0,0,-999.0,-999.0,-999.0,0,0,-999.0,-999.0,-999.0,-999.0,0,-999.0,-999.0,-999.0,-999.0,-999.0,0,-999.0,-999.0,-999.0,0,0,-999.0,-999.0,-999.0,-999.0,0,-999.0,-999.0,-999.0,-999.0,-999.0,0,-999.0,-999.0,-999.0,0,0,0.4217360019683838,20.169700622558594,0.41747599840164185,-999.0,1,20.169700622558594,20.169700622558594,-999.0,-999.0,-999.0,0,20.75480079650879,0.41747599840164185,-999.0,1,4120,0.03550076099915613
PSO J139.6340+35.8961,-999,-999,-999,151071396338795989,3578835000032786,214022515359761,0,16486947817072,15107,1,2038,90,0.17034313284824,3578835,49831,3,268959744,0,32,-999.0,-999.0,-999.0,-999.0,139.63397106,35.89614692,0.28760001063346863,0.28760001063346863,,,,,55249.27078704,-999.0,-0.6172189534109394,0.524663802829907,0.5863178809744465,130.8183000037105,19.222462746235397,188.06963125430462,44.34425918915143,-999,0,1,0,0,0,0,1,-999.0,-999.0,-999.0,-999.0,0,-999.0,-999.0,-999.0,-999.0,-999.0,0,-999.0,-999.0,-999.0,0,0,-999.0,-999.0,-999.0,-999.0,0,-999.0,-999.0,-999.0,-999.0,-999.0,0,-999.0,-999.0,-999.0,0,0,-999.0,-999.0,-999.0,-999.0,0,-999.0,-999.0,-999.0,-999.0,-999.0,0,-999.0,-999.0,-999.0,0,0,-999.0,-999.0,-999.0,-999.0,0,-999.0,-999.0,-999.0,-999.0,-999.0,0,-999.0,-999.0,-999.0,0,0,0.554889976978302,19.749300003051758,0.2872070074081421,-999.0,1,19.749300003051758,19.749300003051758,-999.0,-999.0,-999.0,0,20.81100082397461,0.2872070074081421,-999.0,1,4112,0.034120665932262255
PSO J139.6342+35.8982,-999,-999,-999,151071396340558625,3578835000032819,214022515359794,0,16486947783212,15107,1,2038,90,0.252311608057759,3578835,49831,3,310456320,0,37,-999.0,-999.0,-999.0,-999.0,139.63419558,35.89824778,0.18987999856472015,0.18987999856472015,,,,,55613.29881944,-999.0,-0.617204628721871,0.524647460016123,0.586347583761482,130.81776829081986,19.224510823954976,188.06672320818376,44.34460786395715,-999,0,1,0,1,0,0,0,-999.0,-999.0,-999.0,-999.0,0,-999.0,-999.0,-999.0,-999.0,-999.0,0,-999.0,-999.0,-999.0,0,0,0.99965500831604,22.240699768066406,0.18928900361061096,-999.0,1,22.240699768066406,22.240699768066406,21.616899490356445,0.27911901473999023,-999.0,1,21.374000549316406,0.18928900361061096,-999.0,1,16777488,-999.0,-999.0,-999.0,-999.0,0,-999.0,-999.0,-999.0,-999.0,-999.0,0,-999.0,-999.0,-999.0,0,0,-999.0,-999.0,-999.0,-999.0,0,-999.0,-999.0,-999.0,-999.0,-999.0,0,-999.0,-999.0,-999.0,0,0,-999.0,-999.0,-999.0,-999.0,0,-999.0,-999.0,-999.0,-999.0,-999.0,0,-999.0,-999.0,-999.0,0,0,0.03344397440234767
PSO J139.6344+35.8960,-999,-999,-999,151071396343095790,3578835000032872,214022515359847,0,16486947817167,15107,1,2038,90,0.38098180143254,3578835,49831,3,268959744,0,32,-999.0,-999.0,-999.0,-999.0,139.63437858,35.8959835,0.29256001114845276,0.29256001114845276,,,,,55249.27530093,-999.0,-0.6172239592737028,0.5246604958944796,0.5863155704450065,130.81868667188175,19.22241393344294,188.0698958241981,44.34457524116608,-999,0,1,0,0,0,0,1,-999.0,-999.0,-999.0,-999.0,0,-999.0,-999.0,-999.0,-999.0,-999.0,0,-999.0,-999.0,-999.0,0,0,-999.0,-999.0,-999.0,-999.0,0,-999.0,-999.0,-999.0,-999.0,-999.0,0,-999.0,-999.0,-999.0,0,0,-999.0,-999.0,-999.0,-999.0,0,-999.0,-999.0,-999.0,-999.0,-999.0,0,-999.0,-999.0,-999.0,0,0,-999.0,-999.0,-999.0,-999.0,0,-999.0,-999.0,-999.0,-999.0,-999.0,0,-999.0,-999.0,-999.0,0,0,0.5374000072479248,19.750600814819336,0.2921789884567261,-999.0,1,19.750600814819336,19.750600814819336,-999.0,-999.0,-999.0,0,-999.0,-999.0,-999.0,0,4112,0.03448897098579284
PSO J139.6346+35.8955,-999,-999,-999,151071396345515233,3578835000032930,214022515359905,0,16486947817233,15107,1,2038,90,0.859298484268876,3578835,49831,3,268959744,0,32,-999.0,-999.0,-999.0,-999.0,139.63457743,35.89553969,0.2766599953174591,0.2766599953174591,,,,,55968.38200231,-999.0,-0.6172292404856784,0.5246612951392369,0.5863092955704278,130.81899910317256,19.222045309994172,188.07053238517778,44.34470044661698,-999,0,1,0,0,1,0,0,-999.0,-999.0,-999.0,-999.0,0,-999.0,-999.0,-999.0,-999.0,-999.0,0,-999.0,-999.0,-999.0,0,0,-999.0,-999.0,-999.0,-999.0,0,-999.0,-999.0,-999.0,-999.0,-999.0,0,-999.0,-999.0,-999.0,0,0,0.5134710073471069,21.824499130249023,0.2762500047683716,-999.0,1,21.824499130249023,21.824499130249023,-999.0,-999.0,-999.0,0,25.097900390625,0.2762500047683716,-999.0,1,4120,-999.0,-999.0,-999.0,-999.0,0,-999.0,-999.0,-999.0,-999.0,-999.0,0,-999.0,-999.0,-999.0,0,0,-999.0,-999.0,-999.0,-999.0,0,-999.0,-999.0,-999.0,-999.0,-999.0,0,-999.0,-999.0,-999.0,0,0,0.03482621147007705
PSO J139.6347+35.8941,-999,-999,-999,151071396347053565,3578835000032972,214022515359947,0,16486947816885,15107,1,2038,90,0.542320152318403,3578835,49831,3,276901888,0,33,-999.0,-999.0,-999.0,-999.0,139.63473702,35.89413305,0.018120000138878822,0.018120000138878822,,,,,55275.31780093,-999.0,-0.6172416690516752,0.5246688982775606,0.5862894073463318,130.81960692067167,19.220754593065763,188.07250745914084,44.34471720203557,-999,0,1,1,0,0,0,0,0.9996330142021179,18.89550018310547,0.01016599964350462,-999.0,1,18.89550018310547,18.89550018310547,18.59939956665039,0.013527000322937965,-999.0,1,18.38249969482422,0.01016599964350462,-999.0,1,16777240,-999.0,-999.0,-999.0,-999.0,0,-999.0,-999.0,-999.0,-999.0,-999.0,0,-999.0,-999.0,-999.0,0,0,-999.0,-999.0,-999.0,-999.0,0,-999.0,-999.0,-999.0,-999.0,-999.0,0,-999.0,-999.0,-999.0,0,0,-999.0,-999.0,-999.0,-999.0,0,-999.0,-999.0,-999.0,-999.0,-999.0,0,-999.0,-999.0,-999.0,0,0,-999.0,-999.0,-999.0,-999.0,0,-999.0,-999.0,-999.0,-999.0,-999.0,0,-999.0,-999.0,-999.0,0,0,0.03557764162052004
PSO J139.6348+35.8953,-999,-999,-999,151071396348204969,3578835000032994,214022515359969,0,16486947817267,15107,1,2038,90,0.0325619951193798,3578835,49831,3,277348352,0,33,-999.0,-999.0,-999.0,-999.0,139.63484684,35.89530248,0.1960899978876114,0.1960899978876114,,,,,55248.30731481,-999.0,-0.6172335569756678,0.5246599649670021,0.5863059417266631,130.81929863836575,19.22189070217674,188.0708873454019,44.344899094036485,-999,0,1,0,1,0,0,0,-999.0,-999.0,-999.0,-999.0,0,-999.0,-999.0,-999.0,-999.0,-999.0,0,-999.0,-999.0,-999.0,0,0,0.7607070207595825,21.263500213623047,0.19551299512386322,-999.0,1,21.263500213623047,21.263500213623047,19.87459945678711,0.10139500349760056,-999.0,1,20.62540054321289,0.19551299512386322,-999.0,1,16781336,-999.0,-999.0,-999.0,-999.0,0,-999.0,-999.0,-999.0,-999.0,-999.0,0,-999.0,-999.0,-999.0,0,0,-999.0,-999.0,-999.0,-999.0,0,-999.0,-999.0,-999.0,-999.0,-999.0,0,-999.0,-999.0,-999.0,0,0,-999.0,-999.0,-999.0,-999.0,0,-999.0,-999.0,-999.0,-999.0,-999.0,0,-999.0,-999.0,-999.0,0,0,0.035126364880876094
PSO J139.6350+35.8957,-999,-999,-999,151071396349835456,3578835000033040,214022515360015,0,16486947817140,15107,1,2038,90,0.75434287428329,3578835,49831,3,268959744,0,32,-999.0,-999.0,-999.0,-999.0,139.63500783,35.89572088,0.3490999937057495,0.3490999937057495,,,,,56232.65170139,-999.0,-0.6172317689477237,0.5246554577286705,0.5863118573568021,130.8192872217186,19.222328823941435,188.0703186820165,44.34506243801581,-999,0,1,0,0,0,0,1,-999.0,-999.0,-999.0,-999.0,0,-999.0,-999.0,-999.0,-999.0,-999.0,0,-999.0,-999.0,-999.0,0,0,-999.0,-999.0,-999.0,-999.0,0,-999.0,-999.0,-999.0,-999.0,-999.0,0,-999.0,-999.0,-999.0,0,0,-999.0,-999.0,-999.0,-999.0,0,-999.0,-999.0,-999.0,-999.0,-999.0,0,-999.0,-999.0,-999.0,0,0,-999.0,-999.0,-999.0,-999.0,0,-999.0,-999.0,-999.0,-999.0,-999.0,0,-999.0,-999.0,-999.0,0,0,0.5806789994239807,20.420299530029297,0.3487800061702728,-999.0,1,20.420299530029297,20.420299530029297,-999.0,-999.0,-999.0,0,21.586599349975586,0.3487800061702728,-999.0,1,4120,0.035062081551610454
PSO J139.6355+35.8961,-999,-999,-999,151071396354465950,3578835000033152,214022515360127,0,16486947819124,15107,1,2038,90,0.718071914946727,3578835,49831,3,277348352,0,33,-999.0,-999.0,-999.0,-999.0,139.63547082,35.89612236,0.19822999835014343,0.19822999835014343,,,,,55248.31197917,-999.0,-0.6172328781637839,0.524647809252511,0.5863175337308211,130.81952693588968,19.222829446113373,188.06980085648,44.345468296424166,-999,0,1,0,1,0,0,0,-999.0,-999.0,-999.0,-999.0,0,-999.0,-999.0,-999.0,-999.0,-999.0,0,-999.0,-999.0,-999.0,0,0,0.7293760180473328,21.285600662231445,0.19766299426555634,-999.0,1,21.285600662231445,21.285600662231445,20.436899185180664,0.13813400268554688,-999.0,1,20.76289939880371,0.19766299426555634,-999.0,1,16781336,-999.0,-999.0,-999.0,-999.0,0,-999.0,-999.0,-999.0,-999.0,-999.0,0,-999.0,-999.0,-999.0,0,0,-999.0,-999.0,-999.0,-999.0,0,-999.0,-999.0,-999.0,-999.0,-999.0,0,-999.0,-999.0,-999.0,0,0,-999.0,-999.0,-999.0,-999.0,0,-999.0,-999.0,-999.0,-999.0,-999.0,0,-999.0,-999.0,-999.0,0,0,0.03523263109032821
PSO J139.6355+35.8920,-999,-999,-999,151071396355151053,3578835000033167,214022515360142,0,16486947830848,15107,1,2038,90,0.186565426352029,3578835,49831,3,310456320,0,37,-999.0,-999.0,-999.0,-999.0,139.63554868,35.89204774,0.18725000321865082,0.18725000321865082,,,,,55250.34270833,-999.0,-0.6172653596323906,0.5246739736451249,0.5862599228817627,130.8209752572767,19.218990668508294,188.07548741212548,44.345206382410474,-999,0,1,1,0,0,0,0,0.9994649887084961,21.599300384521484,0.18665100634098053,-999.0,1,21.599300384521484,21.599300384521484,20.598100662231445,0.16294999420642853,-999.0,1,20.651100158691406,0.18665100634098053,-999.0,1,16777496,-999.0,-999.0,-999.0,-999.0,0,-999.0,-999.0,-999.0,-999.0,-999.0,0,-999.0,-999.0,-999.0,0,0,-999.0,-999.0,-999.0,-999.0,0,-999.0,-999.0,-999.0,-999.0,-999.0,0,-999.0,-999.0,-999.0,0,0,-999.0,-999.0,-999.0,-999.0,0,-999.0,-999.0,-999.0,-999.0,-999.0,0,-999.0,-999.0,-999.0,0,0,-999.0,-999.0,-999.0,-999.0,0,-999.0,-999.0,-999.0,-999.0,-999.0,0,-999.0,-999.0,-999.0,0,0,0.0371651042403009
PSO J139.6356+35.8972,-999,-999,-999,151071396355857277,3578835000033198,214022515360173,0,16486947819230,15107,1,2038,90,0.158513526579843,3578835,49831,3,268959744,0,32,-999.0,-999.0,-999.0,-999.0,139.63560995,35.89723787,0.2851699888706207,0.2851699888706207,,,,,56232.65170139,-999.0,-0.617225454322515,0.5246389173221043,0.5863333053540922,130.81926078194232,19.22392210642307,188.06825851472644,44.34566951192205,-999,0,1,0,0,0,0,1,-999.0,-999.0,-999.0,-999.0,0,-999.0,-999.0,-999.0,-999.0,-999.0,0,-999.0,-999.0,-999.0,0,0,-999.0,-999.0,-999.0,-999.0,0,-999.0,-999.0,-999.0,-999.0,-999.0,0,-999.0,-999.0,-999.0,0,0,-999.0,-999.0,-999.0,-999.0,0,-999.0,-999.0,-999.0,-999.0,-999.0,0,-999.0,-999.0,-999.0,0,0,-999.0,-999.0,-999.0,-999.0,0,-999.0,-999.0,-999.0,-999.0,-999.0,0,-999.0,-999.0,-999.0,0,0,0.6638870239257812,20.23189926147461,0.2847760021686554,-999.0,1,20.23189926147461,20.23189926147461,-999.0,-999.0,-999.0,0,21.056800842285156,0.2847760021686554,-999.0,1,4120,0.034887972640454304
PSO J139.6358+35.8934,-999,-999,-999,151071396358132682,3578835000033235,214022515360210,0,16486947830504,15107,1,2038,90,0.407565040893448,3578835,49831,3,268959744,0,32,-999.0,-999.0,-999.0,-999.0,139.63582836,35.89338442,0.18467000126838684,0.18467000126838684,,,,,56759.31069444,-999.0,-0.6172574993667607,0.5246621025096827,0.5862788224604508,130.8207481456137,19.220329346469658,188.07364950555066,44.34553880995431,-999,0,1,0,0,1,0,0,-999.0,-999.0,-999.0,-999.0,0,-999.0,-999.0,-999.0,-999.0,-999.0,0,-999.0,-999.0,-999.0,0,0,-999.0,-999.0,-999.0,-999.0,0,-999.0,-999.0,-999.0,-999.0,-999.0,0,-999.0,-999.0,-999.0,0,0,0.7927759885787964,16.70359992980957,0.1840589940547943,-999.0,1,16.70359992980957,16.70359992980957,17.013599395751953,0.2512210011482239,-999.0,1,17.339000701904297,0.1840589940547943,-999.0,1,4112,-999.0,-999.0,-999.0,-999.0,0,-999.0,-999.0,-999.0,-999.0,-999.0,0,-999.0,-999.0,-999.0,0,0,-999.0,-999.0,-999.0,-999.0,0,-999.0,-999.0,-999.0,-999.0,-999.0,0,-999.0,-999.0,-999.0,0,0,0.03670993551192889
PSO J139.6359+35.8953,-999,-999,-999,151071396359255008,3578835000033269,214022515360244,0,16486947818630,15107,1,2038,90,0.758354780039149,3578835,49831,3,268959744,0,32,-999.0,-999.0,-999.0,-999.0,139.63593742,35.89534841,0.1399500072002411,0.1399500072002411,,,,,55972.33878472,-999.0,-0.6172431852383259,0.5246479119255946,0.5863065911184686,130.8201691477625,19.22221777394335,188.07092177168818,44.345783411884305,-999,0,1,1,0,0,0,0,0.6925079822540283,21.33690071105957,0.13913999497890472,-999.0,1,21.33690071105957,21.33690071105957,-999.0,-999.0,-999.0,0,21.47410011291504,0.13913999497890472,-999.0,1,4112,-999.0,-999.0,-999.0,-999.0,0,-999.0,-999.0,-999.0,-999.0,-999.0,0,-999.0,-999.0,-999.0,0,0,-999.0,-999.0,-999.0,-999.0,0,-999.0,-999.0,-999.0,-999.0,-999.0,0,-999.0,-999.0,-999.0,0,0,-999.0,-999.0,-999.0,-999.0,0,-999.0,-999.0,-999.0,-999.0,-999.0,0,-999.0,-999.0,-999.0,0,0,-999.0,-999.0,-999.0,-999.0,0,-999.0,-999.0,-999.0,-999.0,-999.0,0,-999.0,-999.0,-999.0,0,0,0.035902103799232185
PSO J139.6361+35.8985,-999,-999,-999,151071396360738793,3578835000033306,214022515360281,0,16486947815853,15107,1,2038,90,0.396154580075438,3578835,49831,3,268959744,0,32,-999.0,-999.0,-999.0,-999.0,139.63609817,35.89850057,0.26923999190330505,0.26923999190330505,,,,,56232.65170139,-999.0,-0.6172200789230934,0.5246252891119896,0.5863511577530411,130.81922822232715,19.225244935886284,188.0665424821399,44.34616430965299,-999,0,1,0,0,0,0,1,-999.0,-999.0,-999.0,-999.0,0,-999.0,-999.0,-999.0,-999.0,-999.0,0,-999.0,-999.0,-999.0,0,0,-999.0,-999.0,-999.0,-999.0,0,-999.0,-999.0,-999.0,-999.0,-999.0,0,-999.0,-999.0,-999.0,0,0,-999.0,-999.0,-999.0,-999.0,0,-999.0,-999.0,-999.0,-999.0,-999.0,0,-999.0,-999.0,-999.0,0,0,-999.0,-999.0,-999.0,-999.0,0,-999.0,-999.0,-999.0,-999.0,-999.0,0,-999.0,-999.0,-999.0,0,0,0.685696005821228,20.175100326538086,0.2688229978084564,-999.0,1,20.175100326538086,20.175100326538086,-999.0,-999.0,-999.0,0,20.81089973449707,0.2688229978084564,-999.0,1,4120,0.03478822943362557
PSO J139.6363+35.8971,-999,-999,-999,151071396362767164,3578835000033366,214022515360341,0,16486947819197,15107,1,2038,90,0.270066574467408,3578835,49831,3,277348352,0,33,-999.0,-999.0,-999.0,-999.0,139.63630953,35.8971324,0.16422000527381897,0.16422000527381897,,,,,55248.33142361,-999.0,-0.617232682491103,0.5246320799839229,0.586331814177416,130.81986505258388,19.224004121164118,188.06846865084424,44.346226019321364,-999,0,1,1,0,0,0,0,0.8308799862861633,21.329200744628906,0.16353799402713776,-999.0,1,21.329200744628906,21.329200744628906,20.27359962463379,0.10305999964475632,-999.0,1,20.55769920349121,0.16353799402713776,-999.0,1,16781336,-999.0,-999.0,-999.0,-999.0,0,-999.0,-999.0,-999.0,-999.0,-999.0,0,-999.0,-999.0,-999.0,0,0,-999.0,-999.0,-999.0,-999.0,0,-999.0,-999.0,-999.0,-999.0,-999.0,0,-999.0,-999.0,-999.0,0,0,-999.0,-999.0,-999.0,-999.0,0,-999.0,-999.0,-999.0,-999.0,-999.0,0,-999.0,-999.0,-999.0,0,0,-999.0,-999.0,-999.0,-999.0,0,-999.0,-999.0,-999.0,-999.0,-999.0,0,-999.0,-999.0,-999.0,0,0,0.03545148655286702
PSO J139.6366+35.8962,-999,-999,-999,151071396365456028,3578835000033421,214022515360396,0,16486947819494,15107,1,2038,90,0.394856022107281,3578835,49831,3,310456320,0,37,-999.0,-999.0,-999.0,-999.0,139.63659178,35.89619856,0.1763399988412857,0.1763399988412857,,,,,55248.28778935,-999.0,-0.6172425483415684,0.5246352283307156,0.5863186110905779,130.82041183371047,19.223193086862796,188.0697958057634,44.34637954911826,-999,0,1,0,0,1,0,0,-999.0,-999.0,-999.0,-999.0,0,-999.0,-999.0,-999.0,-999.0,-999.0,0,-999.0,-999.0,-999.0,0,0,-999.0,-999.0,-999.0,-999.0,0,-999.0,-999.0,-999.0,-999.0,-999.0,0,-999.0,-999.0,-999.0,0,0,0.9988629817962646,21.110599517822266,0.17569799721240997,-999.0,1,21.110599517822266,21.110599517822266,19.629199981689453,0.11916200071573257,-999.0,1,20.071399688720703,0.17569799721240997,-999.0,1,16777496,-999.0,-999.0,-999.0,-999.0,0,-999.0,-999.0,-999.0,-999.0,-999.0,0,-999.0,-999.0,-999.0,0,0,-999.0,-999.0,-999.0,-999.0,0,-999.0,-999.0,-999.0,-999.0,-999.0,0,-999.0,-999.0,-999.0,0,0,0.03602977690020068
PSO J139.6367+35.8916,-999,-999,-999,151071396366820500,3578835000033451,214022515360426,0,16486947831758,15107,1,2038,90,0.277904114944771,3578835,49831,3,268959744,0,32,-999.0,-999.0,-999.0,-999.0,139.63669369,35.89158104,0.25648999214172363,0.25648999214172363,,,,,55250.34270833,-999.0,-0.6172794832701045,0.5246647306429117,0.5862533240444727,130.82206426932999,19.218846398125812,188.07624137136114,44.34609381410677,-999,0,1,1,0,0,0,0,0.8056560158729553,21.861099243164062,0.2560490071773529,-999.0,1,21.861099243164062,21.861099243164062,21.279199600219727,0.20388300716876984,-999.0,1,21.42620086669922,0.2560490071773529,-999.0,1,4120,-999.0,-999.0,-999.0,-999.0,0,-999.0,-999.0,-999.0,-999.0,-999.0,0,-999.0,-999.0,-999.0,0,0,-999.0,-999.0,-999.0,-999.0,0,-999.0,-999.0,-999.0,-999.0,-999.0,0,-999.0,-999.0,-999.0,0,0,-999.0,-999.0,-999.0,-999.0,0,-999.0,-999.0,-999.0,-999.0,-999.0,0,-999.0,-999.0,-999.0,0,0,-999.0,-999.0,-999.0,-999.0,0,-999.0,-999.0,-999.0,-999.0,-999.0,0,-999.0,-999.0,-999.0,0,0,0.038201591515903424
PSO J139.6372+35.8990,-999,-999,-999,151071396372129449,3578835000033579,214022515360554,0,16486947816386,15107,1,2038,90,0.650805549370875,3578835,49831,3,268959744,0,32,-999.0,-999.0,-999.0,-999.0,139.63722459,35.89904802,0.2077600061893463,0.2077600061893463,,,,,55972.33878472,-999.0,-0.6172261239168089,0.5246095263015096,0.5863588976628034,130.81995733646687,19.226056306685205,188.06588097188435,44.347117462058286,-999,0,1,1,0,0,0,0,0.5216540098190308,21.640600204467773,0.20721900463104248,-999.0,1,21.640600204467773,21.640600204467773,-999.0,-999.0,-999.0,0,21.5221004486084,0.20721900463104248,-999.0,1,4112,-999.0,-999.0,-999.0,-999.0,0,-999.0,-999.0,-999.0,-999.0,-999.0,0,-999.0,-999.0,-999.0,0,0,-999.0,-999.0,-999.0,-999.0,0,-999.0,-999.0,-999.0,-999.0,-999.0,0,-999.0,-999.0,-999.0,0,0,-999.0,-999.0,-999.0,-999.0,0,-999.0,-999.0,-999.0,-999.0,-999.0,0,-999.0,-999.0,-999.0,0,0,-999.0,-999.0,-999.0,-999.0,0,-999.0,-999.0,-999.0,-999.0,-999.0,0,-999.0,-999.0,-999.0,0,0,0.03545911769637545
PSO J139.5565+35.9167,-999,-999,-999,151101395565400593,3578835000013637,214022515340612,0,16486948607454,15110,1,2038,90,0.931352777342641,3578835,49831,3,302067712,0,36,-999.0,-999.0,-999.0,-999.0,139.55654983,35.9166599,0.1734199970960617,0.1734199970960617,,,,,55275.31780093,-999.0,-0.6163496423023395,0.5253611403809147,0.5866078678397035,130.74842911647485,19.221775426940223,188.03405467478842,44.283388495625296,-999,0,1,1,0,0,0,0,0.9697380065917969,22.101600646972656,0.17276999354362488,-999.0,1,22.101600646972656,22.101600646972656,-999.0,-999.0,-999.0,1,22.596399307250977,0.17276999354362488,-999.0,1,280,-999.0,-999.0,-999.0,-999.0,0,-999.0,-999.0,-999.0,-999.0,-999.0,0,-999.0,-999.0,-999.0,0,0,-999.0,-999.0,-999.0,-999.0,0,-999.0,-999.0,-999.0,-999.0,-999.0,0,-999.0,-999.0,-999.0,0,0,-999.0,-999.0,-999.0,-999.0,0,-999.0,-999.0,-999.0,-999.0,-999.0,0,-999.0,-999.0,-999.0,0,0,-999.0,-999.0,-999.0,-999.0,0,-999.0,-999.0,-999.0,-999.0,-999.0,0,-999.0,-999.0,-999.0,0,0,0.03241308778551851
PSO J139.5571+35.9173,-999,-999,-999,151101395571271355,3578835000013808,214022515340783,0,16486948607326,15110,1,2038,90,0.833406064504204,3578835,49831,3,276901888,0,33,-999.0,-999.0,-999.0,-999.0,139.55714145,35.91729293,0.04349999874830246,0.04349999874830246,,,,,55249.25519676,-999.0,-0.6163501344905028,0.5253505718403042,0.5866168156306162,130.7486948214294,19.222528653176248,188.03322682654706,44.28391675927116,-999,0,1,0,0,0,1,0,-999.0,-999.0,-999.0,-999.0,0,-999.0,-999.0,-999.0,-999.0,-999.0,0,-999.0,-999.0,-999.0,0,0,-999.0,-999.0,-999.0,-999.0,0,-999.0,-999.0,-999.0,-999.0,-999.0,0,-999.0,-999.0,-999.0,0,0,-999.0,-999.0,-999.0,-999.0,0,-999.0,-999.0,-999.0,-999.0,-999.0,0,-999.0,-999.0,-999.0,0,0,0.9974169731140137,18.91469955444336,0.04083099961280823,-999.0,1,18.91469955444336,18.91469955444336,18.88759994506836,0.06376100331544876,-999.0,1,18.681900024414062,0.04083099961280823,-999.0,1,16777240,-999.0,-999.0,-999.0,-999.0,0,-999.0,-999.0,-999.0,-999.0,-999.0,0,-999.0,-999.0,-999.0,0,0,0.03206512040513517
PSO J139.5584+35.9169,-999,-999,-999,151101395584240939,3578835000014172,214022515341147,0,16486948609204,15110,1,2038,90,0.439592167213179,3578835,49831,3,436527104,7,52,139.55830801,35.91688116,0.0010000000474974513,0.0010000000474974513,139.55836771748096,35.9168959660911,0.03585761725980215,0.03585761725980215,-22.993696762066936,-40.129212105157606,20.639099024159652,20.639099024159652,56485.43089613717,5.43083381652832,-0.6163644712852188,0.5253400167167871,0.5866112046094061,130.7498260259414,19.222477494878284,188.0338823978544,44.28487763334367,-999,4,9,0,4,4,1,0,-999.0,-999.0,-999.0,-999.0,0,-999.0,-999.0,-999.0,-999.0,-999.0,0,-999.0,-999.0,-999.0,0,114720,0.9983220100402832,21.757600784301758,0.11806199699640274,0.1475059986114502,3,21.61370086669922,21.87299919128418,21.69809913635254,0.06830400228500366,0.13307799398899078,3,21.59830093383789,0.07447099685668945,0.4584270119667053,3,115000,0.9994919896125793,21.823400497436523,0.18917100131511688,0.2833229899406433,4,21.469900131225586,22.069599151611328,21.66900062561035,0.12339799851179123,0.42042601108551025,4,21.50429916381836,0.13877399265766144,0.3147589862346649,4,115000,0.8246369957923889,21.30150032043457,0.2381809949874878,-999.0,1,21.30150032043457,21.30150032043457,-999.0,-999.0,-999.0,0,21.222200393676758,0.2381809949874878,-999.0,1,118840,-999.0,-999.0,-999.0,-999.0,0,-999.0,-999.0,-999.0,-999.0,-999.0,0,-999.0,-999.0,-999.0,0,16416,0.03101249569754317
PSO J139.5590+35.9244,-999,-999,-999,151101395589679856,3578835000014325,214022515341300,0,16486948661176,15110,1,2038,90,0.154688093024016,3578835,49831,3,268959744,0,32,-999.0,-999.0,-999.0,-999.0,139.55896926,35.92438811,0.20857000350952148,0.20857000350952148,,,,,56759.29760417,-999.0,-0.6163116019277413,0.5252837840298157,0.5867171001126347,130.74777051466688,19.229723853431075,188.02351271882705,44.28595957764768,-999,0,1,0,0,1,0,0,-999.0,-999.0,-999.0,-999.0,0,-999.0,-999.0,-999.0,-999.0,-999.0,0,-999.0,-999.0,-999.0,0,0,-999.0,-999.0,-999.0,-999.0,0,-999.0,-999.0,-999.0,-999.0,-999.0,0,-999.0,-999.0,-999.0,0,0,0.5410779714584351,19.83650016784668,0.20802900195121765,-999.0,1,19.83650016784668,19.83650016784668,-999.0,-999.0,-999.0,0,21.858400344848633,0.20802900195121765,-999.0,1,4112,-999.0,-999.0,-999.0,-999.0,0,-999.0,-999.0,-999.0,-999.0,-999.0,0,-999.0,-999.0,-999.0,0,0,-999.0,-999.0,-999.0,-999.0,0,-999.0,-999.0,-999.0,-999.0,-999.0,0,-999.0,-999.0,-999.0,0,0,0.03287147809071294
PSO J139.5601+35.9191,-999,-999,-999,151101395600753561,3578835000014622,214022515341597,0,16486948606219,15110,1,2038,90,0.420789907146981,3578835,49831,3,268959744,0,32,-999.0,-999.0,-999.0,-999.0,139.56008902,35.91913503,0.323529988527298,0.323529988527298,,,,,55249.24679398,-999.0,-0.6163628057057887,0.5253066292248125,0.5866428530502638,130.75046395585298,19.22503884739007,188.03092862163854,44.2864435836019,-999,0,1,0,0,0,1,0,-999.0,-999.0,-999.0,-999.0,0,-999.0,-999.0,-999.0,-999.0,-999.0,0,-999.0,-999.0,-999.0,0,0,-999.0,-999.0,-999.0,-999.0,0,-999.0,-999.0,-999.0,-999.0,-999.0,0,-999.0,-999.0,-999.0,0,0,-999.0,-999.0,-999.0,-999.0,0,-999.0,-999.0,-999.0,-999.0,-999.0,0,-999.0,-999.0,-999.0,0,0,0.6674649715423584,21.03860092163086,0.323186993598938,-999.0,1,21.03860092163086,21.03860092163086,-999.0,-999.0,-999.0,0,22.32830047607422,0.323186993598938,-999.0,1,4120,-999.0,-999.0,-999.0,-999.0,0,-999.0,-999.0,-999.0,-999.0,-999.0,0,-999.0,-999.0,-999.0,0,0,0.03019068345059414
PSO J139.5605+35.9215,-999,-999,-999,151101395604376426,3578835000014716,214022515341691,0,16486948663066,15110,1,2038,90,0.246392936675244,3578835,49831,3,268959744,0,32,-999.0,-999.0,-999.0,-999.0,139.56046664,35.92151475,0.20994000136852264,0.20994000136852264,,,,,56042.24768519,-999.0,-0.6163477228726211,0.5252867618644966,0.5866764886371759,130.74996265974414,19.227390982375592,188.0276491130433,44.28693867414146,-999,0,1,0,0,0,1,0,-999.0,-999.0,-999.0,-999.0,0,-999.0,-999.0,-999.0,-999.0,-999.0,0,-999.0,-999.0,-999.0,0,0,-999.0,-999.0,-999.0,-999.0,0,-999.0,-999.0,-999.0,-999.0,-999.0,0,-999.0,-999.0,-999.0,0,0,-999.0,-999.0,-999.0,-999.0,0,-999.0,-999.0,-999.0,-999.0,-999.0,0,-999.0,-999.0,-999.0,0,0,0.8354989886283875,21.021499633789062,0.2094009965658188,-999.0,1,21.021499633789062,21.021499633789062,-999.0,-999.0,-999.0,0,21.34079933166504,0.2094009965658188,-999.0,1,4120,-999.0,-999.0,-999.0,-999.0,0,-999.0,-999.0,-999.0,-999.0,-999.0,0,-999.0,-999.0,-999.0,0,0,0.03064926280002315
PSO J139.5607+35.9200,-999,-999,-999,151101395606624575,3578835000014763,214022515341738,0,16486948659933,15110,1,2038,90,0.855829558200976,3578835,49831,3,268959744,0,32,-999.0,-999.0,-999.0,-999.0,139.56067992,35.91997689,0.41508999466896057,0.41508999466896057,,,,,55249.26255787,-999.0,-0.6163616627934926,0.5252946814096401,0.5866547522360879,130.75065813495584,19.225989692905987,188.02980982009427,44.28698790395608,-999,0,1,0,0,0,0,1,-999.0,-999.0,-999.0,-999.0,0,-999.0,-999.0,-999.0,-999.0,-999.0,0,-999.0,-999.0,-999.0,0,0,-999.0,-999.0,-999.0,-999.0,0,-999.0,-999.0,-999.0,-999.0,-999.0,0,-999.0,-999.0,-999.0,0,0,-999.0,-999.0,-999.0,-999.0,0,-999.0,-999.0,-999.0,-999.0,-999.0,0,-999.0,-999.0,-999.0,0,0,-999.0,-999.0,-999.0,-999.0,0,-999.0,-999.0,-999.0,-999.0,-999.0,0,-999.0,-999.0,-999.0,0,0,0.6289179921150208,19.94610023498535,0.41482099890708923,-999.0,1,19.94610023498535,19.94610023498535,-999.0,-999.0,-999.0,0,-999.0,-999.0,-999.0,0,4112,0.02997941046838937
PSO J139.5610+35.9191,-999,-999,-999,151101395610193566,3578835000014857,214022515341832,0,16486948659808,15110,1,2038,90,0.480198104381746,3578835,49831,3,268959744,0,32,-999.0,-999.0,-999.0,-999.0,139.56103117,35.91913907,0.46691998839378357,0.46691998839378357,,,,,55249.26707176,-999.0,-0.61637141208206,0.5252964670874449,0.5866429101535414,130.75122798345987,19.22528731029063,188.03100823059748,44.28720445928376,-999,0,1,0,0,0,0,1,-999.0,-999.0,-999.0,-999.0,0,-999.0,-999.0,-999.0,-999.0,-999.0,0,-999.0,-999.0,-999.0,0,0,-999.0,-999.0,-999.0,-999.0,0,-999.0,-999.0,-999.0,-999.0,-999.0,0,-999.0,-999.0,-999.0,0,0,-999.0,-999.0,-999.0,-999.0,0,-999.0,-999.0,-999.0,-999.0,-999.0,0,-999.0,-999.0,-999.0,0,0,-999.0,-999.0,-999.0,-999.0,0,-999.0,-999.0,-999.0,-999.0,-999.0,0,-999.0,-999.0,-999.0,0,0,0.5608109831809998,20.19849967956543,0.4666759967803955,-999.0,1,20.19849967956543,20.19849967956543,-999.0,-999.0,-999.0,0,-999.0,-999.0,-999.0,0,4112,0.029459578376892667
PSO J139.5625+35.9170,-999,-999,-999,151101395625210972,3578835000015275,214022515342250,0,16486948606549,15110,1,2038,90,0.909023186107188,3578835,49831,3,268959744,0,32,-999.0,-999.0,-999.0,-999.0,139.56253568,35.91698747,0.2252199947834015,0.2252199947834015,,,,,55521.6127662,-999.0,-0.6164019722936601,0.5252945704429436,0.5866124980049857,130.75318086138964,19.223639973030203,188.03414041874143,44.28824691940962,-999,0,1,0,0,0,0,1,-999.0,-999.0,-999.0,-999.0,0,-999.0,-999.0,-999.0,-999.0,-999.0,0,-999.0,-999.0,-999.0,0,0,-999.0,-999.0,-999.0,-999.0,0,-999.0,-999.0,-999.0,-999.0,-999.0,0,-999.0,-999.0,-999.0,0,0,-999.0,-999.0,-999.0,-999.0,0,-999.0,-999.0,-999.0,-999.0,-999.0,0,-999.0,-999.0,-999.0,0,0,-999.0,-999.0,-999.0,-999.0,0,-999.0,-999.0,-999.0,-999.0,-999.0,0,-999.0,-999.0,-999.0,0,0,0.6931220293045044,19.930500030517578,0.2247229963541031,-999.0,1,19.930500030517578,19.930500030517578,18.786399841308594,0.11970099806785583,-999.0,1,19.821699142456055,0.2247229963541031,-999.0,1,4120,0.027732311719206412
PSO J139.5628+35.9187,-999,-999,-999,151101395627783051,3578835000015346,214022515342321,0,16486948606079,15110,1,2038,90,0.353525167660345,3578835,49831,3,268959744,0,32,-999.0,-999.0,-999.0,-999.0,139.56279277,35.91871573,0.5272700190544128,0.5272700190544128,,,,,55275.32704861,-999.0,-0.6163908614661741,0.5252803274702508,0.5866369264491743,130.75280285648836,19.225343744333472,188.03175708042338,44.28859266942857,-999,0,1,1,0,0,0,0,0.4508109986782074,22.688499450683594,-999.0,-999.0,1,22.688499450683594,22.688499450683594,-999.0,-999.0,-999.0,0,-999.0,-999.0,-999.0,0,4120,-999.0,-999.0,-999.0,-999.0,0,-999.0,-999.0,-999.0,-999.0,-999.0,0,-999.0,-999.0,-999.0,0,0,-999.0,-999.0,-999.0,-999.0,0,-999.0,-999.0,-999.0,-999.0,-999.0,0,-999.0,-999.0,-999.0,0,0,-999.0,-999.0,-999.0,-999.0,0,-999.0,-999.0,-999.0,-999.0,-999.0,0,-999.0,-999.0,-999.0,0,0,-999.0,-999.0,-999.0,-999.0,0,-999.0,-999.0,-999.0,-999.0,-999.0,0,-999.0,-999.0,-999.0,0,0,0.02797146403490967
PSO J139.5634+35.9227,-999,-999,-999,151101395633407827,3578835000015480,214022515342455,0,16486948626990,15110,1,2038,90,0.180863502603828,3578835,49831,3,268959744,0,32,-999.0,-999.0,-999.0,-999.0,139.56335815,35.92269027,0.33886000514030457,0.33886000514030457,,,,,55249.28607639,-999.0,-0.6163650698855262,0.5252478491920677,0.5866931033718713,130.75191247322613,19.22925524018616,188.02627358380195,44.289366706738335,-999,0,1,0,0,1,0,0,-999.0,-999.0,-999.0,-999.0,0,-999.0,-999.0,-999.0,-999.0,-999.0,0,-999.0,-999.0,-999.0,0,0,-999.0,-999.0,-999.0,-999.0,0,-999.0,-999.0,-999.0,-999.0,-999.0,0,-999.0,-999.0,-999.0,0,0,0.77947998046875,21.263700485229492,0.33852601051330566,-999.0,1,21.263700485229492,21.263700485229492,-999.0,-999.0,-999.0,0,24.135400772094727,0.33852601051330566,-999.0,1,4120,-999.0,-999.0,-999.0,-999.0,0,-999.0,-999.0,-999.0,-999.0,-999.0,0,-999.0,-999.0,-999.0,0,0,-999.0,-999.0,-999.0,-999.0,0,-999.0,-999.0,-999.0,-999.0,-999.0,0,-999.0,-999.0,-999.0,0,0,0.028933361430993475
PSO J139.5634+35.9213,-999,-999,-999,151101395634336214,3578835000015502,214022515342477,0,16486948627060,15110,1,2038,90,0.393203772970665,3578835,49831,3,302067712,0,36,-999.0,-999.0,-999.0,-999.0,139.56343246,35.92134448,0.26965999603271484,0.26965999603271484,,,,,55250.24451389,-999.0,-0.616376239629866,0.5252559877755624,0.5866740820299328,130.75242985939317,19.22799980475787,188.02815435116685,44.289319171795064,-999,0,2,0,0,0,1,1,-999.0,-999.0,-999.0,-999.0,0,-999.0,-999.0,-999.0,-999.0,-999.0,0,-999.0,-999.0,-999.0,0,0,-999.0,-999.0,-999.0,-999.0,0,-999.0,-999.0,-999.0,-999.0,-999.0,0,-999.0,-999.0,-999.0,0,0,-999.0,-999.0,-999.0,-999.0,0,-999.0,-999.0,-999.0,-999.0,-999.0,0,-999.0,-999.0,-999.0,0,0,0.8712090253829956,20.908199310302734,0.26924198865890503,-999.0,1,20.908199310302734,20.908199310302734,-999.0,-999.0,-999.0,0,-999.0,-999.0,-999.0,0,280,0.5735920071601868,19.64739990234375,0.1834159940481186,-999.0,1,19.64739990234375,19.64739990234375,-999.0,-999.0,-999.0,0,19.98040008544922,0.1834159940481186,-999.0,1,4120,0.028348820453948136
PSO J139.5643+35.9175,-999,-999,-999,151101395642571577,3578835000015713,214022515342688,0,16486948577394,15110,1,2038,90,0.832546014182778,3578835,49831,3,310456320,0,37,-999.0,-999.0,-999.0,-999.0,139.56427373,35.91747719,0.11138000339269638,0.11138000339269638,,,,,56324.5365162,-999.0,-0.616414090380749,0.5252726198212339,0.5866194201066065,130.75442657089854,19.224555161357817,188.03361573846726,44.289689162177,-999,0,1,0,0,1,0,0,-999.0,-999.0,-999.0,-999.0,0,-999.0,-999.0,-999.0,-999.0,-999.0,0,-999.0,-999.0,-999.0,0,0,-999.0,-999.0,-999.0,-999.0,0,-999.0,-999.0,-999.0,-999.0,-999.0,0,-999.0,-999.0,-999.0,0,0,0.9977399706840515,21.095199584960938,0.11036799848079681,-999.0,1,21.095199584960938,21.095199584960938,20.191200256347656,0.1166590005159378,-999.0,1,20.320899963378906,0.11036799848079681,-999.0,1,16777496,-999.0,-999.0,-999.0,-999.0,0,-999.0,-999.0,-999.0,-999.0,-999.0,0,-999.0,-999.0,-999.0,0,0,-999.0,-999.0,-999.0,-999.0,0,-999.0,-999.0,-999.0,-999.0,-999.0,0,-999.0,-999.0,-999.0,0,0,0.026482700839371077
PSO J139.5646+35.9234,-999,-999,-999,151101395645488618,3578835000015798,214022515342773,0,16486948629849,15110,1,2038,90,0.570050832415047,3578835,49831,3,302067712,0,36,-999.0,-999.0,-999.0,-999.0,139.56455782,35.92335216,0.18870000541210175,0.18870000541210175,,,,,55521.6127662,-999.0,-0.6163709087864566,0.5252305476005541,0.5867024583798671,130.75266227463294,19.230193692969543,188.02546027407203,44.290387969041426,-999,0,1,0,0,0,0,1,-999.0,-999.0,-999.0,-999.0,0,-999.0,-999.0,-999.0,-999.0,-999.0,0,-999.0,-999.0,-999.0,0,0,-999.0,-999.0,-999.0,-999.0,0,-999.0,-999.0,-999.0,-999.0,-999.0,0,-999.0,-999.0,-999.0,0,0,-999.0,-999.0,-999.0,-999.0,0,-999.0,-999.0,-999.0,-999.0,-999.0,0,-999.0,-999.0,-999.0,0,0,-999.0,-999.0,-999.0,-999.0,0,-999.0,-999.0,-999.0,-999.0,-999.0,0,-999.0,-999.0,-999.0,0,0,0.9800860285758972,19.99720001220703,0.18810099363327026,-999.0,1,19.99720001220703,19.99720001220703,-999.0,-999.0,-999.0,1,20.569299697875977,0.18810099363327026,-999.0,1,280,0.028339215543080436
PSO J139.5647+35.9193,-999,-999,-999,151101395646553754,3578835000015829,214022515342804,0,16486948626441,15110,1,2038,90,0.48012690849614,3578835,49831,3,268959744,0,32,-999.0,-999.0,-999.0,-999.0,139.56466966,35.91930535,0.06939999759197235,0.06939999759197235,,,,,55521.6127662,-999.0,-0.6164034732187437,0.5252562199700017,0.5866452604314593,130.75412741149842,19.226389606795884,188.03110576999725,44.29015493365455,-999,0,1,0,0,0,0,1,-999.0,-999.0,-999.0,-999.0,0,-999.0,-999.0,-999.0,-999.0,-999.0,0,-999.0,-999.0,-999.0,0,0,-999.0,-999.0,-999.0,-999.0,0,-999.0,-999.0,-999.0,-999.0,-999.0,0,-999.0,-999.0,-999.0,0,0,-999.0,-999.0,-999.0,-999.0,0,-999.0,-999.0,-999.0,-999.0,-999.0,0,-999.0,-999.0,-999.0,0,0,-999.0,-999.0,-999.0,-999.0,0,-999.0,-999.0,-999.0,-999.0,-999.0,0,-999.0,-999.0,-999.0,0,0,0.740464985370636,18.614099502563477,0.06776200234889984,-999.0,1,18.614099502563477,18.614099502563477,-999.0,-999.0,-999.0,0,18.461999893188477,0.06776200234889984,-999.0,1,4120,0.026700814430758214
PSO J139.5647+35.9179,-999,-999,-999,151101395647052064,3578835000015839,214022515342814,0,16486948577523,15110,1,2038,90,0.0875368277426221,3578835,49831,3,310456320,0,37,-999.0,-999.0,-999.0,-999.0,139.56472228,35.91788586,0.18919000029563904,0.18919000029563904,,,,,56324.54923611,-999.0,-0.6164150178192868,0.525265080298594,0.5866251965486651,130.7546521984196,19.225058731545495,188.03308722809794,44.29008393811268,-999,0,1,0,0,1,0,0,-999.0,-999.0,-999.0,-999.0,0,-999.0,-999.0,-999.0,-999.0,-999.0,0,-999.0,-999.0,-999.0,0,0,-999.0,-999.0,-999.0,-999.0,0,-999.0,-999.0,-999.0,-999.0,-999.0,0,-999.0,-999.0,-999.0,0,0,0.9996820092201233,21.097400665283203,0.18859200179576874,-999.0,1,21.097400665283203,21.097400665283203,20.738500595092773,0.2556540071964264,-999.0,1,20.56439971923828,0.18859200179576874,-999.0,1,16777496,-999.0,-999.0,-999.0,-999.0,0,-999.0,-999.0,-999.0,-999.0,-999.0,0,-999.0,-999.0,-999.0,0,0,-999.0,-999.0,-999.0,-999.0,0,-999.0,-999.0,-999.0,-999.0,-999.0,0,-999.0,-999.0,-999.0,0,0,0.026239615836972388
PSO J139.5672+35.9183,-999,-999,-999,151101395671582509,3578835000016424,214022515343399,0,16486948586330,15110,1,2038,90,0.964801709134878,3578835,49831,3,310456320,0,37,-999.0,-999.0,-999.0,-999.0,139.56716945,35.91826162,0.16695000231266022,0.16695000231266022,,,,,55521.6127662,-999.0,-0.6164345235449441,0.5252362568517638,0.5866305077902665,130.7565126788047,19.22605013697509,188.03278528169903,44.292089490008294,-999,0,1,0,0,0,0,1,-999.0,-999.0,-999.0,-999.0,0,-999.0,-999.0,-999.0,-999.0,-999.0,0,-999.0,-999.0,-999.0,0,0,-999.0,-999.0,-999.0,-999.0,0,-999.0,-999.0,-999.0,-999.0,-999.0,0,-999.0,-999.0,-999.0,0,0,-999.0,-999.0,-999.0,-999.0,0,-999.0,-999.0,-999.0,-999.0,-999.0,0,-999.0,-999.0,-999.0,0,0,-999.0,-999.0,-999.0,-999.0,0,-999.0,-999.0,-999.0,-999.0,-999.0,0,-999.0,-999.0,-999.0,0,0,0.9973599910736084,19.868799209594727,0.16627299785614014,-999.0,1,19.868799209594727,19.868799209594727,18.382699966430664,0.11440800130367279,-999.0,1,19.177499771118164,0.16627299785614014,-999.0,1,16777496,0.02445108809015781
PSO J139.5681+35.9203,-999,-999,-999,151101395680795025,3578835000016642,214022515343617,0,16486948557629,15110,1,2038,90,0.240837302283232,3578835,49831,3,268513280,0,32,-999.0,-999.0,-999.0,-999.0,139.56808935,35.9203498,0.0195700004696846,0.0195700004696846,,,,,57049.45013889,-999.0,-0.6164266818201874,0.5252124934630532,0.5866600230546443,130.75655084049197,19.22826693327717,188.0299604343147,44.29299893120106,-999,0,1,0,0,1,0,0,-999.0,-999.0,-999.0,-999.0,0,-999.0,-999.0,-999.0,-999.0,-999.0,0,-999.0,-999.0,-999.0,0,0,-999.0,-999.0,-999.0,-999.0,0,-999.0,-999.0,-999.0,-999.0,-999.0,0,-999.0,-999.0,-999.0,0,0,0.9961450099945068,18.934099197387695,0.0125749995931983,-999.0,1,18.934099197387695,18.934099197387695,19.22879981994629,0.024702999740839005,-999.0,1,19.131399154663086,0.0125749995931983,-999.0,1,24,-999.0,-999.0,-999.0,-999.0,0,-999.0,-999.0,-999.0,-999.0,-999.0,0,-999.0,-999.0,-999.0,0,0,-999.0,-999.0,-999.0,-999.0,0,-999.0,-999.0,-999.0,-999.0,-999.0,0,-999.0,-999.0,-999.0,0,0,0.024483827447464822
PSO J139.5683+35.9210,-999,-999,-999,151101395682665839,3578835000016681,214022515343656,0,16486948557501,15110,1,2038,90,0.115122073437201,3578835,49831,3,268959744,0,32,-999.0,-999.0,-999.0,-999.0,139.56826819,35.92102945,0.1338600069284439,0.1338600069284439,,,,,57035.5824537,-999.0,-0.6164230240691663,0.5252060561169607,0.586669629361783,130.75646530797442,19.22895713435711,188.02903010157522,44.2931975837998,-999,0,1,0,0,1,0,0,-999.0,-999.0,-999.0,-999.0,0,-999.0,-999.0,-999.0,-999.0,-999.0,0,-999.0,-999.0,-999.0,0,0,-999.0,-999.0,-999.0,-999.0,0,-999.0,-999.0,-999.0,-999.0,-999.0,0,-999.0,-999.0,-999.0,0,0,0.5665119886398315,21.214099884033203,0.13301299512386322,-999.0,1,21.214099884033203,21.214099884033203,-999.0,-999.0,-999.0,0,22.082700729370117,0.13301299512386322,-999.0,1,4120,-999.0,-999.0,-999.0,-999.0,0,-999.0,-999.0,-999.0,-999.0,-999.0,0,-999.0,-999.0,-999.0,0,0,-999.0,-999.0,-999.0,-999.0,0,-999.0,-999.0,-999.0,-999.0,-999.0,0,-999.0,-999.0,-999.0,0,0,0.024626426369409482
PSO J139.5682+35.9213,-999,-999,-999,151101395682666209,3578835000016683,214022515343658,0,16486948557469,15110,1,2038,90,0.179152420888797,3578835,49831,3,436527104,7,52,139.56823417,35.92133615,0.0010000000474974513,0.0010000000474974513,139.56824695087724,35.92133872174988,0.0011906994187447994,0.0011861813078477986,0.6711634598577974,-13.335858528001381,0.6374940577239318,0.6318092979331797,56072.16899199807,2.6007583141326904,-0.6164204189206912,0.5252042308549375,0.586674000642361,130.7563468044362,19.229234353579738,188.02861255267993,44.2932043871396,-999,5,131,28,26,36,18,23,0.9997289776802063,20.201900482177734,0.012489000335335732,0.05253000184893608,23,20.099000930786133,20.325199127197266,20.292200088500977,0.017249999567866325,0.10493200272321701,23,20.1924991607666,0.025072000920772552,0.10995300114154816,23,115000,0.9997119903564453,19.10540008544922,0.007315000053495169,0.03703000023961067,25,19.040199279785156,19.17020034790039,19.210399627685547,0.010923000052571297,0.05925700068473816,25,19.11590003967285,0.007796000223606825,0.03877900168299675,25,115000,0.9996280074119568,18.49799919128418,0.00417400011792779,0.03116700053215027,34,18.408300399780273,18.584299087524414,18.601699829101562,0.007034999784082174,0.06411299854516983,35,18.512100219726562,0.004341000225394964,0.04892199859023094,35,115000,0.9996010065078735,18.224199295043945,0.004966000095009804,0.0323759987950325,17,18.176599502563477,18.311100006103516,18.324199676513672,0.011165999807417393,0.04648299887776375,18,18.232200622558594,0.01083999965339899,0.043768998235464096,18,115000,0.9991329908370972,18.066299438476562,0.006626000162214041,0.04735599830746651,21,17.98430061340332,18.144500732421875,18.147199630737305,0.018470000475645065,0.15897400677204132,21,18.064699172973633,0.015169000253081322,0.14217500388622284,21,115000,0.024772626309375833
PSO J139.5685+35.9189,-999,-999,-999,151101395684173223,3578835000016719,214022515343694,0,16486948557202,15110,1,2038,90,0.25456271903083,3578835,49831,3,436527104,7,52,139.56848088,35.91887105,0.0010000000474974513,0.0010000000474974513,139.56849523405583,35.918874919861196,0.0023607908041740925,0.0023655837063461843,-3.658381291372689,-8.794804764709562,1.323643711402239,1.3136959209126697,56087.47271174042,2.4228999614715576,-0.6164418972132055,0.5252179204173048,0.5866391765239563,130.7573805620699,19.22696873056739,188.03205908118818,44.29320535827559,-999,5,134,22,28,41,18,25,0.9997770190238953,21.643600463867188,0.03233499825000763,0.12822900712490082,22,21.452899932861328,21.933000564575195,21.61090087890625,0.06141600012779236,0.505420982837677,22,21.71109962463379,0.09152500331401825,0.38618698716163635,22,115000,0.9991850256919861,20.536300659179688,0.013202999718487263,0.06808599829673767,28,20.35650062561035,20.661699295043945,20.6653995513916,0.03609799966216087,0.1740889996290207,28,20.535499572753906,0.02761399932205677,0.14457400143146515,28,115000,0.9996730089187622,19.429899215698242,0.00684100016951561,0.05399100109934807,38,19.317100524902344,19.560800552368164,19.50589942932129,0.014448000118136406,0.1058029979467392,38,19.40489959716797,0.011181999929249287,0.08942999690771103,38,115000,0.999692976474762,18.91710090637207,0.010218000039458275,0.04738900065422058,17,18.8341007232666,19.031600952148438,19.05190086364746,0.01866300031542778,0.10481499880552292,18,18.9424991607666,0.016287999227643013,0.08639500290155411,18,115000,0.9997159838676453,18.67329978942871,0.015011999756097794,0.13098299503326416,25,18.481599807739258,19.063899993896484,18.77359962463379,0.06153300032019615,0.3225019872188568,25,18.66200065612793,0.056432001292705536,0.21156899631023407,25,115000,0.023635260243062457
PSO J139.5687+35.9228,-999,-999,-999,151101395687108003,3578835000016796,214022515343771,0,16486948559337,15110,1,2038,90,0.0566575360080763,3578835,49831,3,436285440,0,52,139.56856678,35.9228721,0.0010000000474974513,0.0010000000474974513,139.56872734,35.92283113,0.186489999294281,0.186489999294281,,,,,56614.57135417,-999.0,-0.6164131902681752,0.5251891518600011,0.5866950942627552,130.75622642088356,19.23078290268303,188.02656250565866,44.29371208573656,-999,2,1,0,0,0,1,0,-999.0,-999.0,-999.0,-999.0,0,-999.0,-999.0,-999.0,-999.0,-999.0,0,-999.0,-999.0,-999.0,0,16416,-999.0,-999.0,-999.0,-999.0,0,-999.0,-999.0,-999.0,-999.0,-999.0,0,-999.0,-999.0,-999.0,0,16416,-999.0,-999.0,-999.0,-999.0,0,-999.0,-999.0,-999.0,-999.0,-999.0,0,-999.0,-999.0,-999.0,0,114720,0.9993159770965576,21.503799438476562,0.18588300049304962,-999.0,1,21.503799438476562,21.503799438476562,-999.0,-999.0,-999.0,1,21.643800735473633,0.18588300049304962,-999.0,1,115000,-999.0,-999.0,-999.0,-999.0,0,-999.0,-999.0,-999.0,-999.0,-999.0,0,-999.0,-999.0,-999.0,0,16416,0.025104414605225875
PSO J139.5691+35.9245,-999,-999,-999,151101395690599986,3578835000016873,214022515343848,0,16486948627587,15110,1,2038,90,0.420522583108882,3578835,49831,3,268959744,0,32,-999.0,-999.0,-999.0,-999.0,139.56906939,35.92449057,0.40689998865127563,0.40689998865127563,,,,,57033.56925926,-999.0,-0.6164033910079658,0.5251744516941776,0.5867185482338195,130.75594069324472,19.232443529974663,188.0242823813301,44.29412064325387,-999,0,1,0,0,1,0,0,-999.0,-999.0,-999.0,-999.0,0,-999.0,-999.0,-999.0,-999.0,-999.0,0,-999.0,-999.0,-999.0,0,0,-999.0,-999.0,-999.0,-999.0,0,-999.0,-999.0,-999.0,-999.0,-999.0,0,-999.0,-999.0,-999.0,0,0,0.471329003572464,22.168100357055664,0.4066230058670044,-999.0,1,22.168100357055664,22.168100357055664,-999.0,-999.0,-999.0,0,23.09589958190918,0.4066230058670044,-999.0,1,4120,-999.0,-999.0,-999.0,-999.0,0,-999.0,-999.0,-999.0,-999.0,-999.0,0,-999.0,-999.0,-999.0,0,0,-999.0,-999.0,-999.0,-999.0,0,-999.0,-999.0,-999.0,-999.0,-999.0,0,-999.0,-999.0,-999.0,0,0,0.02570906114273898
PSO J139.5696+35.9244,-999,-999,-999,151101395696089930,3578835000016999,214022515343974,0,16486948558970,15110,1,2038,90,0.054548137872059,3578835,49831,3,302067712,0,36,-999.0,-999.0,-999.0,-999.0,139.56962286,35.92444016,0.1910800039768219,0.1910800039768219,,,,,56408.27100694,-999.0,-0.6164088570318644,0.5251688320628958,0.5867178357629538,130.756407432225,19.2325395103526,188.02440255304936,44.29456338649534,-999,0,1,0,0,0,0,1,-999.0,-999.0,-999.0,-999.0,0,-999.0,-999.0,-999.0,-999.0,-999.0,0,-999.0,-999.0,-999.0,0,0,-999.0,-999.0,-999.0,-999.0,0,-999.0,-999.0,-999.0,-999.0,-999.0,0,-999.0,-999.0,-999.0,0,0,-999.0,-999.0,-999.0,-999.0,0,-999.0,-999.0,-999.0,-999.0,-999.0,0,-999.0,-999.0,-999.0,0,0,-999.0,-999.0,-999.0,-999.0,0,-999.0,-999.0,-999.0,-999.0,-999.0,0,-999.0,-999.0,-999.0,0,0,0.9992579817771912,19.41710090637207,0.19049300253391266,-999.0,1,19.41710090637207,19.41710090637207,19.338699340820312,0.2573949992656708,-999.0,1,19.535999298095703,0.19049300253391266,-999.0,1,280,0.025304047706168106
PSO J139.5709+35.9171,-999,-999,-999,151101395708901155,3578835000017258,214022515344233,0,16486948588933,15110,1,2038,90,0.350532157673065,3578835,49831,3,268513280,0,32,-999.0,-999.0,-999.0,-999.0,139.57089326,35.91712709,0.021530000492930412,0.021530000492930412,,,,,55902.67033565,-999.0,-0.6164775008999913,0.525203724945406,0.5866144715122288,130.75992321067582,19.22594257859391,188.03470196578897,44.29500494477337,-999,0,1,0,0,0,0,1,-999.0,-999.0,-999.0,-999.0,0,-999.0,-999.0,-999.0,-999.0,-999.0,0,-999.0,-999.0,-999.0,0,0,-999.0,-999.0,-999.0,-999.0,0,-999.0,-999.0,-999.0,-999.0,-999.0,0,-999.0,-999.0,-999.0,0,0,-999.0,-999.0,-999.0,-999.0,0,-999.0,-999.0,-999.0,-999.0,-999.0,0,-999.0,-999.0,-999.0,0,0,-999.0,-999.0,-999.0,-999.0,0,-999.0,-999.0,-999.0,-999.0,-999.0,0,-999.0,-999.0,-999.0,0,0,0.9980289936065674,16.993099212646484,0.015449999831616879,-999.0,1,16.993099212646484,16.993099212646484,17.378400802612305,0.028533000499010086,-999.0,1,17.270200729370117,0.015449999831616879,-999.0,1,24,0.02123319488387832
PSO J139.5710+35.9219,-999,-999,-999,151101395709736871,3578835000017277,214022515344252,0,16486948559957,15110,1,2038,90,0.228031237822055,3578835,49831,3,268513280,0,32,-999.0,-999.0,-999.0,-999.0,139.57099962,35.92189417,0.016899999231100082,0.016899999231100082,,,,,55249.3515162,-999.0,-0.6164413212934595,0.525170927108838,0.5866818513654718,130.75839058494992,19.230485517505215,188.02807260201615,44.29547153794416,-999,0,1,1,0,0,0,0,0.9980279803276062,18.275699615478516,0.007763000205159187,-999.0,1,18.275699615478516,18.275699615478516,18.911100387573242,0.01778700016438961,-999.0,1,18.847299575805664,0.007763000205159187,-999.0,1,24,-999.0,-999.0,-999.0,-999.0,0,-999.0,-999.0,-999.0,-999.0,-999.0,0,-999.0,-999.0,-999.0,0,0,-999.0,-999.0,-999.0,-999.0,0,-999.0,-999.0,-999.0,-999.0,-999.0,0,-999.0,-999.0,-999.0,0,0,-999.0,-999.0,-999.0,-999.0,0,-999.0,-999.0,-999.0,-999.0,-999.0,0,-999.0,-999.0,-999.0,0,0,-999.0,-999.0,-999.0,-999.0,0,-999.0,-999.0,-999.0,-999.0,-999.0,0,-999.0,-999.0,-999.0,0,0,0.02304056235968943
PSO J139.5713+35.9162,-999,-999,-999,151101395712770034,3578835000186734,214022515515332,0,16486948588670,15110,1,2038,90,0.39402269329319,3578835,49831,3,1343750144,0,160,139.57127915,35.91619137,0.0010000000474974513,0.0010000000474974513,139.57127915,35.91619137,0.0010000000474974513,0.0010000000474974513,,,,,55629.26444444,-999.0,-0.6164883306784041,0.5252057856517702,0.5866012451872749,130.76055449788637,19.22515649340396,188.03604000183654,44.29524168908281,-999,1,0,0,0,0,0,0,-999.0,-999.0,-999.0,-999.0,0,-999.0,-999.0,-999.0,-999.0,-999.0,0,-999.0,-999.0,-999.0,0,16416,-999.0,-999.0,-999.0,-999.0,0,-999.0,-999.0,-999.0,-999.0,-999.0,0,-999.0,-999.0,-999.0,0,16416,-999.0,-999.0,-999.0,-999.0,0,-999.0,-999.0,-999.0,-999.0,-999.0,0,-999.0,-999.0,-999.0,0,114720,-999.0,-999.0,-999.0,-999.0,0,-999.0,-999.0,-999.0,-999.0,-999.0,0,-999.0,-999.0,-999.0,0,16416,-999.0,-999.0,-999.0,-999.0,0,-999.0,-999.0,-999.0,-999.0,-999.0,0,-999.0,-999.0,-999.0,0,16416,0.020669610532337235
PSO J139.5725+35.9242,-999,-999,-999,151101395725099678,3578835000017649,214022515344624,0,16486948567961,15110,1,2038,90,0.613819144306536,3578835,49831,3,268959744,0,32,-999.0,-999.0,-999.0,-999.0,139.57251903,35.92423687,0.28824999928474426,0.28824999928474426,,,,,55275.32704861,-999.0,-0.6164369869817466,0.5251390233028347,0.58671496255457,130.758829217923,19.233099072356453,188.02494710474548,44.296884987346246,-999,0,1,1,0,0,0,0,0.7808420062065125,22.44849967956543,0.2878569960594177,-999.0,1,22.44849967956543,22.44849967956543,22.033199310302734,0.2835789918899536,-999.0,1,22.456899642944336,0.2878569960594177,-999.0,1,4120,-999.0,-999.0,-999.0,-999.0,0,-999.0,-999.0,-999.0,-999.0,-999.0,0,-999.0,-999.0,-999.0,0,0,-999.0,-999.0,-999.0,-999.0,0,-999.0,-999.0,-999.0,-999.0,-999.0,0,-999.0,-999.0,-999.0,0,0,-999.0,-999.0,-999.0,-999.0,0,-999.0,-999.0,-999.0,-999.0,-999.0,0,-999.0,-999.0,-999.0,0,0,-999.0,-999.0,-999.0,-999.0,0,-999.0,-999.0,-999.0,-999.0,-999.0,0,-999.0,-999.0,-999.0,0,0,0.023247451230239392
PSO J139.5733+35.9207,-999,-999,-999,151101395732555405,3578835000017831,214022515344806,0,16486948558245,15110,1,2038,90,0.56921461184436,3578835,49831,3,268959744,0,32,-999.0,-999.0,-999.0,-999.0,139.57327458,35.92067066,0.6004300117492676,0.6004300117492676,,,,,56331.39599537,-999.0,-0.6164717097543284,0.5251545746420373,0.58666455816345,130.76065427338463,19.229917442395717,188.02998206095717,44.29721030698519,-999,0,1,0,1,0,0,0,-999.0,-999.0,-999.0,-999.0,0,-999.0,-999.0,-999.0,-999.0,-999.0,0,-999.0,-999.0,-999.0,0,0,0.42577001452445984,22.79330062866211,-999.0,-999.0,1,22.79330062866211,22.79330062866211,-999.0,-999.0,-999.0,0,-999.0,-999.0,-999.0,0,4120,-999.0,-999.0,-999.0,-999.0,0,-999.0,-999.0,-999.0,-999.0,-999.0,0,-999.0,-999.0,-999.0,0,0,-999.0,-999.0,-999.0,-999.0,0,-999.0,-999.0,-999.0,-999.0,-999.0,0,-999.0,-999.0,-999.0,0,0,-999.0,-999.0,-999.0,-999.0,0,-999.0,-999.0,-999.0,-999.0,-999.0,0,-999.0,-999.0,-999.0,0,0,0.020837096213534176
PSO J139.5735+35.9212,-999,-999,-999,151101395734926047,3578835000017890,214022515344865,0,16486948558226,15110,1,2038,90,0.123737437765801,3578835,49831,3,268513280,0,32,-999.0,-999.0,-999.0,-999.0,139.57351203,35.92121158,0.026110000908374786,0.026110000908374786,,,,,55250.24621528,-999.0,-0.6164696699128182,0.5251484281515338,0.5866722036090974,130.76066345110374,19.230491459937213,188.02925015300988,44.29744516354767,-999,0,1,0,0,0,1,0,-999.0,-999.0,-999.0,-999.0,0,-999.0,-999.0,-999.0,-999.0,-999.0,0,-999.0,-999.0,-999.0,0,0,-999.0,-999.0,-999.0,-999.0,0,-999.0,-999.0,-999.0,-999.0,-999.0,0,-999.0,-999.0,-999.0,0,0,-999.0,-999.0,-999.0,-999.0,0,-999.0,-999.0,-999.0,-999.0,-999.0,0,-999.0,-999.0,-999.0,0,0,0.9974480271339417,18.03190040588379,0.021376000717282295,-999.0,1,18.03190040588379,18.03190040588379,18.796300888061523,0.057808998972177505,-999.0,1,18.77359962463379,0.021376000717282295,-999.0,1,24,-999.0,-999.0,-999.0,-999.0,0,-999.0,-999.0,-999.0,-999.0,-999.0,0,-999.0,-999.0,-999.0,0,0,0.020933152569425267
PSO J139.5742+35.9225,-999,-999,-999,151101395741437639,3578835000018058,214022515345033,0,16486948568557,15110,1,2038,90,0.589315748391036,3578835,49831,3,310456320,0,37,-999.0,-999.0,-999.0,-999.0,139.57415544,35.92251907,0.1789799928665161,0.1789799928665161,,,,,55248.33767361,-999.0,-0.6164653754768009,0.5251328237214085,0.5866906836558996,130.7607420475183,19.2318969885435,188.02748725679723,44.298068885850114,-999,0,1,1,0,0,0,0,0.004863000009208918,21.80120086669922,0.1783509999513626,-999.0,1,21.80120086669922,21.80120086669922,21.20490074157715,0.19151799380779266,-999.0,1,21.079200744628906,0.1783509999513626,-999.0,1,16777752,-999.0,-999.0,-999.0,-999.0,0,-999.0,-999.0,-999.0,-999.0,-999.0,0,-999.0,-999.0,-999.0,0,0,-999.0,-999.0,-999.0,-999.0,0,-999.0,-999.0,-999.0,-999.0,-999.0,0,-999.0,-999.0,-999.0,0,0,-999.0,-999.0,-999.0,-999.0,0,-999.0,-999.0,-999.0,-999.0,-999.0,0,-999.0,-999.0,-999.0,0,0,-999.0,-999.0,-999.0,-999.0,0,-999.0,-999.0,-999.0,-999.0,-999.0,0,-999.0,-999.0,-999.0,0,0,0.021180971366316206
PSO J139.5748+35.9242,-999,-999,-999,151101395747589629,3578835000018198,214022515345173,0,16486948568135,15110,1,2038,90,0.689683389560956,3578835,49831,3,268959744,0,32,-999.0,-999.0,-999.0,-999.0,139.574767,35.92419134,0.25756001472473145,0.25756001472473145,,,,,57035.55862269,-999.0,-0.6164579449830433,0.5251151396457402,0.5867143190532492,130.76067084872375,19.233639754512993,188.02521338921412,44.298695947762525,-999,0,1,0,0,1,0,0,-999.0,-999.0,-999.0,-999.0,0,-999.0,-999.0,-999.0,-999.0,-999.0,0,-999.0,-999.0,-999.0,0,0,-999.0,-999.0,-999.0,-999.0,0,-999.0,-999.0,-999.0,-999.0,-999.0,0,-999.0,-999.0,-999.0,0,0,0.8023329973220825,21.92490005493164,0.25712400674819946,-999.0,1,21.92490005493164,21.92490005493164,-999.0,-999.0,-999.0,0,22.22960090637207,0.25712400674819946,-999.0,1,4120,-999.0,-999.0,-999.0,-999.0,0,-999.0,-999.0,-999.0,-999.0,-999.0,0,-999.0,-999.0,-999.0,0,0,-999.0,-999.0,-999.0,-999.0,0,-999.0,-999.0,-999.0,-999.0,-999.0,0,-999.0,-999.0,-999.0,0,0,0.0217620551732886
PSO J139.5761+35.9179,-999,-999,-999,151101395761172041,3578835000018529,214022515345504,0,16486948594921,15110,1,2038,90,0.297522587978768,3578835,49831,3,302067712,0,36,-999.0,-999.0,-999.0,-999.0,139.57613549,35.91786339,0.2618800103664398,0.2618800103664398,,,,,55249.34001157,-999.0,-0.6165198125284772,0.5251424303617007,0.5866248789419501,130.76393194276426,19.22800147921485,188.03415032211254,44.29929567888067,-999,0,1,1,0,0,0,0,0.1435849964618683,22.198699951171875,0.2614549994468689,-999.0,1,22.198699951171875,22.198699951171875,-999.0,-999.0,-999.0,1,22.311800003051758,0.2614549994468689,-999.0,1,536,-999.0,-999.0,-999.0,-999.0,0,-999.0,-999.0,-999.0,-999.0,-999.0,0,-999.0,-999.0,-999.0,0,0,-999.0,-999.0,-999.0,-999.0,0,-999.0,-999.0,-999.0,-999.0,-999.0,0,-999.0,-999.0,-999.0,0,0,-999.0,-999.0,-999.0,-999.0,0,-999.0,-999.0,-999.0,-999.0,-999.0,0,-999.0,-999.0,-999.0,0,0,-999.0,-999.0,-999.0,-999.0,0,-999.0,-999.0,-999.0,-999.0,-999.0,0,-999.0,-999.0,-999.0,0,0,0.01751656882008374
PSO J139.5763+35.9197,-999,-999,-999,151101395762704193,3578835000018563,214022515345538,0,16486948563097,15110,1,2038,90,0.123762759495306,3578835,49831,3,268959744,0,32,-999.0,-999.0,-999.0,-999.0,139.57628251,35.91965617,0.27441999316215515,0.27441999316215515,,,,,55249.34001157,-999.0,-0.6165071862848338,0.5251289458110281,0.5866502190663151,130.7634424510955,19.229737746210457,188.03166666471313,44.29955748419885,-999,0,1,1,0,0,0,0,0.14167000353336334,22.243499755859375,0.2740139961242676,-999.0,1,22.243499755859375,22.243499755859375,22.269699096679688,0.2951450049877167,-999.0,1,22.268800735473633,0.2740139961242676,-999.0,1,4120,-999.0,-999.0,-999.0,-999.0,0,-999.0,-999.0,-999.0,-999.0,-999.0,0,-999.0,-999.0,-999.0,0,0,-999.0,-999.0,-999.0,-999.0,0,-999.0,-999.0,-999.0,-999.0,-999.0,0,-999.0,-999.0,-999.0,0,0,-999.0,-999.0,-999.0,-999.0,0,-999.0,-999.0,-999.0,-999.0,-999.0,0,-999.0,-999.0,-999.0,0,0,-999.0,-999.0,-999.0,-999.0,0,-999.0,-999.0,-999.0,-999.0,-999.0,0,-999.0,-999.0,-999.0,0,0,0.01821390159056863
PSO J139.5765+35.9166,-999,-999,-999,151101395764580482,3578835000018613,214022515345588,0,16486948599360,15110,1,2038,90,0.624880976625607,3578835,49831,3,268959744,0,32,-999.0,-999.0,-999.0,-999.0,139.57647584,35.91659634,0.21250000596046448,0.21250000596046448,,,,,55968.36913194,-999.0,-0.616532807615614,0.5251471798998848,0.5866069694239971,130.76463879994134,19.226889754444574,188.03594578751935,44.299469253383776,-999,0,1,0,0,1,0,0,-999.0,-999.0,-999.0,-999.0,0,-999.0,-999.0,-999.0,-999.0,-999.0,0,-999.0,-999.0,-999.0,0,0,-999.0,-999.0,-999.0,-999.0,0,-999.0,-999.0,-999.0,-999.0,-999.0,0,-999.0,-999.0,-999.0,0,0,0.6308370232582092,21.53339958190918,0.21197199821472168,-999.0,1,21.53339958190918,21.53339958190918,-999.0,-999.0,-999.0,0,21.572200775146484,0.21197199821472168,-999.0,1,4120,-999.0,-999.0,-999.0,-999.0,0,-999.0,-999.0,-999.0,-999.0,-999.0,0,-999.0,-999.0,-999.0,0,0,-999.0,-999.0,-999.0,-999.0,0,-999.0,-999.0,-999.0,-999.0,-999.0,0,-999.0,-999.0,-999.0,0,0,0.01678287261778453
PSO J139.5765+35.9214,-999,-999,-999,151101395764786253,3578835000018625,214022515345600,0,16486948565452,15110,1,2038,90,0.4629139997651,3578835,49831,3,268959744,0,32,-999.0,-999.0,-999.0,-999.0,139.5764913,35.92138201,0.28617000579833984,0.28617000579833984,,,,,55249.28297454,-999.0,-0.6164956472897705,0.525115240630144,0.5866746124818364,130.76302586166295,19.23142664935316,188.02928179412763,44.299863752806296,-999,0,1,0,0,1,0,0,-999.0,-999.0,-999.0,-999.0,0,-999.0,-999.0,-999.0,-999.0,-999.0,0,-999.0,-999.0,-999.0,0,0,-999.0,-999.0,-999.0,-999.0,0,-999.0,-999.0,-999.0,-999.0,-999.0,0,-999.0,-999.0,-999.0,0,0,0.4816820025444031,21.0625,0.2857719957828522,-999.0,1,21.0625,21.0625,-999.0,-999.0,-999.0,0,-999.0,-999.0,-999.0,0,4120,-999.0,-999.0,-999.0,-999.0,0,-999.0,-999.0,-999.0,-999.0,-999.0,0,-999.0,-999.0,-999.0,0,0,-999.0,-999.0,-999.0,-999.0,0,-999.0,-999.0,-999.0,-999.0,-999.0,0,-999.0,-999.0,-999.0,0,0,0.018976722895047028
PSO J139.5769+35.9172,-999,-999,-999,151101395768331282,3578835000018699,214022515345674,0,16486948594779,15110,1,2038,90,0.0162928216311082,3578835,49831,3,268959744,0,32,-999.0,-999.0,-999.0,-999.0,139.57685622,35.91724959,0.29120001196861267,0.29120001196861267,,,,,56232.65170139,-999.0,-0.6165312024452366,0.525138750004609,0.5866162030280339,130.76472594503636,19.227607295007907,188.0350703298089,44.299828495099604,-999,0,1,0,0,0,0,1,-999.0,-999.0,-999.0,-999.0,0,-999.0,-999.0,-999.0,-999.0,-999.0,0,-999.0,-999.0,-999.0,0,0,-999.0,-999.0,-999.0,-999.0,0,-999.0,-999.0,-999.0,-999.0,-999.0,0,-999.0,-999.0,-999.0,0,0,-999.0,-999.0,-999.0,-999.0,0,-999.0,-999.0,-999.0,-999.0,-999.0,0,-999.0,-999.0,-999.0,0,0,-999.0,-999.0,-999.0,-999.0,0,-999.0,-999.0,-999.0,-999.0,-999.0,0,-999.0,-999.0,-999.0,0,0,0.5908989906311035,20.271699905395508,0.29081499576568604,-999.0,1,20.271699905395508,20.271699905395508,-999.0,-999.0,-999.0,0,20.407499313354492,0.29081499576568604,-999.0,1,4120,0.01673707912042553
PSO J139.5776+35.9204,-999,-999,-999,151101395775485074,3578835000018880,214022515345855,0,16486948563547,15110,1,2038,90,0.921946563685263,3578835,49831,3,310456320,0,37,-999.0,-999.0,-999.0,-999.0,139.5775596,35.92037213,0.1677200049161911,0.1677200049161911,,,,,55259.45986111,-999.0,-0.6165133101594464,0.5251104506909154,0.5866603386725796,130.76423675526502,19.2307475795769,188.030784804124,44.300645556680884,-999,0,1,0,0,1,0,0,-999.0,-999.0,-999.0,-999.0,0,-999.0,-999.0,-999.0,-999.0,-999.0,0,-999.0,-999.0,-999.0,0,0,-999.0,-999.0,-999.0,-999.0,0,-999.0,-999.0,-999.0,-999.0,-999.0,0,-999.0,-999.0,-999.0,0,0,0.9855210185050964,20.50830078125,0.16704800724983215,-999.0,1,20.50830078125,20.50830078125,19.736099243164062,0.15984100103378296,-999.0,1,19.622699737548828,0.16704800724983215,-999.0,1,16777488,-999.0,-999.0,-999.0,-999.0,0,-999.0,-999.0,-999.0,-999.0,-999.0,0,-999.0,-999.0,-999.0,0,0,-999.0,-999.0,-999.0,-999.0,0,-999.0,-999.0,-999.0,-999.0,-999.0,0,-999.0,-999.0,-999.0,0,0,0.017697847828800586
PSO J139.5789+35.9209,-999,-999,-999,151101395788565618,3578835000019200,214022515346175,0,16486948563609,15110,1,2038,90,0.75963136065717,3578835,49831,3,268959744,0,32,-999.0,-999.0,-999.0,-999.0,139.57886977,35.92085253,0.30125999450683594,0.30125999450683594,,,,,55249.28297454,-999.0,-0.6165215728148239,0.5250931634491456,0.5866671287475588,130.76513793480115,19.231542892393463,188.03023397239892,44.30174151775544,-999,0,1,0,0,1,0,0,-999.0,-999.0,-999.0,-999.0,0,-999.0,-999.0,-999.0,-999.0,-999.0,0,-999.0,-999.0,-999.0,0,0,-999.0,-999.0,-999.0,-999.0,0,-999.0,-999.0,-999.0,-999.0,-999.0,0,-999.0,-999.0,-999.0,0,0,0.5437800288200378,21.180099487304688,0.3008880019187927,-999.0,1,21.180099487304688,21.180099487304688,-999.0,-999.0,-999.0,1,21.985300064086914,0.3008880019187927,-999.0,1,4120,-999.0,-999.0,-999.0,-999.0,0,-999.0,-999.0,-999.0,-999.0,-999.0,0,-999.0,-999.0,-999.0,0,0,-999.0,-999.0,-999.0,-999.0,0,-999.0,-999.0,-999.0,-999.0,-999.0,0,-999.0,-999.0,-999.0,0,0,0.017096565074764338
PSO J139.5789+35.9214,-999,-999,-999,151101395789136332,3578835000019221,214022515346196,0,16486948564201,15110,1,2038,90,0.95769041865849,3578835,49831,3,268959744,0,32,-999.0,-999.0,-999.0,-999.0,139.578931,35.92142629,0.22598999738693237,0.22598999738693237,,,,,56408.28144676,-999.0,-0.6165176613825604,0.5250886952924422,0.5866752383384349,130.76499278050338,19.23210224517809,188.02944034449163,44.30183671259578,-999,0,1,0,0,0,0,1,-999.0,-999.0,-999.0,-999.0,0,-999.0,-999.0,-999.0,-999.0,-999.0,0,-999.0,-999.0,-999.0,0,0,-999.0,-999.0,-999.0,-999.0,0,-999.0,-999.0,-999.0,-999.0,-999.0,0,-999.0,-999.0,-999.0,0,0,-999.0,-999.0,-999.0,-999.0,0,-999.0,-999.0,-999.0,-999.0,-999.0,0,-999.0,-999.0,-999.0,0,0,-999.0,-999.0,-999.0,-999.0,0,-999.0,-999.0,-999.0,-999.0,-999.0,0,-999.0,-999.0,-999.0,0,0,0.6841099858283997,19.683500289916992,0.22548900544643402,-999.0,1,19.683500289916992,19.683500289916992,18.440399169921875,0.2503570020198822,-999.0,1,19.289100646972656,0.22548900544643402,-999.0,1,4120,0.017402522143595316
PSO J139.5800+35.9238,-999,-999,-999,151101395800209123,3578835000019477,214022515346452,0,16486948562827,15110,1,2038,90,0.232206540398492,3578835,49831,3,268959744,0,32,-999.0,-999.0,-999.0,-999.0,139.58002738,35.92377134,0.2566399872303009,0.2566399872303009,,,,,57035.57056713,-999.0,-0.6165094279715659,0.5250613284303478,0.5867083829374956,130.76508685299376,19.23460817120229,188.0262729527255,44.302908733237594,-999,0,1,0,0,1,0,0,-999.0,-999.0,-999.0,-999.0,0,-999.0,-999.0,-999.0,-999.0,-999.0,0,-999.0,-999.0,-999.0,0,0,-999.0,-999.0,-999.0,-999.0,0,-999.0,-999.0,-999.0,-999.0,-999.0,0,-999.0,-999.0,-999.0,0,0,0.7687820196151733,21.861400604248047,0.2561970055103302,-999.0,1,21.861400604248047,21.861400604248047,-999.0,-999.0,-999.0,0,23.055299758911133,0.2561970055103302,-999.0,1,4120,-999.0,-999.0,-999.0,-999.0,0,-999.0,-999.0,-999.0,-999.0,-999.0,0,-999.0,-999.0,-999.0,0,0,-999.0,-999.0,-999.0,-999.0,0,-999.0,-999.0,-999.0,-999.0,-999.0,0,-999.0,-999.0,-999.0,0,0,0.018297487738432306
PSO J139.5801+35.9184,-999,-999,-999,151101395800962689,3578835000019496,214022515346471,0,16486948563209,15110,1,2038,90,0.253755382498498,3578835,49831,3,268959744,0,32,-999.0,-999.0,-999.0,-999.0,139.58010539,35.91841821,0.2926799952983856,0.2926799952983856,,,,,55248.2472338,-999.0,-0.6165518723234946,0.5250960285833921,0.586632721129961,130.7669686293597,19.22955810965078,188.03373616008244,44.302544754966355,-999,0,1,0,0,0,0,1,-999.0,-999.0,-999.0,-999.0,0,-999.0,-999.0,-999.0,-999.0,-999.0,0,-999.0,-999.0,-999.0,0,0,-999.0,-999.0,-999.0,-999.0,0,-999.0,-999.0,-999.0,-999.0,-999.0,0,-999.0,-999.0,-999.0,0,0,-999.0,-999.0,-999.0,-999.0,0,-999.0,-999.0,-999.0,-999.0,-999.0,0,-999.0,-999.0,-999.0,0,0,-999.0,-999.0,-999.0,-999.0,0,-999.0,-999.0,-999.0,-999.0,-999.0,0,-999.0,-999.0,-999.0,0,0,0.5913209915161133,19.351900100708008,0.29229700565338135,-999.0,1,19.351900100708008,19.351900100708008,-999.0,-999.0,-999.0,0,20.268800735473633,0.29229700565338135,-999.0,1,4120,0.014914255519522463
PSO J139.5803+35.9210,-999,-999,-999,151101395803105836,3578835000019547,214022515346522,0,16486948564941,15110,1,2038,90,0.158741304798742,3578835,49831,3,310456320,0,37,-999.0,-999.0,-999.0,-999.0,139.58032298,35.92100683,0.16064000129699707,0.16064000129699707,,,,,55259.45986111,-999.0,-0.6165336878915723,0.5250765018665956,0.58666930964757,130.76626608127532,19.23206649106926,188.030150221339,44.302926924922204,-999,0,1,0,0,1,0,0,-999.0,-999.0,-999.0,-999.0,0,-999.0,-999.0,-999.0,-999.0,-999.0,0,-999.0,-999.0,-999.0,0,0,-999.0,-999.0,-999.0,-999.0,0,-999.0,-999.0,-999.0,-999.0,-999.0,0,-999.0,-999.0,-999.0,0,0,0.9998630285263062,20.47599983215332,0.15993399918079376,-999.0,1,20.47599983215332,20.47599983215332,19.103599548339844,0.10873100161552429,-999.0,1,19.19420051574707,0.15993399918079376,-999.0,1,16777488,-999.0,-999.0,-999.0,-999.0,0,-999.0,-999.0,-999.0,-999.0,-999.0,0,-999.0,-999.0,-999.0,0,0,-999.0,-999.0,-999.0,-999.0,0,-999.0,-999.0,-999.0,-999.0,-999.0,0,-999.0,-999.0,-999.0,0,0,0.01625895069163051
PSO J139.5806+35.9243,-999,-999,-999,151101395806189714,3578835000019633,214022515346608,0,16486948562120,15110,1,2038,90,0.904269632794214,3578835,49831,3,268959744,0,32,-999.0,-999.0,-999.0,-999.0,139.58062785,35.92426153,0.26183000206947327,0.26183000206947327,,,,,57035.55862269,-999.0,-0.616511109178136,0.5250516126959689,0.5867153110881859,130.76540813304507,19.235228425229206,188.02564433480782,44.30343251511184,-999,0,1,0,0,1,0,0,-999.0,-999.0,-999.0,-999.0,0,-999.0,-999.0,-999.0,-999.0,-999.0,0,-999.0,-999.0,-999.0,0,0,-999.0,-999.0,-999.0,-999.0,0,-999.0,-999.0,-999.0,-999.0,-999.0,0,-999.0,-999.0,-999.0,0,0,0.7995499968528748,21.94809913635254,0.26139599084854126,-999.0,1,21.94809913635254,21.94809913635254,-999.0,-999.0,-999.0,0,22.546100616455078,0.26139599084854126,-999.0,1,4120,-999.0,-999.0,-999.0,-999.0,0,-999.0,-999.0,-999.0,-999.0,-999.0,0,-999.0,-999.0,-999.0,0,0,-999.0,-999.0,-999.0,-999.0,0,-999.0,-999.0,-999.0,-999.0,-999.0,0,-999.0,-999.0,-999.0,0,0,0.018317677090112835
PSO J139.5813+35.9204,-999,-999,-999,151101395812295080,3578835000019776,214022515346751,0,16486948564799,15110,1,2038,90,0.259135600420773,3578835,49831,3,268959744,0,32,-999.0,-999.0,-999.0,-999.0,139.5812509,35.92040404,0.4131999909877777,0.4131999909877777,,,,,55248.30240741,-999.0,-0.6165468905493151,0.5250705186797404,0.5866607896965325,130.7672246699916,19.231736565996936,188.03107357966425,44.30362791121606,-999,0,1,0,1,0,0,0,-999.0,-999.0,-999.0,-999.0,0,-999.0,-999.0,-999.0,-999.0,-999.0,0,-999.0,-999.0,-999.0,0,0,0.816565990447998,22.695100784301758,0.41292500495910645,-999.0,1,22.695100784301758,22.695100784301758,-999.0,-999.0,-999.0,1,22.93910026550293,0.41292500495910645,-999.0,1,4120,-999.0,-999.0,-999.0,-999.0,0,-999.0,-999.0,-999.0,-999.0,-999.0,0,-999.0,-999.0,-999.0,0,0,-999.0,-999.0,-999.0,-999.0,0,-999.0,-999.0,-999.0,-999.0,-999.0,0,-999.0,-999.0,-999.0,0,0,-999.0,-999.0,-999.0,-999.0,0,-999.0,-999.0,-999.0,-999.0,-999.0,0,-999.0,-999.0,-999.0,0,0,0.015295622138520431
PSO J139.5814+35.9173,-999,-999,-999,151101395813961408,3578835000019819,214022515346794,0,16486948594018,15110,1,2038,90,0.737819762656297,3578835,49831,3,268959744,0,32,-999.0,-999.0,-999.0,-999.0,139.58139616,35.91733715,-999.0,-999.0,,,,,-999.0,-999.0,-0.6165721283663177,0.5250893150901734,0.5866174406714837,130.768384465749,19.228869433474415,188.03535849839162,44.303500487414816,-999,0,1,0,0,1,0,0,-999.0,-999.0,-999.0,-999.0,0,-999.0,-999.0,-999.0,-999.0,-999.0,0,-999.0,-999.0,-999.0,0,0,-999.0,-999.0,-999.0,-999.0,0,-999.0,-999.0,-999.0,-999.0,-999.0,0,-999.0,-999.0,-999.0,0,0,-999.0,-999.0,-999.0,-999.0,0,-999.0,-999.0,19.71980094909668,0.048659998923540115,-999.0,1,-999.0,-999.0,-999.0,0,24,-999.0,-999.0,-999.0,-999.0,0,-999.0,-999.0,-999.0,-999.0,-999.0,0,-999.0,-999.0,-999.0,0,0,-999.0,-999.0,-999.0,-999.0,0,-999.0,-999.0,-999.0,-999.0,-999.0,0,-999.0,-999.0,-999.0,0,0,0.013467510825996383
PSO J139.5818+35.9232,-999,-999,-999,151101395818018485,3578835000019912,214022515346887,0,16486948562523,15110,1,2038,90,0.275475902739424,3578835,49831,3,277348352,0,33,-999.0,-999.0,-999.0,-999.0,139.58180201,35.92320346,0.09749999642372131,0.09749999642372131,,,,,55259.45986111,-999.0,-0.6165301176561834,0.5250460032021458,0.5867003566935213,130.76672141132963,19.23453123034753,188.02722400983524,44.30429599290867,-999,0,1,0,0,1,0,0,-999.0,-999.0,-999.0,-999.0,0,-999.0,-999.0,-999.0,-999.0,-999.0,0,-999.0,-999.0,-999.0,0,0,-999.0,-999.0,-999.0,-999.0,0,-999.0,-999.0,-999.0,-999.0,-999.0,0,-999.0,-999.0,-999.0,0,0,0.571757972240448,19.60610008239746,0.09634300321340561,-999.0,1,19.60610008239746,19.60610008239746,19.58609962463379,0.08455800265073776,-999.0,1,19.065500259399414,0.09634300321340561,-999.0,1,16781328,-999.0,-999.0,-999.0,-999.0,0,-999.0,-999.0,-999.0,-999.0,-999.0,0,-999.0,-999.0,-999.0,0,0,-999.0,-999.0,-999.0,-999.0,0,-999.0,-999.0,-999.0,-999.0,-999.0,0,-999.0,-999.0,-999.0,0,0,0.01689521165650229
PSO J139.5826+35.9230,-999,-999,-999,151101395825438309,3578835000020080,214022515347055,0,16486948562542,15110,1,2038,90,0.356558167707695,3578835,49831,3,277348352,0,33,-999.0,-999.0,-999.0,-999.0,139.58256035,35.9230464,0.10560999810695648,0.10560999810695648,,,,,55259.44689815,-999.0,-0.6165382913047925,0.5250388857767909,0.5866981368448623,130.76739081650942,19.234579441846723,188.02751117646844,44.30489562837348,-999,0,1,0,0,1,0,0,-999.0,-999.0,-999.0,-999.0,0,-999.0,-999.0,-999.0,-999.0,-999.0,0,-999.0,-999.0,-999.0,0,0,-999.0,-999.0,-999.0,-999.0,0,-999.0,-999.0,-999.0,-999.0,-999.0,0,-999.0,-999.0,-999.0,0,0,0.5667449831962585,20.045299530029297,0.10453599691390991,-999.0,1,20.045299530029297,20.045299530029297,19.952299118041992,0.083296999335289,-999.0,1,19.700700759887695,0.10453599691390991,-999.0,1,16781336,-999.0,-999.0,-999.0,-999.0,0,-999.0,-999.0,-999.0,-999.0,-999.0,0,-999.0,-999.0,-999.0,0,0,-999.0,-999.0,-999.0,-999.0,0,-999.0,-999.0,-999.0,-999.0,-999.0,0,-999.0,-999.0,-999.0,0,0,0.01636808288975666
PSO J139.5828+35.9170,-999,-999,-999,151101395826881055,3578835000020110,214022515347085,0,16486948594647,15110,1,2038,90,0.502888150981523,3578835,49831,3,444915712,7,53,139.58273579,35.91702856,0.0010000000474974513,0.0010000000474974513,139.58275363386304,35.91702313679846,0.007050915738270242,0.007050915738270242,10.622242074236679,-6.232273993593044,3.5553282574506038,3.5553282574506038,56194.78672350241,10.423423767089844,-0.6165870165182287,0.5250767913074013,0.5866130021500319,130.76959403342926,19.228921364807412,188.03592269983122,44.30457008092382,-999,5,79,4,22,33,19,1,0.9989759922027588,21.903600692749023,0.04848000034689903,0.10155700147151947,4,21.81100082397461,22.026899337768555,21.44029998779297,0.1174359992146492,0.21526600420475006,4,21.362300872802734,0.04668400064110756,0.12494199723005295,4,16892216,0.9994819760322571,21.545299530029297,0.034425999969244,0.19210399687290192,22,21.256799697875977,22.013999938964844,21.139299392700195,0.07330799847841263,0.29025301337242126,22,21.099899291992188,0.0555419996380806,0.23074600100517273,22,16892216,0.9993500113487244,20.77389907836914,0.03557100147008896,0.18065199255943298,24,20.280899047851562,21.099199295043945,20.217599868774414,0.04214499890804291,0.2654919922351837,24,20.20319938659668,0.03485399857163429,0.21639800071716309,24,16892216,0.9992790222167969,20.388500213623047,0.05213300138711929,0.20966899394989014,19,20.08060073852539,20.771299362182617,19.930700302124023,0.050978001207113266,0.23413999378681183,19,19.95509910583496,0.053203001618385315,0.19196900725364685,19,16892216,0.9971320033073425,20.131399154663086,0.1357720047235489,-999.0,1,20.131399154663086,20.131399154663086,19.57229995727539,0.15935499966144562,-999.0,1,19.48579978942871,0.1357720047235489,-999.0,1,16892216,0.012357826086772253
PSO J139.5827+35.9236,-999,-999,-999,151101395826988934,3578835000020121,214022515347096,0,16486947461559,15110,1,2038,90,0.364064472135216,3578835,49831,3,268959744,0,32,-999.0,-999.0,-999.0,-999.0,139.58270454,35.92360811,0.23351000249385834,0.23351000249385834,,,,,57035.5824537,-999.0,-0.6165352334858193,0.5250336049936307,0.5867060759000016,130.76731713069606,19.23514892580874,188.02674176217062,44.305056788586946,-999,0,1,0,0,1,0,0,-999.0,-999.0,-999.0,-999.0,0,-999.0,-999.0,-999.0,-999.0,-999.0,0,-999.0,-999.0,-999.0,0,0,-999.0,-999.0,-999.0,-999.0,0,-999.0,-999.0,-999.0,-999.0,-999.0,0,-999.0,-999.0,-999.0,0,0,0.8349739909172058,21.974899291992188,0.23302899301052094,-999.0,1,21.974899291992188,21.974899291992188,-999.0,-999.0,-999.0,0,22.6294002532959,0.23302899301052094,-999.0,1,4120,-999.0,-999.0,-999.0,-999.0,0,-999.0,-999.0,-999.0,-999.0,-999.0,0,-999.0,-999.0,-999.0,0,0,-999.0,-999.0,-999.0,-999.0,0,-999.0,-999.0,-999.0,-999.0,-999.0,0,-999.0,-999.0,-999.0,0,0,0.016719251707306974
PSO J139.5829+35.9220,-999,-999,-999,151101395829217001,3578835000020167,214022515347142,0,16486948562445,15110,1,2038,90,0.84385094683976,3578835,49831,3,268959744,0,32,-999.0,-999.0,-999.0,-999.0,139.58293527,35.9220055,0.256989985704422,0.256989985704422,,,,,55249.28297454,-999.0,-0.6165498417198183,0.5250417617887155,0.5866834249005749,130.7680489962365,19.233690922616205,188.0289948848446,44.3051153078962,-999,0,1,0,0,1,0,0,-999.0,-999.0,-999.0,-999.0,0,-999.0,-999.0,-999.0,-999.0,-999.0,0,-999.0,-999.0,-999.0,0,0,-999.0,-999.0,-999.0,-999.0,0,-999.0,-999.0,-999.0,-999.0,-999.0,0,-999.0,-999.0,-999.0,0,0,0.5956370234489441,20.893800735473633,0.2565529942512512,-999.0,1,20.893800735473633,20.893800735473633,-999.0,-999.0,-999.0,0,26.570199966430664,0.2565529942512512,-999.0,1,4120,-999.0,-999.0,-999.0,-999.0,0,-999.0,-999.0,-999.0,-999.0,-999.0,0,-999.0,-999.0,-999.0,0,0,-999.0,-999.0,-999.0,-999.0,0,-999.0,-999.0,-999.0,-999.0,-999.0,0,-999.0,-999.0,-999.0,0,0,0.015392596615835656
PSO J139.5833+35.9219,-999,-999,-999,151101395832566899,3578835000020242,214022515347217,0,16486948562432,15110,1,2038,90,0.181339209136869,3578835,49831,3,268959744,0,32,-999.0,-999.0,-999.0,-999.0,139.5832734,35.92191469,0.2707799971103668,0.2707799971103668,,,,,55249.28762731,-999.0,-0.616553648176344,0.5250387260849612,0.5866821413947438,130.76835453337128,19.23369273946488,188.029151878053,44.305381020951216,-999,0,1,0,0,1,0,0,-999.0,-999.0,-999.0,-999.0,0,-999.0,-999.0,-999.0,-999.0,-999.0,0,-999.0,-999.0,-999.0,0,0,-999.0,-999.0,-999.0,-999.0,0,-999.0,-999.0,-999.0,-999.0,-999.0,0,-999.0,-999.0,-999.0,0,0,0.6398270130157471,21.020200729370117,0.270363986492157,-999.0,1,21.020200729370117,21.020200729370117,-999.0,-999.0,-999.0,0,-999.0,-999.0,-999.0,0,4120,-999.0,-999.0,-999.0,-999.0,0,-999.0,-999.0,-999.0,-999.0,-999.0,0,-999.0,-999.0,-999.0,0,0,-999.0,-999.0,-999.0,-999.0,0,-999.0,-999.0,-999.0,-999.0,-999.0,0,-999.0,-999.0,-999.0,0,0,0.015140032275342245
PSO J139.5833+35.9230,-999,-999,-999,151101395832628256,3578835000020248,214022515347223,0,16486947461629,15110,1,2038,90,0.398626512287768,3578835,49831,3,268513280,0,32,-999.0,-999.0,-999.0,-999.0,139.58329049,35.92303982,0.018459999933838844,0.018459999933838844,,,,,55275.32935185,-999.0,-0.616545033305611,0.5250310726567416,0.5866980438446121,130.76798619356686,19.23476286040849,188.02758619074834,44.305484494709766,-999,0,2,1,0,1,0,0,0.9994680285453796,18.827199935913086,0.010765000246465206,-999.0,1,18.827199935913086,18.827199935913086,19.69580078125,0.03471599891781807,-999.0,1,19.68630027770996,0.010765000246465206,-999.0,1,24,-999.0,-999.0,-999.0,-999.0,0,-999.0,-999.0,-999.0,-999.0,-999.0,0,-999.0,-999.0,-999.0,0,0,0.7471429705619812,22.92169952392578,0.47978100180625916,-999.0,1,22.92169952392578,22.92169952392578,-999.0,-999.0,-999.0,0,-999.0,-999.0,-999.0,0,4112,-999.0,-999.0,-999.0,-999.0,0,-999.0,-999.0,-999.0,-999.0,-999.0,0,-999.0,-999.0,-999.0,0,0,-999.0,-999.0,-999.0,-999.0,0,-999.0,-999.0,-999.0,-999.0,-999.0,0,-999.0,-999.0,-999.0,0,0,0.01597891073129514
PSO J139.5837+35.9197,-999,-999,-999,151101395836554203,3578835000020340,214022515347315,0,16486948561843,15110,1,2038,90,0.130560147697628,3578835,49831,3,310456320,0,37,-999.0,-999.0,-999.0,-999.0,139.58366919,35.91965173,0.17308999598026276,0.17308999598026276,,,,,55259.45986111,-999.0,-0.61657491638765,0.5250494896516106,0.5866501563096576,130.7694448139918,19.231652152534956,188.03233973091483,44.30552009324658,-999,0,1,0,0,1,0,0,-999.0,-999.0,-999.0,-999.0,0,-999.0,-999.0,-999.0,-999.0,-999.0,0,-999.0,-999.0,-999.0,0,0,-999.0,-999.0,-999.0,-999.0,0,-999.0,-999.0,-999.0,-999.0,-999.0,0,-999.0,-999.0,-999.0,0,0,0.29045000672340393,20.555500030517578,0.1724410057067871,-999.0,1,20.555500030517578,20.555500030517578,19.681900024414062,0.15655399858951569,-999.0,1,19.568599700927734,0.1724410057067871,-999.0,1,16777744,-999.0,-999.0,-999.0,-999.0,0,-999.0,-999.0,-999.0,-999.0,-999.0,0,-999.0,-999.0,-999.0,0,0,-999.0,-999.0,-999.0,-999.0,0,-999.0,-999.0,-999.0,-999.0,-999.0,0,-999.0,-999.0,-999.0,0,0,0.013317693547655168
PSO J139.5839+35.9206,-999,-999,-999,151101395839005295,3578835000020398,214022515347373,0,16486948561308,15110,1,2038,90,0.102881779058726,3578835,49831,3,268513280,0,32,-999.0,-999.0,-999.0,-999.0,139.58391885,35.92056307,0.022350000217556953,0.022350000217556953,,,,,55576.49671296,-999.0,-0.6165700997884102,0.5250407531998734,0.5866630374637724,130.76933804400122,19.232580191260983,188.0310928245088,44.30579430339462,-999,0,1,0,0,1,0,0,-999.0,-999.0,-999.0,-999.0,0,-999.0,-999.0,-999.0,-999.0,-999.0,0,-999.0,-999.0,-999.0,0,0,-999.0,-999.0,-999.0,-999.0,0,-999.0,-999.0,-999.0,-999.0,-999.0,0,-999.0,-999.0,-999.0,0,0,0.8566150069236755,18.39189910888672,0.016561999917030334,-999.0,1,18.39189910888672,18.39189910888672,19.234100341796875,0.04942400008440018,-999.0,1,19.1299991607666,0.016561999917030334,-999.0,1,24,-999.0,-999.0,-999.0,-999.0,0,-999.0,-999.0,-999.0,-999.0,-999.0,0,-999.0,-999.0,-999.0,0,0,-999.0,-999.0,-999.0,-999.0,0,-999.0,-999.0,-999.0,-999.0,-999.0,0,-999.0,-999.0,-999.0,0,0,0.013800383061093272
PSO J139.5853+35.9182,-999,-999,-999,151101395852542407,3578835000020704,214022515347679,0,16486948560907,15110,1,2038,90,0.471911855481483,3578835,49831,3,268959744,0,32,-999.0,-999.0,-999.0,-999.0,139.58527498,35.9181753,0.3235499858856201,0.3235499858856201,,,,,56678.54153935,-999.0,-0.6166011409042583,0.5250420096163272,0.5866292876882434,130.77125090013274,19.230670851948936,188.03454124388577,44.3066986452184,-999,0,1,0,1,0,0,0,-999.0,-999.0,-999.0,-999.0,0,-999.0,-999.0,-999.0,-999.0,-999.0,0,-999.0,-999.0,-999.0,0,0,0.4845539927482605,22.363300323486328,0.32319799065589905,-999.0,1,22.363300323486328,22.363300323486328,-999.0,-999.0,-999.0,0,23.914199829101562,0.32319799065589905,-999.0,1,4120,-999.0,-999.0,-999.0,-999.0,0,-999.0,-999.0,-999.0,-999.0,-999.0,0,-999.0,-999.0,-999.0,0,0,-999.0,-999.0,-999.0,-999.0,0,-999.0,-999.0,-999.0,-999.0,-999.0,0,-999.0,-999.0,-999.0,0,0,-999.0,-999.0,-999.0,-999.0,0,-999.0,-999.0,-999.0,-999.0,-999.0,0,-999.0,-999.0,-999.0,0,0,0.011365889340450573
PSO J139.5854+35.9197,-999,-999,-999,151101395854064279,3578835000020751,214022515347726,0,16486947459242,15110,1,2038,90,0.471164617194947,3578835,49831,3,268959744,0,32,-999.0,-999.0,-999.0,-999.0,139.58540827,35.91970054,0.26504001021385193,0.26504001021385193,,,,,55259.45986111,-999.0,-0.6165904722510475,0.5250304507091837,0.5866508462086641,130.77084103926396,19.232150124958103,188.03242867556733,44.30692787755361,-999,0,1,0,0,1,0,0,-999.0,-999.0,-999.0,-999.0,0,-999.0,-999.0,-999.0,-999.0,-999.0,0,-999.0,-999.0,-999.0,0,0,-999.0,-999.0,-999.0,-999.0,0,-999.0,-999.0,-999.0,-999.0,-999.0,0,-999.0,-999.0,-999.0,0,0,0.13375000655651093,20.681299209594727,0.26461800932884216,-999.0,1,20.681299209594727,20.681299209594727,-999.0,-999.0,-999.0,0,21.555200576782227,0.26461800932884216,-999.0,1,4112,-999.0,-999.0,-999.0,-999.0,0,-999.0,-999.0,-999.0,-999.0,-999.0,0,-999.0,-999.0,-999.0,0,0,-999.0,-999.0,-999.0,-999.0,0,-999.0,-999.0,-999.0,-999.0,-999.0,0,-999.0,-999.0,-999.0,0,0,0.012341512334713995
PSO J139.5857+35.9181,-999,-999,-999,151101395856452338,3578835000020801,214022515347776,0,16486948560896,15110,1,2038,90,0.462536378263064,3578835,49831,3,302067712,0,36,-999.0,-999.0,-999.0,-999.0,139.58565591,35.91810176,0.261680006980896,0.261680006980896,,,,,56759.31069444,-999.0,-0.6166052048990773,0.5250383982860994,0.5866282482258539,130.7715853486972,19.23070015013647,188.0346780657699,44.30700029543068,-999,0,1,0,0,1,0,0,-999.0,-999.0,-999.0,-999.0,0,-999.0,-999.0,-999.0,-999.0,-999.0,0,-999.0,-999.0,-999.0,0,0,-999.0,-999.0,-999.0,-999.0,0,-999.0,-999.0,-999.0,-999.0,-999.0,0,-999.0,-999.0,-999.0,0,0,0.9589110016822815,17.156099319458008,0.2612510025501251,-999.0,1,17.156099319458008,17.156099319458008,-999.0,-999.0,-999.0,0,17.8341007232666,0.2612510025501251,-999.0,1,272,-999.0,-999.0,-999.0,-999.0,0,-999.0,-999.0,-999.0,-999.0,-999.0,0,-999.0,-999.0,-999.0,0,0,-999.0,-999.0,-999.0,-999.0,0,-999.0,-999.0,-999.0,-999.0,-999.0,0,-999.0,-999.0,-999.0,0,0,0.0110852330217778
PSO J139.5860+35.9215,-999,-999,-999,151101395859386440,3578835000020881,214022515347856,0,16486947459853,15110,1,2038,90,0.85539111760947,3578835,49831,3,268959744,0,32,-999.0,-999.0,-999.0,-999.0,139.58596545,35.9215258,0.44064998626708984,0.44064998626708984,,,,,55249.29138889,-999.0,-0.6165813483510628,0.5250123382266294,0.5866766448184147,130.77067360066468,19.23402367276295,188.02993640171144,44.307523162424715,-999,0,1,0,0,1,0,0,-999.0,-999.0,-999.0,-999.0,0,-999.0,-999.0,-999.0,-999.0,-999.0,0,-999.0,-999.0,-999.0,0,0,-999.0,-999.0,-999.0,-999.0,0,-999.0,-999.0,-999.0,-999.0,-999.0,0,-999.0,-999.0,-999.0,0,0,0.36274999380111694,21.394100189208984,0.44039198756217957,-999.0,1,21.394100189208984,21.394100189208984,-999.0,-999.0,-999.0,0,-999.0,-999.0,-999.0,0,4120,-999.0,-999.0,-999.0,-999.0,0,-999.0,-999.0,-999.0,-999.0,-999.0,0,-999.0,-999.0,-999.0,0,0,-999.0,-999.0,-999.0,-999.0,0,-999.0,-999.0,-999.0,-999.0,-999.0,0,-999.0,-999.0,-999.0,0,0,0.013448125833492858
PSO J139.5863+35.9187,-999,-999,-999,151101395862243066,3578835000020950,214022515347925,0,16486947475494,15110,1,2038,90,0.65464637210094,3578835,49831,3,302067712,0,36,-999.0,-999.0,-999.0,-999.0,139.58627415,35.91871487,0.15963999927043915,0.15963999927043915,,,,,56331.39599537,-999.0,-0.6166060906680113,0.5250276752128008,0.5866369142934613,130.77187932084593,19.23144146252386,188.03387981965832,44.30754827935311,-999,0,1,0,1,0,0,0,-999.0,-999.0,-999.0,-999.0,0,-999.0,-999.0,-999.0,-999.0,-999.0,0,-999.0,-999.0,-999.0,0,0,0.22961799800395966,21.840299606323242,0.15893800556659698,-999.0,1,21.840299606323242,21.840299606323242,21.86669921875,0.25095701217651367,-999.0,1,22.021400451660156,0.15893800556659698,-999.0,1,536,-999.0,-999.0,-999.0,-999.0,0,-999.0,-999.0,-999.0,-999.0,-999.0,0,-999.0,-999.0,-999.0,0,0,-999.0,-999.0,-999.0,-999.0,0,-999.0,-999.0,-999.0,-999.0,-999.0,0,-999.0,-999.0,-999.0,0,0,-999.0,-999.0,-999.0,-999.0,0,-999.0,-999.0,-999.0,-999.0,-999.0,0,-999.0,-999.0,-999.0,0,0,0.011145179204975675
PSO J139.5864+35.9241,-999,-999,-999,151101395864029495,3578835000020995,214022515347970,0,16486947462292,15110,1,2038,90,0.268483802926246,3578835,49831,3,310456320,0,37,-999.0,-999.0,-999.0,-999.0,139.5864162,35.92405683,0.12071999907493591,0.12071999907493591,,,,,55259.45986111,-999.0,-0.6165657457466249,0.5249906854422346,0.5867124179449426,130.77017989914472,19.236538044808267,188.02645133994199,44.308088677511485,-999,0,1,0,0,1,0,0,-999.0,-999.0,-999.0,-999.0,0,-999.0,-999.0,-999.0,-999.0,-999.0,0,-999.0,-999.0,-999.0,0,0,-999.0,-999.0,-999.0,-999.0,0,-999.0,-999.0,-999.0,-999.0,-999.0,0,-999.0,-999.0,-999.0,0,0,0.9152640104293823,20.13909912109375,0.11978299915790558,-999.0,1,20.13909912109375,20.13909912109375,19.314800262451172,0.0883840024471283,-999.0,1,19.222999572753906,0.11978299915790558,-999.0,1,16777488,-999.0,-999.0,-999.0,-999.0,0,-999.0,-999.0,-999.0,-999.0,-999.0,0,-999.0,-999.0,-999.0,0,0,-999.0,-999.0,-999.0,-999.0,0,-999.0,-999.0,-999.0,-999.0,-999.0,0,-999.0,-999.0,-999.0,0,0,0.015364344613268096
PSO J139.5868+35.9215,-999,-999,-999,151101395868266440,3578835000021106,214022515348081,0,16486947459436,15110,1,2038,90,0.11257360606694,3578835,49831,3,268959744,0,32,-999.0,-999.0,-999.0,-999.0,139.58683929,35.92154215,0.2518799901008606,0.2518799901008606,,,,,55249.27831019,-999.0,-0.6165892279768199,0.5250028259117727,0.5866768759100721,130.77137793229284,19.234266150523833,188.0299924339971,44.30822986887037,-999,0,1,0,0,0,0,1,-999.0,-999.0,-999.0,-999.0,0,-999.0,-999.0,-999.0,-999.0,-999.0,0,-999.0,-999.0,-999.0,0,0,-999.0,-999.0,-999.0,-999.0,0,-999.0,-999.0,-999.0,-999.0,-999.0,0,-999.0,-999.0,-999.0,0,0,-999.0,-999.0,-999.0,-999.0,0,-999.0,-999.0,-999.0,-999.0,-999.0,0,-999.0,-999.0,-999.0,0,0,-999.0,-999.0,-999.0,-999.0,0,-999.0,-999.0,-999.0,-999.0,-999.0,0,-999.0,-999.0,-999.0,0,0,0.797730028629303,19.737600326538086,0.25143301486968994,-999.0,1,19.737600326538086,19.737600326538086,-999.0,-999.0,-999.0,1,20.305700302124023,0.25143301486968994,-999.0,1,4112,0.01305057664957851
PSO J139.5869+35.9237,-999,-999,-999,151101395868919060,3578835000186906,214022515515504,0,16486947462282,15110,1,2038,90,0.51209863881776,3578835,49831,3,1343750144,0,160,139.58689129,35.92371367,0.0010000000474974513,0.0010000000474974513,139.58689129,35.92371367,0.0010000000474974513,0.0010000000474974513,,,,,55646.49783565,-999.0,-0.6165727743860054,0.5249878510153437,0.5867075678498065,130.7706824292363,19.236336428168354,188.0269721859989,44.30844484897545,-999,1,0,0,0,0,0,0,-999.0,-999.0,-999.0,-999.0,0,-999.0,-999.0,-999.0,-999.0,-999.0,0,-999.0,-999.0,-999.0,0,16416,-999.0,-999.0,-999.0,-999.0,0,-999.0,-999.0,-999.0,-999.0,-999.0,0,-999.0,-999.0,-999.0,0,16416,-999.0,-999.0,-999.0,-999.0,0,-999.0,-999.0,-999.0,-999.0,-999.0,0,-999.0,-999.0,-999.0,0,114720,-999.0,-999.0,-999.0,-999.0,0,-999.0,-999.0,-999.0,-999.0,-999.0,0,-999.0,-999.0,-999.0,0,16416,-999.0,-999.0,-999.0,-999.0,0,-999.0,-999.0,-999.0,-999.0,-999.0,0,-999.0,-999.0,-999.0,0,16416,0.01487568613035076
PSO J139.5869+35.9183,-999,-999,-999,151101395869192587,3578835000021128,214022515348103,0,16486947475689,15110,1,2038,90,0.991941699750667,3578835,49831,3,268959744,0,32,-999.0,-999.0,-999.0,-999.0,139.58691981,35.91831939,-999.0,-999.0,,,,,-999.0,-999.0,-0.6166150901310681,0.5250233517824012,0.5866313243476075,130.77253820338035,19.231234602649707,188.03448898395013,44.30803796718563,-999,0,1,1,0,0,0,0,-999.0,-999.0,-999.0,-999.0,0,-999.0,-999.0,-999.0,-999.0,-999.0,0,-999.0,-999.0,-999.0,0,24,-999.0,-999.0,-999.0,-999.0,0,-999.0,-999.0,-999.0,-999.0,-999.0,0,-999.0,-999.0,-999.0,0,0,-999.0,-999.0,-999.0,-999.0,0,-999.0,-999.0,-999.0,-999.0,-999.0,0,-999.0,-999.0,-999.0,0,0,-999.0,-999.0,-999.0,-999.0,0,-999.0,-999.0,-999.0,-999.0,-999.0,0,-999.0,-999.0,-999.0,0,0,-999.0,-999.0,-999.0,-999.0,0,-999.0,-999.0,-999.0,-999.0,-999.0,0,-999.0,-999.0,-999.0,0,0,0.010497241280206876
PSO J139.5871+35.9182,-999,-999,-999,151101395870952388,3578835000021178,214022515348153,0,16486947475683,15110,1,2038,90,0.118627854733381,3578835,49831,3,268513280,0,32,-999.0,-999.0,-999.0,-999.0,139.58712281,35.9181582,0.015809999778866768,0.015809999778866768,,,,,55250.34986111,-999.0,-0.6166182068699282,0.5250222370170142,0.5866290459857615,130.77275787930245,19.231134663764813,188.03473184012265,44.30818899053776,-999,0,1,1,0,0,0,0,0.9987180233001709,17.27120018005371,0.004701000172644854,-999.0,1,17.27120018005371,17.27120018005371,17.474300384521484,0.009304000064730644,-999.0,1,17.41550064086914,0.004701000172644854,-999.0,1,24,-999.0,-999.0,-999.0,-999.0,0,-999.0,-999.0,-999.0,-999.0,-999.0,0,-999.0,-999.0,-999.0,0,0,-999.0,-999.0,-999.0,-999.0,0,-999.0,-999.0,-999.0,-999.0,-999.0,0,-999.0,-999.0,-999.0,0,0,-999.0,-999.0,-999.0,-999.0,0,-999.0,-999.0,-999.0,-999.0,-999.0,0,-999.0,-999.0,-999.0,0,0,-999.0,-999.0,-999.0,-999.0,0,-999.0,-999.0,-999.0,-999.0,-999.0,0,-999.0,-999.0,-999.0,0,0,0.010267107191798734
PSO J139.5875+35.9237,-999,-999,-999,151101395873568941,3578835000185551,214022515512747,0,16486947460866,15110,1,2038,90,0.905922116624119,3578835,49831,3,404226048,0,48,139.58748835,35.9237218,0.0010000000474974513,0.0010000000474974513,139.58748835,35.9237218,0.0010000000474974513,0.0010000000474974513,,,,,55646.49783565,-999.0,-0.6165781816868456,0.5249813719193502,0.5867076827564303,130.77116469594324,19.236499222607527,188.02701467636305,44.30892745895788,-999,2,0,0,0,0,0,0,-999.0,-999.0,-999.0,-999.0,0,-999.0,-999.0,-999.0,-999.0,-999.0,0,-999.0,-999.0,-999.0,0,16416,-999.0,-999.0,-999.0,-999.0,0,-999.0,-999.0,-999.0,-999.0,-999.0,0,-999.0,-999.0,-999.0,0,114720,-999.0,-999.0,-999.0,-999.0,0,-999.0,-999.0,-999.0,-999.0,-999.0,0,-999.0,-999.0,-999.0,0,16416,-999.0,-999.0,-999.0,-999.0,0,-999.0,-999.0,-999.0,-999.0,-999.0,0,-999.0,-999.0,-999.0,0,114720,-999.0,-999.0,-999.0,-999.0,0,-999.0,-999.0,-999.0,-999.0,-999.0,0,-999.0,-999.0,-999.0,0,16416,0.014651793836297163
PSO J139.5876+35.9242,-999,-999,-999,151101395875219657,3578835000021290,214022515348265,0,16486947460473,15110,1,2038,90,0.190133141530802,3578835,49831,3,268513280,0,32,-999.0,-999.0,-999.0,-999.0,139.58755227,35.92422948,0.02491999976336956,0.02491999976336956,,,,,55249.27831019,-999.0,-0.6165748091126364,0.5249773138370589,0.5867148581075327,130.77104413948828,19.236996678259114,188.02631322760115,44.309019488696904,-999,0,2,0,0,1,0,1,-999.0,-999.0,-999.0,-999.0,0,-999.0,-999.0,-999.0,-999.0,-999.0,0,-999.0,-999.0,-999.0,0,0,-999.0,-999.0,-999.0,-999.0,0,-999.0,-999.0,-999.0,-999.0,-999.0,0,-999.0,-999.0,-999.0,0,0,0.812578022480011,21.30929946899414,0.2818000018596649,-999.0,1,21.30929946899414,21.30929946899414,20.957300186157227,0.31160101294517517,-999.0,1,21.414100646972656,0.2818000018596649,-999.0,1,4120,-999.0,-999.0,-999.0,-999.0,0,-999.0,-999.0,-999.0,-999.0,-999.0,0,-999.0,-999.0,-999.0,0,0,0.9262719750404358,16.896799087524414,0.019899999722838402,-999.0,1,16.896799087524414,16.896799087524414,17.668500900268555,0.0461059994995594,-999.0,1,17.584199905395508,0.019899999722838402,-999.0,1,16,0.015079818817808338
PSO J139.5876+35.9165,-999,-999,-999,151101395875360349,3578835000021284,214022515348259,0,16486947431356,15110,1,2038,90,0.709329606694476,3578835,49831,3,268959744,0,32,-999.0,-999.0,-999.0,-999.0,139.58755883,35.91646007,0.2480500042438507,0.2480500042438507,,,,,56678.5306713,-999.0,-0.6166354400218663,0.5250288157197923,0.5866050432556063,130.7736889900154,19.229639531277677,188.03713668043645,44.308405548125634,-999,0,1,0,1,0,0,0,-999.0,-999.0,-999.0,-999.0,0,-999.0,-999.0,-999.0,-999.0,-999.0,0,-999.0,-999.0,-999.0,0,0,0.728331983089447,22.065200805664062,0.2475920021533966,-999.0,1,22.065200805664062,22.065200805664062,-999.0,-999.0,-999.0,0,22.899999618530273,0.2475920021533966,-999.0,1,4120,-999.0,-999.0,-999.0,-999.0,0,-999.0,-999.0,-999.0,-999.0,-999.0,0,-999.0,-999.0,-999.0,0,0,-999.0,-999.0,-999.0,-999.0,0,-999.0,-999.0,-999.0,-999.0,-999.0,0,-999.0,-999.0,-999.0,0,0,-999.0,-999.0,-999.0,-999.0,0,-999.0,-999.0,-999.0,-999.0,-999.0,0,-999.0,-999.0,-999.0,0,0,0.00884545824080017
PSO J139.5874+35.9234,-999,-999,-999,151101395876649138,3578835000021339,214022515348314,0,16486947462720,15110,1,2038,90,0.799465911276141,3578835,49831,3,302067712,0,36,-999.0,-999.0,-999.0,-999.0,139.58741027,35.92343532,0.21638000011444092,0.21638000011444092,,,,,57035.59429398,-999.0,-0.6165796998512308,0.524984113938898,0.5867036337395195,130.77119859668,19.236207599199158,188.02740671086468,44.30884161305561,-999,0,3,0,0,2,0,1,-999.0,-999.0,-999.0,-999.0,0,-999.0,-999.0,-999.0,-999.0,-999.0,0,-999.0,-999.0,-999.0,0,0,-999.0,-999.0,-999.0,-999.0,0,-999.0,-999.0,-999.0,-999.0,-999.0,0,-999.0,-999.0,-999.0,0,0,0.8616440296173096,21.849700927734375,0.21586300432682037,-999.0,1,21.849700927734375,21.849700927734375,-999.0,-999.0,-999.0,0,21.10700035095215,0.21586300432682037,-999.0,1,16777496,-999.0,-999.0,-999.0,-999.0,0,-999.0,-999.0,-999.0,-999.0,-999.0,0,-999.0,-999.0,-999.0,0,0,0.41899898648262024,20.093700408935547,0.4638710021972656,-999.0,1,20.093700408935547,20.093700408935547,-999.0,-999.0,-999.0,0,22.324399948120117,0.4638710021972656,-999.0,1,4112,0.014428808777194452
PSO J139.5883+35.9198,-999,-999,-999,151101395882824383,3578835000021500,214022515348475,0,16486947476320,15110,1,2038,90,0.646248677416005,3578835,49831,3,268959744,0,32,-999.0,-999.0,-999.0,-999.0,139.58831156,35.91981184,0.2545500099658966,0.2545500099658966,,,,,55249.29138889,-999.0,-0.6166162080873893,0.5249984674063551,0.5866524193633804,130.77316182073665,19.233009727328803,188.03253556212934,44.309280466009625,-999,0,1,0,0,1,0,0,-999.0,-999.0,-999.0,-999.0,0,-999.0,-999.0,-999.0,-999.0,-999.0,0,-999.0,-999.0,-999.0,0,0,-999.0,-999.0,-999.0,-999.0,0,-999.0,-999.0,-999.0,-999.0,-999.0,0,-999.0,-999.0,-999.0,0,0,0.7266989946365356,21.144500732421875,0.25410300493240356,-999.0,1,21.144500732421875,21.144500732421875,-999.0,-999.0,-999.0,0,20.95240020751953,0.25410300493240356,-999.0,1,4120,-999.0,-999.0,-999.0,-999.0,0,-999.0,-999.0,-999.0,-999.0,-999.0,0,-999.0,-999.0,-999.0,0,0,-999.0,-999.0,-999.0,-999.0,0,-999.0,-999.0,-999.0,-999.0,-999.0,0,-999.0,-999.0,-999.0,0,0,0.010949309418608104
PSO J139.5891+35.9244,-999,-999,-999,151101395890899878,3578835000021715,214022515348690,0,16486947461057,15110,1,2038,90,0.980782863666101,3578835,49831,3,268959744,0,32,-999.0,-999.0,-999.0,-999.0,139.58910022,35.92439862,0.20648999512195587,0.20648999512195587,,,,,57035.55862269,-999.0,-0.6165876733251409,0.5249595329479373,0.5867172486560907,130.77224416328184,19.237558985657866,188.02621709760103,44.31028249525176,-999,0,1,0,0,1,0,0,-999.0,-999.0,-999.0,-999.0,0,-999.0,-999.0,-999.0,-999.0,-999.0,0,-999.0,-999.0,-999.0,0,0,-999.0,-999.0,-999.0,-999.0,0,-999.0,-999.0,-999.0,-999.0,-999.0,0,-999.0,-999.0,-999.0,0,0,0.847724974155426,21.71030044555664,0.20594699680805206,-999.0,1,21.71030044555664,21.71030044555664,-999.0,-999.0,-999.0,0,21.99720001220703,0.20594699680805206,-999.0,1,4120,-999.0,-999.0,-999.0,-999.0,0,-999.0,-999.0,-999.0,-999.0,-999.0,0,-999.0,-999.0,-999.0,0,0,-999.0,-999.0,-999.0,-999.0,0,-999.0,-999.0,-999.0,-999.0,-999.0,0,-999.0,-999.0,-999.0,0,0,0.014717695930799097
PSO J139.5899+35.9204,-999,-999,-999,151101395898725060,3578835000186937,214022515515535,0,16486947478909,15110,1,2038,90,0.912101582542156,3578835,49831,3,1343750144,0,160,139.58987239,35.92037991,0.0010000000474974513,0.0010000000474974513,139.58987239,35.92037991,0.0010000000474974513,0.0010000000474974513,,,,,55646.49783565,-999.0,-0.6166260808339973,0.5249778990017164,0.5866604486370701,130.7742368168651,19.233953245913995,188.03188498962442,44.31058573271496,-999,1,0,0,0,0,0,0,-999.0,-999.0,-999.0,-999.0,0,-999.0,-999.0,-999.0,-999.0,-999.0,0,-999.0,-999.0,-999.0,0,16416,-999.0,-999.0,-999.0,-999.0,0,-999.0,-999.0,-999.0,-999.0,-999.0,0,-999.0,-999.0,-999.0,0,16416,-999.0,-999.0,-999.0,-999.0,0,-999.0,-999.0,-999.0,-999.0,-999.0,0,-999.0,-999.0,-999.0,0,114720,-999.0,-999.0,-999.0,-999.0,0,-999.0,-999.0,-999.0,-999.0,-999.0,0,-999.0,-999.0,-999.0,0,16416,-999.0,-999.0,-999.0,-999.0,0,-999.0,-999.0,-999.0,-999.0,-999.0,0,-999.0,-999.0,-999.0,0,16416,0.010796560543540066
PSO J139.5899+35.9200,-999,-999,-999,151101395899144566,3578835000021925,214022515348900,0,16486947478849,15110,1,2038,90,0.737907621765423,3578835,49831,3,268959744,0,32,-999.0,-999.0,-999.0,-999.0,139.58992938,35.91997856,0.2025199979543686,0.2025199979543686,,,,,56743.39244213,-999.0,-0.616629732057119,0.524979949642655,0.5866547758404095,130.77441947172215,19.233587911001674,188.03244923210787,44.31059975758382,-999,0,1,1,0,0,0,0,0.6469789743423462,21.030799865722656,0.2019609957933426,-999.0,1,21.030799865722656,21.030799865722656,20.93899917602539,0.15647900104522705,-999.0,1,20.704299926757812,0.2019609957933426,-999.0,1,4120,-999.0,-999.0,-999.0,-999.0,0,-999.0,-999.0,-999.0,-999.0,-999.0,0,-999.0,-999.0,-999.0,0,0,-999.0,-999.0,-999.0,-999.0,0,-999.0,-999.0,-999.0,-999.0,-999.0,0,-999.0,-999.0,-999.0,0,0,-999.0,-999.0,-999.0,-999.0,0,-999.0,-999.0,-999.0,-999.0,-999.0,0,-999.0,-999.0,-999.0,0,0,-999.0,-999.0,-999.0,-999.0,0,-999.0,-999.0,-999.0,-999.0,-999.0,0,-999.0,-999.0,-999.0,0,0,0.010418660861467506
PSO J139.5907+35.9162,-999,-999,-999,151101395906430058,3578835000022083,214022515349058,0,16486947433822,15110,1,2038,90,0.648680334583558,3578835,49831,3,268513280,0,32,-999.0,-999.0,-999.0,-999.0,139.59067032,35.91620648,0.015650000423192978,0.015650000423192978,,,,,55248.27152778,-999.0,-0.6166659280973545,0.524997011130649,0.5866014587671203,130.77630293649764,19.230207658231976,188.03777079901704,44.310897211862546,-999,0,1,0,0,0,1,0,-999.0,-999.0,-999.0,-999.0,0,-999.0,-999.0,-999.0,-999.0,-999.0,0,-999.0,-999.0,-999.0,0,0,-999.0,-999.0,-999.0,-999.0,0,-999.0,-999.0,-999.0,-999.0,-999.0,0,-999.0,-999.0,-999.0,0,0,-999.0,-999.0,-999.0,-999.0,0,-999.0,-999.0,-999.0,-999.0,-999.0,0,-999.0,-999.0,-999.0,0,0,0.999222993850708,16.802499771118164,0.004453999921679497,-999.0,1,16.802499771118164,16.802499771118164,17.18400001525879,0.008888999931514263,-999.0,1,17.115100860595703,0.004453999921679497,-999.0,1,24,-999.0,-999.0,-999.0,-999.0,0,-999.0,-999.0,-999.0,-999.0,-999.0,0,-999.0,-999.0,-999.0,0,0,0.006907455992180642
PSO J139.5909+35.9211,-999,-999,-999,151101395908465920,3578835000022142,214022515349117,0,16486947479428,15110,1,2038,90,0.519396787061726,3578835,49831,3,302067712,0,36,-999.0,-999.0,-999.0,-999.0,139.59087306,35.9211004,0.18907000124454498,0.18907000124454498,,,,,55968.38200231,-999.0,-0.6166296321568141,0.5249623473027815,0.586670632178317,130.77480495311613,19.23489561517107,188.0309715241477,44.311450929785515,-999,0,1,0,0,1,0,0,-999.0,-999.0,-999.0,-999.0,0,-999.0,-999.0,-999.0,-999.0,-999.0,0,-999.0,-999.0,-999.0,0,0,-999.0,-999.0,-999.0,-999.0,0,-999.0,-999.0,-999.0,-999.0,-999.0,0,-999.0,-999.0,-999.0,0,0,0.9978100061416626,21.59079933166504,0.1884710043668747,-999.0,1,21.59079933166504,21.59079933166504,-999.0,-999.0,-999.0,1,22.390499114990234,0.1884710043668747,-999.0,1,280,-999.0,-999.0,-999.0,-999.0,0,-999.0,-999.0,-999.0,-999.0,-999.0,0,-999.0,-999.0,-999.0,0,0,-999.0,-999.0,-999.0,-999.0,0,-999.0,-999.0,-999.0,-999.0,-999.0,0,-999.0,-999.0,-999.0,0,0,0.011122299279942082
PSO J139.5918+35.9193,-999,-999,-999,151101395918143779,3578835000022366,214022515349341,0,16486947479159,15110,1,2038,90,0.0530795697617154,3578835,49831,3,436285440,0,52,139.59181719,35.91934569,0.0010000000474974513,0.0010000000474974513,139.59180709,35.91932073,0.12801000475883484,0.12801000475883484,,,,,57049.44336806,0.23350000381469727,-0.6166520652067612,0.5249641071830756,0.586645477819196,130.77616839473606,19.23345264894431,188.03353497523622,44.312063149722526,-999,3,2,0,0,2,0,0,-999.0,-999.0,-999.0,-999.0,0,-999.0,-999.0,-999.0,-999.0,-999.0,0,-999.0,-999.0,-999.0,0,16416,-999.0,-999.0,-999.0,-999.0,0,-999.0,-999.0,-999.0,-999.0,-999.0,0,-999.0,-999.0,-999.0,0,114720,0.9974200129508972,21.96179962158203,0.12235599756240845,0.17371000349521637,2,21.850200653076172,22.094900131225586,22.21269989013672,0.04130500182509422,0.05997699871659279,2,21.791000366210938,0.09824500232934952,0.1394599974155426,2,115000,-999.0,-999.0,-999.0,-999.0,0,-999.0,-999.0,-999.0,-999.0,-999.0,0,-999.0,-999.0,-999.0,0,114720,-999.0,-999.0,-999.0,-999.0,0,-999.0,-999.0,-999.0,-999.0,-999.0,0,-999.0,-999.0,-999.0,0,16416,0.009189412166766503
PSO J139.5919+35.9208,-999,-999,-999,151101395919075569,3578835000022388,214022515349363,0,16486947478622,15110,1,2038,90,0.351553006425084,3578835,49831,3,268959744,0,32,-999.0,-999.0,-999.0,-999.0,139.59192566,35.92082195,0.17246000468730927,0.17246000468730927,,,,,56344.39150463,-999.0,-0.6166414472988635,0.5249528670862355,0.5866666965246146,130.77575466771992,19.234905331908575,188.0314543235537,44.3122784647619,-999,0,1,0,1,0,0,0,-999.0,-999.0,-999.0,-999.0,0,-999.0,-999.0,-999.0,-999.0,-999.0,0,-999.0,-999.0,-999.0,0,0,0.6376039981842041,20.999099731445312,0.17180700600147247,-999.0,1,20.999099731445312,20.999099731445312,-999.0,-999.0,-999.0,0,20.902099609375,0.17180700600147247,-999.0,1,4120,-999.0,-999.0,-999.0,-999.0,0,-999.0,-999.0,-999.0,-999.0,-999.0,0,-999.0,-999.0,-999.0,0,0,-999.0,-999.0,-999.0,-999.0,0,-999.0,-999.0,-999.0,-999.0,-999.0,0,-999.0,-999.0,-999.0,0,0,-999.0,-999.0,-999.0,-999.0,0,-999.0,-999.0,-999.0,-999.0,-999.0,0,-999.0,-999.0,-999.0,0,0,0.010573762599561252
PSO J139.5921+35.9221,-999,-999,-999,151101395920987059,3578835000022441,214022515349416,0,16486947478184,15110,1,2038,90,0.233727143363773,3578835,49831,3,268959744,0,32,-999.0,-999.0,-999.0,-999.0,139.59212037,35.92206099,0.24226999282836914,0.24226999282836914,,,,,56344.37971065,-999.0,-0.6166335707159111,0.5249425474742234,0.5866842091938543,130.77549186378462,19.236129469834765,188.029745762809,44.3125343246737,-999,0,1,0,1,0,0,0,-999.0,-999.0,-999.0,-999.0,0,-999.0,-999.0,-999.0,-999.0,-999.0,0,-999.0,-999.0,-999.0,0,0,0.6031110286712646,21.700899124145508,0.2418069988489151,-999.0,1,21.700899124145508,21.700899124145508,-999.0,-999.0,-999.0,0,22.4596004486084,0.2418069988489151,-999.0,1,4120,-999.0,-999.0,-999.0,-999.0,0,-999.0,-999.0,-999.0,-999.0,-999.0,0,-999.0,-999.0,-999.0,0,0,-999.0,-999.0,-999.0,-999.0,0,-999.0,-999.0,-999.0,-999.0,-999.0,0,-999.0,-999.0,-999.0,0,0,-999.0,-999.0,-999.0,-999.0,0,-999.0,-999.0,-999.0,-999.0,-999.0,0,-999.0,-999.0,-999.0,0,0,0.011717864837792798
PSO J139.5922+35.9178,-999,-999,-999,151101395922091980,3578835000022461,214022515349436,0,16486947477008,15110,1,2038,90,0.652117434565087,3578835,49831,3,268959744,0,32,-999.0,-999.0,-999.0,-999.0,139.59222514,35.91782322,0.19798000156879425,0.19798000156879425,,,,,56743.39244213,-999.0,-0.6166675705034274,0.5249695467893649,0.5866243111508158,130.77701679867488,19.232142888490916,188.03565885122285,44.31228129302665,-999,0,1,1,0,0,0,0,0.782194972038269,21.502199172973633,0.19741399586200714,-999.0,1,21.502199172973633,21.502199172973633,21.26110076904297,0.20613299310207367,-999.0,1,21.299999237060547,0.19741399586200714,-999.0,1,4120,-999.0,-999.0,-999.0,-999.0,0,-999.0,-999.0,-999.0,-999.0,-999.0,0,-999.0,-999.0,-999.0,0,0,-999.0,-999.0,-999.0,-999.0,0,-999.0,-999.0,-999.0,-999.0,-999.0,0,-999.0,-999.0,-999.0,0,0,-999.0,-999.0,-999.0,-999.0,0,-999.0,-999.0,-999.0,-999.0,-999.0,0,-999.0,-999.0,-999.0,0,0,-999.0,-999.0,-999.0,-999.0,0,-999.0,-999.0,-999.0,-999.0,-999.0,0,-999.0,-999.0,-999.0,0,0,0.00767388548567137
PSO J139.5924+35.9186,-999,-999,-999,151101395923322863,3578835000022494,214022515349469,0,16486947477240,15110,1,2038,90,0.659648121948958,3578835,49831,3,268959744,0,32,-999.0,-999.0,-999.0,-999.0,139.5923528,35.9186478,0.18740999698638916,0.18740999698638916,,,,,55897.64668981,-999.0,-0.6166623115717774,0.5249627001448557,0.5866359662887832,130.77684035519476,19.232957054697245,188.03452164611463,44.31245006469834,-999,0,2,0,1,0,1,0,-999.0,-999.0,-999.0,-999.0,0,-999.0,-999.0,-999.0,-999.0,-999.0,0,-999.0,-999.0,-999.0,0,0,0.5229179859161377,21.270200729370117,0.24310199916362762,-999.0,1,21.270200729370117,21.270200729370117,-999.0,-999.0,-999.0,0,21.63010025024414,0.24310199916362762,-999.0,1,4120,-999.0,-999.0,-999.0,-999.0,0,-999.0,-999.0,-999.0,-999.0,-999.0,0,-999.0,-999.0,-999.0,0,0,0.6064130067825317,21.08099937438965,0.2930479943752289,-999.0,1,21.08099937438965,21.08099937438965,-999.0,-999.0,-999.0,1,-999.0,-999.0,-999.0,0,4120,-999.0,-999.0,-999.0,-999.0,0,-999.0,-999.0,-999.0,-999.0,-999.0,0,-999.0,-999.0,-999.0,0,0,0.008404075736073836
PSO J139.5925+35.9214,-999,-999,-999,151101395924276238,3578835000022527,214022515349502,0,16486947478755,15110,1,2038,90,0.900544673111797,3578835,49831,3,302067712,0,36,-999.0,-999.0,-999.0,-999.0,139.59245372,35.92137025,0.19130000472068787,0.19130000472068787,,,,,55968.36913194,-999.0,-0.6166420104716023,0.5249435446036606,0.5866744462651199,130.77599735887526,19.235561837466456,188.03073808396223,44.3127484131603,-999,0,1,0,0,1,0,0,-999.0,-999.0,-999.0,-999.0,0,-999.0,-999.0,-999.0,-999.0,-999.0,0,-999.0,-999.0,-999.0,0,0,-999.0,-999.0,-999.0,-999.0,0,-999.0,-999.0,-999.0,-999.0,-999.0,0,-999.0,-999.0,-999.0,0,0,0.09643200039863586,21.531999588012695,0.1907140016555786,-999.0,1,21.531999588012695,21.531999588012695,-999.0,-999.0,-999.0,1,21.349000930786133,0.1907140016555786,-999.0,1,536,-999.0,-999.0,-999.0,-999.0,0,-999.0,-999.0,-999.0,-999.0,-999.0,0,-999.0,-999.0,-999.0,0,0,-999.0,-999.0,-999.0,-999.0,0,-999.0,-999.0,-999.0,-999.0,-999.0,0,-999.0,-999.0,-999.0,0,0,0.01098088097169922
PSO J139.5927+35.9195,-999,-999,-999,151101395927103952,3578835000022605,214022515349580,0,16486947477263,15110,1,2038,90,0.538185988122771,3578835,49831,3,268959744,0,32,-999.0,-999.0,-999.0,-999.0,139.59273231,35.91947212,0.1593399941921234,0.1593399941921234,,,,,56344.37971065,-999.0,-0.6166593620081908,0.5249531445532499,0.5866476176302993,130.77686859566046,19.2338364029468,188.03340750576436,44.31282211268697,-999,0,1,0,1,0,0,0,-999.0,-999.0,-999.0,-999.0,0,-999.0,-999.0,-999.0,-999.0,-999.0,0,-999.0,-999.0,-999.0,0,0,0.6289520263671875,21.21150016784668,0.15863199532032013,-999.0,1,21.21150016784668,21.21150016784668,-999.0,-999.0,-999.0,0,22.261899948120117,0.15863199532032013,-999.0,1,4120,-999.0,-999.0,-999.0,-999.0,0,-999.0,-999.0,-999.0,-999.0,-999.0,0,-999.0,-999.0,-999.0,0,0,-999.0,-999.0,-999.0,-999.0,0,-999.0,-999.0,-999.0,-999.0,-999.0,0,-999.0,-999.0,-999.0,0,0,-999.0,-999.0,-999.0,-999.0,0,-999.0,-999.0,-999.0,-999.0,-999.0,0,-999.0,-999.0,-999.0,0,0,0.009091590502912321
PSO J139.5928+35.9167,-999,-999,-999,151101395927780629,3578835000022622,214022515349597,0,16486947433249,15110,1,2038,90,0.585111436047695,3578835,49831,3,268959744,0,32,-999.0,-999.0,-999.0,-999.0,139.59279686,35.91670541,0.21398000419139862,0.21398000419139862,,,,,56344.39150463,-999.0,-0.6166815233745943,0.524970811960464,0.586608511119606,130.77786104092576,19.231232685915476,188.03726764822937,44.31265373643363,-999,0,1,0,1,0,0,0,-999.0,-999.0,-999.0,-999.0,0,-999.0,-999.0,-999.0,-999.0,-999.0,0,-999.0,-999.0,-999.0,0,0,0.46846699714660645,21.017799377441406,0.21345099806785583,-999.0,1,21.017799377441406,21.017799377441406,-999.0,-999.0,-999.0,0,-999.0,-999.0,-999.0,0,4120,-999.0,-999.0,-999.0,-999.0,0,-999.0,-999.0,-999.0,-999.0,-999.0,0,-999.0,-999.0,-999.0,0,0,-999.0,-999.0,-999.0,-999.0,0,-999.0,-999.0,-999.0,-999.0,-999.0,0,-999.0,-999.0,-999.0,0,0,-999.0,-999.0,-999.0,-999.0,0,-999.0,-999.0,-999.0,-999.0,-999.0,0,-999.0,-999.0,-999.0,0,0,0.006463997707483221
PSO J139.5929+35.9238,-999,-999,-999,151101395928379201,3578835000022643,214022515349618,0,16486947485816,15110,1,2038,90,0.292177079517559,3578835,49831,3,268959744,0,32,-999.0,-999.0,-999.0,-999.0,139.59285768,35.92384663,0.34272998571395874,0.34272998571395874,,,,,56232.65667824,-999.0,-0.6166264029497214,0.5249227599530606,0.5867094470592317,130.77548411666018,19.238012276118678,188.0273245869588,44.31327166765221,-999,0,1,0,0,0,0,1,-999.0,-999.0,-999.0,-999.0,0,-999.0,-999.0,-999.0,-999.0,-999.0,0,-999.0,-999.0,-999.0,0,0,-999.0,-999.0,-999.0,-999.0,0,-999.0,-999.0,-999.0,-999.0,-999.0,0,-999.0,-999.0,-999.0,0,0,-999.0,-999.0,-999.0,-999.0,0,-999.0,-999.0,-999.0,-999.0,-999.0,0,-999.0,-999.0,-999.0,0,0,-999.0,-999.0,-999.0,-999.0,0,-999.0,-999.0,-999.0,-999.0,-999.0,0,-999.0,-999.0,-999.0,0,0,0.44951900839805603,19.902700424194336,0.34240201115608215,-999.0,1,19.902700424194336,19.902700424194336,-999.0,-999.0,-999.0,0,-999.0,-999.0,-999.0,0,4120,0.013326378306483427
PSO J139.5929+35.9233,-999,-999,-999,151101395929608676,3578835000022680,214022515349655,0,16486947486598,15110,1,2038,90,0.2675364383194,3578835,49831,3,302067712,0,36,-999.0,-999.0,-999.0,-999.0,139.59293596,35.92333644,0.12563000619411469,0.12563000619411469,,,,,56192.93986111,1.975000023841858,-0.6166310982234546,0.5249253039664805,0.5867022361977448,130.77572105962068,19.237549388163135,188.0280423995307,44.31329424746674,-999,0,3,1,1,1,0,0,0.984175980091095,21.8075008392334,0.19617600739002228,-999.0,1,21.8075008392334,21.8075008392334,-999.0,-999.0,-999.0,1,21.91939926147461,0.19617600739002228,-999.0,1,280,0.9995160102844238,21.790000915527344,0.16256000101566315,-999.0,1,21.790000915527344,21.790000915527344,21.558799743652344,0.2819660007953644,-999.0,1,21.504499435424805,0.16256000101566315,-999.0,1,280,0.41456300020217896,21.338199615478516,0.2272070050239563,-999.0,1,21.338199615478516,21.338199615478516,-999.0,-999.0,-999.0,0,24.52720069885254,0.2272070050239563,-999.0,1,4120,-999.0,-999.0,-999.0,-999.0,0,-999.0,-999.0,-999.0,-999.0,-999.0,0,-999.0,-999.0,-999.0,0,0,-999.0,-999.0,-999.0,-999.0,0,-999.0,-999.0,-999.0,-999.0,-999.0,0,-999.0,-999.0,-999.0,0,0,0.01281330441027743
PSO J139.5934+35.9163,-999,-999,-999,151101395933170264,3578835000022766,214022515349741,0,16486947433450,15110,1,2038,90,0.443262049409805,3578835,49831,3,277348352,0,33,-999.0,-999.0,-999.0,-999.0,139.59338978,35.9163365,0.17560000717639923,0.17560000717639923,,,,,55903.56032407,-999.0,-0.6166898319822515,0.524966878526588,0.5866032965980953,130.778468069541,19.23103731420941,188.037835075986,44.313102989828145,-999,0,1,0,0,0,0,1,-999.0,-999.0,-999.0,-999.0,0,-999.0,-999.0,-999.0,-999.0,-999.0,0,-999.0,-999.0,-999.0,0,0,-999.0,-999.0,-999.0,-999.0,0,-999.0,-999.0,-999.0,-999.0,-999.0,0,-999.0,-999.0,-999.0,0,0,-999.0,-999.0,-999.0,-999.0,0,-999.0,-999.0,-999.0,-999.0,-999.0,0,-999.0,-999.0,-999.0,0,0,-999.0,-999.0,-999.0,-999.0,0,-999.0,-999.0,-999.0,-999.0,-999.0,0,-999.0,-999.0,-999.0,0,0,0.8097100257873535,19.782400131225586,0.17496199905872345,-999.0,1,19.782400131225586,19.782400131225586,-999.0,-999.0,-999.0,0,19.260299682617188,0.17496199905872345,-999.0,1,16781336,0.005944931666185273
PSO J139.5935+35.9170,-999,-999,-999,151101395933400850,3578835000022768,214022515349743,0,16486947433394,15110,1,2038,90,0.861986183432849,3578835,49831,3,268513280,0,32,-999.0,-999.0,-999.0,-999.0,139.59347296,35.91703523,0.018069999292492867,0.018069999292492867,,,,,57033.59305556,-999.0,-0.6166851467691474,0.5249613461167542,0.5866131730856379,130.77829824883182,19.231720725833494,188.03686916981817,44.31322583647485,-999,0,2,0,1,1,0,0,-999.0,-999.0,-999.0,-999.0,0,-999.0,-999.0,-999.0,-999.0,-999.0,0,-999.0,-999.0,-999.0,0,0,0.6063439846038818,21.469200134277344,0.2042980045080185,-999.0,1,21.469200134277344,21.469200134277344,-999.0,-999.0,-999.0,0,23.37660026550293,0.2042980045080185,-999.0,1,4120,0.9983909726142883,18.219100952148438,0.010075000114738941,-999.0,1,18.219100952148438,18.219100952148438,18.777299880981445,0.022633999586105347,-999.0,1,18.693199157714844,0.010075000114738941,-999.0,1,24,-999.0,-999.0,-999.0,-999.0,0,-999.0,-999.0,-999.0,-999.0,-999.0,0,-999.0,-999.0,-999.0,0,0,-999.0,-999.0,-999.0,-999.0,0,-999.0,-999.0,-999.0,-999.0,-999.0,0,-999.0,-999.0,-999.0,0,0,0.006585433077586588
PSO J139.5935+35.9199,-999,-999,-999,151101395934994455,3578835000022808,214022515349783,0,16486947476937,15110,1,2038,90,0.530584448511325,3578835,49831,3,268959744,0,32,-999.0,-999.0,-999.0,-999.0,139.59352,35.91988905,0.15624000132083893,0.15624000132083893,,,,,56344.36663194,-999.0,-0.6166633282442798,0.5249418996515984,0.5866535106763265,130.7773668455389,19.23443593546711,188.03289769215775,44.3134912019944,-999,0,1,0,0,1,0,0,-999.0,-999.0,-999.0,-999.0,0,-999.0,-999.0,-999.0,-999.0,-999.0,0,-999.0,-999.0,-999.0,0,0,-999.0,-999.0,-999.0,-999.0,0,-999.0,-999.0,-999.0,-999.0,-999.0,0,-999.0,-999.0,-999.0,0,0,0.6398659944534302,21.133800506591797,0.15552300214767456,-999.0,1,21.133800506591797,21.133800506591797,-999.0,-999.0,-999.0,0,21.161100387573242,0.15552300214767456,-999.0,1,4120,-999.0,-999.0,-999.0,-999.0,0,-999.0,-999.0,-999.0,-999.0,-999.0,0,-999.0,-999.0,-999.0,0,0,-999.0,-999.0,-999.0,-999.0,0,-999.0,-999.0,-999.0,-999.0,-999.0,0,-999.0,-999.0,-999.0,0,0,0.009340106581563451
PSO J139.5936+35.9222,-999,-999,-999,151101395935407170,3578835000022830,214022515349805,0,16486947485996,15110,1,2038,90,0.161393154562817,3578835,49831,3,268959744,0,32,-999.0,-999.0,-999.0,-999.0,139.59356269,35.92215108,0.20197999477386475,0.20197999477386475,,,,,56344.35071759,-999.0,-0.6166460825818227,0.5249264266882905,0.5866854825208773,130.77663295184365,19.23658949851964,188.02975023180983,44.31370580239033,-999,0,1,0,0,1,0,0,-999.0,-999.0,-999.0,-999.0,0,-999.0,-999.0,-999.0,-999.0,-999.0,0,-999.0,-999.0,-999.0,0,0,-999.0,-999.0,-999.0,-999.0,0,-999.0,-999.0,-999.0,-999.0,-999.0,0,-999.0,-999.0,-999.0,0,0,0.565509021282196,21.408199310302734,0.20141999423503876,-999.0,1,21.408199310302734,21.408199310302734,-999.0,-999.0,-999.0,0,21.522199630737305,0.20141999423503876,-999.0,1,4120,-999.0,-999.0,-999.0,-999.0,0,-999.0,-999.0,-999.0,-999.0,-999.0,0,-999.0,-999.0,-999.0,0,0,-999.0,-999.0,-999.0,-999.0,0,-999.0,-999.0,-999.0,-999.0,-999.0,0,-999.0,-999.0,-999.0,0,0,0.011557153179280319
PSO J139.5939+35.9212,-999,-999,-999,151101395938786081,3578835000022910,214022515349885,0,16486947476738,15110,1,2038,90,0.888202094368825,3578835,49831,3,310456320,0,37,-999.0,-999.0,-999.0,-999.0,139.59390547,35.92123995,0.14106999337673187,0.14106999337673187,,,,,55968.36913194,-999.0,-0.6166563271435395,0.524928784896823,0.5866726045935543,130.7772209967534,19.235815578549776,188.0310504525751,44.3139099644078,-999,0,1,0,0,1,0,0,-999.0,-999.0,-999.0,-999.0,0,-999.0,-999.0,-999.0,-999.0,-999.0,0,-999.0,-999.0,-999.0,0,0,-999.0,-999.0,-999.0,-999.0,0,-999.0,-999.0,-999.0,-999.0,-999.0,0,-999.0,-999.0,-999.0,0,0,0.10609699785709381,21.18939971923828,0.14026999473571777,-999.0,1,21.18939971923828,21.18939971923828,20.805099487304688,0.20940500497817993,-999.0,1,20.789400100708008,0.14026999473571777,-999.0,1,16777752,-999.0,-999.0,-999.0,-999.0,0,-999.0,-999.0,-999.0,-999.0,-999.0,0,-999.0,-999.0,-999.0,0,0,-999.0,-999.0,-999.0,-999.0,0,-999.0,-999.0,-999.0,-999.0,-999.0,0,-999.0,-999.0,-999.0,0,0,0.010613591682926185
PSO J139.5942+35.9168,-999,-999,-999,151101395942150777,3578835000022988,214022515349963,0,16486947432640,15110,1,2038,90,0.00656172540649932,3578835,49831,3,268959744,0,32,-999.0,-999.0,-999.0,-999.0,139.59423602,35.91682407,0.18839000165462494,0.18839000165462494,,,,,56344.36663194,-999.0,-0.6166937843464386,0.5249545344626375,0.5866101883666732,130.77898990343576,19.231718971771475,188.03723217804952,44.313825018718816,-999,0,1,0,0,1,0,0,-999.0,-999.0,-999.0,-999.0,0,-999.0,-999.0,-999.0,-999.0,-999.0,0,-999.0,-999.0,-999.0,0,0,-999.0,-999.0,-999.0,-999.0,0,-999.0,-999.0,-999.0,-999.0,-999.0,0,-999.0,-999.0,-999.0,0,0,0.5691109895706177,21.26729965209961,0.18779100477695465,-999.0,1,21.26729965209961,21.26729965209961,-999.0,-999.0,-999.0,0,21.82360076904297,0.18779100477695465,-999.0,1,4120,-999.0,-999.0,-999.0,-999.0,0,-999.0,-999.0,-999.0,-999.0,-999.0,0,-999.0,-999.0,-999.0,0,0,-999.0,-999.0,-999.0,-999.0,0,-999.0,-999.0,-999.0,-999.0,-999.0,0,-999.0,-999.0,-999.0,0,0,0.006221777009827591
PSO J139.5942+35.9208,-999,-999,-999,151101395942295619,3578835000023000,214022515349975,0,16486947484187,15110,1,2038,90,0.745366065525791,3578835,49831,3,268959744,0,32,-999.0,-999.0,-999.0,-999.0,139.59424594,35.92083635,0.297650009393692,0.297650009393692,,,,,55650.26423611,-999.0,-0.6166625932846663,0.5249277992460464,0.5866669000566954,130.7776347198904,19.23552176399307,188.03164341048608,44.31415267144502,-999,0,1,0,0,0,1,0,-999.0,-999.0,-999.0,-999.0,0,-999.0,-999.0,-999.0,-999.0,-999.0,0,-999.0,-999.0,-999.0,0,0,-999.0,-999.0,-999.0,-999.0,0,-999.0,-999.0,-999.0,-999.0,-999.0,0,-999.0,-999.0,-999.0,0,0,-999.0,-999.0,-999.0,-999.0,0,-999.0,-999.0,-999.0,-999.0,-999.0,0,-999.0,-999.0,-999.0,0,0,0.8036209940910339,21.550399780273438,0.29727599024772644,-999.0,1,21.550399780273438,21.550399780273438,-999.0,-999.0,-999.0,1,21.570600509643555,0.29727599024772644,-999.0,1,4120,-999.0,-999.0,-999.0,-999.0,0,-999.0,-999.0,-999.0,-999.0,-999.0,0,-999.0,-999.0,-999.0,0,0,0.010174918077972545
PSO J139.5947+35.9177,-999,-999,-999,151101395946661780,3578835000023103,214022515350078,0,16486947432545,15110,1,2038,90,0.304155405894067,3578835,49831,3,268959744,0,32,-999.0,-999.0,-999.0,-999.0,139.59468805,35.91765948,0.2539199888706207,0.2539199888706207,,,,,56344.35071759,-999.0,-0.6166914127985418,0.524944124961659,0.5866219967310948,130.77907329139782,19.232627667433768,188.03610911009662,44.31425651279354,-999,0,1,0,0,1,0,0,-999.0,-999.0,-999.0,-999.0,0,-999.0,-999.0,-999.0,-999.0,-999.0,0,-999.0,-999.0,-999.0,0,0,-999.0,-999.0,-999.0,-999.0,0,-999.0,-999.0,-999.0,-999.0,-999.0,0,-999.0,-999.0,-999.0,0,0,0.6307970285415649,21.7106990814209,0.2534779906272888,-999.0,1,21.7106990814209,21.7106990814209,-999.0,-999.0,-999.0,0,22.312599182128906,0.2534779906272888,-999.0,1,4120,-999.0,-999.0,-999.0,-999.0,0,-999.0,-999.0,-999.0,-999.0,-999.0,0,-999.0,-999.0,-999.0,0,0,-999.0,-999.0,-999.0,-999.0,0,-999.0,-999.0,-999.0,-999.0,-999.0,0,-999.0,-999.0,-999.0,0,0,0.0069788510253079115
PSO J139.5947+35.9203,-999,-999,-999,151101395946854896,3578835000023110,214022515350085,0,16486947484271,15110,1,2038,90,0.937078212329259,3578835,49831,3,302067712,0,36,-999.0,-999.0,-999.0,-999.0,139.59470898,35.92025091,0.21191999316215515,0.21191999316215515,,,,,55248.2472338,-999.0,-0.6166714001400115,0.5249267011598125,0.5866586253170022,130.778209802412,19.235087565382052,188.03250075094192,44.31447984307462,-999,0,1,0,0,0,0,1,-999.0,-999.0,-999.0,-999.0,0,-999.0,-999.0,-999.0,-999.0,-999.0,0,-999.0,-999.0,-999.0,0,0,-999.0,-999.0,-999.0,-999.0,0,-999.0,-999.0,-999.0,-999.0,-999.0,0,-999.0,-999.0,-999.0,0,0,-999.0,-999.0,-999.0,-999.0,0,-999.0,-999.0,-999.0,-999.0,-999.0,0,-999.0,-999.0,-999.0,0,0,-999.0,-999.0,-999.0,-999.0,0,-999.0,-999.0,-999.0,-999.0,-999.0,0,-999.0,-999.0,-999.0,0,0,0.9987329840660095,19.342500686645508,0.21138900518417358,-999.0,1,19.342500686645508,19.342500686645508,-999.0,-999.0,-999.0,0,20.943700790405273,0.21138900518417358,-999.0,1,280,0.00954974965968371
PSO J139.5949+35.9230,-999,-999,-999,151101395949078201,3578835000023155,214022515350130,0,16486947486025,15110,1,2038,90,0.959875564053539,3578835,49831,3,268959744,0,32,-999.0,-999.0,-999.0,-999.0,139.59491771,35.92298913,0.31101998686790466,0.31101998686790466,,,,,55521.60189815,-999.0,-0.6166519621340472,0.5249062807912983,0.5866973274032159,130.77744897123085,19.23773527983688,188.02870477864502,44.314866341266004,-999,0,1,0,0,0,0,1,-999.0,-999.0,-999.0,-999.0,0,-999.0,-999.0,-999.0,-999.0,-999.0,0,-999.0,-999.0,-999.0,0,0,-999.0,-999.0,-999.0,-999.0,0,-999.0,-999.0,-999.0,-999.0,-999.0,0,-999.0,-999.0,-999.0,0,0,-999.0,-999.0,-999.0,-999.0,0,-999.0,-999.0,-999.0,-999.0,-999.0,0,-999.0,-999.0,-999.0,0,0,-999.0,-999.0,-999.0,-999.0,0,-999.0,-999.0,-999.0,-999.0,-999.0,0,-999.0,-999.0,-999.0,0,0,0.4914180040359497,20.43199920654297,0.3106600046157837,-999.0,1,20.43199920654297,20.43199920654297,-999.0,-999.0,-999.0,0,20.844200134277344,0.3106600046157837,-999.0,1,4120,0.012264956789772052
PSO J139.5954+35.9215,-999,-999,-999,151101395952086405,3578835000023233,214022515350208,0,16486947487085,15110,1,2038,90,0.680112840309844,3578835,49831,3,310456320,5,37,-999.0,-999.0,-999.0,-999.0,139.59538847433058,35.92153998793854,0.018927186011987833,0.018927186011987833,11656237.698446145,1980012.2309232194,656203.411169461,656203.411169461,57049.42530425093,27.813629150390625,-0.6166675743851515,0.5249108322662673,0.586676845351398,130.77832543890887,19.236481458327077,188.03077154295812,44.315131012943944,-999,0,3,0,0,3,0,0,-999.0,-999.0,-999.0,-999.0,0,-999.0,-999.0,-999.0,-999.0,-999.0,0,-999.0,-999.0,-999.0,0,0,-999.0,-999.0,-999.0,-999.0,0,-999.0,-999.0,-999.0,-999.0,-999.0,0,-999.0,-999.0,-999.0,0,0,0.9978389739990234,20.630699157714844,0.0401730015873909,0.07659800350666046,3,20.599599838256836,20.730600357055664,19.052200317382812,0.04569400101900101,0.08721300214529037,3,19.46430015563965,0.0268740002065897,0.05546199902892113,3,16777496,-999.0,-999.0,-999.0,-999.0,0,-999.0,-999.0,-999.0,-999.0,-999.0,0,-999.0,-999.0,-999.0,0,0,-999.0,-999.0,-999.0,-999.0,0,-999.0,-999.0,-999.0,-999.0,-999.0,0,-999.0,-999.0,-999.0,0,0,0.010797937833842629
PSO J139.5953+35.9179,-999,-999,-999,151101395952482081,3578835000023247,214022515350222,0,16486947476524,15110,1,2038,90,0.587357274803666,3578835,49831,3,302067712,0,36,-999.0,-999.0,-999.0,-999.0,139.59527167,35.9179066,0.23382000625133514,0.23382000625133514,,,,,55249.32226852,-999.0,-0.616694833230216,0.5249362032654347,0.5866254897022686,130.77946345870606,19.233013354446808,188.03581746780554,44.31474735027492,-999,0,1,0,1,0,0,0,-999.0,-999.0,-999.0,-999.0,0,-999.0,-999.0,-999.0,-999.0,-999.0,0,-999.0,-999.0,-999.0,0,0,0.8602820038795471,21.90410041809082,0.2333350032567978,-999.0,1,21.90410041809082,21.90410041809082,-999.0,-999.0,-999.0,1,22.374799728393555,0.2333350032567978,-999.0,1,280,-999.0,-999.0,-999.0,-999.0,0,-999.0,-999.0,-999.0,-999.0,-999.0,0,-999.0,-999.0,-999.0,0,0,-999.0,-999.0,-999.0,-999.0,0,-999.0,-999.0,-999.0,-999.0,-999.0,0,-999.0,-999.0,-999.0,0,0,-999.0,-999.0,-999.0,-999.0,0,-999.0,-999.0,-999.0,-999.0,-999.0,0,-999.0,-999.0,-999.0,0,0,0.007174669591560727
PSO J139.5953+35.9192,-999,-999,-999,151101395953243665,3578835000023262,214022515350237,0,16486947483783,15110,1,2038,90,0.607240758470484,3578835,49831,3,268959744,0,32,-999.0,-999.0,-999.0,-999.0,139.59534078,35.91922304,0.23491999506950378,0.23491999506950378,,,,,55249.32226852,-999.0,-0.6166852026117102,0.5249267227964354,0.5866440970247192,130.77907231230122,19.234278168301653,188.0339896887571,44.31490801064041,-999,0,1,0,1,0,0,0,-999.0,-999.0,-999.0,-999.0,0,-999.0,-999.0,-999.0,-999.0,-999.0,0,-999.0,-999.0,-999.0,0,0,0.8060780167579651,21.816499710083008,0.2344360053539276,-999.0,1,21.816499710083008,21.816499710083008,-999.0,-999.0,-999.0,1,22.62820053100586,0.2344360053539276,-999.0,1,4120,-999.0,-999.0,-999.0,-999.0,0,-999.0,-999.0,-999.0,-999.0,-999.0,0,-999.0,-999.0,-999.0,0,0,-999.0,-999.0,-999.0,-999.0,0,-999.0,-999.0,-999.0,-999.0,-999.0,0,-999.0,-999.0,-999.0,0,0,-999.0,-999.0,-999.0,-999.0,0,-999.0,-999.0,-999.0,-999.0,-999.0,0,-999.0,-999.0,-999.0,0,0,0.008485135851270371
PSO J139.5954+35.9213,-999,-999,-999,151101395954136129,3578835000023280,214022515350255,0,16486947484317,15110,1,2038,90,0.775958855427763,3578835,49831,3,1384198144,0,165,139.5952954,35.92136617,0.0010000000474974513,0.0010000000474974513,139.59543177,35.92127001,0.06278999894857407,0.06278999894857407,,,,,57049.45013889,-999.0,-0.6166700760996555,0.5249121581200115,0.5866730294644856,130.77845071121095,19.23624058134248,188.03114611853576,44.315144468081975,-999,1,1,0,0,1,0,0,-999.0,-999.0,-999.0,-999.0,0,-999.0,-999.0,-999.0,-999.0,-999.0,0,-999.0,-999.0,-999.0,0,16416,-999.0,-999.0,-999.0,-999.0,0,-999.0,-999.0,-999.0,-999.0,-999.0,0,-999.0,-999.0,-999.0,0,16416,0.9972890019416809,20.79960060119629,0.06097399815917015,-999.0,1,20.79960060119629,20.79960060119629,19.062400817871094,0.03968299925327301,-999.0,1,19.48270034790039,0.06097399815917015,-999.0,1,16892216,-999.0,-999.0,-999.0,-999.0,0,-999.0,-999.0,-999.0,-999.0,-999.0,0,-999.0,-999.0,-999.0,0,16416,-999.0,-999.0,-999.0,-999.0,0,-999.0,-999.0,-999.0,-999.0,-999.0,0,-999.0,-999.0,-999.0,0,16416,0.01052684235243977
PSO J139.5955+35.9184,-999,-999,-999,151101395954912734,3578835000023293,214022515350268,0,16486947476497,15110,1,2038,90,0.359119157641306,3578835,49831,3,268959744,0,32,-999.0,-999.0,-999.0,-999.0,139.59550677,35.91843932,0.18852999806404114,0.18852999806404114,,,,,55268.34509259,-999.0,-0.6166928337881725,0.5249301374214085,0.5866330195113931,130.77947344917487,19.233578998025664,188.03509650339066,44.314979582483524,-999,0,1,0,1,0,0,0,-999.0,-999.0,-999.0,-999.0,0,-999.0,-999.0,-999.0,-999.0,-999.0,0,-999.0,-999.0,-999.0,0,0,0.5937029719352722,21.461700439453125,0.1879339963197708,-999.0,1,21.461700439453125,21.461700439453125,21.6830997467041,0.2206670045852661,-999.0,1,21.20319938659668,0.1879339963197708,-999.0,1,4120,-999.0,-999.0,-999.0,-999.0,0,-999.0,-999.0,-999.0,-999.0,-999.0,0,-999.0,-999.0,-999.0,0,0,-999.0,-999.0,-999.0,-999.0,0,-999.0,-999.0,-999.0,-999.0,-999.0,0,-999.0,-999.0,-999.0,0,0,-999.0,-999.0,-999.0,-999.0,0,-999.0,-999.0,-999.0,-999.0,-999.0,0,-999.0,-999.0,-999.0,0,0,0.00769591240242998
PSO J139.5961+35.9179,-999,-999,-999,151101395961092041,3578835000023455,214022515350430,0,16486947483650,15110,1,2038,90,0.0697492976391216,3578835,49831,3,268959744,0,32,-999.0,-999.0,-999.0,-999.0,139.59611583,35.91785742,0.26927998661994934,0.26927998661994934,,,,,55651.26361111,-999.0,-0.6167029506796643,0.524927443589154,0.5866247945577744,130.78016596057842,19.233186094852805,188.0359621056694,44.315424909275684,-999,0,1,0,0,0,0,1,-999.0,-999.0,-999.0,-999.0,0,-999.0,-999.0,-999.0,-999.0,-999.0,0,-999.0,-999.0,-999.0,0,0,-999.0,-999.0,-999.0,-999.0,0,-999.0,-999.0,-999.0,-999.0,-999.0,0,-999.0,-999.0,-999.0,0,0,-999.0,-999.0,-999.0,-999.0,0,-999.0,-999.0,-999.0,-999.0,-999.0,0,-999.0,-999.0,-999.0,0,0,-999.0,-999.0,-999.0,-999.0,0,-999.0,-999.0,-999.0,-999.0,-999.0,0,-999.0,-999.0,-999.0,0,0,0.6973080039024353,20.1914005279541,0.2688620090484619,-999.0,1,20.1914005279541,20.1914005279541,-999.0,-999.0,-999.0,0,20.790300369262695,0.2688620090484619,-999.0,1,4120,0.007109569184339207
PSO J139.5962+35.9184,-999,-999,-999,151101395962222635,3578835000023482,214022515350457,0,16486947483699,15110,1,2038,90,0.1276745769453,3578835,49831,3,302067712,0,36,-999.0,-999.0,-999.0,-999.0,139.59624669,35.91835895,0.20115000009536743,0.20115000009536743,,,,,57049.41266204,-999.0,-0.6167002393266675,0.5249227067486637,0.5866318835130659,130.78010186231973,19.23369511439502,188.035275185721,44.315570502709264,-999,0,1,0,0,1,0,0,-999.0,-999.0,-999.0,-999.0,0,-999.0,-999.0,-999.0,-999.0,-999.0,0,-999.0,-999.0,-999.0,0,0,-999.0,-999.0,-999.0,-999.0,0,-999.0,-999.0,-999.0,-999.0,-999.0,0,-999.0,-999.0,-999.0,0,0,0.9977520108222961,22.02989959716797,0.20058999955654144,-999.0,1,22.02989959716797,22.02989959716797,-999.0,-999.0,-999.0,1,21.853700637817383,0.20058999955654144,-999.0,1,280,-999.0,-999.0,-999.0,-999.0,0,-999.0,-999.0,-999.0,-999.0,-999.0,0,-999.0,-999.0,-999.0,0,0,-999.0,-999.0,-999.0,-999.0,0,-999.0,-999.0,-999.0,-999.0,-999.0,0,-999.0,-999.0,-999.0,0,0,0.0076141288705924666
PSO J139.5963+35.9243,-999,-999,-999,151101395963159684,3578835000023519,214022515350494,0,16486947486748,15110,1,2038,90,0.888481186598987,3578835,49831,3,436527104,7,52,139.59622533,35.92434741,0.0010000000474974513,0.0010000000474974513,139.59626483479454,35.92430823561362,0.031986316137765584,0.031986316137765584,-14.632843514816548,67.29955354711525,20.48634996966046,20.48634996966046,56094.4025079136,4.199892520904541,-0.6166540174574257,0.5248830268613588,0.5867159712045302,130.77809465894174,19.239333374763447,188.02698973900664,44.31605786817121,-999,5,10,0,2,5,3,0,-999.0,-999.0,-999.0,-999.0,0,-999.0,-999.0,-999.0,-999.0,-999.0,0,-999.0,-999.0,-999.0,0,114720,0.998993992805481,21.716899871826172,0.08742599934339523,0.12421900033950806,2,21.63800048828125,21.81279945373535,-999.0,-999.0,-999.0,2,20.830299377441406,0.222353994846344,0.316989004611969,2,16892216,0.9984930157661438,21.694299697875977,0.03542200103402138,0.10341499745845795,3,21.55739974975586,21.729900360107422,-999.0,-999.0,-999.0,3,21.2908992767334,0.05969100072979927,0.1808290034532547,3,16892216,0.9990879893302917,20.826499938964844,0.16942499577999115,0.277974009513855,3,20.52519989013672,21.071699142456055,20.857099533081055,0.23994199931621552,0.3606239855289459,3,20.69230079650879,0.19116400182247162,0.32349300384521484,3,115000,-999.0,-999.0,-999.0,-999.0,0,-999.0,-999.0,-999.0,-999.0,-999.0,0,-999.0,-999.0,-999.0,0,114720,0.013561454680771622
PSO J139.5964+35.9166,-999,-999,-999,151101395963360221,3578835000023513,214022515350488,0,16486947434716,15110,1,2038,90,0.400077159889114,3578835,49831,3,302067712,0,36,-999.0,-999.0,-999.0,-999.0,139.59638487,35.91655834,0.1792300045490265,0.1792300045490265,,,,,56303.55474537,-999.0,-0.6167155438109456,0.5249331687084077,0.5866064322965782,130.7808259214804,19.232025579920244,188.03779621179794,44.315538597647375,-999,0,2,0,1,0,0,1,-999.0,-999.0,-999.0,-999.0,0,-999.0,-999.0,-999.0,-999.0,-999.0,0,-999.0,-999.0,-999.0,0,0,0.999671995639801,21.934200286865234,0.1785999983549118,-999.0,1,21.934200286865234,21.934200286865234,21.97100067138672,0.2827329933643341,-999.0,1,21.867300033569336,0.1785999983549118,-999.0,1,280,-999.0,-999.0,-999.0,-999.0,0,-999.0,-999.0,-999.0,-999.0,-999.0,0,-999.0,-999.0,-999.0,0,0,-999.0,-999.0,-999.0,-999.0,0,-999.0,-999.0,-999.0,-999.0,-999.0,0,-999.0,-999.0,-999.0,0,0,0.7471839785575867,19.98419952392578,0.20265300571918488,-999.0,1,19.98419952392578,19.98419952392578,-999.0,-999.0,-999.0,0,19.57430076599121,0.20265300571918488,-999.0,1,4120,0.005821599830502504
PSO J139.6005+35.9304,-999,-999,-999,151111396006176941,3578835000024594,214022515351569,0,16486947443458,15111,1,2038,90,0.623445885836562,3578835,49831,3,1375809536,0,164,139.60042547,35.93047681,0.0010000000474974513,0.0010000000474974513,139.60054986,35.93043176,0.061489999294281006,0.061489999294281006,,,,,56042.72049769,8.790900230407715,-0.6166455139061364,0.5247962638732083,0.5868025149947457,130.7794950445671,19.246247701323973,188.01884218816332,44.320004340100255,-999,1,3,0,0,0,3,0,-999.0,-999.0,-999.0,-999.0,0,-999.0,-999.0,-999.0,-999.0,-999.0,0,-999.0,-999.0,-999.0,0,16416,-999.0,-999.0,-999.0,-999.0,0,-999.0,-999.0,-999.0,-999.0,-999.0,0,-999.0,-999.0,-999.0,0,16416,-999.0,-999.0,-999.0,-999.0,0,-999.0,-999.0,-999.0,-999.0,-999.0,0,-999.0,-999.0,-999.0,0,16416,0.26997798681259155,20.417400360107422,0.09199000149965286,0.1395449936389923,3,20.274599075317383,20.515600204467773,20.593299865722656,0.06117599830031395,0.18021999299526215,3,20.466999053955078,0.04118400067090988,0.07199700176715851,3,115256,-999.0,-999.0,-999.0,-999.0,0,-999.0,-999.0,-999.0,-999.0,-999.0,0,-999.0,-999.0,-999.0,0,16416,0.02003874797897813
PSO J139.6008+35.9264,-999,-999,-999,151111396007112429,3578835000185556,214022515512781,0,16486947473481,15111,1,2038,90,0.188654070895774,3578835,49831,3,404226048,0,48,139.60076721,35.92637804,0.0010000000474974513,0.0010000000474974513,139.60076721,35.92637804,0.0010000000474974513,0.0010000000474974513,,,,,55677.96204861,-999.0,-0.6166791200952172,0.5248208307197441,0.5867452245065369,130.78104923837614,19.242464777572145,188.0245097971124,44.319857731544246,-999,3,0,0,0,0,0,0,-999.0,-999.0,-999.0,-999.0,0,-999.0,-999.0,-999.0,-999.0,-999.0,0,-999.0,-999.0,-999.0,0,16416,-999.0,-999.0,-999.0,-999.0,0,-999.0,-999.0,-999.0,-999.0,-999.0,0,-999.0,-999.0,-999.0,0,114720,-999.0,-999.0,-999.0,-999.0,0,-999.0,-999.0,-999.0,-999.0,-999.0,0,-999.0,-999.0,-999.0,0,114720,-999.0,-999.0,-999.0,-999.0,0,-999.0,-999.0,-999.0,-999.0,-999.0,0,-999.0,-999.0,-999.0,0,114720,-999.0,-999.0,-999.0,-999.0,0,-999.0,-999.0,-999.0,-999.0,-999.0,0,-999.0,-999.0,-999.0,0,16416,0.016117467967677948
PSO J139.6009+35.9315,-999,-999,-999,151111396008198467,3578835000024639,214022515351614,0,16486947443449,15111,1,2038,90,0.36337826248573,3578835,49831,3,268959744,0,32,-999.0,-999.0,-999.0,-999.0,139.60090502,35.93148765,0.0251499991863966,0.0251499991863966,,,,,55903.57219907,-999.0,-0.616640531432974,0.5247854327013657,0.5868174372140792,130.7794246968036,19.247340036404474,188.01740291701728,44.32037485375018,-999,0,1,0,0,0,0,1,-999.0,-999.0,-999.0,-999.0,0,-999.0,-999.0,-999.0,-999.0,-999.0,0,-999.0,-999.0,-999.0,0,0,-999.0,-999.0,-999.0,-999.0,0,-999.0,-999.0,-999.0,-999.0,-999.0,0,-999.0,-999.0,-999.0,0,0,-999.0,-999.0,-999.0,-999.0,0,-999.0,-999.0,-999.0,-999.0,-999.0,0,-999.0,-999.0,-999.0,0,0,-999.0,-999.0,-999.0,-999.0,0,-999.0,-999.0,-999.0,-999.0,-999.0,0,-999.0,-999.0,-999.0,0,0,0.0,16.634300231933594,0.020184999331831932,-999.0,1,16.634300231933594,16.634300231933594,15.81029987335205,0.024003999307751656,-999.0,1,16.63409996032715,0.020184999331831932,-999.0,1,4120,0.021130037794690866
PSO J139.6010+35.9270,-999,-999,-999,151111396009473029,3578835000024670,214022515351645,0,16486947444552,15111,1,2038,90,0.493677554180545,3578835,49831,3,268959744,0,32,-999.0,-999.0,-999.0,-999.0,139.60096524,35.92703794,0.2079000025987625,0.2079000025987625,,,,,55250.30479167,-999.0,-0.6166757875819192,0.5248143194936599,0.5867545509534855,130.78098584637354,19.24314123951933,188.02360816984523,44.320070026828816,-999,0,1,0,1,0,0,0,-999.0,-999.0,-999.0,-999.0,0,-999.0,-999.0,-999.0,-999.0,-999.0,0,-999.0,-999.0,-999.0,0,0,0.7304890155792236,21.430200576782227,0.2073580026626587,-999.0,1,21.430200576782227,21.430200576782227,-999.0,-999.0,-999.0,0,21.371200561523438,0.2073580026626587,-999.0,1,4120,-999.0,-999.0,-999.0,-999.0,0,-999.0,-999.0,-999.0,-999.0,-999.0,0,-999.0,-999.0,-999.0,0,0,-999.0,-999.0,-999.0,-999.0,0,-999.0,-999.0,-999.0,-999.0,-999.0,0,-999.0,-999.0,-999.0,0,0,-999.0,-999.0,-999.0,-999.0,0,-999.0,-999.0,-999.0,-999.0,-999.0,0,-999.0,-999.0,-999.0,0,0,0.016796547678098392
PSO J139.6016+35.9322,-999,-999,-999,151111396015209225,3578835000024797,214022515351772,0,16486947561780,15111,1,2038,90,0.491532373699855,3578835,49831,3,436527104,7,52,139.60158338,35.93222346,0.0010000000474974513,0.0010000000474974513,139.6016046794399,35.93223086856084,0.013035719241206185,0.013035719241206185,1.5030116698512643,-5.5298076706378,6.647361888041579,6.647361888041579,56050.582571810235,2.591287136077881,-0.6166411427364054,0.5247729692927665,0.5868279405280505,130.77974489227302,19.248215840507864,188.01644525137567,44.32099853797037,-999,4,43,10,15,16,1,1,0.9993119835853577,21.784900665283203,0.06416700035333633,0.22678899765014648,10,21.4685001373291,22.21470069885254,21.840900421142578,0.10830499976873398,0.4128139913082123,9,21.758899688720703,0.08732599765062332,0.3330079913139343,10,115000,0.9997149705886841,21.689800262451172,0.04797700047492981,0.17476600408554077,15,21.289400100708008,21.88279914855957,21.816999435424805,0.06779900193214417,0.4163919985294342,14,21.770299911499023,0.10971999913454056,0.38736599683761597,15,115000,0.9996240139007568,21.521900177001953,0.0629350021481514,0.20596399903297424,15,21.065000534057617,21.871000289916992,21.569599151611328,0.10757599771022797,0.39841601252555847,16,21.6476993560791,0.10859899967908859,0.42830801010131836,16,115000,0.9988610148429871,21.34040069580078,0.19109700620174408,-999.0,1,21.34040069580078,21.34040069580078,-999.0,-999.0,-999.0,1,21.635000228881836,0.19109700620174408,-999.0,1,115000,0.6198760271072388,19.722999572753906,0.3068070113658905,-999.0,1,19.722999572753906,19.722999572753906,-999.0,-999.0,-999.0,0,-999.0,-999.0,-999.0,0,20528,0.021972028016430792
PSO J139.6016+35.9252,-999,-999,-999,151111396015330801,3578835000024795,214022515351770,0,16486947473412,15111,1,2038,90,0.174330119205946,3578835,49831,3,302067712,0,36,-999.0,-999.0,-999.0,-999.0,139.60157238,35.92517191,0.29148000478744507,0.29148000478744507,,,,,55250.26778935,-999.0,-0.6166959015245935,0.5248201694613219,0.5867281779234387,130.7821132027415,19.24153161498233,188.0262627415074,44.320411807122774,-999,0,1,0,0,0,0,1,-999.0,-999.0,-999.0,-999.0,0,-999.0,-999.0,-999.0,-999.0,-999.0,0,-999.0,-999.0,-999.0,0,0,-999.0,-999.0,-999.0,-999.0,0,-999.0,-999.0,-999.0,-999.0,-999.0,0,-999.0,-999.0,-999.0,0,0,-999.0,-999.0,-999.0,-999.0,0,-999.0,-999.0,-999.0,-999.0,-999.0,0,-999.0,-999.0,-999.0,0,0,-999.0,-999.0,-999.0,-999.0,0,-999.0,-999.0,-999.0,-999.0,-999.0,0,-999.0,-999.0,-999.0,0,0,0.8608850240707397,19.631999969482422,0.2910909950733185,-999.0,1,19.631999969482422,19.631999969482422,-999.0,-999.0,-999.0,0,20.952600479125977,0.2910909950733185,-999.0,1,272,0.015135873946534007
PSO J139.6017+35.9248,-999,-999,-999,151111396016690370,3578835000024825,214022515351800,0,16486947473411,15111,1,2038,90,0.296210535146492,3578835,49831,3,268959744,0,32,-999.0,-999.0,-999.0,-999.0,139.60168815,35.92482304,0.23172999918460846,0.23172999918460846,,,,,55250.30479167,-999.0,-0.6166996826461116,0.5248212387332994,0.5867232471946464,130.78232580748139,19.241231269739554,188.02675924260913,44.32047752598024,-999,0,1,0,1,0,0,0,-999.0,-999.0,-999.0,-999.0,0,-999.0,-999.0,-999.0,-999.0,-999.0,0,-999.0,-999.0,-999.0,0,0,0.6710789799690247,21.493600845336914,0.23124699294567108,-999.0,1,21.493600845336914,21.493600845336914,-999.0,-999.0,-999.0,0,21.896299362182617,0.23124699294567108,-999.0,1,4120,-999.0,-999.0,-999.0,-999.0,0,-999.0,-999.0,-999.0,-999.0,-999.0,0,-999.0,-999.0,-999.0,0,0,-999.0,-999.0,-999.0,-999.0,0,-999.0,-999.0,-999.0,-999.0,-999.0,0,-999.0,-999.0,-999.0,0,0,-999.0,-999.0,-999.0,-999.0,0,-999.0,-999.0,-999.0,-999.0,-999.0,0,-999.0,-999.0,-999.0,0,0,0.014833204043401658
PSO J139.6017+35.9279,-999,-999,-999,151111396017224031,3578835000024841,214022515351816,0,16486947444507,15111,1,2038,90,0.0196799989973009,3578835,49831,3,268959744,0,32,-999.0,-999.0,-999.0,-999.0,139.60173818,35.92787131,0.5716699957847595,0.5716699957847595,,,,,55250.32818287,-999.0,-0.6166763679674176,0.5248004691186704,0.5867663289618259,130.7813305164963,19.24413137025774,188.02251653394845,44.32076016034058,-999,0,1,1,0,0,0,0,0.5582720041275024,22.600000381469727,-999.0,-999.0,1,22.600000381469727,22.600000381469727,-999.0,-999.0,-999.0,0,22.992000579833984,0.5714750289916992,-999.0,1,4120,-999.0,-999.0,-999.0,-999.0,0,-999.0,-999.0,-999.0,-999.0,-999.0,0,-999.0,-999.0,-999.0,0,0,-999.0,-999.0,-999.0,-999.0,0,-999.0,-999.0,-999.0,-999.0,-999.0,0,-999.0,-999.0,-999.0,0,0,-999.0,-999.0,-999.0,-999.0,0,-999.0,-999.0,-999.0,-999.0,-999.0,0,-999.0,-999.0,-999.0,0,0,-999.0,-999.0,-999.0,-999.0,0,-999.0,-999.0,-999.0,-999.0,-999.0,0,-999.0,-999.0,-999.0,0,0,0.017762133320627843
PSO J139.6021+35.9249,-999,-999,-999,151111396020570482,3578835000024911,214022515351886,0,16486947450893,15111,1,2038,90,0.0467542335826477,3578835,49831,3,268959744,0,32,-999.0,-999.0,-999.0,-999.0,139.60207664,35.92490761,0.4085400104522705,0.4085400104522705,,,,,55250.24451389,-999.0,-0.6167025816183918,0.5248164959721798,0.5867244424605931,130.7826126577369,19.241412307291057,188.0266763653777,44.32079784743547,-999,0,1,0,0,0,1,0,-999.0,-999.0,-999.0,-999.0,0,-999.0,-999.0,-999.0,-999.0,-999.0,0,-999.0,-999.0,-999.0,0,0,-999.0,-999.0,-999.0,-999.0,0,-999.0,-999.0,-999.0,-999.0,-999.0,0,-999.0,-999.0,-999.0,0,0,-999.0,-999.0,-999.0,-999.0,0,-999.0,-999.0,-999.0,-999.0,-999.0,0,-999.0,-999.0,-999.0,0,0,0.5940210223197937,21.340200424194336,0.4082599878311157,-999.0,1,21.340200424194336,21.340200424194336,-999.0,-999.0,-999.0,0,-999.0,-999.0,-999.0,0,4120,-999.0,-999.0,-999.0,-999.0,0,-999.0,-999.0,-999.0,-999.0,-999.0,0,-999.0,-999.0,-999.0,0,0,0.01501532580309453
PSO J139.6029+35.9271,-999,-999,-999,151111396029103112,3578835000025110,214022515352085,0,16486947444132,15111,1,2038,90,0.805083194566037,3578835,49831,3,268959744,0,32,-999.0,-999.0,-999.0,-999.0,139.60290959,35.92709677,0.26205000281333923,0.26205000281333923,,,,,55250.26215278,-999.0,-0.6166931381418559,0.5247930016605705,0.586755382401251,130.7825453221668,19.24370213991872,188.02370106144573,44.321644188973316,-999,0,1,0,0,0,0,1,-999.0,-999.0,-999.0,-999.0,0,-999.0,-999.0,-999.0,-999.0,-999.0,0,-999.0,-999.0,-999.0,0,0,-999.0,-999.0,-999.0,-999.0,0,-999.0,-999.0,-999.0,-999.0,-999.0,0,-999.0,-999.0,-999.0,0,0,-999.0,-999.0,-999.0,-999.0,0,-999.0,-999.0,-999.0,-999.0,-999.0,0,-999.0,-999.0,-999.0,0,0,-999.0,-999.0,-999.0,-999.0,0,-999.0,-999.0,-999.0,-999.0,-999.0,0,-999.0,-999.0,-999.0,0,0,0.6882429718971252,19.500499725341797,0.2616179883480072,-999.0,1,19.500499725341797,19.500499725341797,-999.0,-999.0,-999.0,0,19.13629913330078,0.2616179883480072,-999.0,1,4112,0.01730438771112193
PSO J139.6033+35.9287,-999,-999,-999,151111396032895095,3578835000025195,214022515352170,0,16486947445983,15111,1,2038,90,0.863862028218677,3578835,49831,3,268959744,0,32,-999.0,-999.0,-999.0,-999.0,139.60329349,35.92873928,0.37349000573158264,0.37349000573158264,,,,,55250.29357639,-999.0,-0.6166838439680719,0.5247779683383152,0.5867785958395833,130.7822989573314,19.245357547554327,188.02144698183443,44.3220845397102,-999,0,1,0,0,1,0,0,-999.0,-999.0,-999.0,-999.0,0,-999.0,-999.0,-999.0,-999.0,-999.0,0,-999.0,-999.0,-999.0,0,0,-999.0,-999.0,-999.0,-999.0,0,-999.0,-999.0,-999.0,-999.0,-999.0,0,-999.0,-999.0,-999.0,0,0,0.43377798795700073,21.168899536132812,0.3731899857521057,-999.0,1,21.168899536132812,21.168899536132812,-999.0,-999.0,-999.0,0,-999.0,-999.0,-999.0,0,4112,-999.0,-999.0,-999.0,-999.0,0,-999.0,-999.0,-999.0,-999.0,-999.0,0,-999.0,-999.0,-999.0,0,0,-999.0,-999.0,-999.0,-999.0,0,-999.0,-999.0,-999.0,-999.0,-999.0,0,-999.0,-999.0,-999.0,0,0,0.018959557863481215
PSO J139.6035+35.9281,-999,-999,-999,151111396034504374,3578835000025232,214022515352207,0,16486947444205,15111,1,2038,90,0.998638530260547,3578835,49831,3,268959744,0,32,-999.0,-999.0,-999.0,-999.0,139.60345862,35.92813899,0.67603999376297,0.67603999376297,,,,,55250.31699074,-999.0,-0.6166900383247621,0.5247801751509159,0.5867701120537561,130.78263711247013,19.244831903367043,188.0222982453409,44.32217015604732,-999,0,1,0,1,0,0,0,-999.0,-999.0,-999.0,-999.0,0,-999.0,-999.0,-999.0,-999.0,-999.0,0,-999.0,-999.0,-999.0,0,0,0.430323988199234,22.392499923706055,-999.0,-999.0,1,22.392499923706055,22.392499923706055,-999.0,-999.0,-999.0,0,-999.0,-999.0,-999.0,0,4120,-999.0,-999.0,-999.0,-999.0,0,-999.0,-999.0,-999.0,-999.0,-999.0,0,-999.0,-999.0,-999.0,0,0,-999.0,-999.0,-999.0,-999.0,0,-999.0,-999.0,-999.0,-999.0,-999.0,0,-999.0,-999.0,-999.0,0,0,-999.0,-999.0,-999.0,-999.0,0,-999.0,-999.0,-999.0,-999.0,-999.0,0,-999.0,-999.0,-999.0,0,0,0.018434944905413732
PSO J139.6036+35.9267,-999,-999,-999,151111396035632641,3578835000025251,214022515352226,0,16486947451471,15111,1,2038,90,0.736150934115193,3578835,49831,3,302067712,0,36,-999.0,-999.0,-999.0,-999.0,139.6035823,35.92669391,0.17282000184059143,0.17282000184059143,,,,,55918.63284722,-999.0,-0.6167024416613729,0.5247884347107051,0.5867496887453703,130.78322870411466,19.243495368637053,188.0243228798125,44.322155198564936,-999,0,1,0,1,0,0,0,-999.0,-999.0,-999.0,-999.0,0,-999.0,-999.0,-999.0,-999.0,-999.0,0,-999.0,-999.0,-999.0,0,0,0.9992799758911133,21.93630027770996,0.17217199504375458,-999.0,1,21.93630027770996,21.93630027770996,-999.0,-999.0,-999.0,1,22.006999969482422,0.17217199504375458,-999.0,1,280,-999.0,-999.0,-999.0,-999.0,0,-999.0,-999.0,-999.0,-999.0,-999.0,0,-999.0,-999.0,-999.0,0,0,-999.0,-999.0,-999.0,-999.0,0,-999.0,-999.0,-999.0,-999.0,-999.0,0,-999.0,-999.0,-999.0,0,0,-999.0,-999.0,-999.0,-999.0,0,-999.0,-999.0,-999.0,-999.0,-999.0,0,-999.0,-999.0,-999.0,0,0,0.017114773142282363
PSO J139.6037+35.9322,-999,-999,-999,151111396036889199,3578835000025298,214022515352273,0,16486947563107,15111,1,2038,90,0.88635457203384,3578835,49831,3,268959744,0,32,-999.0,-999.0,-999.0,-999.0,139.6036943,35.93215482,0.23387999832630157,0.23387999832630157,,,,,56759.31069444,-999.0,-0.6166608743854407,0.5247509843522425,0.5868268657990497,130.78146370330126,19.248696619971223,188.0167238865495,44.322679207651035,-999,0,1,0,0,1,0,0,-999.0,-999.0,-999.0,-999.0,0,-999.0,-999.0,-999.0,-999.0,-999.0,0,-999.0,-999.0,-999.0,0,0,-999.0,-999.0,-999.0,-999.0,0,-999.0,-999.0,-999.0,-999.0,-999.0,0,-999.0,-999.0,-999.0,0,0,0.7084760069847107,16.848899841308594,0.23340100049972534,-999.0,1,16.848899841308594,16.848899841308594,-999.0,-999.0,-999.0,0,16.945100784301758,0.23340100049972534,-999.0,1,4112,-999.0,-999.0,-999.0,-999.0,0,-999.0,-999.0,-999.0,-999.0,-999.0,0,-999.0,-999.0,-999.0,0,0,-999.0,-999.0,-999.0,-999.0,0,-999.0,-999.0,-999.0,-999.0,-999.0,0,-999.0,-999.0,-999.0,0,0,0.022316084116469893
PSO J139.6044+35.9313,-999,-999,-999,151111396043398209,3578835000025458,214022515352433,0,16486947445661,15111,1,2038,90,0.627966019909797,3578835,49831,3,268959744,0,32,-999.0,-999.0,-999.0,-999.0,139.60435562,35.93133879,0.21222999691963196,0.21222999691963196,,,,,55249.29931713,-999.0,-0.6166732962873377,0.5247492830253206,0.5868153334827928,130.7822782499592,19.24809556577978,188.0179203297496,44.32314824156586,-999,0,1,0,0,1,0,0,-999.0,-999.0,-999.0,-999.0,0,-999.0,-999.0,-999.0,-999.0,-999.0,0,-999.0,-999.0,-999.0,0,0,-999.0,-999.0,-999.0,-999.0,0,-999.0,-999.0,-999.0,-999.0,-999.0,0,-999.0,-999.0,-999.0,0,0,0.6951730251312256,20.944799423217773,0.21169400215148926,-999.0,1,20.944799423217773,20.944799423217773,-999.0,-999.0,-999.0,0,25.786300659179688,0.21169400215148926,-999.0,1,4120,-999.0,-999.0,-999.0,-999.0,0,-999.0,-999.0,-999.0,-999.0,-999.0,0,-999.0,-999.0,-999.0,0,0,-999.0,-999.0,-999.0,-999.0,0,-999.0,-999.0,-999.0,-999.0,-999.0,0,-999.0,-999.0,-999.0,0,0,0.02169764184633133
PSO J139.6047+35.9267,-999,-999,-999,151111396047182614,3578835000025559,214022515352534,0,16486947451554,15111,1,2038,90,0.104363129571418,3578835,49831,3,268959744,0,32,-999.0,-999.0,-999.0,-999.0,139.60471889,35.92667516,-999.0,-999.0,,,,,-999.0,-999.0,-0.6167129981287417,0.524776325370122,0.5867494237492616,130.78415837352878,19.24377293034552,188.0244512081741,44.32307117479253,-999,0,1,0,0,0,0,1,-999.0,-999.0,-999.0,-999.0,0,-999.0,-999.0,-999.0,-999.0,-999.0,0,-999.0,-999.0,-999.0,0,0,-999.0,-999.0,-999.0,-999.0,0,-999.0,-999.0,-999.0,-999.0,-999.0,0,-999.0,-999.0,-999.0,0,0,-999.0,-999.0,-999.0,-999.0,0,-999.0,-999.0,-999.0,-999.0,-999.0,0,-999.0,-999.0,-999.0,0,0,-999.0,-999.0,-999.0,-999.0,0,-999.0,-999.0,-999.0,-999.0,-999.0,0,-999.0,-999.0,-999.0,0,0,-999.0,-999.0,-999.0,-999.0,0,-999.0,-999.0,-999.0,-999.0,-999.0,0,-999.0,-999.0,-999.0,0,16,0.017453325821261686
PSO J139.6049+35.9250,-999,-999,-999,151111396049150636,3578835000025605,214022515352580,0,16486947451319,15111,1,2038,90,0.077820818943736,3578835,49831,3,268959744,0,32,-999.0,-999.0,-999.0,-999.0,139.60492247,35.92502008,0.3528299927711487,0.3528299927711487,,,,,55250.29849537,-999.0,-0.6167277708755927,0.5247851178798981,0.5867260320478408,130.7848862458277,19.242258263586102,188.02677566950044,44.323104009772656,-999,0,1,0,0,1,0,0,-999.0,-999.0,-999.0,-999.0,0,-999.0,-999.0,-999.0,-999.0,-999.0,0,-999.0,-999.0,-999.0,0,0,-999.0,-999.0,-999.0,-999.0,0,-999.0,-999.0,-999.0,-999.0,-999.0,0,-999.0,-999.0,-999.0,0,0,0.7055680155754089,21.77910041809082,0.35251298546791077,-999.0,1,21.77910041809082,21.77910041809082,-999.0,-999.0,-999.0,0,-999.0,-999.0,-999.0,0,4112,-999.0,-999.0,-999.0,-999.0,0,-999.0,-999.0,-999.0,-999.0,-999.0,0,-999.0,-999.0,-999.0,0,0,-999.0,-999.0,-999.0,-999.0,0,-999.0,-999.0,-999.0,-999.0,-999.0,0,-999.0,-999.0,-999.0,0,0,0.01603204071323763
PSO J139.6051+35.9306,-999,-999,-999,151111396049347427,3578835000025618,214022515352593,0,16486947445748,15111,1,2038,90,0.834885562616294,3578835,49831,3,268513280,0,32,-999.0,-999.0,-999.0,-999.0,139.60505782,35.93064834,0.019670000299811363,0.019670000299811363,,,,,56324.5365162,-999.0,-0.6166851129837077,0.5247463078829562,0.5868055757978765,130.78308332586641,19.247624075938017,188.01894547737064,44.32366023874443,-999,0,2,0,0,2,0,0,-999.0,-999.0,-999.0,-999.0,0,-999.0,-999.0,-999.0,-999.0,-999.0,0,-999.0,-999.0,-999.0,0,0,-999.0,-999.0,-999.0,-999.0,0,-999.0,-999.0,-999.0,-999.0,-999.0,0,-999.0,-999.0,-999.0,0,0,0.9973139762878418,20.658300399780273,0.23503099381923676,-999.0,1,20.658300399780273,20.658300399780273,18.759300231933594,0.02250700071454048,-999.0,1,18.655799865722656,0.012725000269711018,-999.0,1,4120,-999.0,-999.0,-999.0,-999.0,0,-999.0,-999.0,-999.0,-999.0,-999.0,0,-999.0,-999.0,-999.0,0,0,-999.0,-999.0,-999.0,-999.0,0,-999.0,-999.0,-999.0,-999.0,-999.0,0,-999.0,-999.0,-999.0,0,0,0.02123546724988105
PSO J139.6049+35.9323,-999,-999,-999,151111396049399249,3578835000025619,214022515352594,0,16486947563343,15111,1,2038,90,0.333636705143039,3578835,49831,3,268959744,0,32,-999.0,-999.0,-999.0,-999.0,139.6049173,35.93233299,0.15068000555038452,0.15068000555038452,,,,,56759.30644676,-999.0,-0.6166706854715128,0.5247366387833984,0.5868293837210231,130.78239659620607,19.249183129125484,188.01658545959222,44.3236804998777,-999,0,2,0,0,2,0,0,-999.0,-999.0,-999.0,-999.0,0,-999.0,-999.0,-999.0,-999.0,-999.0,0,-999.0,-999.0,-999.0,0,0,-999.0,-999.0,-999.0,-999.0,0,-999.0,-999.0,-999.0,-999.0,-999.0,0,-999.0,-999.0,-999.0,0,0,0.8077200055122375,16.71619987487793,0.03336099907755852,-999.0,1,16.667200088500977,16.667200088500977,-999.0,-999.0,-999.0,1,16.935300827026367,0.03336099907755852,-999.0,2,4112,-999.0,-999.0,-999.0,-999.0,0,-999.0,-999.0,-999.0,-999.0,-999.0,0,-999.0,-999.0,-999.0,0,0,-999.0,-999.0,-999.0,-999.0,0,-999.0,-999.0,-999.0,-999.0,-999.0,0,-999.0,-999.0,-999.0,0,0,0.022784874409442612
PSO J139.6053+35.9305,-999,-999,-999,151111396052647245,3578835000025697,214022515352672,0,16486947445619,15111,1,2038,90,0.555268390621309,3578835,49831,3,268959744,0,32,-999.0,-999.0,-999.0,-999.0,139.60528547,35.9305409,0.2176000028848648,0.2176000028848648,,,,,55249.28607639,-999.0,-0.6166880359593365,0.5247445707311886,0.5868040574099302,130.7833047662375,19.247581467181657,188.01911563497157,44.32383546465095,-999,0,1,0,0,1,0,0,-999.0,-999.0,-999.0,-999.0,0,-999.0,-999.0,-999.0,-999.0,-999.0,0,-999.0,-999.0,-999.0,0,0,-999.0,-999.0,-999.0,-999.0,0,-999.0,-999.0,-999.0,-999.0,-999.0,0,-999.0,-999.0,-999.0,0,0,0.6740869879722595,20.675100326538086,0.21707899868488312,-999.0,1,20.675100326538086,20.675100326538086,-999.0,-999.0,-999.0,0,23.039100646972656,0.21707899868488312,-999.0,1,4120,-999.0,-999.0,-999.0,-999.0,0,-999.0,-999.0,-999.0,-999.0,-999.0,0,-999.0,-999.0,-999.0,0,0,-999.0,-999.0,-999.0,-999.0,0,-999.0,-999.0,-999.0,-999.0,-999.0,0,-999.0,-999.0,-999.0,0,0,0.021200222145797466
PSO J139.6056+35.9277,-999,-999,-999,151111396056143878,3578835000025788,214022515352763,0,16486947454443,15111,1,2038,90,0.221686195788613,3578835,49831,3,302067712,0,36,-999.0,-999.0,-999.0,-999.0,139.60563853,35.92772899,0.2217400074005127,0.2217400074005127,,,,,57033.55729167,-999.0,-0.6167132018120955,0.524759432830541,0.5867643175637408,130.7845472679788,19.24500998842407,188.02306548722765,44.32389721334708,-999,0,1,0,0,1,0,0,-999.0,-999.0,-999.0,-999.0,0,-999.0,-999.0,-999.0,-999.0,-999.0,0,-999.0,-999.0,-999.0,0,0,-999.0,-999.0,-999.0,-999.0,0,-999.0,-999.0,-999.0,-999.0,-999.0,0,-999.0,-999.0,-999.0,0,0,0.8813239932060242,21.691999435424805,0.22123299539089203,-999.0,1,21.691999435424805,21.691999435424805,-999.0,-999.0,-999.0,0,21.177000045776367,0.22123299539089203,-999.0,1,280,-999.0,-999.0,-999.0,-999.0,0,-999.0,-999.0,-999.0,-999.0,-999.0,0,-999.0,-999.0,-999.0,0,0,-999.0,-999.0,-999.0,-999.0,0,-999.0,-999.0,-999.0,-999.0,-999.0,0,-999.0,-999.0,-999.0,0,0,0.01872127366312254
PSO J139.6058+35.9267,-999,-999,-999,151111396058672625,3578835000025846,214022515352821,0,16486947454285,15111,1,2038,90,0.613715099742371,3578835,49831,3,268959744,0,32,-999.0,-999.0,-999.0,-999.0,139.60584531,35.92671782,0.2592700123786926,0.2592700123786926,,,,,55250.35140046,-999.0,-0.6167229822532241,0.5247639177434159,0.5867500266683171,130.78505891001404,19.244106017760952,188.0244930424775,44.32398382049174,-999,0,1,1,0,0,0,0,0.5846490263938904,21.476299285888672,0.25883999466896057,-999.0,1,21.476299285888672,21.476299285888672,-999.0,-999.0,-999.0,0,21.525400161743164,0.25883999466896057,-999.0,1,4120,-999.0,-999.0,-999.0,-999.0,0,-999.0,-999.0,-999.0,-999.0,-999.0,0,-999.0,-999.0,-999.0,0,0,-999.0,-999.0,-999.0,-999.0,0,-999.0,-999.0,-999.0,-999.0,-999.0,0,-999.0,-999.0,-999.0,0,0,-999.0,-999.0,-999.0,-999.0,0,-999.0,-999.0,-999.0,-999.0,-999.0,0,-999.0,-999.0,-999.0,0,0,-999.0,-999.0,-999.0,-999.0,0,-999.0,-999.0,-999.0,-999.0,-999.0,0,-999.0,-999.0,-999.0,0,0,0.01788411421905109
PSO J139.6063+35.9264,-999,-999,-999,151111396062482249,3578835000025952,214022515352927,0,16486947454601,15111,1,2038,90,0.453747600739587,3578835,49831,3,268513280,0,32,-999.0,-999.0,-999.0,-999.0,139.6062832,35.92636655,0.02191000059247017,0.02191000059247017,,,,,55651.25465278,-999.0,-0.6167297325011906,0.5247615354912862,0.5867450621162801,130.78553401176538,19.2438871035841,188.02502187325487,44.32430938959588,-999,0,1,0,0,0,0,1,-999.0,-999.0,-999.0,-999.0,0,-999.0,-999.0,-999.0,-999.0,-999.0,0,-999.0,-999.0,-999.0,0,0,-999.0,-999.0,-999.0,-999.0,0,-999.0,-999.0,-999.0,-999.0,-999.0,0,-999.0,-999.0,-999.0,0,0,-999.0,-999.0,-999.0,-999.0,0,-999.0,-999.0,-999.0,-999.0,-999.0,0,-999.0,-999.0,-999.0,0,0,-999.0,-999.0,-999.0,-999.0,0,-999.0,-999.0,-999.0,-999.0,-999.0,0,-999.0,-999.0,-999.0,0,0,0.9979410171508789,17.120899200439453,0.01597600057721138,-999.0,1,17.120899200439453,17.120899200439453,17.46969985961914,0.03075600042939186,-999.0,1,17.370500564575195,0.01597600057721138,-999.0,1,24,0.017736556101582923
PSO J139.6063+35.9300,-999,-999,-999,151111396062676588,3578835000025966,214022515352941,0,16486947453838,15111,1,2038,90,0.342145543864132,3578835,49831,3,268959744,0,32,-999.0,-999.0,-999.0,-999.0,139.60627782,35.92998091,0.23628999292850494,0.23628999292850494,,,,,55250.34422454,-999.0,-0.6167014922988729,0.5247376063668381,0.5867961433587856,130.78430120039297,19.24730893339933,188.01998507949546,44.32459202202318,-999,0,1,1,0,0,0,0,0.4953399896621704,21.243600845336914,0.23580999672412872,-999.0,1,21.243600845336914,21.243600845336914,-999.0,-999.0,-999.0,0,22.024499893188477,0.23580999672412872,-999.0,1,4120,-999.0,-999.0,-999.0,-999.0,0,-999.0,-999.0,-999.0,-999.0,-999.0,0,-999.0,-999.0,-999.0,0,0,-999.0,-999.0,-999.0,-999.0,0,-999.0,-999.0,-999.0,-999.0,-999.0,0,-999.0,-999.0,-999.0,0,0,-999.0,-999.0,-999.0,-999.0,0,-999.0,-999.0,-999.0,-999.0,-999.0,0,-999.0,-999.0,-999.0,0,0,-999.0,-999.0,-999.0,-999.0,0,-999.0,-999.0,-999.0,-999.0,-999.0,0,-999.0,-999.0,-999.0,0,0,0.02098714377335088
PSO J139.6067+35.9321,-999,-999,-999,151111396066859121,3578835000026085,214022515353060,0,16486947562550,15111,1,2038,90,0.723559748123921,3578835,49831,3,302067712,0,36,-999.0,-999.0,-999.0,-999.0,139.60673276,35.93210335,0.1715800017118454,0.1715800017118454,,,,,56032.27366898,-999.0,-0.6166891031481788,0.5247186230054209,0.5868261384171549,130.78394935653543,19.249437339347445,188.01706846184248,44.32512764758887,-999,0,1,1,0,0,0,0,0.3653480112552643,21.762300491333008,0.17092500627040863,-999.0,1,21.762300491333008,21.762300491333008,21.543500900268555,0.2750430107116699,-999.0,1,21.402099609375,0.17092500627040863,-999.0,1,536,-999.0,-999.0,-999.0,-999.0,0,-999.0,-999.0,-999.0,-999.0,-999.0,0,-999.0,-999.0,-999.0,0,0,-999.0,-999.0,-999.0,-999.0,0,-999.0,-999.0,-999.0,-999.0,-999.0,0,-999.0,-999.0,-999.0,0,0,-999.0,-999.0,-999.0,-999.0,0,-999.0,-999.0,-999.0,-999.0,-999.0,0,-999.0,-999.0,-999.0,0,0,-999.0,-999.0,-999.0,-999.0,0,-999.0,-999.0,-999.0,-999.0,-999.0,0,-999.0,-999.0,-999.0,0,0,0.023085152176313146
PSO J139.6068+35.9261,-999,-999,-999,151111396067771897,3578835000026104,214022515353079,0,16486947454635,15111,1,2038,90,0.55472037340954,3578835,49831,3,268959744,0,32,-999.0,-999.0,-999.0,-999.0,139.60678888,35.92607582,0.2252800017595291,0.2252800017595291,,,,,57035.5824537,-999.0,-0.6167366314252236,0.5247580216948968,0.5867409531685394,130.78604360771433,19.243743144002863,188.02547244546406,44.32469448944255,-999,0,1,0,0,1,0,0,-999.0,-999.0,-999.0,-999.0,0,-999.0,-999.0,-999.0,-999.0,-999.0,0,-999.0,-999.0,-999.0,0,0,-999.0,-999.0,-999.0,-999.0,0,-999.0,-999.0,-999.0,-999.0,-999.0,0,-999.0,-999.0,-999.0,0,0,0.8239799737930298,21.954200744628906,0.2247769981622696,-999.0,1,21.954200744628906,21.954200744628906,-999.0,-999.0,-999.0,0,22.492799758911133,0.2247769981622696,-999.0,1,4120,-999.0,-999.0,-999.0,-999.0,0,-999.0,-999.0,-999.0,-999.0,-999.0,0,-999.0,-999.0,-999.0,0,0,-999.0,-999.0,-999.0,-999.0,0,-999.0,-999.0,-999.0,-999.0,-999.0,0,-999.0,-999.0,-999.0,0,0,0.01768176540068499
PSO J139.6068+35.9306,-999,-999,-999,151111396067897280,3578835000026110,214022515353085,0,16486947453034,15111,1,2038,90,0.0132311135653696,3578835,49831,3,268959744,0,32,-999.0,-999.0,-999.0,-999.0,139.60680789,35.93057045,0.2923299968242645,0.2923299968242645,,,,,55249.26556713,-999.0,-0.6167017483601942,0.5247279882587258,0.5868044750233509,130.78453140785405,19.248005026814823,188.01921121090825,44.32506666899533,-999,0,1,0,0,0,0,1,-999.0,-999.0,-999.0,-999.0,0,-999.0,-999.0,-999.0,-999.0,-999.0,0,-999.0,-999.0,-999.0,0,0,-999.0,-999.0,-999.0,-999.0,0,-999.0,-999.0,-999.0,-999.0,-999.0,0,-999.0,-999.0,-999.0,0,0,-999.0,-999.0,-999.0,-999.0,0,-999.0,-999.0,-999.0,-999.0,-999.0,0,-999.0,-999.0,-999.0,0,0,-999.0,-999.0,-999.0,-999.0,0,-999.0,-999.0,-999.0,-999.0,-999.0,0,-999.0,-999.0,-999.0,0,0,0.6835439801216125,19.661800384521484,0.29194900393486023,-999.0,1,19.661800384521484,19.661800384521484,-999.0,-999.0,-999.0,0,22.219999313354492,0.29194900393486023,-999.0,1,4112,0.021699807207638467
PSO J139.6068+35.9247,-999,-999,-999,151111396068230302,3578835000026117,214022515353092,0,16486947451150,15111,1,2038,90,0.514054203884727,3578835,49831,3,268959744,0,32,-999.0,-999.0,-999.0,-999.0,139.6068354,35.92474699,0.24624000489711761,0.24624000489711761,,,,,57035.5824537,-999.0,-0.6167474213634326,0.5247663391651354,0.5867221723446103,130.78653302794285,19.24249667122664,188.02732824320898,44.32462647843484,-999,0,1,0,0,1,0,0,-999.0,-999.0,-999.0,-999.0,0,-999.0,-999.0,-999.0,-999.0,-999.0,0,-999.0,-999.0,-999.0,0,0,-999.0,-999.0,-999.0,-999.0,0,-999.0,-999.0,-999.0,-999.0,-999.0,0,-999.0,-999.0,-999.0,0,0,0.7796679735183716,21.934600830078125,0.2457820028066635,-999.0,1,21.934600830078125,21.934600830078125,-999.0,-999.0,-999.0,0,21.867900848388672,0.2457820028066635,-999.0,1,4120,-999.0,-999.0,-999.0,-999.0,0,-999.0,-999.0,-999.0,-999.0,-999.0,0,-999.0,-999.0,-999.0,0,0,-999.0,-999.0,-999.0,-999.0,0,-999.0,-999.0,-999.0,-999.0,-999.0,0,-999.0,-999.0,-999.0,0,0,0.016563423259586277
PSO J139.6071+35.9259,-999,-999,-999,151111396070941646,3578835000026188,214022515353163,0,16486947454716,15111,1,2038,90,0.734364230869677,3578835,49831,3,268959744,0,32,-999.0,-999.0,-999.0,-999.0,139.60710774,35.92587185,0.23673999309539795,0.23673999309539795,,,,,57035.57056713,-999.0,-0.6167411426167286,0.5247559430216885,0.5867380704089606,130.78637195545122,19.243632813809114,188.02578533027875,44.32493567743304,-999,0,1,0,0,1,0,0,-999.0,-999.0,-999.0,-999.0,0,-999.0,-999.0,-999.0,-999.0,-999.0,0,-999.0,-999.0,-999.0,0,0,-999.0,-999.0,-999.0,-999.0,0,-999.0,-999.0,-999.0,-999.0,-999.0,0,-999.0,-999.0,-999.0,0,0,0.6460649967193604,21.627599716186523,0.23626400530338287,-999.0,1,21.627599716186523,21.627599716186523,-999.0,-999.0,-999.0,0,23.07740020751953,0.23626400530338287,-999.0,1,4120,-999.0,-999.0,-999.0,-999.0,0,-999.0,-999.0,-999.0,-999.0,-999.0,0,-999.0,-999.0,-999.0,0,0,-999.0,-999.0,-999.0,-999.0,0,-999.0,-999.0,-999.0,-999.0,-999.0,0,-999.0,-999.0,-999.0,0,0,0.017636769977357226
PSO J139.6072+35.9312,-999,-999,-999,151111396071627982,3578835000026214,214022515353189,0,16486947452956,15111,1,2038,90,0.912962722510996,3578835,49831,3,268959744,0,32,-999.0,-999.0,-999.0,-999.0,139.60717529,35.93115102,0.22824999690055847,0.22824999690055847,,,,,57035.55862269,-999.0,-0.6167005844556932,0.5247201805619033,0.5868126798588201,130.78463252021461,19.24865035705611,188.01843521697657,44.325409290503565,-999,0,1,0,0,1,0,0,-999.0,-999.0,-999.0,-999.0,0,-999.0,-999.0,-999.0,-999.0,-999.0,0,-999.0,-999.0,-999.0,0,0,-999.0,-999.0,-999.0,-999.0,0,-999.0,-999.0,-999.0,-999.0,-999.0,0,-999.0,-999.0,-999.0,0,0,0.7448059916496277,21.749799728393555,0.2277590036392212,-999.0,1,21.749799728393555,21.749799728393555,-999.0,-999.0,-999.0,0,22.933000564575195,0.2277590036392212,-999.0,1,4120,-999.0,-999.0,-999.0,-999.0,0,-999.0,-999.0,-999.0,-999.0,-999.0,0,-999.0,-999.0,-999.0,0,0,-999.0,-999.0,-999.0,-999.0,0,-999.0,-999.0,-999.0,-999.0,-999.0,0,-999.0,-999.0,-999.0,0,0,0.02235122900126171
PSO J139.6072+35.9247,-999,-999,-999,151111396072150262,3578835000026225,214022515353200,0,16486947452418,15111,1,2038,90,0.438000603055582,3578835,49831,3,268959744,0,32,-999.0,-999.0,-999.0,-999.0,139.60722835,35.92471743,0.31459999084472656,0.31459999084472656,,,,,57035.55862269,-999.0,-0.6167512508821578,0.5247623054892457,0.586721754559097,130.78686228773196,19.24257078081109,188.02740477213274,44.32494133036496,-999,0,1,0,0,1,0,0,-999.0,-999.0,-999.0,-999.0,0,-999.0,-999.0,-999.0,-999.0,-999.0,0,-999.0,-999.0,-999.0,0,0,-999.0,-999.0,-999.0,-999.0,0,-999.0,-999.0,-999.0,-999.0,-999.0,0,-999.0,-999.0,-999.0,0,0,0.7492420077323914,21.95210075378418,0.3142389953136444,-999.0,1,21.95210075378418,21.95210075378418,-999.0,-999.0,-999.0,0,22.79520034790039,0.3142389953136444,-999.0,1,4120,-999.0,-999.0,-999.0,-999.0,0,-999.0,-999.0,-999.0,-999.0,-999.0,0,-999.0,-999.0,-999.0,0,0,-999.0,-999.0,-999.0,-999.0,0,-999.0,-999.0,-999.0,-999.0,-999.0,0,-999.0,-999.0,-999.0,0,0,0.0167110240892187
PSO J139.6074+35.9302,-999,-999,-999,151111396074166864,3578835000026287,214022515353262,0,16486947453123,15111,1,2038,90,0.913387416781287,3578835,49831,3,268959744,0,32,-999.0,-999.0,-999.0,-999.0,139.60743143,35.93021827,0.24111999571323395,0.24111999571323395,,,,,55249.28141204,-999.0,-0.6167102059398109,0.5247236141146765,0.5867994978526381,130.78515762253446,19.24783348981153,188.01975795887952,44.32554202949735,-999,0,1,0,0,1,0,0,-999.0,-999.0,-999.0,-999.0,0,-999.0,-999.0,-999.0,-999.0,-999.0,0,-999.0,-999.0,-999.0,0,0,-999.0,-999.0,-999.0,-999.0,0,-999.0,-999.0,-999.0,-999.0,-999.0,0,-999.0,-999.0,-999.0,0,0,0.5674359798431396,20.664400100708008,0.2406489998102188,-999.0,1,20.664400100708008,20.664400100708008,-999.0,-999.0,-999.0,0,23.651399612426758,0.2406489998102188,-999.0,1,4120,-999.0,-999.0,-999.0,-999.0,0,-999.0,-999.0,-999.0,-999.0,-999.0,0,-999.0,-999.0,-999.0,0,0,-999.0,-999.0,-999.0,-999.0,0,-999.0,-999.0,-999.0,-999.0,-999.0,0,-999.0,-999.0,-999.0,0,0,0.02159216290472214
PSO J139.6083+35.9323,-999,-999,-999,151111396083129419,3578835000026596,214022515353571,0,16486947555376,15111,1,2038,90,0.825407893234312,3578835,49831,3,268959744,0,32,-999.0,-999.0,-999.0,-999.0,139.60832283,35.93233912,0.20300999283790588,0.20300999283790588,,,,,55250.34422454,-999.0,-0.6167018257086125,0.5246999436776754,0.586829470350892,130.78516083956305,19.25007379560392,188.0168826797493,44.32642979041678,-999,0,1,1,0,0,0,0,0.8347560167312622,21.52199935913086,0.20245899260044098,-999.0,1,21.52199935913086,21.52199935913086,-999.0,-999.0,-999.0,0,22.02120018005371,0.20245899260044098,-999.0,1,4120,-999.0,-999.0,-999.0,-999.0,0,-999.0,-999.0,-999.0,-999.0,-999.0,0,-999.0,-999.0,-999.0,0,0,-999.0,-999.0,-999.0,-999.0,0,-999.0,-999.0,-999.0,-999.0,-999.0,0,-999.0,-999.0,-999.0,0,0,-999.0,-999.0,-999.0,-999.0,0,-999.0,-999.0,-999.0,-999.0,-999.0,0,-999.0,-999.0,-999.0,0,0,-999.0,-999.0,-999.0,-999.0,0,-999.0,-999.0,-999.0,-999.0,-999.0,0,-999.0,-999.0,-999.0,0,0,0.023818042049531946
PSO J139.6084+35.9290,-999,-999,-999,151111396083645432,3578835000187138,214022515515736,0,16486947453644,15111,1,2038,90,0.779946621302466,3578835,49831,3,404226048,0,48,139.60837931,35.92895281,0.0010000000474974513,0.0010000000474974513,139.60837931,35.92895281,0.0010000000474974513,0.0010000000474974513,,,,,55646.00913194,-999.0,-0.6167287575406188,0.5247218096852362,0.5867816136034387,130.78635772674338,19.246881251871464,188.02160646643924,44.32620671713134,-999,4,0,0,0,0,0,0,-999.0,-999.0,-999.0,-999.0,0,-999.0,-999.0,-999.0,-999.0,-999.0,0,-999.0,-999.0,-999.0,0,16416,-999.0,-999.0,-999.0,-999.0,0,-999.0,-999.0,-999.0,-999.0,-999.0,0,-999.0,-999.0,-999.0,0,114720,-999.0,-999.0,-999.0,-999.0,0,-999.0,-999.0,-999.0,-999.0,-999.0,0,-999.0,-999.0,-999.0,0,114720,-999.0,-999.0,-999.0,-999.0,0,-999.0,-999.0,-999.0,-999.0,-999.0,0,-999.0,-999.0,-999.0,0,16416,-999.0,-999.0,-999.0,-999.0,0,-999.0,-999.0,-999.0,-999.0,-999.0,0,-999.0,-999.0,-999.0,0,16416,0.020820136157483106
PSO J139.6084+35.9267,-999,-999,-999,151111396084152612,3578835000026639,214022515353614,0,16486947454095,15111,1,2038,90,0.720229509026026,3578835,49831,3,268959744,0,32,-999.0,-999.0,-999.0,-999.0,139.60843325,35.92667345,0.3130199909210205,0.3130199909210205,,,,,57033.59305556,-999.0,-0.6167470302709949,0.5247363554610305,0.5867493995816133,130.78717627441722,19.24473645177032,188.02478750687158,44.326069309811835,-999,0,1,0,0,1,0,0,-999.0,-999.0,-999.0,-999.0,0,-999.0,-999.0,-999.0,-999.0,-999.0,0,-999.0,-999.0,-999.0,0,0,-999.0,-999.0,-999.0,-999.0,0,-999.0,-999.0,-999.0,-999.0,-999.0,0,-999.0,-999.0,-999.0,0,0,0.737483024597168,21.844600677490234,0.3126649856567383,-999.0,1,21.844600677490234,21.844600677490234,-999.0,-999.0,-999.0,0,23.05270004272461,0.3126649856567383,-999.0,1,4120,-999.0,-999.0,-999.0,-999.0,0,-999.0,-999.0,-999.0,-999.0,-999.0,0,-999.0,-999.0,-999.0,0,0,-999.0,-999.0,-999.0,-999.0,0,-999.0,-999.0,-999.0,-999.0,-999.0,0,-999.0,-999.0,-999.0,0,0,0.018883321986959804
PSO J139.6087+35.9312,-999,-999,-999,151111396086218010,3578835000026720,214022515353695,0,16486947439870,15111,1,2038,90,0.383558993584997,3578835,49831,3,268513280,0,32,-999.0,-999.0,-999.0,-999.0,139.60866156,35.93118009,0.020160000771284103,0.020160000771284103,,,,,56271.62530093,-999.0,-0.6167139688880869,0.5247039900538503,0.5868130906855032,130.7858299531355,19.24906407932383,188.01852816984166,44.32661126995526,-999,0,2,0,0,1,1,0,-999.0,-999.0,-999.0,-999.0,0,-999.0,-999.0,-999.0,-999.0,-999.0,0,-999.0,-999.0,-999.0,0,0,-999.0,-999.0,-999.0,-999.0,0,-999.0,-999.0,-999.0,-999.0,-999.0,0,-999.0,-999.0,-999.0,0,0,0.798462986946106,21.828699111938477,0.2577719986438751,-999.0,1,21.828699111938477,21.828699111938477,-999.0,-999.0,-999.0,0,-999.0,-999.0,-999.0,0,4120,0.9983050227165222,17.83060073852539,0.013469000346958637,-999.0,1,17.83060073852539,17.83060073852539,18.311500549316406,0.02840300090610981,-999.0,1,18.231800079345703,0.013469000346958637,-999.0,1,24,-999.0,-999.0,-999.0,-999.0,0,-999.0,-999.0,-999.0,-999.0,-999.0,0,-999.0,-999.0,-999.0,0,0,0.022895276654237143
PSO J139.6089+35.9294,-999,-999,-999,151111396088335933,3578835000026786,214022515353761,0,16486947453559,15111,1,2038,90,0.744879521191939,3578835,49831,3,268959744,0,32,-999.0,-999.0,-999.0,-999.0,139.60885013,35.92944238,0.18668000400066376,0.18668000400066376,,,,,57033.56925926,-999.0,-0.6167292506076474,0.5247134928005114,0.58678853253793,130.78657378172636,19.24746727044874,188.0209665597535,44.32662561003487,-999,0,1,0,0,1,0,0,-999.0,-999.0,-999.0,-999.0,0,-999.0,-999.0,-999.0,-999.0,-999.0,0,-999.0,-999.0,-999.0,0,0,-999.0,-999.0,-999.0,-999.0,0,-999.0,-999.0,-999.0,-999.0,-999.0,0,-999.0,-999.0,-999.0,0,0,0.7388719916343689,21.451000213623047,0.1860789954662323,-999.0,1,21.451000213623047,21.451000213623047,-999.0,-999.0,-999.0,0,22.077499389648438,0.1860789954662323,-999.0,1,4120,-999.0,-999.0,-999.0,-999.0,0,-999.0,-999.0,-999.0,-999.0,-999.0,0,-999.0,-999.0,-999.0,0,0,-999.0,-999.0,-999.0,-999.0,0,-999.0,-999.0,-999.0,-999.0,-999.0,0,-999.0,-999.0,-999.0,0,0,0.021433439164432518
PSO J139.6089+35.9327,-999,-999,-999,151111396088669814,3578835000026799,214022515353774,0,16486947555527,15111,1,2038,90,0.710148744946484,3578835,49831,3,310456320,0,37,-999.0,-999.0,-999.0,-999.0,139.60891501,35.93268008,0.1826999932527542,0.1826999932527542,,,,,56032.28560185,-999.0,-0.616704588939108,0.5246913068071519,0.5868342888264532,130.7855259736005,19.250550594137195,188.01646071408976,44.326934813043145,-999,0,1,1,0,0,0,0,0.38264399766921997,21.747100830078125,0.1820790022611618,-999.0,1,21.747100830078125,21.747100830078125,21.008800506591797,0.2198610007762909,-999.0,1,20.836200714111328,0.1820790022611618,-999.0,1,16777744,-999.0,-999.0,-999.0,-999.0,0,-999.0,-999.0,-999.0,-999.0,-999.0,0,-999.0,-999.0,-999.0,0,0,-999.0,-999.0,-999.0,-999.0,0,-999.0,-999.0,-999.0,-999.0,-999.0,0,-999.0,-999.0,-999.0,0,0,-999.0,-999.0,-999.0,-999.0,0,-999.0,-999.0,-999.0,-999.0,-999.0,0,-999.0,-999.0,-999.0,0,0,-999.0,-999.0,-999.0,-999.0,0,-999.0,-999.0,-999.0,-999.0,-999.0,0,-999.0,-999.0,-999.0,0,0,0.024331377577890324
PSO J139.6092+35.9305,-999,-999,-999,151111396092217165,3578835000026896,214022515353871,0,16486947440549,15111,1,2038,90,0.0995680187824816,3578835,49831,3,268959744,0,32,-999.0,-999.0,-999.0,-999.0,139.60924368,35.93048048,0.21916000545024872,0.21916000545024872,,,,,55249.24423611,-999.0,-0.6167247571403341,0.5247023673090473,0.5868032035277905,130.7865406175007,19.24855273006842,188.01955533337238,44.327025642625856,-999,0,1,0,0,0,1,0,-999.0,-999.0,-999.0,-999.0,0,-999.0,-999.0,-999.0,-999.0,-999.0,0,-999.0,-999.0,-999.0,0,0,-999.0,-999.0,-999.0,-999.0,0,-999.0,-999.0,-999.0,-999.0,-999.0,0,-999.0,-999.0,-999.0,0,0,-999.0,-999.0,-999.0,-999.0,0,-999.0,-999.0,-999.0,-999.0,-999.0,0,-999.0,-999.0,-999.0,0,0,0.7061139941215515,20.593599319458008,0.21864500641822815,-999.0,1,20.593599319458008,20.593599319458008,-999.0,-999.0,-999.0,0,21.025999069213867,0.21864500641822815,-999.0,1,4120,-999.0,-999.0,-999.0,-999.0,0,-999.0,-999.0,-999.0,-999.0,-999.0,0,-999.0,-999.0,-999.0,0,0,0.022495868024046278
PSO J139.6098+35.9296,-999,-999,-999,151111396097726164,3578835000027038,214022515354013,0,16486947440070,15111,1,2038,90,0.631813699036663,3578835,49831,3,268959744,0,32,-999.0,-999.0,-999.0,-999.0,139.60979357,35.9296404,0.27880001068115234,0.27880001068115234,,,,,55249.28607639,-999.0,-0.6167363458985372,0.5247020234561492,0.5867913310783848,130.78727285031638,19.24789996774547,188.0207753580062,44.32740285411755,-999,0,1,0,0,1,0,0,-999.0,-999.0,-999.0,-999.0,0,-999.0,-999.0,-999.0,-999.0,-999.0,0,-999.0,-999.0,-999.0,0,0,-999.0,-999.0,-999.0,-999.0,0,-999.0,-999.0,-999.0,-999.0,-999.0,0,-999.0,-999.0,-999.0,0,0,0.7092840075492859,20.99519920349121,0.2784000039100647,-999.0,1,20.99519920349121,20.99519920349121,-999.0,-999.0,-999.0,0,-999.0,-999.0,-999.0,0,4120,-999.0,-999.0,-999.0,-999.0,0,-999.0,-999.0,-999.0,-999.0,-999.0,0,-999.0,-999.0,-999.0,0,0,-999.0,-999.0,-999.0,-999.0,0,-999.0,-999.0,-999.0,-999.0,-999.0,0,-999.0,-999.0,-999.0,0,0,0.021987346734706262
PSO J139.6100+35.9310,-999,-999,-999,151111396099867859,3578835000027086,214022515354061,0,16486947440499,15111,1,2038,90,0.0470127650043115,3578835,49831,3,268959744,0,32,-999.0,-999.0,-999.0,-999.0,139.61000343,35.93104679,0.2514199912548065,0.2514199912548065,,,,,55249.29931713,-999.0,-0.6167272971437482,0.524690431091,0.5868112068453597,130.78696527891103,19.249286506646335,188.0188344004481,44.32768381604776,-999,0,1,0,0,1,0,0,-999.0,-999.0,-999.0,-999.0,0,-999.0,-999.0,-999.0,-999.0,-999.0,0,-999.0,-999.0,-999.0,0,0,-999.0,-999.0,-999.0,-999.0,0,-999.0,-999.0,-999.0,-999.0,-999.0,0,-999.0,-999.0,-999.0,0,0,0.7951689958572388,21.2278995513916,0.25097501277923584,-999.0,1,21.2278995513916,21.2278995513916,-999.0,-999.0,-999.0,0,21.98390007019043,0.25097501277923584,-999.0,1,4120,-999.0,-999.0,-999.0,-999.0,0,-999.0,-999.0,-999.0,-999.0,-999.0,0,-999.0,-999.0,-999.0,0,0,-999.0,-999.0,-999.0,-999.0,0,-999.0,-999.0,-999.0,-999.0,-999.0,0,-999.0,-999.0,-999.0,0,0,0.023289630314897707
PSO J139.6103+35.9296,-999,-999,-999,151111396102546174,3578835000027152,214022515354127,0,16486947439959,15111,1,2038,90,0.350612280285556,3578835,49831,3,268959744,0,32,-999.0,-999.0,-999.0,-999.0,139.61026959,35.92964311,0.2043599933385849,0.2043599933385849,,,,,55249.28141204,-999.0,-0.6167406840234981,0.5246968815364199,0.5867913693777234,130.7876586097531,19.248026228170502,188.02081433172285,44.32778730561531,-999,0,1,0,0,1,0,0,-999.0,-999.0,-999.0,-999.0,0,-999.0,-999.0,-999.0,-999.0,-999.0,0,-999.0,-999.0,-999.0,0,0,-999.0,-999.0,-999.0,-999.0,0,-999.0,-999.0,-999.0,-999.0,-999.0,0,-999.0,-999.0,-999.0,0,0,0.5550749897956848,20.52720069885254,0.20380699634552002,-999.0,1,20.52720069885254,20.52720069885254,-999.0,-999.0,-999.0,0,23.327699661254883,0.20380699634552002,-999.0,1,4120,-999.0,-999.0,-999.0,-999.0,0,-999.0,-999.0,-999.0,-999.0,-999.0,0,-999.0,-999.0,-999.0,0,0,-999.0,-999.0,-999.0,-999.0,0,-999.0,-999.0,-999.0,-999.0,-999.0,0,-999.0,-999.0,-999.0,0,0,0.02218939531725862
PSO J139.6118+35.9307,-999,-999,-999,151111396118407581,3578835000027569,214022515354544,0,16486947440274,15111,1,2038,90,0.3099713067617,3578835,49831,3,310456320,0,37,-999.0,-999.0,-999.0,-999.0,139.61182888,35.93068282,0.10864999890327454,0.10864999890327454,,,,,55985.31357639,6.013599872589111,-0.6167468528023329,0.52467319722551,0.5868060630835188,130.78857183398145,19.249416133427214,188.01950547923545,44.32912840685171,-999,0,2,0,0,2,0,0,-999.0,-999.0,-999.0,-999.0,0,-999.0,-999.0,-999.0,-999.0,-999.0,0,-999.0,-999.0,-999.0,0,0,-999.0,-999.0,-999.0,-999.0,0,-999.0,-999.0,-999.0,-999.0,-999.0,0,-999.0,-999.0,-999.0,0,0,0.3334529995918274,21.756799697875977,0.17331600189208984,0.2534730136394501,2,21.629199981689453,21.975799560546875,21.11389923095703,0.2784610092639923,0.40256598591804504,2,20.99090003967285,0.23300600051879883,0.3461749851703644,2,16777744,-999.0,-999.0,-999.0,-999.0,0,-999.0,-999.0,-999.0,-999.0,-999.0,0,-999.0,-999.0,-999.0,0,0,-999.0,-999.0,-999.0,-999.0,0,-999.0,-999.0,-999.0,-999.0,-999.0,0,-999.0,-999.0,-999.0,0,0,0.02374276738923025
PSO J139.6125+35.9298,-999,-999,-999,151111396124826352,3578835000027730,214022515354705,0,16486947442528,15111,1,2038,90,0.282784972603233,3578835,49831,3,268959744,0,32,-999.0,-999.0,-999.0,-999.0,139.61250563,35.92980285,0.1834699958562851,0.1834699958562851,,,,,55249.24423611,-999.0,-0.616759914424875,0.524671752021031,0.5867936269164847,130.7894206899285,19.248758566704574,188.02079251152776,44.32960487652525,-999,0,1,0,0,0,1,0,-999.0,-999.0,-999.0,-999.0,0,-999.0,-999.0,-999.0,-999.0,-999.0,0,-999.0,-999.0,-999.0,0,0,-999.0,-999.0,-999.0,-999.0,0,-999.0,-999.0,-999.0,-999.0,-999.0,0,-999.0,-999.0,-999.0,0,0,-999.0,-999.0,-999.0,-999.0,0,-999.0,-999.0,-999.0,-999.0,-999.0,0,-999.0,-999.0,-999.0,0,0,0.6081500053405762,20.306400299072266,0.1828559935092926,-999.0,1,20.306400299072266,20.306400299072266,-999.0,-999.0,-999.0,0,22.891399383544922,0.1828559935092926,-999.0,1,4120,-999.0,-999.0,-999.0,-999.0,0,-999.0,-999.0,-999.0,-999.0,-999.0,0,-999.0,-999.0,-999.0,0,0,0.0233206893000972
PSO J139.6129+35.9308,-999,-999,-999,151111396129047580,3578835000027826,214022515354801,0,16486947442217,15111,1,2038,90,0.517527488542281,3578835,49831,3,436285440,0,52,139.61263009,35.93086922,0.0010000000474974513,0.0010000000474974513,139.61293574,35.93081458,0.17826999723911285,0.17826999723911285,,,,,55650.25525463,-999.0,-0.6167559606544476,0.5246604082229748,0.5868079251684584,130.7894261618289,19.249828550522196,188.0194212209048,44.33003228714092,-999,4,1,0,0,0,1,0,-999.0,-999.0,-999.0,-999.0,0,-999.0,-999.0,-999.0,-999.0,-999.0,0,-999.0,-999.0,-999.0,0,16416,-999.0,-999.0,-999.0,-999.0,0,-999.0,-999.0,-999.0,-999.0,-999.0,0,-999.0,-999.0,-999.0,0,16416,-999.0,-999.0,-999.0,-999.0,0,-999.0,-999.0,-999.0,-999.0,-999.0,0,-999.0,-999.0,-999.0,0,114720,0.9973170161247253,21.120800018310547,0.17763899266719818,-999.0,1,21.120800018310547,21.120800018310547,21.27239990234375,0.2974480092525482,-999.0,1,21.40559959411621,0.17763899266719818,-999.0,1,115000,-999.0,-999.0,-999.0,-999.0,0,-999.0,-999.0,-999.0,-999.0,-999.0,0,-999.0,-999.0,-999.0,0,16416,0.02434990625584382
PSO J139.6134+35.9308,-999,-999,-999,151111396134117612,3578835000027951,214022515354926,0,16486947439075,15111,1,2038,90,0.255108967661028,3578835,49831,3,268959744,0,32,-999.0,-999.0,-999.0,-999.0,139.6134284,35.93084086,0.22851000726222992,0.22851000726222992,,,,,55249.29931713,-999.0,-0.6167602669336627,0.524654930608125,0.5868082965675423,130.78981742208305,19.249981463672267,188.019428816576,44.33043203454145,-999,0,1,0,0,1,0,0,-999.0,-999.0,-999.0,-999.0,0,-999.0,-999.0,-999.0,-999.0,-999.0,0,-999.0,-999.0,-999.0,0,0,-999.0,-999.0,-999.0,-999.0,0,-999.0,-999.0,-999.0,-999.0,-999.0,0,-999.0,-999.0,-999.0,0,0,0.7865560054779053,21.096599578857422,0.22801299393177032,-999.0,1,21.096599578857422,21.096599578857422,-999.0,-999.0,-999.0,0,21.786500930786133,0.22801299393177032,-999.0,1,4120,-999.0,-999.0,-999.0,-999.0,0,-999.0,-999.0,-999.0,-999.0,-999.0,0,-999.0,-999.0,-999.0,0,0,-999.0,-999.0,-999.0,-999.0,0,-999.0,-999.0,-999.0,-999.0,-999.0,0,-999.0,-999.0,-999.0,0,0,0.024599608652441353
PSO J139.6142+35.9254,-999,-999,-999,151111396141801095,3578835000028105,214022515355080,0,16486947915602,15111,1,2038,90,0.334132804846515,3578835,49831,3,268513280,0,32,-999.0,-999.0,-999.0,-999.0,139.6142165,35.92539939,0.020400000736117363,0.020400000736117363,,,,,55248.31197917,-999.0,-0.6168099302606203,0.5246825539497312,0.5867313929837711,130.79230730359495,19.24503262174737,188.02708265452614,44.330636514261286,-999,0,1,0,1,0,0,0,-999.0,-999.0,-999.0,-999.0,0,-999.0,-999.0,-999.0,-999.0,-999.0,0,-999.0,-999.0,-999.0,0,0,0.9994969964027405,18.75119972229004,0.013824000023305416,-999.0,1,18.75119972229004,18.75119972229004,19.571699142456055,0.04024599865078926,-999.0,1,19.53350067138672,0.013824000023305416,-999.0,1,24,-999.0,-999.0,-999.0,-999.0,0,-999.0,-999.0,-999.0,-999.0,-999.0,0,-999.0,-999.0,-999.0,0,0,-999.0,-999.0,-999.0,-999.0,0,-999.0,-999.0,-999.0,-999.0,-999.0,0,-999.0,-999.0,-999.0,0,0,-999.0,-999.0,-999.0,-999.0,0,-999.0,-999.0,-999.0,-999.0,-999.0,0,-999.0,-999.0,-999.0,0,0,0.020848127748075516
PSO J139.6143+35.9289,-999,-999,-999,151111396142515336,3578835000028126,214022515355101,0,16486947442018,15111,1,2038,90,0.22020307669435,3578835,49831,3,268959744,0,32,-999.0,-999.0,-999.0,-999.0,139.61426753,35.92894523,0.2199299931526184,0.2199299931526184,,,,,55249.28141204,-999.0,-0.616782738458009,0.5246584767220833,0.5867815064774132,130.7911434454656,19.248404165988017,188.0221458480459,44.33095904376863,-999,0,1,0,0,1,0,0,-999.0,-999.0,-999.0,-999.0,0,-999.0,-999.0,-999.0,-999.0,-999.0,0,-999.0,-999.0,-999.0,0,0,-999.0,-999.0,-999.0,-999.0,0,-999.0,-999.0,-999.0,-999.0,-999.0,0,-999.0,-999.0,-999.0,0,0,0.6666300296783447,20.660900115966797,0.21941600739955902,-999.0,1,20.660900115966797,20.660900115966797,-999.0,-999.0,-999.0,0,-999.0,-999.0,-999.0,0,4120,-999.0,-999.0,-999.0,-999.0,0,-999.0,-999.0,-999.0,-999.0,-999.0,0,-999.0,-999.0,-999.0,0,0,-999.0,-999.0,-999.0,-999.0,0,-999.0,-999.0,-999.0,-999.0,-999.0,0,-999.0,-999.0,-999.0,0,0,0.023501575530671635
PSO J139.6146+35.9278,-999,-999,-999,151111396146044000,3578835000028207,214022515355182,0,16486947440903,15111,1,2038,90,0.774994827597397,3578835,49831,3,268959744,0,32,-999.0,-999.0,-999.0,-999.0,139.6146065,35.92783223,0.28325000405311584,0.28325000405311584,,,,,55250.32113426,-999.0,-0.616794524587548,0.5246622130420366,0.5867657766474228,130.79179714043858,19.24743812776806,188.02372734225054,44.33114437638839,-999,0,1,0,1,0,0,0,-999.0,-999.0,-999.0,-999.0,0,-999.0,-999.0,-999.0,-999.0,-999.0,0,-999.0,-999.0,-999.0,0,0,0.7136660218238831,21.772899627685547,0.2828480005264282,-999.0,1,21.772899627685547,21.772899627685547,-999.0,-999.0,-999.0,0,-999.0,-999.0,-999.0,0,4120,-999.0,-999.0,-999.0,-999.0,0,-999.0,-999.0,-999.0,-999.0,-999.0,0,-999.0,-999.0,-999.0,0,0,-999.0,-999.0,-999.0,-999.0,0,-999.0,-999.0,-999.0,-999.0,-999.0,0,-999.0,-999.0,-999.0,0,0,-999.0,-999.0,-999.0,-999.0,0,-999.0,-999.0,-999.0,-999.0,-999.0,0,-999.0,-999.0,-999.0,0,0,0.022832112895459406
PSO J139.6146+35.9301,-999,-999,-999,151111396146076765,3578835000028210,214022515355185,0,16486947439422,15111,1,2038,90,0.959926157221129,3578835,49831,3,302067712,0,36,-999.0,-999.0,-999.0,-999.0,139.61462233,35.93012561,0.17925000190734863,0.17925000190734863,,,,,56759.31069444,-999.0,-0.6167767793020825,0.5246468247121661,0.5867981883349606,130.79103040608052,19.249614309165146,188.0205327361639,44.33133903991757,-999,0,1,0,0,1,0,0,-999.0,-999.0,-999.0,-999.0,0,-999.0,-999.0,-999.0,-999.0,-999.0,0,-999.0,-999.0,-999.0,0,0,-999.0,-999.0,-999.0,-999.0,0,-999.0,-999.0,-999.0,-999.0,-999.0,0,-999.0,-999.0,-999.0,0,0,0.995294988155365,16.798200607299805,0.1786230057477951,-999.0,1,16.798200607299805,16.798200607299805,-999.0,-999.0,-999.0,1,16.54669952392578,0.1786230057477951,-999.0,1,272,-999.0,-999.0,-999.0,-999.0,0,-999.0,-999.0,-999.0,-999.0,-999.0,0,-999.0,-999.0,-999.0,0,0,-999.0,-999.0,-999.0,-999.0,0,-999.0,-999.0,-999.0,-999.0,-999.0,0,-999.0,-999.0,-999.0,0,0,0.02460282467358367
PSO J139.6153+35.9284,-999,-999,-999,151111396152894729,3578835000028355,214022515355330,0,16486947439163,15111,1,2038,90,0.995467555704962,3578835,49831,3,268959744,0,32,-999.0,-999.0,-999.0,-999.0,139.61530399,35.92844057,0.22798000276088715,0.22798000276088715,,,,,55249.24679398,-999.0,-0.6167961660138209,0.5246506679033355,0.5867743742353061,130.7921569375863,19.248195547761625,188.02294219428813,44.331755645482936,-999,0,1,0,0,0,1,0,-999.0,-999.0,-999.0,-999.0,0,-999.0,-999.0,-999.0,-999.0,-999.0,0,-999.0,-999.0,-999.0,0,0,-999.0,-999.0,-999.0,-999.0,0,-999.0,-999.0,-999.0,-999.0,-999.0,0,-999.0,-999.0,-999.0,0,0,-999.0,-999.0,-999.0,-999.0,0,-999.0,-999.0,-999.0,-999.0,-999.0,0,-999.0,-999.0,-999.0,0,0,0.44243699312210083,20.54669952392578,0.22748300433158875,-999.0,1,20.54669952392578,20.54669952392578,-999.0,-999.0,-999.0,0,21.86870002746582,0.22748300433158875,-999.0,1,4120,-999.0,-999.0,-999.0,-999.0,0,-999.0,-999.0,-999.0,-999.0,-999.0,0,-999.0,-999.0,-999.0,0,0,0.023662009603059267
PSO J139.6164+35.9245,-999,-999,-999,151111396163290038,3578835000028584,214022515355559,0,16486947915223,15111,1,2038,90,0.0989063764912136,3578835,49831,3,268959744,0,32,-999.0,-999.0,-999.0,-999.0,139.61635754,35.92453333,0.32172998785972595,0.32172998785972595,,,,,56042.25787037,-999.0,-0.6168362917695339,0.5246652505630942,0.5867191525828827,130.7943409633199,19.244768787349305,188.02848196524363,44.332296088870486,-999,0,1,0,0,0,1,0,-999.0,-999.0,-999.0,-999.0,0,-999.0,-999.0,-999.0,-999.0,-999.0,0,-999.0,-999.0,-999.0,0,0,-999.0,-999.0,-999.0,-999.0,0,-999.0,-999.0,-999.0,-999.0,-999.0,0,-999.0,-999.0,-999.0,0,0,-999.0,-999.0,-999.0,-999.0,0,-999.0,-999.0,-999.0,-999.0,-999.0,0,-999.0,-999.0,-999.0,0,0,0.6303009986877441,21.33289909362793,0.32138100266456604,-999.0,1,21.33289909362793,21.33289909362793,-999.0,-999.0,-999.0,0,21.441499710083008,0.32138100266456604,-999.0,1,4120,-999.0,-999.0,-999.0,-999.0,0,-999.0,-999.0,-999.0,-999.0,-999.0,0,-999.0,-999.0,-999.0,0,0,0.021551589643216212
PSO J139.6167+35.9251,-999,-999,-999,151111396166860738,3578835000028653,214022515355628,0,16486947915106,15111,1,2038,90,0.0896450440302911,3578835,49831,3,268959744,0,32,-999.0,-999.0,-999.0,-999.0,139.61671495,35.92512576,0.28154999017715454,0.28154999017715454,,,,,56271.62530093,-999.0,-0.6168349434887087,0.5246574721815584,0.5867275256670158,130.79442992129643,19.245422765190312,188.02768845972514,44.33263161841442,-999,0,1,0,0,0,1,0,-999.0,-999.0,-999.0,-999.0,0,-999.0,-999.0,-999.0,-999.0,-999.0,0,-999.0,-999.0,-999.0,0,0,-999.0,-999.0,-999.0,-999.0,0,-999.0,-999.0,-999.0,-999.0,-999.0,0,-999.0,-999.0,-999.0,0,0,-999.0,-999.0,-999.0,-999.0,0,-999.0,-999.0,-999.0,-999.0,-999.0,0,-999.0,-999.0,-999.0,0,0,0.7380639910697937,21.161100387573242,0.2811470031738281,-999.0,1,21.161100387573242,21.161100387573242,-999.0,-999.0,-999.0,0,-999.0,-999.0,-999.0,0,4120,-999.0,-999.0,-999.0,-999.0,0,-999.0,-999.0,-999.0,-999.0,-999.0,0,-999.0,-999.0,-999.0,0,0,0.022154595904630252
PSO J139.6168+35.9271,-999,-999,-999,151111396167523057,3578835000028670,214022515355645,0,16486947917518,15111,1,2038,90,0.215166340782462,3578835,49831,3,268959744,0,32,-999.0,-999.0,-999.0,-999.0,139.61677942,35.92705048,0.2513499855995178,0.2513499855995178,,,,,56303.55474537,-999.0,-0.6168205200125747,0.5246440079209844,0.5867547281820769,130.7938280154923,19.247262424691463,188.0250119213055,44.332836364454785,-999,0,1,0,1,0,0,0,-999.0,-999.0,-999.0,-999.0,0,-999.0,-999.0,-999.0,-999.0,-999.0,0,-999.0,-999.0,-999.0,0,0,0.7271479964256287,22.075899124145508,0.25089699029922485,-999.0,1,22.075899124145508,22.075899124145508,22.108200073242188,0.2754729986190796,-999.0,1,22.54599952697754,0.25089699029922485,-999.0,1,4120,-999.0,-999.0,-999.0,-999.0,0,-999.0,-999.0,-999.0,-999.0,-999.0,0,-999.0,-999.0,-999.0,0,0,-999.0,-999.0,-999.0,-999.0,0,-999.0,-999.0,-999.0,-999.0,-999.0,0,-999.0,-999.0,-999.0,0,0,-999.0,-999.0,-999.0,-999.0,0,-999.0,-999.0,-999.0,-999.0,-999.0,0,-999.0,-999.0,-999.0,0,0,0.02348670551460407
PSO J139.6173+35.9256,-999,-999,-999,151111396173401371,3578835000028798,214022515355773,0,16486947916968,15111,1,2038,90,0.37661999312846,3578835,49831,3,310456320,0,37,-999.0,-999.0,-999.0,-999.0,139.61730133,35.92559247,0.12278000265359879,0.12278000265359879,,,,,55602.49530093,3.0922000408172607,-0.6168366723907006,0.5246480628501173,0.5867341218487185,130.79474761397807,19.246017179555242,188.02709071677268,44.33314199393919,-999,0,2,1,0,1,0,0,0.7870360016822815,21.630199432373047,0.18367399275302887,-999.0,1,21.630199432373047,21.630199432373047,21.108400344848633,0.2383580058813095,-999.0,1,21.067100524902344,0.18367399275302887,-999.0,1,16777744,-999.0,-999.0,-999.0,-999.0,0,-999.0,-999.0,-999.0,-999.0,-999.0,0,-999.0,-999.0,-999.0,0,0,0.9983519911766052,20.94070053100586,0.16395699977874756,-999.0,1,20.94070053100586,20.94070053100586,19.402999877929688,0.11140800267457962,-999.0,1,19.74650001525879,0.16395699977874756,-999.0,1,16777496,-999.0,-999.0,-999.0,-999.0,0,-999.0,-999.0,-999.0,-999.0,-999.0,0,-999.0,-999.0,-999.0,0,0,-999.0,-999.0,-999.0,-999.0,0,-999.0,-999.0,-999.0,-999.0,-999.0,0,-999.0,-999.0,-999.0,0,0,0.022818779682325645
PSO J139.6175+35.9279,-999,-999,-999,151111396174514106,3578835000028824,214022515355799,0,16486947914061,15111,1,2038,90,0.851691144380431,3578835,49831,3,268959744,0,32,-999.0,-999.0,-999.0,-999.0,139.61746761,35.92791173,0.32427000999450684,0.32427000999450684,,,,,55576.49671296,-999.0,-0.6168201030657251,0.5246308847820366,0.5867669002140508,130.7940942792499,19.248256963916766,188.02387344490518,44.33346018495416,-999,0,1,0,0,1,0,0,-999.0,-999.0,-999.0,-999.0,0,-999.0,-999.0,-999.0,-999.0,-999.0,0,-999.0,-999.0,-999.0,0,0,-999.0,-999.0,-999.0,-999.0,0,-999.0,-999.0,-999.0,-999.0,-999.0,0,-999.0,-999.0,-999.0,0,0,0.7686309814453125,21.65959930419922,0.32392099499702454,-999.0,1,21.65959930419922,21.65959930419922,-999.0,-999.0,-999.0,0,22.618900299072266,0.32392099499702454,-999.0,1,4120,-999.0,-999.0,-999.0,-999.0,0,-999.0,-999.0,-999.0,-999.0,-999.0,0,-999.0,-999.0,-999.0,0,0,-999.0,-999.0,-999.0,-999.0,0,-999.0,-999.0,-999.0,-999.0,-999.0,0,-999.0,-999.0,-999.0,0,0,0.024486729096506902
PSO J139.6176+35.9260,-999,-999,-999,151111396175791822,3578835000028851,214022515355826,0,16486947917760,15111,1,2038,90,0.968580547690932,3578835,49831,3,310456320,0,37,-999.0,-999.0,-999.0,-999.0,139.61762724,35.92601671,0.1759600043296814,0.1759600043296814,,,,,56032.27366898,-999.0,-0.6168363473711657,0.5246417394578047,0.58674011775273,130.79486814935902,19.246503677583377,188.0265287539402,44.33343873446112,-999,0,1,1,0,0,0,0,0.94343501329422,21.675600051879883,0.17531999945640564,-999.0,1,21.675600051879883,21.675600051879883,20.32080078125,0.13431400060653687,-999.0,1,20.581300735473633,0.17531999945640564,-999.0,1,16777496,-999.0,-999.0,-999.0,-999.0,0,-999.0,-999.0,-999.0,-999.0,-999.0,0,-999.0,-999.0,-999.0,0,0,-999.0,-999.0,-999.0,-999.0,0,-999.0,-999.0,-999.0,-999.0,-999.0,0,-999.0,-999.0,-999.0,0,0,-999.0,-999.0,-999.0,-999.0,0,-999.0,-999.0,-999.0,-999.0,-999.0,0,-999.0,-999.0,-999.0,0,0,-999.0,-999.0,-999.0,-999.0,0,-999.0,-999.0,-999.0,-999.0,-999.0,0,-999.0,-999.0,-999.0,0,0,0.02329565279899616
PSO J139.6177+35.9253,-999,-999,-999,151111396176660965,3578835000028876,214022515355851,0,16486947917054,15111,1,2038,90,0.106055092165298,3578835,49831,3,310456320,0,37,-999.0,-999.0,-999.0,-999.0,139.61769756,35.92529429,0.11441999673843384,0.11441999673843384,,,,,55259.45824074,-999.0,-0.6168426265454131,0.524645775397871,0.5867299075671213,130.7951708510824,19.245837749120497,188.02754186138026,44.333438183619016,-999,0,1,0,0,1,0,0,-999.0,-999.0,-999.0,-999.0,0,-999.0,-999.0,-999.0,-999.0,-999.0,0,-999.0,-999.0,-999.0,0,0,-999.0,-999.0,-999.0,-999.0,0,-999.0,-999.0,-999.0,-999.0,-999.0,0,-999.0,-999.0,-999.0,0,0,0.9998160004615784,20.09320068359375,0.11343400180339813,-999.0,1,20.09320068359375,20.09320068359375,18.7947998046875,0.09051600098609924,-999.0,1,18.97570037841797,0.11343400180339813,-999.0,1,16777488,-999.0,-999.0,-999.0,-999.0,0,-999.0,-999.0,-999.0,-999.0,-999.0,0,-999.0,-999.0,-999.0,0,0,-999.0,-999.0,-999.0,-999.0,0,-999.0,-999.0,-999.0,-999.0,-999.0,0,-999.0,-999.0,-999.0,0,0,0.022872726079853977
PSO J139.6177+35.9324,-999,-999,-999,151111396177439511,3578835000028897,214022515355872,0,16486947520726,15111,1,2038,90,0.346574424157454,3578835,49831,3,268959744,0,32,-999.0,-999.0,-999.0,-999.0,139.61774345,35.93242257,-999.0,-999.0,,,,,-999.0,-999.0,-0.616787437914052,0.5245979842061143,0.5868306496752714,130.7927848653328,19.252600853315062,188.01761164941692,44.33404037523959,-999,0,1,0,0,0,0,1,-999.0,-999.0,-999.0,-999.0,0,-999.0,-999.0,-999.0,-999.0,-999.0,0,-999.0,-999.0,-999.0,0,0,-999.0,-999.0,-999.0,-999.0,0,-999.0,-999.0,-999.0,-999.0,-999.0,0,-999.0,-999.0,-999.0,0,0,-999.0,-999.0,-999.0,-999.0,0,-999.0,-999.0,-999.0,-999.0,-999.0,0,-999.0,-999.0,-999.0,0,0,-999.0,-999.0,-999.0,-999.0,0,-999.0,-999.0,-999.0,-999.0,-999.0,0,-999.0,-999.0,-999.0,0,0,-999.0,-999.0,-999.0,-999.0,0,-999.0,-999.0,-999.0,-999.0,-999.0,0,-999.0,-999.0,-999.0,0,16,0.027975182008644687
PSO J139.6180+35.9318,-999,-999,-999,151111396179668778,3578835000028949,214022515355924,0,16486947520527,15111,1,2038,90,0.285859102649483,3578835,49831,3,268959744,0,32,-999.0,-999.0,-999.0,-999.0,139.61797908,35.93180752,0.38400998711586,0.38400998711586,,,,,55250.34986111,-999.0,-0.616794393823359,0.5245995288952499,0.5868219576932658,130.79318536330462,19.252079577512358,188.01848995620512,44.334181840051606,-999,0,1,1,0,0,0,0,0.591090977191925,21.792600631713867,0.3837119936943054,-999.0,1,21.792600631713867,21.792600631713867,-999.0,-999.0,-999.0,0,22.273099899291992,0.3837119936943054,-999.0,1,4120,-999.0,-999.0,-999.0,-999.0,0,-999.0,-999.0,-999.0,-999.0,-999.0,0,-999.0,-999.0,-999.0,0,0,-999.0,-999.0,-999.0,-999.0,0,-999.0,-999.0,-999.0,-999.0,-999.0,0,-999.0,-999.0,-999.0,0,0,-999.0,-999.0,-999.0,-999.0,0,-999.0,-999.0,-999.0,-999.0,-999.0,0,-999.0,-999.0,-999.0,0,0,-999.0,-999.0,-999.0,-999.0,0,-999.0,-999.0,-999.0,-999.0,-999.0,0,-999.0,-999.0,-999.0,0,0,0.027624616397784938
PSO J139.6180+35.9324,-999,-999,-999,151111396179729523,3578835000028951,214022515355926,0,16486947520752,15111,1,2038,90,0.0939706257488305,3578835,49831,3,402731008,0,48,139.61789141,35.93266382,0.0010000000474974513,0.0010000000474974513,139.61800613,35.93242826,0.0291300006210804,0.0291300006210804,,,,,55250.26215278,-999.0,-0.6167897986031132,0.5245951187008752,0.5868307300869184,130.7929963061715,19.252674507151575,188.01762727656077,44.334252852061006,-999,6,1,0,0,0,0,1,-999.0,-999.0,-999.0,-999.0,0,-999.0,-999.0,-999.0,-999.0,-999.0,0,-999.0,-999.0,-999.0,0,114720,-999.0,-999.0,-999.0,-999.0,0,-999.0,-999.0,-999.0,-999.0,-999.0,0,-999.0,-999.0,-999.0,0,114720,-999.0,-999.0,-999.0,-999.0,0,-999.0,-999.0,-999.0,-999.0,-999.0,0,-999.0,-999.0,-999.0,0,114720,-999.0,-999.0,-999.0,-999.0,0,-999.0,-999.0,-999.0,-999.0,-999.0,0,-999.0,-999.0,-999.0,0,16416,0.9975119829177856,16.91629981994629,0.024973999708890915,-999.0,1,16.91629981994629,16.91629981994629,17.462400436401367,0.05637099966406822,-999.0,1,17.386499404907227,0.024973999708890915,-999.0,1,16432,0.028114561340939963
PSO J139.6181+35.9290,-999,-999,-999,151111396180645446,3578835000028972,214022515355947,0,16486947914727,15111,1,2038,90,0.837464112637065,3578835,49831,3,268959744,0,32,-999.0,-999.0,-999.0,-999.0,139.61810911,35.92895927,0.183569997549057,0.183569997549057,,,,,55895.43241898,-999.0,-0.6168178049592224,0.5246170282015128,0.5867817049008086,130.7942592754928,19.249415803214664,188.0224711223638,44.33406106315912,-999,0,2,0,0,0,1,1,-999.0,-999.0,-999.0,-999.0,0,-999.0,-999.0,-999.0,-999.0,-999.0,0,-999.0,-999.0,-999.0,0,0,-999.0,-999.0,-999.0,-999.0,0,-999.0,-999.0,-999.0,-999.0,-999.0,0,-999.0,-999.0,-999.0,0,0,-999.0,-999.0,-999.0,-999.0,0,-999.0,-999.0,-999.0,-999.0,-999.0,0,-999.0,-999.0,-999.0,0,0,0.7491350173950195,21.079200744628906,0.25958800315856934,-999.0,1,21.079200744628906,21.079200744628906,-999.0,-999.0,-999.0,0,22.718000411987305,0.25958800315856934,-999.0,1,4120,0.4799329936504364,19.99850082397461,0.25876501202583313,-999.0,1,19.99850082397461,19.99850082397461,-999.0,-999.0,-999.0,0,20.7052001953125,0.25876501202583313,-999.0,1,4120,0.025594260076856123
PSO J139.6183+35.9328,-999,-999,-999,151111396183349970,3578835000187281,214022515515879,0,16486947520740,15111,1,2038,90,0.613063607935853,3578835,49831,3,1343750144,0,160,139.61833369,35.93281545,0.0010000000474974513,0.0010000000474974513,139.61833369,35.93281545,0.0010000000474974513,0.0010000000474974513,,,,,55646.00913194,-999.0,-0.6167897768730782,0.5245890232427316,0.5868362018809807,130.7931307508216,19.25312633878681,188.01711703339453,44.33454791763226,-999,2,0,0,0,0,0,0,-999.0,-999.0,-999.0,-999.0,0,-999.0,-999.0,-999.0,-999.0,-999.0,0,-999.0,-999.0,-999.0,0,16416,-999.0,-999.0,-999.0,-999.0,0,-999.0,-999.0,-999.0,-999.0,-999.0,0,-999.0,-999.0,-999.0,0,16416,-999.0,-999.0,-999.0,-999.0,0,-999.0,-999.0,-999.0,-999.0,-999.0,0,-999.0,-999.0,-999.0,0,16416,-999.0,-999.0,-999.0,-999.0,0,-999.0,-999.0,-999.0,-999.0,-999.0,0,-999.0,-999.0,-999.0,0,114720,-999.0,-999.0,-999.0,-999.0,0,-999.0,-999.0,-999.0,-999.0,-999.0,0,-999.0,-999.0,-999.0,0,16416,0.02858202193880786
PSO J139.6185+35.9287,-999,-999,-999,151111396184855064,3578835000029070,214022515356045,0,16486947914320,15111,1,2038,90,0.672338926859516,3578835,49831,3,268513280,0,32,-999.0,-999.0,-999.0,-999.0,139.61851645,35.92872397,0.017309999093413353,0.017309999093413353,,,,,55249.32556713,-999.0,-0.6168233703013494,0.5246142041921202,0.586778379467029,130.79467015832262,19.249298813602742,188.0228356091799,44.33437121307552,-999,0,1,1,0,0,0,0,0.9978410005569458,18.41469955444336,0.008627999573946,-999.0,1,18.41469955444336,18.41469955444336,19.214500427246094,0.024840999394655228,-999.0,1,19.108699798583984,0.008627999573946,-999.0,1,24,-999.0,-999.0,-999.0,-999.0,0,-999.0,-999.0,-999.0,-999.0,-999.0,0,-999.0,-999.0,-999.0,0,0,-999.0,-999.0,-999.0,-999.0,0,-999.0,-999.0,-999.0,-999.0,-999.0,0,-999.0,-999.0,-999.0,0,0,-999.0,-999.0,-999.0,-999.0,0,-999.0,-999.0,-999.0,-999.0,-999.0,0,-999.0,-999.0,-999.0,0,0,-999.0,-999.0,-999.0,-999.0,0,-999.0,-999.0,-999.0,-999.0,-999.0,0,-999.0,-999.0,-999.0,0,0,0.02566180703534637
PSO J139.6190+35.9311,-999,-999,-999,151111396189637873,3578835000029166,214022515356141,0,16486948094167,15111,1,2038,90,0.155829984839847,3578835,49831,3,268959744,0,32,-999.0,-999.0,-999.0,-999.0,139.6189911,35.93106928,0.26816999912261963,0.26816999912261963,,,,,56271.62530093,-999.0,-0.6168094193623737,0.524593532829465,0.5868115246817778,130.79425841027162,19.251643400841694,188.0196095956865,44.33494022421873,-999,0,1,0,0,0,1,0,-999.0,-999.0,-999.0,-999.0,0,-999.0,-999.0,-999.0,-999.0,-999.0,0,-999.0,-999.0,-999.0,0,0,-999.0,-999.0,-999.0,-999.0,0,-999.0,-999.0,-999.0,-999.0,-999.0,0,-999.0,-999.0,-999.0,0,0,-999.0,-999.0,-999.0,-999.0,0,-999.0,-999.0,-999.0,-999.0,-999.0,0,-999.0,-999.0,-999.0,0,0,0.723675012588501,21.07349967956543,0.26774901151657104,-999.0,1,21.07349967956543,21.07349967956543,-999.0,-999.0,-999.0,0,24.037900924682617,0.26774901151657104,-999.0,1,4120,-999.0,-999.0,-999.0,-999.0,0,-999.0,-999.0,-999.0,-999.0,-999.0,0,-999.0,-999.0,-999.0,0,0,0.02761441691455273
PSO J139.6192+35.9326,-999,-999,-999,151111396192049707,3578835000029223,214022515356198,0,16486948028605,15111,1,2038,90,0.262987965031516,3578835,49831,3,268959744,0,32,-999.0,-999.0,-999.0,-999.0,139.61922154,35.9325919,0.23277999460697174,0.23277999460697174,,,,,55249.28297454,-999.0,-0.616799649929681,0.5245809488416351,0.5868330426612265,130.79392795139265,19.253145352081503,188.01750820196747,44.33524685020632,-999,0,1,0,0,1,0,0,-999.0,-999.0,-999.0,-999.0,0,-999.0,-999.0,-999.0,-999.0,-999.0,0,-999.0,-999.0,-999.0,0,0,-999.0,-999.0,-999.0,-999.0,0,-999.0,-999.0,-999.0,-999.0,-999.0,0,-999.0,-999.0,-999.0,0,0,0.8065469861030579,21.007099151611328,0.23229700326919556,-999.0,1,21.007099151611328,21.007099151611328,-999.0,-999.0,-999.0,1,21.020599365234375,0.23229700326919556,-999.0,1,4120,-999.0,-999.0,-999.0,-999.0,0,-999.0,-999.0,-999.0,-999.0,-999.0,0,-999.0,-999.0,-999.0,0,0,-999.0,-999.0,-999.0,-999.0,0,-999.0,-999.0,-999.0,-999.0,-999.0,0,-999.0,-999.0,-999.0,0,0,0.028874882284929834
PSO J139.6198+35.9277,-999,-999,-999,151111396197913824,3578835000029374,214022515356349,0,16486947917060,15111,1,2038,90,0.500670064706979,3578835,49831,3,310456320,0,37,-999.0,-999.0,-999.0,-999.0,139.61982826,35.92767628,0.20175999402999878,0.20175999402999878,,,,,56795.24583333,-999.0,-0.6168435547119312,0.524607032797825,0.5867635726162715,130.79609194597893,19.248647479308868,188.0244134903929,44.33534704997995,-999,0,1,0,0,0,0,1,-999.0,-999.0,-999.0,-999.0,0,-999.0,-999.0,-999.0,-999.0,-999.0,0,-999.0,-999.0,-999.0,0,0,-999.0,-999.0,-999.0,-999.0,0,-999.0,-999.0,-999.0,-999.0,-999.0,0,-999.0,-999.0,-999.0,0,0,-999.0,-999.0,-999.0,-999.0,0,-999.0,-999.0,-999.0,-999.0,-999.0,0,-999.0,-999.0,-999.0,0,0,-999.0,-999.0,-999.0,-999.0,0,-999.0,-999.0,-999.0,-999.0,-999.0,0,-999.0,-999.0,-999.0,0,0,0.9032670259475708,20.492799758911133,0.20119699835777283,-999.0,1,20.492799758911133,20.492799758911133,18.84600067138672,0.15527799725532532,-999.0,1,19.87660026550293,0.20119699835777283,-999.0,1,16777496,0.025729610183345235
PSO J139.6202+35.9328,-999,-999,-999,151111396201679949,3578835000029472,214022515356447,0,16486948029296,15111,1,2038,90,0.656181199155917,3578835,49831,3,268959744,0,32,-999.0,-999.0,-999.0,-999.0,139.62018433,35.93278447,0.42680999636650085,0.42680999636650085,,,,,55250.25306713,-999.0,-0.6168069623631168,0.5245693063724279,0.5868357640706081,130.79464455522535,19.253577948965134,188.0173261379861,44.33603923064092,-999,0,1,0,0,0,1,0,-999.0,-999.0,-999.0,-999.0,0,-999.0,-999.0,-999.0,-999.0,-999.0,0,-999.0,-999.0,-999.0,0,0,-999.0,-999.0,-999.0,-999.0,0,-999.0,-999.0,-999.0,-999.0,-999.0,0,-999.0,-999.0,-999.0,0,0,-999.0,-999.0,-999.0,-999.0,0,-999.0,-999.0,-999.0,-999.0,-999.0,0,-999.0,-999.0,-999.0,0,0,0.6114450097084045,21.086700439453125,0.4265500009059906,-999.0,1,21.086700439453125,21.086700439453125,-999.0,-999.0,-999.0,0,21.75860023498535,0.4265500009059906,-999.0,1,4120,-999.0,-999.0,-999.0,-999.0,0,-999.0,-999.0,-999.0,-999.0,-999.0,0,-999.0,-999.0,-999.0,0,0,0.029534145729311168
PSO J139.6205+35.9267,-999,-999,-999,151111396204562697,3578835000029535,214022515356510,0,16486947916246,15111,1,2038,90,0.50686680572747,3578835,49831,3,268513280,0,32,-999.0,-999.0,-999.0,-999.0,139.62050404,35.92673963,0.01537999976426363,0.01537999976426363,,,,,56331.39599537,-999.0,-0.6168570491551297,0.5246059715526783,0.5867503349116185,130.79695932671285,19.247936016854943,188.02577955455004,44.33581828342156,-999,0,1,0,1,0,0,0,-999.0,-999.0,-999.0,-999.0,0,-999.0,-999.0,-999.0,-999.0,-999.0,0,-999.0,-999.0,-999.0,0,0,0.999675989151001,17.45680046081543,0.0034099998883903027,-999.0,1,17.45680046081543,17.45680046081543,18.30579948425293,0.012137000449001789,-999.0,1,18.22209930419922,0.0034099998883903027,-999.0,1,24,-999.0,-999.0,-999.0,-999.0,0,-999.0,-999.0,-999.0,-999.0,-999.0,0,-999.0,-999.0,-999.0,0,0,-999.0,-999.0,-999.0,-999.0,0,-999.0,-999.0,-999.0,-999.0,-999.0,0,-999.0,-999.0,-999.0,0,0,-999.0,-999.0,-999.0,-999.0,0,-999.0,-999.0,-999.0,-999.0,-999.0,0,-999.0,-999.0,-999.0,0,0,0.025547932080012783
PSO J139.6207+35.9264,-999,-999,-999,151111396206582297,3578835000029581,214022515356556,0,16486947916249,15111,1,2038,90,0.00242689904051544,3578835,49831,3,302067712,0,36,-999.0,-999.0,-999.0,-999.0,139.62069368,35.92640643,0.018959999084472656,0.018959999084472656,,,,,56331.35887731,-999.0,-0.616861384831336,0.5246061404236385,0.5867456257474615,130.79722665258768,19.24766973264559,188.02626095999986,44.33594494342299,-999,0,1,1,0,0,0,0,0.9993150234222412,15.518899917602539,0.00108299998100847,-999.0,1,15.518899917602539,15.518899917602539,16.233800888061523,0.0035290000960230827,-999.0,1,16.16629981994629,0.00108299998100847,-999.0,1,280,-999.0,-999.0,-999.0,-999.0,0,-999.0,-999.0,-999.0,-999.0,-999.0,0,-999.0,-999.0,-999.0,0,0,-999.0,-999.0,-999.0,-999.0,0,-999.0,-999.0,-999.0,-999.0,-999.0,0,-999.0,-999.0,-999.0,0,0,-999.0,-999.0,-999.0,-999.0,0,-999.0,-999.0,-999.0,-999.0,-999.0,0,-999.0,-999.0,-999.0,0,0,-999.0,-999.0,-999.0,-999.0,0,-999.0,-999.0,-999.0,-999.0,-999.0,0,-999.0,-999.0,-999.0,0,0,0.025461696485329057
PSO J139.6213+35.9303,-999,-999,-999,151111396213256988,3578835000029714,214022515356689,0,16486948094627,15111,1,2038,90,0.723854757588221,3578835,49831,3,268959744,0,32,-999.0,-999.0,-999.0,-999.0,139.62134238,35.93032024,0.29416000843048096,0.29416000843048096,,,,,55249.29931713,-999.0,-0.6168367908406238,0.5245731898620667,0.5868009389421397,130.79642303434102,19.25154506808406,188.02086443352076,44.33677878908275,-999,0,1,0,0,1,0,0,-999.0,-999.0,-999.0,-999.0,0,-999.0,-999.0,-999.0,-999.0,-999.0,0,-999.0,-999.0,-999.0,0,0,-999.0,-999.0,-999.0,-999.0,0,-999.0,-999.0,-999.0,-999.0,-999.0,0,-999.0,-999.0,-999.0,0,0,0.6406180262565613,21.187700271606445,0.29377999901771545,-999.0,1,21.187700271606445,21.187700271606445,-999.0,-999.0,-999.0,0,22.46809959411621,0.29377999901771545,-999.0,1,4120,-999.0,-999.0,-999.0,-999.0,0,-999.0,-999.0,-999.0,-999.0,-999.0,0,-999.0,-999.0,-999.0,0,0,-999.0,-999.0,-999.0,-999.0,0,-999.0,-999.0,-999.0,-999.0,-999.0,0,-999.0,-999.0,-999.0,0,0,0.02841690873720034
PSO J139.6215+35.9273,-999,-999,-999,151111396215273305,3578835000029751,214022515356726,0,16486948095701,15111,1,2038,90,0.863036570011672,3578835,49831,3,268959744,0,32,-999.0,-999.0,-999.0,-999.0,139.62154847,35.92725891,0.2524400055408478,0.2524400055408478,,,,,55249.28607639,-999.0,-0.6168625609271294,0.5245912818646198,0.5867576739319721,130.79763121592094,19.248699272326945,188.02514957760377,44.336702534814755,-999,0,1,0,0,1,0,0,-999.0,-999.0,-999.0,-999.0,0,-999.0,-999.0,-999.0,-999.0,-999.0,0,-999.0,-999.0,-999.0,0,0,-999.0,-999.0,-999.0,-999.0,0,-999.0,-999.0,-999.0,-999.0,-999.0,0,-999.0,-999.0,-999.0,0,0,0.6993489861488342,20.87619972229004,0.2519890069961548,-999.0,1,20.87619972229004,20.87619972229004,-999.0,-999.0,-999.0,0,-999.0,-999.0,-999.0,0,4120,-999.0,-999.0,-999.0,-999.0,0,-999.0,-999.0,-999.0,-999.0,-999.0,0,-999.0,-999.0,-999.0,0,0,-999.0,-999.0,-999.0,-999.0,0,-999.0,-999.0,-999.0,-999.0,-999.0,0,-999.0,-999.0,-999.0,0,0,0.02653285938399469
PSO J139.6215+35.9319,-999,-999,-999,151111396215288914,3578835000029754,214022515356729,0,16486948028871,15111,1,2038,90,0.929674971783231,3578835,49831,3,268959744,0,32,-999.0,-999.0,-999.0,-999.0,139.62154377,35.93191763,0.2858999967575073,0.2858999967575073,,,,,55268.33556713,-999.0,-0.6168261717960604,0.5245604230694192,0.5868235137898353,130.79604354077114,19.253110280157113,188.0186561559081,44.33706787681913,-999,0,1,0,1,0,0,0,-999.0,-999.0,-999.0,-999.0,0,-999.0,-999.0,-999.0,-999.0,-999.0,0,-999.0,-999.0,-999.0,0,0,0.5264289975166321,21.99880027770996,0.2855049967765808,-999.0,1,21.99880027770996,21.99880027770996,-999.0,-999.0,-999.0,0,22.49410057067871,0.2855049967765808,-999.0,1,4120,-999.0,-999.0,-999.0,-999.0,0,-999.0,-999.0,-999.0,-999.0,-999.0,0,-999.0,-999.0,-999.0,0,0,-999.0,-999.0,-999.0,-999.0,0,-999.0,-999.0,-999.0,-999.0,-999.0,0,-999.0,-999.0,-999.0,0,0,-999.0,-999.0,-999.0,-999.0,0,-999.0,-999.0,-999.0,-999.0,-999.0,0,-999.0,-999.0,-999.0,0,0,0.029653558988948243
PSO J139.6216+35.9267,-999,-999,-999,151111396216302667,3578835000187322,214022515515920,0,16486948095688,15111,1,2038,90,0.730690166103365,3578835,49831,3,1477967872,0,176,139.62162984,35.92672232,0.0010000000474974513,0.0010000000474974513,139.62162984,35.92672232,0.0010000000474974513,0.0010000000474974513,,,,,55655.49234954,-999.0,-0.6168674920140071,0.5245939657178683,0.5867500902673546,130.79787973837574,19.24821222060082,188.02590473809693,44.33672567766067,-999,3,0,0,0,0,0,0,-999.0,-999.0,-999.0,-999.0,0,-999.0,-999.0,-999.0,-999.0,-999.0,0,-999.0,-999.0,-999.0,0,16416,-999.0,-999.0,-999.0,-999.0,0,-999.0,-999.0,-999.0,-999.0,-999.0,0,-999.0,-999.0,-999.0,0,16416,-999.0,-999.0,-999.0,-999.0,0,-999.0,-999.0,-999.0,-999.0,-999.0,0,-999.0,-999.0,-999.0,0,114720,-999.0,-999.0,-999.0,-999.0,0,-999.0,-999.0,-999.0,-999.0,-999.0,0,-999.0,-999.0,-999.0,0,114720,-999.0,-999.0,-999.0,-999.0,0,-999.0,-999.0,-999.0,-999.0,-999.0,0,-999.0,-999.0,-999.0,0,16416,0.02625468264761378
PSO J139.6217+35.9285,-999,-999,-999,151111396216804848,3578835000029793,214022515356768,0,16486948097732,15111,1,2038,90,0.47899401046242,3578835,49831,3,302067712,0,36,-999.0,-999.0,-999.0,-999.0,139.621718,35.9285381,0.17545999586582184,0.17545999586582184,,,,,56303.55474537,-999.0,-0.6168541335938812,0.5245809699368846,0.5867757526076034,130.7973340425937,19.249954843435788,188.02338195053414,44.336940773658505,-999,0,1,0,1,0,0,0,-999.0,-999.0,-999.0,-999.0,0,-999.0,-999.0,-999.0,-999.0,-999.0,0,-999.0,-999.0,-999.0,0,0,0.99891197681427,21.899799346923828,0.17482000589370728,-999.0,1,21.899799346923828,21.899799346923828,21.890499114990234,0.25616899132728577,-999.0,1,21.707700729370117,0.17482000589370728,-999.0,1,280,-999.0,-999.0,-999.0,-999.0,0,-999.0,-999.0,-999.0,-999.0,-999.0,0,-999.0,-999.0,-999.0,0,0,-999.0,-999.0,-999.0,-999.0,0,-999.0,-999.0,-999.0,-999.0,-999.0,0,-999.0,-999.0,-999.0,0,0,-999.0,-999.0,-999.0,-999.0,0,-999.0,-999.0,-999.0,-999.0,-999.0,0,-999.0,-999.0,-999.0,0,0,0.02745141766438034
PSO J139.6219+35.9279,-999,-999,-999,151111396218824086,3578835000029836,214022515356811,0,16486948097641,15111,1,2038,90,0.0888485536806738,3578835,49831,3,268959744,0,32,-999.0,-999.0,-999.0,-999.0,139.62190614,35.92791431,0.21035000681877136,0.21035000681877136,,,,,55249.24423611,-999.0,-0.616860722648154,0.5245830829113219,0.5867669366769488,130.79769894545223,19.249412955729802,188.0242682274206,44.33704320211434,-999,0,1,0,0,0,1,0,-999.0,-999.0,-999.0,-999.0,0,-999.0,-999.0,-999.0,-999.0,-999.0,0,-999.0,-999.0,-999.0,0,0,-999.0,-999.0,-999.0,-999.0,0,-999.0,-999.0,-999.0,-999.0,-999.0,0,-999.0,-999.0,-999.0,0,0,-999.0,-999.0,-999.0,-999.0,0,-999.0,-999.0,-999.0,-999.0,-999.0,0,-999.0,-999.0,-999.0,0,0,0.706637978553772,20.550899505615234,0.20981700718402863,-999.0,1,20.550899505615234,20.550899505615234,-999.0,-999.0,-999.0,0,20.69099998474121,0.20981700718402863,-999.0,1,4120,-999.0,-999.0,-999.0,-999.0,0,-999.0,-999.0,-999.0,-999.0,-999.0,0,-999.0,-999.0,-999.0,0,0,0.027169384431792655
PSO J139.6233+35.9285,-999,-999,-999,151111396232464787,3578835000030165,214022515357140,0,16486948097993,15111,1,2038,90,0.602795793304961,3578835,49831,3,310456320,0,37,-999.0,-999.0,-999.0,-999.0,139.62327572,35.92847778,0.15183000266551971,0.15183000266551971,,,,,55259.45824074,-999.0,-0.616868865929078,0.5245645993011003,0.5867749001171142,130.7986199233041,19.250302574461497,188.02360577522037,44.33819339024807,-999,0,1,0,0,1,0,0,-999.0,-999.0,-999.0,-999.0,0,-999.0,-999.0,-999.0,-999.0,-999.0,0,-999.0,-999.0,-999.0,0,0,-999.0,-999.0,-999.0,-999.0,0,-999.0,-999.0,-999.0,-999.0,-999.0,0,-999.0,-999.0,-999.0,0,0,0.9917880296707153,20.40850067138672,0.1510860025882721,-999.0,1,20.40850067138672,20.40850067138672,19.250999450683594,0.12435899674892426,-999.0,1,19.343299865722656,0.1510860025882721,-999.0,1,16777488,-999.0,-999.0,-999.0,-999.0,0,-999.0,-999.0,-999.0,-999.0,-999.0,0,-999.0,-999.0,-999.0,0,0,-999.0,-999.0,-999.0,-999.0,0,-999.0,-999.0,-999.0,-999.0,-999.0,0,-999.0,-999.0,-999.0,0,0,0.02838630015393931
PSO J139.6235+35.9302,-999,-999,-999,151111396235126903,3578835000030236,214022515357211,0,16486948097489,15111,1,2038,90,0.831331912271056,3578835,49831,3,268959744,0,32,-999.0,-999.0,-999.0,-999.0,139.62352903,35.93024941,0.31301000714302063,0.31301000714302063,,,,,55249.29931713,-999.0,-0.6168573629520553,0.524550118298817,0.58679993793842,130.79822335981365,19.252046299908045,188.02115925529702,44.338538213735006,-999,0,1,0,0,1,0,0,-999.0,-999.0,-999.0,-999.0,0,-999.0,-999.0,-999.0,-999.0,-999.0,0,-999.0,-999.0,-999.0,0,0,-999.0,-999.0,-999.0,-999.0,0,-999.0,-999.0,-999.0,-999.0,-999.0,0,-999.0,-999.0,-999.0,0,0,0.7395049929618835,21.378000259399414,0.3126490116119385,-999.0,1,21.378000259399414,21.378000259399414,-999.0,-999.0,-999.0,0,21.893800735473633,0.3126490116119385,-999.0,1,4120,-999.0,-999.0,-999.0,-999.0,0,-999.0,-999.0,-999.0,-999.0,-999.0,0,-999.0,-999.0,-999.0,0,0,-999.0,-999.0,-999.0,-999.0,0,-999.0,-999.0,-999.0,-999.0,-999.0,0,-999.0,-999.0,-999.0,0,0,0.029679313372842207
PSO J139.6237+35.9285,-999,-999,-999,151111396236844763,3578835000030279,214022515357254,0,16486948097104,15111,1,2038,90,0.314328471491419,3578835,49831,3,268959744,0,32,-999.0,-999.0,-999.0,-999.0,139.62370289,35.9284654,0.22165000438690186,0.22165000438690186,,,,,55250.31586806,-999.0,-0.6168728734013267,0.5245600823387593,0.5867747251529711,130.79897113270866,19.250401875039433,188.02366135090534,44.338537222702854,-999,0,1,0,1,0,0,0,-999.0,-999.0,-999.0,-999.0,0,-999.0,-999.0,-999.0,-999.0,-999.0,0,-999.0,-999.0,-999.0,0,0,0.6971349716186523,21.441699981689453,0.22113999724388123,-999.0,1,21.441699981689453,21.441699981689453,21.266700744628906,0.2611280083656311,-999.0,1,21.289100646972656,0.22113999724388123,-999.0,1,4120,-999.0,-999.0,-999.0,-999.0,0,-999.0,-999.0,-999.0,-999.0,-999.0,0,-999.0,-999.0,-999.0,0,0,-999.0,-999.0,-999.0,-999.0,0,-999.0,-999.0,-999.0,-999.0,-999.0,0,-999.0,-999.0,-999.0,0,0,-999.0,-999.0,-999.0,-999.0,0,-999.0,-999.0,-999.0,-999.0,-999.0,0,-999.0,-999.0,-999.0,0,0,0.028649641430372214
PSO J139.6241+35.9275,-999,-999,-999,151111396240723556,3578835000030364,214022515357339,0,16486948095331,15111,1,2038,90,0.750802442199367,3578835,49831,3,268959744,0,32,-999.0,-999.0,-999.0,-999.0,139.62409609,35.92747288,0.21176999807357788,0.21176999807357788,,,,,55249.24423611,-999.0,-0.6168842166203043,0.5245624334638577,0.5867606979708415,130.7996279815161,19.24956406940265,188.02507997340524,44.33877596856482,-999,0,1,0,0,0,1,0,-999.0,-999.0,-999.0,-999.0,0,-999.0,-999.0,-999.0,-999.0,-999.0,0,-999.0,-999.0,-999.0,0,0,-999.0,-999.0,-999.0,-999.0,0,-999.0,-999.0,-999.0,-999.0,-999.0,0,-999.0,-999.0,-999.0,0,0,-999.0,-999.0,-999.0,-999.0,0,-999.0,-999.0,-999.0,-999.0,-999.0,0,-999.0,-999.0,-999.0,0,0,0.7138220071792603,20.566999435424805,0.21123400330543518,-999.0,1,20.566999435424805,20.566999435424805,-999.0,-999.0,-999.0,0,21.207799911499023,0.21123400330543518,-999.0,1,4120,-999.0,-999.0,-999.0,-999.0,0,-999.0,-999.0,-999.0,-999.0,-999.0,0,-999.0,-999.0,-999.0,0,0,0.028303156648803708
PSO J139.6245+35.9285,-999,-999,-999,151111396244204777,3578835000030454,214022515357429,0,16486948097131,15111,1,2038,90,0.951431584499247,3578835,49831,3,310456320,0,37,-999.0,-999.0,-999.0,-999.0,139.62446274,35.92846645,0.1693200021982193,0.1693200021982193,,,,,55259.44527778,-999.0,-0.6168798218102559,0.5245518944300708,0.586774739992419,130.79958801994673,19.25060036361614,188.02372804858703,44.339150660287146,-999,0,1,0,0,1,0,0,-999.0,-999.0,-999.0,-999.0,0,-999.0,-999.0,-999.0,-999.0,-999.0,0,-999.0,-999.0,-999.0,0,0,-999.0,-999.0,-999.0,-999.0,0,-999.0,-999.0,-999.0,-999.0,-999.0,0,-999.0,-999.0,-999.0,0,0,0.9975159764289856,20.97100067138672,0.1686519980430603,-999.0,1,20.97100067138672,20.97100067138672,19.592100143432617,0.11410900205373764,-999.0,1,19.855199813842773,0.1686519980430603,-999.0,1,16777496,-999.0,-999.0,-999.0,-999.0,0,-999.0,-999.0,-999.0,-999.0,-999.0,0,-999.0,-999.0,-999.0,0,0,-999.0,-999.0,-999.0,-999.0,0,-999.0,-999.0,-999.0,-999.0,-999.0,0,-999.0,-999.0,-999.0,0,0,0.02913637757883942
PSO J139.6251+35.9268,-999,-999,-999,151111396250742861,3578835000030626,214022515357601,0,16486948108829,15111,1,2038,90,0.77102945816799,3578835,49831,3,268959744,0,32,-999.0,-999.0,-999.0,-999.0,139.62512695,35.92675546,0.19088000059127808,0.19088000059127808,,,,,55249.27456019,-999.0,-0.6168992514807005,0.5245560937207595,0.5867505586388216,130.80070929474564,19.249152548270484,188.0261723961398,44.339551241360546,-999,0,2,0,0,1,0,1,-999.0,-999.0,-999.0,-999.0,0,-999.0,-999.0,-999.0,-999.0,-999.0,0,-999.0,-999.0,-999.0,0,0,-999.0,-999.0,-999.0,-999.0,0,-999.0,-999.0,-999.0,-999.0,-999.0,0,-999.0,-999.0,-999.0,0,0,0.7745829820632935,20.922000885009766,0.2528580129146576,-999.0,1,20.922000885009766,20.922000885009766,-999.0,-999.0,-999.0,0,-999.0,-999.0,-999.0,0,4120,-999.0,-999.0,-999.0,-999.0,0,-999.0,-999.0,-999.0,-999.0,-999.0,0,-999.0,-999.0,-999.0,0,0,0.7196469902992249,19.7283992767334,0.2899959981441498,-999.0,1,19.7283992767334,19.7283992767334,-999.0,-999.0,-999.0,0,-999.0,-999.0,-999.0,0,4112,0.028573010704039493
PSO J139.6251+35.9302,-999,-999,-999,151111396251006807,3578835000030641,214022515357616,0,16486948096800,15111,1,2038,90,0.944375606201939,3578835,49831,3,268959744,0,32,-999.0,-999.0,-999.0,-999.0,139.62511731,35.9301693,0.32774999737739563,0.32774999737739563,,,,,55249.29931713,-999.0,-0.616872528659095,0.5245335498478522,0.5867988057841841,130.79954077748874,19.252383238637048,188.0214133264767,44.33981391090043,-999,0,1,0,0,1,0,0,-999.0,-999.0,-999.0,-999.0,0,-999.0,-999.0,-999.0,-999.0,-999.0,0,-999.0,-999.0,-999.0,0,0,-999.0,-999.0,-999.0,-999.0,0,-999.0,-999.0,-999.0,-999.0,-999.0,0,-999.0,-999.0,-999.0,0,0,0.7571499943733215,21.463899612426758,0.3274089992046356,-999.0,1,21.463899612426758,21.463899612426758,-999.0,-999.0,-999.0,0,-999.0,-999.0,-999.0,0,4120,-999.0,-999.0,-999.0,-999.0,0,-999.0,-999.0,-999.0,-999.0,-999.0,0,-999.0,-999.0,-999.0,0,0,-999.0,-999.0,-999.0,-999.0,0,-999.0,-999.0,-999.0,-999.0,-999.0,0,-999.0,-999.0,-999.0,0,0,0.030609765158620728
PSO J139.6257+35.9282,-999,-999,-999,151111396257104495,3578835000030798,214022515357773,0,16486948096533,15111,1,2038,90,0.998315877279561,3578835,49831,3,310456320,0,37,-999.0,-999.0,-999.0,-999.0,139.62574002,35.9282336,0.14903999865055084,0.14903999865055084,,,,,55259.45824074,-999.0,-0.6168933320496822,0.5245396870774724,0.5867714491633926,130.80070475301545,19.25071182111847,188.0241671619259,44.34016324133749,-999,0,1,0,0,1,0,0,-999.0,-999.0,-999.0,-999.0,0,-999.0,-999.0,-999.0,-999.0,-999.0,0,-999.0,-999.0,-999.0,0,0,-999.0,-999.0,-999.0,-999.0,0,-999.0,-999.0,-999.0,-999.0,-999.0,0,-999.0,-999.0,-999.0,0,0,0.9992349743843079,20.394500732421875,0.14827999472618103,-999.0,1,20.394500732421875,20.394500732421875,18.86720085144043,0.09983199834823608,-999.0,1,19.13599967956543,0.14827999472618103,-999.0,1,16777488,-999.0,-999.0,-999.0,-999.0,0,-999.0,-999.0,-999.0,-999.0,-999.0,0,-999.0,-999.0,-999.0,0,0,-999.0,-999.0,-999.0,-999.0,0,-999.0,-999.0,-999.0,-999.0,-999.0,0,-999.0,-999.0,-999.0,0,0,0.029827127621316698
PSO J139.6258+35.9264,-999,-999,-999,151111396257992275,3578835000030819,214022515357794,0,16486948109023,15111,1,2038,90,0.872777456299195,3578835,49831,3,268959744,0,32,-999.0,-999.0,-999.0,-999.0,139.62581966,35.92640083,0.21480000019073486,0.21480000019073486,,,,,55249.28607639,-999.0,-0.6169083600598916,0.524550987827986,0.5867455466016758,130.80139257767385,19.248996733484496,188.0267288350191,44.340082307862524,-999,0,1,0,0,1,0,0,-999.0,-999.0,-999.0,-999.0,0,-999.0,-999.0,-999.0,-999.0,-999.0,0,-999.0,-999.0,-999.0,0,0,-999.0,-999.0,-999.0,-999.0,0,-999.0,-999.0,-999.0,-999.0,-999.0,0,-999.0,-999.0,-999.0,0,0,0.7485470175743103,20.72909927368164,0.21427500247955322,-999.0,1,20.72909927368164,20.72909927368164,-999.0,-999.0,-999.0,0,21.550500869750977,0.21427500247955322,-999.0,1,4120,-999.0,-999.0,-999.0,-999.0,0,-999.0,-999.0,-999.0,-999.0,-999.0,0,-999.0,-999.0,-999.0,0,0,-999.0,-999.0,-999.0,-999.0,0,-999.0,-999.0,-999.0,-999.0,-999.0,0,-999.0,-999.0,-999.0,0,0,0.02884553159872158
PSO J139.6259+35.9308,-999,-999,-999,151111396258537590,3578835000030840,214022515357815,0,16486948096905,15111,1,2038,90,0.0282655153686791,3578835,49831,3,268959744,0,32,-999.0,-999.0,-999.0,-999.0,139.62587425,35.93081626,0.32548999786376953,0.32548999786376953,,,,,55250.27640046,-999.0,-0.6168744104231347,0.5245211081168503,0.5868079489108692,130.79993567878597,19.25319270297631,188.02057944417626,44.34047613191667,-999,0,1,0,0,0,0,1,-999.0,-999.0,-999.0,-999.0,0,-999.0,-999.0,-999.0,-999.0,-999.0,0,-999.0,-999.0,-999.0,0,0,-999.0,-999.0,-999.0,-999.0,0,-999.0,-999.0,-999.0,-999.0,-999.0,0,-999.0,-999.0,-999.0,0,0,-999.0,-999.0,-999.0,-999.0,0,-999.0,-999.0,-999.0,-999.0,-999.0,0,-999.0,-999.0,-999.0,0,0,-999.0,-999.0,-999.0,-999.0,0,-999.0,-999.0,-999.0,-999.0,-999.0,0,-999.0,-999.0,-999.0,0,0,0.6757029891014099,18.615999221801758,0.32514700293540955,-999.0,1,18.615999221801758,18.615999221801758,-999.0,-999.0,-999.0,0,20.019500732421875,0.32514700293540955,-999.0,1,4112,0.03149416623312917
PSO J139.6259+35.9246,-999,-999,-999,151111396258610097,3578835000030835,214022515357810,0,16486948109203,15111,1,2038,90,0.0685168477413401,3578835,49831,3,310456320,0,37,-999.0,-999.0,-999.0,-999.0,139.62589864,35.924585,0.18440000712871552,0.18440000712871552,,,,,55250.31118056,-999.0,-0.6169232492749703,0.5245621827385635,0.5867198828611203,130.8020740954577,19.247297516372612,188.0292668310863,44.34000213035749,-999,0,1,0,1,0,0,0,-999.0,-999.0,-999.0,-999.0,0,-999.0,-999.0,-999.0,-999.0,-999.0,0,-999.0,-999.0,-999.0,0,0,0.9980970025062561,21.525299072265625,0.18379099667072296,-999.0,1,21.525299072265625,21.525299072265625,21.042299270629883,0.23687300086021423,-999.0,1,20.971900939941406,0.18379099667072296,-999.0,1,16777496,-999.0,-999.0,-999.0,-999.0,0,-999.0,-999.0,-999.0,-999.0,-999.0,0,-999.0,-999.0,-999.0,0,0,-999.0,-999.0,-999.0,-999.0,0,-999.0,-999.0,-999.0,-999.0,-999.0,0,-999.0,-999.0,-999.0,0,0,-999.0,-999.0,-999.0,-999.0,0,-999.0,-999.0,-999.0,-999.0,-999.0,0,-999.0,-999.0,-999.0,0,0,0.027957838700218913
PSO J139.6259+35.9305,-999,-999,-999,151111396258657192,3578835000030843,214022515357818,0,16486948096958,15111,1,2038,90,0.669294804026647,3578835,49831,3,268959744,0,32,-999.0,-999.0,-999.0,-999.0,139.62586764,35.93049135,0.2986299991607666,0.2986299991607666,,,,,55250.32113426,-999.0,-0.6168768850005196,0.5245233348407868,0.5868033571474821,130.80004078128027,19.252883268494084,188.02103171829762,44.340445070708114,-999,0,1,0,1,0,0,0,-999.0,-999.0,-999.0,-999.0,0,-999.0,-999.0,-999.0,-999.0,-999.0,0,-999.0,-999.0,-999.0,0,0,0.6099740266799927,21.734600067138672,0.2982479929924011,-999.0,1,21.734600067138672,21.734600067138672,-999.0,-999.0,-999.0,0,22.32080078125,0.2982479929924011,-999.0,1,4120,-999.0,-999.0,-999.0,-999.0,0,-999.0,-999.0,-999.0,-999.0,-999.0,0,-999.0,-999.0,-999.0,0,0,-999.0,-999.0,-999.0,-999.0,0,-999.0,-999.0,-999.0,-999.0,-999.0,0,-999.0,-999.0,-999.0,0,0,-999.0,-999.0,-999.0,-999.0,0,-999.0,-999.0,-999.0,-999.0,-999.0,0,-999.0,-999.0,-999.0,0,0,0.031284040480030105
PSO J139.6259+35.9324,-999,-999,-999,151111396259129463,3578835000030856,214022515357831,0,16486948030458,15111,1,2038,90,0.301077126805742,3578835,49831,3,276901888,0,33,-999.0,-999.0,-999.0,-999.0,139.62594828,35.93237461,0.017980000004172325,0.017980000004172325,,,,,56283.59672454,-999.0,-0.6168629289229811,0.5245099722607216,0.5868299718995429,130.79946595670444,19.254687828754307,188.01841400991762,44.34065924876906,-999,0,1,1,0,0,0,0,0.98021399974823,18.42099952697754,0.009902999736368656,-999.0,1,18.42099952697754,18.42099952697754,18.569400787353516,0.015490000136196613,-999.0,1,18.239099502563477,0.009902999736368656,-999.0,1,16777240,-999.0,-999.0,-999.0,-999.0,0,-999.0,-999.0,-999.0,-999.0,-999.0,0,-999.0,-999.0,-999.0,0,0,-999.0,-999.0,-999.0,-999.0,0,-999.0,-999.0,-999.0,-999.0,-999.0,0,-999.0,-999.0,-999.0,0,0,-999.0,-999.0,-999.0,-999.0,0,-999.0,-999.0,-999.0,-999.0,-999.0,0,-999.0,-999.0,-999.0,0,0,-999.0,-999.0,-999.0,-999.0,0,-999.0,-999.0,-999.0,-999.0,-999.0,0,-999.0,-999.0,-999.0,0,0,0.03255386201067063
PSO J139.6261+35.9266,-999,-999,-999,151111396261242575,3578835000030897,214022515357872,0,16486948109331,15111,1,2038,90,0.374250395572046,3578835,49831,3,268959744,0,32,-999.0,-999.0,-999.0,-999.0,139.6261429,35.92664785,0.21762000024318695,0.21762000024318695,,,,,55249.26106481,-999.0,-0.6169093921842314,0.5245458688301466,0.5867490377734836,130.80157117206977,19.24931469998945,188.026413539271,44.34036281033003,-999,0,1,0,0,0,0,1,-999.0,-999.0,-999.0,-999.0,0,-999.0,-999.0,-999.0,-999.0,-999.0,0,-999.0,-999.0,-999.0,0,0,-999.0,-999.0,-999.0,-999.0,0,-999.0,-999.0,-999.0,-999.0,-999.0,0,-999.0,-999.0,-999.0,0,0,-999.0,-999.0,-999.0,-999.0,0,-999.0,-999.0,-999.0,-999.0,-999.0,0,-999.0,-999.0,-999.0,0,0,-999.0,-999.0,-999.0,-999.0,0,-999.0,-999.0,-999.0,-999.0,-999.0,0,-999.0,-999.0,-999.0,0,0,0.672469973564148,19.1476993560791,0.21709999442100525,-999.0,1,19.1476993560791,19.1476993560791,-999.0,-999.0,-999.0,0,21.107500076293945,0.21709999442100525,-999.0,1,4112,0.029199493782390878
PSO J139.6269+35.9269,-999,-999,-999,151111396268552887,3578835000031101,214022515358076,0,16486948109565,15111,1,2038,90,0.134560763029904,3578835,49831,3,268959744,0,32,-999.0,-999.0,-999.0,-999.0,139.62687895,35.92691486,0.17798000574111938,0.17798000574111938,,,,,55249.24423611,-999.0,-0.6169140475443543,0.5245361724346094,0.5867528114547828,130.80207830773077,19.24975889879556,188.0261074103508,44.340978122881275,-999,0,1,0,0,0,1,0,-999.0,-999.0,-999.0,-999.0,0,-999.0,-999.0,-999.0,-999.0,-999.0,0,-999.0,-999.0,-999.0,0,0,-999.0,-999.0,-999.0,-999.0,0,-999.0,-999.0,-999.0,-999.0,-999.0,0,-999.0,-999.0,-999.0,0,0,-999.0,-999.0,-999.0,-999.0,0,-999.0,-999.0,-999.0,-999.0,-999.0,0,-999.0,-999.0,-999.0,0,0,0.7278919816017151,20.385299682617188,0.1773419976234436,-999.0,1,20.385299682617188,20.385299682617188,-999.0,-999.0,-999.0,0,21.17449951171875,0.1773419976234436,-999.0,1,4120,-999.0,-999.0,-999.0,-999.0,0,-999.0,-999.0,-999.0,-999.0,-999.0,0,-999.0,-999.0,-999.0,0,0,0.02984499700031702
PSO J139.6270+35.9265,-999,-999,-999,151111396270022403,3578835000031139,214022515358114,0,16486948109515,15111,1,2038,90,0.45402374253983,3578835,49831,3,268959744,0,32,-999.0,-999.0,-999.0,-999.0,139.62701977,35.92650562,0.22066999971866608,0.22066999971866608,,,,,55249.26556713,-999.0,-0.6169185295533137,0.5245373709062683,0.5867470276162607,130.80233184164956,19.249407917672713,188.0266904542109,44.341059369801606,-999,0,1,0,0,0,0,1,-999.0,-999.0,-999.0,-999.0,0,-999.0,-999.0,-999.0,-999.0,-999.0,0,-999.0,-999.0,-999.0,0,0,-999.0,-999.0,-999.0,-999.0,0,-999.0,-999.0,-999.0,-999.0,-999.0,0,-999.0,-999.0,-999.0,0,0,-999.0,-999.0,-999.0,-999.0,0,-999.0,-999.0,-999.0,-999.0,-999.0,0,-999.0,-999.0,-999.0,0,0,-999.0,-999.0,-999.0,-999.0,0,-999.0,-999.0,-999.0,-999.0,-999.0,0,-999.0,-999.0,-999.0,0,0,0.4367949962615967,19.4242000579834,0.22015999257564545,-999.0,1,19.4242000579834,19.4242000579834,-999.0,-999.0,-999.0,0,21.146400451660156,0.22015999257564545,-999.0,1,4112,0.029722033569562913
PSO J139.6273+35.9271,-999,-999,-999,151111396272283084,3578835000031204,214022515358179,0,16486948109461,15111,1,2038,90,0.661671890562095,3578835,49831,3,302067712,0,36,-999.0,-999.0,-999.0,-999.0,139.62726975,35.92706999,0.1712699979543686,0.1712699979543686,,,,,56043.25655093,-999.0,-0.6169164149480592,0.5245309355459998,0.5867550039180511,130.80234302281397,19.250007399292887,188.02592624223988,44.341305875165034,-999,0,1,0,0,0,1,0,-999.0,-999.0,-999.0,-999.0,0,-999.0,-999.0,-999.0,-999.0,-999.0,0,-999.0,-999.0,-999.0,0,0,-999.0,-999.0,-999.0,-999.0,0,-999.0,-999.0,-999.0,-999.0,-999.0,0,-999.0,-999.0,-999.0,0,0,-999.0,-999.0,-999.0,-999.0,0,-999.0,-999.0,-999.0,-999.0,-999.0,0,-999.0,-999.0,-999.0,0,0,0.1334960013628006,21.0231990814209,0.1706160008907318,-999.0,1,21.0231990814209,21.0231990814209,20.857500076293945,0.2937209904193878,-999.0,1,20.81209945678711,0.1706160008907318,-999.0,1,536,-999.0,-999.0,-999.0,-999.0,0,-999.0,-999.0,-999.0,-999.0,-999.0,0,-999.0,-999.0,-999.0,0,0,0.030195073067114716
PSO J139.6272+35.9278,-999,-999,-999,151111396272513803,3578835000031211,214022515358186,0,16486948107624,15111,1,2038,90,0.75470648124321,3578835,49831,3,1343750144,0,160,139.6272199,35.92775262,0.0010000000474974513,0.0010000000474974513,139.6272199,35.92775262,0.0010000000474974513,0.0010000000474974513,,,,,55646.00913194,-999.0,-0.6169106327137333,0.5245269439842316,0.5867646515250422,130.8020704317622,19.25064094826865,188.0249702956641,44.34131971366098,-999,2,1,0,1,0,0,0,-999.0,-999.0,-999.0,-999.0,0,-999.0,-999.0,-999.0,-999.0,-999.0,0,-999.0,-999.0,-999.0,0,16416,-999.0,-999.0,-999.0,-999.0,0,-999.0,-999.0,-999.0,-999.0,-999.0,0,-999.0,-999.0,-999.0,0,16440,-999.0,-999.0,-999.0,-999.0,0,-999.0,-999.0,-999.0,-999.0,-999.0,0,-999.0,-999.0,-999.0,0,114720,-999.0,-999.0,-999.0,-999.0,0,-999.0,-999.0,-999.0,-999.0,-999.0,0,-999.0,-999.0,-999.0,0,16416,-999.0,-999.0,-999.0,-999.0,0,-999.0,-999.0,-999.0,-999.0,-999.0,0,-999.0,-999.0,-999.0,0,16416,0.030535787238200326
PSO J139.6274+35.9263,-999,-999,-999,151111396274242288,3578835000031243,214022515358218,0,16486948110241,15111,1,2038,90,0.0406080773478449,3578835,49831,3,268959744,0,32,-999.0,-999.0,-999.0,-999.0,139.62738916,35.92628444,0.18761999905109406,0.18761999905109406,,,,,55249.27334491,-999.0,-0.6169236368752581,0.5245348607602875,0.5867439016400515,130.80270711131675,19.249294457177726,188.02703188266517,44.34134002489134,-999,0,2,0,0,1,0,1,-999.0,-999.0,-999.0,-999.0,0,-999.0,-999.0,-999.0,-999.0,-999.0,0,-999.0,-999.0,-999.0,0,0,-999.0,-999.0,-999.0,-999.0,0,-999.0,-999.0,-999.0,-999.0,-999.0,0,-999.0,-999.0,-999.0,0,0,0.7623540163040161,20.868999481201172,0.24099700152873993,-999.0,1,20.868999481201172,20.868999481201172,-999.0,-999.0,-999.0,0,21.61440086364746,0.24099700152873993,-999.0,1,4120,-999.0,-999.0,-999.0,-999.0,0,-999.0,-999.0,-999.0,-999.0,-999.0,0,-999.0,-999.0,-999.0,0,0,0.7343599796295166,19.568899154663086,0.29768800735473633,-999.0,1,19.568899154663086,19.568899154663086,-999.0,-999.0,-999.0,0,-999.0,-999.0,-999.0,0,4112,0.02986048354411598
PSO J139.6275+35.9300,-999,-999,-999,151111396274996570,3578835000031258,214022515358233,0,16486948096146,15111,1,2038,90,0.773281139110477,3578835,49831,3,268959744,0,32,-999.0,-999.0,-999.0,-999.0,139.6275418,35.92997317,0.30274999141693115,0.30274999141693115,,,,,55985.31829861,-999.0,-0.6168962542270231,0.5245087473382004,0.586796033972947,130.80157690899364,19.2528276578703,188.0219040550656,44.3417554077202,-999,0,1,0,0,1,0,0,-999.0,-999.0,-999.0,-999.0,0,-999.0,-999.0,-999.0,-999.0,-999.0,0,-999.0,-999.0,-999.0,0,0,-999.0,-999.0,-999.0,-999.0,0,-999.0,-999.0,-999.0,-999.0,-999.0,0,-999.0,-999.0,-999.0,0,0,0.8080940246582031,22.479400634765625,0.3023749887943268,-999.0,1,22.479400634765625,22.479400634765625,-999.0,-999.0,-999.0,1,22.59440040588379,0.3023749887943268,-999.0,1,4112,-999.0,-999.0,-999.0,-999.0,0,-999.0,-999.0,-999.0,-999.0,-999.0,0,-999.0,-999.0,-999.0,0,0,-999.0,-999.0,-999.0,-999.0,0,-999.0,-999.0,-999.0,-999.0,-999.0,0,-999.0,-999.0,-999.0,0,0,0.032033566162602264
PSO J139.6276+35.9261,-999,-999,-999,151111396275471877,3578835000031267,214022515358242,0,16486948110250,15111,1,2038,90,0.417376628534288,3578835,49831,3,268959744,0,32,-999.0,-999.0,-999.0,-999.0,139.62756777,35.92606887,0.25804999470710754,0.25804999470710754,,,,,55249.28607639,-999.0,-0.6169269538540304,0.524534367558187,0.5867408549425546,130.80292549658927,19.249136720909068,188.02734837688803,44.34146712219174,-999,0,1,0,0,1,0,0,-999.0,-999.0,-999.0,-999.0,0,-999.0,-999.0,-999.0,-999.0,-999.0,0,-999.0,-999.0,-999.0,0,0,-999.0,-999.0,-999.0,-999.0,0,-999.0,-999.0,-999.0,-999.0,-999.0,0,-999.0,-999.0,-999.0,0,0,0.7916769981384277,20.997100830078125,0.2576090097427368,-999.0,1,20.997100830078125,20.997100830078125,-999.0,-999.0,-999.0,0,-999.0,-999.0,-999.0,0,4120,-999.0,-999.0,-999.0,-999.0,0,-999.0,-999.0,-999.0,-999.0,-999.0,0,-999.0,-999.0,-999.0,0,0,-999.0,-999.0,-999.0,-999.0,0,-999.0,-999.0,-999.0,-999.0,-999.0,0,-999.0,-999.0,-999.0,0,0,0.02987302510082776
PSO J139.6276+35.9275,-999,-999,-999,151111396276003587,3578835000031285,214022515358260,0,16486948107595,15111,1,2038,90,0.826483861381639,3578835,49831,3,268513280,0,32,-999.0,-999.0,-999.0,-999.0,139.62763452,35.92747988,0.016930000856518745,0.016930000856518745,,,,,55268.33556713,-999.0,-0.6169165563649592,0.5245242889533764,0.5867607969017313,130.80249997227918,19.25049041260376,188.02538763944344,44.3416327956766,-999,0,1,0,1,0,0,0,-999.0,-999.0,-999.0,-999.0,0,-999.0,-999.0,-999.0,-999.0,-999.0,0,-999.0,-999.0,-999.0,0,0,0.974361002445221,18.194599151611328,0.007842999882996082,-999.0,1,18.194599151611328,18.194599151611328,18.48040008544922,0.014407999813556671,-999.0,1,18.422100067138672,0.007842999882996082,-999.0,1,24,-999.0,-999.0,-999.0,-999.0,0,-999.0,-999.0,-999.0,-999.0,-999.0,0,-999.0,-999.0,-999.0,0,0,-999.0,-999.0,-999.0,-999.0,0,-999.0,-999.0,-999.0,-999.0,-999.0,0,-999.0,-999.0,-999.0,0,0,-999.0,-999.0,-999.0,-999.0,0,-999.0,-999.0,-999.0,-999.0,-999.0,0,-999.0,-999.0,-999.0,0,0,0.030665658755698853
PSO J139.6280+35.9294,-999,-999,-999,151111396277756022,3578835000031328,214022515358303,0,16486948107350,15111,1,2038,90,0.838668064064037,3578835,49831,3,302067712,0,36,-999.0,-999.0,-999.0,-999.0,139.62802977,35.92944959,0.13747000694274902,0.13747000694274902,,,,,55259.45824074,-999.0,-0.6169048065171717,0.5245069667743681,0.5867886344342081,130.8021513198351,19.252458622003612,188.02267759459224,44.34210783963422,-999,0,2,0,1,1,0,0,-999.0,-999.0,-999.0,-999.0,0,-999.0,-999.0,-999.0,-999.0,-999.0,0,-999.0,-999.0,-999.0,0,0,0.4886209964752197,21.51420021057129,0.19040599465370178,-999.0,1,21.51420021057129,21.51420021057129,-999.0,-999.0,-999.0,0,26.020000457763672,0.19040599465370178,-999.0,1,4120,0.999908983707428,20.2987003326416,0.1366499960422516,-999.0,1,20.2987003326416,20.2987003326416,19.214500427246094,0.11613400280475616,-999.0,1,19.222200393676758,0.1366499960422516,-999.0,1,16777488,-999.0,-999.0,-999.0,-999.0,0,-999.0,-999.0,-999.0,-999.0,-999.0,0,-999.0,-999.0,-999.0,0,0,-999.0,-999.0,-999.0,-999.0,0,-999.0,-999.0,-999.0,-999.0,-999.0,0,-999.0,-999.0,-999.0,0,0,0.03204226519327031
PSO J139.6281+35.9326,-999,-999,-999,151111396280449669,3578835000031380,214022515358355,0,16486948042922,15111,1,2038,90,0.602453660780986,3578835,49831,3,268959744,0,32,-999.0,-999.0,-999.0,-999.0,139.62806369,35.9325564,0.20813000202178955,0.20813000202178955,,,,,55249.31355324,-999.0,-0.6168808753538647,0.5244859907359322,0.5868325409726333,130.80112248869486,19.25540982996161,188.01835015402168,44.342381130153356,-999,0,1,0,1,0,0,0,-999.0,-999.0,-999.0,-999.0,0,-999.0,-999.0,-999.0,-999.0,-999.0,0,-999.0,-999.0,-999.0,0,0,0.432081013917923,21.625099182128906,0.2075909972190857,-999.0,1,21.625099182128906,21.625099182128906,-999.0,-999.0,-999.0,0,22.35409927368164,0.2075909972190857,-999.0,1,4120,-999.0,-999.0,-999.0,-999.0,0,-999.0,-999.0,-999.0,-999.0,-999.0,0,-999.0,-999.0,-999.0,0,0,-999.0,-999.0,-999.0,-999.0,0,-999.0,-999.0,-999.0,-999.0,-999.0,0,-999.0,-999.0,-999.0,0,0,-999.0,-999.0,-999.0,-999.0,0,-999.0,-999.0,-999.0,-999.0,-999.0,0,-999.0,-999.0,-999.0,0,0,0.03396990996046193
PSO J139.6283+35.9289,-999,-999,-999,151111396282945332,3578835000031436,214022515358411,0,16486948108237,15111,1,2038,90,0.58719591478556,3578835,49831,3,268959744,0,32,-999.0,-999.0,-999.0,-999.0,139.628311,35.92894116,0.17173999547958374,0.17173999547958374,,,,,55249.34685185,-999.0,-0.6169113479911568,0.5245073115595076,0.5867814489572344,130.80255264241546,19.252050198277594,188.02341148897108,44.342294590221115,-999,0,1,1,0,0,0,0,0.542352020740509,21.433399200439453,0.17108699679374695,-999.0,1,21.433399200439453,21.433399200439453,-999.0,-999.0,-999.0,0,24.552600860595703,0.17108699679374695,-999.0,1,4120,-999.0,-999.0,-999.0,-999.0,0,-999.0,-999.0,-999.0,-999.0,-999.0,0,-999.0,-999.0,-999.0,0,0,-999.0,-999.0,-999.0,-999.0,0,-999.0,-999.0,-999.0,-999.0,-999.0,0,-999.0,-999.0,-999.0,0,0,-999.0,-999.0,-999.0,-999.0,0,-999.0,-999.0,-999.0,-999.0,-999.0,0,-999.0,-999.0,-999.0,0,0,-999.0,-999.0,-999.0,-999.0,0,-999.0,-999.0,-999.0,-999.0,-999.0,0,-999.0,-999.0,-999.0,0,0,0.031935227241185714
PSO J139.6285+35.9304,-999,-999,-999,151111396284357133,3578835000031479,214022515358454,0,16486948107318,15111,1,2038,90,0.217303214797101,3578835,49831,3,268959744,0,32,-999.0,-999.0,-999.0,-999.0,139.6284516,35.9304417,0.28929999470710754,0.28929999470710754,,,,,55249.34685185,-999.0,-0.6169009270504079,0.5244958433926048,0.5868026554713497,130.80215664156486,19.25350787290081,188.02133253617401,44.34252688178952,-999,0,1,1,0,0,0,0,0.5560230016708374,22.066099166870117,0.28891199827194214,-999.0,1,22.066099166870117,22.066099166870117,-999.0,-999.0,-999.0,0,-999.0,-999.0,-999.0,0,4120,-999.0,-999.0,-999.0,-999.0,0,-999.0,-999.0,-999.0,-999.0,-999.0,0,-999.0,-999.0,-999.0,0,0,-999.0,-999.0,-999.0,-999.0,0,-999.0,-999.0,-999.0,-999.0,-999.0,0,-999.0,-999.0,-999.0,0,0,-999.0,-999.0,-999.0,-999.0,0,-999.0,-999.0,-999.0,-999.0,-999.0,0,-999.0,-999.0,-999.0,0,0,-999.0,-999.0,-999.0,-999.0,0,-999.0,-999.0,-999.0,-999.0,-999.0,0,-999.0,-999.0,-999.0,0,0,0.03290411155177296
PSO J139.6285+35.9299,-999,-999,-999,151111396284906494,3578835000031493,214022515358468,0,16486948107477,15111,1,2038,90,0.0363236340101097,3578835,49831,3,268959744,0,32,-999.0,-999.0,-999.0,-999.0,139.62850736,35.92990766,0.30858999490737915,0.30858999490737915,,,,,55249.29931713,-999.0,-0.6169056044151393,0.5244987857873663,0.58679510815,130.80238352126906,19.25301658908391,188.02208191769222,44.34252961495997,-999,0,1,0,0,1,0,0,-999.0,-999.0,-999.0,-999.0,0,-999.0,-999.0,-999.0,-999.0,-999.0,0,-999.0,-999.0,-999.0,0,0,-999.0,-999.0,-999.0,-999.0,0,-999.0,-999.0,-999.0,-999.0,-999.0,0,-999.0,-999.0,-999.0,0,0,0.4945859909057617,21.00629997253418,0.3082219958305359,-999.0,1,21.00629997253418,21.00629997253418,-999.0,-999.0,-999.0,0,22.711299896240234,0.3082219958305359,-999.0,1,4120,-999.0,-999.0,-999.0,-999.0,0,-999.0,-999.0,-999.0,-999.0,-999.0,0,-999.0,-999.0,-999.0,0,0,-999.0,-999.0,-999.0,-999.0,0,-999.0,-999.0,-999.0,-999.0,-999.0,0,-999.0,-999.0,-999.0,0,0,0.03262393205084416
PSO J139.6289+35.9313,-999,-999,-999,151111396288368223,3578835000031577,214022515358552,0,16486948034613,15111,1,2038,90,0.125448930194088,3578835,49831,3,268513280,0,32,-999.0,-999.0,-999.0,-999.0,139.62886731,35.93134756,0.03531000018119812,0.03531000018119812,,,,,56324.54923611,-999.0,-0.6168976642479271,0.5244853580176315,0.5868154574230033,130.80218631044394,19.254473846361723,188.02010712976673,44.34293413412356,-999,0,1,0,0,1,0,0,-999.0,-999.0,-999.0,-999.0,0,-999.0,-999.0,-999.0,-999.0,-999.0,0,-999.0,-999.0,-999.0,0,0,-999.0,-999.0,-999.0,-999.0,0,-999.0,-999.0,-999.0,-999.0,-999.0,0,-999.0,-999.0,-999.0,0,0,0.9987819790840149,19.095399856567383,0.03196600079536438,-999.0,1,19.095399856567383,19.095399856567383,20.1156005859375,0.11415600031614304,-999.0,1,20.005800247192383,0.03196600079536438,-999.0,1,24,-999.0,-999.0,-999.0,-999.0,0,-999.0,-999.0,-999.0,-999.0,-999.0,0,-999.0,-999.0,-999.0,0,0,-999.0,-999.0,-999.0,-999.0,0,-999.0,-999.0,-999.0,-999.0,-999.0,0,-999.0,-999.0,-999.0,0,0,0.03371989713867642
PSO J139.5807+35.9467,-999,-999,-999,151131395806626684,3578835000019677,214022515346652,0,16486947378865,15113,1,2038,90,0.999246235004856,3578835,49831,3,310456320,0,37,-999.0,-999.0,-999.0,-999.0,139.58067787,35.94672158,0.1404999941587448,0.1404999941587448,,,,,56283.60864583,-999.0,-0.6163364216317784,0.5249019117321619,0.5870327064398171,130.7578179700217,19.256514673441586,187.99436361609713,44.30525864814264,-999,0,1,1,0,0,0,0,0.15995299816131592,21.38450050354004,0.13969700038433075,-999.0,1,21.38450050354004,21.38450050354004,20.326400756835938,0.118477001786232,-999.0,1,20.418399810791016,0.13969700038433075,-999.0,1,16777752,-999.0,-999.0,-999.0,-999.0,0,-999.0,-999.0,-999.0,-999.0,-999.0,0,-999.0,-999.0,-999.0,0,0,-999.0,-999.0,-999.0,-999.0,0,-999.0,-999.0,-999.0,-999.0,-999.0,0,-999.0,-999.0,-999.0,0,0,-999.0,-999.0,-999.0,-999.0,0,-999.0,-999.0,-999.0,-999.0,-999.0,0,-999.0,-999.0,-999.0,0,0,-999.0,-999.0,-999.0,-999.0,0,-999.0,-999.0,-999.0,-999.0,-999.0,0,-999.0,-999.0,-999.0,0,0,0.03802481856902305
PSO J139.5815+35.9422,-999,-999,-999,151131395814851269,3578835000019859,214022515346834,0,16486947379361,15113,1,2038,90,0.425591648021333,3578835,49831,3,268959744,0,32,-999.0,-999.0,-999.0,-999.0,139.58151249,35.94221986,0.27386999130249023,0.27386999130249023,,,,,55275.32935185,-999.0,-0.6163791806725415,0.5249228365729401,0.5869690973787846,130.76002550719193,19.25246760463861,188.0007093023732,44.305574992450424,-999,0,1,1,0,0,0,0,0.7024000287055969,22.200899124145508,0.2734600007534027,-999.0,1,22.200899124145508,22.200899124145508,20.54640007019043,0.1598619967699051,-999.0,1,22.078899383544922,0.2734600007534027,-999.0,1,4120,-999.0,-999.0,-999.0,-999.0,0,-999.0,-999.0,-999.0,-999.0,-999.0,0,-999.0,-999.0,-999.0,0,0,-999.0,-999.0,-999.0,-999.0,0,-999.0,-999.0,-999.0,-999.0,-999.0,0,-999.0,-999.0,-999.0,0,0,-999.0,-999.0,-999.0,-999.0,0,-999.0,-999.0,-999.0,-999.0,-999.0,0,-999.0,-999.0,-999.0,0,0,-999.0,-999.0,-999.0,-999.0,0,-999.0,-999.0,-999.0,-999.0,-999.0,0,-999.0,-999.0,-999.0,0,0,0.03355723650954706
PSO J139.5821+35.9455,-999,-999,-999,151131395820865188,3578835000186865,214022515515463,0,16486947381226,15113,1,2038,90,0.72179818220604,3578835,49831,3,404226048,0,48,139.58206147,35.94549298,0.0010000000474974513,0.0010000000474974513,139.58206147,35.94549298,0.0010000000474974513,0.0010000000474974513,,,,,55646.49783565,-999.0,-0.616358680383574,0.5248951893460931,0.5870153467475516,130.7593592392037,19.255710320888795,187.9961991916693,44.30627778392833,-999,2,0,0,0,0,0,0,-999.0,-999.0,-999.0,-999.0,0,-999.0,-999.0,-999.0,-999.0,-999.0,0,-999.0,-999.0,-999.0,0,114720,-999.0,-999.0,-999.0,-999.0,0,-999.0,-999.0,-999.0,-999.0,-999.0,0,-999.0,-999.0,-999.0,0,114720,-999.0,-999.0,-999.0,-999.0,0,-999.0,-999.0,-999.0,-999.0,-999.0,0,-999.0,-999.0,-999.0,0,16416,-999.0,-999.0,-999.0,-999.0,0,-999.0,-999.0,-999.0,-999.0,-999.0,0,-999.0,-999.0,-999.0,0,16416,-999.0,-999.0,-999.0,-999.0,0,-999.0,-999.0,-999.0,-999.0,-999.0,0,-999.0,-999.0,-999.0,0,16416,0.036505405571401764
PSO J139.5834+35.9458,-999,-999,-999,151131395833365572,3578835000020288,214022515347263,0,16486947377792,15113,1,2038,90,0.456538338639343,3578835,49831,3,310456320,0,37,-999.0,-999.0,-999.0,-999.0,139.58335281,35.94579291,0.1331000030040741,0.1331000030040741,,,,,56283.60864583,-999.0,-0.6163681708339294,0.5248793053508904,0.5870195846794235,130.7603061858543,19.256329766503466,187.99589726252938,44.307343715571776,-999,0,1,1,0,0,0,0,0.13411900401115417,21.339599609375,0.13225099444389343,-999.0,1,21.339599609375,21.339599609375,20.53059959411621,0.15415899455547333,-999.0,1,20.52050018310547,0.13225099444389343,-999.0,1,16777752,-999.0,-999.0,-999.0,-999.0,0,-999.0,-999.0,-999.0,-999.0,-999.0,0,-999.0,-999.0,-999.0,0,0,-999.0,-999.0,-999.0,-999.0,0,-999.0,-999.0,-999.0,-999.0,-999.0,0,-999.0,-999.0,-999.0,0,0,-999.0,-999.0,-999.0,-999.0,0,-999.0,-999.0,-999.0,-999.0,-999.0,0,-999.0,-999.0,-999.0,0,0,-999.0,-999.0,-999.0,-999.0,0,-999.0,-999.0,-999.0,-999.0,-999.0,0,-999.0,-999.0,-999.0,0,0,0.0364860722161534
PSO J139.5838+35.9479,-999,-999,-999,151131395837378099,3578835000020378,214022515347353,0,16486947406444,15113,1,2038,90,0.0547449198130005,3578835,49831,3,268513280,0,32,-999.0,-999.0,-999.0,-999.0,139.58376882,35.94790663,0.01899000070989132,0.01899000070989132,,,,,56042.25787037,-999.0,-0.6163554935472654,0.5248607893590543,0.587049450529934,130.75992581053467,19.258439811499063,187.99299010599697,44.30784703697977,-999,0,1,0,0,0,1,0,-999.0,-999.0,-999.0,-999.0,0,-999.0,-999.0,-999.0,-999.0,-999.0,0,-999.0,-999.0,-999.0,0,0,-999.0,-999.0,-999.0,-999.0,0,-999.0,-999.0,-999.0,-999.0,-999.0,0,-999.0,-999.0,-999.0,0,0,-999.0,-999.0,-999.0,-999.0,0,-999.0,-999.0,-999.0,-999.0,-999.0,0,-999.0,-999.0,-999.0,0,0,0.9985759854316711,17.760099411010742,0.011637999676167965,-999.0,1,17.760099411010742,17.760099411010742,18.2278995513916,0.02163499966263771,-999.0,1,18.003700256347656,0.011637999676167965,-999.0,1,24,-999.0,-999.0,-999.0,-999.0,0,-999.0,-999.0,-999.0,-999.0,-999.0,0,-999.0,-999.0,-999.0,0,0,0.038433173184020224
PSO J139.5841+35.9477,-999,-999,-999,151131395841187814,3578835000020477,214022515347452,0,16486947377540,15113,1,2038,90,0.62731558422308,3578835,49831,3,268959744,0,32,-999.0,-999.0,-999.0,-999.0,139.58411821,35.94767521,-999.0,-999.0,,,,,-999.0,-999.0,-0.6163604994051637,0.524858568074024,0.5870461807151993,130.76028823112676,19.258311361619267,187.99334381599468,44.30811065167551,-999,0,1,0,0,0,1,0,-999.0,-999.0,-999.0,-999.0,0,-999.0,-999.0,-999.0,-999.0,-999.0,0,-999.0,-999.0,-999.0,0,0,-999.0,-999.0,-999.0,-999.0,0,-999.0,-999.0,-999.0,-999.0,-999.0,0,-999.0,-999.0,-999.0,0,0,-999.0,-999.0,-999.0,-999.0,0,-999.0,-999.0,-999.0,-999.0,-999.0,0,-999.0,-999.0,-999.0,0,0,-999.0,-999.0,-999.0,-999.0,0,-999.0,-999.0,-999.0,-999.0,-999.0,0,-999.0,-999.0,-999.0,0,24,-999.0,-999.0,-999.0,-999.0,0,-999.0,-999.0,-999.0,-999.0,-999.0,0,-999.0,-999.0,-999.0,0,0,0.038137735433539856
PSO J139.5846+35.9475,-999,-999,-999,151131395845647633,3578835000020568,214022515347543,0,16486947378049,15113,1,2038,90,0.403275291811,3578835,49831,3,276901888,0,33,-999.0,-999.0,-999.0,-999.0,139.5845958,35.94751827,0.01998000033199787,0.01998000033199787,,,,,56042.25787037,-999.0,-0.6163660986150425,0.5248544728691601,0.5870439632491826,130.7607294688681,19.258286750616026,187.99360527037908,44.30848362945529,-999,0,1,0,0,0,1,0,-999.0,-999.0,-999.0,-999.0,0,-999.0,-999.0,-999.0,-999.0,-999.0,0,-999.0,-999.0,-999.0,0,0,-999.0,-999.0,-999.0,-999.0,0,-999.0,-999.0,-999.0,-999.0,-999.0,0,-999.0,-999.0,-999.0,0,0,-999.0,-999.0,-999.0,-999.0,0,-999.0,-999.0,-999.0,-999.0,-999.0,0,-999.0,-999.0,-999.0,0,0,0.9981480240821838,18.030000686645508,0.0132020004093647,-999.0,1,18.030000686645508,18.030000686645508,17.800899505615234,0.02356100082397461,-999.0,1,17.665300369262695,0.0132020004093647,-999.0,1,16777240,-999.0,-999.0,-999.0,-999.0,0,-999.0,-999.0,-999.0,-999.0,-999.0,0,-999.0,-999.0,-999.0,0,0,0.037890529853574904
PSO J139.5849+35.9486,-999,-999,-999,151131395849328974,3578835000020650,214022515347625,0,16486947406795,15113,1,2038,90,0.482817390451969,3578835,49831,3,268959744,0,32,-999.0,-999.0,-999.0,-999.0,139.58494816,35.94863882,0.3001999855041504,0.3001999855041504,,,,,56759.28498843,-999.0,-0.616360585001185,0.5248432388517162,0.5870597958373895,130.76063487028796,19.25943958457576,187.99207587368184,44.30885679709385,-999,0,1,0,0,1,0,0,-999.0,-999.0,-999.0,-999.0,0,-999.0,-999.0,-999.0,-999.0,-999.0,0,-999.0,-999.0,-999.0,0,0,-999.0,-999.0,-999.0,-999.0,0,-999.0,-999.0,-999.0,-999.0,-999.0,0,-999.0,-999.0,-999.0,0,0,0.8135589957237244,20.74810028076172,0.2998239994049072,-999.0,1,20.74810028076172,20.74810028076172,-999.0,-999.0,-999.0,0,20.640199661254883,0.2998239994049072,-999.0,1,4112,-999.0,-999.0,-999.0,-999.0,0,-999.0,-999.0,-999.0,-999.0,-999.0,0,-999.0,-999.0,-999.0,0,0,-999.0,-999.0,-999.0,-999.0,0,-999.0,-999.0,-999.0,-999.0,-999.0,0,-999.0,-999.0,-999.0,0,0,0.038912802174490085
PSO J139.5856+35.9468,-999,-999,-999,151131395855426797,3578835000020804,214022515347779,0,16486947377357,15113,1,2038,90,0.786007131250582,3578835,49831,3,268959744,0,32,-999.0,-999.0,-999.0,-999.0,139.58555856,35.94684393,0.23803000152111053,0.23803000152111053,,,,,56344.39150463,-999.0,-0.6163801782705929,0.524848595061901,0.587034435188142,130.76174059655912,19.257898093453168,187.99463100739004,44.30920713233888,-999,0,1,0,1,0,0,0,-999.0,-999.0,-999.0,-999.0,0,-999.0,-999.0,-999.0,-999.0,-999.0,0,-999.0,-999.0,-999.0,0,0,0.473378986120224,21.190000534057617,0.23755699396133423,-999.0,1,21.190000534057617,21.190000534057617,-999.0,-999.0,-999.0,0,23.151599884033203,0.23755699396133423,-999.0,1,4120,-999.0,-999.0,-999.0,-999.0,0,-999.0,-999.0,-999.0,-999.0,-999.0,0,-999.0,-999.0,-999.0,0,0,-999.0,-999.0,-999.0,-999.0,0,-999.0,-999.0,-999.0,-999.0,-999.0,0,-999.0,-999.0,-999.0,0,0,-999.0,-999.0,-999.0,-999.0,0,-999.0,-999.0,-999.0,-999.0,-999.0,0,-999.0,-999.0,-999.0,0,0,0.03705259485636623
PSO J139.5857+35.9433,-999,-999,-999,151131395857132544,3578835000020846,214022515347821,0,16486947598078,15113,1,2038,90,0.586236379655298,3578835,49831,3,302067712,0,36,-999.0,-999.0,-999.0,-999.0,139.58571325,35.9432745,0.15615999698638916,0.15615999698638916,,,,,56759.31069444,-999.0,-0.6164094385819433,0.5248706394068275,0.5869839997101807,130.76307919613959,19.25455750171554,187.99961733006415,44.309048912815825,-999,0,1,0,0,1,0,0,-999.0,-999.0,-999.0,-999.0,0,-999.0,-999.0,-999.0,-999.0,-999.0,0,-999.0,-999.0,-999.0,0,0,-999.0,-999.0,-999.0,-999.0,0,-999.0,-999.0,-999.0,-999.0,-999.0,0,-999.0,-999.0,-999.0,0,0,0.9234210252761841,16.538799285888672,0.15543699264526367,-999.0,1,16.538799285888672,16.538799285888672,-999.0,-999.0,-999.0,1,17.774200439453125,0.15543699264526367,-999.0,1,272,-999.0,-999.0,-999.0,-999.0,0,-999.0,-999.0,-999.0,-999.0,-999.0,0,-999.0,-999.0,-999.0,0,0,-999.0,-999.0,-999.0,-999.0,0,-999.0,-999.0,-999.0,-999.0,-999.0,0,-999.0,-999.0,-999.0,0,0,0.03355424010151193
PSO J139.5858+35.9486,-999,-999,-999,151131395858428916,3578835000020882,214022515347857,0,16486947405910,15113,1,2038,90,0.937978705333526,3578835,49831,3,268959744,0,32,-999.0,-999.0,-999.0,-999.0,139.58584951,35.94860316,0.4609200060367584,0.4609200060367584,,,,,55968.36913194,-999.0,-0.6163691196994274,0.5248337793713179,0.5870592919899759,130.76137907397674,19.25963989978449,187.99220635506845,44.309581358961935,-999,0,1,0,0,1,0,0,-999.0,-999.0,-999.0,-999.0,0,-999.0,-999.0,-999.0,-999.0,-999.0,0,-999.0,-999.0,-999.0,0,0,-999.0,-999.0,-999.0,-999.0,0,-999.0,-999.0,-999.0,-999.0,-999.0,0,-999.0,-999.0,-999.0,0,0,0.5745570063591003,22.13010025024414,0.460673987865448,-999.0,1,22.13010025024414,22.13010025024414,-999.0,-999.0,-999.0,0,-999.0,-999.0,-999.0,0,4120,-999.0,-999.0,-999.0,-999.0,0,-999.0,-999.0,-999.0,-999.0,-999.0,0,-999.0,-999.0,-999.0,0,0,-999.0,-999.0,-999.0,-999.0,0,-999.0,-999.0,-999.0,-999.0,-999.0,0,-999.0,-999.0,-999.0,0,0,0.038718122649712965
PSO J139.5864+35.9421,-999,-999,-999,151131395863641150,3578835000021005,214022515347980,0,16486947598200,15113,1,2038,90,0.635826560329484,3578835,49831,3,268959744,0,32,-999.0,-999.0,-999.0,-999.0,139.5863808,35.94212661,0.3552800118923187,0.3552800118923187,,,,,56232.65170139,-999.0,-0.6164245074636132,0.524871081471719,0.5869677797230014,130.7640114765262,19.25364366151834,188.00127633399546,44.30949659038361,-999,0,1,0,0,0,0,1,-999.0,-999.0,-999.0,-999.0,0,-999.0,-999.0,-999.0,-999.0,-999.0,0,-999.0,-999.0,-999.0,0,0,-999.0,-999.0,-999.0,-999.0,0,-999.0,-999.0,-999.0,-999.0,-999.0,0,-999.0,-999.0,-999.0,0,0,-999.0,-999.0,-999.0,-999.0,0,-999.0,-999.0,-999.0,-999.0,-999.0,0,-999.0,-999.0,-999.0,0,0,-999.0,-999.0,-999.0,-999.0,0,-999.0,-999.0,-999.0,-999.0,-999.0,0,-999.0,-999.0,-999.0,0,0,0.6054040193557739,20.469499588012695,0.35496801137924194,-999.0,1,20.469499588012695,20.469499588012695,-999.0,-999.0,-999.0,0,-999.0,-999.0,-999.0,0,4120,0.03230960614037049
PSO J139.5868+35.9479,-999,-999,-999,151131395867938131,3578835000021121,214022515348096,0,16486947405883,15113,1,2038,90,0.868051412392456,3578835,49831,3,268959744,0,32,-999.0,-999.0,-999.0,-999.0,139.58681157,35.94794839,0.23151999711990356,0.23151999711990356,,,,,56344.36663194,-999.0,-0.6163830401619979,0.5248277790538787,0.5870500405706706,130.76238298387887,19.25926960162752,187.99320475415416,44.3103058589757,-999,0,1,0,0,1,0,0,-999.0,-999.0,-999.0,-999.0,0,-999.0,-999.0,-999.0,-999.0,-999.0,0,-999.0,-999.0,-999.0,0,0,-999.0,-999.0,-999.0,-999.0,0,-999.0,-999.0,-999.0,-999.0,-999.0,0,-999.0,-999.0,-999.0,0,0,0.6368200182914734,21.525699615478516,0.2310360074043274,-999.0,1,21.525699615478516,21.525699615478516,-999.0,-999.0,-999.0,0,21.66659927368164,0.2310360074043274,-999.0,1,4120,-999.0,-999.0,-999.0,-999.0,0,-999.0,-999.0,-999.0,-999.0,-999.0,0,-999.0,-999.0,-999.0,0,0,-999.0,-999.0,-999.0,-999.0,0,-999.0,-999.0,-999.0,-999.0,-999.0,0,-999.0,-999.0,-999.0,0,0,0.03791937705370737
PSO J139.5868+35.9422,-999,-999,-999,151131395868741146,3578835000186907,214022515515505,0,16486947598161,15113,1,2038,90,0.880667241179074,3578835,49831,3,404226048,0,48,139.58684441,35.94222265,0.0010000000474974513,0.0010000000474974513,139.58684441,35.94222265,0.0010000000474974513,0.0010000000474974513,,,,,55646.49783565,-999.0,-0.6164280053291975,0.5248654557953365,0.5869691368024563,130.76435540772422,19.253855037593294,188.00118416025705,44.309878370226244,-999,2,0,0,0,0,0,0,-999.0,-999.0,-999.0,-999.0,0,-999.0,-999.0,-999.0,-999.0,-999.0,0,-999.0,-999.0,-999.0,0,16416,-999.0,-999.0,-999.0,-999.0,0,-999.0,-999.0,-999.0,-999.0,-999.0,0,-999.0,-999.0,-999.0,0,114720,-999.0,-999.0,-999.0,-999.0,0,-999.0,-999.0,-999.0,-999.0,-999.0,0,-999.0,-999.0,-999.0,0,114720,-999.0,-999.0,-999.0,-999.0,0,-999.0,-999.0,-999.0,-999.0,-999.0,0,-999.0,-999.0,-999.0,0,16416,-999.0,-999.0,-999.0,-999.0,0,-999.0,-999.0,-999.0,-999.0,-999.0,0,-999.0,-999.0,-999.0,0,16416,0.03231562847223311
PSO J139.5874+35.9420,-999,-999,-999,151131395873660948,3578835000021263,214022515348238,0,16486947597401,15113,1,2038,90,0.0372609487150432,3578835,49831,3,268959744,0,32,-999.0,-999.0,-999.0,-999.0,139.58738709,35.94196343,0.2655999958515167,0.2655999958515167,,,,,55249.24423611,-999.0,-0.6164349985412253,0.5248613388223664,0.5869654739276176,130.76488428611174,19.253750469054918,188.00159398840896,44.31029577887393,-999,0,1,0,0,0,1,0,-999.0,-999.0,-999.0,-999.0,0,-999.0,-999.0,-999.0,-999.0,-999.0,0,-999.0,-999.0,-999.0,0,0,-999.0,-999.0,-999.0,-999.0,0,-999.0,-999.0,-999.0,-999.0,-999.0,0,-999.0,-999.0,-999.0,0,0,-999.0,-999.0,-999.0,-999.0,0,-999.0,-999.0,-999.0,-999.0,-999.0,0,-999.0,-999.0,-999.0,0,0,0.7238479852676392,20.99519920349121,0.265175998210907,-999.0,1,20.99519920349121,20.99519920349121,20.332199096679688,0.2500680088996887,-999.0,1,20.815099716186523,0.265175998210907,-999.0,1,4120,-999.0,-999.0,-999.0,-999.0,0,-999.0,-999.0,-999.0,-999.0,-999.0,0,-999.0,-999.0,-999.0,0,0,0.03196558700853851
PSO J139.5877+35.9426,-999,-999,-999,151131395876351695,3578835000021347,214022515348322,0,16486947598239,15113,1,2038,90,0.124907065299253,3578835,49831,3,268959744,0,32,-999.0,-999.0,-999.0,-999.0,139.58765531,35.9425819,0.35624000430107117,0.35624000430107117,,,,,55249.26556713,-999.0,-0.6164326313950996,0.5248543455905337,0.586974213118469,130.76489197989875,19.254405913885996,188.00075647773954,44.31056131153538,-999,0,1,0,0,0,0,1,-999.0,-999.0,-999.0,-999.0,0,-999.0,-999.0,-999.0,-999.0,-999.0,0,-999.0,-999.0,-999.0,0,0,-999.0,-999.0,-999.0,-999.0,0,-999.0,-999.0,-999.0,-999.0,-999.0,0,-999.0,-999.0,-999.0,0,0,-999.0,-999.0,-999.0,-999.0,0,-999.0,-999.0,-999.0,-999.0,-999.0,0,-999.0,-999.0,-999.0,0,0,-999.0,-999.0,-999.0,-999.0,0,-999.0,-999.0,-999.0,-999.0,-999.0,0,-999.0,-999.0,-999.0,0,0,0.6624680161476135,19.993200302124023,0.3559210002422333,-999.0,1,19.993200302124023,19.993200302124023,-999.0,-999.0,-999.0,1,21.041099548339844,0.3559210002422333,-999.0,1,4112,0.032524494195923806
PSO J139.5883+35.9477,-999,-999,-999,151131395882667847,3578835000021517,214022515348492,0,16486947573788,15113,1,2038,90,0.769284639292662,3578835,49831,3,268959744,0,32,-999.0,-999.0,-999.0,-999.0,139.58828124,35.9477058,0.22768999636173248,0.22768999636173248,,,,,55968.38200231,-999.0,-0.6163983946154153,0.5248135796259994,0.5870466129326388,130.763659112542,19.259421539728848,187.99367445754362,44.31147267024133,-999,0,1,0,0,1,0,0,-999.0,-999.0,-999.0,-999.0,0,-999.0,-999.0,-999.0,-999.0,-999.0,0,-999.0,-999.0,-999.0,0,0,-999.0,-999.0,-999.0,-999.0,0,-999.0,-999.0,-999.0,-999.0,-999.0,0,-999.0,-999.0,-999.0,0,0,0.750586986541748,21.723100662231445,0.22719299793243408,-999.0,1,21.723100662231445,21.723100662231445,-999.0,-999.0,-999.0,0,21.309900283813477,0.22719299793243408,-999.0,1,4120,-999.0,-999.0,-999.0,-999.0,0,-999.0,-999.0,-999.0,-999.0,-999.0,0,-999.0,-999.0,-999.0,0,0,-999.0,-999.0,-999.0,-999.0,0,-999.0,-999.0,-999.0,-999.0,-999.0,0,-999.0,-999.0,-999.0,0,0,0.037467193481005696
PSO J139.5883+35.9442,-999,-999,-999,151131395882993636,3578835000021522,214022515348497,0,16486947594971,15113,1,2038,90,0.00288843177527975,3578835,49831,3,268959744,0,32,-999.0,-999.0,-999.0,-999.0,139.58832056,35.94420272,0.4500100016593933,0.4500100016593933,,,,,56344.35071759,-999.0,-0.6164260821619272,0.5248364236499105,0.5869971155302798,130.76488152731747,19.256113846405682,187.99855819810386,44.31122674320322,-999,0,1,0,0,1,0,0,-999.0,-999.0,-999.0,-999.0,0,-999.0,-999.0,-999.0,-999.0,-999.0,0,-999.0,-999.0,-999.0,0,0,-999.0,-999.0,-999.0,-999.0,0,-999.0,-999.0,-999.0,-999.0,-999.0,0,-999.0,-999.0,-999.0,0,0,0.4119740128517151,22.140399932861328,0.4497619867324829,-999.0,1,22.140399932861328,22.140399932861328,-999.0,-999.0,-999.0,0,23.65489959716797,0.4497619867324829,-999.0,1,4120,-999.0,-999.0,-999.0,-999.0,0,-999.0,-999.0,-999.0,-999.0,-999.0,0,-999.0,-999.0,-999.0,0,0,-999.0,-999.0,-999.0,-999.0,0,-999.0,-999.0,-999.0,-999.0,-999.0,0,-999.0,-999.0,-999.0,0,0,0.034011082708949605
PSO J139.5886+35.9481,-999,-999,-999,151131395885238314,3578835000021582,214022515348557,0,16486947574002,15113,1,2038,90,0.384334763869955,3578835,49831,3,302067712,0,36,-999.0,-999.0,-999.0,-999.0,139.58855324,35.948097,0.21491999924182892,0.21491999924182892,,,,,55248.32493056,-999.0,-0.6163978341645941,0.5248080549820225,0.5870521403275726,130.76374708690437,19.259862705379792,187.99315384560114,44.311723169740226,-999,0,1,1,0,0,0,0,0.9997450113296509,22.11009979248047,0.2143940031528473,-999.0,1,22.11009979248047,22.11009979248047,-999.0,-999.0,-999.0,1,22.405500411987305,0.2143940031528473,-999.0,1,280,-999.0,-999.0,-999.0,-999.0,0,-999.0,-999.0,-999.0,-999.0,-999.0,0,-999.0,-999.0,-999.0,0,0,-999.0,-999.0,-999.0,-999.0,0,-999.0,-999.0,-999.0,-999.0,-999.0,0,-999.0,-999.0,-999.0,0,0,-999.0,-999.0,-999.0,-999.0,0,-999.0,-999.0,-999.0,-999.0,-999.0,0,-999.0,-999.0,-999.0,0,0,-999.0,-999.0,-999.0,-999.0,0,-999.0,-999.0,-999.0,-999.0,-999.0,0,-999.0,-999.0,-999.0,0,0,0.03781783483238887
PSO J139.5888+35.9484,-999,-999,-999,151131395887398717,3578835000021633,214022515348608,0,16486947573928,15113,1,2038,90,0.970584040480278,3578835,49831,3,268959744,0,32,-999.0,-999.0,-999.0,-999.0,139.58875458,35.94842971,0.28540000319480896,0.28540000319480896,,,,,56232.65170139,-999.0,-0.6163970827420592,0.5248036790055568,0.5870568412763041,130.7637975464328,19.26023012060839,187.99270838030122,44.31191200876308,-999,0,1,0,0,0,0,1,-999.0,-999.0,-999.0,-999.0,0,-999.0,-999.0,-999.0,-999.0,-999.0,0,-999.0,-999.0,-999.0,0,0,-999.0,-999.0,-999.0,-999.0,0,-999.0,-999.0,-999.0,-999.0,-999.0,0,-999.0,-999.0,-999.0,0,0,-999.0,-999.0,-999.0,-999.0,0,-999.0,-999.0,-999.0,-999.0,-999.0,0,-999.0,-999.0,-999.0,0,0,-999.0,-999.0,-999.0,-999.0,0,-999.0,-999.0,-999.0,-999.0,-999.0,0,-999.0,-999.0,-999.0,0,0,0.5176039934158325,20.16390037536621,0.28500398993492126,-999.0,1,20.16390037536621,20.16390037536621,-999.0,-999.0,-999.0,0,20.88319969177246,0.28500398993492126,-999.0,1,4120,0.038121351618255056
PSO J139.5891+35.9448,-999,-999,-999,151131395890664383,3578835000021729,214022515348704,0,16486947602832,15113,1,2038,90,0.136603608854677,3578835,49831,3,268513280,0,32,-999.0,-999.0,-999.0,-999.0,139.58909901,35.94480785,0.015780000016093254,0.015780000016093254,,,,,56043.26700231,-999.0,-0.6164284923185003,0.5248240295225978,0.5870056659808355,130.7653081671037,19.256889177714353,187.99778500491328,44.3119029576306,-999,0,1,0,0,0,1,0,-999.0,-999.0,-999.0,-999.0,0,-999.0,-999.0,-999.0,-999.0,-999.0,0,-999.0,-999.0,-999.0,0,0,-999.0,-999.0,-999.0,-999.0,0,-999.0,-999.0,-999.0,-999.0,-999.0,0,-999.0,-999.0,-999.0,0,0,-999.0,-999.0,-999.0,-999.0,0,-999.0,-999.0,-999.0,-999.0,-999.0,0,-999.0,-999.0,-999.0,0,0,0.9973180294036865,16.65880012512207,0.0048870001919567585,-999.0,1,16.65880012512207,16.65880012512207,16.917600631713867,0.008088000118732452,-999.0,1,16.696500778198242,0.0048870001919567585,-999.0,1,24,-999.0,-999.0,-999.0,-999.0,0,-999.0,-999.0,-999.0,-999.0,-999.0,0,-999.0,-999.0,-999.0,0,0,0.03450022979873858
PSO J139.5891+35.9492,-999,-999,-999,151131395891119657,3578835000021745,214022515348720,0,16486947574601,15113,1,2038,90,0.324247112799666,3578835,49831,3,268959744,0,32,-999.0,-999.0,-999.0,-999.0,139.58912622,35.94921323,0.23652000725269318,0.23652000725269318,,,,,56232.65170139,-999.0,-0.6163943740820157,0.5247944765137273,0.5870679117621086,130.76383311392516,19.26106874554166,187.99165012692802,44.312273981927255,-999,0,1,0,0,0,0,1,-999.0,-999.0,-999.0,-999.0,0,-999.0,-999.0,-999.0,-999.0,-999.0,0,-999.0,-999.0,-999.0,0,0,-999.0,-999.0,-999.0,-999.0,0,-999.0,-999.0,-999.0,-999.0,-999.0,0,-999.0,-999.0,-999.0,0,0,-999.0,-999.0,-999.0,-999.0,0,-999.0,-999.0,-999.0,-999.0,-999.0,0,-999.0,-999.0,-999.0,0,0,-999.0,-999.0,-999.0,-999.0,0,-999.0,-999.0,-999.0,-999.0,-999.0,0,-999.0,-999.0,-999.0,0,0,0.6979719996452332,20.05699920654297,0.23604199290275574,-999.0,1,20.05699920654297,20.05699920654297,-999.0,-999.0,-999.0,0,19.821500778198242,0.23604199290275574,-999.0,1,4120,0.03885234737557646
PSO J139.5893+35.9472,-999,-999,-999,151131395892397233,3578835000021783,214022515348758,0,16486947602623,15113,1,2038,90,0.97754659408475,3578835,49831,3,268959744,0,32,-999.0,-999.0,-999.0,-999.0,139.58925208,35.94719072,0.1660899966955185,0.1660899966955185,,,,,55972.33878472,-999.0,-0.6164113054727643,0.5248065562348022,0.5870393351542379,130.76462269252585,19.25918584160515,187.9944790613874,44.31221533773473,-999,0,1,1,0,0,0,0,0.4500490128993988,21.36050033569336,0.1654140055179596,-999.0,1,21.36050033569336,21.36050033569336,-999.0,-999.0,-999.0,0,21.629600524902344,0.1654140055179596,-999.0,1,4112,-999.0,-999.0,-999.0,-999.0,0,-999.0,-999.0,-999.0,-999.0,-999.0,0,-999.0,-999.0,-999.0,0,0,-999.0,-999.0,-999.0,-999.0,0,-999.0,-999.0,-999.0,-999.0,-999.0,0,-999.0,-999.0,-999.0,0,0,-999.0,-999.0,-999.0,-999.0,0,-999.0,-999.0,-999.0,-999.0,-999.0,0,-999.0,-999.0,-999.0,0,0,-999.0,-999.0,-999.0,-999.0,0,-999.0,-999.0,-999.0,-999.0,-999.0,0,-999.0,-999.0,-999.0,0,0,0.03683617862824639
PSO J139.5893+35.9443,-999,-999,-999,151131395892503811,3578835000021784,214022515348759,0,16486947594779,15113,1,2038,90,0.0154554527396853,3578835,49831,3,310456320,0,37,-999.0,-999.0,-999.0,-999.0,139.5892695,35.94432576,0.17036999762058258,0.17036999762058258,,,,,56283.60864583,-999.0,-0.6164338146805141,0.52482539708289,0.5869988540833931,130.76561047709623,19.25647685360709,187.99847191291607,44.31200233081236,-999,0,1,1,0,0,0,0,0.1323859989643097,21.606599807739258,0.1697079986333847,-999.0,1,21.606599807739258,21.606599807739258,20.923999786376953,0.2033279985189438,-999.0,1,20.992399215698242,0.1697079986333847,-999.0,1,16777752,-999.0,-999.0,-999.0,-999.0,0,-999.0,-999.0,-999.0,-999.0,-999.0,0,-999.0,-999.0,-999.0,0,0,-999.0,-999.0,-999.0,-999.0,0,-999.0,-999.0,-999.0,-999.0,-999.0,0,-999.0,-999.0,-999.0,0,0,-999.0,-999.0,-999.0,-999.0,0,-999.0,-999.0,-999.0,-999.0,-999.0,0,-999.0,-999.0,-999.0,0,0,-999.0,-999.0,-999.0,-999.0,0,-999.0,-999.0,-999.0,-999.0,-999.0,0,-999.0,-999.0,-999.0,0,0,0.0340023384381821
PSO J139.5899+35.9483,-999,-999,-999,151131395899078578,3578835000021950,214022515348925,0,16486947574696,15113,1,2038,90,0.119590021781242,3578835,49831,3,268959744,0,32,-999.0,-999.0,-999.0,-999.0,139.58992064,35.94831451,0.15772999823093414,0.15772999823093414,,,,,55972.32666667,-999.0,-0.616408661945996,0.5247918994024298,0.5870552135868796,130.7647837836009,19.260423869027104,187.9929733706038,44.31284389710524,-999,0,1,1,0,0,0,0,0.6524879932403564,21.74799919128418,0.15702000260353088,-999.0,1,21.74799919128418,21.74799919128418,-999.0,-999.0,-999.0,0,21.43549919128418,0.15702000260353088,-999.0,1,4112,-999.0,-999.0,-999.0,-999.0,0,-999.0,-999.0,-999.0,-999.0,-999.0,0,-999.0,-999.0,-999.0,0,0,-999.0,-999.0,-999.0,-999.0,0,-999.0,-999.0,-999.0,-999.0,-999.0,0,-999.0,-999.0,-999.0,0,0,-999.0,-999.0,-999.0,-999.0,0,-999.0,-999.0,-999.0,-999.0,-999.0,0,-999.0,-999.0,-999.0,0,0,-999.0,-999.0,-999.0,-999.0,0,-999.0,-999.0,-999.0,-999.0,-999.0,0,-999.0,-999.0,-999.0,0,0,0.03787525166416618
PSO J139.5903+35.9488,-999,-999,-999,151131395902779198,3578835000022018,214022515348993,0,16486947574760,15113,1,2038,90,0.323953343857036,3578835,49831,3,302067712,0,36,-999.0,-999.0,-999.0,-999.0,139.59028645,35.94883074,0.2397499978542328,0.2397499978542328,,,,,55250.24451389,-999.0,-0.6164079850530575,0.5247845350603776,0.5870625075103101,130.7649054524311,19.26100782058776,187.9922869547906,44.31317999198711,-999,0,1,0,0,0,1,0,-999.0,-999.0,-999.0,-999.0,0,-999.0,-999.0,-999.0,-999.0,-999.0,0,-999.0,-999.0,-999.0,0,0,-999.0,-999.0,-999.0,-999.0,0,-999.0,-999.0,-999.0,-999.0,-999.0,0,-999.0,-999.0,-999.0,0,0,-999.0,-999.0,-999.0,-999.0,0,-999.0,-999.0,-999.0,-999.0,-999.0,0,-999.0,-999.0,-999.0,0,0,0.8991760015487671,20.83009910583496,0.23927800357341766,-999.0,1,20.83009910583496,20.83009910583496,20.59469985961914,0.30363500118255615,-999.0,1,20.81879997253418,0.23927800357341766,-999.0,1,280,-999.0,-999.0,-999.0,-999.0,0,-999.0,-999.0,-999.0,-999.0,-999.0,0,-999.0,-999.0,-999.0,0,0,0.03835106649947681
PSO J139.5903+35.9478,-999,-999,-999,151131395902857950,3578835000022020,214022515348995,0,16486947574152,15113,1,2038,90,0.694445391832334,3578835,49831,3,268959744,0,32,-999.0,-999.0,-999.0,-999.0,139.59029778,35.94779533,0.28338000178337097,0.28338000178337097,,,,,55250.30479167,-999.0,-0.6164161667146907,0.5247912903485652,0.5870478779342061,130.76526654817675,19.260030090747374,187.99373047231907,44.313107127398936,-999,0,1,0,1,0,0,0,-999.0,-999.0,-999.0,-999.0,0,-999.0,-999.0,-999.0,-999.0,-999.0,0,-999.0,-999.0,-999.0,0,0,0.7442160248756409,21.70479965209961,0.2829839885234833,-999.0,1,21.70479965209961,21.70479965209961,-999.0,-999.0,-999.0,0,22.24250030517578,0.2829839885234833,-999.0,1,4120,-999.0,-999.0,-999.0,-999.0,0,-999.0,-999.0,-999.0,-999.0,-999.0,0,-999.0,-999.0,-999.0,0,0,-999.0,-999.0,-999.0,-999.0,0,-999.0,-999.0,-999.0,-999.0,-999.0,0,-999.0,-999.0,-999.0,0,0,-999.0,-999.0,-999.0,-999.0,0,-999.0,-999.0,-999.0,-999.0,-999.0,0,-999.0,-999.0,-999.0,0,0,0.03732204399036949
PSO J139.5903+35.9433,-999,-999,-999,151131395903212538,3578835000186952,214022515515550,0,16486947604025,15113,1,2038,90,0.9082963745187,3578835,49831,3,1343750144,0,160,139.59032145,35.94327866,0.0010000000474974513,0.0010000000474974513,139.59032145,35.94327866,0.0010000000474974513,0.0010000000474974513,,,,,55647.09648148,-999.0,-0.6164516185709584,0.5248210333417695,0.5869840584916448,130.76682075578407,19.255758336694324,188.0000250387076,44.312768282794714,-999,1,0,0,0,0,0,0,-999.0,-999.0,-999.0,-999.0,0,-999.0,-999.0,-999.0,-999.0,-999.0,0,-999.0,-999.0,-999.0,0,16416,-999.0,-999.0,-999.0,-999.0,0,-999.0,-999.0,-999.0,-999.0,-999.0,0,-999.0,-999.0,-999.0,0,16416,-999.0,-999.0,-999.0,-999.0,0,-999.0,-999.0,-999.0,-999.0,-999.0,0,-999.0,-999.0,-999.0,0,114720,-999.0,-999.0,-999.0,-999.0,0,-999.0,-999.0,-999.0,-999.0,-999.0,0,-999.0,-999.0,-999.0,0,16416,-999.0,-999.0,-999.0,-999.0,0,-999.0,-999.0,-999.0,-999.0,-999.0,0,-999.0,-999.0,-999.0,0,16416,0.03284082603691474
PSO J139.5906+35.9454,-999,-999,-999,151131395905775026,3578835000022095,214022515349070,0,16486947602810,15113,1,2038,90,0.298472777286985,3578835,49831,3,268959744,0,32,-999.0,-999.0,-999.0,-999.0,139.59059027,35.94536151,0.22700999677181244,0.22700999677181244,,,,,55250.31005787,-999.0,-0.6164378327784088,0.5248043082207243,0.5870134891060217,130.7663312560377,19.257800903877794,187.9971474089806,44.31315033775871,-999,0,1,0,1,0,0,0,-999.0,-999.0,-999.0,-999.0,0,-999.0,-999.0,-999.0,-999.0,-999.0,0,-999.0,-999.0,-999.0,0,0,0.7630569934844971,21.53459930419922,0.22651800513267517,-999.0,1,21.53459930419922,21.53459930419922,-999.0,-999.0,-999.0,1,21.88129997253418,0.22651800513267517,-999.0,1,4120,-999.0,-999.0,-999.0,-999.0,0,-999.0,-999.0,-999.0,-999.0,-999.0,0,-999.0,-999.0,-999.0,0,0,-999.0,-999.0,-999.0,-999.0,0,-999.0,-999.0,-999.0,-999.0,-999.0,0,-999.0,-999.0,-999.0,0,0,-999.0,-999.0,-999.0,-999.0,0,-999.0,-999.0,-999.0,-999.0,-999.0,0,-999.0,-999.0,-999.0,0,0,0.03487754274845014
PSO J139.5906+35.9478,-999,-999,-999,151131395906387966,3578835000022112,214022515349087,0,16486947574206,15113,1,2038,90,0.043051536235075,3578835,49831,3,268959744,0,32,-999.0,-999.0,-999.0,-999.0,139.59064797,35.94780956,0.21634000539779663,0.21634000539779663,,,,,55250.28708333,-999.0,-0.6164192631945814,0.5247874283089221,0.5870480789948617,130.76554614108048,19.26013452469961,187.99374203102138,44.31339086085761,-999,0,1,0,0,1,0,0,-999.0,-999.0,-999.0,-999.0,0,-999.0,-999.0,-999.0,-999.0,-999.0,0,-999.0,-999.0,-999.0,0,0,-999.0,-999.0,-999.0,-999.0,0,-999.0,-999.0,-999.0,-999.0,-999.0,0,-999.0,-999.0,-999.0,0,0,0.6986010074615479,20.3976993560791,0.2158229947090149,-999.0,1,20.3976993560791,20.3976993560791,-999.0,-999.0,-999.0,0,21.8971004486084,0.2158229947090149,-999.0,1,4112,-999.0,-999.0,-999.0,-999.0,0,-999.0,-999.0,-999.0,-999.0,-999.0,0,-999.0,-999.0,-999.0,0,0,-999.0,-999.0,-999.0,-999.0,0,-999.0,-999.0,-999.0,-999.0,-999.0,0,-999.0,-999.0,-999.0,0,0,0.03730277733772108
PSO J139.5909+35.9432,-999,-999,-999,151131395909112412,3578835000022182,214022515349157,0,16486947604210,15113,1,2038,90,0.361241103486382,3578835,49831,3,310456320,0,37,-999.0,-999.0,-999.0,-999.0,139.59091907,35.94317186,0.021630000323057175,0.021630000323057175,,,,,57035.57056713,-999.0,-0.6164579257699271,0.524815312722016,0.5869825493896149,130.76734246264067,19.255812409903204,188.00022744018153,44.31324212440447,-999,0,1,0,0,1,0,0,-999.0,-999.0,-999.0,-999.0,0,-999.0,-999.0,-999.0,-999.0,-999.0,0,-999.0,-999.0,-999.0,0,0,-999.0,-999.0,-999.0,-999.0,0,-999.0,-999.0,-999.0,-999.0,-999.0,0,-999.0,-999.0,-999.0,0,0,0.22373199462890625,18.715700149536133,0.015576999634504318,-999.0,1,18.715700149536133,18.715700149536133,18.050500869750977,0.016536999493837357,-999.0,1,17.981599807739258,0.015576999634504318,-999.0,1,16777752,-999.0,-999.0,-999.0,-999.0,0,-999.0,-999.0,-999.0,-999.0,-999.0,0,-999.0,-999.0,-999.0,0,0,-999.0,-999.0,-999.0,-999.0,0,-999.0,-999.0,-999.0,-999.0,-999.0,0,-999.0,-999.0,-999.0,0,0,0.0326717799741496
PSO J139.5910+35.9435,-999,-999,-999,151131395910052768,3578835000022207,214022515349182,0,16486947604190,15113,1,2038,90,0.427635734367776,3578835,49831,3,268959744,0,32,-999.0,-999.0,-999.0,-999.0,139.59100517,35.94346979,-999.0,-999.0,,,,,-999.0,-999.0,-0.6164563903388095,0.5248124077716634,0.5869867591857202,130.7673111470119,19.256116954244366,187.99982009814664,44.313335231796096,-999,0,1,0,0,1,0,0,-999.0,-999.0,-999.0,-999.0,0,-999.0,-999.0,-999.0,-999.0,-999.0,0,-999.0,-999.0,-999.0,0,0,-999.0,-999.0,-999.0,-999.0,0,-999.0,-999.0,-999.0,-999.0,-999.0,0,-999.0,-999.0,-999.0,0,0,-999.0,-999.0,-999.0,-999.0,0,-999.0,-999.0,19.82859992980957,0.04991000145673752,-999.0,1,-999.0,-999.0,-999.0,0,24,-999.0,-999.0,-999.0,-999.0,0,-999.0,-999.0,-999.0,-999.0,-999.0,0,-999.0,-999.0,-999.0,0,0,-999.0,-999.0,-999.0,-999.0,0,-999.0,-999.0,-999.0,-999.0,-999.0,0,-999.0,-999.0,-999.0,0,0,0.03295899328451951
PSO J139.5912+35.9433,-999,-999,-999,151131395910092763,3578835000022209,214022515349184,0,16486947604187,15113,1,2038,90,0.339313541855024,3578835,49831,3,310456320,0,37,-999.0,-999.0,-999.0,-999.0,139.5911749,35.94333874,0.01607000082731247,0.01607000082731247,,,,,57035.58863426,297.7149963378906,-0.6164589673091361,0.5248114519253864,0.5869849074312911,130.76749354521203,19.256036918464282,188.00001789784784,44.31346182267781,-999,0,3,0,0,3,0,0,-999.0,-999.0,-999.0,-999.0,0,-999.0,-999.0,-999.0,-999.0,-999.0,0,-999.0,-999.0,-999.0,0,0,-999.0,-999.0,-999.0,-999.0,0,-999.0,-999.0,-999.0,-999.0,-999.0,0,-999.0,-999.0,-999.0,0,0,0.02333099953830242,18.935800552368164,0.08928100019693375,0.12627500295639038,2,18.847700119018555,19.02630043029785,18.025100708007812,0.015212000347673893,0.02151699922978878,2,18.023700714111328,0.026055999100208282,0.03691000118851662,2,16777752,-999.0,-999.0,-999.0,-999.0,0,-999.0,-999.0,-999.0,-999.0,-999.0,0,-999.0,-999.0,-999.0,0,0,-999.0,-999.0,-999.0,-999.0,0,-999.0,-999.0,-999.0,-999.0,-999.0,0,-999.0,-999.0,-999.0,0,0,0.03281258797645343
PSO J139.5915+35.9465,-999,-999,-999,151131395914716411,3578835000022312,214022515349287,0,16486947603165,15113,1,2038,90,0.156936664280423,3578835,49831,3,302067712,7,36,-999.0,-999.0,-999.0,-999.0,139.59152585903755,35.94648857311064,0.026679781783219635,0.026679781783219635,-702737.2419096119,-1370462.509704354,578031.8587692084,578031.8587692084,55249.32990675184,1.3054836988449097,-0.61643760969645,0.5247867569497096,0.5870294141539533,130.7667100127424,19.2591072531223,187.9956673869771,44.31399468716078,-999,0,5,2,2,1,0,0,0.9991160035133362,21.368099212646484,0.05069499835371971,0.07190699875354767,2,21.321300506591797,21.422700881958008,21.466800689697266,0.09880100190639496,0.14118799567222595,2,21.48550033569336,0.17643100023269653,0.25148099660873413,2,1048,0.998803973197937,21.129499435424805,0.037873998284339905,0.05386999994516373,2,21.095699310302734,21.17140007019043,21.274900436401367,0.08595199882984161,0.12356799840927124,2,21.302099227905273,0.28243499994277954,0.461463987827301,2,1048,0.9981390237808228,20.88599967956543,0.15612700581550598,-999.0,1,20.88599967956543,20.88599967956543,20.943500518798828,0.2930459976196289,-999.0,1,20.799800872802734,0.15612700581550598,-999.0,1,1048,-999.0,-999.0,-999.0,-999.0,0,-999.0,-999.0,-999.0,-999.0,-999.0,0,-999.0,-999.0,-999.0,0,0,-999.0,-999.0,-999.0,-999.0,0,-999.0,-999.0,-999.0,-999.0,-999.0,0,-999.0,-999.0,-999.0,0,0,0.03591366105237879
PSO J139.5916+35.9413,-999,-999,-999,151131395916130128,3578835000022337,214022515349312,0,16486947603612,15113,1,2038,90,0.598069816453447,3578835,49831,3,268513280,0,32,-999.0,-999.0,-999.0,-999.0,139.59164421,35.94126268,0.017580000683665276,0.017580000683665276,,,,,56043.26700231,-999.0,-0.6164794606576599,0.524820189278071,0.5869555720098162,130.76858027376826,19.254192508801925,188.00295230938067,44.31367596253987,-999,0,2,0,0,1,1,0,-999.0,-999.0,-999.0,-999.0,0,-999.0,-999.0,-999.0,-999.0,-999.0,0,-999.0,-999.0,-999.0,0,0,-999.0,-999.0,-999.0,-999.0,0,-999.0,-999.0,-999.0,-999.0,-999.0,0,-999.0,-999.0,-999.0,0,0,0.6363019943237305,17.372800827026367,0.33217599987983704,-999.0,1,17.372800827026367,17.372800827026367,-999.0,-999.0,-999.0,1,-999.0,-999.0,-999.0,0,4112,0.9976500272750854,17.597299575805664,0.009170000441372395,-999.0,1,17.597299575805664,17.597299575805664,18.49329948425293,0.027123000472784042,-999.0,1,18.376699447631836,0.009170000441372395,-999.0,1,24,-999.0,-999.0,-999.0,-999.0,0,-999.0,-999.0,-999.0,-999.0,-999.0,0,-999.0,-999.0,-999.0,0,0,0.03070667955548046
PSO J139.5920+35.9469,-999,-999,-999,151131395920036834,3578835000022439,214022515349414,0,16486947602983,15113,1,2038,90,0.25353013561436,3578835,49831,3,268959744,0,32,-999.0,-999.0,-999.0,-999.0,139.59202059,35.94685575,0.2758199870586395,0.2758199870586395,,,,,56759.28498843,-999.0,-0.6164392765022556,0.5247789955841864,0.5870346021990767,130.7669851687121,19.259587661661485,187.9951938816644,44.31442303168795,-999,0,1,0,0,1,0,0,-999.0,-999.0,-999.0,-999.0,0,-999.0,-999.0,-999.0,-999.0,-999.0,0,-999.0,-999.0,-999.0,0,0,-999.0,-999.0,-999.0,-999.0,0,-999.0,-999.0,-999.0,-999.0,-999.0,0,-999.0,-999.0,-999.0,0,0,0.6732310056686401,20.50429916381836,0.27541598677635193,-999.0,1,20.50429916381836,20.50429916381836,-999.0,-999.0,-999.0,0,20.910999298095703,0.27541598677635193,-999.0,1,4112,-999.0,-999.0,-999.0,-999.0,0,-999.0,-999.0,-999.0,-999.0,-999.0,0,-999.0,-999.0,-999.0,0,0,-999.0,-999.0,-999.0,-999.0,0,-999.0,-999.0,-999.0,-999.0,-999.0,0,-999.0,-999.0,-999.0,0,0,0.03624214669877152
PSO J139.5922+35.9442,-999,-999,-999,151131395922403657,3578835000186972,214022515515570,0,16486947606391,15113,1,2038,90,0.581085934844879,3578835,49831,3,1343750144,0,160,139.59223972,35.94421038,0.0010000000474974513,0.0010000000474974513,139.59223972,35.94421038,0.0010000000474974513,0.0010000000474974513,,,,,55646.49783565,-999.0,-0.6164619209536076,0.5247942066230938,0.5869972237660289,130.76806220574082,19.257139062289617,187.9988990473126,44.31439027387582,-999,1,0,0,0,0,0,0,-999.0,-999.0,-999.0,-999.0,0,-999.0,-999.0,-999.0,-999.0,-999.0,0,-999.0,-999.0,-999.0,0,16416,-999.0,-999.0,-999.0,-999.0,0,-999.0,-999.0,-999.0,-999.0,-999.0,0,-999.0,-999.0,-999.0,0,16416,-999.0,-999.0,-999.0,-999.0,0,-999.0,-999.0,-999.0,-999.0,-999.0,0,-999.0,-999.0,-999.0,0,114720,-999.0,-999.0,-999.0,-999.0,0,-999.0,-999.0,-999.0,-999.0,-999.0,0,-999.0,-999.0,-999.0,0,16416,-999.0,-999.0,-999.0,-999.0,0,-999.0,-999.0,-999.0,-999.0,-999.0,0,-999.0,-999.0,-999.0,0,16416,0.033591398089079634
PSO J139.5925+35.9434,-999,-999,-999,151131395924562699,3578835000022557,214022515349532,0,16486947604226,15113,1,2038,90,0.356181870546361,3578835,49831,3,268959744,0,32,-999.0,-999.0,-999.0,-999.0,139.59247096,35.94341717,0.32444000244140625,0.32444000244140625,,,,,55250.24451389,-999.0,-0.6164702268273059,0.5247969863262324,0.5869860156582901,130.7685196031277,19.256447850743236,188.00002488140495,44.314514024795145,-999,0,1,0,0,0,1,0,-999.0,-999.0,-999.0,-999.0,0,-999.0,-999.0,-999.0,-999.0,-999.0,0,-999.0,-999.0,-999.0,0,0,-999.0,-999.0,-999.0,-999.0,0,-999.0,-999.0,-999.0,-999.0,-999.0,0,-999.0,-999.0,-999.0,0,0,-999.0,-999.0,-999.0,-999.0,0,-999.0,-999.0,-999.0,-999.0,-999.0,0,-999.0,-999.0,-999.0,0,0,0.741303026676178,21.07740020751953,0.3240930140018463,-999.0,1,21.07740020751953,21.07740020751953,-999.0,-999.0,-999.0,0,23.90180015563965,0.3240930140018463,-999.0,1,4120,-999.0,-999.0,-999.0,-999.0,0,-999.0,-999.0,-999.0,-999.0,-999.0,0,-999.0,-999.0,-999.0,0,0,0.032784968175562534
PSO J139.5925+35.9478,-999,-999,-999,151131395925067984,3578835000022579,214022515349554,0,16486947577397,15113,1,2038,90,0.108657086369262,3578835,49831,3,268959744,0,32,-999.0,-999.0,-999.0,-999.0,139.5925186,35.94782239,0.2990800142288208,0.2990800142288208,,,,,55250.33512731,-999.0,-0.6164362963714328,0.5247672175590589,0.5870482602743955,130.76706113109412,19.26063255133047,187.99389178018487,44.31490149223218,-999,0,1,1,0,0,0,0,0.6189090013504028,21.54680061340332,0.29870501160621643,-999.0,1,21.54680061340332,21.54680061340332,-999.0,-999.0,-999.0,0,21.43199920654297,0.29870501160621643,-999.0,1,4120,-999.0,-999.0,-999.0,-999.0,0,-999.0,-999.0,-999.0,-999.0,-999.0,0,-999.0,-999.0,-999.0,0,0,-999.0,-999.0,-999.0,-999.0,0,-999.0,-999.0,-999.0,-999.0,-999.0,0,-999.0,-999.0,-999.0,0,0,-999.0,-999.0,-999.0,-999.0,0,-999.0,-999.0,-999.0,-999.0,-999.0,0,-999.0,-999.0,-999.0,0,0,-999.0,-999.0,-999.0,-999.0,0,-999.0,-999.0,-999.0,-999.0,-999.0,0,-999.0,-999.0,-999.0,0,0,0.037173365163092234
PSO J139.5926+35.9426,-999,-999,-999,151131395925841685,3578835000022597,214022515349572,0,16486947604447,15113,1,2038,90,0.0511790402710243,3578835,49831,3,268959744,0,32,-999.0,-999.0,-999.0,-999.0,139.59259868,35.94257666,0.24271999299526215,0.24271999299526215,,,,,55250.28234954,-999.0,-0.6164779534036218,0.5248011938091697,0.5869741390757791,130.7689089916354,19.255684950668154,188.00120733209107,44.31455047199975,-999,0,1,0,0,1,0,0,-999.0,-999.0,-999.0,-999.0,0,-999.0,-999.0,-999.0,-999.0,-999.0,0,-999.0,-999.0,-999.0,0,0,-999.0,-999.0,-999.0,-999.0,0,-999.0,-999.0,-999.0,-999.0,-999.0,0,-999.0,-999.0,-999.0,0,0,0.7966709733009338,19.62150001525879,0.24225500226020813,-999.0,1,19.62150001525879,19.62150001525879,19.45039939880371,0.313834011554718,-999.0,1,19.854999542236328,0.24225500226020813,-999.0,1,4112,-999.0,-999.0,-999.0,-999.0,0,-999.0,-999.0,-999.0,-999.0,-999.0,0,-999.0,-999.0,-999.0,0,0,-999.0,-999.0,-999.0,-999.0,0,-999.0,-999.0,-999.0,-999.0,-999.0,0,-999.0,-999.0,-999.0,0,0,0.0319387358661596
PSO J139.5929+35.9433,-999,-999,-999,151131395928522582,3578835000022669,214022515349644,0,16486947603834,15113,1,2038,90,0.512912085757509,3578835,49831,3,310456320,0,37,-999.0,-999.0,-999.0,-999.0,139.59287141,35.94330069,0.15434999763965607,0.15434999763965607,,,,,56283.60864583,-999.0,-0.6164748033685965,0.5247934512232298,0.5869843697790101,130.76888445096063,19.256441546035646,188.00022307693825,44.31482797523808,-999,0,1,1,0,0,0,0,0.20867200195789337,21.505199432373047,0.15362000465393066,-999.0,1,21.505199432373047,21.505199432373047,20.37470054626465,0.1431719958782196,-999.0,1,20.52239990234375,0.15362000465393066,-999.0,1,16777752,-999.0,-999.0,-999.0,-999.0,0,-999.0,-999.0,-999.0,-999.0,-999.0,0,-999.0,-999.0,-999.0,0,0,-999.0,-999.0,-999.0,-999.0,0,-999.0,-999.0,-999.0,-999.0,-999.0,0,-999.0,-999.0,-999.0,0,0,-999.0,-999.0,-999.0,-999.0,0,-999.0,-999.0,-999.0,-999.0,-999.0,0,-999.0,-999.0,-999.0,0,0,-999.0,-999.0,-999.0,-999.0,0,-999.0,-999.0,-999.0,-999.0,-999.0,0,-999.0,-999.0,-999.0,0,0,0.032642945805772164
PSO J139.5931+35.9416,-999,-999,-999,151131395930420537,3578835000022720,214022515349695,0,16486947603525,15113,1,2038,90,0.702883319652531,3578835,49831,3,277348352,0,33,-999.0,-999.0,-999.0,-999.0,139.59305701,35.9416082,0.14562000334262848,0.14562000334262848,,,,,56331.38431713,-999.0,-0.6164897062084639,0.5248026935309548,0.5869604543763205,130.7696104005031,19.254886742469424,188.00259770634887,44.31484358781666,-999,0,1,0,1,0,0,0,-999.0,-999.0,-999.0,-999.0,0,-999.0,-999.0,-999.0,-999.0,-999.0,0,-999.0,-999.0,-999.0,0,0,0.010613000020384789,21.37019920349121,0.1448490023612976,-999.0,1,21.37019920349121,21.37019920349121,20.884000778198242,0.11528699845075607,-999.0,1,20.757200241088867,0.1448490023612976,-999.0,1,16781336,-999.0,-999.0,-999.0,-999.0,0,-999.0,-999.0,-999.0,-999.0,-999.0,0,-999.0,-999.0,-999.0,0,0,-999.0,-999.0,-999.0,-999.0,0,-999.0,-999.0,-999.0,-999.0,-999.0,0,-999.0,-999.0,-999.0,0,0,-999.0,-999.0,-999.0,-999.0,0,-999.0,-999.0,-999.0,-999.0,-999.0,0,-999.0,-999.0,-999.0,0,0,0.030943957924891234
PSO J139.5941+35.9425,-999,-999,-999,151131395941491584,3578835000022995,214022515349970,0,16486947603858,15113,1,2038,90,0.12704680592478,3578835,49831,3,268959744,0,32,-999.0,-999.0,-999.0,-999.0,139.59414648,35.94248583,0.2533299922943115,0.2533299922943115,,,,,55250.26215278,-999.0,-0.616492838830453,0.5247851431153288,0.5869728556212741,130.77019705378535,19.256000972539898,188.0014727128583,44.31579243639639,-999,0,1,0,0,0,0,1,-999.0,-999.0,-999.0,-999.0,0,-999.0,-999.0,-999.0,-999.0,-999.0,0,-999.0,-999.0,-999.0,0,0,-999.0,-999.0,-999.0,-999.0,0,-999.0,-999.0,-999.0,-999.0,-999.0,0,-999.0,-999.0,-999.0,0,0,-999.0,-999.0,-999.0,-999.0,0,-999.0,-999.0,-999.0,-999.0,-999.0,0,-999.0,-999.0,-999.0,0,0,-999.0,-999.0,-999.0,-999.0,0,-999.0,-999.0,-999.0,-999.0,-999.0,0,-999.0,-999.0,-999.0,0,0,0.7929440140724182,19.44029998779297,0.2528829872608185,-999.0,1,19.44029998779297,19.44029998779297,19.410600662231445,0.26781100034713745,-999.0,1,19.60540008544922,0.2528829872608185,-999.0,1,4112,0.03176758022566972
PSO J139.5943+35.9481,-999,-999,-999,151131395942508376,3578835000023030,214022515350005,0,16486947575489,15113,1,2038,90,0.904109890483422,3578835,49831,3,268959744,0,32,-999.0,-999.0,-999.0,-999.0,139.59426456,35.94814922,0.19483999907970428,0.19483999907970428,,,,,55534.65167824,-999.0,-0.6164497372482073,0.5247462621987441,0.5870528781592533,130.76836813845458,19.261395607834668,187.9935928480719,44.31633637540475,-999,0,1,0,0,0,1,0,-999.0,-999.0,-999.0,-999.0,0,-999.0,-999.0,-999.0,-999.0,-999.0,0,-999.0,-999.0,-999.0,0,0,-999.0,-999.0,-999.0,-999.0,0,-999.0,-999.0,-999.0,-999.0,-999.0,0,-999.0,-999.0,-999.0,0,0,-999.0,-999.0,-999.0,-999.0,0,-999.0,-999.0,-999.0,-999.0,-999.0,0,-999.0,-999.0,-999.0,0,0,0.7083389759063721,20.40730094909668,0.19425800442695618,-999.0,1,20.40730094909668,20.40730094909668,20.464799880981445,0.2187809944152832,-999.0,1,20.072999954223633,0.19425800442695618,-999.0,1,4120,-999.0,-999.0,-999.0,-999.0,0,-999.0,-999.0,-999.0,-999.0,-999.0,0,-999.0,-999.0,-999.0,0,0,0.03742265861377608
PSO J139.5945+35.9459,-999,-999,-999,151131395945195648,3578835000023092,214022515350067,0,16486947605290,15113,1,2038,90,0.147838276017307,3578835,49831,3,436285440,0,52,139.59438084,35.94568516,0.0010000000474974513,0.0010000000474974513,139.59452548,35.94586995,0.2888599932193756,0.2888599932193756,,,,,55249.24679398,-999.0,-0.6164699094753894,0.524758592030635,0.5870206732317278,130.76935473828192,19.259304621785297,187.99679181450273,44.31636645174486,-999,2,1,0,0,0,1,0,-999.0,-999.0,-999.0,-999.0,0,-999.0,-999.0,-999.0,-999.0,-999.0,0,-999.0,-999.0,-999.0,0,16416,-999.0,-999.0,-999.0,-999.0,0,-999.0,-999.0,-999.0,-999.0,-999.0,0,-999.0,-999.0,-999.0,0,114720,-999.0,-999.0,-999.0,-999.0,0,-999.0,-999.0,-999.0,-999.0,-999.0,0,-999.0,-999.0,-999.0,0,114720,0.9206820130348206,21.055999755859375,0.28846898674964905,-999.0,1,21.055999755859375,21.055999755859375,-999.0,-999.0,-999.0,0,-999.0,-999.0,-999.0,0,16696,-999.0,-999.0,-999.0,-999.0,0,-999.0,-999.0,-999.0,-999.0,-999.0,0,-999.0,-999.0,-999.0,0,16416,0.0351375824661185
PSO J139.5955+35.9427,-999,-999,-999,151131395955161917,3578835000023327,214022515350302,0,16486947617810,15113,1,2038,90,0.436956058663275,3578835,49831,3,310456320,0,37,-999.0,-999.0,-999.0,-999.0,139.59553712,35.94274653,0.17448000609874725,0.17448000609874725,,,,,56283.60864583,-999.0,-0.6165035420736721,0.5247684487682209,0.5869765393846769,130.77123799053453,19.25660912457234,188.0012342125525,44.316935426660564,-999,0,1,1,0,0,0,0,0.13702300190925598,21.63909912109375,0.1738319993019104,-999.0,1,21.63909912109375,21.63909912109375,20.72879981994629,0.1911969929933548,-999.0,1,20.734600067138672,0.1738319993019104,-999.0,1,16777752,-999.0,-999.0,-999.0,-999.0,0,-999.0,-999.0,-999.0,-999.0,-999.0,0,-999.0,-999.0,-999.0,0,0,-999.0,-999.0,-999.0,-999.0,0,-999.0,-999.0,-999.0,-999.0,-999.0,0,-999.0,-999.0,-999.0,0,0,-999.0,-999.0,-999.0,-999.0,0,-999.0,-999.0,-999.0,-999.0,-999.0,0,-999.0,-999.0,-999.0,0,0,-999.0,-999.0,-999.0,-999.0,0,-999.0,-999.0,-999.0,-999.0,-999.0,0,-999.0,-999.0,-999.0,0,0,0.03199787928911431
PSO J139.5956+35.9454,-999,-999,-999,151131395955565125,3578835000023338,214022515350313,0,16486947605351,15113,1,2038,90,0.0536986655124451,3578835,49831,3,302067712,0,36,-999.0,-999.0,-999.0,-999.0,139.59557486,35.94542543,0.19512000679969788,0.19512000679969788,,,,,55249.30418981,-999.0,-0.6164829884278757,0.5247502531998085,0.587014392281631,130.77035815409806,19.25915618871408,187.9975051905977,44.31717812550351,-999,0,1,0,1,0,0,0,-999.0,-999.0,-999.0,-999.0,0,-999.0,-999.0,-999.0,-999.0,-999.0,0,-999.0,-999.0,-999.0,0,0,0.9989569783210754,22.12849998474121,0.19453999400138855,-999.0,1,22.12849998474121,22.12849998474121,-999.0,-999.0,-999.0,1,22.38640022277832,0.19453999400138855,-999.0,1,280,-999.0,-999.0,-999.0,-999.0,0,-999.0,-999.0,-999.0,-999.0,-999.0,0,-999.0,-999.0,-999.0,0,0,-999.0,-999.0,-999.0,-999.0,0,-999.0,-999.0,-999.0,-999.0,-999.0,0,-999.0,-999.0,-999.0,0,0,-999.0,-999.0,-999.0,-999.0,0,-999.0,-999.0,-999.0,-999.0,-999.0,0,-999.0,-999.0,-999.0,0,0,0.03467642951417554
PSO J139.5956+35.9475,-999,-999,-999,151131395956407632,3578835000187007,214022515515605,0,16486947574965,15113,1,2038,90,0.648150506101689,3578835,49831,3,1343750144,0,160,139.59564165,35.94752154,0.0010000000474974513,0.0010000000474974513,139.59564165,35.94752154,0.0010000000474974513,0.0010000000474974513,,,,,55698.99928241,-999.0,-0.6164672464786312,0.524735614367078,0.5870440094523234,130.7696999673407,19.261158818721267,187.99459072683558,44.31739800916282,-999,1,0,0,0,0,0,0,-999.0,-999.0,-999.0,-999.0,0,-999.0,-999.0,-999.0,-999.0,-999.0,0,-999.0,-999.0,-999.0,0,16416,-999.0,-999.0,-999.0,-999.0,0,-999.0,-999.0,-999.0,-999.0,-999.0,0,-999.0,-999.0,-999.0,0,16416,-999.0,-999.0,-999.0,-999.0,0,-999.0,-999.0,-999.0,-999.0,-999.0,0,-999.0,-999.0,-999.0,0,16416,-999.0,-999.0,-999.0,-999.0,0,-999.0,-999.0,-999.0,-999.0,-999.0,0,-999.0,-999.0,-999.0,0,114720,-999.0,-999.0,-999.0,-999.0,0,-999.0,-999.0,-999.0,-999.0,-999.0,0,-999.0,-999.0,-999.0,0,16416,0.03677213506766779
PSO J139.5957+35.9482,-999,-999,-999,151131395957128373,3578835000187009,214022515515607,0,16486947575747,15113,1,2038,90,0.795796448174674,3578835,49831,3,404226048,0,48,139.59569706,35.94818566,0.0010000000474974513,0.0010000000474974513,139.59569706,35.94818566,0.0010000000474974513,0.0010000000474974513,,,,,55646.49783565,-999.0,-0.6164625723651528,0.5247306076497078,0.5870533930304016,130.7695192441734,19.26180221662471,187.9936703869106,44.31749529875441,-999,2,0,0,0,0,0,0,-999.0,-999.0,-999.0,-999.0,0,-999.0,-999.0,-999.0,-999.0,-999.0,0,-999.0,-999.0,-999.0,0,16416,-999.0,-999.0,-999.0,-999.0,0,-999.0,-999.0,-999.0,-999.0,-999.0,0,-999.0,-999.0,-999.0,0,114720,-999.0,-999.0,-999.0,-999.0,0,-999.0,-999.0,-999.0,-999.0,-999.0,0,-999.0,-999.0,-999.0,0,114720,-999.0,-999.0,-999.0,-999.0,0,-999.0,-999.0,-999.0,-999.0,-999.0,0,-999.0,-999.0,-999.0,0,16416,-999.0,-999.0,-999.0,-999.0,0,-999.0,-999.0,-999.0,-999.0,-999.0,0,-999.0,-999.0,-999.0,0,16416,0.03743602066901401
PSO J139.5963+35.9420,-999,-999,-999,151131395962880981,3578835000187016,214022515515614,0,16486947617863,15113,1,2038,90,0.288996516064737,3578835,49831,3,1343750144,0,160,139.59628948,35.94198087,0.0010000000474974513,0.0010000000474974513,139.59628948,35.94198087,0.0010000000474974513,0.0010000000474974513,,,,,55665.47225694,-999.0,-0.6165164059123912,0.5247654374681836,0.5869657203616695,130.77210931654864,19.2560793845652,188.00236844764933,44.317481946579456,-999,1,0,0,0,0,0,0,-999.0,-999.0,-999.0,-999.0,0,-999.0,-999.0,-999.0,-999.0,-999.0,0,-999.0,-999.0,-999.0,0,16416,-999.0,-999.0,-999.0,-999.0,0,-999.0,-999.0,-999.0,-999.0,-999.0,0,-999.0,-999.0,-999.0,0,16416,-999.0,-999.0,-999.0,-999.0,0,-999.0,-999.0,-999.0,-999.0,-999.0,0,-999.0,-999.0,-999.0,0,16416,-999.0,-999.0,-999.0,-999.0,0,-999.0,-999.0,-999.0,-999.0,-999.0,0,-999.0,-999.0,-999.0,0,16416,-999.0,-999.0,-999.0,-999.0,0,-999.0,-999.0,-999.0,-999.0,-999.0,0,-999.0,-999.0,-999.0,0,114720,0.03123246246672077
PSO J139.5966+35.9442,-999,-999,-999,151131395965963599,3578835000023616,214022515350591,0,16486947616204,15113,1,2038,90,0.632777584374675,3578835,49831,3,268959744,0,32,-999.0,-999.0,-999.0,-999.0,139.59661312,35.94415949,0.4427100121974945,0.4427100121974945,,,,,56331.35887731,-999.0,-0.6165023738428081,0.5247474883478274,0.5869965046904703,130.77163172930508,19.258226885368106,187.99936204915284,44.31791576690882,-999,0,1,1,0,0,0,0,0.6358190178871155,22.608800888061523,0.44246000051498413,-999.0,1,22.608800888061523,22.608800888061523,20.987600326538086,0.20363999903202057,-999.0,1,22.130599975585938,0.44246000051498413,-999.0,1,4120,-999.0,-999.0,-999.0,-999.0,0,-999.0,-999.0,-999.0,-999.0,-999.0,0,-999.0,-999.0,-999.0,0,0,-999.0,-999.0,-999.0,-999.0,0,-999.0,-999.0,-999.0,-999.0,-999.0,0,-999.0,-999.0,-999.0,0,0,-999.0,-999.0,-999.0,-999.0,0,-999.0,-999.0,-999.0,-999.0,-999.0,0,-999.0,-999.0,-999.0,0,0,-999.0,-999.0,-999.0,-999.0,0,-999.0,-999.0,-999.0,-999.0,-999.0,0,-999.0,-999.0,-999.0,0,0,0.0334144800647545
PSO J139.5968+35.9455,-999,-999,-999,151131395967425169,3578835000023661,214022515350636,0,16486947615820,15113,1,2038,90,0.210826518210421,3578835,49831,3,302067712,0,36,-999.0,-999.0,-999.0,-999.0,139.59676515,35.94547639,0.15400999784469604,0.15400999784469604,,,,,55249.30763889,-999.0,-0.6164934921262742,0.5247371075658439,0.5870151123347536,130.77130761884024,19.25951364691782,187.9975408560948,44.31814276507103,-999,0,2,1,1,0,0,0,0.6784510016441345,21.681499481201172,0.309581995010376,-999.0,1,21.681499481201172,21.681499481201172,-999.0,-999.0,-999.0,0,22.713300704956055,0.309581995010376,-999.0,1,4120,0.8386120200157166,21.638399124145508,0.15327799320220947,-999.0,1,21.638399124145508,21.638399124145508,20.958099365234375,0.19162499904632568,-999.0,1,20.993600845336914,0.15327799320220947,-999.0,1,16777752,-999.0,-999.0,-999.0,-999.0,0,-999.0,-999.0,-999.0,-999.0,-999.0,0,-999.0,-999.0,-999.0,0,0,-999.0,-999.0,-999.0,-999.0,0,-999.0,-999.0,-999.0,-999.0,-999.0,0,-999.0,-999.0,-999.0,0,0,-999.0,-999.0,-999.0,-999.0,0,-999.0,-999.0,-999.0,-999.0,-999.0,0,-999.0,-999.0,-999.0,0,0,0.034733455696788845
PSO J139.5969+35.9423,-999,-999,-999,151131395967861392,3578835000023666,214022515350641,0,16486947618735,15113,1,2038,90,0.0264458712436686,3578835,49831,3,1384198144,0,165,139.59719144,35.94223016,0.0010000000474974513,0.0010000000474974513,139.59688287,35.94227919,0.05553000047802925,0.05553000047802925,,,,,55903.56032407,-999.0,-0.6165195134057536,0.5247570715451523,0.5869699357320515,130.77248990471463,19.25651607658082,188.00200601991747,44.317984492220596,-999,1,1,0,0,0,0,1,-999.0,-999.0,-999.0,-999.0,0,-999.0,-999.0,-999.0,-999.0,-999.0,0,-999.0,-999.0,-999.0,0,16416,-999.0,-999.0,-999.0,-999.0,0,-999.0,-999.0,-999.0,-999.0,-999.0,0,-999.0,-999.0,-999.0,0,16416,-999.0,-999.0,-999.0,-999.0,0,-999.0,-999.0,-999.0,-999.0,-999.0,0,-999.0,-999.0,-999.0,0,16416,-999.0,-999.0,-999.0,-999.0,0,-999.0,-999.0,-999.0,-999.0,-999.0,0,-999.0,-999.0,-999.0,0,16416,0.0,16.698699951171875,0.05346899852156639,-999.0,1,16.698699951171875,16.698699951171875,13.70829963684082,0.01784300059080124,-999.0,1,15.448699951171875,0.05346899852156639,-999.0,1,16892472,0.031539233931292064
PSO J139.5970+35.9480,-999,-999,-999,151131395969428175,3578835000023709,214022515350684,0,16486947575011,15113,1,2038,90,0.938493119495449,3578835,49831,3,310456320,0,37,-999.0,-999.0,-999.0,-999.0,139.5969619,35.94797289,0.12804000079631805,0.12804000079631805,,,,,55534.65986111,-999.0,-0.6164758160779994,0.524718411741463,0.5870503867390611,130.7706188799432,19.261929249948437,187.99408011621233,44.318499195279344,-999,0,1,0,0,0,1,0,-999.0,-999.0,-999.0,-999.0,0,-999.0,-999.0,-999.0,-999.0,-999.0,0,-999.0,-999.0,-999.0,0,0,-999.0,-999.0,-999.0,-999.0,0,-999.0,-999.0,-999.0,-999.0,-999.0,0,-999.0,-999.0,-999.0,0,0,-999.0,-999.0,-999.0,-999.0,0,-999.0,-999.0,-999.0,-999.0,-999.0,0,-999.0,-999.0,-999.0,0,0,0.9930739998817444,19.976999282836914,0.12715399265289307,-999.0,1,19.976999282836914,19.976999282836914,18.565900802612305,0.08328299969434738,-999.0,1,18.941699981689453,0.12715399265289307,-999.0,1,16777496,-999.0,-999.0,-999.0,-999.0,0,-999.0,-999.0,-999.0,-999.0,-999.0,0,-999.0,-999.0,-999.0,0,0,0.037232820280117616
PSO J139.5970+35.9433,-999,-999,-999,151131395970062547,3578835000187025,214022515515623,0,16486947617978,15113,1,2038,90,0.98732095769357,3578835,49831,3,1343750144,0,160,139.59700681,35.94328582,0.0010000000474974513,0.0010000000474974513,139.59700681,35.94328582,0.0010000000474974513,0.0010000000474974513,,,,,55646.49783565,-999.0,-0.6165127954442922,0.5247490536985316,0.5869841596635806,130.77224844265518,19.25750167814375,188.00061461153388,44.31816428064196,-999,1,0,0,0,0,0,0,-999.0,-999.0,-999.0,-999.0,0,-999.0,-999.0,-999.0,-999.0,-999.0,0,-999.0,-999.0,-999.0,0,16416,-999.0,-999.0,-999.0,-999.0,0,-999.0,-999.0,-999.0,-999.0,-999.0,0,-999.0,-999.0,-999.0,0,16416,-999.0,-999.0,-999.0,-999.0,0,-999.0,-999.0,-999.0,-999.0,-999.0,0,-999.0,-999.0,-999.0,0,16416,-999.0,-999.0,-999.0,-999.0,0,-999.0,-999.0,-999.0,-999.0,-999.0,0,-999.0,-999.0,-999.0,0,16416,-999.0,-999.0,-999.0,-999.0,0,-999.0,-999.0,-999.0,-999.0,-999.0,0,-999.0,-999.0,-999.0,0,114720,0.03254816212820869
PSO J139.5973+35.9495,-999,-999,-999,151131395972409954,3578835000023789,214022515350764,0,16486947582828,15113,1,2038,90,0.0128879081577881,3578835,49831,3,277348352,0,33,-999.0,-999.0,-999.0,-999.0,139.5972548,35.94946465,0.12063000351190567,0.12063000351190567,,,,,55534.65167824,-999.0,-0.616466858987774,0.524705353332643,0.5870714640942909,130.77034972246312,19.26341821275593,187.99202785959145,44.318853616103176,-999,0,1,0,0,0,1,0,-999.0,-999.0,-999.0,-999.0,0,-999.0,-999.0,-999.0,-999.0,-999.0,0,-999.0,-999.0,-999.0,0,0,-999.0,-999.0,-999.0,-999.0,0,-999.0,-999.0,-999.0,-999.0,-999.0,0,-999.0,-999.0,-999.0,0,0,-999.0,-999.0,-999.0,-999.0,0,-999.0,-999.0,-999.0,-999.0,-999.0,0,-999.0,-999.0,-999.0,0,0,0.5562999844551086,19.726200103759766,0.11969099938869476,-999.0,1,19.726200103759766,19.726200103759766,19.49839973449707,0.09198900312185287,-999.0,1,19.209999084472656,0.11969099938869476,-999.0,1,16781336,-999.0,-999.0,-999.0,-999.0,0,-999.0,-999.0,-999.0,-999.0,-999.0,0,-999.0,-999.0,-999.0,0,0,0.038730189676095775
PSO J139.5975+35.9445,-999,-999,-999,151131395974674022,3578835000023842,214022515350817,0,16486947616725,15113,1,2038,90,0.51505247178958,3578835,49831,3,310456320,0,37,-999.0,-999.0,-999.0,-999.0,139.59748136,35.94450888,0.19502000510692596,0.19502000510692596,,,,,55249.34685185,-999.0,-0.6165075997680229,0.5247358259483773,0.5870014415608752,130.7722181903598,19.258783342522797,187.99895306637842,44.318644149631716,-999,0,1,1,0,0,0,0,0.1622609943151474,21.976900100708008,0.1944420039653778,-999.0,1,21.976900100708008,21.976900100708008,20.810699462890625,0.16838599741458893,-999.0,1,21.078399658203125,0.1944420039653778,-999.0,1,16777752,-999.0,-999.0,-999.0,-999.0,0,-999.0,-999.0,-999.0,-999.0,-999.0,0,-999.0,-999.0,-999.0,0,0,-999.0,-999.0,-999.0,-999.0,0,-999.0,-999.0,-999.0,-999.0,-999.0,0,-999.0,-999.0,-999.0,0,0,-999.0,-999.0,-999.0,-999.0,0,-999.0,-999.0,-999.0,-999.0,-999.0,0,-999.0,-999.0,-999.0,0,0,-999.0,-999.0,-999.0,-999.0,0,-999.0,-999.0,-999.0,-999.0,-999.0,0,-999.0,-999.0,-999.0,0,0,0.03378315720272927
PSO J139.5975+35.9417,-999,-999,-999,151131395974810637,3578835000023843,214022515350818,0,16486947618768,15113,1,2038,90,0.778265664147461,3578835,49831,3,302067712,0,36,-999.0,-999.0,-999.0,-999.0,139.59748473,35.9416854,0.12520000338554382,0.12520000338554382,,,,,56759.31069444,-999.0,-0.6165296579699344,0.5247545380885842,0.5869615452471416,130.77318057924793,19.256110029472612,188.0028873106084,44.31842317618664,-999,0,1,0,0,1,0,0,-999.0,-999.0,-999.0,-999.0,0,-999.0,-999.0,-999.0,-999.0,-999.0,0,-999.0,-999.0,-999.0,0,0,-999.0,-999.0,-999.0,-999.0,0,-999.0,-999.0,-999.0,-999.0,-999.0,0,-999.0,-999.0,-999.0,0,0,0.8247789740562439,16.31559944152832,0.12430199980735779,-999.0,1,16.31559944152832,16.31559944152832,-999.0,-999.0,-999.0,1,16.597299575805664,0.12430199980735779,-999.0,1,528,-999.0,-999.0,-999.0,-999.0,0,-999.0,-999.0,-999.0,-999.0,-999.0,0,-999.0,-999.0,-999.0,0,0,-999.0,-999.0,-999.0,-999.0,0,-999.0,-999.0,-999.0,-999.0,-999.0,0,-999.0,-999.0,-999.0,0,0,0.03096200510217978
PSO J139.5977+35.9455,-999,-999,-999,151131395977215201,3578835000023903,214022515350878,0,16486947615949,15113,1,2038,90,0.141942663250438,3578835,49831,3,302067712,0,36,-999.0,-999.0,-999.0,-999.0,139.59765096,35.94552536,0.12748999893665314,0.12748999893665314,,,,,55249.33469907,1.6211999654769897,-0.6165012225844567,0.5247272511410676,0.5870158042691945,130.77201045237283,19.25979013161968,187.99755199818213,44.31886152117538,-999,0,2,1,1,0,0,0,0.197270005941391,21.812400817871094,0.16853299736976624,-999.0,1,21.812400817871094,21.812400817871094,21.00119972229004,0.1860640048980713,-999.0,1,21.037099838256836,0.16853299736976624,-999.0,1,16777752,0.312175989151001,21.96649932861328,0.1933480054140091,-999.0,1,21.96649932861328,21.96649932861328,21.554399490356445,0.23493100702762604,-999.0,1,21.507999420166016,0.1933480054140091,-999.0,1,536,-999.0,-999.0,-999.0,-999.0,0,-999.0,-999.0,-999.0,-999.0,-999.0,0,-999.0,-999.0,-999.0,0,0,-999.0,-999.0,-999.0,-999.0,0,-999.0,-999.0,-999.0,-999.0,-999.0,0,-999.0,-999.0,-999.0,0,0,-999.0,-999.0,-999.0,-999.0,0,-999.0,-999.0,-999.0,-999.0,-999.0,0,-999.0,-999.0,-999.0,0,0,0.03480425190411756
PSO J139.5980+35.9459,-999,-999,-999,151131395979735676,3578835000023957,214022515350932,0,16486947615962,15113,1,2038,90,0.0848846678481295,3578835,49831,3,268959744,0,32,-999.0,-999.0,-999.0,-999.0,139.59796987,35.94589615,0.25047001242637634,0.25047001242637634,,,,,55250.32229167,-999.0,-0.6165012503066298,0.5247213574279868,0.5870210434296995,130.7721434493205,19.260224158206576,187.99706394448228,44.31914825041945,-999,0,1,0,1,0,0,0,-999.0,-999.0,-999.0,-999.0,0,-999.0,-999.0,-999.0,-999.0,-999.0,0,-999.0,-999.0,-999.0,0,0,0.7312700152397156,21.64240074157715,0.2500239908695221,-999.0,1,21.64240074157715,21.64240074157715,-999.0,-999.0,-999.0,0,21.566499710083008,0.2500239908695221,-999.0,1,4120,-999.0,-999.0,-999.0,-999.0,0,-999.0,-999.0,-999.0,-999.0,-999.0,0,-999.0,-999.0,-999.0,0,0,-999.0,-999.0,-999.0,-999.0,0,-999.0,-999.0,-999.0,-999.0,-999.0,0,-999.0,-999.0,-999.0,0,0,-999.0,-999.0,-999.0,-999.0,0,-999.0,-999.0,-999.0,-999.0,-999.0,0,-999.0,-999.0,-999.0,0,0,0.03518609251023123
PSO J139.5982+35.9476,-999,-999,-999,151131395982127743,3578835000024012,214022515350987,0,16486947579940,15113,1,2038,90,0.459795328285355,3578835,49831,3,268959744,0,32,-999.0,-999.0,-999.0,-999.0,139.59822771,35.94761155,0.3771899938583374,0.3771899938583374,,,,,56331.35887731,-999.0,-0.6164902276349379,0.5247071916847624,0.5870452812389454,130.77176980599293,19.261915829276816,187.99469693523358,44.319492121629054,-999,0,1,1,0,0,0,0,0.6304270029067993,22.30139923095703,0.376893013715744,-999.0,1,22.30139923095703,22.30139923095703,-999.0,-999.0,-999.0,1,24.715999603271484,0.376893013715744,-999.0,1,4120,-999.0,-999.0,-999.0,-999.0,0,-999.0,-999.0,-999.0,-999.0,-999.0,0,-999.0,-999.0,-999.0,0,0,-999.0,-999.0,-999.0,-999.0,0,-999.0,-999.0,-999.0,-999.0,-999.0,0,-999.0,-999.0,-999.0,0,0,-999.0,-999.0,-999.0,-999.0,0,-999.0,-999.0,-999.0,-999.0,-999.0,0,-999.0,-999.0,-999.0,0,0,-999.0,-999.0,-999.0,-999.0,0,-999.0,-999.0,-999.0,-999.0,-999.0,0,-999.0,-999.0,-999.0,0,0,0.03690970759740826
PSO J139.5987+35.9436,-999,-999,-999,151131395986752992,3578835000024120,214022515351095,0,16486947616406,15113,1,2038,90,0.701521352586822,3578835,49831,3,268959744,0,32,-999.0,-999.0,-999.0,-999.0,139.59867911,35.94364802,0.26434001326560974,0.26434001326560974,,,,,55250.29849537,-999.0,-0.6165252853330235,0.524728654195142,0.5869892775950759,130.7734836420713,19.25827914515405,188.00025986016396,44.31954260651186,-999,0,1,0,0,1,0,0,-999.0,-999.0,-999.0,-999.0,0,-999.0,-999.0,-999.0,-999.0,-999.0,0,-999.0,-999.0,-999.0,0,0,-999.0,-999.0,-999.0,-999.0,0,-999.0,-999.0,-999.0,-999.0,-999.0,0,-999.0,-999.0,-999.0,0,0,0.6918699741363525,21.38949966430664,0.26391300559043884,-999.0,1,21.38949966430664,21.38949966430664,-999.0,-999.0,-999.0,0,21.82979965209961,0.26391300559043884,-999.0,1,4112,-999.0,-999.0,-999.0,-999.0,0,-999.0,-999.0,-999.0,-999.0,-999.0,0,-999.0,-999.0,-999.0,0,0,-999.0,-999.0,-999.0,-999.0,0,-999.0,-999.0,-999.0,-999.0,-999.0,0,-999.0,-999.0,-999.0,0,0,0.03297490127592247
PSO J139.5988+35.9467,-999,-999,-999,151131395988226698,3578835000024156,214022515351131,0,16486947611689,15113,1,2038,90,0.148744988393732,3578835,49831,3,268959744,0,32,-999.0,-999.0,-999.0,-999.0,139.59883462,35.94674089,0.3388200104236603,0.3388200104236603,,,,,56324.5365162,-999.0,-0.6165025788466092,0.5247064431771684,0.5870329792812713,130.77255868937377,19.261248865977294,187.9959644073289,44.3199129989821,-999,0,1,0,0,1,0,0,-999.0,-999.0,-999.0,-999.0,0,-999.0,-999.0,-999.0,-999.0,-999.0,0,-999.0,-999.0,-999.0,0,0,-999.0,-999.0,-999.0,-999.0,0,-999.0,-999.0,-999.0,-999.0,-999.0,0,-999.0,-999.0,-999.0,0,0,0.6226670145988464,22.14539909362793,0.33848801255226135,-999.0,1,22.14539909362793,22.14539909362793,-999.0,-999.0,-999.0,0,25.11280059814453,0.33848801255226135,-999.0,1,4120,-999.0,-999.0,-999.0,-999.0,0,-999.0,-999.0,-999.0,-999.0,-999.0,0,-999.0,-999.0,-999.0,0,0,-999.0,-999.0,-999.0,-999.0,0,-999.0,-999.0,-999.0,-999.0,-999.0,0,-999.0,-999.0,-999.0,0,0,0.03606925238911055
PSO J139.5991+35.9424,-999,-999,-999,151131395990811458,3578835000024206,214022515351181,0,16486947618454,15113,1,2038,90,0.161636321955953,3578835,49831,3,268959744,0,32,-999.0,-999.0,-999.0,-999.0,139.599087,35.94236826,0.2606000006198883,0.2606000006198883,,,,,55250.27738426,-999.0,-0.6165390051183135,0.5247327626569851,0.5869711943205461,130.77424992566245,19.257173016619717,188.0020795425958,44.31977042111289,-999,0,1,0,0,0,0,1,-999.0,-999.0,-999.0,-999.0,0,-999.0,-999.0,-999.0,-999.0,-999.0,0,-999.0,-999.0,-999.0,0,0,-999.0,-999.0,-999.0,-999.0,0,-999.0,-999.0,-999.0,-999.0,-999.0,0,-999.0,-999.0,-999.0,0,0,-999.0,-999.0,-999.0,-999.0,0,-999.0,-999.0,-999.0,-999.0,-999.0,0,-999.0,-999.0,-999.0,0,0,-999.0,-999.0,-999.0,-999.0,0,-999.0,-999.0,-999.0,-999.0,-999.0,0,-999.0,-999.0,-999.0,0,0,0.584181010723114,18.935400009155273,0.26017099618911743,-999.0,1,18.935400009155273,18.935400009155273,-999.0,-999.0,-999.0,0,19.2637996673584,0.26017099618911743,-999.0,1,4112,0.0317234071970635
PSO J139.5993+35.9449,-999,-999,-999,151131395992794445,3578835000024265,214022515351240,0,16486947612039,15113,1,2038,90,0.715457708309831,3578835,49831,3,268959744,0,32,-999.0,-999.0,-999.0,-999.0,139.5992986,35.94486493,0.2199700027704239,0.2199700027704239,,,,,56759.28498843,-999.0,-0.6165214645102968,0.5247139077861834,0.5870064725144278,130.77357318917996,19.25959263590396,187.99861981678032,44.320138933710744,-999,0,1,0,0,1,0,0,-999.0,-999.0,-999.0,-999.0,0,-999.0,-999.0,-999.0,-999.0,-999.0,0,-999.0,-999.0,-999.0,0,0,-999.0,-999.0,-999.0,-999.0,0,-999.0,-999.0,-999.0,-999.0,-999.0,0,-999.0,-999.0,-999.0,0,0,0.7622330188751221,20.362899780273438,0.21945400536060333,-999.0,1,20.362899780273438,20.362899780273438,-999.0,-999.0,-999.0,0,20.397899627685547,0.21945400536060333,-999.0,1,4112,-999.0,-999.0,-999.0,-999.0,0,-999.0,-999.0,-999.0,-999.0,-999.0,0,-999.0,-999.0,-999.0,0,0,-999.0,-999.0,-999.0,-999.0,0,-999.0,-999.0,-999.0,-999.0,-999.0,0,-999.0,-999.0,-999.0,0,0,0.03422575305980997
PSO J139.5995+35.9430,-999,-999,-999,151131395994692240,3578835000024311,214022515351286,0,16486947618367,15113,1,2038,90,0.635914151217709,3578835,49831,3,302067712,0,36,-999.0,-999.0,-999.0,-999.0,139.59950333,35.94303041,0.1971299946308136,0.1971299946308136,,,,,55248.24292824,-999.0,-0.6165376521240321,0.5247238860998428,0.5869805506740962,130.77436302710782,19.257908307969036,188.00119426911365,44.32015887754465,-999,0,1,0,0,0,0,1,-999.0,-999.0,-999.0,-999.0,0,-999.0,-999.0,-999.0,-999.0,-999.0,0,-999.0,-999.0,-999.0,0,0,-999.0,-999.0,-999.0,-999.0,0,-999.0,-999.0,-999.0,-999.0,-999.0,0,-999.0,-999.0,-999.0,0,0,-999.0,-999.0,-999.0,-999.0,0,-999.0,-999.0,-999.0,-999.0,-999.0,0,-999.0,-999.0,-999.0,0,0,-999.0,-999.0,-999.0,-999.0,0,-999.0,-999.0,-999.0,-999.0,-999.0,0,-999.0,-999.0,-999.0,0,0,0.9986879825592041,19.295499801635742,0.19655700027942657,-999.0,1,19.295499801635742,19.295499801635742,-999.0,-999.0,-999.0,1,19.470500946044922,0.19655700027942657,-999.0,1,280,0.032412015507974914
PSO J139.5997+35.9447,-999,-999,-999,151131395996174339,3578835000024346,214022515351321,0,16486947612082,15113,1,2038,90,0.799114122799704,3578835,49831,3,310456320,0,37,-999.0,-999.0,-999.0,-999.0,139.59971418,35.94473434,0.10159000009298325,0.10159000009298325,,,,,55903.56032407,-999.0,-0.6165262892411034,0.5247103031310266,0.5870046272924444,130.7739551233905,19.2595769099543,187.99883900815684,44.32046398392283,-999,0,1,0,0,0,0,1,-999.0,-999.0,-999.0,-999.0,0,-999.0,-999.0,-999.0,-999.0,-999.0,0,-999.0,-999.0,-999.0,0,0,-999.0,-999.0,-999.0,-999.0,0,-999.0,-999.0,-999.0,-999.0,-999.0,0,-999.0,-999.0,-999.0,0,0,-999.0,-999.0,-999.0,-999.0,0,-999.0,-999.0,-999.0,-999.0,-999.0,0,-999.0,-999.0,-999.0,0,0,-999.0,-999.0,-999.0,-999.0,0,-999.0,-999.0,-999.0,-999.0,-999.0,0,-999.0,-999.0,-999.0,0,0,0.0,16.98539924621582,0.10047399997711182,-999.0,1,16.98539924621582,16.98539924621582,-999.0,-999.0,-999.0,0,16.020700454711914,0.10047399997711182,-999.0,1,16777752,0.03412439854030413
PSO J139.5997+35.9473,-999,-999,-999,151131395996767357,3578835000024359,214022515351334,0,16486947580030,15113,1,2038,90,0.216235963829081,3578835,49831,3,268959744,0,32,-999.0,-999.0,-999.0,-999.0,139.59969413,35.94728972,0.27978000044822693,0.27978000044822693,,,,,56614.57135417,-999.0,-0.6165061678115699,0.5246935502847371,0.5870407339698758,130.77307024519888,19.2619919508863,187.99527667014647,44.320650077740325,-999,0,1,0,0,0,1,0,-999.0,-999.0,-999.0,-999.0,0,-999.0,-999.0,-999.0,-999.0,-999.0,0,-999.0,-999.0,-999.0,0,0,-999.0,-999.0,-999.0,-999.0,0,-999.0,-999.0,-999.0,-999.0,-999.0,0,-999.0,-999.0,-999.0,0,0,-999.0,-999.0,-999.0,-999.0,0,-999.0,-999.0,-999.0,-999.0,-999.0,0,-999.0,-999.0,-999.0,0,0,0.6367959976196289,21.754199981689453,0.2793790102005005,-999.0,1,21.754199981689453,21.754199981689453,21.378299713134766,0.29572799801826477,-999.0,1,22.225400924682617,0.2793790102005005,-999.0,1,4120,-999.0,-999.0,-999.0,-999.0,0,-999.0,-999.0,-999.0,-999.0,-999.0,0,-999.0,-999.0,-999.0,0,0,0.036668651694247587
PSO J139.5997+35.9444,-999,-999,-999,151131395997153880,3578835000024368,214022515351343,0,16486947612114,15113,1,2038,90,0.458083441907618,3578835,49831,3,268959744,0,32,-999.0,-999.0,-999.0,-999.0,139.59972595,35.94440423,0.2861100137233734,0.2861100137233734,,,,,55918.63284722,-999.0,-0.6165289725552175,0.5247123684460977,0.5869999628617487,130.77407688841762,19.259267313747966,187.99930002026795,44.32044734447374,-999,0,1,0,1,0,0,0,-999.0,-999.0,-999.0,-999.0,0,-999.0,-999.0,-999.0,-999.0,-999.0,0,-999.0,-999.0,-999.0,0,0,0.6476410031318665,22.371200561523438,0.28571298718452454,-999.0,1,22.371200561523438,22.371200561523438,-999.0,-999.0,-999.0,1,24.698299407958984,0.28571298718452454,-999.0,1,4120,-999.0,-999.0,-999.0,-999.0,0,-999.0,-999.0,-999.0,-999.0,-999.0,0,-999.0,-999.0,-999.0,0,0,-999.0,-999.0,-999.0,-999.0,0,-999.0,-999.0,-999.0,-999.0,-999.0,0,-999.0,-999.0,-999.0,0,0,-999.0,-999.0,-999.0,-999.0,0,-999.0,-999.0,-999.0,-999.0,-999.0,0,-999.0,-999.0,-999.0,0,0,0.033796529578144587
PSO J139.6000+35.9425,-999,-999,-999,151131395999621591,3578835000024435,214022515351410,0,16486947614999,15113,1,2038,90,0.092749902133597,3578835,49831,3,302067712,0,36,-999.0,-999.0,-999.0,-999.0,139.59996635,35.94248001,0.1939699947834015,0.1939699947834015,,,,,56759.31069444,-999.0,-0.616546186575454,0.5247225582404761,0.586972773382919,130.77492618973525,19.257507296965755,188.00200266665095,44.32048896453506,-999,0,1,0,0,1,0,0,-999.0,-999.0,-999.0,-999.0,0,-999.0,-999.0,-999.0,-999.0,-999.0,0,-999.0,-999.0,-999.0,0,0,-999.0,-999.0,-999.0,-999.0,0,-999.0,-999.0,-999.0,-999.0,-999.0,0,-999.0,-999.0,-999.0,0,0,0.8254709839820862,16.862600326538086,0.1933940052986145,-999.0,1,16.862600326538086,16.862600326538086,-999.0,-999.0,-999.0,0,18.62190055847168,0.1933940052986145,-999.0,1,528,-999.0,-999.0,-999.0,-999.0,0,-999.0,-999.0,-999.0,-999.0,-999.0,0,-999.0,-999.0,-999.0,0,0,-999.0,-999.0,-999.0,-999.0,0,-999.0,-999.0,-999.0,-999.0,-999.0,0,-999.0,-999.0,-999.0,0,0,0.03190040905387922
PSO J139.6003+35.9419,-999,-999,-999,151131396001870874,3578835000024505,214022515351480,0,16486947615173,15113,1,2038,90,0.586927576537177,3578835,49831,3,436527104,7,52,139.60024732,35.94191012,0.0010000000474974513,0.0010000000474974513,139.60024991248883,35.941905410521095,0.03621829938232721,0.03621829938232721,21.40917742783407,-56.06152821823406,21.155181021296755,21.155181021296755,56467.15741323862,3.3483831882476807,-0.6165532662878471,0.5247233220276559,0.5869646540891946,130.77535311691764,19.25703806021167,188.00282769362641,44.32067394682318,-999,4,8,0,0,6,2,0,-999.0,-999.0,-999.0,-999.0,0,-999.0,-999.0,-999.0,-999.0,-999.0,0,-999.0,-999.0,-999.0,0,114720,-999.0,-999.0,-999.0,-999.0,0,-999.0,-999.0,-999.0,-999.0,-999.0,0,-999.0,-999.0,-999.0,0,114720,0.9991499781608582,21.655899047851562,0.08094000071287155,0.21961799263954163,5,21.401899337768555,21.874300003051758,21.37420082092285,0.13792699575424194,0.34856000542640686,5,21.183700561523438,0.12841199338436127,0.3594450056552887,5,115000,0.9983590245246887,21.245500564575195,0.18753400444984436,0.26522698998451233,2,21.056100845336914,21.43120002746582,20.91510009765625,0.03627200052142143,0.10846900194883347,2,20.856700897216797,0.11368899792432785,0.16079199314117432,2,115000,-999.0,-999.0,-999.0,-999.0,0,-999.0,-999.0,-999.0,-999.0,-999.0,0,-999.0,-999.0,-999.0,0,16416,0.03135390202545451
PSO J139.6010+35.9422,-999,-999,-999,151131396009971299,3578835000024694,214022515351669,0,16486947613283,15113,1,2038,90,0.521048038751863,3578835,49831,3,310456320,0,37,-999.0,-999.0,-999.0,-999.0,139.60101442,35.94224017,0.17440000176429749,0.17440000176429749,,,,,55250.26215278,-999.0,-0.6165576560133994,0.5247128725580421,0.5869693843661274,130.7758589999753,19.257552414061447,188.0024307947465,44.32131582610883,-999,0,1,0,0,0,0,1,-999.0,-999.0,-999.0,-999.0,0,-999.0,-999.0,-999.0,-999.0,-999.0,0,-999.0,-999.0,-999.0,0,0,-999.0,-999.0,-999.0,-999.0,0,-999.0,-999.0,-999.0,-999.0,-999.0,0,-999.0,-999.0,-999.0,0,0,-999.0,-999.0,-999.0,-999.0,0,-999.0,-999.0,-999.0,-999.0,-999.0,0,-999.0,-999.0,-999.0,0,0,-999.0,-999.0,-999.0,-999.0,0,-999.0,-999.0,-999.0,-999.0,-999.0,0,-999.0,-999.0,-999.0,0,0,0.998615026473999,19.130300521850586,0.1737550050020218,-999.0,1,19.130300521850586,19.130300521850586,18.33329963684082,0.19185300171375275,-999.0,1,18.395599365234375,0.1737550050020218,-999.0,1,16777488,0.03176134249152087
PSO J139.6016+35.9493,-999,-999,-999,151131396016169743,3578835000024834,214022515351809,0,16486947581044,15113,1,2038,90,0.0876758416068515,3578835,49831,3,268513280,0,32,-999.0,-999.0,-999.0,-999.0,139.60163726,35.94926577,0.01647000014781952,0.01647000014781952,,,,,56283.60864583,-999.0,-0.616508542923719,0.5246595199458404,0.5870686541046738,130.77397676763124,19.264368279302314,187.9926972249463,44.32237452719913,-999,0,1,1,0,0,0,0,0.9991379976272583,18.115400314331055,0.006787999998778105,-999.0,1,18.115400314331055,18.115400314331055,18.99810028076172,0.021705999970436096,-999.0,1,18.899799346923828,0.006787999998778105,-999.0,1,24,-999.0,-999.0,-999.0,-999.0,0,-999.0,-999.0,-999.0,-999.0,-999.0,0,-999.0,-999.0,-999.0,0,0,-999.0,-999.0,-999.0,-999.0,0,-999.0,-999.0,-999.0,-999.0,-999.0,0,-999.0,-999.0,-999.0,0,0,-999.0,-999.0,-999.0,-999.0,0,-999.0,-999.0,-999.0,-999.0,-999.0,0,-999.0,-999.0,-999.0,0,0,-999.0,-999.0,-999.0,-999.0,0,-999.0,-999.0,-999.0,-999.0,-999.0,0,-999.0,-999.0,-999.0,0,0,0.038794930917172954
PSO J139.6026+35.9490,-999,-999,-999,151131396025749421,3578835000187084,214022515515682,0,16486947581885,15113,1,2038,90,0.0609390037701828,3578835,49831,3,404226048,0,48,139.60257187,35.94901389,0.0010000000474974513,0.0010000000474974513,139.60257187,35.94901389,0.0010000000474974513,0.0010000000474974513,,,,,55646.49783565,-999.0,-0.6165190665716893,0.5246511359713896,0.5870650952641483,130.774821482994,19.26437251461985,187.99313183180436,44.323108841292125,-999,4,0,0,0,0,0,0,-999.0,-999.0,-999.0,-999.0,0,-999.0,-999.0,-999.0,-999.0,-999.0,0,-999.0,-999.0,-999.0,0,114720,-999.0,-999.0,-999.0,-999.0,0,-999.0,-999.0,-999.0,-999.0,-999.0,0,-999.0,-999.0,-999.0,0,114720,-999.0,-999.0,-999.0,-999.0,0,-999.0,-999.0,-999.0,-999.0,-999.0,0,-999.0,-999.0,-999.0,0,114720,-999.0,-999.0,-999.0,-999.0,0,-999.0,-999.0,-999.0,-999.0,-999.0,0,-999.0,-999.0,-999.0,0,114720,-999.0,-999.0,-999.0,-999.0,0,-999.0,-999.0,-999.0,-999.0,-999.0,0,-999.0,-999.0,-999.0,0,16416,0.03864339214534005
PSO J139.6028+35.9413,-999,-999,-999,151131396028390161,3578835000025103,214022515352078,0,16486947612752,15113,1,2038,90,0.762256447004393,3578835,49831,3,436527104,7,52,139.60280202,35.94128868,0.0010000000474974513,0.0010000000474974513,139.60282425921537,35.941296867333335,0.01549417291184027,0.01549417291184027,-11.273404803347653,20.48682379940999,7.527062384672759,7.527062384672759,56271.99637326639,6.207796573638916,-0.6165815896644303,0.5246996594955885,0.5869560550944999,130.7776537327122,19.25712777898504,188.00391131686933,44.32270474613738,-999,5,33,1,12,15,5,0,0.9997100234031677,22.24959945678711,0.1801919937133789,-999.0,1,22.24959945678711,22.24959945678711,-999.0,-999.0,-999.0,1,22.102699279785156,0.1801919937133789,-999.0,1,115000,0.9988620281219482,21.697999954223633,0.0693499967455864,0.2084980010986328,10,21.372100830078125,21.903499603271484,21.5132999420166,0.08692900091409683,0.41894298791885376,9,21.629199981689453,0.13817700743675232,0.45170900225639343,10,115000,0.9989299774169922,21.507999420166016,0.04096800088882446,0.17868700623512268,15,21.16830062866211,21.791099548339844,21.440099716186523,0.06790000200271606,0.24995200335979462,14,21.327999114990234,0.06495200097560883,0.28872600197792053,15,115000,0.9987850189208984,20.992399215698242,0.0914430022239685,0.23510900139808655,5,20.729400634765625,21.373199462890625,20.526100158691406,0.09520699828863144,0.49667900800704956,5,20.621400833129883,0.0559069998562336,0.13655099272727966,5,16892216,-999.0,-999.0,-999.0,-999.0,0,-999.0,-999.0,-999.0,-999.0,-999.0,0,-999.0,-999.0,-999.0,0,114720,0.0310572149516703
PSO J139.6035+35.9460,-999,-999,-999,151131396034805799,3578835000025246,214022515352221,0,16486947614243,15113,1,2038,90,0.58192052932635,3578835,49831,3,302067712,0,36,-999.0,-999.0,-999.0,-999.0,139.60349474,35.94598867,0.19272999465465546,0.19272999465465546,,,,,57049.43763889,-999.0,-0.6165511229297733,0.5246612932009833,0.587022350707967,130.77659942414414,19.26174704216925,187.99742985279886,44.323614317113346,-999,0,1,0,0,1,0,0,-999.0,-999.0,-999.0,-999.0,0,-999.0,-999.0,-999.0,-999.0,-999.0,0,-999.0,-999.0,-999.0,0,0,-999.0,-999.0,-999.0,-999.0,0,-999.0,-999.0,-999.0,-999.0,-999.0,0,-999.0,-999.0,-999.0,0,0,0.21443000435829163,21.97279930114746,0.19214700162410736,-999.0,1,21.97279930114746,21.97279930114746,-999.0,-999.0,-999.0,1,21.962499618530273,0.19214700162410736,-999.0,1,536,-999.0,-999.0,-999.0,-999.0,0,-999.0,-999.0,-999.0,-999.0,-999.0,0,-999.0,-999.0,-999.0,0,0,-999.0,-999.0,-999.0,-999.0,0,-999.0,-999.0,-999.0,-999.0,-999.0,0,-999.0,-999.0,-999.0,0,0,0.03577128057159683
PSO J139.6036+35.9492,-999,-999,-999,151131396036189588,3578835000025293,214022515352268,0,16486947581747,15113,1,2038,90,0.842241998614969,3578835,49831,3,268959744,0,32,-999.0,-999.0,-999.0,-999.0,139.60363865,35.94915304,0.019670000299811363,0.019670000299811363,,,,,55249.30935185,-999.0,-0.6165277490192853,0.524638733023935,0.5870670613313724,130.77564062182273,19.264781439216843,187.99303338902197,44.323980740278785,-999,0,1,0,1,0,0,0,-999.0,-999.0,-999.0,-999.0,0,-999.0,-999.0,-999.0,-999.0,-999.0,0,-999.0,-999.0,-999.0,0,0,0.5435289740562439,18.52389907836914,0.01272599957883358,-999.0,1,18.52389907836914,18.52389907836914,-999.0,-999.0,-999.0,0,19.9330997467041,0.01272599957883358,-999.0,1,4120,-999.0,-999.0,-999.0,-999.0,0,-999.0,-999.0,-999.0,-999.0,-999.0,0,-999.0,-999.0,-999.0,0,0,-999.0,-999.0,-999.0,-999.0,0,-999.0,-999.0,-999.0,-999.0,-999.0,0,-999.0,-999.0,-999.0,0,0,-999.0,-999.0,-999.0,-999.0,0,-999.0,-999.0,-999.0,-999.0,-999.0,0,-999.0,-999.0,-999.0,0,0,0.03891091670544561
PSO J139.6036+35.9418,-999,-999,-999,151131396036430708,3578835000187097,214022515515695,0,16486947613624,15113,1,2038,90,0.771374381865723,3578835,49831,3,1343750144,0,160,139.60364404,35.94175407,0.0010000000474974513,0.0010000000474974513,139.60364404,35.94175407,0.0010000000474974513,0.0010000000474974513,,,,,55668.19153935,-999.0,-0.6165855298865074,0.5246878020628096,0.5869625155843197,130.77816012823092,19.257775182453933,188.00334380867173,44.323399609935485,-999,1,0,0,0,0,0,0,-999.0,-999.0,-999.0,-999.0,0,-999.0,-999.0,-999.0,-999.0,-999.0,0,-999.0,-999.0,-999.0,0,16416,-999.0,-999.0,-999.0,-999.0,0,-999.0,-999.0,-999.0,-999.0,-999.0,0,-999.0,-999.0,-999.0,0,16416,-999.0,-999.0,-999.0,-999.0,0,-999.0,-999.0,-999.0,-999.0,-999.0,0,-999.0,-999.0,-999.0,0,16416,-999.0,-999.0,-999.0,-999.0,0,-999.0,-999.0,-999.0,-999.0,-999.0,0,-999.0,-999.0,-999.0,0,16416,-999.0,-999.0,-999.0,-999.0,0,-999.0,-999.0,-999.0,-999.0,-999.0,0,-999.0,-999.0,-999.0,0,114720,0.031631893904246276
PSO J139.6039+35.9432,-999,-999,-999,151131396038602458,3578835000025346,214022515352321,0,16486947614098,15113,1,2038,90,0.991934692479609,3578835,49831,3,268959744,0,32,-999.0,-999.0,-999.0,-999.0,139.60387712,35.94320896,0.2105800062417984,0.2105800062417984,,,,,56331.38431713,-999.0,-0.6165763131056857,0.5246756344653931,0.5869830736191093,130.77785490163458,19.259213683608646,188.00133742114556,44.32370291766696,-999,0,1,0,1,0,0,0,-999.0,-999.0,-999.0,-999.0,0,-999.0,-999.0,-999.0,-999.0,-999.0,0,-999.0,-999.0,-999.0,0,0,0.6017749905586243,21.82080078125,0.21004100143909454,-999.0,1,21.82080078125,21.82080078125,22.0226993560791,0.2529120147228241,-999.0,1,21.992399215698242,0.21004100143909454,-999.0,1,4120,-999.0,-999.0,-999.0,-999.0,0,-999.0,-999.0,-999.0,-999.0,-999.0,0,-999.0,-999.0,-999.0,0,0,-999.0,-999.0,-999.0,-999.0,0,-999.0,-999.0,-999.0,-999.0,-999.0,0,-999.0,-999.0,-999.0,0,0,-999.0,-999.0,-999.0,-999.0,0,-999.0,-999.0,-999.0,-999.0,-999.0,0,-999.0,-999.0,-999.0,0,0,0.03309547496116043
PSO J139.6043+35.9461,-999,-999,-999,151131396042675892,3578835000025450,214022515352425,0,16486947611127,15113,1,2038,90,0.885490406197952,3578835,49831,3,268959744,0,32,-999.0,-999.0,-999.0,-999.0,139.60428195,35.94607098,0.34442999958992004,0.34442999958992004,,,,,56614.5921412,-999.0,-0.6165576891558696,0.5246522755898044,0.587023513720885,130.7772108328619,19.26202951167907,187.9973856398813,44.32425613337647,-999,0,1,0,0,0,0,1,-999.0,-999.0,-999.0,-999.0,0,-999.0,-999.0,-999.0,-999.0,-999.0,0,-999.0,-999.0,-999.0,0,0,-999.0,-999.0,-999.0,-999.0,0,-999.0,-999.0,-999.0,-999.0,-999.0,0,-999.0,-999.0,-999.0,0,0,-999.0,-999.0,-999.0,-999.0,0,-999.0,-999.0,-999.0,-999.0,-999.0,0,-999.0,-999.0,-999.0,0,0,-999.0,-999.0,-999.0,-999.0,0,-999.0,-999.0,-999.0,-999.0,-999.0,0,-999.0,-999.0,-999.0,0,0,0.7351089715957642,21.433500289916992,0.344105988740921,-999.0,1,21.433500289916992,21.433500289916992,-999.0,-999.0,-999.0,0,23.75,0.344105988740921,-999.0,1,4120,0.03596719252147743
PSO J139.6043+35.9432,-999,-999,-999,151131396042952429,3578835000025456,214022515352431,0,16486947613987,15113,1,2038,90,0.064840628825911,3578835,49831,3,268959744,0,32,-999.0,-999.0,-999.0,-999.0,139.60432156,35.94319174,0.21108999848365784,0.21108999848365784,,,,,55259.44527778,-999.0,-0.6165805173208051,0.5246709660313924,0.5869828302975256,130.7782217463756,19.259312839989292,188.00140123229906,44.32406024352248,-999,0,1,0,0,1,0,0,-999.0,-999.0,-999.0,-999.0,0,-999.0,-999.0,-999.0,-999.0,-999.0,0,-999.0,-999.0,-999.0,0,0,-999.0,-999.0,-999.0,-999.0,0,-999.0,-999.0,-999.0,-999.0,-999.0,0,-999.0,-999.0,-999.0,0,0,0.5100499987602234,20.778799057006836,0.21055899560451508,-999.0,1,20.778799057006836,20.778799057006836,-999.0,-999.0,-999.0,0,21.675100326538086,0.21055899560451508,-999.0,1,4120,-999.0,-999.0,-999.0,-999.0,0,-999.0,-999.0,-999.0,-999.0,-999.0,0,-999.0,-999.0,-999.0,0,0,-999.0,-999.0,-999.0,-999.0,0,-999.0,-999.0,-999.0,-999.0,-999.0,0,-999.0,-999.0,-999.0,0,0,0.033150745404508034
PSO J139.6046+35.9436,-999,-999,-999,151131396046012882,3578835000025548,214022515352523,0,16486947614000,15113,1,2038,90,0.784613656610822,3578835,49831,3,268959744,0,32,-999.0,-999.0,-999.0,-999.0,139.60461839,35.94357902,0.21062999963760376,0.21062999963760376,,,,,55259.45824074,-999.0,-0.6165802137544287,0.5246652004811513,0.5869883026182177,130.77833119601723,19.25975675456212,188.00088817194293,44.32433045834137,-999,0,1,0,0,1,0,0,-999.0,-999.0,-999.0,-999.0,0,-999.0,-999.0,-999.0,-999.0,-999.0,0,-999.0,-999.0,-999.0,0,0,-999.0,-999.0,-999.0,-999.0,0,-999.0,-999.0,-999.0,-999.0,-999.0,0,-999.0,-999.0,-999.0,0,0,0.5199189782142639,20.338899612426758,0.21009500324726105,-999.0,1,20.338899612426758,20.338899612426758,-999.0,-999.0,-999.0,0,21.13010025024414,0.21009500324726105,-999.0,1,4112,-999.0,-999.0,-999.0,-999.0,0,-999.0,-999.0,-999.0,-999.0,-999.0,0,-999.0,-999.0,-999.0,0,0,-999.0,-999.0,-999.0,-999.0,0,-999.0,-999.0,-999.0,-999.0,-999.0,0,-999.0,-999.0,-999.0,0,0,0.03357954455009787
PSO J139.6052+35.9473,-999,-999,-999,151131396051517321,3578835000025680,214022515352655,0,16486947578458,15113,1,2038,90,0.132393010083952,3578835,49831,3,268959744,0,32,-999.0,-999.0,-999.0,-999.0,139.60515104,35.94726407,-999.0,-999.0,,,,,-999.0,-999.0,-0.6165563375292141,0.5246350015233787,0.5870403715496287,130.77751114250103,19.263385285735648,187.99580091669046,44.32505188556378,-999,0,1,0,0,0,1,0,-999.0,-999.0,-999.0,-999.0,0,-999.0,-999.0,-999.0,-999.0,-999.0,0,-999.0,-999.0,-999.0,0,0,-999.0,-999.0,-999.0,-999.0,0,-999.0,-999.0,-999.0,-999.0,-999.0,0,-999.0,-999.0,-999.0,0,0,-999.0,-999.0,-999.0,-999.0,0,-999.0,-999.0,-999.0,-999.0,-999.0,0,-999.0,-999.0,-999.0,0,0,-999.0,-999.0,-999.0,-999.0,0,-999.0,-999.0,-999.0,-999.0,-999.0,0,-999.0,-999.0,-999.0,0,24,-999.0,-999.0,-999.0,-999.0,0,-999.0,-999.0,-999.0,-999.0,-999.0,0,-999.0,-999.0,-999.0,0,0,0.037274550165619924
PSO J139.6053+35.9473,-999,-999,-999,151131396052937353,3578835000025713,214022515352688,0,16486947578724,15113,1,2038,90,0.0730533013800655,3578835,49831,3,276901888,0,33,-999.0,-999.0,-999.0,-999.0,139.60531782,35.94729584,0.04794999957084656,0.04794999957084656,,,,,55250.24621528,-999.0,-0.6165576167587181,0.5246329958661823,0.5870408204420576,130.7776358033163,19.263458704468317,187.99577157218258,44.32518899318963,-999,0,1,0,0,0,1,0,-999.0,-999.0,-999.0,-999.0,0,-999.0,-999.0,-999.0,-999.0,-999.0,0,-999.0,-999.0,-999.0,0,0,-999.0,-999.0,-999.0,-999.0,0,-999.0,-999.0,-999.0,-999.0,-999.0,0,-999.0,-999.0,-999.0,0,0,-999.0,-999.0,-999.0,-999.0,0,-999.0,-999.0,-999.0,-999.0,-999.0,0,-999.0,-999.0,-999.0,0,0,0.9985309839248657,18.906200408935547,0.045542001724243164,-999.0,1,18.906200408935547,18.906200408935547,18.686399459838867,0.06044900044798851,-999.0,1,18.547100067138672,0.045542001724243164,-999.0,1,16777240,-999.0,-999.0,-999.0,-999.0,0,-999.0,-999.0,-999.0,-999.0,-999.0,0,-999.0,-999.0,-999.0,0,0,0.037333024525078674
PSO J139.6058+35.9426,-999,-999,-999,151131396058101787,3578835000025845,214022515352820,0,16486947561016,15113,1,2038,90,0.174855756736226,3578835,49831,3,268513280,0,32,-999.0,-999.0,-999.0,-999.0,139.60582761,35.94264889,0.01573999971151352,0.01573999971151352,,,,,55918.63284722,-999.0,-0.6165985439060325,0.5246583626907424,0.5869751597057832,130.77962955044111,19.259189979834755,188.0022925841037,44.32523274671487,-999,0,1,0,1,0,0,0,-999.0,-999.0,-999.0,-999.0,0,-999.0,-999.0,-999.0,-999.0,-999.0,0,-999.0,-999.0,-999.0,0,0,0.9994270205497742,17.655099868774414,0.004763000179082155,-999.0,1,17.655099868774414,17.655099868774414,17.840499877929688,0.008511999621987343,-999.0,1,17.69569969177246,0.004763000179082155,-999.0,1,24,-999.0,-999.0,-999.0,-999.0,0,-999.0,-999.0,-999.0,-999.0,-999.0,0,-999.0,-999.0,-999.0,0,0,-999.0,-999.0,-999.0,-999.0,0,-999.0,-999.0,-999.0,-999.0,-999.0,0,-999.0,-999.0,-999.0,0,0,-999.0,-999.0,-999.0,-999.0,0,-999.0,-999.0,-999.0,-999.0,-999.0,0,-999.0,-999.0,-999.0,0,0,0.03289628744918049
PSO J139.6061+35.9433,-999,-999,-999,151131396061332620,3578835000025938,214022515352913,0,16486947557695,15113,1,2038,90,0.372915552345026,3578835,49831,3,310456320,0,37,-999.0,-999.0,-999.0,-999.0,139.60614585,35.94334516,0.11124999821186066,0.11124999821186066,,,,,57035.57056713,-999.0,-0.616596025399226,0.524650315364844,0.5869849981468409,130.77965135142367,19.25993210556297,188.0013508611796,44.32554469583822,-999,0,1,0,0,1,0,0,-999.0,-999.0,-999.0,-999.0,0,-999.0,-999.0,-999.0,-999.0,-999.0,0,-999.0,-999.0,-999.0,0,0,-999.0,-999.0,-999.0,-999.0,0,-999.0,-999.0,-999.0,-999.0,-999.0,0,-999.0,-999.0,-999.0,0,0,0.021402999758720398,21.091999053955078,0.11023399978876114,-999.0,1,21.091999053955078,21.091999053955078,20.549999237060547,0.12162899971008301,-999.0,1,20.52549934387207,0.11023399978876114,-999.0,1,16777752,-999.0,-999.0,-999.0,-999.0,0,-999.0,-999.0,-999.0,-999.0,-999.0,0,-999.0,-999.0,-999.0,0,0,-999.0,-999.0,-999.0,-999.0,0,-999.0,-999.0,-999.0,-999.0,-999.0,0,-999.0,-999.0,-999.0,0,0,0.03363450828256974
PSO J139.6062+35.9452,-999,-999,-999,151131396062514771,3578835000187124,214022515515722,0,16486947611519,15113,1,2038,90,0.842495048271953,3578835,49831,3,1075314688,0,128,139.60622053,35.94517969,0.0010000000474974513,0.0010000000474974513,139.60622053,35.94517969,0.0010000000474974513,0.0010000000474974513,,,,,55636.66233796,-999.0,-0.6165823949163399,0.5246373319259422,0.5870109200252236,130.7790883779338,19.261689007329732,187.99880117594586,44.32575012710403,-999,1,0,0,0,0,0,0,-999.0,-999.0,-999.0,-999.0,0,-999.0,-999.0,-999.0,-999.0,-999.0,0,-999.0,-999.0,-999.0,0,32,-999.0,-999.0,-999.0,-999.0,0,-999.0,-999.0,-999.0,-999.0,-999.0,0,-999.0,-999.0,-999.0,0,32,-999.0,-999.0,-999.0,-999.0,0,-999.0,-999.0,-999.0,-999.0,-999.0,0,-999.0,-999.0,-999.0,0,32,-999.0,-999.0,-999.0,-999.0,0,-999.0,-999.0,-999.0,-999.0,-999.0,0,-999.0,-999.0,-999.0,0,32,-999.0,-999.0,-999.0,-999.0,0,-999.0,-999.0,-999.0,-999.0,-999.0,0,-999.0,-999.0,-999.0,0,32800,0.03542943326330722
PSO J139.6065+35.9457,-999,-999,-999,151131396064945471,3578835000026046,214022515353021,0,16486947610786,15113,1,2038,90,0.829515662816833,3578835,49831,3,268959744,0,32,-999.0,-999.0,-999.0,-999.0,139.60650532,35.94572111,0.27790001034736633,0.27790001034736633,,,,,57035.5824537,-999.0,-0.6165807779452057,0.5246306725201808,0.5870185701658065,130.77913563756488,19.26227578050283,187.99807221090433,44.32602279294422,-999,0,1,0,0,1,0,0,-999.0,-999.0,-999.0,-999.0,0,-999.0,-999.0,-999.0,-999.0,-999.0,0,-999.0,-999.0,-999.0,0,0,-999.0,-999.0,-999.0,-999.0,0,-999.0,-999.0,-999.0,-999.0,-999.0,0,-999.0,-999.0,-999.0,0,0,0.8228380084037781,22.20509910583496,0.27749401330947876,-999.0,1,22.20509910583496,22.20509910583496,-999.0,-999.0,-999.0,0,23.52239990234375,0.27749401330947876,-999.0,1,4120,-999.0,-999.0,-999.0,-999.0,0,-999.0,-999.0,-999.0,-999.0,-999.0,0,-999.0,-999.0,-999.0,0,0,-999.0,-999.0,-999.0,-999.0,0,-999.0,-999.0,-999.0,-999.0,-999.0,0,-999.0,-999.0,-999.0,0,0,0.03601009393959639
PSO J139.6065+35.9486,-999,-999,-999,151131396065088919,3578835000026055,214022515353030,0,16486947578248,15113,1,2038,90,0.677234586958992,3578835,49831,3,268959744,0,32,-999.0,-999.0,-999.0,-999.0,139.60651995,35.94859443,0.25429001450538635,0.25429001450538635,,,,,57035.5824537,-999.0,-0.6165584905411627,0.524611437403892,0.5870591686419906,130.77817072411588,19.26500092092929,187.99406956867415,44.326261807192644,-999,0,1,0,0,1,0,0,-999.0,-999.0,-999.0,-999.0,0,-999.0,-999.0,-999.0,-999.0,-999.0,0,-999.0,-999.0,-999.0,0,0,-999.0,-999.0,-999.0,-999.0,0,-999.0,-999.0,-999.0,-999.0,-999.0,0,-999.0,-999.0,-999.0,0,0,0.7350000143051147,21.992399215698242,0.2538450062274933,-999.0,1,21.992399215698242,21.992399215698242,-999.0,-999.0,-999.0,0,21.995800018310547,0.2538450062274933,-999.0,1,4120,-999.0,-999.0,-999.0,-999.0,0,-999.0,-999.0,-999.0,-999.0,-999.0,0,-999.0,-999.0,-999.0,0,0,-999.0,-999.0,-999.0,-999.0,0,-999.0,-999.0,-999.0,-999.0,-999.0,0,-999.0,-999.0,-999.0,0,0,0.03880915015783434
PSO J139.6066+35.9436,-999,-999,-999,151131396065152918,3578835000026050,214022515353025,0,16486947557875,15113,1,2038,90,0.617943300509773,3578835,49831,3,268959744,0,32,-999.0,-999.0,-999.0,-999.0,139.60657824,35.94356973,0.0982000008225441,0.0982000008225441,,,,,57035.5874537,-999.0,-0.6165982324915951,0.5246441712093793,0.5869881713495293,130.77992621432676,19.260257136862336,188.00107665388273,44.3259114316386,-999,0,2,0,0,2,0,0,-999.0,-999.0,-999.0,-999.0,0,-999.0,-999.0,-999.0,-999.0,-999.0,0,-999.0,-999.0,-999.0,0,0,-999.0,-999.0,-999.0,-999.0,0,-999.0,-999.0,-999.0,-999.0,-999.0,0,-999.0,-999.0,-999.0,0,0,0.013104000128805637,21.359500885009766,0.0010639999527484179,0.00152299995534122,2,21.358299255371094,21.36039924621582,-999.0,-999.0,-999.0,0,21.0856990814209,0.0003169999981764704,0.0004529999860096723,2,4120,-999.0,-999.0,-999.0,-999.0,0,-999.0,-999.0,-999.0,-999.0,-999.0,0,-999.0,-999.0,-999.0,0,0,-999.0,-999.0,-999.0,-999.0,0,-999.0,-999.0,-999.0,-999.0,-999.0,0,-999.0,-999.0,-999.0,0,0,0.03393969190298054
PSO J139.6065+35.9474,-999,-999,-999,151131396065617471,3578835000187125,214022515515723,0,16486947578054,15113,1,2038,90,0.180017718281613,3578835,49831,3,1075314688,0,128,139.6065193,35.94740645,0.0010000000474974513,0.0010000000474974513,139.6065193,35.94740645,0.0010000000474974513,0.0010000000474974513,,,,,55551.78472222,-999.0,-0.616567754936168,0.5246193322631916,0.5870423832984263,130.7785740585124,19.263875609348574,187.99572495630346,44.32616736026776,-999,1,0,0,0,0,0,0,-999.0,-999.0,-999.0,-999.0,0,-999.0,-999.0,-999.0,-999.0,-999.0,0,-999.0,-999.0,-999.0,0,32,-999.0,-999.0,-999.0,-999.0,0,-999.0,-999.0,-999.0,-999.0,-999.0,0,-999.0,-999.0,-999.0,0,32,-999.0,-999.0,-999.0,-999.0,0,-999.0,-999.0,-999.0,-999.0,-999.0,0,-999.0,-999.0,-999.0,0,32,-999.0,-999.0,-999.0,-999.0,0,-999.0,-999.0,-999.0,-999.0,-999.0,0,-999.0,-999.0,-999.0,0,32,-999.0,-999.0,-999.0,-999.0,0,-999.0,-999.0,-999.0,-999.0,-999.0,0,-999.0,-999.0,-999.0,0,32800,0.03765151577323876
PSO J139.6066+35.9447,-999,-999,-999,151131396065654184,3578835000026070,214022515353045,0,16486947611213,15113,1,2038,90,0.559589907116806,3578835,49831,3,268959744,0,32,-999.0,-999.0,-999.0,-999.0,139.60657956,35.94465248,0.2386299967765808,0.2386299967765808,,,,,57035.59429398,-999.0,-0.616589796172779,0.524636968519818,0.5870034706183146,130.779559213982,19.261282961110663,187.9995679784497,44.32599817052359,-999,0,1,0,0,1,0,0,-999.0,-999.0,-999.0,-999.0,0,-999.0,-999.0,-999.0,-999.0,-999.0,0,-999.0,-999.0,-999.0,0,0,-999.0,-999.0,-999.0,-999.0,0,-999.0,-999.0,-999.0,-999.0,-999.0,0,-999.0,-999.0,-999.0,0,0,0.8177559971809387,21.96179962158203,0.23815999925136566,-999.0,1,21.96179962158203,21.96179962158203,-999.0,-999.0,-999.0,0,21.79319953918457,0.23815999925136566,-999.0,1,4120,-999.0,-999.0,-999.0,-999.0,0,-999.0,-999.0,-999.0,-999.0,-999.0,0,-999.0,-999.0,-999.0,0,0,-999.0,-999.0,-999.0,-999.0,0,-999.0,-999.0,-999.0,-999.0,-999.0,0,-999.0,-999.0,-999.0,0,0,0.0349880496897392
PSO J139.6067+35.9433,-999,-999,-999,151131396066522572,3578835000026086,214022515353061,0,16486947557869,15113,1,2038,90,0.846525503179548,3578835,49831,3,276901888,0,33,-999.0,-999.0,-999.0,-999.0,139.60666952,35.94330249,0.015939999371767044,0.015939999371767044,,,,,55918.63284722,-999.0,-0.6166011534910438,0.5246449630841823,0.5869843952132895,130.7800912008015,19.260027747122344,188.00145722284685,44.32596395131919,-999,0,1,0,1,0,0,0,-999.0,-999.0,-999.0,-999.0,0,-999.0,-999.0,-999.0,-999.0,-999.0,0,-999.0,-999.0,-999.0,0,0,0.9991859793663025,17.849199295043945,0.005396000109612942,-999.0,1,17.849199295043945,17.849199295043945,-999.0,-999.0,-999.0,0,17.617900848388672,0.005396000109612942,-999.0,1,16777240,-999.0,-999.0,-999.0,-999.0,0,-999.0,-999.0,-999.0,-999.0,-999.0,0,-999.0,-999.0,-999.0,0,0,-999.0,-999.0,-999.0,-999.0,0,-999.0,-999.0,-999.0,-999.0,-999.0,0,-999.0,-999.0,-999.0,0,0,-999.0,-999.0,-999.0,-999.0,0,-999.0,-999.0,-999.0,-999.0,-999.0,0,-999.0,-999.0,-999.0,0,0,0.03370039469398886
PSO J139.6074+35.9428,-999,-999,-999,151131396073662008,3578835000026282,214022515353257,0,16486947561147,15113,1,2038,90,0.885408313838214,3578835,49831,3,268959744,0,32,-999.0,-999.0,-999.0,-999.0,139.6073873,35.94283428,0.23420000076293945,0.23420000076293945,,,,,56759.28498843,-999.0,-0.616611379265917,0.5246403468583096,0.5869777793138136,130.780833373124,19.25977079034947,188.00217395485748,44.32650618994124,-999,0,1,0,0,1,0,0,-999.0,-999.0,-999.0,-999.0,0,-999.0,-999.0,-999.0,-999.0,-999.0,0,-999.0,-999.0,-999.0,0,0,-999.0,-999.0,-999.0,-999.0,0,-999.0,-999.0,-999.0,-999.0,-999.0,0,-999.0,-999.0,-999.0,0,0,0.5912010073661804,20.231300354003906,0.23372100293636322,-999.0,1,20.231300354003906,20.231300354003906,-999.0,-999.0,-999.0,0,-999.0,-999.0,-999.0,0,4112,-999.0,-999.0,-999.0,-999.0,0,-999.0,-999.0,-999.0,-999.0,-999.0,0,-999.0,-999.0,-999.0,0,0,-999.0,-999.0,-999.0,-999.0,0,-999.0,-999.0,-999.0,-999.0,-999.0,0,-999.0,-999.0,-999.0,0,0,0.033405523135043205
PSO J139.6075+35.9446,-999,-999,-999,151131396074634134,3578835000026314,214022515353289,0,16486947558325,15113,1,2038,90,0.598524115605768,3578835,49831,3,302067712,0,36,-999.0,-999.0,-999.0,-999.0,139.60745196,35.94462182,0.18564000725746155,0.18564000725746155,,,,,55250.29849537,-999.0,-0.6165980235940278,0.5246277836608448,0.5870030373950791,130.780278225281,19.261480581261242,187.9996888107252,44.32669981276856,-999,0,1,0,0,1,0,0,-999.0,-999.0,-999.0,-999.0,0,-999.0,-999.0,-999.0,-999.0,-999.0,0,-999.0,-999.0,-999.0,0,0,-999.0,-999.0,-999.0,-999.0,0,-999.0,-999.0,-999.0,-999.0,-999.0,0,-999.0,-999.0,-999.0,0,0,0.9974210262298584,21.288999557495117,0.185030996799469,-999.0,1,21.288999557495117,21.288999557495117,-999.0,-999.0,-999.0,1,21.19879913330078,0.185030996799469,-999.0,1,272,-999.0,-999.0,-999.0,-999.0,0,-999.0,-999.0,-999.0,-999.0,-999.0,0,-999.0,-999.0,-999.0,0,0,-999.0,-999.0,-999.0,-999.0,0,-999.0,-999.0,-999.0,-999.0,-999.0,0,-999.0,-999.0,-999.0,0,0,0.03513976390068974
PSO J139.6080+35.9433,-999,-999,-999,151131396080172532,3578835000026503,214022515353478,0,16486947558159,15113,1,2038,90,0.779610465075458,3578835,49831,3,268513280,0,32,-999.0,-999.0,-999.0,-999.0,139.60803439,35.94326962,0.015180000104010105,0.015180000104010105,,,,,55918.63284722,-999.0,-0.6166139076093328,0.5246304928024688,0.5869839307549978,130.78121097284395,19.26035122816071,188.0016252596958,44.32706288163035,-999,0,1,0,1,0,0,0,-999.0,-999.0,-999.0,-999.0,0,-999.0,-999.0,-999.0,-999.0,-999.0,0,-999.0,-999.0,-999.0,0,0,0.9996730089187622,16.847200393676758,0.002266000024974346,-999.0,1,16.847200393676758,16.847200393676758,17.36370086669922,0.006167999934405088,-999.0,1,17.2189998626709,0.002266000024974346,-999.0,1,24,-999.0,-999.0,-999.0,-999.0,0,-999.0,-999.0,-999.0,-999.0,-999.0,0,-999.0,-999.0,-999.0,0,0,-999.0,-999.0,-999.0,-999.0,0,-999.0,-999.0,-999.0,-999.0,-999.0,0,-999.0,-999.0,-999.0,0,0,-999.0,-999.0,-999.0,-999.0,0,-999.0,-999.0,-999.0,-999.0,-999.0,0,-999.0,-999.0,-999.0,0,0,0.03397169512511975
PSO J139.6083+35.9437,-999,-999,-999,151131396083293018,3578835000026627,214022515353602,0,16486947558172,15113,1,2038,90,0.859972841907267,3578835,49831,3,268513280,0,32,-999.0,-999.0,-999.0,-999.0,139.60834749,35.94367163,0.019050000235438347,0.019050000235438347,,,,,55249.31355324,-999.0,-0.616613637700079,0.5246244543841677,0.5869896112065272,130.78132862072076,19.26081332290245,188.00109309002323,44.327347379466474,-999,0,1,0,1,0,0,0,-999.0,-999.0,-999.0,-999.0,0,-999.0,-999.0,-999.0,-999.0,-999.0,0,-999.0,-999.0,-999.0,0,0,0.9982669949531555,18.719499588012695,0.011737000197172165,-999.0,1,18.719499588012695,18.719499588012695,19.354000091552734,0.03037099912762642,-999.0,1,19.26219940185547,0.011737000197172165,-999.0,1,24,-999.0,-999.0,-999.0,-999.0,0,-999.0,-999.0,-999.0,-999.0,-999.0,0,-999.0,-999.0,-999.0,0,0,-999.0,-999.0,-999.0,-999.0,0,-999.0,-999.0,-999.0,-999.0,-999.0,0,-999.0,-999.0,-999.0,0,0,-999.0,-999.0,-999.0,-999.0,0,-999.0,-999.0,-999.0,-999.0,-999.0,0,-999.0,-999.0,-999.0,0,0,0.034430079755142125
PSO J139.6085+35.9470,-999,-999,-999,151131396085326976,3578835000187143,214022515515741,0,16486947536907,15113,1,2038,90,0.13824314264417,3578835,49831,3,1343750144,0,160,139.60853417,35.94698041,0.0010000000474974513,0.0010000000474974513,139.60853417,35.94698041,0.0010000000474974513,0.0010000000474974513,,,,,55677.96204861,-999.0,-0.6165895279971269,0.5246004782639999,0.5870363635836054,130.78035539905989,19.263995584002284,187.9964989309658,44.327759723898474,-999,1,0,0,0,0,0,0,-999.0,-999.0,-999.0,-999.0,0,-999.0,-999.0,-999.0,-999.0,-999.0,0,-999.0,-999.0,-999.0,0,16416,-999.0,-999.0,-999.0,-999.0,0,-999.0,-999.0,-999.0,-999.0,-999.0,0,-999.0,-999.0,-999.0,0,16416,-999.0,-999.0,-999.0,-999.0,0,-999.0,-999.0,-999.0,-999.0,-999.0,0,-999.0,-999.0,-999.0,0,16416,-999.0,-999.0,-999.0,-999.0,0,-999.0,-999.0,-999.0,-999.0,-999.0,0,-999.0,-999.0,-999.0,0,16416,-999.0,-999.0,-999.0,-999.0,0,-999.0,-999.0,-999.0,-999.0,-999.0,0,-999.0,-999.0,-999.0,0,114720,0.03764711304720416
PSO J139.6087+35.9463,-999,-999,-999,151131396087086215,3578835000026763,214022515353738,0,16486947528762,15113,1,2038,90,0.388499069389421,3578835,49831,3,268959744,0,32,-999.0,-999.0,-999.0,-999.0,139.60872396,35.94634354,0.24755999445915222,0.24755999445915222,,,,,57033.56925926,-999.0,-0.616596235499997,0.5246026641491737,0.5870273648943647,130.78072606297178,19.26344171262331,187.99740341264027,44.32786253655134,-999,0,1,0,0,1,0,0,-999.0,-999.0,-999.0,-999.0,0,-999.0,-999.0,-999.0,-999.0,-999.0,0,-999.0,-999.0,-999.0,0,0,-999.0,-999.0,-999.0,-999.0,0,-999.0,-999.0,-999.0,-999.0,-999.0,0,-999.0,-999.0,-999.0,0,0,0.6882539987564087,21.699800491333008,0.2471040040254593,-999.0,1,21.699800491333008,21.699800491333008,-999.0,-999.0,-999.0,0,21.9960994720459,0.2471040040254593,-999.0,1,4120,-999.0,-999.0,-999.0,-999.0,0,-999.0,-999.0,-999.0,-999.0,-999.0,0,-999.0,-999.0,-999.0,0,0,-999.0,-999.0,-999.0,-999.0,0,-999.0,-999.0,-999.0,-999.0,-999.0,0,-999.0,-999.0,-999.0,0,0,0.037077372626571646
PSO J139.6091+35.9425,-999,-999,-999,151131396090961601,3578835000026878,214022515353853,0,16486947560932,15113,1,2038,90,0.343527417949892,3578835,49831,3,268959744,0,32,-999.0,-999.0,-999.0,-999.0,139.60911621,35.94249593,0.2683500051498413,0.2683500051498413,,,,,57049.45013889,-999.0,-0.6166298501590758,0.5246239864090371,0.5869729983373053,130.7823526852258,19.259899540761403,188.00280029162937,44.32787475864971,-999,0,1,0,0,1,0,0,-999.0,-999.0,-999.0,-999.0,0,-999.0,-999.0,-999.0,-999.0,-999.0,0,-999.0,-999.0,-999.0,0,0,-999.0,-999.0,-999.0,-999.0,0,-999.0,-999.0,-999.0,-999.0,-999.0,0,-999.0,-999.0,-999.0,0,0,0.5435140132904053,22.318599700927734,0.2679330110549927,-999.0,1,22.318599700927734,22.318599700927734,-999.0,-999.0,-999.0,0,22.63159942626953,0.2679330110549927,-999.0,1,4120,-999.0,-999.0,-999.0,-999.0,0,-999.0,-999.0,-999.0,-999.0,-999.0,0,-999.0,-999.0,-999.0,0,0,-999.0,-999.0,-999.0,-999.0,0,-999.0,-999.0,-999.0,-999.0,-999.0,0,-999.0,-999.0,-999.0,0,0,0.03350132153801888
PSO J139.6092+35.9452,-999,-999,-999,151131396091474945,3578835000026891,214022515353866,0,16486947528820,15113,1,2038,90,0.347806698035269,3578835,49831,3,310456320,0,37,-999.0,-999.0,-999.0,-999.0,139.60922942,35.94523075,0.14902999997138977,0.14902999997138977,,,,,55903.57219907,-999.0,-0.6166095469816265,0.5246046123721579,0.5870116414935663,130.78151491643231,19.262519113011724,187.99899936148995,44.328182467257015,-999,0,1,0,0,0,0,1,-999.0,-999.0,-999.0,-999.0,0,-999.0,-999.0,-999.0,-999.0,-999.0,0,-999.0,-999.0,-999.0,0,0,-999.0,-999.0,-999.0,-999.0,0,-999.0,-999.0,-999.0,-999.0,-999.0,0,-999.0,-999.0,-999.0,0,0,-999.0,-999.0,-999.0,-999.0,0,-999.0,-999.0,-999.0,-999.0,-999.0,0,-999.0,-999.0,-999.0,0,0,-999.0,-999.0,-999.0,-999.0,0,-999.0,-999.0,-999.0,-999.0,-999.0,0,-999.0,-999.0,-999.0,0,0,0.0,19.134599685668945,0.14827600121498108,-999.0,1,19.134599685668945,19.134599685668945,17.0935001373291,0.06686200201511383,-999.0,1,18.100200653076172,0.14827600121498108,-999.0,1,16777752,0.036130640330911595
PSO J139.6092+35.9481,-999,-999,-999,151131396091948272,3578835000026906,214022515353881,0,16486947508340,15113,1,2038,90,0.915933461781529,3578835,49831,3,268513280,0,32,-999.0,-999.0,-999.0,-999.0,139.60920681,35.94805363,0.02078000083565712,0.02078000083565712,,,,,57035.57056713,-999.0,-0.61658731159123,0.5245861141871074,0.5870515275397642,130.780536862295,19.26518679329355,187.99506352623558,44.328387394221714,-999,0,1,0,0,1,0,0,-999.0,-999.0,-999.0,-999.0,0,-999.0,-999.0,-999.0,-999.0,-999.0,0,-999.0,-999.0,-999.0,0,0,-999.0,-999.0,-999.0,-999.0,0,-999.0,-999.0,-999.0,-999.0,-999.0,0,-999.0,-999.0,-999.0,0,0,0.9691290259361267,18.764999389648438,0.014374000020325184,-999.0,1,18.764999389648438,18.764999389648438,19.68440055847168,0.044769998639822006,-999.0,1,19.572999954223633,0.014374000020325184,-999.0,1,24,-999.0,-999.0,-999.0,-999.0,0,-999.0,-999.0,-999.0,-999.0,-999.0,0,-999.0,-999.0,-999.0,0,0,-999.0,-999.0,-999.0,-999.0,0,-999.0,-999.0,-999.0,-999.0,-999.0,0,-999.0,-999.0,-999.0,0,0,0.038828634028637066
PSO J139.6093+35.9418,-999,-999,-999,151131396093060784,3578835000026929,214022515353904,0,16486947560883,15113,1,2038,90,0.445729874489577,3578835,49831,3,268959744,0,32,-999.0,-999.0,-999.0,-999.0,139.60932394,35.94181604,0.2561100125312805,0.2561100125312805,,,,,57049.43763889,-999.0,-0.616637057181816,0.5246262641596963,0.5869633912468394,130.78275254171575,19.25930958706337,188.00376634271495,44.327988608456224,-999,0,1,0,0,1,0,0,-999.0,-999.0,-999.0,-999.0,0,-999.0,-999.0,-999.0,-999.0,-999.0,0,-999.0,-999.0,-999.0,0,0,-999.0,-999.0,-999.0,-999.0,0,-999.0,-999.0,-999.0,-999.0,-999.0,0,-999.0,-999.0,-999.0,0,0,0.601410984992981,22.13050079345703,0.2556670010089874,-999.0,1,22.13050079345703,22.13050079345703,-999.0,-999.0,-999.0,0,23.4768009185791,0.2556670010089874,-999.0,1,4120,-999.0,-999.0,-999.0,-999.0,0,-999.0,-999.0,-999.0,-999.0,-999.0,0,-999.0,-999.0,-999.0,0,0,-999.0,-999.0,-999.0,-999.0,0,-999.0,-999.0,-999.0,-999.0,-999.0,0,-999.0,-999.0,-999.0,0,0,0.03291296235289708
PSO J139.6096+35.9440,-999,-999,-999,151131396096043406,3578835000026996,214022515353971,0,16486947557994,15113,1,2038,90,0.70955420817207,3578835,49831,3,268959744,0,32,-999.0,-999.0,-999.0,-999.0,139.60962382,35.94399996,0.2590399980545044,0.2590399980545044,,,,,57049.45013889,-999.0,-0.616622762196686,0.5246085388047095,0.5869942505290123,130.7822536807957,19.26145590171441,188.00074982238206,44.32840342236985,-999,0,1,0,0,1,0,0,-999.0,-999.0,-999.0,-999.0,0,-999.0,-999.0,-999.0,-999.0,-999.0,0,-999.0,-999.0,-999.0,0,0,-999.0,-999.0,-999.0,-999.0,0,-999.0,-999.0,-999.0,-999.0,-999.0,0,-999.0,-999.0,-999.0,0,0,0.675803005695343,22.349000930786133,0.2586030066013336,-999.0,1,22.349000930786133,22.349000930786133,-999.0,-999.0,-999.0,0,21.773000717163086,0.2586030066013336,-999.0,1,4120,-999.0,-999.0,-999.0,-999.0,0,-999.0,-999.0,-999.0,-999.0,-999.0,0,-999.0,-999.0,-999.0,0,0,-999.0,-999.0,-999.0,-999.0,0,-999.0,-999.0,-999.0,-999.0,-999.0,0,-999.0,-999.0,-999.0,0,0,0.03505793824907345
