objName,objAltName1,objAltName2,objAltName3,objID,uniquePspsOBid,ippObjID,surveyID,htmID,zoneID,tessID,projectionID,skyCellID,randomID,batchID,dvoRegionID,processingVersion,objInfoFlag,astrometryCorrectionFlag,qualityFlag,raStack,decStack,raStackErr,decStackErr,raMean,decMean,raMeanErr,decMeanErr,pmra,pmdec,pmraErr,pmdecErr,epochMean,posMeanChisq,cx,cy,cz,lambda,beta,l,b,nStackObjectRows,nStackDetections,nDetections,ng,nr,ni,nz,ny,gQfPerfect,gMeanPSFMag,gMeanPSFMagErr,gMeanPSFMagStd,gMeanPSFMagNpt,gMeanPSFMagMin,gMeanPSFMagMax,gMeanKronMag,gMeanKronMagErr,gMeanKronMagStd,gMeanKronMagNpt,gMeanApMag,gMeanApMagErr,gMeanApMagStd,gMeanApMagNpt,gFlags,rQfPerfect,rMeanPSFMag,rMeanPSFMagErr,rMeanPSFMagStd,rMeanPSFMagNpt,rMeanPSFMagMin,rMeanPSFMagMax,rMeanKronMag,rMeanKronMagErr,rMeanKronMagStd,rMeanKronMagNpt,rMeanApMag,rMeanApMagErr,rMeanApMagStd,rMeanApMagNpt,rFlags,iQfPerfect,iMeanPSFMag,iMeanPSFMagErr,iMeanPSFMagStd,iMeanPSFMagNpt,iMeanPSFMagMin,iMeanPSFMagMax,iMeanKronMag,iMeanKronMagErr,iMeanKronMagStd,iMeanKronMagNpt,iMeanApMag,iMeanApMagErr,iMeanApMagStd,iMeanApMagNpt,iFlags,zQfPerfect,zMeanPSFMag,zMeanPSFMagErr,zMeanPSFMagStd,zMeanPSFMagNpt,zMeanPSFMagMin,zMeanPSFMagMax,zMeanKronMag,zMeanKronMagErr,zMeanKronMagStd,zMeanKronMagNpt,zMeanApMag,zMeanApMagErr,zMeanApMagStd,zMeanApMagNpt,zFlags,yQfPerfect,yMeanPSFMag,yMeanPSFMagErr,yMeanPSFMagStd,yMeanPSFMagNpt,yMeanPSFMagMin,yMeanPSFMagMax,yMeanKronMag,yMeanKronMagErr,yMeanKronMagStd,yMeanKronMagNpt,yMeanApMag,yMeanApMagErr,yMeanApMagStd,yMeanApMagNpt,yFlags,distance
PSO J223.8655+05.5589,-999,-999,-999,114672238654651175,3496239000020660,65296387821747,0,15189953372585,11467,1,1467,31,0.0322618168147857,3496239,15203,3,277348352,0,33,-999.0,-999.0,-999.0,-999.0,223.86545744,5.55893241,0.07870999723672867,0.07870999723672867,,,,,55338.40309028,-999.0,-0.7175783661365699,-0.6897083314209606,0.09686953092322306,219.6298555357685,21.298465362380036,2.367838431903169,53.4564316416791,-999,0,1,0,1,0,0,0,-999.0,-999.0,-999.0,-999.0,0,-999.0,-999.0,-999.0,-999.0,-999.0,0,-999.0,-999.0,-999.0,0,0,0.7074220180511475,20.368499755859375,0.07726799696683884,-999.0,1,20.368499755859375,20.368499755859375,19.93670082092285,0.05345600098371506,-999.0,1,19.96809959411621,0.07726799696683884,-999.0,1,16781336,-999.0,-999.0,-999.0,-999.0,0,-999.0,-999.0,-999.0,-999.0,-999.0,0,-999.0,-999.0,-999.0,0,0,-999.0,-999.0,-999.0,-999.0,0,-999.0,-999.0,-999.0,-999.0,-999.0,0,-999.0,-999.0,-999.0,0,0,-999.0,-999.0,-999.0,-999.0,0,-999.0,-999.0,-999.0,-999.0,-999.0,0,-999.0,-999.0,-999.0,0,0,0.01879442165114909
PSO J223.8655+05.5626,-999,-999,-999,114672238654605522,3496239000116308,65296387919468,0,15189953406582,11467,1,1467,31,0.386821325297301,3496239,15203,3,1343750144,0,160,223.86546017,5.56256544,0.0010000000474974513,0.0010000000474974513,223.86546017,5.56256544,0.0010000000474974513,0.0010000000474974513,,,,,55973.32822917,-999.0,-0.7175739033976027,-0.6897041077872749,0.09693264085996481,219.6286580305937,21.30192283542513,2.372539468184029,53.45874768700817,-999,1,0,0,0,0,0,0,-999.0,-999.0,-999.0,-999.0,0,-999.0,-999.0,-999.0,-999.0,-999.0,0,-999.0,-999.0,-999.0,0,114720,-999.0,-999.0,-999.0,-999.0,0,-999.0,-999.0,-999.0,-999.0,-999.0,0,-999.0,-999.0,-999.0,0,16416,-999.0,-999.0,-999.0,-999.0,0,-999.0,-999.0,-999.0,-999.0,-999.0,0,-999.0,-999.0,-999.0,0,16416,-999.0,-999.0,-999.0,-999.0,0,-999.0,-999.0,-999.0,-999.0,-999.0,0,-999.0,-999.0,-999.0,0,16416,-999.0,-999.0,-999.0,-999.0,0,-999.0,-999.0,-999.0,-999.0,-999.0,0,-999.0,-999.0,-999.0,0,16416,0.017770557134854145
PSO J223.8650+05.5590,-999,-999,-999,114672238649521232,3496239000116302,65296387919462,0,15189953373117,11467,1,1467,31,0.253594612007583,3496239,15203,3,1343750144,0,160,223.86495702,5.55898731,0.0010000000474974513,0.0010000000474974513,223.86495702,5.55898731,0.0010000000474974513,0.0010000000474974513,,,,,56014.89693287,-999.0,-0.7175843230851395,-0.6897019997616979,0.09687048460267492,219.6293287755183,21.29836428742421,2.367375664582248,53.45685016133908,-999,1,0,0,0,0,0,0,-999.0,-999.0,-999.0,-999.0,0,-999.0,-999.0,-999.0,-999.0,-999.0,0,-999.0,-999.0,-999.0,0,114720,-999.0,-999.0,-999.0,-999.0,0,-999.0,-999.0,-999.0,-999.0,-999.0,0,-999.0,-999.0,-999.0,0,16416,-999.0,-999.0,-999.0,-999.0,0,-999.0,-999.0,-999.0,-999.0,-999.0,0,-999.0,-999.0,-999.0,0,16416,-999.0,-999.0,-999.0,-999.0,0,-999.0,-999.0,-999.0,-999.0,-999.0,0,-999.0,-999.0,-999.0,0,16416,-999.0,-999.0,-999.0,-999.0,0,-999.0,-999.0,-999.0,-999.0,-999.0,0,-999.0,-999.0,-999.0,0,16416,0.019238241873403707
PSO J223.8647+05.5655,-999,-999,-999,114672238648669166,3496239000020573,65296387821660,0,15189953411059,11467,1,1467,31,0.610387573587138,3496239,15203,3,268959744,0,32,-999.0,-999.0,-999.0,-999.0,223.86470237,5.56553098,0.2273699939250946,0.2273699939250946,,,,,55694.34011574,-999.0,-0.7175794072661552,-0.689691139469213,0.09698415543382258,219.62690799200243,21.30451221570881,2.375566551355044,53.46122055722133,-999,0,2,0,0,2,0,0,-999.0,-999.0,-999.0,-999.0,0,-999.0,-999.0,-999.0,-999.0,-999.0,0,-999.0,-999.0,-999.0,0,0,-999.0,-999.0,-999.0,-999.0,0,-999.0,-999.0,-999.0,-999.0,-999.0,0,-999.0,-999.0,-999.0,0,0,0.8397060036659241,21.060300827026367,0.2268739938735962,-999.0,1,21.060300827026367,21.060300827026367,-999.0,-999.0,-999.0,0,-999.0,-999.0,-999.0,0,4112,-999.0,-999.0,-999.0,-999.0,0,-999.0,-999.0,-999.0,-999.0,-999.0,0,-999.0,-999.0,-999.0,0,0,-999.0,-999.0,-999.0,-999.0,0,-999.0,-999.0,-999.0,-999.0,-999.0,0,-999.0,-999.0,-999.0,0,0,0.018214867296599796
PSO J223.8645+05.5602,-999,-999,-999,114672238644692729,3496239000116296,65296387919456,0,15189953372787,11467,1,1467,31,0.554080602297634,3496239,15203,3,1343750144,0,160,223.8644767,5.56023283,0.0010000000474974513,0.0010000000474974513,223.8644767,5.56023283,0.0010000000474974513,0.0010000000474974513,,,,,56014.89693287,-999.0,-0.717588586526342,-0.6896945247136995,0.0968921207687736,219.62842908929534,21.29940218055224,2.3684739613964942,53.45801300884557,-999,1,0,0,0,0,0,0,-999.0,-999.0,-999.0,-999.0,0,-999.0,-999.0,-999.0,-999.0,-999.0,0,-999.0,-999.0,-999.0,0,114720,-999.0,-999.0,-999.0,-999.0,0,-999.0,-999.0,-999.0,-999.0,-999.0,0,-999.0,-999.0,-999.0,0,16416,-999.0,-999.0,-999.0,-999.0,0,-999.0,-999.0,-999.0,-999.0,-999.0,0,-999.0,-999.0,-999.0,0,16416,-999.0,-999.0,-999.0,-999.0,0,-999.0,-999.0,-999.0,-999.0,-999.0,0,-999.0,-999.0,-999.0,0,16416,-999.0,-999.0,-999.0,-999.0,0,-999.0,-999.0,-999.0,-999.0,-999.0,0,-999.0,-999.0,-999.0,0,16416,0.01928390918918005
PSO J223.8642+05.5643,-999,-999,-999,114672238642387563,3496239000116291,65296387919451,0,15189953406393,11467,1,1467,31,0.517877731954565,3496239,15203,3,1343750144,0,160,223.86421489,5.56428263,0.0010000000474974513,0.0010000000474974513,223.86421489,5.56428263,0.0010000000474974513,0.0010000000474974513,,,,,55928.40103009,-999.0,-0.7175867985444478,-0.6896864982784354,0.09696247030248224,219.62682496773078,21.30317513059278,2.3734320663975668,53.46079767696992,-999,1,0,0,0,0,0,0,-999.0,-999.0,-999.0,-999.0,0,-999.0,-999.0,-999.0,-999.0,-999.0,0,-999.0,-999.0,-999.0,0,114720,-999.0,-999.0,-999.0,-999.0,0,-999.0,-999.0,-999.0,-999.0,-999.0,0,-999.0,-999.0,-999.0,0,16416,-999.0,-999.0,-999.0,-999.0,0,-999.0,-999.0,-999.0,-999.0,-999.0,0,-999.0,-999.0,-999.0,0,16416,-999.0,-999.0,-999.0,-999.0,0,-999.0,-999.0,-999.0,-999.0,-999.0,0,-999.0,-999.0,-999.0,0,16416,-999.0,-999.0,-999.0,-999.0,0,-999.0,-999.0,-999.0,-999.0,-999.0,0,-999.0,-999.0,-999.0,0,16416,0.01876536526954341
PSO J223.8642+05.5658,-999,-999,-999,114672238642089381,3496239000020481,65296387821568,0,15189953410869,11467,1,1467,31,0.59812604784791,3496239,15203,3,268959744,0,32,-999.0,-999.0,-999.0,-999.0,223.86419928,5.56577518,0.249549999833107,0.249549999833107,,,,,55694.35231481,-999.0,-0.7175851650952215,-0.6896845522398088,0.09698839743514646,219.6263159579443,21.30459042393185,2.3753458025826824,53.46176192562693,-999,0,1,0,1,0,0,0,-999.0,-999.0,-999.0,-999.0,0,-999.0,-999.0,-999.0,-999.0,-999.0,0,-999.0,-999.0,-999.0,0,0,0.7562670111656189,21.131500244140625,0.24910099804401398,-999.0,1,21.131500244140625,21.131500244140625,-999.0,-999.0,-999.0,0,-999.0,-999.0,-999.0,0,4112,-999.0,-999.0,-999.0,-999.0,0,-999.0,-999.0,-999.0,-999.0,-999.0,0,-999.0,-999.0,-999.0,0,0,-999.0,-999.0,-999.0,-999.0,0,-999.0,-999.0,-999.0,-999.0,-999.0,0,-999.0,-999.0,-999.0,0,0,-999.0,-999.0,-999.0,-999.0,0,-999.0,-999.0,-999.0,-999.0,-999.0,0,-999.0,-999.0,-999.0,0,0,0.01871242254601203
PSO J223.8635+05.5582,-999,-999,-999,114672238635410249,3496239000116278,65296387919438,0,15189951483947,11467,1,1467,31,0.767348045266558,3496239,15203,3,1343750144,0,160,223.86354165,5.55815885,0.0010000000474974513,0.0010000000474974513,223.86354165,5.55815885,0.0010000000474974513,0.0010000000474974513,,,,,56016.57618056,-999.0,-0.7176023702904215,-0.6896852436842527,0.09685609324023846,219.628163915363,21.297142431400417,2.3647946680170233,53.457406134754166,-999,1,0,0,0,0,0,0,-999.0,-999.0,-999.0,-999.0,0,-999.0,-999.0,-999.0,-999.0,-999.0,0,-999.0,-999.0,-999.0,0,114720,-999.0,-999.0,-999.0,-999.0,0,-999.0,-999.0,-999.0,-999.0,-999.0,0,-999.0,-999.0,-999.0,0,16416,-999.0,-999.0,-999.0,-999.0,0,-999.0,-999.0,-999.0,-999.0,-999.0,0,-999.0,-999.0,-999.0,0,16416,-999.0,-999.0,-999.0,-999.0,0,-999.0,-999.0,-999.0,-999.0,-999.0,0,-999.0,-999.0,-999.0,0,16416,-999.0,-999.0,-999.0,-999.0,0,-999.0,-999.0,-999.0,-999.0,-999.0,0,-999.0,-999.0,-999.0,0,16416,0.02085210483157982
PSO J223.8629+05.5651,-999,-999,-999,114672238629298569,3496239000020299,65296387821386,0,15189953412638,11467,1,1467,31,0.0989777120752053,3496239,15203,3,268959744,0,32,-999.0,-999.0,-999.0,-999.0,223.86292313,5.56510263,0.28786998987197876,0.28786998987197876,,,,,55694.36315972,-999.0,-0.7176013470618523,-0.6896693581194492,0.09697671455623756,219.6252410787023,21.303559547066968,2.3731147773537704,53.46231084238014,-999,0,1,0,1,0,0,0,-999.0,-999.0,-999.0,-999.0,0,-999.0,-999.0,-999.0,-999.0,-999.0,0,-999.0,-999.0,-999.0,0,0,0.6983150243759155,21.625099182128906,0.2874769866466522,-999.0,1,21.625099182128906,21.625099182128906,-999.0,-999.0,-999.0,0,-999.0,-999.0,-999.0,0,4112,-999.0,-999.0,-999.0,-999.0,0,-999.0,-999.0,-999.0,-999.0,-999.0,0,-999.0,-999.0,-999.0,0,0,-999.0,-999.0,-999.0,-999.0,0,-999.0,-999.0,-999.0,-999.0,-999.0,0,-999.0,-999.0,-999.0,0,0,-999.0,-999.0,-999.0,-999.0,0,-999.0,-999.0,-999.0,-999.0,-999.0,0,-999.0,-999.0,-999.0,0,0,0.01999765526115311
PSO J223.8626+05.5631,-999,-999,-999,114672238626346187,3496239000116265,65296387919425,0,15189953408194,11467,1,1467,31,0.685820695651528,3496239,15203,3,1343750144,0,160,223.86263485,5.56310679,0.0010000000474974513,0.0010000000474974513,223.86263485,5.56310679,0.0010000000474974513,0.0010000000474974513,,,,,55906.63571759,-999.0,-0.7176072522539145,-0.6896680879099962,0.09694204470278163,219.6256075059612,21.30157229934804,2.370226010817472,53.461258317633636,-999,1,0,0,0,0,0,0,-999.0,-999.0,-999.0,-999.0,0,-999.0,-999.0,-999.0,-999.0,-999.0,0,-999.0,-999.0,-999.0,0,114720,-999.0,-999.0,-999.0,-999.0,0,-999.0,-999.0,-999.0,-999.0,-999.0,0,-999.0,-999.0,-999.0,0,16416,-999.0,-999.0,-999.0,-999.0,0,-999.0,-999.0,-999.0,-999.0,-999.0,0,-999.0,-999.0,-999.0,0,16416,-999.0,-999.0,-999.0,-999.0,0,-999.0,-999.0,-999.0,-999.0,-999.0,0,-999.0,-999.0,-999.0,0,16416,-999.0,-999.0,-999.0,-999.0,0,-999.0,-999.0,-999.0,-999.0,-999.0,0,-999.0,-999.0,-999.0,0,16416,0.020459103109368985
PSO J223.8626+05.5598,-999,-999,-999,114672238625602244,3496239000116261,65296387919421,0,15189953405090,11467,1,1467,31,0.332394160639862,3496239,15203,3,1343750144,0,160,223.86256331,5.55982974,0.0010000000474974513,0.0010000000474974513,223.86256331,5.55982974,0.0010000000474974513,0.0010000000474974513,,,,,55878.17760417,-999.0,-0.7176121099059689,-0.689671032816539,0.09688511862031217,219.6266175136719,21.298432455913392,2.3659117405533023,53.45922208216025,-999,1,0,0,0,0,0,0,-999.0,-999.0,-999.0,-999.0,0,-999.0,-999.0,-999.0,-999.0,-999.0,0,-999.0,-999.0,-999.0,0,114720,-999.0,-999.0,-999.0,-999.0,0,-999.0,-999.0,-999.0,-999.0,-999.0,0,-999.0,-999.0,-999.0,0,16416,-999.0,-999.0,-999.0,-999.0,0,-999.0,-999.0,-999.0,-999.0,-999.0,0,-999.0,-999.0,-999.0,0,16416,-999.0,-999.0,-999.0,-999.0,0,-999.0,-999.0,-999.0,-999.0,-999.0,0,-999.0,-999.0,-999.0,0,16416,-999.0,-999.0,-999.0,-999.0,0,-999.0,-999.0,-999.0,-999.0,-999.0,0,-999.0,-999.0,-999.0,0,16416,0.0212234801156089
PSO J223.8618+05.5619,-999,-999,-999,114672238618474681,3496239000020140,65296387821227,0,15189953408500,11467,1,1467,31,0.364743660543807,3496239,15203,3,268513280,0,32,-999.0,-999.0,-999.0,-999.0,223.86182921,5.56185667,0.02142000012099743,0.02142000012099743,,,,,55694.36315972,-999.0,-0.7176184745345247,-0.6896594629848903,0.09692032873517532,219.6252016976606,21.30013605124269,2.367749898453922,53.46107803581177,-999,0,1,0,1,0,0,0,-999.0,-999.0,-999.0,-999.0,0,-999.0,-999.0,-999.0,-999.0,-999.0,0,-999.0,-999.0,-999.0,0,0,0.9969940185546875,18.380699157714844,0.015293999575078487,-999.0,1,18.380699157714844,18.380699157714844,18.86750030517578,0.03227800130844116,-999.0,1,18.814699172973633,0.015293999575078487,-999.0,1,16,-999.0,-999.0,-999.0,-999.0,0,-999.0,-999.0,-999.0,-999.0,-999.0,0,-999.0,-999.0,-999.0,0,0,-999.0,-999.0,-999.0,-999.0,0,-999.0,-999.0,-999.0,-999.0,-999.0,0,-999.0,-999.0,-999.0,0,0,-999.0,-999.0,-999.0,-999.0,0,-999.0,-999.0,-999.0,-999.0,-999.0,0,-999.0,-999.0,-999.0,0,0,0.021453221593489613
PSO J223.8617+05.5602,-999,-999,-999,114672238617012684,3496239000020112,65296387821199,0,15189953405519,11467,1,1467,31,0.884292308133368,3496239,15203,3,310456320,0,37,-999.0,-999.0,-999.0,-999.0,223.8616815,5.5601913,0.19349999725818634,0.19349999725818634,,,,,56392.5383912,-999.0,-0.7176222833627545,-0.6896595646798497,0.09689139934393973,219.62560179939686,21.298506293321378,2.3654386519093533,53.46012854572591,-999,0,1,1,0,0,0,0,0.9994350075721741,21.649099349975586,0.1929199993610382,-999.0,1,21.649099349975586,21.649099349975586,21.023399353027344,0.2264779955148697,-999.0,1,20.834199905395508,0.1929199993610382,-999.0,1,16777496,-999.0,-999.0,-999.0,-999.0,0,-999.0,-999.0,-999.0,-999.0,-999.0,0,-999.0,-999.0,-999.0,0,0,-999.0,-999.0,-999.0,-999.0,0,-999.0,-999.0,-999.0,-999.0,-999.0,0,-999.0,-999.0,-999.0,0,0,-999.0,-999.0,-999.0,-999.0,0,-999.0,-999.0,-999.0,-999.0,-999.0,0,-999.0,-999.0,-999.0,0,0,-999.0,-999.0,-999.0,-999.0,0,-999.0,-999.0,-999.0,-999.0,-999.0,0,-999.0,-999.0,-999.0,0,0,0.021969521072144182
PSO J223.8516+05.5635,-999,-999,-999,114672238514826643,3496239000018623,65296387819710,0,15189953361825,11467,1,1467,31,0.578832264597371,3496239,15203,3,268959744,0,32,-999.0,-999.0,-999.0,-999.0,223.85155941,5.56348195,0.12100999802350998,0.12100999802350998,,,,,55694.35850694,-999.0,-0.7177400959226959,-0.6895289196989398,0.0969485616380783,219.614226688478,21.298535675487933,2.3588950959272124,53.469984915374596,-999,0,2,0,2,0,0,0,-999.0,-999.0,-999.0,-999.0,0,-999.0,-999.0,-999.0,-999.0,-999.0,0,-999.0,-999.0,-999.0,0,0,0.8292909860610962,20.872800827026367,0.05364900082349777,0.07667600363492966,2,20.82699966430664,20.93429946899414,-999.0,-999.0,-999.0,0,21.79520034790039,0.38338398933410645,0.5911890268325806,2,4112,-999.0,-999.0,-999.0,-999.0,0,-999.0,-999.0,-999.0,-999.0,-999.0,0,-999.0,-999.0,-999.0,0,0,-999.0,-999.0,-999.0,-999.0,0,-999.0,-999.0,-999.0,-999.0,-999.0,0,-999.0,-999.0,-999.0,0,0,-999.0,-999.0,-999.0,-999.0,0,-999.0,-999.0,-999.0,-999.0,-999.0,0,-999.0,-999.0,-999.0,0,0,0.03138478507928297
PSO J223.8503+05.5635,-999,-999,-999,114672238502926638,3496239000018411,65296387819498,0,15189953349853,11467,1,1467,31,0.286608408472136,3496239,15203,3,268959744,0,32,-999.0,-999.0,-999.0,-999.0,223.85027159,5.56347344,0.2700299918651581,0.2700299918651581,,,,,55757.35329861,-999.0,-0.7177556044597425,-0.6895127970721887,0.09694841381021262,219.61292061454037,21.298132948978175,2.3575098569980013,53.470966286674894,-999,0,1,0,0,0,0,1,-999.0,-999.0,-999.0,-999.0,0,-999.0,-999.0,-999.0,-999.0,-999.0,0,-999.0,-999.0,-999.0,0,0,-999.0,-999.0,-999.0,-999.0,0,-999.0,-999.0,-999.0,-999.0,-999.0,0,-999.0,-999.0,-999.0,0,0,-999.0,-999.0,-999.0,-999.0,0,-999.0,-999.0,-999.0,-999.0,-999.0,0,-999.0,-999.0,-999.0,0,0,-999.0,-999.0,-999.0,-999.0,0,-999.0,-999.0,-999.0,-999.0,-999.0,0,-999.0,-999.0,-999.0,0,0,0.7218480110168457,20.030899047851562,0.2696110010147095,-999.0,1,20.030899047851562,20.030899047851562,-999.0,-999.0,-999.0,0,20.45439910888672,0.2696110010147095,-999.0,1,4112,0.03266353995205681
PSO J223.8499+05.5626,-999,-999,-999,114672238499505590,3496239000018362,65296387819449,0,15189953350604,11467,1,1467,31,0.180044124070596,3496239,15203,3,268959744,0,32,-999.0,-999.0,-999.0,-999.0,223.84994699,5.56261764,0.13181999325752258,0.13181999325752258,,,,,55694.34011574,-999.0,-0.7177605549788708,-0.689509733839911,0.09693354763155271,219.6128735084876,21.297219251882968,2.356056574819312,53.470668840919416,-999,0,1,0,0,1,0,0,-999.0,-999.0,-999.0,-999.0,0,-999.0,-999.0,-999.0,-999.0,-999.0,0,-999.0,-999.0,-999.0,0,0,-999.0,-999.0,-999.0,-999.0,0,-999.0,-999.0,-999.0,-999.0,-999.0,0,-999.0,-999.0,-999.0,0,0,0.7808079719543457,20.337499618530273,0.13096700608730316,-999.0,1,20.337499618530273,20.337499618530273,-999.0,-999.0,-999.0,0,20.630300521850586,0.13096700608730316,-999.0,1,4112,-999.0,-999.0,-999.0,-999.0,0,-999.0,-999.0,-999.0,-999.0,-999.0,0,-999.0,-999.0,-999.0,0,0,-999.0,-999.0,-999.0,-999.0,0,-999.0,-999.0,-999.0,-999.0,-999.0,0,-999.0,-999.0,-999.0,0,0,0.033059422863788435
PSO J223.8495+05.5603,-999,-999,-999,114672238494662811,3496239000018290,65296387819377,0,15189953351468,11467,1,1467,31,0.692747455735456,3496239,15203,3,268513280,0,32,-999.0,-999.0,-999.0,-999.0,223.84946353,5.5603003,0.01638999953866005,0.01638999953866005,,,,,56042.3678588,-999.0,-0.7177691997437208,-0.6895063927979893,0.09689329280173853,219.61314790779917,21.294866330347343,2.3525435338792304,53.469560299528965,-999,0,1,1,0,0,0,0,0.9976490139961243,18.342500686645508,0.006591999903321266,-999.0,1,18.342500686645508,18.342500686645508,19.065799713134766,0.018316999077796936,-999.0,1,19.00629997253418,0.006591999903321266,-999.0,1,24,-999.0,-999.0,-999.0,-999.0,0,-999.0,-999.0,-999.0,-999.0,-999.0,0,-999.0,-999.0,-999.0,0,0,-999.0,-999.0,-999.0,-999.0,0,-999.0,-999.0,-999.0,-999.0,-999.0,0,-999.0,-999.0,-999.0,0,0,-999.0,-999.0,-999.0,-999.0,0,-999.0,-999.0,-999.0,-999.0,-999.0,0,-999.0,-999.0,-999.0,0,0,-999.0,-999.0,-999.0,-999.0,0,-999.0,-999.0,-999.0,-999.0,-999.0,0,-999.0,-999.0,-999.0,0,0,0.033842985181529936
PSO J223.8494+05.5610,-999,-999,-999,114672238493973698,3496239000018275,65296387819362,0,15189953351089,11467,1,1467,31,0.196422441114134,3496239,15203,3,268959744,0,32,-999.0,-999.0,-999.0,-999.0,223.84938763,5.56103354,0.3098599910736084,0.3098599910736084,,,,,56678.66599537,-999.0,-0.7177692188434315,-0.6895045828886834,0.09690603003112341,219.61282847111517,21.295540694002376,2.3534108436198906,53.47008643678861,-999,0,1,0,0,0,1,0,-999.0,-999.0,-999.0,-999.0,0,-999.0,-999.0,-999.0,-999.0,-999.0,0,-999.0,-999.0,-999.0,0,0,-999.0,-999.0,-999.0,-999.0,0,-999.0,-999.0,-999.0,-999.0,-999.0,0,-999.0,-999.0,-999.0,0,0,-999.0,-999.0,-999.0,-999.0,0,-999.0,-999.0,-999.0,-999.0,-999.0,0,-999.0,-999.0,-999.0,0,0,0.7279710173606873,22.047399520874023,0.30949899554252625,-999.0,1,22.047399520874023,22.047399520874023,21.568700790405273,0.285614013671875,-999.0,1,22.030899047851562,0.30949899554252625,-999.0,1,4120,-999.0,-999.0,-999.0,-999.0,0,-999.0,-999.0,-999.0,-999.0,-999.0,0,-999.0,-999.0,-999.0,0,0,0.033804413059849776
PSO J223.8485+05.5604,-999,-999,-999,114672238484662930,3496239000116042,65296387919202,0,15189953348253,11467,1,1467,31,0.469874259522068,3496239,15203,3,404226048,0,48,223.84845655,5.56038398,0.0010000000474974513,0.0010000000474974513,223.84845655,5.56038398,0.0010000000474974513,0.0010000000474974513,,,,,55971.37297454,-999.0,-0.7177812157325428,-0.6894936797806647,0.09689474642121255,219.61209682428145,21.294637369832888,2.3515771094086237,53.47038526553942,-999,2,0,0,0,0,0,0,-999.0,-999.0,-999.0,-999.0,0,-999.0,-999.0,-999.0,-999.0,-999.0,0,-999.0,-999.0,-999.0,0,16416,-999.0,-999.0,-999.0,-999.0,0,-999.0,-999.0,-999.0,-999.0,-999.0,0,-999.0,-999.0,-999.0,0,114720,-999.0,-999.0,-999.0,-999.0,0,-999.0,-999.0,-999.0,-999.0,-999.0,0,-999.0,-999.0,-999.0,0,114720,-999.0,-999.0,-999.0,-999.0,0,-999.0,-999.0,-999.0,-999.0,-999.0,0,-999.0,-999.0,-999.0,0,16416,-999.0,-999.0,-999.0,-999.0,0,-999.0,-999.0,-999.0,-999.0,-999.0,0,-999.0,-999.0,-999.0,0,16416,0.034818532118232645
PSO J223.8484+05.5626,-999,-999,-999,114672238483715627,3496239000018120,65296387819207,0,15189953873535,11467,1,1467,31,0.792713436105022,3496239,15203,3,268959744,0,32,-999.0,-999.0,-999.0,-999.0,223.84836501,5.56264786,0.14519000053405762,0.14519000053405762,,,,,55694.35231481,-999.0,-0.7177795557215679,-0.689489880244802,0.09693407258625515,219.61125567998803,21.296763223226005,2.354407417735991,53.47190029524826,-999,0,1,0,1,0,0,0,-999.0,-999.0,-999.0,-999.0,0,-999.0,-999.0,-999.0,-999.0,-999.0,0,-999.0,-999.0,-999.0,0,0,0.7921929955482483,20.58060073852539,0.1444139927625656,-999.0,1,20.58060073852539,20.58060073852539,-999.0,-999.0,-999.0,0,20.354999542236328,0.1444139927625656,-999.0,1,4112,-999.0,-999.0,-999.0,-999.0,0,-999.0,-999.0,-999.0,-999.0,-999.0,0,-999.0,-999.0,-999.0,0,0,-999.0,-999.0,-999.0,-999.0,0,-999.0,-999.0,-999.0,-999.0,-999.0,0,-999.0,-999.0,-999.0,0,0,-999.0,-999.0,-999.0,-999.0,0,-999.0,-999.0,-999.0,-999.0,-999.0,0,-999.0,-999.0,-999.0,0,0,0.03462373403310469
PSO J223.8481+05.5598,-999,-999,-999,114672238480822226,3496239000018071,65296387819158,0,15189953348370,11467,1,1467,31,0.669651442831057,3496239,15203,3,268959744,0,32,-999.0,-999.0,-999.0,-999.0,223.84807098,5.55981176,0.26262998580932617,0.26262998580932617,,,,,55608.61568287,-999.0,-0.7177865534897678,-0.689489519818921,0.09688480628640567,219.61189404567523,21.2939747929291,2.3504255660039712,53.4703154659313,-999,0,1,0,0,0,0,1,-999.0,-999.0,-999.0,-999.0,0,-999.0,-999.0,-999.0,-999.0,-999.0,0,-999.0,-999.0,-999.0,0,0,-999.0,-999.0,-999.0,-999.0,0,-999.0,-999.0,-999.0,-999.0,-999.0,0,-999.0,-999.0,-999.0,0,0,-999.0,-999.0,-999.0,-999.0,0,-999.0,-999.0,-999.0,-999.0,-999.0,0,-999.0,-999.0,-999.0,0,0,-999.0,-999.0,-999.0,-999.0,0,-999.0,-999.0,-999.0,-999.0,-999.0,0,-999.0,-999.0,-999.0,0,0,0.6887410283088684,19.924400329589844,0.26220598816871643,-999.0,1,19.924400329589844,19.924400329589844,-999.0,-999.0,-999.0,1,-999.0,-999.0,-999.0,0,4112,0.03529153687702204
PSO J223.8476+05.5650,-999,-999,-999,114672238476258486,3496239000017989,65296387819076,0,15189953887087,11467,1,1467,31,0.903088804244147,3496239,15203,3,277348352,0,33,-999.0,-999.0,-999.0,-999.0,223.84760576,5.56503927,0.07175999879837036,0.07175999879837036,,,,,55305.53513889,-999.0,-0.717785773954971,-0.6894775652703965,0.09697561392777738,219.60969373791343,21.298805788690963,2.3566903120896976,53.47400827779315,-999,0,1,1,0,0,0,0,0.6731569766998291,20.391000747680664,0.07017499953508377,-999.0,1,20.391000747680664,20.391000747680664,19.752500534057617,0.040832001715898514,-999.0,1,19.487899780273438,0.07017499953508377,-999.0,1,16781336,-999.0,-999.0,-999.0,-999.0,0,-999.0,-999.0,-999.0,-999.0,-999.0,0,-999.0,-999.0,-999.0,0,0,-999.0,-999.0,-999.0,-999.0,0,-999.0,-999.0,-999.0,-999.0,-999.0,0,-999.0,-999.0,-999.0,0,0,-999.0,-999.0,-999.0,-999.0,0,-999.0,-999.0,-999.0,-999.0,-999.0,0,-999.0,-999.0,-999.0,0,0,-999.0,-999.0,-999.0,-999.0,0,-999.0,-999.0,-999.0,-999.0,-999.0,0,-999.0,-999.0,-999.0,0,0,0.035237615646203424
PSO J223.8658+05.5623,-999,-999,-999,114672238656715420,3496239000020688,65296387821775,0,15189953374642,11467,1,1467,31,0.406909436366437,3496239,15203,3,302067712,0,36,-999.0,-999.0,-999.0,-999.0,223.86579863,5.56234784,0.19327999651432037,0.19327999651432037,,,,,56822.41376157,-999.0,-0.7175700945431764,-0.6897086017591494,0.09692886090703809,219.62907393609277,21.30181949289802,2.3726190530134157,53.45834946185977,-999,0,2,0,0,1,0,1,-999.0,-999.0,-999.0,-999.0,0,-999.0,-999.0,-999.0,-999.0,-999.0,0,-999.0,-999.0,-999.0,0,0,-999.0,-999.0,-999.0,-999.0,0,-999.0,-999.0,-999.0,-999.0,-999.0,0,-999.0,-999.0,-999.0,0,0,0.9990720152854919,20.68280029296875,0.1926960051059723,-999.0,1,20.68280029296875,20.68280029296875,20.742799758911133,0.30049899220466614,-999.0,1,20.554399490356445,0.1926960051059723,-999.0,1,272,-999.0,-999.0,-999.0,-999.0,0,-999.0,-999.0,-999.0,-999.0,-999.0,0,-999.0,-999.0,-999.0,0,0,0.7037060260772705,20.183799743652344,0.3109090030193329,-999.0,1,20.183799743652344,20.183799743652344,-999.0,-999.0,-999.0,0,22.05120086669922,0.3109090030193329,-999.0,1,4112,0.01748251064979688
PSO J223.8657+05.5646,-999,-999,-999,114672238657468003,3496239000116313,65296387919473,0,15189953410198,11467,1,1467,31,0.00466496497827113,3496239,15203,3,1343750144,0,160,223.86574686,5.56463462,0.0010000000474974513,0.0010000000474974513,223.86574686,5.56463462,0.0010000000474974513,0.0010000000474974513,,,,,55973.32822917,-999.0,-0.7175679280285077,-0.6897052720103297,0.09696858473769493,219.6282657865082,21.303979380067947,2.3755212691136305,53.45984817464592,-999,1,0,0,0,0,0,0,-999.0,-999.0,-999.0,-999.0,0,-999.0,-999.0,-999.0,-999.0,-999.0,0,-999.0,-999.0,-999.0,0,114720,-999.0,-999.0,-999.0,-999.0,0,-999.0,-999.0,-999.0,-999.0,-999.0,0,-999.0,-999.0,-999.0,0,16416,-999.0,-999.0,-999.0,-999.0,0,-999.0,-999.0,-999.0,-999.0,-999.0,0,-999.0,-999.0,-999.0,0,16416,-999.0,-999.0,-999.0,-999.0,0,-999.0,-999.0,-999.0,-999.0,-999.0,0,-999.0,-999.0,-999.0,0,16416,-999.0,-999.0,-999.0,-999.0,0,-999.0,-999.0,-999.0,-999.0,-999.0,0,-999.0,-999.0,-999.0,0,16416,0.017217496964033345
PSO J223.8658+05.5615,-999,-999,-999,114672238657964255,3496239000116315,65296387919475,0,15189953374483,11467,1,1467,31,0.475159052270613,3496239,15203,3,1343750144,0,160,223.86579679,5.56149699,0.0010000000474974513,0.0010000000474974513,223.86579679,5.56149699,0.0010000000474974513,0.0010000000474974513,,,,,56034.2509375,-999.0,-0.7175711543750308,-0.6897095761068337,0.09691408068705648,219.6293531726807,21.30100939045534,2.371516760869588,53.45780798465566,-999,1,0,0,0,0,0,0,-999.0,-999.0,-999.0,-999.0,0,-999.0,-999.0,-999.0,-999.0,-999.0,0,-999.0,-999.0,-999.0,0,114720,-999.0,-999.0,-999.0,-999.0,0,-999.0,-999.0,-999.0,-999.0,-999.0,0,-999.0,-999.0,-999.0,0,16416,-999.0,-999.0,-999.0,-999.0,0,-999.0,-999.0,-999.0,-999.0,-999.0,0,-999.0,-999.0,-999.0,0,16416,-999.0,-999.0,-999.0,-999.0,0,-999.0,-999.0,-999.0,-999.0,-999.0,0,-999.0,-999.0,-999.0,0,16416,-999.0,-999.0,-999.0,-999.0,0,-999.0,-999.0,-999.0,-999.0,-999.0,0,-999.0,-999.0,-999.0,0,16416,0.017676242472870394
PSO J223.8660+05.5621,-999,-999,-999,114672238660494951,3496239000020736,65296387821823,0,15189953374661,11467,1,1467,31,0.268835501995716,3496239,15203,3,302067712,0,36,-999.0,-999.0,-999.0,-999.0,223.86602916,5.56207661,0.17192000150680542,0.17192000150680542,,,,,56392.5383912,-999.0,-0.7175676502931098,-0.6897118068640015,0.09692414933967487,219.6293978587184,21.30163205781196,2.3725141677439705,53.45799973259855,-999,0,1,1,0,0,0,0,0.9990230202674866,21.487499237060547,0.17126299440860748,-999.0,1,21.487499237060547,21.487499237060547,21.299800872802734,0.2507619857788086,-999.0,1,21.329500198364258,0.17126299440860748,-999.0,1,280,-999.0,-999.0,-999.0,-999.0,0,-999.0,-999.0,-999.0,-999.0,-999.0,0,-999.0,-999.0,-999.0,0,0,-999.0,-999.0,-999.0,-999.0,0,-999.0,-999.0,-999.0,-999.0,-999.0,0,-999.0,-999.0,-999.0,0,0,-999.0,-999.0,-999.0,-999.0,0,-999.0,-999.0,-999.0,-999.0,-999.0,0,-999.0,-999.0,-999.0,0,0,-999.0,-999.0,-999.0,-999.0,0,-999.0,-999.0,-999.0,-999.0,-999.0,0,-999.0,-999.0,-999.0,0,0,0.01731555980215757
PSO J223.8663+05.5647,-999,-999,-999,114672238662938156,3496239000020776,65296387821863,0,15189953410099,11467,1,1467,31,0.48565330960383,3496239,15203,3,268959744,0,32,-999.0,-999.0,-999.0,-999.0,223.86628659,5.56474185,0.23080000281333923,0.23080000281333923,,,,,55399.26950231,-999.0,-0.7175613000881054,-0.6897119057550261,0.09697044743445299,219.62877894992064,21.304246758666846,2.3762355950245193,53.45950294094886,-999,0,1,0,0,0,1,0,-999.0,-999.0,-999.0,-999.0,0,-999.0,-999.0,-999.0,-999.0,-999.0,0,-999.0,-999.0,-999.0,0,0,-999.0,-999.0,-999.0,-999.0,0,-999.0,-999.0,-999.0,-999.0,-999.0,0,-999.0,-999.0,-999.0,0,0,-999.0,-999.0,-999.0,-999.0,0,-999.0,-999.0,-999.0,-999.0,-999.0,0,-999.0,-999.0,-999.0,0,0,0.801410973072052,18.13990020751953,0.23031100630760193,-999.0,1,18.13990020751953,18.13990020751953,-999.0,-999.0,-999.0,0,18.64419937133789,0.23031100630760193,-999.0,1,4112,-999.0,-999.0,-999.0,-999.0,0,-999.0,-999.0,-999.0,-999.0,-999.0,0,-999.0,-999.0,-999.0,0,0,0.016674066798730673
PSO J223.8665+05.5585,-999,-999,-999,114672238664920665,3496239000116326,65296387919486,0,15189953372424,11467,1,1467,31,0.930724556493316,3496239,15203,3,1343750144,0,160,223.86649297,5.55850557,0.0010000000474974513,0.0010000000474974513,223.86649297,5.55850557,0.0010000000474974513,0.0010000000474974513,,,,,56041.68789352,-999.0,-0.717566420901304,-0.689721800468535,0.09686211619273521,219.63104905651937,21.29837648837575,2.3683909827948675,53.45536571273508,-999,1,0,0,0,0,0,0,-999.0,-999.0,-999.0,-999.0,0,-999.0,-999.0,-999.0,-999.0,-999.0,0,-999.0,-999.0,-999.0,0,114720,-999.0,-999.0,-999.0,-999.0,0,-999.0,-999.0,-999.0,-999.0,-999.0,0,-999.0,-999.0,-999.0,0,16416,-999.0,-999.0,-999.0,-999.0,0,-999.0,-999.0,-999.0,-999.0,-999.0,0,-999.0,-999.0,-999.0,0,16416,-999.0,-999.0,-999.0,-999.0,0,-999.0,-999.0,-999.0,-999.0,-999.0,0,-999.0,-999.0,-999.0,0,16416,-999.0,-999.0,-999.0,-999.0,0,-999.0,-999.0,-999.0,-999.0,-999.0,0,-999.0,-999.0,-999.0,0,16416,0.018011730232319403
PSO J223.8665+05.5639,-999,-999,-999,114672238665047186,3496239000020814,65296387821901,0,15189953405998,11467,1,1467,31,0.572297763612399,3496239,15203,3,268513280,0,32,-999.0,-999.0,-999.0,-999.0,223.8664839,5.5639403,0.017740000039339066,0.017740000039339066,,,,,56317.67460648,-999.0,-0.7175599028861949,-0.6897153168432284,0.09695652366808377,219.62924432465826,21.303544575542613,2.375409386613071,53.4588403237123,-999,0,1,0,0,0,0,1,-999.0,-999.0,-999.0,-999.0,0,-999.0,-999.0,-999.0,-999.0,-999.0,0,-999.0,-999.0,-999.0,0,0,-999.0,-999.0,-999.0,-999.0,0,-999.0,-999.0,-999.0,-999.0,-999.0,0,-999.0,-999.0,-999.0,0,0,-999.0,-999.0,-999.0,-999.0,0,-999.0,-999.0,-999.0,-999.0,-999.0,0,-999.0,-999.0,-999.0,0,0,-999.0,-999.0,-999.0,-999.0,0,-999.0,-999.0,-999.0,-999.0,-999.0,0,-999.0,-999.0,-999.0,0,0,0.9968109726905823,16.666799545288086,0.009471000172197819,-999.0,1,16.666799545288086,16.666799545288086,17.643299102783203,0.03077699989080429,-999.0,1,17.56909942626953,0.009471000172197819,-999.0,1,24,0.016553244337425336
PSO J223.8667+05.5601,-999,-999,-999,114672238667242639,3496239000116330,65296387919490,0,15189953376022,11467,1,1467,31,0.761614270286275,3496239,15203,3,1343750144,0,160,223.86672447,5.56014922,0.0010000000474974513,0.0010000000474974513,223.86672447,5.56014922,0.0010000000474974513,0.0010000000474974513,,,,,55940.11799769,-999.0,-0.717561630513117,-0.6897227738730672,0.09689066836490853,219.63074134176617,21.30001126041017,2.370763303477705,53.45623708483754,-999,1,0,0,0,0,0,0,-999.0,-999.0,-999.0,-999.0,0,-999.0,-999.0,-999.0,-999.0,-999.0,0,-999.0,-999.0,-999.0,0,114720,-999.0,-999.0,-999.0,-999.0,0,-999.0,-999.0,-999.0,-999.0,-999.0,0,-999.0,-999.0,-999.0,0,16416,-999.0,-999.0,-999.0,-999.0,0,-999.0,-999.0,-999.0,-999.0,-999.0,0,-999.0,-999.0,-999.0,0,16416,-999.0,-999.0,-999.0,-999.0,0,-999.0,-999.0,-999.0,-999.0,-999.0,0,-999.0,-999.0,-999.0,0,16416,-999.0,-999.0,-999.0,-999.0,0,-999.0,-999.0,-999.0,-999.0,-999.0,0,-999.0,-999.0,-999.0,0,16416,0.017185376091515325
PSO J223.8668+05.5653,-999,-999,-999,114672238668138843,3496239000020857,65296387821944,0,15189953398997,11467,1,1467,31,0.091593733142683,3496239,15203,3,268959744,0,32,-999.0,-999.0,-999.0,-999.0,223.86679168,5.5653245,0.30055001378059387,0.30055001378059387,,,,,56785.3649537,-999.0,-0.7175545089417197,-0.6897175479851733,0.09698056866572663,219.62909983059643,21.3049558603874,2.377527838985921,53.459487569035055,-999,0,1,0,0,1,0,0,-999.0,-999.0,-999.0,-999.0,0,-999.0,-999.0,-999.0,-999.0,-999.0,0,-999.0,-999.0,-999.0,0,0,-999.0,-999.0,-999.0,-999.0,0,-999.0,-999.0,-999.0,-999.0,-999.0,0,-999.0,-999.0,-999.0,0,0,0.7337250113487244,22.108999252319336,0.3001730144023895,-999.0,1,22.108999252319336,22.108999252319336,-999.0,-999.0,-999.0,0,23.619400024414062,0.3001730144023895,-999.0,1,4120,-999.0,-999.0,-999.0,-999.0,0,-999.0,-999.0,-999.0,-999.0,-999.0,0,-999.0,-999.0,-999.0,0,0,-999.0,-999.0,-999.0,-999.0,0,-999.0,-999.0,-999.0,-999.0,-999.0,0,-999.0,-999.0,-999.0,0,0,0.016141749450178818
PSO J223.8670+05.5625,-999,-999,-999,114672238670495436,3496239000020897,65296387821984,0,15189953375221,11467,1,1467,31,0.236544901725412,3496239,15203,3,302067712,0,36,-999.0,-999.0,-999.0,-999.0,223.86702476,5.56247864,0.25578001141548157,0.25578001141548157,,,,,55399.26950231,-999.0,-0.7175551750787063,-0.6897238042606568,0.09693113304802746,219.63027697348065,21.302319580910112,2.3740959310822207,53.457493238891644,-999,0,2,0,0,0,1,1,-999.0,-999.0,-999.0,-999.0,0,-999.0,-999.0,-999.0,-999.0,-999.0,0,-999.0,-999.0,-999.0,0,0,-999.0,-999.0,-999.0,-999.0,0,-999.0,-999.0,-999.0,-999.0,-999.0,0,-999.0,-999.0,-999.0,0,0,-999.0,-999.0,-999.0,-999.0,0,-999.0,-999.0,-999.0,-999.0,-999.0,0,-999.0,-999.0,-999.0,0,0,0.8607079982757568,18.306499481201172,0.25534000992774963,-999.0,1,18.306499481201172,18.306499481201172,-999.0,-999.0,-999.0,0,18.38479995727539,0.25534000992774963,-999.0,1,272,0.7760779857635498,20.225500106811523,0.24738599359989166,-999.0,1,20.225500106811523,20.225500106811523,-999.0,-999.0,-999.0,0,21.864200592041016,0.24738599359989166,-999.0,1,4112,0.016261387298625966
PSO J223.8673+05.5657,-999,-999,-999,114672238672499294,3496239000116341,65296387919501,0,15189953398868,11467,1,1467,31,0.61129757166961,3496239,15203,3,1343750144,0,160,223.86726355,5.56565609,0.0010000000474974513,0.0010000000474974513,223.86726355,5.56565609,0.0010000000474974513,0.0010000000474974513,,,,,56066.2419213,-999.0,-0.7175484239705296,-0.6897230685561729,0.0969863287214531,219.62946989614863,21.305415914029336,2.3784599447802046,53.45933747243753,-999,1,0,0,0,0,0,0,-999.0,-999.0,-999.0,-999.0,0,-999.0,-999.0,-999.0,-999.0,-999.0,0,-999.0,-999.0,-999.0,0,114720,-999.0,-999.0,-999.0,-999.0,0,-999.0,-999.0,-999.0,-999.0,-999.0,0,-999.0,-999.0,-999.0,0,16416,-999.0,-999.0,-999.0,-999.0,0,-999.0,-999.0,-999.0,-999.0,-999.0,0,-999.0,-999.0,-999.0,0,16416,-999.0,-999.0,-999.0,-999.0,0,-999.0,-999.0,-999.0,-999.0,-999.0,0,-999.0,-999.0,-999.0,0,16416,-999.0,-999.0,-999.0,-999.0,0,-999.0,-999.0,-999.0,-999.0,-999.0,0,-999.0,-999.0,-999.0,0,16416,0.015663977624743704
PSO J223.8673+05.5614,-999,-999,-999,114672238673174171,3496239000020946,65296387822033,0,15189953375305,11467,1,1467,31,0.19653162099098,3496239,15203,3,268959744,0,32,-999.0,-999.0,-999.0,-999.0,223.86730999,5.56142791,0.29927000403404236,0.29927000403404236,,,,,55338.40309028,-999.0,-0.717553022912356,-0.6897286081248992,0.09691288068894342,219.63091402248165,21.301407247095646,2.3730413303476205,53.456604238346614,-999,0,1,0,1,0,0,0,-999.0,-999.0,-999.0,-999.0,0,-999.0,-999.0,-999.0,-999.0,-999.0,0,-999.0,-999.0,-999.0,0,0,0.7930359840393066,22.005800247192383,0.29888999462127686,-999.0,1,22.005800247192383,22.005800247192383,-999.0,-999.0,-999.0,0,21.55109977722168,0.29888999462127686,-999.0,1,4120,-999.0,-999.0,-999.0,-999.0,0,-999.0,-999.0,-999.0,-999.0,-999.0,0,-999.0,-999.0,-999.0,0,0,-999.0,-999.0,-999.0,-999.0,0,-999.0,-999.0,-999.0,-999.0,-999.0,0,-999.0,-999.0,-999.0,0,0,-999.0,-999.0,-999.0,-999.0,0,-999.0,-999.0,-999.0,-999.0,-999.0,0,-999.0,-999.0,-999.0,0,0,0.016240531167531703
PSO J223.8673+05.5662,-999,-999,-999,114672238673439844,3496239000020953,65296387822040,0,15189953399722,11467,1,1467,31,0.81097525061199,3496239,15203,3,268959744,0,32,-999.0,-999.0,-999.0,-999.0,223.8673197,5.5661533,0.3135400116443634,0.3135400116443634,,,,,56787.40170139,-999.0,-0.7175471412335923,-0.689723188478468,0.0969949657590274,219.6293626932564,21.305906185079706,2.3791628959983693,53.45961164896924,-999,0,1,0,0,1,0,0,-999.0,-999.0,-999.0,-999.0,0,-999.0,-999.0,-999.0,-999.0,-999.0,0,-999.0,-999.0,-999.0,0,0,-999.0,-999.0,-999.0,-999.0,0,-999.0,-999.0,-999.0,-999.0,-999.0,0,-999.0,-999.0,-999.0,0,0,0.6407589912414551,21.810400009155273,0.3131830096244812,-999.0,1,21.810400009155273,21.810400009155273,-999.0,-999.0,-999.0,0,23.310100555419922,0.3131830096244812,-999.0,1,4120,-999.0,-999.0,-999.0,-999.0,0,-999.0,-999.0,-999.0,-999.0,-999.0,0,-999.0,-999.0,-999.0,0,0,-999.0,-999.0,-999.0,-999.0,0,-999.0,-999.0,-999.0,-999.0,-999.0,0,-999.0,-999.0,-999.0,0,0,0.015608623717395081
PSO J223.8675+05.5616,-999,-999,-999,114672238675134401,3496239000116346,65296387919506,0,15189953374905,11467,1,1467,31,0.0199516173637953,3496239,15203,3,1343750144,0,160,223.86753466,5.5616194,0.0010000000474974513,0.0010000000474974513,223.86753466,5.5616194,0.0010000000474974513,0.0010000000474974513,,,,,56206.31975694,-999.0,-0.7175500848069597,-0.6897311973495841,0.09691620708753589,219.63107911593858,21.301658269055075,2.3735285762408673,53.456554235059905,-999,1,0,0,0,0,0,0,-999.0,-999.0,-999.0,-999.0,0,-999.0,-999.0,-999.0,-999.0,-999.0,0,-999.0,-999.0,-999.0,0,114720,-999.0,-999.0,-999.0,-999.0,0,-999.0,-999.0,-999.0,-999.0,-999.0,0,-999.0,-999.0,-999.0,0,16416,-999.0,-999.0,-999.0,-999.0,0,-999.0,-999.0,-999.0,-999.0,-999.0,0,-999.0,-999.0,-999.0,0,16416,-999.0,-999.0,-999.0,-999.0,0,-999.0,-999.0,-999.0,-999.0,-999.0,0,-999.0,-999.0,-999.0,0,16416,-999.0,-999.0,-999.0,-999.0,0,-999.0,-999.0,-999.0,-999.0,-999.0,0,-999.0,-999.0,-999.0,0,16416,0.015973397897360006
PSO J223.8675+05.5642,-999,-999,-999,114672238675197530,3496239000116347,65296387919507,0,15189953376318,11467,1,1467,31,0.0991921043947265,3496239,15203,3,1343750144,0,160,223.86751921,5.56422544,0.0010000000474974513,0.0010000000474974513,223.86751921,5.56422544,0.0010000000474974513,0.0010000000474974513,,,,,56034.2509375,-999.0,-0.7175470920344341,-0.6897279483387826,0.09696147685189713,219.63020242737946,21.304133049859253,2.3768823218231274,53.45822878481651,-999,1,0,0,0,0,0,0,-999.0,-999.0,-999.0,-999.0,0,-999.0,-999.0,-999.0,-999.0,-999.0,0,-999.0,-999.0,-999.0,0,114720,-999.0,-999.0,-999.0,-999.0,0,-999.0,-999.0,-999.0,-999.0,-999.0,0,-999.0,-999.0,-999.0,0,16416,-999.0,-999.0,-999.0,-999.0,0,-999.0,-999.0,-999.0,-999.0,-999.0,0,-999.0,-999.0,-999.0,0,16416,-999.0,-999.0,-999.0,-999.0,0,-999.0,-999.0,-999.0,-999.0,-999.0,0,-999.0,-999.0,-999.0,0,16416,-999.0,-999.0,-999.0,-999.0,0,-999.0,-999.0,-999.0,-999.0,-999.0,0,-999.0,-999.0,-999.0,0,16416,0.015497263362577911
PSO J223.8676+05.5628,-999,-999,-999,114672238676515794,3496239000020999,65296387822086,0,15189953375045,11467,1,1467,31,0.624884988763262,3496239,15203,3,268959744,0,32,-999.0,-999.0,-999.0,-999.0,223.86762609,5.56278095,0.2543100118637085,0.2543100118637085,,,,,56785.40225694,-999.0,-0.7175475675302465,-0.6897309806659048,0.09693638450589943,219.6307882969929,21.302791435308617,2.3751282111834557,53.45722526916186,-999,0,1,0,0,1,0,0,-999.0,-999.0,-999.0,-999.0,0,-999.0,-999.0,-999.0,-999.0,-999.0,0,-999.0,-999.0,-999.0,0,0,-999.0,-999.0,-999.0,-999.0,0,-999.0,-999.0,-999.0,-999.0,-999.0,0,-999.0,-999.0,-999.0,0,0,0.7386289834976196,21.725400924682617,0.25386399030685425,-999.0,1,21.725400924682617,21.725400924682617,-999.0,-999.0,-999.0,0,22.225799560546875,0.25386399030685425,-999.0,1,4120,-999.0,-999.0,-999.0,-999.0,0,-999.0,-999.0,-999.0,-999.0,-999.0,0,-999.0,-999.0,-999.0,0,0,-999.0,-999.0,-999.0,-999.0,0,-999.0,-999.0,-999.0,-999.0,-999.0,0,-999.0,-999.0,-999.0,0,0,0.0156137331708539
PSO J223.8683+05.5587,-999,-999,-999,114672238682730857,3496239000116359,65296387919519,0,15189953373803,11467,1,1467,31,0.43190044391146,3496239,15203,3,1343750144,0,160,223.86827346,5.55866416,0.0010000000474974513,0.0010000000474974513,223.86827346,5.55866416,0.0010000000474974513,0.0010000000474974513,,,,,55971.37297454,-999.0,-0.717544793875173,-0.6897439130071631,0.09686487109474995,219.63280635114197,21.29907283437288,2.3704950244597844,53.45410243375253,-999,1,0,0,0,0,0,0,-999.0,-999.0,-999.0,-999.0,0,-999.0,-999.0,-999.0,-999.0,-999.0,0,-999.0,-999.0,-999.0,0,114720,-999.0,-999.0,-999.0,-999.0,0,-999.0,-999.0,-999.0,-999.0,-999.0,0,-999.0,-999.0,-999.0,0,16416,-999.0,-999.0,-999.0,-999.0,0,-999.0,-999.0,-999.0,-999.0,-999.0,0,-999.0,-999.0,-999.0,0,16416,-999.0,-999.0,-999.0,-999.0,0,-999.0,-999.0,-999.0,-999.0,-999.0,0,-999.0,-999.0,-999.0,0,16416,-999.0,-999.0,-999.0,-999.0,0,-999.0,-999.0,-999.0,-999.0,-999.0,0,-999.0,-999.0,-999.0,0,16416,0.01634066552200282
PSO J223.8690+05.5605,-999,-999,-999,114672238689503054,3496239000116374,65296387919534,0,15189953373694,11467,1,1467,31,0.0283948676925105,3496239,15203,3,1343750144,0,160,223.86895015,5.56049491,0.0010000000474974513,0.0010000000474974513,223.86895015,5.56049491,0.0010000000474974513,0.0010000000474974513,,,,,55971.37297454,-999.0,-0.7175344159297282,-0.6897502422177746,0.09689667340474019,219.63288933377152,21.301022008442736,2.3735840436000424,53.454751963373305,-999,1,0,0,0,0,0,0,-999.0,-999.0,-999.0,-999.0,0,-999.0,-999.0,-999.0,-999.0,-999.0,0,-999.0,-999.0,-999.0,0,16416,-999.0,-999.0,-999.0,-999.0,0,-999.0,-999.0,-999.0,-999.0,-999.0,0,-999.0,-999.0,-999.0,0,114720,-999.0,-999.0,-999.0,-999.0,0,-999.0,-999.0,-999.0,-999.0,-999.0,0,-999.0,-999.0,-999.0,0,16416,-999.0,-999.0,-999.0,-999.0,0,-999.0,-999.0,-999.0,-999.0,-999.0,0,-999.0,-999.0,-999.0,0,16416,-999.0,-999.0,-999.0,-999.0,0,-999.0,-999.0,-999.0,-999.0,-999.0,0,-999.0,-999.0,-999.0,0,16416,0.014987613105899734
PSO J223.8696+05.5621,-999,-999,-999,114672238695895003,3496239000021291,65296387822378,0,15189953379872,11467,1,1467,31,0.565054217879711,3496239,15203,3,268513280,0,32,-999.0,-999.0,-999.0,-999.0,223.8695679,5.56212982,0.016930000856518745,0.016930000856518745,,,,,55305.53513889,-999.0,-0.7175249855936415,-0.6897560620577828,0.09692507365684423,219.6329771056395,21.302766793404352,2.3763570400098772,53.455321640957926,-999,0,2,1,0,0,0,1,0.9995070099830627,18.266000747680664,0.007834999822080135,-999.0,1,18.266000747680664,18.266000747680664,19.11210060119629,0.025134999305009842,-999.0,1,19.083599090576172,0.007834999822080135,-999.0,1,24,-999.0,-999.0,-999.0,-999.0,0,-999.0,-999.0,-999.0,-999.0,-999.0,0,-999.0,-999.0,-999.0,0,0,-999.0,-999.0,-999.0,-999.0,0,-999.0,-999.0,-999.0,-999.0,-999.0,0,-999.0,-999.0,-999.0,0,0,-999.0,-999.0,-999.0,-999.0,0,-999.0,-999.0,-999.0,-999.0,-999.0,0,-999.0,-999.0,-999.0,0,0,0.7388299703598022,20.143999099731445,0.2961220145225525,-999.0,1,20.143999099731445,20.143999099731445,-999.0,-999.0,-999.0,0,-999.0,-999.0,-999.0,0,4112,0.01388701274027432
PSO J223.8697+05.5635,-999,-999,-999,114672238696876626,3496239000116384,65296387919544,0,15189953377053,11467,1,1467,31,0.00740830880348413,3496239,15203,3,1343750144,0,160,223.86968628,5.56347225,0.0010000000474974513,0.0010000000474974513,223.86968628,5.56347225,0.0010000000474974513,0.0010000000474974513,,,,,55940.11799769,-999.0,-0.7175219231165071,-0.6897559705540989,0.09694839313863077,219.63265392959786,21.304080316639485,2.3782193293337337,53.45608738590423,-999,1,0,0,0,0,0,0,-999.0,-999.0,-999.0,-999.0,0,-999.0,-999.0,-999.0,-999.0,-999.0,0,-999.0,-999.0,-999.0,0,114720,-999.0,-999.0,-999.0,-999.0,0,-999.0,-999.0,-999.0,-999.0,-999.0,0,-999.0,-999.0,-999.0,0,16416,-999.0,-999.0,-999.0,-999.0,0,-999.0,-999.0,-999.0,-999.0,-999.0,0,-999.0,-999.0,-999.0,0,16416,-999.0,-999.0,-999.0,-999.0,0,-999.0,-999.0,-999.0,-999.0,-999.0,0,-999.0,-999.0,-999.0,0,16416,-999.0,-999.0,-999.0,-999.0,0,-999.0,-999.0,-999.0,-999.0,-999.0,0,-999.0,-999.0,-999.0,0,16416,0.01346938185651442
PSO J223.8701+05.5591,-999,-999,-999,114672238701481425,3496239000116398,65296387919558,0,15189953373428,11467,1,1467,31,0.726757229051327,3496239,15203,3,1343750144,0,160,223.87014882,5.55913876,0.0010000000474974513,0.0010000000474974513,223.87014882,5.55913876,0.0010000000474974513,0.0010000000474974513,,,,,56125.39715278,-999.0,-0.7175216388816175,-0.6897668426616201,0.09687311547203138,219.6345556916439,21.300098898721934,2.373108739782346,53.452968046272304,-999,1,0,0,0,0,0,0,-999.0,-999.0,-999.0,-999.0,0,-999.0,-999.0,-999.0,-999.0,-999.0,0,-999.0,-999.0,-999.0,0,114720,-999.0,-999.0,-999.0,-999.0,0,-999.0,-999.0,-999.0,-999.0,-999.0,0,-999.0,-999.0,-999.0,0,16416,-999.0,-999.0,-999.0,-999.0,0,-999.0,-999.0,-999.0,-999.0,-999.0,0,-999.0,-999.0,-999.0,0,16416,-999.0,-999.0,-999.0,-999.0,0,-999.0,-999.0,-999.0,-999.0,-999.0,0,-999.0,-999.0,-999.0,0,16416,-999.0,-999.0,-999.0,-999.0,0,-999.0,-999.0,-999.0,-999.0,-999.0,0,-999.0,-999.0,-999.0,0,16416,0.01446213439245272
PSO J223.8705+05.5638,-999,-999,-999,114672238705396990,3496239000116401,65296387919561,0,15189953376979,11467,1,1467,31,0.285508702775006,3496239,15203,3,1343750144,0,160,223.87054116,5.56377575,0.0010000000474974513,0.0010000000474974513,223.87054116,5.56377575,0.0010000000474974513,0.0010000000474974513,,,,,56014.89693287,-999.0,-0.7175112613259176,-0.6897663203312389,0.0969536652592037,219.63342258648896,21.304630971740412,2.379523471885541,53.45562581626479,-999,1,0,0,0,0,0,0,-999.0,-999.0,-999.0,-999.0,0,-999.0,-999.0,-999.0,-999.0,-999.0,0,-999.0,-999.0,-999.0,0,114720,-999.0,-999.0,-999.0,-999.0,0,-999.0,-999.0,-999.0,-999.0,-999.0,0,-999.0,-999.0,-999.0,0,16416,-999.0,-999.0,-999.0,-999.0,0,-999.0,-999.0,-999.0,-999.0,-999.0,0,-999.0,-999.0,-999.0,0,16416,-999.0,-999.0,-999.0,-999.0,0,-999.0,-999.0,-999.0,-999.0,-999.0,0,-999.0,-999.0,-999.0,0,16416,-999.0,-999.0,-999.0,-999.0,0,-999.0,-999.0,-999.0,-999.0,-999.0,0,-999.0,-999.0,-999.0,0,16416,0.012578737876477104
PSO J223.8717+05.5628,-999,-999,-999,114672238716785772,3496239000116424,65296387919584,0,15189953380281,11467,1,1467,31,0.0555583611648142,3496239,15203,3,404226048,0,48,223.87167035,5.56276161,0.0010000000474974513,0.0010000000474974513,223.87167035,5.56276161,0.0010000000474974513,0.0010000000474974513,,,,,55971.37297454,-999.0,-0.717498904219231,-0.6897816501878944,0.09693604854886587,219.6349053691878,21.304011981780686,2.3794161015399524,53.45411337489263,-999,3,0,0,0,0,0,0,-999.0,-999.0,-999.0,-999.0,0,-999.0,-999.0,-999.0,-999.0,-999.0,0,-999.0,-999.0,-999.0,0,114720,-999.0,-999.0,-999.0,-999.0,0,-999.0,-999.0,-999.0,-999.0,-999.0,0,-999.0,-999.0,-999.0,0,114720,-999.0,-999.0,-999.0,-999.0,0,-999.0,-999.0,-999.0,-999.0,-999.0,0,-999.0,-999.0,-999.0,0,114720,-999.0,-999.0,-999.0,-999.0,0,-999.0,-999.0,-999.0,-999.0,-999.0,0,-999.0,-999.0,-999.0,0,16416,-999.0,-999.0,-999.0,-999.0,0,-999.0,-999.0,-999.0,-999.0,-999.0,0,-999.0,-999.0,-999.0,0,16416,0.011701643102929885
PSO J223.8720+05.5621,-999,-999,-999,114672238720284955,3496239000021685,65296387822772,0,15189953379535,11467,1,1467,31,0.0290650036456669,3496239,15203,3,268959744,0,32,-999.0,-999.0,-999.0,-999.0,223.87200414,5.56207547,0.324290007352829,0.324290007352829,,,,,55757.35329861,-999.0,-0.717495722514484,-0.6897866346102908,0.09692412953659985,219.63547131705607,21.303461402205794,2.3788847381122955,53.4534198038897,-999,0,1,0,0,0,0,1,-999.0,-999.0,-999.0,-999.0,0,-999.0,-999.0,-999.0,-999.0,-999.0,0,-999.0,-999.0,-999.0,0,0,-999.0,-999.0,-999.0,-999.0,0,-999.0,-999.0,-999.0,-999.0,-999.0,0,-999.0,-999.0,-999.0,0,0,-999.0,-999.0,-999.0,-999.0,0,-999.0,-999.0,-999.0,-999.0,-999.0,0,-999.0,-999.0,-999.0,0,0,-999.0,-999.0,-999.0,-999.0,0,-999.0,-999.0,-999.0,-999.0,-999.0,0,-999.0,-999.0,-999.0,0,0,0.7474219799041748,20.282699584960938,0.32394298911094666,-999.0,1,20.282699584960938,20.282699584960938,-999.0,-999.0,-999.0,0,20.361400604248047,0.32394298911094666,-999.0,1,4112,0.011589119578021032
PSO J223.8730+05.5594,-999,-999,-999,114672238729511683,3496239000116450,65296387919610,0,15189953366989,11467,1,1467,31,0.525028883968507,3496239,15203,3,1343750144,0,160,223.87295554,5.55936452,0.0010000000474974513,0.0010000000474974513,223.87295554,5.55936452,0.0010000000474974513,0.0010000000474974513,,,,,55947.65574074,-999.0,-0.7174875735854148,-0.6898017261611625,0.09687703719455114,219.63733390828355,21.301173491888683,2.376393713329012,53.450961050005596,-999,1,0,0,0,0,0,0,-999.0,-999.0,-999.0,-999.0,0,-999.0,-999.0,-999.0,-999.0,-999.0,0,-999.0,-999.0,-999.0,0,0,-999.0,-999.0,-999.0,-999.0,0,-999.0,-999.0,-999.0,-999.0,-999.0,0,-999.0,-999.0,-999.0,0,16416,-999.0,-999.0,-999.0,-999.0,0,-999.0,-999.0,-999.0,-999.0,-999.0,0,-999.0,-999.0,-999.0,0,114720,-999.0,-999.0,-999.0,-999.0,0,-999.0,-999.0,-999.0,-999.0,-999.0,0,-999.0,-999.0,-999.0,0,16416,-999.0,-999.0,-999.0,-999.0,0,-999.0,-999.0,-999.0,-999.0,-999.0,0,-999.0,-999.0,-999.0,0,16416,0.011937293667249046
PSO J223.8732+05.5595,-999,-999,-999,114672238732071905,3496239000116457,65296387919617,0,15189953367031,11467,1,1467,31,0.620565928165397,3496239,15203,3,1343750144,0,160,223.87320735,5.55953929,0.0010000000474974513,0.0010000000474974513,223.87320735,5.55953929,0.0010000000474974513,0.0010000000474974513,,,,,56066.2419213,-999.0,-0.7174843289337857,-0.6898046746429362,0.09688007315845794,219.63753211973608,21.301416914596224,2.3768882124242015,53.45087956746763,-999,1,0,0,0,0,0,0,-999.0,-999.0,-999.0,-999.0,0,-999.0,-999.0,-999.0,-999.0,-999.0,0,-999.0,-999.0,-999.0,0,114720,-999.0,-999.0,-999.0,-999.0,0,-999.0,-999.0,-999.0,-999.0,-999.0,0,-999.0,-999.0,-999.0,0,0,-999.0,-999.0,-999.0,-999.0,0,-999.0,-999.0,-999.0,-999.0,-999.0,0,-999.0,-999.0,-999.0,0,0,-999.0,-999.0,-999.0,-999.0,0,-999.0,-999.0,-999.0,-999.0,-999.0,0,-999.0,-999.0,-999.0,0,0,-999.0,-999.0,-999.0,-999.0,0,-999.0,-999.0,-999.0,-999.0,-999.0,0,-999.0,-999.0,-999.0,0,0,0.01163189718047371
PSO J223.8733+05.5662,-999,-999,-999,114672238733379945,3496239000116460,65296387919620,0,15189953370572,11467,1,1467,31,0.994808849873774,3496239,15203,3,1343750144,0,160,223.87333753,5.56623835,0.0010000000474974513,0.0010000000474974513,223.87333753,5.56623835,0.0010000000474974513,0.0010000000474974513,,,,,55906.63571759,-999.0,-0.7174745912041581,-0.6897984495418125,0.09699644316230158,219.6354513617894,21.30783066281904,2.3856901233311363,53.45505354526727,-999,1,0,0,0,0,0,0,-999.0,-999.0,-999.0,-999.0,0,-999.0,-999.0,-999.0,-999.0,-999.0,0,-999.0,-999.0,-999.0,0,114720,-999.0,-999.0,-999.0,-999.0,0,-999.0,-999.0,-999.0,-999.0,-999.0,0,-999.0,-999.0,-999.0,0,16416,-999.0,-999.0,-999.0,-999.0,0,-999.0,-999.0,-999.0,-999.0,-999.0,0,-999.0,-999.0,-999.0,0,16416,-999.0,-999.0,-999.0,-999.0,0,-999.0,-999.0,-999.0,-999.0,-999.0,0,-999.0,-999.0,-999.0,0,16416,-999.0,-999.0,-999.0,-999.0,0,-999.0,-999.0,-999.0,-999.0,-999.0,0,-999.0,-999.0,-999.0,0,16416,0.009623291308986552
PSO J223.8740+05.5626,-999,-999,-999,114672238740385584,3496239000022030,65296387823117,0,15189953378932,11467,1,1467,31,0.770116872871404,3496239,15203,3,268959744,0,32,-999.0,-999.0,-999.0,-999.0,223.87401674,5.56262023,0.23378999531269073,0.23378999531269073,,,,,56143.27934028,-999.0,-0.7174708279447477,-0.6898111985677915,0.09693359262270795,219.63733702898696,21.30459624069102,2.3817352511053085,53.452224824172504,-999,0,1,0,0,0,1,0,-999.0,-999.0,-999.0,-999.0,0,-999.0,-999.0,-999.0,-999.0,-999.0,0,-999.0,-999.0,-999.0,0,0,-999.0,-999.0,-999.0,-999.0,0,-999.0,-999.0,-999.0,-999.0,-999.0,0,-999.0,-999.0,-999.0,0,0,-999.0,-999.0,-999.0,-999.0,0,-999.0,-999.0,-999.0,-999.0,-999.0,0,-999.0,-999.0,-999.0,0,0,0.8223699927330017,20.598800659179688,0.2333109974861145,-999.0,1,20.598800659179688,20.598800659179688,20.679000854492188,0.28645700216293335,-999.0,1,21.028099060058594,0.2333109974861145,-999.0,1,4120,-999.0,-999.0,-999.0,-999.0,0,-999.0,-999.0,-999.0,-999.0,-999.0,0,-999.0,-999.0,-999.0,0,0,0.009519379162959269
PSO J223.8743+05.5617,-999,-999,-999,114672238743344470,3496239000116480,65296387919640,0,15189953365485,11467,1,1467,31,0.526685458167163,3496239,15203,3,1343750144,0,160,223.87434664,5.56167562,0.0010000000474974513,0.0010000000474974513,223.87434664,5.56167562,0.0010000000474974513,0.0010000000474974513,,,,,55877.61681713,-999.0,-0.7174680080214718,-0.6898164371561543,0.09691718369252572,219.6379844033593,21.30379853972521,2.3808654951615873,53.45136934819498,-999,1,0,0,0,0,0,0,-999.0,-999.0,-999.0,-999.0,0,-999.0,-999.0,-999.0,-999.0,-999.0,0,-999.0,-999.0,-999.0,0,114720,-999.0,-999.0,-999.0,-999.0,0,-999.0,-999.0,-999.0,-999.0,-999.0,0,-999.0,-999.0,-999.0,0,16416,-999.0,-999.0,-999.0,-999.0,0,-999.0,-999.0,-999.0,-999.0,-999.0,0,-999.0,-999.0,-999.0,0,16416,-999.0,-999.0,-999.0,-999.0,0,-999.0,-999.0,-999.0,-999.0,-999.0,0,-999.0,-999.0,-999.0,0,16416,-999.0,-999.0,-999.0,-999.0,0,-999.0,-999.0,-999.0,-999.0,-999.0,0,-999.0,-999.0,-999.0,0,16416,0.009587538995599198
PSO J223.8746+05.5646,-999,-999,-999,114672238745967970,3496239000116482,65296387919642,0,15189953370159,11467,1,1467,31,0.568754003912913,3496239,15203,3,1343750144,0,160,223.87463087,5.56459248,0.0010000000474974513,0.0010000000474974513,223.87463087,5.56459248,0.0010000000474974513,0.0010000000474974513,,,,,56041.68789352,-999.0,-0.7174610284070906,-0.6898165758051481,0.0969678527219218,219.63730971518524,21.306660879427895,2.384940579293355,53.453012302063165,-999,1,0,0,0,0,0,0,-999.0,-999.0,-999.0,-999.0,0,-999.0,-999.0,-999.0,-999.0,-999.0,0,-999.0,-999.0,-999.0,0,114720,-999.0,-999.0,-999.0,-999.0,0,-999.0,-999.0,-999.0,-999.0,-999.0,0,-999.0,-999.0,-999.0,0,16416,-999.0,-999.0,-999.0,-999.0,0,-999.0,-999.0,-999.0,-999.0,-999.0,0,-999.0,-999.0,-999.0,0,16416,-999.0,-999.0,-999.0,-999.0,0,-999.0,-999.0,-999.0,-999.0,-999.0,0,-999.0,-999.0,-999.0,0,16416,-999.0,-999.0,-999.0,-999.0,0,-999.0,-999.0,-999.0,-999.0,-999.0,0,-999.0,-999.0,-999.0,0,16416,0.008429825892056705
PSO J223.8747+05.5599,-999,-999,-999,114672238746702364,3496239000022175,65296387823262,0,15189953367433,11467,1,1467,31,0.123682357486042,3496239,15203,3,436527104,7,52,223.87467813,5.559921,0.0010000000474974513,0.0010000000474974513,223.87466245098085,5.559929148524743,0.008059606578716863,0.008059606578716863,14.261778032886863,-4.9701700567839255,5.850159609086755,5.850159609086755,56098.461553001005,3.6493403911590576,-0.717466335006026,-0.6898224389718365,0.09688684546401496,219.63888712552696,21.302223474791486,2.3789308961941575,53.45000520462323,-999,5,45,5,10,12,10,8,0.9997810125350952,21.395200729370117,0.018518999218940735,0.037856001406908035,3,21.347400665283203,21.415800094604492,21.02400016784668,0.2384449988603592,0.345223993062973,3,21.059499740600586,0.21858200430870056,0.387611985206604,3,115000,0.9996680021286011,20.547300338745117,0.05366399884223938,0.1693120002746582,10,20.279800415039062,20.804100036621094,20.67889976501465,0.024907000362873077,0.18984299898147583,10,20.606700897216797,0.08672700077295303,0.1524060070514679,10,115000,0.9996309876441956,20.193500518798828,0.0314520001411438,0.08825299888849258,12,20.11639976501465,20.35890007019043,20.332399368286133,0.027387000620365143,0.15074299275875092,12,20.212400436401367,0.0438620001077652,0.17145100235939026,12,115000,0.9984369874000549,20.018199920654297,0.03862399980425835,0.11368100345134735,9,19.904300689697266,20.24090003967285,20.245899200439453,0.0846410021185875,0.28024500608444214,9,20.066999435424805,0.06242699921131134,0.23374399542808533,9,115000,0.9988170266151428,19.813800811767578,0.029208999127149582,0.09994900226593018,5,19.6343994140625,19.87070083618164,19.81450080871582,0.08554600179195404,0.13315600156784058,5,19.732500076293945,0.08107399940490723,0.372420996427536,5,115000,0.010216134210213269
PSO J223.8754+05.5640,-999,-999,-999,114672238754147244,3496239000106586,65296387907675,0,15189953365052,11467,1,1467,31,0.0173370167774493,3496239,15203,3,268513280,0,32,-999.0,-999.0,-999.0,-999.0,223.87540316,5.56399983,0.019530000165104866,0.019530000165104866,,,,,55239.58606481,-999.0,-0.7174524532790778,-0.6898269415408529,0.09695755776743485,219.63829049445306,21.30633356914435,2.384997580532221,53.45204229887421,-999,0,1,0,0,0,0,1,-999.0,-999.0,-999.0,-999.0,0,-999.0,-999.0,-999.0,-999.0,-999.0,0,-999.0,-999.0,-999.0,0,0,-999.0,-999.0,-999.0,-999.0,0,-999.0,-999.0,-999.0,-999.0,-999.0,0,-999.0,-999.0,-999.0,0,0,-999.0,-999.0,-999.0,-999.0,0,-999.0,-999.0,-999.0,-999.0,-999.0,0,-999.0,-999.0,-999.0,0,0,-999.0,-999.0,-999.0,-999.0,0,-999.0,-999.0,-999.0,-999.0,-999.0,0,-999.0,-999.0,-999.0,0,0,0.9795650243759155,16.57159996032715,0.012513999827206135,-999.0,1,16.57159996032715,16.57159996032715,17.142900466918945,0.028536999598145485,-999.0,1,17.084400177001953,0.012513999827206135,-999.0,1,24,0.007793230617898149
PSO J223.8754+05.5652,-999,-999,-999,114672238754558650,3496239000022315,65296387823402,0,15189953438768,11467,1,1467,31,0.821530933325673,3496239,15203,3,268959744,0,32,-999.0,-999.0,-999.0,-999.0,223.87543556,5.56516541,0.2673799991607666,0.2673799991607666,,,,,56335.659375,-999.0,-0.7174506412212556,-0.6898259800321932,0.09697780510938332,219.63793837260494,21.307452496113417,2.3865394857995117,53.45276100896284,-999,0,1,0,0,0,0,1,-999.0,-999.0,-999.0,-999.0,0,-999.0,-999.0,-999.0,-999.0,-999.0,0,-999.0,-999.0,-999.0,0,0,-999.0,-999.0,-999.0,-999.0,0,-999.0,-999.0,-999.0,-999.0,-999.0,0,-999.0,-999.0,-999.0,0,0,-999.0,-999.0,-999.0,-999.0,0,-999.0,-999.0,-999.0,-999.0,-999.0,0,-999.0,-999.0,-999.0,0,0,-999.0,-999.0,-999.0,-999.0,0,-999.0,-999.0,-999.0,-999.0,-999.0,0,-999.0,-999.0,-999.0,0,0,0.5537199974060059,20.222999572753906,0.2669599950313568,-999.0,1,20.222999572753906,20.222999572753906,-999.0,-999.0,-999.0,0,22.34779930114746,0.2669599950313568,-999.0,1,4120,0.0075633772520935965
PSO J223.8758+05.5592,-999,-999,-999,114672238758681429,3496239000022385,65296387823472,0,15189953367315,11467,1,1467,31,0.439921422339903,3496239,15203,3,302067712,0,36,-999.0,-999.0,-999.0,-999.0,223.87583556,5.55915528,0.19287000596523285,0.19287000596523285,,,,,55306.34664352,-999.0,-0.7174531542425479,-0.689838035604211,0.09687340244433622,219.6403303574303,21.301856617715025,2.3791940816173356,53.44862027068036,-999,0,1,0,1,0,0,0,-999.0,-999.0,-999.0,-999.0,0,-999.0,-999.0,-999.0,-999.0,-999.0,0,-999.0,-999.0,-999.0,0,0,0.9992160201072693,20.956300735473633,0.1922830045223236,-999.0,1,20.956300735473633,20.956300735473633,20.700599670410156,0.26912200450897217,-999.0,1,20.593599319458008,0.1922830045223236,-999.0,1,272,-999.0,-999.0,-999.0,-999.0,0,-999.0,-999.0,-999.0,-999.0,-999.0,0,-999.0,-999.0,-999.0,0,0,-999.0,-999.0,-999.0,-999.0,0,-999.0,-999.0,-999.0,-999.0,-999.0,0,-999.0,-999.0,-999.0,0,0,-999.0,-999.0,-999.0,-999.0,0,-999.0,-999.0,-999.0,-999.0,-999.0,0,-999.0,-999.0,-999.0,0,0,0.009806958789305696
PSO J223.8762+05.5630,-999,-999,-999,114672238761996033,3496239000116514,65296387919674,0,15189953365129,11467,1,1467,31,0.647980532281083,3496239,15203,3,1343750144,0,160,223.87619991,5.56297864,0.0010000000474974513,0.0010000000474974513,223.87619991,5.56297864,0.0010000000474974513,0.0010000000474974513,,,,,55971.37297454,-999.0,-0.717444106096434,-0.689838115935725,0.09693981859761168,219.63943769927795,21.305606007868686,2.384526487304643,53.4507801691749,-999,1,0,0,0,0,0,0,-999.0,-999.0,-999.0,-999.0,0,-999.0,-999.0,-999.0,-999.0,-999.0,0,-999.0,-999.0,-999.0,0,114720,-999.0,-999.0,-999.0,-999.0,0,-999.0,-999.0,-999.0,-999.0,-999.0,0,-999.0,-999.0,-999.0,0,16416,-999.0,-999.0,-999.0,-999.0,0,-999.0,-999.0,-999.0,-999.0,-999.0,0,-999.0,-999.0,-999.0,0,16416,-999.0,-999.0,-999.0,-999.0,0,-999.0,-999.0,-999.0,-999.0,-999.0,0,-999.0,-999.0,-999.0,0,16416,-999.0,-999.0,-999.0,-999.0,0,-999.0,-999.0,-999.0,-999.0,-999.0,0,-999.0,-999.0,-999.0,0,16416,0.007366873764585514
PSO J223.8766+05.5603,-999,-999,-999,114672238765932871,3496239000116522,65296387919682,0,15189953367738,11467,1,1467,31,0.459871103484064,3496239,15203,3,1343750144,0,160,223.8765932,5.56034373,0.0010000000474974513,0.0010000000474974513,223.8765932,5.56034373,0.0010000000474974513,0.0010000000474974513,,,,,56034.2509375,-999.0,-0.7174425836489227,-0.6898461297841912,0.09689404723166103,219.64070786805033,21.303219459871745,2.3815385931058017,53.44879779404353,-999,1,0,0,0,0,0,0,-999.0,-999.0,-999.0,-999.0,0,-999.0,-999.0,-999.0,-999.0,-999.0,0,-999.0,-999.0,-999.0,0,114720,-999.0,-999.0,-999.0,-999.0,0,-999.0,-999.0,-999.0,-999.0,-999.0,0,-999.0,-999.0,-999.0,0,16416,-999.0,-999.0,-999.0,-999.0,0,-999.0,-999.0,-999.0,-999.0,-999.0,0,-999.0,-999.0,-999.0,0,16416,-999.0,-999.0,-999.0,-999.0,0,-999.0,-999.0,-999.0,-999.0,-999.0,0,-999.0,-999.0,-999.0,0,16416,-999.0,-999.0,-999.0,-999.0,0,-999.0,-999.0,-999.0,-999.0,-999.0,0,-999.0,-999.0,-999.0,0,16416,0.00844986769832144
PSO J223.8769+05.5620,-999,-999,-999,114672238769014916,3496239000116531,65296387919691,0,15189953365730,11467,1,1467,31,0.544778922148774,3496239,15203,3,1343750144,0,160,223.87690186,5.56204701,0.0010000000474974513,0.0010000000474974513,223.87690186,5.56204701,0.0010000000474974513,0.0010000000474974513,,,,,55971.37297454,-999.0,-0.7174367907111726,-0.6898479979549695,0.09692363515455668,219.64045895094733,21.30493461524939,2.3840701650049865,53.44964783051557,-999,1,0,0,0,0,0,0,-999.0,-999.0,-999.0,-999.0,0,-999.0,-999.0,-999.0,-999.0,-999.0,0,-999.0,-999.0,-999.0,0,114720,-999.0,-999.0,-999.0,-999.0,0,-999.0,-999.0,-999.0,-999.0,-999.0,0,-999.0,-999.0,-999.0,0,16416,-999.0,-999.0,-999.0,-999.0,0,-999.0,-999.0,-999.0,-999.0,-999.0,0,-999.0,-999.0,-999.0,0,16416,-999.0,-999.0,-999.0,-999.0,0,-999.0,-999.0,-999.0,-999.0,-999.0,0,-999.0,-999.0,-999.0,0,16416,-999.0,-999.0,-999.0,-999.0,0,-999.0,-999.0,-999.0,-999.0,-999.0,0,-999.0,-999.0,-999.0,0,16416,0.007182682673400552
PSO J223.8776+05.5604,-999,-999,-999,114672238775812994,3496239000116540,65296387919700,0,15189953364479,11467,1,1467,31,0.0127262827127485,3496239,15203,3,1343750144,0,160,223.87758132,5.56044553,0.0010000000474974513,0.0010000000474974513,223.87758132,5.56044553,0.0010000000474974513,0.0010000000474974513,,,,,56125.39715278,-999.0,-0.7174305623971088,-0.6898583833328169,0.0968958156165709,219.64167860660504,21.30361899019291,2.3827237362663056,53.448105396770245,-999,1,0,0,0,0,0,0,-999.0,-999.0,-999.0,-999.0,0,-999.0,-999.0,-999.0,-999.0,-999.0,0,-999.0,-999.0,-999.0,0,114720,-999.0,-999.0,-999.0,-999.0,0,-999.0,-999.0,-999.0,-999.0,-999.0,0,-999.0,-999.0,-999.0,0,16416,-999.0,-999.0,-999.0,-999.0,0,-999.0,-999.0,-999.0,-999.0,-999.0,0,-999.0,-999.0,-999.0,0,16416,-999.0,-999.0,-999.0,-999.0,0,-999.0,-999.0,-999.0,-999.0,-999.0,0,-999.0,-999.0,-999.0,0,16416,-999.0,-999.0,-999.0,-999.0,0,-999.0,-999.0,-999.0,-999.0,-999.0,0,-999.0,-999.0,-999.0,0,16416,0.007662025110005645
PSO J223.8782+05.5637,-999,-999,-999,114672238781876914,3496239000116546,65296387919706,0,15189953432256,11467,1,1467,31,0.405621339013447,3496239,15203,3,1343750144,0,160,223.87818772,5.56371337,0.0010000000474974513,0.0010000000474974513,223.87818772,5.56371337,0.0010000000474974513,0.0010000000474974513,,,,,56125.39715278,-999.0,-0.7174192764319572,-0.6898621447179696,0.09695258165190904,219.64121550476324,21.306913970241407,2.387595909097306,53.4497252532305,-999,1,0,0,0,0,0,0,-999.0,-999.0,-999.0,-999.0,0,-999.0,-999.0,-999.0,-999.0,-999.0,0,-999.0,-999.0,-999.0,0,114720,-999.0,-999.0,-999.0,-999.0,0,-999.0,-999.0,-999.0,-999.0,-999.0,0,-999.0,-999.0,-999.0,0,16416,-999.0,-999.0,-999.0,-999.0,0,-999.0,-999.0,-999.0,-999.0,-999.0,0,-999.0,-999.0,-999.0,0,16416,-999.0,-999.0,-999.0,-999.0,0,-999.0,-999.0,-999.0,-999.0,-999.0,0,-999.0,-999.0,-999.0,0,16416,-999.0,-999.0,-999.0,-999.0,0,-999.0,-999.0,-999.0,-999.0,-999.0,0,-999.0,-999.0,-999.0,0,16416,0.0052601605113036624
PSO J223.8783+05.5592,-999,-999,-999,114672238782881523,3496239000116548,65296387919708,0,15189953364049,11467,1,1467,31,0.148173219662321,3496239,15203,3,1343750144,0,160,223.87829975,5.55923227,0.0010000000474974513,0.0010000000474974513,223.87829975,5.55923227,0.0010000000474974513,0.0010000000474974513,,,,,55877.61681713,-999.0,-0.7174233910367652,-0.6898688011293633,0.09687473985329474,219.64280961810383,21.302684673432946,2.381920921092075,53.44678074831534,-999,1,0,0,0,0,0,0,-999.0,-999.0,-999.0,-999.0,0,-999.0,-999.0,-999.0,-999.0,-999.0,0,-999.0,-999.0,-999.0,0,114720,-999.0,-999.0,-999.0,-999.0,0,-999.0,-999.0,-999.0,-999.0,-999.0,0,-999.0,-999.0,-999.0,0,16416,-999.0,-999.0,-999.0,-999.0,0,-999.0,-999.0,-999.0,-999.0,-999.0,0,-999.0,-999.0,-999.0,0,16416,-999.0,-999.0,-999.0,-999.0,0,-999.0,-999.0,-999.0,-999.0,-999.0,0,-999.0,-999.0,-999.0,0,16416,-999.0,-999.0,-999.0,-999.0,0,-999.0,-999.0,-999.0,-999.0,-999.0,0,-999.0,-999.0,-999.0,0,16416,0.008135325066560393
PSO J223.8785+05.5628,-999,-999,-999,114672238785155764,3496239000116552,65296387919712,0,15189953432974,11467,1,1467,31,0.795729881893592,3496239,15203,3,1343750144,0,160,223.87851546,5.56275498,0.0010000000474974513,0.0010000000474974513,223.87851546,5.56275498,0.0010000000474974513,0.0010000000474974513,,,,,56206.31975694,-999.0,-0.7174164991725628,-0.6898673724238786,0.09693593337848419,219.6418652301658,21.306102485696716,2.386705973687043,53.448862681815775,-999,1,0,0,0,0,0,0,-999.0,-999.0,-999.0,-999.0,0,-999.0,-999.0,-999.0,-999.0,-999.0,0,-999.0,-999.0,-999.0,0,114720,-999.0,-999.0,-999.0,-999.0,0,-999.0,-999.0,-999.0,-999.0,-999.0,0,-999.0,-999.0,-999.0,0,16416,-999.0,-999.0,-999.0,-999.0,0,-999.0,-999.0,-999.0,-999.0,-999.0,0,-999.0,-999.0,-999.0,0,16416,-999.0,-999.0,-999.0,-999.0,0,-999.0,-999.0,-999.0,-999.0,-999.0,0,-999.0,-999.0,-999.0,0,16416,-999.0,-999.0,-999.0,-999.0,0,-999.0,-999.0,-999.0,-999.0,-999.0,0,-999.0,-999.0,-999.0,0,16416,0.005453240482468946
PSO J223.8786+05.5581,-999,-999,-999,114672238786520184,3496239000022877,65296387823964,0,15189951480042,11467,1,1467,31,0.271278008139951,3496239,15203,3,302067712,0,36,-999.0,-999.0,-999.0,-999.0,223.87863935,5.55811405,0.21908999979496002,0.21908999979496002,,,,,55694.35231481,-999.0,-0.7174206647511213,-0.6898743637377616,0.09685531500892336,219.64352416775017,21.301724743196928,2.3808371577317833,53.4458070754055,-999,0,1,0,1,0,0,0,-999.0,-999.0,-999.0,-999.0,0,-999.0,-999.0,-999.0,-999.0,-999.0,0,-999.0,-999.0,-999.0,0,0,0.8486499786376953,21.114599227905273,0.21857699751853943,-999.0,1,21.114599227905273,21.114599227905273,-999.0,-999.0,-999.0,0,-999.0,-999.0,-999.0,0,528,-999.0,-999.0,-999.0,-999.0,0,-999.0,-999.0,-999.0,-999.0,-999.0,0,-999.0,-999.0,-999.0,0,0,-999.0,-999.0,-999.0,-999.0,0,-999.0,-999.0,-999.0,-999.0,-999.0,0,-999.0,-999.0,-999.0,0,0,-999.0,-999.0,-999.0,-999.0,0,-999.0,-999.0,-999.0,-999.0,-999.0,0,-999.0,-999.0,-999.0,0,0,0.008903422761803632
PSO J223.8787+05.5607,-999,-999,-999,114672238786783341,3496239000022883,65296387823970,0,15189953430216,11467,1,1467,31,0.746739479477275,3496239,15203,3,268959744,0,32,-999.0,-999.0,-999.0,-999.0,223.87867873,5.5607357,-999.0,-999.0,,,,,-999.0,-999.0,-0.7174169953941443,-0.6898717843092589,0.09690085620673217,219.64269821392986,21.304231220104192,2.384268929639594,53.447449391135635,-999,0,1,1,0,0,0,0,-999.0,-999.0,-999.0,-999.0,0,-999.0,-999.0,-999.0,-999.0,-999.0,0,-999.0,-999.0,-999.0,0,24,-999.0,-999.0,-999.0,-999.0,0,-999.0,-999.0,-999.0,-999.0,-999.0,0,-999.0,-999.0,-999.0,0,0,-999.0,-999.0,-999.0,-999.0,0,-999.0,-999.0,-999.0,-999.0,-999.0,0,-999.0,-999.0,-999.0,0,0,-999.0,-999.0,-999.0,-999.0,0,-999.0,-999.0,-999.0,-999.0,-999.0,0,-999.0,-999.0,-999.0,0,0,-999.0,-999.0,-999.0,-999.0,0,-999.0,-999.0,-999.0,-999.0,-999.0,0,-999.0,-999.0,-999.0,0,0,0.006711487830704897
PSO J223.8788+05.5590,-999,-999,-999,114672238788521221,3496239000022917,65296387824004,0,15189953364202,11467,1,1467,31,0.905420163558256,3496239,15203,3,268513280,0,32,-999.0,-999.0,-999.0,-999.0,223.87883351,5.5589722,0.033629998564720154,0.033629998564720154,,,,,55694.34011574,-999.0,-0.7174172812253574,-0.6898757893019021,0.09687022212369441,219.64343805979055,21.30260071682838,2.382153714386583,53.44620573526971,-999,0,1,0,0,1,0,0,-999.0,-999.0,-999.0,-999.0,0,-999.0,-999.0,-999.0,-999.0,-999.0,0,-999.0,-999.0,-999.0,0,0,-999.0,-999.0,-999.0,-999.0,0,-999.0,-999.0,-999.0,-999.0,-999.0,0,-999.0,-999.0,-999.0,0,0,0.9977650046348572,18.890199661254883,0.030093999579548836,-999.0,1,18.890199661254883,18.890199661254883,19.20439910888672,0.06289999932050705,-999.0,1,19.09119987487793,0.030093999579548836,-999.0,1,16,-999.0,-999.0,-999.0,-999.0,0,-999.0,-999.0,-999.0,-999.0,-999.0,0,-999.0,-999.0,-999.0,0,0,-999.0,-999.0,-999.0,-999.0,0,-999.0,-999.0,-999.0,-999.0,-999.0,0,-999.0,-999.0,-999.0,0,0,0.008063797268011022
PSO J223.8791+05.5607,-999,-999,-999,114672238790703311,3496239000022957,65296387824044,0,15189953430096,11467,1,1467,31,0.0415877262517696,3496239,15203,3,268513280,0,32,-999.0,-999.0,-999.0,-999.0,223.87905407,5.56071121,0.015860000625252724,0.015860000625252724,,,,,56721.58826389,-999.0,-0.7174125059392357,-0.6898765127435977,0.09690043078706374,219.64308781767426,21.304322886320602,2.384637416393178,53.44714608302327,-999,0,1,1,0,0,0,0,0.9990599751472473,17.63170051574707,0.0051020001992583275,-999.0,1,17.63170051574707,17.63170051574707,18.072999954223633,0.012178000062704086,-999.0,1,18.043899536132812,0.0051020001992583275,-999.0,1,24,-999.0,-999.0,-999.0,-999.0,0,-999.0,-999.0,-999.0,-999.0,-999.0,0,-999.0,-999.0,-999.0,0,0,-999.0,-999.0,-999.0,-999.0,0,-999.0,-999.0,-999.0,-999.0,-999.0,0,-999.0,-999.0,-999.0,0,0,-999.0,-999.0,-999.0,-999.0,0,-999.0,-999.0,-999.0,-999.0,-999.0,0,-999.0,-999.0,-999.0,0,0,-999.0,-999.0,-999.0,-999.0,0,-999.0,-999.0,-999.0,-999.0,-999.0,0,-999.0,-999.0,-999.0,0,0,0.006497936719173368
PSO J223.8794+05.5590,-999,-999,-999,114672238794451302,3496239000023018,65296387824105,0,15189953429548,11467,1,1467,31,0.810706297690707,3496239,15203,3,310456320,0,37,-999.0,-999.0,-999.0,-999.0,223.8794217,5.55903989,0.18467000126838684,0.18467000126838684,,,,,55305.54534722,-999.0,-0.7174101165331285,-0.6898830748388901,0.09687139798083524,219.64401356245705,21.30284528372217,2.382868314486572,53.445798100457026,-999,0,1,1,0,0,0,0,0.9989849925041199,21.740100860595703,0.1840600073337555,-999.0,1,21.740100860595703,21.740100860595703,20.802600860595703,0.17637300491333008,-999.0,1,20.832300186157227,0.1840600073337555,-999.0,1,16777496,-999.0,-999.0,-999.0,-999.0,0,-999.0,-999.0,-999.0,-999.0,-999.0,0,-999.0,-999.0,-999.0,0,0,-999.0,-999.0,-999.0,-999.0,0,-999.0,-999.0,-999.0,-999.0,-999.0,0,-999.0,-999.0,-999.0,0,0,-999.0,-999.0,-999.0,-999.0,0,-999.0,-999.0,-999.0,-999.0,-999.0,0,-999.0,-999.0,-999.0,0,0,-999.0,-999.0,-999.0,-999.0,0,-999.0,-999.0,-999.0,-999.0,-999.0,0,-999.0,-999.0,-999.0,0,0,0.007718843053079534
PSO J223.8795+05.5607,-999,-999,-999,114672238795043291,3496239000023030,65296387824117,0,15189953430505,11467,1,1467,31,0.645782420081815,3496239,15203,3,268959744,0,32,-999.0,-999.0,-999.0,-999.0,223.87950441,5.5606938,-999.0,-999.0,,,,,-999.0,-999.0,-0.7174071047692272,-0.6898821719332829,0.0969001283551858,219.643551317043,21.30444426076131,2.385095009529291,53.44678980520782,-999,0,1,1,0,0,0,0,-999.0,-999.0,-999.0,-999.0,0,-999.0,-999.0,-999.0,-999.0,-999.0,0,-999.0,-999.0,-999.0,0,24,-999.0,-999.0,-999.0,-999.0,0,-999.0,-999.0,-999.0,-999.0,-999.0,0,-999.0,-999.0,-999.0,0,0,-999.0,-999.0,-999.0,-999.0,0,-999.0,-999.0,-999.0,-999.0,-999.0,0,-999.0,-999.0,-999.0,0,0,-999.0,-999.0,-999.0,-999.0,0,-999.0,-999.0,-999.0,-999.0,-999.0,0,-999.0,-999.0,-999.0,0,0,-999.0,-999.0,-999.0,-999.0,0,-999.0,-999.0,-999.0,-999.0,-999.0,0,-999.0,-999.0,-999.0,0,0,0.0062517215923658526
PSO J223.8798+05.5585,-999,-999,-999,114672238797960644,3496239000023077,65296387824164,0,15189953249280,11467,1,1467,31,0.847741437934098,3496239,15203,3,1384198144,0,165,223.87969575,5.55875723,0.0010000000474974513,0.0010000000474974513,223.87976902,5.55849811,0.17771999537944794,0.17771999537944794,,,,,55305.53513889,-999.0,-0.7174065947508482,-0.6898880585712684,0.09686198660340468,219.64454555046828,21.30243617960237,2.3825380906387594,53.445186264726246,-999,1,1,1,0,0,0,0,0.9991959929466248,21.752399444580078,0.1770859956741333,-999.0,1,21.752399444580078,21.752399444580078,21.02829933166504,0.17709000408649445,-999.0,1,20.754600524902344,0.1770859956741333,-999.0,1,16892216,-999.0,-999.0,-999.0,-999.0,0,-999.0,-999.0,-999.0,-999.0,-999.0,0,-999.0,-999.0,-999.0,0,16416,-999.0,-999.0,-999.0,-999.0,0,-999.0,-999.0,-999.0,-999.0,-999.0,0,-999.0,-999.0,-999.0,0,16416,-999.0,-999.0,-999.0,-999.0,0,-999.0,-999.0,-999.0,-999.0,-999.0,0,-999.0,-999.0,-999.0,0,16416,-999.0,-999.0,-999.0,-999.0,0,-999.0,-999.0,-999.0,-999.0,-999.0,0,-999.0,-999.0,-999.0,0,16416,0.008059257576619495
PSO J223.8798+05.5582,-999,-999,-999,114672238798830293,3496239000023093,65296387824180,0,15189951610889,11467,1,1467,31,0.908593702976213,3496239,15203,3,268959744,0,32,-999.0,-999.0,-999.0,-999.0,223.87981725,5.55824738,0.14365999400615692,0.14365999400615692,,,,,55694.34760417,-999.0,-0.717406319541649,-0.689888956264995,0.09685763111547338,219.64467739213617,21.302212390182817,2.3822653279970614,53.44498934328827,-999,0,3,0,1,2,0,0,-999.0,-999.0,-999.0,-999.0,0,-999.0,-999.0,-999.0,-999.0,-999.0,0,-999.0,-999.0,-999.0,0,0,0.7549809813499451,21.15559959411621,0.21012400090694427,-999.0,1,21.15559959411621,21.15559959411621,-999.0,-999.0,-999.0,0,23.07379913330078,0.21012400090694427,-999.0,1,4112,0.7310879826545715,20.972700119018555,0.13226200640201569,0.1871200054883957,2,20.836700439453125,21.101200103759766,-999.0,-999.0,-999.0,0,21.412799835205078,0.038472000509500504,0.042555999010801315,2,4112,-999.0,-999.0,-999.0,-999.0,0,-999.0,-999.0,-999.0,-999.0,-999.0,0,-999.0,-999.0,-999.0,0,0,-999.0,-999.0,-999.0,-999.0,0,-999.0,-999.0,-999.0,-999.0,-999.0,0,-999.0,-999.0,-999.0,0,0,0.008271264028750046
PSO J223.8799+05.5613,-999,-999,-999,114672238799544013,3496239000023101,65296387824188,0,15189953429839,11467,1,1467,31,0.692042171668301,3496239,15203,3,268959744,0,32,-999.0,-999.0,-999.0,-999.0,223.87994143,5.56130452,0.25995999574661255,0.25995999574661255,,,,,55608.61568287,-999.0,-0.7174010981909567,-0.6898869279217769,0.09691073726405366,219.64379379368023,21.305159200199554,2.3863505969635024,53.446844432909465,-999,0,1,0,0,0,0,1,-999.0,-999.0,-999.0,-999.0,0,-999.0,-999.0,-999.0,-999.0,-999.0,0,-999.0,-999.0,-999.0,0,0,-999.0,-999.0,-999.0,-999.0,0,-999.0,-999.0,-999.0,-999.0,-999.0,0,-999.0,-999.0,-999.0,0,0,-999.0,-999.0,-999.0,-999.0,0,-999.0,-999.0,-999.0,-999.0,-999.0,0,-999.0,-999.0,-999.0,0,0,-999.0,-999.0,-999.0,-999.0,0,-999.0,-999.0,-999.0,-999.0,-999.0,0,-999.0,-999.0,-999.0,0,0,0.8168060183525085,19.887399673461914,0.2595289945602417,-999.0,1,19.887399673461914,19.887399673461914,-999.0,-999.0,-999.0,0,20.583200454711914,0.2595289945602417,-999.0,1,4112,0.005502291276212686
PSO J223.8805+05.5581,-999,-999,-999,114672238805530179,3496239000023185,65296387824272,0,15189951398100,11467,1,1467,31,0.472838245772606,3496239,15203,3,310456320,0,37,-999.0,-999.0,-999.0,-999.0,223.88050463,5.55812734,0.17792999744415283,0.17792999744415283,,,,,55306.35479167,-999.0,-0.7173981891263935,-0.6898977036285049,0.09685554587263887,219.645415725258,21.302308715434503,2.382842929772555,53.4443859202071,-999,0,1,0,1,0,0,0,-999.0,-999.0,-999.0,-999.0,0,-999.0,-999.0,-999.0,-999.0,-999.0,0,-999.0,-999.0,-999.0,0,0,0.9989709854125977,20.838699340820312,0.17729400098323822,-999.0,1,20.838699340820312,20.838699340820312,19.78510093688965,0.16818900406360626,-999.0,1,19.92959976196289,0.17729400098323822,-999.0,1,16777488,-999.0,-999.0,-999.0,-999.0,0,-999.0,-999.0,-999.0,-999.0,-999.0,0,-999.0,-999.0,-999.0,0,0,-999.0,-999.0,-999.0,-999.0,0,-999.0,-999.0,-999.0,-999.0,-999.0,0,-999.0,-999.0,-999.0,0,0,-999.0,-999.0,-999.0,-999.0,0,-999.0,-999.0,-999.0,-999.0,-999.0,0,-999.0,-999.0,-999.0,0,0,0.00814838753790435
PSO J223.8812+05.5645,-999,-999,-999,114672238812287832,3496239000116599,65296387919759,0,15189953444452,11467,1,1467,31,0.0110250273822109,3496239,15203,3,1343750144,0,160,223.88122862,5.56447707,0.0010000000474974513,0.0010000000474974513,223.88122862,5.56447707,0.0010000000474974513,0.0010000000474974513,,,,,56125.39715278,-999.0,-0.7173817303558743,-0.6898993240226581,0.09696584792952279,219.6440542011427,21.30857204408718,2.3918252478939626,53.44788153231353,-999,1,0,0,0,0,0,0,-999.0,-999.0,-999.0,-999.0,0,-999.0,-999.0,-999.0,-999.0,-999.0,0,-999.0,-999.0,-999.0,0,114720,-999.0,-999.0,-999.0,-999.0,0,-999.0,-999.0,-999.0,-999.0,-999.0,0,-999.0,-999.0,-999.0,0,16416,-999.0,-999.0,-999.0,-999.0,0,-999.0,-999.0,-999.0,-999.0,-999.0,0,-999.0,-999.0,-999.0,0,16416,-999.0,-999.0,-999.0,-999.0,0,-999.0,-999.0,-999.0,-999.0,-999.0,0,-999.0,-999.0,-999.0,0,16416,-999.0,-999.0,-999.0,-999.0,0,-999.0,-999.0,-999.0,-999.0,-999.0,0,-999.0,-999.0,-999.0,0,16416,0.002258096645061811
PSO J223.8815+05.5655,-999,-999,-999,114672238815539098,3496239000023341,65296387824428,0,15189953444840,11467,1,1467,31,0.749684720998336,3496239,15203,3,310456320,0,37,-999.0,-999.0,-999.0,-999.0,223.88154065,5.56553129,0.16985000669956207,0.16985000669956207,,,,,55338.39131944,-999.0,-0.7173766871078933,-0.6899019940139104,0.09698416081883765,219.644023129993,21.309670674594365,2.3935211716051334,53.448314786926446,-999,0,1,0,1,0,0,0,-999.0,-999.0,-999.0,-999.0,0,-999.0,-999.0,-999.0,-999.0,-999.0,0,-999.0,-999.0,-999.0,0,0,0.9058529734611511,21.20599937438965,0.16918399930000305,-999.0,1,21.20599937438965,21.20599937438965,20.292600631713867,0.1301479935646057,-999.0,1,20.326400756835938,0.16918399930000305,-999.0,1,16777496,-999.0,-999.0,-999.0,-999.0,0,-999.0,-999.0,-999.0,-999.0,-999.0,0,-999.0,-999.0,-999.0,0,0,-999.0,-999.0,-999.0,-999.0,0,-999.0,-999.0,-999.0,-999.0,-999.0,0,-999.0,-999.0,-999.0,0,0,-999.0,-999.0,-999.0,-999.0,0,-999.0,-999.0,-999.0,-999.0,-999.0,0,-999.0,-999.0,-999.0,0,0,0.0014956307499810308
PSO J223.8816+05.5601,-999,-999,-999,114672238816102561,3496239000023354,65296387824441,0,15189953249886,11467,1,1467,31,0.228653211359543,3496239,15203,3,310456320,0,37,-999.0,-999.0,-999.0,-999.0,223.88158601,5.56009029,0.18145999312400818,0.18145999312400818,,,,,55305.54534722,-999.0,-0.7173827759766438,-0.6899089428943055,0.09688964468149588,219.64586651677496,21.30450762221062,2.386533752687948,53.444809315510966,-999,0,1,1,0,0,0,0,0.9994120001792908,21.71929931640625,0.18084099888801575,-999.0,1,21.71929931640625,21.71929931640625,20.331499099731445,0.133215993642807,-999.0,1,20.683799743652344,0.18084099888801575,-999.0,1,16777496,-999.0,-999.0,-999.0,-999.0,0,-999.0,-999.0,-999.0,-999.0,-999.0,0,-999.0,-999.0,-999.0,0,0,-999.0,-999.0,-999.0,-999.0,0,-999.0,-999.0,-999.0,-999.0,-999.0,0,-999.0,-999.0,-999.0,0,0,-999.0,-999.0,-999.0,-999.0,0,-999.0,-999.0,-999.0,-999.0,-999.0,0,-999.0,-999.0,-999.0,0,0,-999.0,-999.0,-999.0,-999.0,0,-999.0,-999.0,-999.0,-999.0,-999.0,0,-999.0,-999.0,-999.0,0,0,0.005966072424692257
PSO J223.8820+05.5593,-999,-999,-999,114672238819921633,3496239000116610,65296387919770,0,15189953250267,11467,1,1467,31,0.343250658682781,3496239,15203,3,1343750144,0,160,223.88199435,5.55931228,0.0010000000474974513,0.0010000000474974513,223.88199435,5.55931228,0.0010000000474974513,0.0010000000474974513,,,,,56016.57618056,-999.0,-0.7173788072744962,-0.6899149674875112,0.09687612972310254,219.64653855879052,21.303892437206777,2.385963096884877,53.4440000226845,-999,1,0,0,0,0,0,0,-999.0,-999.0,-999.0,-999.0,0,-999.0,-999.0,-999.0,-999.0,-999.0,0,-999.0,-999.0,-999.0,0,114720,-999.0,-999.0,-999.0,-999.0,0,-999.0,-999.0,-999.0,-999.0,-999.0,0,-999.0,-999.0,-999.0,0,16416,-999.0,-999.0,-999.0,-999.0,0,-999.0,-999.0,-999.0,-999.0,-999.0,0,-999.0,-999.0,-999.0,0,16416,-999.0,-999.0,-999.0,-999.0,0,-999.0,-999.0,-999.0,-999.0,-999.0,0,-999.0,-999.0,-999.0,0,16416,-999.0,-999.0,-999.0,-999.0,0,-999.0,-999.0,-999.0,-999.0,-999.0,0,-999.0,-999.0,-999.0,0,16416,0.006651460208910196
PSO J223.8820+05.5601,-999,-999,-999,114672238820292526,3496239000023417,65296387824504,0,15189953249966,11467,1,1467,31,0.846339573009256,3496239,15203,3,277348352,0,33,-999.0,-999.0,-999.0,-999.0,223.88201583,5.56005847,0.13911999762058258,0.13911999762058258,,,,,55338.39131944,-999.0,-0.717377639199088,-0.6899143618174661,0.09688909193062703,219.6463139209604,21.304608995306385,2.3869508014706007,53.444459567198535,-999,0,1,0,1,0,0,0,-999.0,-999.0,-999.0,-999.0,0,-999.0,-999.0,-999.0,-999.0,-999.0,0,-999.0,-999.0,-999.0,0,0,0.6433079838752747,20.770999908447266,0.13830700516700745,-999.0,1,20.770999908447266,20.770999908447266,-999.0,-999.0,-999.0,0,20.324199676513672,0.13830700516700745,-999.0,1,16781336,-999.0,-999.0,-999.0,-999.0,0,-999.0,-999.0,-999.0,-999.0,-999.0,0,-999.0,-999.0,-999.0,0,0,-999.0,-999.0,-999.0,-999.0,0,-999.0,-999.0,-999.0,-999.0,-999.0,0,-999.0,-999.0,-999.0,0,0,-999.0,-999.0,-999.0,-999.0,0,-999.0,-999.0,-999.0,-999.0,-999.0,0,-999.0,-999.0,-999.0,0,0,0.00591125269826185
PSO J223.8825+05.5623,-999,-999,-999,114672238824925177,3496239000116622,65296387919782,0,15189953251729,11467,1,1467,31,0.341077407208343,3496239,15203,3,1343750144,0,160,223.88249282,5.56226516,0.0010000000474974513,0.0010000000474974513,223.88249282,5.56226516,0.0010000000474974513,0.0010000000474974513,,,,,56125.39715278,-999.0,-0.7173692054836652,-0.6899177468161195,0.09692742466352826,219.6460698685396,21.3068546945784,2.3903125861532337,53.44550159285581,-999,1,0,0,0,0,0,0,-999.0,-999.0,-999.0,-999.0,0,-999.0,-999.0,-999.0,-999.0,-999.0,0,-999.0,-999.0,-999.0,0,114720,-999.0,-999.0,-999.0,-999.0,0,-999.0,-999.0,-999.0,-999.0,-999.0,0,-999.0,-999.0,-999.0,0,16416,-999.0,-999.0,-999.0,-999.0,0,-999.0,-999.0,-999.0,-999.0,-999.0,0,-999.0,-999.0,-999.0,0,16416,-999.0,-999.0,-999.0,-999.0,0,-999.0,-999.0,-999.0,-999.0,-999.0,0,-999.0,-999.0,-999.0,0,16416,-999.0,-999.0,-999.0,-999.0,0,-999.0,-999.0,-999.0,-999.0,-999.0,0,-999.0,-999.0,-999.0,0,16416,0.003657838566321676
PSO J223.8830+05.5659,-999,-999,-999,114672238830169499,3496239000023559,65296387824646,0,15189953435779,11467,1,1467,31,0.889734152601784,3496239,15203,3,512024576,7,61,223.88301093,5.56587808,0.0010000000474974513,0.0010000000474974513,223.8829919622266,5.565882312827772,0.0007262584120064833,0.0007274541747400018,4.538480507102746,3.831014854705089,0.5617005768606762,0.5611882863438612,56129.498074020885,17.23027992248535,-0.7173587832698726,-0.6899197531838391,0.09699025844031216,219.64538273007557,21.31044797072705,2.395520411215627,53.44742545642108,-999,5,68,10,13,14,14,17,0.9993339776992798,17.490699768066406,0.0381850004196167,0.0990080013871193,9,17.369600296020508,17.631399154663086,17.561100006103516,0.007845000363886356,0.11650600284337997,9,17.509700775146484,0.01000600028783083,0.042194999754428864,9,115000,0.9995080232620239,17.409700393676758,0.017966000363230705,0.0758420005440712,10,17.360000610351562,17.533700942993164,17.44300079345703,0.03153799846768379,0.0398470014333725,12,17.398099899291992,0.016334999352693558,0.021229000762104988,12,115000,0.9994919896125793,16.980499267578125,0.012105000205338001,0.037668000906705856,8,16.91699981689453,17.027099609375,16.9596004486084,0.00913199968636036,0.03988400101661682,12,16.89109992980957,0.008066999725997448,0.022796999663114548,12,16892216,0.999426007270813,17.21179962158203,0.009979999624192715,0.041172001510858536,11,17.138399124145508,17.2539005279541,17.091999053955078,0.010866000317037106,0.0397379994392395,14,17.073999404907227,0.006885000038892031,0.02526099979877472,14,16892216,0.9995890259742737,17.088199615478516,0.01381400041282177,0.03899500146508217,14,17.04170036315918,17.16069984436035,17.023300170898438,0.013140999712049961,0.07284700125455856,16,16.942699432373047,0.016383999958634377,0.047207001596689224,16,16892216,9.815394796429096e-06
PSO J223.8831+05.5592,-999,-999,-999,114672238830851555,3496239000023570,65296387824657,0,15189953249641,11467,1,1467,31,0.119509625359913,3496239,15203,3,302067712,0,36,-999.0,-999.0,-999.0,-999.0,223.88306052,5.55924631,0.1884399950504303,0.1884399950504303,,,,,56392.5383912,-999.0,-0.7173660494850524,-0.6899283937994004,0.09687498374497322,219.64764406464104,21.304156219401893,2.3870143266582295,53.443140739814595,-999,0,1,1,0,0,0,0,0.998881995677948,21.530799865722656,0.18784099817276,-999.0,1,21.530799865722656,21.530799865722656,-999.0,-999.0,-999.0,0,-999.0,-999.0,-999.0,0,280,-999.0,-999.0,-999.0,-999.0,0,-999.0,-999.0,-999.0,-999.0,-999.0,0,-999.0,-999.0,-999.0,0,0,-999.0,-999.0,-999.0,-999.0,0,-999.0,-999.0,-999.0,-999.0,-999.0,0,-999.0,-999.0,-999.0,0,0,-999.0,-999.0,-999.0,-999.0,0,-999.0,-999.0,-999.0,-999.0,-999.0,0,-999.0,-999.0,-999.0,0,0,-999.0,-999.0,-999.0,-999.0,0,-999.0,-999.0,-999.0,-999.0,-999.0,0,-999.0,-999.0,-999.0,0,0,0.006641963136923696
PSO J223.8834+05.5628,-999,-999,-999,114672238834285809,3496239000023622,65296387824709,0,15189953252278,11467,1,1467,31,0.933747414437819,3496239,15203,3,268959744,0,32,-999.0,-999.0,-999.0,-999.0,223.88341448,5.5627936,0.08056999742984772,0.08056999742984772,,,,,55338.39131944,-999.0,-0.7173574630166625,-0.6899286666103402,0.09693660425028201,219.64683215864136,21.30763978271053,2.3919783392673564,53.44513219947346,-999,0,1,0,1,0,0,0,-999.0,-999.0,-999.0,-999.0,0,-999.0,-999.0,-999.0,-999.0,-999.0,0,-999.0,-999.0,-999.0,0,0,0.43373700976371765,19.889299392700195,0.07916499674320221,-999.0,1,19.889299392700195,19.889299392700195,-999.0,-999.0,-999.0,0,19.893800735473633,0.07916499674320221,-999.0,1,4120,-999.0,-999.0,-999.0,-999.0,0,-999.0,-999.0,-999.0,-999.0,-999.0,0,-999.0,-999.0,-999.0,0,0,-999.0,-999.0,-999.0,-999.0,0,-999.0,-999.0,-999.0,-999.0,-999.0,0,-999.0,-999.0,-999.0,0,0,-999.0,-999.0,-999.0,-999.0,0,-999.0,-999.0,-999.0,-999.0,-999.0,0,-999.0,-999.0,-999.0,0,0,0.003121776712159233
PSO J223.8837+05.5658,-999,-999,-999,114672238837259457,3496239000023664,65296387824751,0,15189953435821,11467,1,1467,31,0.369620193140228,3496239,15203,3,268959744,0,32,-999.0,-999.0,-999.0,-999.0,223.88371423,5.5658408,0.09442999958992004,0.09442999958992004,,,,,56721.6040625,-999.0,-0.7173501367673284,-0.68992884483127,0.09698953732070557,219.64613029882443,21.31063091616706,2.3962383099483398,53.44684604887563,-999,0,1,1,0,0,0,0,0.5350549817085266,20.51180076599121,0.0932300016283989,-999.0,1,20.51180076599121,20.51180076599121,20.84939956665039,0.11405900120735168,-999.0,1,20.874300003051758,0.0932300016283989,-999.0,1,4120,-999.0,-999.0,-999.0,-999.0,0,-999.0,-999.0,-999.0,-999.0,-999.0,0,-999.0,-999.0,-999.0,0,0,-999.0,-999.0,-999.0,-999.0,0,-999.0,-999.0,-999.0,-999.0,-999.0,0,-999.0,-999.0,-999.0,0,0,-999.0,-999.0,-999.0,-999.0,0,-999.0,-999.0,-999.0,-999.0,-999.0,0,-999.0,-999.0,-999.0,0,0,-999.0,-999.0,-999.0,-999.0,0,-999.0,-999.0,-999.0,-999.0,-999.0,0,-999.0,-999.0,-999.0,0,0,0.0007124279376339022
PSO J223.8839+05.5625,-999,-999,-999,114672238839225455,3496239000116654,65296387919814,0,15189953252351,11467,1,1467,31,0.00204977486473487,3496239,15203,3,1343750144,0,160,223.88392265,5.56249561,0.0010000000474974513,0.0010000000474974513,223.88392265,5.56249561,0.0010000000474974513,0.0010000000474974513,,,,,55971.37297454,-999.0,-0.7173517072059056,-0.6899353784714226,0.09693142783570137,219.6474471304848,21.307511897613512,2.392134682492312,53.444552598332066,-999,1,0,0,0,0,0,0,-999.0,-999.0,-999.0,-999.0,0,-999.0,-999.0,-999.0,-999.0,-999.0,0,-999.0,-999.0,-999.0,0,114720,-999.0,-999.0,-999.0,-999.0,0,-999.0,-999.0,-999.0,-999.0,-999.0,0,-999.0,-999.0,-999.0,0,16416,-999.0,-999.0,-999.0,-999.0,0,-999.0,-999.0,-999.0,-999.0,-999.0,0,-999.0,-999.0,-999.0,0,16416,-999.0,-999.0,-999.0,-999.0,0,-999.0,-999.0,-999.0,-999.0,-999.0,0,-999.0,-999.0,-999.0,0,16416,-999.0,-999.0,-999.0,-999.0,0,-999.0,-999.0,-999.0,-999.0,-999.0,0,-999.0,-999.0,-999.0,0,16416,0.003514482845252211
PSO J223.8839+05.5604,-999,-999,-999,114672238839452747,3496239000106606,65296387907695,0,15189953253374,11467,1,1467,31,0.577081877344364,3496239,15203,3,1343750144,0,160,223.88387931,5.56044256,0.0010000000474974513,0.0010000000474974513,223.88387931,5.56044256,0.0010000000474974513,0.0010000000474974513,,,,,55971.37297454,-999.0,-0.7173547319931547,-0.68993724308896,0.09689576402420606,219.6480812115928,21.305545200018834,2.389433831650106,53.44327623104326,-999,1,1,0,0,0,1,0,-999.0,-999.0,-999.0,-999.0,0,-999.0,-999.0,-999.0,-999.0,-999.0,0,-999.0,-999.0,-999.0,0,114720,-999.0,-999.0,-999.0,-999.0,0,-999.0,-999.0,-999.0,-999.0,-999.0,0,-999.0,-999.0,-999.0,0,16416,-999.0,-999.0,-999.0,-999.0,0,-999.0,-999.0,-999.0,-999.0,-999.0,0,-999.0,-999.0,-999.0,0,16416,0.4050639867782593,20.71380043029785,0.33519700169563293,-999.0,1,20.71380043029785,20.71380043029785,-999.0,-999.0,-999.0,0,22.715900421142578,0.33519700169563293,-999.0,1,20528,-999.0,-999.0,-999.0,-999.0,0,-999.0,-999.0,-999.0,-999.0,-999.0,0,-999.0,-999.0,-999.0,0,16416,0.005515318349791325
PSO J223.8841+05.5616,-999,-999,-999,114672238840534342,3496239000116657,65296387919817,0,15189953251970,11467,1,1467,31,0.345009989426481,3496239,15203,3,1343750144,0,160,223.88407172,5.56156936,0.0010000000474974513,0.0010000000474974513,223.88407172,5.56156936,0.0010000000474974513,0.0010000000474974513,,,,,56041.68789352,-999.0,-0.7173510414706116,-0.6899383310073095,0.0969153378360577,219.6479046041214,21.30667625255295,2.3910958899914214,53.443847509956974,-999,1,0,0,0,0,0,0,-999.0,-999.0,-999.0,-999.0,0,-999.0,-999.0,-999.0,-999.0,-999.0,0,-999.0,-999.0,-999.0,0,114720,-999.0,-999.0,-999.0,-999.0,0,-999.0,-999.0,-999.0,-999.0,-999.0,0,-999.0,-999.0,-999.0,0,16416,-999.0,-999.0,-999.0,-999.0,0,-999.0,-999.0,-999.0,-999.0,-999.0,0,-999.0,-999.0,-999.0,0,16416,-999.0,-999.0,-999.0,-999.0,0,-999.0,-999.0,-999.0,-999.0,-999.0,0,-999.0,-999.0,-999.0,0,16416,-999.0,-999.0,-999.0,-999.0,0,-999.0,-999.0,-999.0,-999.0,-999.0,0,-999.0,-999.0,-999.0,0,16416,0.004448419796625353
PSO J223.8841+05.5593,-999,-999,-999,114672238840651547,3496239000116658,65296387919818,0,15189953253099,11467,1,1467,31,0.669118476723431,3496239,15203,3,1343750144,0,160,223.88405961,5.55925309,0.0010000000474974513,0.0010000000474974513,223.88405961,5.55925309,0.0010000000474974513,0.0010000000474974513,,,,,56014.89693287,-999.0,-0.7173540105494188,-0.689940894753906,0.09687510152172187,219.64865736076732,21.304468671061983,2.3880880752209976,53.44237927266806,-999,1,0,0,0,0,0,0,-999.0,-999.0,-999.0,-999.0,0,-999.0,-999.0,-999.0,-999.0,-999.0,0,-999.0,-999.0,-999.0,0,16416,-999.0,-999.0,-999.0,-999.0,0,-999.0,-999.0,-999.0,-999.0,-999.0,0,-999.0,-999.0,-999.0,0,114720,-999.0,-999.0,-999.0,-999.0,0,-999.0,-999.0,-999.0,-999.0,-999.0,0,-999.0,-999.0,-999.0,0,16416,-999.0,-999.0,-999.0,-999.0,0,-999.0,-999.0,-999.0,-999.0,-999.0,0,-999.0,-999.0,-999.0,0,16416,-999.0,-999.0,-999.0,-999.0,0,-999.0,-999.0,-999.0,-999.0,-999.0,0,-999.0,-999.0,-999.0,0,16416,0.006718203221998114
PSO J223.8855+05.5609,-999,-999,-999,114672238854953586,3496239000023924,65296387825011,0,15189953252397,11467,1,1467,31,0.0634183483788914,3496239,15203,3,310456320,0,37,-999.0,-999.0,-999.0,-999.0,223.88546835,5.56094386,0.18438999354839325,0.18438999354839325,,,,,55305.54534722,-999.0,-0.7173349859709033,-0.6899565502061781,0.09690447218634318,219.64953084492785,21.306508860239365,2.3917757644518463,53.442377977906325,-999,0,1,1,0,0,0,0,0.9994789958000183,21.713300704956055,0.18378399312496185,-999.0,1,21.713300704956055,21.713300704956055,20.26740074157715,0.12878699600696564,-999.0,1,20.54360008239746,0.18378399312496185,-999.0,1,16777496,-999.0,-999.0,-999.0,-999.0,0,-999.0,-999.0,-999.0,-999.0,-999.0,0,-999.0,-999.0,-999.0,0,0,-999.0,-999.0,-999.0,-999.0,0,-999.0,-999.0,-999.0,-999.0,-999.0,0,-999.0,-999.0,-999.0,0,0,-999.0,-999.0,-999.0,-999.0,0,-999.0,-999.0,-999.0,-999.0,-999.0,0,-999.0,-999.0,-999.0,0,0,-999.0,-999.0,-999.0,-999.0,0,-999.0,-999.0,-999.0,-999.0,-999.0,0,-999.0,-999.0,-999.0,0,0,0.0055208701755867125
PSO J223.8860+05.5649,-999,-999,-999,114672238859828361,3496239000106608,65296387907697,0,15189953259445,11467,1,1467,31,0.979851670544456,3496239,15203,3,268513280,0,32,-999.0,-999.0,-999.0,-999.0,223.88596717,5.56492721,0.02085000090301037,0.02085000090301037,,,,,55239.58606481,-999.0,-0.7173241218814125,-0.6899581233753661,0.0969736673298664,219.64872216770755,21.310451696515056,2.3974581760584757,53.444536331323334,-999,0,1,0,0,0,0,1,-999.0,-999.0,-999.0,-999.0,0,-999.0,-999.0,-999.0,-999.0,-999.0,0,-999.0,-999.0,-999.0,0,0,-999.0,-999.0,-999.0,-999.0,0,-999.0,-999.0,-999.0,-999.0,-999.0,0,-999.0,-999.0,-999.0,0,0,-999.0,-999.0,-999.0,-999.0,0,-999.0,-999.0,-999.0,-999.0,-999.0,0,-999.0,-999.0,-999.0,0,0,-999.0,-999.0,-999.0,-999.0,0,-999.0,-999.0,-999.0,-999.0,-999.0,0,-999.0,-999.0,-999.0,0,0,0.9989809989929199,17.04490089416504,0.01448800042271614,-999.0,1,17.04490089416504,17.04490089416504,17.13759994506836,0.02164500020444393,-999.0,1,16.946699142456055,0.01448800042271614,-999.0,1,24,0.003105544750335542
PSO J223.8862+05.5629,-999,-999,-999,114672238862175883,3496239000116706,65296387919866,0,15189953262942,11467,1,1467,31,0.106620680640098,3496239,15203,3,1343750144,0,160,223.88621779,5.56285382,0.0010000000474974513,0.0010000000474974513,223.88621779,5.56285382,0.0010000000474974513,0.0010000000474974513,,,,,56125.39715278,-999.0,-0.7173236325954516,-0.6899636932962997,0.09693765033770489,219.64966177616407,21.308555675333707,2.3950441838870162,53.443021770518435,-999,1,0,0,0,0,0,0,-999.0,-999.0,-999.0,-999.0,0,-999.0,-999.0,-999.0,-999.0,-999.0,0,-999.0,-999.0,-999.0,0,114720,-999.0,-999.0,-999.0,-999.0,0,-999.0,-999.0,-999.0,-999.0,-999.0,0,-999.0,-999.0,-999.0,0,16416,-999.0,-999.0,-999.0,-999.0,0,-999.0,-999.0,-999.0,-999.0,-999.0,0,-999.0,-999.0,-999.0,0,16416,-999.0,-999.0,-999.0,-999.0,0,-999.0,-999.0,-999.0,-999.0,-999.0,0,-999.0,-999.0,-999.0,0,16416,-999.0,-999.0,-999.0,-999.0,0,-999.0,-999.0,-999.0,-999.0,-999.0,0,-999.0,-999.0,-999.0,0,16416,0.00441169702465003
PSO J223.8863+05.5653,-999,-999,-999,114672238863208799,3496239000024056,65296387825143,0,15189953259485,11467,1,1467,31,0.587266032199623,3496239,15203,3,1384198144,0,165,223.88630692,5.56523334,0.0010000000474974513,0.0010000000474974513,223.88630215,5.5652932,0.10722000151872635,0.10722000151872635,,,,,56335.659375,-999.0,-0.717319641569592,-0.6899618877725379,0.09698002495270792,219.64894178198247,21.31090252321799,2.3982884796372765,53.44451297402678,-999,1,1,0,0,0,0,1,-999.0,-999.0,-999.0,-999.0,0,-999.0,-999.0,-999.0,-999.0,-999.0,0,-999.0,-999.0,-999.0,0,16416,-999.0,-999.0,-999.0,-999.0,0,-999.0,-999.0,-999.0,-999.0,-999.0,0,-999.0,-999.0,-999.0,0,16416,-999.0,-999.0,-999.0,-999.0,0,-999.0,-999.0,-999.0,-999.0,-999.0,0,-999.0,-999.0,-999.0,0,16416,-999.0,-999.0,-999.0,-999.0,0,-999.0,-999.0,-999.0,-999.0,-999.0,0,-999.0,-999.0,-999.0,0,16416,0.9946929812431335,19.72599983215332,0.10616400092840195,-999.0,1,19.72599983215332,19.72599983215332,19.237899780273438,0.1464020013809204,-999.0,1,19.346200942993164,0.10616400092840195,-999.0,1,16892216,0.003339972368076092
PSO J223.8864+05.5639,-999,-999,-999,114672238863847196,3496239000024066,65296387825153,0,15189953263462,11467,1,1467,31,0.4177724667059,3496239,15203,3,268959744,0,32,-999.0,-999.0,-999.0,-999.0,223.88638474,5.56394837,-999.0,-999.0,,,,,-999.0,-999.0,-0.7173202873699314,-0.6899644995665356,0.09695666385256435,219.64946994416843,21.309648245804127,2.3966374650592353,53.443591923241726,-999,0,1,0,0,0,1,0,-999.0,-999.0,-999.0,-999.0,0,-999.0,-999.0,-999.0,-999.0,-999.0,0,-999.0,-999.0,-999.0,0,0,-999.0,-999.0,-999.0,-999.0,0,-999.0,-999.0,-999.0,-999.0,-999.0,0,-999.0,-999.0,-999.0,0,0,-999.0,-999.0,-999.0,-999.0,0,-999.0,-999.0,-999.0,-999.0,-999.0,0,-999.0,-999.0,-999.0,0,0,-999.0,-999.0,-999.0,-999.0,0,-999.0,-999.0,18.783300399780273,0.0618010014295578,-999.0,1,-999.0,-999.0,-999.0,0,16,-999.0,-999.0,-999.0,-999.0,0,-999.0,-999.0,-999.0,-999.0,-999.0,0,-999.0,-999.0,-999.0,0,0,0.0038872733877977524
PSO J223.8864+05.5601,-999,-999,-999,114672238864252536,3496239000116711,65296387919871,0,15189953250727,11467,1,1467,31,0.887675582326646,3496239,15203,3,1343750144,0,160,223.8864255,5.56006353,0.0010000000474974513,0.0010000000474974513,223.8864255,5.56006353,0.0010000000474974513,0.0010000000474974513,,,,,56034.2509375,-999.0,-0.7173245328489051,-0.6899695655644567,0.0968891798287873,219.65079453077158,21.305964392861558,2.3916577038730917,53.44108276738051,-999,1,0,0,0,0,0,0,-999.0,-999.0,-999.0,-999.0,0,-999.0,-999.0,-999.0,-999.0,-999.0,0,-999.0,-999.0,-999.0,0,114720,-999.0,-999.0,-999.0,-999.0,0,-999.0,-999.0,-999.0,-999.0,-999.0,0,-999.0,-999.0,-999.0,0,16416,-999.0,-999.0,-999.0,-999.0,0,-999.0,-999.0,-999.0,-999.0,-999.0,0,-999.0,-999.0,-999.0,0,16416,-999.0,-999.0,-999.0,-999.0,0,-999.0,-999.0,-999.0,-999.0,-999.0,0,-999.0,-999.0,-999.0,0,16416,-999.0,-999.0,-999.0,-999.0,0,-999.0,-999.0,-999.0,-999.0,-999.0,0,-999.0,-999.0,-999.0,0,16416,0.006748943058740585
PSO J223.8864+05.5589,-999,-999,-999,114672238864671149,3496239000024076,65296387825163,0,15189953250471,11467,1,1467,31,0.778557977432905,3496239,15203,3,444674048,0,53,223.88663547,5.55882495,0.0010000000474974513,0.0010000000474974513,223.88644315,5.55890816,0.17053000628948212,0.17053000628948212,,,,,56384.58405093,-999.0,-0.7173257282700999,-0.6899711408118838,0.09686910967134216,219.6511940752747,21.304870488377155,2.390182704451709,53.44033225529517,-999,1,1,0,0,1,0,0,-999.0,-999.0,-999.0,-999.0,0,-999.0,-999.0,-999.0,-999.0,-999.0,0,-999.0,-999.0,-999.0,0,16416,-999.0,-999.0,-999.0,-999.0,0,-999.0,-999.0,-999.0,-999.0,-999.0,0,-999.0,-999.0,-999.0,0,16416,0.015061999671161175,21.385900497436523,0.16986499726772308,-999.0,1,21.385900497436523,21.385900497436523,19.824600219726562,0.11032599955797195,-999.0,1,20.22439956665039,0.16986499726772308,-999.0,1,16892472,-999.0,-999.0,-999.0,-999.0,0,-999.0,-999.0,-999.0,-999.0,-999.0,0,-999.0,-999.0,-999.0,0,16416,-999.0,-999.0,-999.0,-999.0,0,-999.0,-999.0,-999.0,-999.0,-999.0,0,-999.0,-999.0,-999.0,0,16416,0.007775735562257093
PSO J223.8865+05.5636,-999,-999,-999,114672238865476717,3496239000024085,65296387825172,0,15189953263377,11467,1,1467,31,0.0530696092667706,3496239,15203,3,310456320,0,37,-999.0,-999.0,-999.0,-999.0,223.88645114,5.56355867,0.07355000078678131,0.07355000078678131,,,,,56384.58974537,6.506899833679199,-0.7173199630333973,-0.6899657880068175,0.09694989434701293,219.64966615910572,21.30929779212001,2.396204315546992,53.443292466460996,-999,0,2,0,0,2,0,0,-999.0,-999.0,-999.0,-999.0,0,-999.0,-999.0,-999.0,-999.0,-999.0,0,-999.0,-999.0,-999.0,0,0,-999.0,-999.0,-999.0,-999.0,0,-999.0,-999.0,-999.0,-999.0,-999.0,0,-999.0,-999.0,-999.0,0,0,0.11606399714946747,20.736499786376953,0.0820619985461235,0.11606000363826752,2,20.653499603271484,20.81760025024414,19.866199493408203,0.0657769963145256,0.09382200241088867,2,19.783199310302734,0.014020999893546104,0.019829999655485153,2,16777752,-999.0,-999.0,-999.0,-999.0,0,-999.0,-999.0,-999.0,-999.0,-999.0,0,-999.0,-999.0,-999.0,0,0,-999.0,-999.0,-999.0,-999.0,0,-999.0,-999.0,-999.0,-999.0,-999.0,0,-999.0,-999.0,-999.0,0,0,0.004150198780511121
PSO J223.8867+05.5641,-999,-999,-999,114672238867007325,3496239000116716,65296387919876,0,15189953263191,11467,1,1467,31,0.412696369376682,3496239,15203,3,1343750144,0,160,223.88671809,5.56405441,0.0010000000474974513,0.0010000000474974513,223.88671809,5.56405441,0.0010000000474974513,0.0010000000474974513,,,,,55971.37297454,-999.0,-0.7173161437789477,-0.6899685485669842,0.09695850587993451,219.64977376592012,21.309851236385843,2.3971298703248536,53.44340402293894,-999,1,0,0,0,0,0,0,-999.0,-999.0,-999.0,-999.0,0,-999.0,-999.0,-999.0,-999.0,-999.0,0,-999.0,-999.0,-999.0,0,16416,-999.0,-999.0,-999.0,-999.0,0,-999.0,-999.0,-999.0,-999.0,-999.0,0,-999.0,-999.0,-999.0,0,16416,-999.0,-999.0,-999.0,-999.0,0,-999.0,-999.0,-999.0,-999.0,-999.0,0,-999.0,-999.0,-999.0,0,114720,-999.0,-999.0,-999.0,-999.0,0,-999.0,-999.0,-999.0,-999.0,-999.0,0,-999.0,-999.0,-999.0,0,16416,-999.0,-999.0,-999.0,-999.0,0,-999.0,-999.0,-999.0,-999.0,-999.0,0,-999.0,-999.0,-999.0,0,16416,0.004129920370083487
PSO J223.8869+05.5601,-999,-999,-999,114672238869182555,3496239000116723,65296387919883,0,15189953250689,11467,1,1467,31,0.391937557972909,3496239,15203,3,1343750144,0,160,223.88693273,5.56007784,0.0010000000474974513,0.0010000000474974513,223.88693273,5.56007784,0.0010000000474974513,0.0010000000474974513,,,,,56125.39715278,-999.0,-0.7173184071948083,-0.6899758991166438,0.09688942841033925,219.65130539117592,21.306133356096232,2.39221682781319,53.44070309111833,-999,1,0,0,0,0,0,0,-999.0,-999.0,-999.0,-999.0,0,-999.0,-999.0,-999.0,-999.0,-999.0,0,-999.0,-999.0,-999.0,0,16416,-999.0,-999.0,-999.0,-999.0,0,-999.0,-999.0,-999.0,-999.0,-999.0,0,-999.0,-999.0,-999.0,0,16416,-999.0,-999.0,-999.0,-999.0,0,-999.0,-999.0,-999.0,-999.0,-999.0,0,-999.0,-999.0,-999.0,0,114720,-999.0,-999.0,-999.0,-999.0,0,-999.0,-999.0,-999.0,-999.0,-999.0,0,-999.0,-999.0,-999.0,0,16416,-999.0,-999.0,-999.0,-999.0,0,-999.0,-999.0,-999.0,-999.0,-999.0,0,-999.0,-999.0,-999.0,0,16416,0.007005639280466033
PSO J223.8870+05.5628,-999,-999,-999,114672238869505820,3496239000116726,65296387919886,0,15189953262914,11467,1,1467,31,0.188653637830777,3496239,15203,3,1343750144,0,160,223.88695892,5.56281829,0.0010000000474974513,0.0010000000474974513,223.88695892,5.56281829,0.0010000000474974513,0.0010000000474974513,,,,,55971.37297454,-999.0,-0.7173147510690852,-0.6899730136057457,0.09693703314266412,219.6504268604812,21.30874885597617,2.395788145125875,53.44243099399203,-999,1,0,0,0,0,0,0,-999.0,-999.0,-999.0,-999.0,0,-999.0,-999.0,-999.0,-999.0,-999.0,0,-999.0,-999.0,-999.0,0,16416,-999.0,-999.0,-999.0,-999.0,0,-999.0,-999.0,-999.0,-999.0,-999.0,0,-999.0,-999.0,-999.0,0,16416,-999.0,-999.0,-999.0,-999.0,0,-999.0,-999.0,-999.0,-999.0,-999.0,0,-999.0,-999.0,-999.0,0,114720,-999.0,-999.0,-999.0,-999.0,0,-999.0,-999.0,-999.0,-999.0,-999.0,0,-999.0,-999.0,-999.0,0,16416,-999.0,-999.0,-999.0,-999.0,0,-999.0,-999.0,-999.0,-999.0,-999.0,0,-999.0,-999.0,-999.0,0,16416,0.004994878347728288
PSO J223.8872+05.5649,-999,-999,-999,114672238872008338,3496239000116737,65296387919897,0,15189953258995,11467,1,1467,31,0.406395754224058,3496239,15203,3,1343750144,0,160,223.88720017,5.56489954,0.0010000000474974513,0.0010000000474974513,223.88720017,5.56489954,0.0010000000474974513,0.0010000000474974513,,,,,56041.68789352,-999.0,-0.717309307630655,-0.6899735924315135,0.09697318667333779,219.64998464603596,21.310803005087298,2.398736515134567,53.44357349902455,-999,1,0,0,0,0,0,0,-999.0,-999.0,-999.0,-999.0,0,-999.0,-999.0,-999.0,-999.0,-999.0,0,-999.0,-999.0,-999.0,0,114720,-999.0,-999.0,-999.0,-999.0,0,-999.0,-999.0,-999.0,-999.0,-999.0,0,-999.0,-999.0,-999.0,0,16416,-999.0,-999.0,-999.0,-999.0,0,-999.0,-999.0,-999.0,-999.0,-999.0,0,-999.0,-999.0,-999.0,0,16416,-999.0,-999.0,-999.0,-999.0,0,-999.0,-999.0,-999.0,-999.0,-999.0,0,-999.0,-999.0,-999.0,0,16416,-999.0,-999.0,-999.0,-999.0,0,-999.0,-999.0,-999.0,-999.0,-999.0,0,-999.0,-999.0,-999.0,0,16416,0.004295643768047508
PSO J223.8872+05.5611,-999,-999,-999,114672238872233723,3496239000106613,65296387907702,0,15189953264379,11467,1,1467,31,0.835685998048341,3496239,15203,3,268513280,0,32,-999.0,-999.0,-999.0,-999.0,223.88720352,5.56105965,0.022120000794529915,0.022120000794529915,,,,,55694.3516088,-999.0,-0.717313949559853,-0.6899781382078082,0.09690648359181932,219.65125636240597,21.30715046138634,2.3937748857360126,53.44112177382192,-999,0,1,0,1,0,0,0,-999.0,-999.0,-999.0,-999.0,0,-999.0,-999.0,-999.0,-999.0,-999.0,0,-999.0,-999.0,-999.0,0,0,0.9990910291671753,18.246400833129883,0.0162540003657341,-999.0,1,18.246400833129883,18.246400833129883,18.787099838256836,0.03563399985432625,-999.0,1,18.68000030517578,0.0162540003657341,-999.0,1,16,-999.0,-999.0,-999.0,-999.0,0,-999.0,-999.0,-999.0,-999.0,-999.0,0,-999.0,-999.0,-999.0,0,0,-999.0,-999.0,-999.0,-999.0,0,-999.0,-999.0,-999.0,-999.0,-999.0,0,-999.0,-999.0,-999.0,0,0,-999.0,-999.0,-999.0,-999.0,0,-999.0,-999.0,-999.0,-999.0,-999.0,0,-999.0,-999.0,-999.0,0,0,0.0063887767047070745
PSO J223.8874+05.5625,-999,-999,-999,114672238874175417,3496239000116742,65296387919902,0,15189953264806,11467,1,1467,31,0.206711140653781,3496239,15203,3,1343750144,0,160,223.88741797,5.56246109,0.0010000000474974513,0.0010000000474974513,223.88741797,5.56246109,0.0010000000474974513,0.0010000000474974513,,,,,56014.89693287,-999.0,-0.7173096585609876,-0.6899791796007103,0.09693082818510296,219.65101146154265,21.30854958039508,2.3958155203414306,53.44185127609509,-999,1,0,0,0,0,0,0,-999.0,-999.0,-999.0,-999.0,0,-999.0,-999.0,-999.0,-999.0,-999.0,0,-999.0,-999.0,-999.0,0,114720,-999.0,-999.0,-999.0,-999.0,0,-999.0,-999.0,-999.0,-999.0,-999.0,0,-999.0,-999.0,-999.0,0,16416,-999.0,-999.0,-999.0,-999.0,0,-999.0,-999.0,-999.0,-999.0,-999.0,0,-999.0,-999.0,-999.0,0,16416,-999.0,-999.0,-999.0,-999.0,0,-999.0,-999.0,-999.0,-999.0,-999.0,0,-999.0,-999.0,-999.0,0,16416,-999.0,-999.0,-999.0,-999.0,0,-999.0,-999.0,-999.0,-999.0,-999.0,0,-999.0,-999.0,-999.0,0,16416,0.005574824756994979
PSO J223.8874+05.5646,-999,-999,-999,114672238874367911,3496239000024244,65296387825331,0,15189953258790,11467,1,1467,31,0.0392246051125458,3496239,15203,3,310456320,0,37,-999.0,-999.0,-999.0,-999.0,223.88741841,5.56455399,0.18310000002384186,0.18310000002384186,,,,,56335.659375,-999.0,-0.7173071009973983,-0.6899767300890703,0.09696718411041161,219.65032062356127,21.310541062778864,2.3985222687452414,53.44318581146975,-999,0,1,0,0,0,0,1,-999.0,-999.0,-999.0,-999.0,0,-999.0,-999.0,-999.0,-999.0,-999.0,0,-999.0,-999.0,-999.0,0,0,-999.0,-999.0,-999.0,-999.0,0,-999.0,-999.0,-999.0,-999.0,-999.0,0,-999.0,-999.0,-999.0,0,0,-999.0,-999.0,-999.0,-999.0,0,-999.0,-999.0,-999.0,-999.0,-999.0,0,-999.0,-999.0,-999.0,0,0,-999.0,-999.0,-999.0,-999.0,0,-999.0,-999.0,-999.0,-999.0,-999.0,0,-999.0,-999.0,-999.0,0,0,0.04305500164628029,20.353500366210938,0.18248699605464935,-999.0,1,20.353500366210938,20.353500366210938,19.283199310302734,0.16155900061130524,-999.0,1,19.415000915527344,0.18248699605464935,-999.0,1,16777752,0.004595467793237361
PSO J223.8881+05.5600,-999,-999,-999,114672238881022493,3496239000024342,65296387825429,0,15189953264464,11467,1,1467,31,0.940092406179842,3496239,15203,3,268959744,0,32,-999.0,-999.0,-999.0,-999.0,223.88807957,5.56004284,0.32387998700141907,0.32387998700141907,,,,,55305.53513889,-999.0,-0.7173046390562834,-0.6899902979507236,0.09688882041911136,219.6524826892808,21.306451288716183,2.393393879016986,53.43980167753202,-999,0,1,1,0,0,0,0,0.47954699397087097,21.907100677490234,0.3235290050506592,-999.0,1,21.907100677490234,21.907100677490234,21.90839958190918,0.29175499081611633,-999.0,1,21.76580047607422,0.3235290050506592,-999.0,1,4120,-999.0,-999.0,-999.0,-999.0,0,-999.0,-999.0,-999.0,-999.0,-999.0,0,-999.0,-999.0,-999.0,0,0,-999.0,-999.0,-999.0,-999.0,0,-999.0,-999.0,-999.0,-999.0,-999.0,0,-999.0,-999.0,-999.0,0,0,-999.0,-999.0,-999.0,-999.0,0,-999.0,-999.0,-999.0,-999.0,-999.0,0,-999.0,-999.0,-999.0,0,0,-999.0,-999.0,-999.0,-999.0,0,-999.0,-999.0,-999.0,-999.0,-999.0,0,-999.0,-999.0,-999.0,0,0,0.007728224749129648
PSO J223.8884+05.5643,-999,-999,-999,114672238883357575,3496239000116756,65296387919916,0,15189953261830,11467,1,1467,31,0.551178770653139,3496239,15203,3,1343750144,0,160,223.88835206,5.56427908,0.0010000000474974513,0.0010000000474974513,223.88835206,5.56427908,0.0010000000474974513,0.0010000000474974513,,,,,56041.68789352,-999.0,-0.7172961928460211,-0.689988741241664,0.09696240863524294,219.65136048026173,21.310565438638026,2.3991618164571915,53.44229475961964,-999,1,0,0,0,0,0,0,-999.0,-999.0,-999.0,-999.0,0,-999.0,-999.0,-999.0,-999.0,-999.0,0,-999.0,-999.0,-999.0,0,114720,-999.0,-999.0,-999.0,-999.0,0,-999.0,-999.0,-999.0,-999.0,-999.0,0,-999.0,-999.0,-999.0,0,16416,-999.0,-999.0,-999.0,-999.0,0,-999.0,-999.0,-999.0,-999.0,-999.0,0,-999.0,-999.0,-999.0,0,16416,-999.0,-999.0,-999.0,-999.0,0,-999.0,-999.0,-999.0,-999.0,-999.0,0,-999.0,-999.0,-999.0,0,16416,-999.0,-999.0,-999.0,-999.0,0,-999.0,-999.0,-999.0,-999.0,-999.0,0,-999.0,-999.0,-999.0,0,16416,0.005564511164229508
PSO J223.8884+05.5626,-999,-999,-999,114672238883645554,3496239000116757,65296387919917,0,15189953265648,11467,1,1467,31,0.325294554536505,3496239,15203,3,1343750144,0,160,223.88836405,5.56257964,0.0010000000474974513,0.0010000000474974513,223.88836405,5.56257964,0.0010000000474974513,0.0010000000474974513,,,,,56125.39715278,-999.0,-0.7172981208390585,-0.6899908848353882,0.09693288752963844,219.65193398614946,21.308952129099396,2.396977108795225,53.44120166293765,-999,1,0,0,0,0,0,0,-999.0,-999.0,-999.0,-999.0,0,-999.0,-999.0,-999.0,-999.0,-999.0,0,-999.0,-999.0,-999.0,0,114720,-999.0,-999.0,-999.0,-999.0,0,-999.0,-999.0,-999.0,-999.0,-999.0,0,-999.0,-999.0,-999.0,0,16416,-999.0,-999.0,-999.0,-999.0,0,-999.0,-999.0,-999.0,-999.0,-999.0,0,-999.0,-999.0,-999.0,0,16416,-999.0,-999.0,-999.0,-999.0,0,-999.0,-999.0,-999.0,-999.0,-999.0,0,-999.0,-999.0,-999.0,0,16416,-999.0,-999.0,-999.0,-999.0,0,-999.0,-999.0,-999.0,-999.0,-999.0,0,-999.0,-999.0,-999.0,0,16416,0.0062807457361191135
PSO J223.8884+05.5590,-999,-999,-999,114672238883991312,3496239000116758,65296387919918,0,15189953263642,11467,1,1467,31,0.972936491456755,3496239,15203,3,1343750144,0,160,223.88839945,5.55904468,0.0010000000474974513,0.0010000000474974513,223.88839945,5.55904468,0.0010000000474974513,0.0010000000474974513,,,,,55971.37297454,-999.0,-0.7173020032162911,-0.6899954726765678,0.09687148118892148,219.65313751265555,21.30559952405423,2.3924442647155058,53.43891979590724,-999,1,0,0,0,0,0,0,-999.0,-999.0,-999.0,-999.0,0,-999.0,-999.0,-999.0,-999.0,-999.0,0,-999.0,-999.0,-999.0,0,16416,-999.0,-999.0,-999.0,-999.0,0,-999.0,-999.0,-999.0,-999.0,-999.0,0,-999.0,-999.0,-999.0,0,114720,-999.0,-999.0,-999.0,-999.0,0,-999.0,-999.0,-999.0,-999.0,-999.0,0,-999.0,-999.0,-999.0,0,16416,-999.0,-999.0,-999.0,-999.0,0,-999.0,-999.0,-999.0,-999.0,-999.0,0,-999.0,-999.0,-999.0,0,16416,-999.0,-999.0,-999.0,-999.0,0,-999.0,-999.0,-999.0,-999.0,-999.0,0,-999.0,-999.0,-999.0,0,16416,0.008701216518908343
PSO J223.8888+05.5587,-999,-999,-999,114672238888230666,3496239000024442,65296387825529,0,15189953255474,11467,1,1467,31,0.938420928957333,3496239,15203,3,302067712,0,36,-999.0,-999.0,-999.0,-999.0,223.88876924,5.55874779,0.16161000728607178,0.16161000728607178,,,,,56787.36550926,-999.0,-0.7172979116802031,-0.690000450147001,0.09686632384970358,219.65361145140827,21.30543028895094,2.3924545319178114,53.43844696638628,-999,0,2,0,1,1,0,0,-999.0,-999.0,-999.0,-999.0,0,-999.0,-999.0,-999.0,-999.0,-999.0,0,-999.0,-999.0,-999.0,0,0,0.5770429968833923,20.82550048828125,0.23037000000476837,-999.0,1,20.82550048828125,20.82550048828125,-999.0,-999.0,-999.0,0,20.705299377441406,0.23037000000476837,-999.0,1,4112,0.8559060096740723,21.40060043334961,0.16091099381446838,-999.0,1,21.40060043334961,21.40060043334961,21.526399612426758,0.23472900688648224,-999.0,1,21.418399810791016,0.16091099381446838,-999.0,1,280,-999.0,-999.0,-999.0,-999.0,0,-999.0,-999.0,-999.0,-999.0,-999.0,0,-999.0,-999.0,-999.0,0,0,-999.0,-999.0,-999.0,-999.0,0,-999.0,-999.0,-999.0,-999.0,-999.0,0,-999.0,-999.0,-999.0,0,0,0.009162642693998191
PSO J223.8895+05.5626,-999,-999,-999,114672238894705632,3496239000116783,65296387919943,0,15189953262212,11467,1,1467,31,0.515884473469001,3496239,15203,3,1343750144,0,160,223.88947099,5.56264493,0.0010000000474974513,0.0010000000474974513,223.88947099,5.56264493,0.0010000000474974513,0.0010000000474974513,,,,,56125.39715278,-999.0,-0.7172847106506267,-0.6900046661480322,0.09693402168892748,219.65303761967417,21.30935326289116,2.3982412267604234,53.440394759417224,-999,1,0,0,0,0,0,0,-999.0,-999.0,-999.0,-999.0,0,-999.0,-999.0,-999.0,-999.0,-999.0,0,-999.0,-999.0,-999.0,0,114720,-999.0,-999.0,-999.0,-999.0,0,-999.0,-999.0,-999.0,-999.0,-999.0,0,-999.0,-999.0,-999.0,0,16416,-999.0,-999.0,-999.0,-999.0,0,-999.0,-999.0,-999.0,-999.0,-999.0,0,-999.0,-999.0,-999.0,0,16416,-999.0,-999.0,-999.0,-999.0,0,-999.0,-999.0,-999.0,-999.0,-999.0,0,-999.0,-999.0,-999.0,0,16416,-999.0,-999.0,-999.0,-999.0,0,-999.0,-999.0,-999.0,-999.0,-999.0,0,-999.0,-999.0,-999.0,0,16416,0.007210931419348259
PSO J223.8898+05.5613,-999,-999,-999,114672238897564050,3496239000116788,65296387919948,0,15189953263931,11467,1,1467,31,0.984605902791588,3496239,15203,3,1343750144,0,160,223.88975655,5.56132683,0.0010000000474974513,0.0010000000474974513,223.88975655,5.56132683,0.0010000000474974513,0.0010000000474974513,,,,,56125.39715278,-999.0,-0.7172828785893851,-0.6900097868652085,0.0969111248142068,219.6537632377813,21.308186569137575,2.3968412506728876,53.43933516220458,-999,1,0,0,0,0,0,0,-999.0,-999.0,-999.0,-999.0,0,-999.0,-999.0,-999.0,-999.0,-999.0,0,-999.0,-999.0,-999.0,0,114720,-999.0,-999.0,-999.0,-999.0,0,-999.0,-999.0,-999.0,-999.0,-999.0,0,-999.0,-999.0,-999.0,0,16416,-999.0,-999.0,-999.0,-999.0,0,-999.0,-999.0,-999.0,-999.0,-999.0,0,-999.0,-999.0,-999.0,0,16416,-999.0,-999.0,-999.0,-999.0,0,-999.0,-999.0,-999.0,-999.0,-999.0,0,-999.0,-999.0,-999.0,0,16416,-999.0,-999.0,-999.0,-999.0,0,-999.0,-999.0,-999.0,-999.0,-999.0,0,-999.0,-999.0,-999.0,0,16416,0.008125647409838871
PSO J223.8898+05.5630,-999,-999,-999,114672238898436091,3496239000116793,65296387919953,0,15189953262360,11467,1,1467,31,0.933817397741431,3496239,15203,3,1343750144,0,160,223.88984306,5.56302741,0.0010000000474974513,0.0010000000474974513,223.88984306,5.56302741,0.0010000000474974513,0.0010000000474974513,,,,,55971.37297454,-999.0,-0.7172797634966818,-0.6900088754466603,0.09694066578572298,219.65328949951353,21.309831134595335,2.399132299211702,53.44035348333969,-999,1,0,0,0,0,0,0,-999.0,-999.0,-999.0,-999.0,0,-999.0,-999.0,-999.0,-999.0,-999.0,0,-999.0,-999.0,-999.0,0,16416,-999.0,-999.0,-999.0,-999.0,0,-999.0,-999.0,-999.0,-999.0,-999.0,0,-999.0,-999.0,-999.0,0,114720,-999.0,-999.0,-999.0,-999.0,0,-999.0,-999.0,-999.0,-999.0,-999.0,0,-999.0,-999.0,-999.0,0,16416,-999.0,-999.0,-999.0,-999.0,0,-999.0,-999.0,-999.0,-999.0,-999.0,0,-999.0,-999.0,-999.0,0,16416,-999.0,-999.0,-999.0,-999.0,0,-999.0,-999.0,-999.0,-999.0,-999.0,0,-999.0,-999.0,-999.0,0,16416,0.0073871617614567784
PSO J223.8901+05.5656,-999,-999,-999,114672238900949170,3496239000116802,65296387919962,0,15189953260528,11467,1,1467,31,0.528039236113466,3496239,15203,3,1343750144,0,160,223.89009434,5.56559296,0.0010000000474974513,0.0010000000474974513,223.89009434,5.56559296,0.0010000000474974513,0.0010000000474974513,,,,,56067.73321759,-999.0,-0.7172736083781851,-0.6900090111590649,0.09698523208936227,219.6526975437885,21.312349162881947,2.402717553783247,53.4417970913543,-999,1,0,0,0,0,0,0,-999.0,-999.0,-999.0,-999.0,0,-999.0,-999.0,-999.0,-999.0,-999.0,0,-999.0,-999.0,-999.0,0,114720,-999.0,-999.0,-999.0,-999.0,0,-999.0,-999.0,-999.0,-999.0,-999.0,0,-999.0,-999.0,-999.0,0,16416,-999.0,-999.0,-999.0,-999.0,0,-999.0,-999.0,-999.0,-999.0,-999.0,0,-999.0,-999.0,-999.0,0,16416,-999.0,-999.0,-999.0,-999.0,0,-999.0,-999.0,-999.0,-999.0,-999.0,0,-999.0,-999.0,-999.0,0,16416,-999.0,-999.0,-999.0,-999.0,0,-999.0,-999.0,-999.0,-999.0,-999.0,0,-999.0,-999.0,-999.0,0,16416,0.007067055683226685
PSO J223.8905+05.5628,-999,-999,-999,114672238904885830,3496239000024721,65296387825808,0,15189953262174,11467,1,1467,31,0.28152783520662,3496239,15203,3,310456320,0,37,-999.0,-999.0,-999.0,-999.0,223.89047052,5.56282125,0.18297000229358673,0.18297000229358673,,,,,56335.659375,-999.0,-0.7172724583691997,-0.6900169723287947,0.09693708456110971,219.65399540450326,21.30982713984571,2.399534399675769,53.43974099654093,-999,0,1,0,0,0,0,1,-999.0,-999.0,-999.0,-999.0,0,-999.0,-999.0,-999.0,-999.0,-999.0,0,-999.0,-999.0,-999.0,0,0,-999.0,-999.0,-999.0,-999.0,0,-999.0,-999.0,-999.0,-999.0,-999.0,0,-999.0,-999.0,-999.0,0,0,-999.0,-999.0,-999.0,-999.0,0,-999.0,-999.0,-999.0,-999.0,-999.0,0,-999.0,-999.0,-999.0,0,0,-999.0,-999.0,-999.0,-999.0,0,-999.0,-999.0,-999.0,-999.0,-999.0,0,-999.0,-999.0,-999.0,0,0,0.07580900192260742,20.348800659179688,0.18234899640083313,-999.0,1,20.348800659179688,20.348800659179688,19.17020034790039,0.15611399710178375,-999.0,1,19.488000869750977,0.18234899640083313,-999.0,1,16777752,0.008042941847792662
PSO J223.8906+05.5589,-999,-999,-999,114672238906321121,3496239000116814,65296387919974,0,15189953255844,11467,1,1467,31,0.390748774996725,3496239,15203,3,1343750144,0,160,223.89063233,5.55888559,0.0010000000474974513,0.0010000000474974513,223.89063233,5.55888559,0.0010000000474974513,0.0010000000474974513,,,,,56016.57618056,-999.0,-0.7172753066235178,-0.690023612681532,0.0968687176030811,219.65545973632558,21.306131976793843,2.394618247428551,53.43710673516033,-999,1,0,0,0,0,0,0,-999.0,-999.0,-999.0,-999.0,0,-999.0,-999.0,-999.0,-999.0,-999.0,0,-999.0,-999.0,-999.0,0,114720,-999.0,-999.0,-999.0,-999.0,0,-999.0,-999.0,-999.0,-999.0,-999.0,0,-999.0,-999.0,-999.0,0,16416,-999.0,-999.0,-999.0,-999.0,0,-999.0,-999.0,-999.0,-999.0,-999.0,0,-999.0,-999.0,-999.0,0,16416,-999.0,-999.0,-999.0,-999.0,0,-999.0,-999.0,-999.0,-999.0,-999.0,0,-999.0,-999.0,-999.0,0,16416,-999.0,-999.0,-999.0,-999.0,0,-999.0,-999.0,-999.0,-999.0,-999.0,0,-999.0,-999.0,-999.0,0,16416,0.010331452248305084
PSO J223.8915+05.5640,-999,-999,-999,114672238914607220,3496239000116826,65296387919986,0,15189953261810,11467,1,1467,31,0.503941339909976,3496239,15203,3,1343750144,0,160,223.89146069,5.56396792,0.0010000000474974513,0.0010000000474974513,223.89146069,5.56396792,0.0010000000474974513,0.0010000000474974513,,,,,56016.57618056,-999.0,-0.7172591353511072,-0.6900280227904166,0.09695700345684324,219.65462318953556,21.311221418420907,2.4020722598431554,53.439713255852595,-999,1,0,0,0,0,0,0,-999.0,-999.0,-999.0,-999.0,0,-999.0,-999.0,-999.0,-999.0,-999.0,0,-999.0,-999.0,-999.0,0,114720,-999.0,-999.0,-999.0,-999.0,0,-999.0,-999.0,-999.0,-999.0,-999.0,0,-999.0,-999.0,-999.0,0,16416,-999.0,-999.0,-999.0,-999.0,0,-999.0,-999.0,-999.0,-999.0,-999.0,0,-999.0,-999.0,-999.0,0,16416,-999.0,-999.0,-999.0,-999.0,0,-999.0,-999.0,-999.0,-999.0,-999.0,0,-999.0,-999.0,-999.0,0,16416,-999.0,-999.0,-999.0,-999.0,0,-999.0,-999.0,-999.0,-999.0,-999.0,0,-999.0,-999.0,-999.0,0,16416,0.008636945113431264
PSO J223.8916+05.5611,-999,-999,-999,114672238916173813,3496239000116827,65296387919987,0,15189953256624,11467,1,1467,31,0.492676467162256,3496239,15203,3,1343750144,0,160,223.89162466,5.56112873,0.0010000000474974513,0.0010000000474974513,223.89162466,5.56112873,0.0010000000474974513,0.0010000000474974513,,,,,56014.89693287,-999.0,-0.7172606221312284,-0.6900334055688977,0.09690768359068337,219.65572759013614,21.308570189156786,2.3985759150177675,53.43777677554875,-999,1,0,0,0,0,0,0,-999.0,-999.0,-999.0,-999.0,0,-999.0,-999.0,-999.0,-999.0,-999.0,0,-999.0,-999.0,-999.0,0,114720,-999.0,-999.0,-999.0,-999.0,0,-999.0,-999.0,-999.0,-999.0,-999.0,0,-999.0,-999.0,-999.0,0,16416,-999.0,-999.0,-999.0,-999.0,0,-999.0,-999.0,-999.0,-999.0,-999.0,0,-999.0,-999.0,-999.0,0,16416,-999.0,-999.0,-999.0,-999.0,0,-999.0,-999.0,-999.0,-999.0,-999.0,0,-999.0,-999.0,-999.0,0,16416,-999.0,-999.0,-999.0,-999.0,0,-999.0,-999.0,-999.0,-999.0,-999.0,0,-999.0,-999.0,-999.0,0,16416,0.009815103681015755
PSO J223.8918+05.5595,-999,-999,-999,114672238917621851,3496239000116833,65296387919993,0,15189953256857,11467,1,1467,31,0.228681536604354,3496239,15203,3,1343750144,0,160,223.89176251,5.5594936,0.0010000000474974513,0.0010000000474974513,223.89176251,5.5594936,0.0010000000474974513,0.0010000000474974513,,,,,56016.57618056,-999.0,-0.7172609546855584,-0.6900370483482793,0.09687927946860446,219.65640774618296,21.30705660164496,2.3966087334212,53.43662820003502,-999,1,0,0,0,0,0,0,-999.0,-999.0,-999.0,-999.0,0,-999.0,-999.0,-999.0,-999.0,-999.0,0,-999.0,-999.0,-999.0,0,114720,-999.0,-999.0,-999.0,-999.0,0,-999.0,-999.0,-999.0,-999.0,-999.0,0,-999.0,-999.0,-999.0,0,16416,-999.0,-999.0,-999.0,-999.0,0,-999.0,-999.0,-999.0,-999.0,-999.0,0,-999.0,-999.0,-999.0,0,16416,-999.0,-999.0,-999.0,-999.0,0,-999.0,-999.0,-999.0,-999.0,-999.0,0,-999.0,-999.0,-999.0,0,16416,-999.0,-999.0,-999.0,-999.0,0,-999.0,-999.0,-999.0,-999.0,-999.0,0,-999.0,-999.0,-999.0,0,16416,0.010814271379533068
PSO J223.8918+05.5649,-999,-999,-999,114672238918358358,3496239000116834,65296387919994,0,15189953259548,11467,1,1467,31,0.819684254768942,3496239,15203,3,1343750144,0,160,223.89183798,5.56491978,0.0010000000474974513,0.0010000000474974513,223.89183798,5.56491978,0.0010000000474974513,0.0010000000474974513,,,,,56041.68789352,-999.0,-0.7172534306438834,-0.6900316290622618,0.09697353826308122,219.6546923227814,21.31224264254865,2.4037051297938365,53.44003107363265,-999,1,0,0,0,0,0,0,-999.0,-999.0,-999.0,-999.0,0,-999.0,-999.0,-999.0,-999.0,-999.0,0,-999.0,-999.0,-999.0,0,114720,-999.0,-999.0,-999.0,-999.0,0,-999.0,-999.0,-999.0,-999.0,-999.0,0,-999.0,-999.0,-999.0,0,16416,-999.0,-999.0,-999.0,-999.0,0,-999.0,-999.0,-999.0,-999.0,-999.0,0,-999.0,-999.0,-999.0,0,16416,-999.0,-999.0,-999.0,-999.0,0,-999.0,-999.0,-999.0,-999.0,-999.0,0,-999.0,-999.0,-999.0,0,16416,-999.0,-999.0,-999.0,-999.0,0,-999.0,-999.0,-999.0,-999.0,-999.0,0,-999.0,-999.0,-999.0,0,16416,0.008849445067988427
PSO J223.8617+05.5655,-999,-999,-999,114672238615269188,3496239000020085,65296387821172,0,15189953409407,11467,1,1467,31,0.473946174116755,3496239,15203,3,1343750144,0,160,223.8616888,5.56545668,0.0010000000474974513,0.0010000000474974513,223.8616888,5.56545668,0.0010000000474974513,0.0010000000474974513,,,,,55906.63571759,-999.0,-0.7176157724437526,-0.6896534833389149,0.09698286476722254,219.62386951407382,21.303518225519017,2.3722560750228667,53.4634826973596,-999,1,1,0,0,1,0,0,-999.0,-999.0,-999.0,-999.0,0,-999.0,-999.0,-999.0,-999.0,-999.0,0,-999.0,-999.0,-999.0,0,114720,-999.0,-999.0,-999.0,-999.0,0,-999.0,-999.0,-999.0,-999.0,-999.0,0,-999.0,-999.0,-999.0,0,16416,0.7824329733848572,20.417200088500977,0.13866999745368958,-999.0,1,20.417200088500977,20.417200088500977,-999.0,-999.0,-999.0,0,20.713499069213867,0.13866999745368958,-999.0,1,20528,-999.0,-999.0,-999.0,-999.0,0,-999.0,-999.0,-999.0,-999.0,-999.0,0,-999.0,-999.0,-999.0,0,16416,-999.0,-999.0,-999.0,-999.0,0,-999.0,-999.0,-999.0,-999.0,-999.0,0,-999.0,-999.0,-999.0,0,16416,0.02121511730635256
PSO J223.8611+05.5592,-999,-999,-999,114672238611231457,3496239000116240,65296387919400,0,15189953351840,11467,1,1467,31,0.115416272650861,3496239,15203,3,1343750144,0,160,223.86112313,5.55916406,0.0010000000474974513,0.0010000000474974513,223.86112313,5.55916406,0.0010000000474974513,0.0010000000474974513,,,,,55971.37297454,-999.0,-0.7176302567324853,-0.6896537747093094,0.09687355496351191,219.62537367494335,21.297357860700146,2.3635146181085163,53.45990091703454,-999,1,0,0,0,0,0,0,-999.0,-999.0,-999.0,-999.0,0,-999.0,-999.0,-999.0,-999.0,-999.0,0,-999.0,-999.0,-999.0,0,114720,-999.0,-999.0,-999.0,-999.0,0,-999.0,-999.0,-999.0,-999.0,-999.0,0,-999.0,-999.0,-999.0,0,16416,-999.0,-999.0,-999.0,-999.0,0,-999.0,-999.0,-999.0,-999.0,-999.0,0,-999.0,-999.0,-999.0,0,16416,-999.0,-999.0,-999.0,-999.0,0,-999.0,-999.0,-999.0,-999.0,-999.0,0,-999.0,-999.0,-999.0,0,16416,-999.0,-999.0,-999.0,-999.0,0,-999.0,-999.0,-999.0,-999.0,-999.0,0,-999.0,-999.0,-999.0,0,16416,0.02278841814798032
PSO J223.8608+05.5609,-999,-999,-999,114672238607773532,3496239000116230,65296387919390,0,15189953351973,11467,1,1467,31,0.566924728981149,3496239,15203,3,1343750144,0,160,223.86077226,5.56089497,0.0010000000474974513,0.0010000000474974513,223.86077226,5.56089497,0.0010000000474974513,0.0010000000474974513,,,,,55878.17760417,-999.0,-0.7176323695954162,-0.6896473518949015,0.09690362291069338,219.62444517251436,21.298897219409568,2.3653787050767465,53.461274334912154,-999,1,0,0,0,0,0,0,-999.0,-999.0,-999.0,-999.0,0,-999.0,-999.0,-999.0,-999.0,-999.0,0,-999.0,-999.0,-999.0,0,114720,-999.0,-999.0,-999.0,-999.0,0,-999.0,-999.0,-999.0,-999.0,-999.0,0,-999.0,-999.0,-999.0,0,16416,-999.0,-999.0,-999.0,-999.0,0,-999.0,-999.0,-999.0,-999.0,-999.0,0,-999.0,-999.0,-999.0,0,16416,-999.0,-999.0,-999.0,-999.0,0,-999.0,-999.0,-999.0,-999.0,-999.0,0,-999.0,-999.0,-999.0,0,16416,-999.0,-999.0,-999.0,-999.0,0,-999.0,-999.0,-999.0,-999.0,-999.0,0,-999.0,-999.0,-999.0,0,16416,0.022679486896065144
PSO J223.8607+05.5633,-999,-999,-999,114672238606706412,3496239000116228,65296387919388,0,15189953407957,11467,1,1467,31,0.607255622378788,3496239,15203,3,1343750144,0,160,223.86067555,5.56328902,0.0010000000474974513,0.0010000000474974513,223.86067555,5.56328902,0.0010000000474974513,0.0010000000474974513,,,,,56066.2419213,-999.0,-0.7176306135724699,-0.6896433343953703,0.09694521023565791,219.6235558707349,21.301145382599064,2.368371680566926,53.46287609531708,-999,1,0,0,0,0,0,0,-999.0,-999.0,-999.0,-999.0,0,-999.0,-999.0,-999.0,-999.0,-999.0,0,-999.0,-999.0,-999.0,0,114720,-999.0,-999.0,-999.0,-999.0,0,-999.0,-999.0,-999.0,-999.0,-999.0,0,-999.0,-999.0,-999.0,0,16416,-999.0,-999.0,-999.0,-999.0,0,-999.0,-999.0,-999.0,-999.0,-999.0,0,-999.0,-999.0,-999.0,0,16416,-999.0,-999.0,-999.0,-999.0,0,-999.0,-999.0,-999.0,-999.0,-999.0,0,-999.0,-999.0,-999.0,0,16416,-999.0,-999.0,-999.0,-999.0,0,-999.0,-999.0,-999.0,-999.0,-999.0,0,-999.0,-999.0,-999.0,0,16416,0.02237073113626008
PSO J223.8598+05.5656,-999,-999,-999,114672238597979205,3496239000019855,65296387820942,0,15189953409860,11467,1,1467,31,0.0588117912959417,3496239,15203,3,268959744,0,32,-999.0,-999.0,-999.0,-999.0,223.85978887,5.56562938,0.12794999778270721,0.12794999778270721,,,,,55694.35231481,-999.0,-0.7176384302022382,-0.6896294842429327,0.09698586474169327,219.62188135653327,21.30310041670294,2.3704527449051764,53.46504892303603,-999,0,1,0,1,0,0,0,-999.0,-999.0,-999.0,-999.0,0,-999.0,-999.0,-999.0,-999.0,-999.0,0,-999.0,-999.0,-999.0,0,0,0.8135409951210022,20.48590087890625,0.12706799805164337,-999.0,1,20.48590087890625,20.48590087890625,-999.0,-999.0,-999.0,0,20.587200164794922,0.12706799805164337,-999.0,1,4112,-999.0,-999.0,-999.0,-999.0,0,-999.0,-999.0,-999.0,-999.0,-999.0,0,-999.0,-999.0,-999.0,0,0,-999.0,-999.0,-999.0,-999.0,0,-999.0,-999.0,-999.0,-999.0,-999.0,0,-999.0,-999.0,-999.0,0,0,-999.0,-999.0,-999.0,-999.0,0,-999.0,-999.0,-999.0,-999.0,-999.0,0,-999.0,-999.0,-999.0,0,0,0.02310314961705076
PSO J223.8594+05.5602,-999,-999,-999,114672238593692658,3496239000116205,65296387919365,0,15189953355401,11467,1,1467,31,0.429321659197399,3496239,15203,3,1343750144,0,160,223.85939518,5.5601703,0.0010000000474974513,0.0010000000474974513,223.85939518,5.5601703,0.0010000000474974513,0.0010000000474974513,,,,,56016.57618056,-999.0,-0.7176498284428564,-0.6896309528725558,0.09689103454927767,219.6232849686462,21.297785820361888,2.362972494855851,53.46186716415229,-999,1,0,0,0,0,0,0,-999.0,-999.0,-999.0,-999.0,0,-999.0,-999.0,-999.0,-999.0,-999.0,0,-999.0,-999.0,-999.0,0,114720,-999.0,-999.0,-999.0,-999.0,0,-999.0,-999.0,-999.0,-999.0,-999.0,0,-999.0,-999.0,-999.0,0,16416,-999.0,-999.0,-999.0,-999.0,0,-999.0,-999.0,-999.0,-999.0,-999.0,0,-999.0,-999.0,-999.0,0,16416,-999.0,-999.0,-999.0,-999.0,0,-999.0,-999.0,-999.0,-999.0,-999.0,0,-999.0,-999.0,-999.0,0,16416,-999.0,-999.0,-999.0,-999.0,0,-999.0,-999.0,-999.0,-999.0,-999.0,0,-999.0,-999.0,-999.0,0,16416,0.024179401378114408
PSO J223.8578+05.5629,-999,-999,-999,114672238578085992,3496239000116174,65296387919334,0,15189953352775,11467,1,1467,31,0.282870034950664,3496239,15203,3,1343750144,0,160,223.8578083,5.56294983,0.0010000000474974513,0.0010000000474974513,223.8578083,5.56294983,0.0010000000474974513,0.0010000000474974513,,,,,55973.32822917,-999.0,-0.717665538277507,-0.6896078188130536,0.09693931813644507,219.62075370856874,21.299944155150893,2.364874217223563,53.46485690078197,-999,1,0,0,0,0,0,0,-999.0,-999.0,-999.0,-999.0,0,-999.0,-999.0,-999.0,-999.0,-999.0,0,-999.0,-999.0,-999.0,0,114720,-999.0,-999.0,-999.0,-999.0,0,-999.0,-999.0,-999.0,-999.0,-999.0,0,-999.0,-999.0,-999.0,0,16416,-999.0,-999.0,-999.0,-999.0,0,-999.0,-999.0,-999.0,-999.0,-999.0,0,-999.0,-999.0,-999.0,0,16416,-999.0,-999.0,-999.0,-999.0,0,-999.0,-999.0,-999.0,-999.0,-999.0,0,-999.0,-999.0,-999.0,0,16416,-999.0,-999.0,-999.0,-999.0,0,-999.0,-999.0,-999.0,-999.0,-999.0,0,-999.0,-999.0,-999.0,0,16416,0.02524455909389109
PSO J223.8575+05.5650,-999,-999,-999,114672238574708465,3496239000019499,65296387820586,0,15189953358070,11467,1,1467,31,0.430048185801178,3496239,15203,3,268959744,0,32,-999.0,-999.0,-999.0,-999.0,223.85746535,5.56501649,0.25745001435279846,0.25745001435279846,,,,,55694.36315972,-999.0,-0.7176671442383429,-0.6896011000084048,0.09697521821568524,219.61972226064776,21.301805364415806,2.3671812903482397,53.466438461369506,-999,0,1,0,1,0,0,0,-999.0,-999.0,-999.0,-999.0,0,-999.0,-999.0,-999.0,-999.0,-999.0,0,-999.0,-999.0,-999.0,0,0,0.7920349836349487,21.442899703979492,0.2570120096206665,-999.0,1,21.442899703979492,21.442899703979492,-999.0,-999.0,-999.0,0,22.141399383544922,0.2570120096206665,-999.0,1,4112,-999.0,-999.0,-999.0,-999.0,0,-999.0,-999.0,-999.0,-999.0,-999.0,0,-999.0,-999.0,-999.0,0,0,-999.0,-999.0,-999.0,-999.0,0,-999.0,-999.0,-999.0,-999.0,-999.0,0,-999.0,-999.0,-999.0,0,0,-999.0,-999.0,-999.0,-999.0,0,-999.0,-999.0,-999.0,-999.0,-999.0,0,-999.0,-999.0,-999.0,0,0,0.02542921973917425
PSO J223.8564+05.5647,-999,-999,-999,114672238564428162,3496239000019334,65296387820421,0,15189953358661,11467,1,1467,31,0.62768668739841,3496239,15203,3,436527104,7,52,223.85643296,5.56470742,0.0010000000474974513,0.0010000000474974513,223.85642192598507,5.564706692622624,0.017250420829679963,0.017250420829679963,23.748364915728953,-2.7179123341777016,12.784681860240198,12.784681860240198,56249.53017434912,4.552274703979492,-0.7176800806544456,-0.6895883936084213,0.0969698367142362,219.6187607684306,21.30118575018302,2.365657429938514,53.46704136177144,-999,5,25,3,8,10,4,0,0.9988610148429871,21.911699295043945,0.13045699894428253,0.24052999913692474,3,21.604900360107422,22.04450035095215,22.017099380493164,0.2986159920692444,0.574521005153656,3,22.151399612426758,0.05364599823951721,0.1382260024547577,3,115000,0.999705970287323,21.67690086364746,0.047906000167131424,0.16912800073623657,5,21.35260009765625,21.746200561523438,21.75200080871582,0.13250400125980377,0.560824990272522,7,21.749500274658203,0.13665199279785156,0.4054880142211914,7,115000,0.9997379779815674,21.27429962158203,0.05123300105333328,0.15995100140571594,10,21.058500289916992,21.601699829101562,21.269399642944336,0.07214199751615524,0.21625399589538574,10,21.207399368286133,0.08923500031232834,0.2544499933719635,10,115000,0.999426007270813,21.305299758911133,0.05136999860405922,0.10605300217866898,4,21.204999923706055,21.43910026550293,21.316099166870117,0.10537300258874893,0.21035699546337128,3,21.525800704956055,0.12955600023269653,0.2709519863128662,4,115000,-999.0,-999.0,-999.0,-999.0,0,-999.0,-999.0,-999.0,-999.0,-999.0,0,-999.0,-999.0,-999.0,0,114720,0.026479157298539446
PSO J223.8562+05.5643,-999,-999,-999,114672238560557577,3496239000019288,65296387820375,0,15189953360269,11467,1,1467,31,0.224977889307754,3496239,15203,3,268959744,0,32,-999.0,-999.0,-999.0,-999.0,223.85617309,5.56426521,0.09674999862909317,0.09674999862909317,,,,,55694.33443287,-999.0,-0.7176836142942684,-0.6895857943785378,0.09696216769872971,219.61865707490637,21.30069461412852,2.36483090595541,53.46694934868387,-999,0,2,0,0,2,0,0,-999.0,-999.0,-999.0,-999.0,0,-999.0,-999.0,-999.0,-999.0,-999.0,0,-999.0,-999.0,-999.0,0,0,-999.0,-999.0,-999.0,-999.0,0,-999.0,-999.0,-999.0,-999.0,-999.0,0,-999.0,-999.0,-999.0,0,0,0.7756170034408569,20.294099807739258,0.05670899897813797,0.08024200052022934,2,20.235599517822266,20.349000930786133,-999.0,-999.0,-999.0,0,20.199499130249023,0.20441700518131256,0.28939199447631836,2,4112,-999.0,-999.0,-999.0,-999.0,0,-999.0,-999.0,-999.0,-999.0,-999.0,0,-999.0,-999.0,-999.0,0,0,-999.0,-999.0,-999.0,-999.0,0,-999.0,-999.0,-999.0,-999.0,-999.0,0,-999.0,-999.0,-999.0,0,0,0.02674973575318463
PSO J223.8557+05.5587,-999,-999,-999,114672238556830948,3496239000019230,65296387820317,0,15189953353843,11467,1,1467,31,0.867624943952658,3496239,15203,3,268513280,0,32,-999.0,-999.0,-999.0,-999.0,223.85567298,5.55873866,0.02020999975502491,0.02020999975502491,,,,,56785.37768519,-999.0,-0.7176963740871677,-0.6895860067111252,0.09686616525049412,219.61997487710195,21.295283235454285,2.3571499111303544,53.46380575168931,-999,0,1,0,0,1,0,0,-999.0,-999.0,-999.0,-999.0,0,-999.0,-999.0,-999.0,-999.0,-999.0,0,-999.0,-999.0,-999.0,0,0,-999.0,-999.0,-999.0,-999.0,0,-999.0,-999.0,-999.0,-999.0,-999.0,0,-999.0,-999.0,-999.0,0,0,0.9976800084114075,18.528900146484375,0.013546999543905258,-999.0,1,18.528900146484375,18.528900146484375,18.994699478149414,0.02874699980020523,-999.0,1,18.913000106811523,0.013546999543905258,-999.0,1,24,-999.0,-999.0,-999.0,-999.0,0,-999.0,-999.0,-999.0,-999.0,-999.0,0,-999.0,-999.0,-999.0,0,0,-999.0,-999.0,-999.0,-999.0,0,-999.0,-999.0,-999.0,-999.0,-999.0,0,-999.0,-999.0,-999.0,0,0,0.02812228922058476
PSO J223.8554+05.5634,-999,-999,-999,114672238553876581,3496239000019189,65296387820276,0,15189953360253,11467,1,1467,31,0.31604895490785,3496239,15203,3,444674048,0,53,223.85531779,5.56339377,0.0010000000474974513,0.0010000000474974513,223.85537427,5.56342792,0.16457000374794006,0.16457000374794006,,,,,56678.66599537,-999.0,-0.7176942501323481,-0.6895767699874665,0.09694762307874905,219.61812184095749,21.299653222961783,2.3628956964045287,53.467027187976086,-999,2,1,0,0,0,1,0,-999.0,-999.0,-999.0,-999.0,0,-999.0,-999.0,-999.0,-999.0,-999.0,0,-999.0,-999.0,-999.0,0,16416,-999.0,-999.0,-999.0,-999.0,0,-999.0,-999.0,-999.0,-999.0,-999.0,0,-999.0,-999.0,-999.0,0,16416,-999.0,-999.0,-999.0,-999.0,0,-999.0,-999.0,-999.0,-999.0,-999.0,0,-999.0,-999.0,-999.0,0,114720,0.968824028968811,21.483299255371094,0.16389000415802002,-999.0,1,21.483299255371094,21.483299255371094,21.01889991760254,0.18508000671863556,-999.0,1,20.986099243164062,0.16389000415802002,-999.0,1,16892216,-999.0,-999.0,-999.0,-999.0,0,-999.0,-999.0,-999.0,-999.0,-999.0,0,-999.0,-999.0,-999.0,0,16416,0.027605375785156615
PSO J223.8552+05.5632,-999,-999,-999,114672238552266300,3496239000019165,65296387820252,0,15189953360201,11467,1,1467,31,0.305868622200441,3496239,15203,3,268959744,0,32,-999.0,-999.0,-999.0,-999.0,223.85520488,5.56319267,0.21807000041007996,0.21807000041007996,,,,,55757.35329861,-999.0,-0.7176965758324336,-0.6895749239662975,0.09694353653171034,219.61802741187768,21.29937749564252,2.362410703667665,53.46700686771554,-999,0,1,0,0,0,0,1,-999.0,-999.0,-999.0,-999.0,0,-999.0,-999.0,-999.0,-999.0,-999.0,0,-999.0,-999.0,-999.0,0,0,-999.0,-999.0,-999.0,-999.0,0,-999.0,-999.0,-999.0,-999.0,-999.0,0,-999.0,-999.0,-999.0,0,0,-999.0,-999.0,-999.0,-999.0,0,-999.0,-999.0,-999.0,-999.0,-999.0,0,-999.0,-999.0,-999.0,0,0,-999.0,-999.0,-999.0,-999.0,0,-999.0,-999.0,-999.0,-999.0,-999.0,0,-999.0,-999.0,-999.0,0,0,0.7899670004844666,19.869300842285156,0.21755099296569824,-999.0,1,19.869300842285156,19.869300842285156,-999.0,-999.0,-999.0,0,19.951900482177734,0.21755099296569824,-999.0,1,4112,0.027795131832344104
PSO J223.8540+05.5638,-999,-999,-999,114672238540467016,3496239000019015,65296387820102,0,15189953363484,11467,1,1467,31,0.55982512567176,3496239,15203,3,268959744,0,32,-999.0,-999.0,-999.0,-999.0,223.85404101,5.56380635,0.15198999643325806,0.15198999643325806,,,,,55694.32836806,-999.0,-0.7177098344773942,-0.689559625568817,0.09695419681387822,219.616641704943,21.299604740815397,2.361962614397856,53.4682903457758,-999,0,1,0,0,1,0,0,-999.0,-999.0,-999.0,-999.0,0,-999.0,-999.0,-999.0,-999.0,-999.0,0,-999.0,-999.0,-999.0,0,0,-999.0,-999.0,-999.0,-999.0,0,-999.0,-999.0,-999.0,-999.0,-999.0,0,-999.0,-999.0,-999.0,0,0,0.8227440118789673,20.45479965209961,0.15124699473381042,-999.0,1,20.45479965209961,20.45479965209961,-999.0,-999.0,-999.0,0,21.13129997253418,0.15124699473381042,-999.0,1,4112,-999.0,-999.0,-999.0,-999.0,0,-999.0,-999.0,-999.0,-999.0,-999.0,0,-999.0,-999.0,-999.0,0,0,-999.0,-999.0,-999.0,-999.0,0,-999.0,-999.0,-999.0,-999.0,-999.0,0,-999.0,-999.0,-999.0,0,0,0.028897582480230718
PSO J223.8539+05.5627,-999,-999,-999,114672238539485689,3496239000019006,65296387820093,0,15189953363818,11467,1,1467,31,0.646164903087695,3496239,15203,3,268513280,0,32,-999.0,-999.0,-999.0,-999.0,223.85392968,5.5626926,0.016909999772906303,0.016909999772906303,,,,,56392.5502662,-999.0,-0.7177125332466442,-0.6895595366035379,0.09693484976930912,219.61689657835484,21.29851097329263,2.360403333757946,53.46766491069938,-999,0,1,0,1,0,0,0,-999.0,-999.0,-999.0,-999.0,0,-999.0,-999.0,-999.0,-999.0,-999.0,0,-999.0,-999.0,-999.0,0,0,0.9992169737815857,18.236400604248047,0.007796999998390675,-999.0,1,18.236400604248047,18.236400604248047,19.08679962158203,0.023527000099420547,-999.0,1,18.998899459838867,0.007796999998390675,-999.0,1,24,-999.0,-999.0,-999.0,-999.0,0,-999.0,-999.0,-999.0,-999.0,-999.0,0,-999.0,-999.0,-999.0,0,0,-999.0,-999.0,-999.0,-999.0,0,-999.0,-999.0,-999.0,-999.0,-999.0,0,-999.0,-999.0,-999.0,0,0,-999.0,-999.0,-999.0,-999.0,0,-999.0,-999.0,-999.0,-999.0,-999.0,0,-999.0,-999.0,-999.0,0,0,0.02910925668580476
PSO J223.8531+05.5641,-999,-999,-999,114672238531137425,3496239000116099,65296387919259,0,15189953361644,11467,1,1467,31,0.0507139927248601,3496239,15203,3,404226048,0,48,223.85311725,5.56412563,0.0010000000474974513,0.0010000000474974513,223.85311725,5.56412563,0.0010000000474974513,0.0010000000474974513,,,,,55947.65574074,-999.0,-0.7177205623009767,-0.6895476797718032,0.09695974304675398,219.61559731932348,21.299625453040015,2.3613899219327257,53.46920195779477,-999,2,0,0,0,0,0,0,-999.0,-999.0,-999.0,-999.0,0,-999.0,-999.0,-999.0,-999.0,-999.0,0,-999.0,-999.0,-999.0,0,16416,-999.0,-999.0,-999.0,-999.0,0,-999.0,-999.0,-999.0,-999.0,-999.0,0,-999.0,-999.0,-999.0,0,16416,-999.0,-999.0,-999.0,-999.0,0,-999.0,-999.0,-999.0,-999.0,-999.0,0,-999.0,-999.0,-999.0,0,114720,-999.0,-999.0,-999.0,-999.0,0,-999.0,-999.0,-999.0,-999.0,-999.0,0,-999.0,-999.0,-999.0,0,114720,-999.0,-999.0,-999.0,-999.0,0,-999.0,-999.0,-999.0,-999.0,-999.0,0,-999.0,-999.0,-999.0,0,16416,0.029794076256660255
PSO J223.8520+05.5635,-999,-999,-999,114672238520356596,3496239000018698,65296387819785,0,15189953361916,11467,1,1467,31,0.301850351786102,3496239,15203,3,277348352,0,33,-999.0,-999.0,-999.0,-999.0,223.85202386,5.56346766,0.1814499944448471,0.1814499944448471,,,,,55305.54534722,-999.0,-0.717734523889119,-0.6895347545595585,0.09694831340538605,219.6147034595249,21.298664400353676,2.359372212798227,53.46961990396817,-999,0,1,1,0,0,0,0,0.46154001355171204,21.465099334716797,0.18082599341869354,-999.0,1,21.465099334716797,21.465099334716797,20.748699188232422,0.14057299494743347,-999.0,1,20.928600311279297,0.18082599341869354,-999.0,1,16781336,-999.0,-999.0,-999.0,-999.0,0,-999.0,-999.0,-999.0,-999.0,-999.0,0,-999.0,-999.0,-999.0,0,0,-999.0,-999.0,-999.0,-999.0,0,-999.0,-999.0,-999.0,-999.0,-999.0,0,-999.0,-999.0,-999.0,0,0,-999.0,-999.0,-999.0,-999.0,0,-999.0,-999.0,-999.0,-999.0,-999.0,0,-999.0,-999.0,-999.0,0,0,-999.0,-999.0,-999.0,-999.0,0,-999.0,-999.0,-999.0,-999.0,-999.0,0,-999.0,-999.0,-999.0,0,0,0.030925020072018184
PSO J223.8518+05.5617,-999,-999,-999,114672238517994473,3496239000018661,65296387819748,0,15189953350151,11467,1,1467,31,0.842438953781909,3496239,15203,3,268959744,0,32,-999.0,-999.0,-999.0,-999.0,223.85178333,5.56168435,0.21547000110149384,0.21547000110149384,,,,,56398.55810185,-999.0,-0.7177395942388604,-0.6895338316369597,0.09691733534249178,219.61504827927794,21.296894007467866,2.356809080324166,53.46866612877445,-999,0,1,0,0,1,0,0,-999.0,-999.0,-999.0,-999.0,0,-999.0,-999.0,-999.0,-999.0,-999.0,0,-999.0,-999.0,-999.0,0,0,-999.0,-999.0,-999.0,-999.0,0,-999.0,-999.0,-999.0,-999.0,-999.0,0,-999.0,-999.0,-999.0,0,0,0.8063110113143921,21.787500381469727,0.21494700014591217,-999.0,1,21.787500381469727,21.787500381469727,-999.0,-999.0,-999.0,0,21.841899871826172,0.21494700014591217,-999.0,1,4120,-999.0,-999.0,-999.0,-999.0,0,-999.0,-999.0,-999.0,-999.0,-999.0,0,-999.0,-999.0,-999.0,0,0,-999.0,-999.0,-999.0,-999.0,0,-999.0,-999.0,-999.0,-999.0,-999.0,0,-999.0,-999.0,-999.0,0,0,0.03135268720359607
PSO J223.8517+05.5602,-999,-999,-999,114672238517572644,3496239000018655,65296387819742,0,15189953348978,11467,1,1467,31,0.822253512053055,3496239,15203,3,268513280,0,32,-999.0,-999.0,-999.0,-999.0,223.85174426,5.56015356,0.015599999576807022,0.015599999576807022,,,,,56394.56908565,-999.0,-0.7177419314621483,-0.6895351358672241,0.09689074375580914,219.6155144010587,21.295425600231052,2.3547876164253405,53.46771909978836,-999,0,1,1,0,0,0,0,0.9990159869194031,17.679000854492188,0.004215000197291374,-999.0,1,17.679000854492188,17.679000854492188,18.715999603271484,0.016846999526023865,-999.0,1,18.705799102783203,0.004215000197291374,-999.0,1,24,-999.0,-999.0,-999.0,-999.0,0,-999.0,-999.0,-999.0,-999.0,-999.0,0,-999.0,-999.0,-999.0,0,0,-999.0,-999.0,-999.0,-999.0,0,-999.0,-999.0,-999.0,-999.0,-999.0,0,-999.0,-999.0,-999.0,0,0,-999.0,-999.0,-999.0,-999.0,0,-999.0,-999.0,-999.0,-999.0,-999.0,0,-999.0,-999.0,-999.0,0,0,-999.0,-999.0,-999.0,-999.0,0,-999.0,-999.0,-999.0,-999.0,-999.0,0,-999.0,-999.0,-999.0,0,0,0.031632649196858584
PSO J223.9168+05.5571,-999,-999,-999,114662239168548973,3496239000028640,65296387829727,0,15189950074176,11466,1,1467,31,0.344736962900252,3496239,15203,3,310456320,0,37,-999.0,-999.0,-999.0,-999.0,223.91682472,5.55709351,0.1768999993801117,0.1768999993801117,,,,,55338.39131944,-999.0,-0.7169619740952095,-0.6903535394670025,0.09683758695301271,219.6826768345866,21.312446564777826,2.4202025882054743,53.415883586948866,-999,0,1,0,1,0,0,0,-999.0,-999.0,-999.0,-999.0,0,-999.0,-999.0,-999.0,-999.0,-999.0,0,-999.0,-999.0,-999.0,0,0,0.20320099592208862,21.271900177001953,0.17626400291919708,-999.0,1,21.271900177001953,21.271900177001953,20.873300552368164,0.2287220060825348,-999.0,1,20.80419921875,0.17626400291919708,-999.0,1,16777752,-999.0,-999.0,-999.0,-999.0,0,-999.0,-999.0,-999.0,-999.0,-999.0,0,-999.0,-999.0,-999.0,0,0,-999.0,-999.0,-999.0,-999.0,0,-999.0,-999.0,-999.0,-999.0,-999.0,0,-999.0,-999.0,-999.0,0,0,-999.0,-999.0,-999.0,-999.0,0,-999.0,-999.0,-999.0,-999.0,-999.0,0,-999.0,-999.0,-999.0,0,0,0.03479524211780008
PSO J223.9159+05.5547,-999,-999,-999,114662239159206129,3496239000028506,65296387829593,0,15189951908310,11466,1,1467,31,0.7349491228675,3496239,15203,3,268959744,0,32,-999.0,-999.0,-999.0,-999.0,223.91590833,5.55472504,0.16535000503063202,0.16535000503063202,,,,,55401.30572917,-999.0,-0.716975898540506,-0.6903448481942,0.0967964435491353,219.6825272055497,21.309912375064332,2.4161655345774826,53.4150760260438,-999,0,1,0,0,0,0,1,-999.0,-999.0,-999.0,-999.0,0,-999.0,-999.0,-999.0,-999.0,-999.0,0,-999.0,-999.0,-999.0,0,0,-999.0,-999.0,-999.0,-999.0,0,-999.0,-999.0,-999.0,-999.0,-999.0,0,-999.0,-999.0,-999.0,0,0,-999.0,-999.0,-999.0,-999.0,0,-999.0,-999.0,-999.0,-999.0,-999.0,0,-999.0,-999.0,-999.0,0,0,-999.0,-999.0,-999.0,-999.0,0,-999.0,-999.0,-999.0,-999.0,-999.0,0,-999.0,-999.0,-999.0,0,0,0.6483319997787476,19.473899841308594,0.164669007062912,-999.0,1,19.473899841308594,19.473899841308594,-999.0,-999.0,-999.0,0,19.384899139404297,0.164669007062912,-999.0,1,4112,0.03460350683903653
PSO J223.9151+05.5549,-999,-999,-999,114662239151506323,3496239000028383,65296387829470,0,15189951909155,11466,1,1467,31,0.815659133545737,3496239,15203,3,268959744,0,32,-999.0,-999.0,-999.0,-999.0,223.91514728,5.55489344,0.18961000442504883,0.18961000442504883,,,,,55399.25851852,-999.0,-0.7169848632632074,-0.6903351273371262,0.09679936888158698,219.68169795622958,21.309839632394404,2.415572796599426,53.4157669124447,-999,0,1,0,0,0,1,0,-999.0,-999.0,-999.0,-999.0,0,-999.0,-999.0,-999.0,-999.0,-999.0,0,-999.0,-999.0,-999.0,0,0,-999.0,-999.0,-999.0,-999.0,0,-999.0,-999.0,-999.0,-999.0,-999.0,0,-999.0,-999.0,-999.0,0,0,-999.0,-999.0,-999.0,-999.0,0,-999.0,-999.0,-999.0,-999.0,-999.0,0,-999.0,-999.0,-999.0,0,0,0.7646920084953308,20.138500213623047,0.18901200592517853,-999.0,1,20.138500213623047,20.138500213623047,-999.0,-999.0,-999.0,0,20.110599517822266,0.18901200592517853,-999.0,1,4112,-999.0,-999.0,-999.0,-999.0,0,-999.0,-999.0,-999.0,-999.0,-999.0,0,-999.0,-999.0,-999.0,0,0,0.033832311718288884
PSO J223.9151+05.5552,-999,-999,-999,114662239150866661,3496239000028375,65296387829462,0,15189951909169,11466,1,1467,31,0.665260029644948,3496239,15203,3,268959744,0,32,-999.0,-999.0,-999.0,-999.0,223.91507008,5.55516785,0.24491000175476074,0.24491000175476074,,,,,55399.26950231,-999.0,-0.7169854594400146,-0.6903338397136712,0.09680413574724242,219.68152888183204,21.310077106681604,2.415845263764044,53.41600107902352,-999,0,1,0,0,0,1,0,-999.0,-999.0,-999.0,-999.0,0,-999.0,-999.0,-999.0,-999.0,-999.0,0,-999.0,-999.0,-999.0,0,0,-999.0,-999.0,-999.0,-999.0,0,-999.0,-999.0,-999.0,-999.0,-999.0,0,-999.0,-999.0,-999.0,0,0,-999.0,-999.0,-999.0,-999.0,0,-999.0,-999.0,-999.0,-999.0,-999.0,0,-999.0,-999.0,-999.0,0,0,0.7053890228271484,18.028900146484375,0.24445100128650665,-999.0,1,18.028900146484375,18.028900146484375,-999.0,-999.0,-999.0,0,18.375900268554688,0.24445100128650665,-999.0,1,4112,-999.0,-999.0,-999.0,-999.0,0,-999.0,-999.0,-999.0,-999.0,-999.0,0,-999.0,-999.0,-999.0,0,0,0.03367127963680457
PSO J223.9142+05.5575,-999,-999,-999,114662239142229397,3496239000028253,65296387829340,0,15189951905946,11466,1,1467,31,0.430399177996813,3496239,15203,3,268959744,0,32,-999.0,-999.0,-999.0,-999.0,223.91421827,5.55745587,0.33006998896598816,0.33006998896598816,,,,,55399.25851852,-999.0,-0.7169929371176499,-0.6903204985508554,0.09684388160283536,219.67990756030824,21.31199343949715,2.4178955881388027,53.41811309625488,-999,0,1,0,0,0,1,0,-999.0,-999.0,-999.0,-999.0,0,-999.0,-999.0,-999.0,-999.0,-999.0,0,-999.0,-999.0,-999.0,0,0,-999.0,-999.0,-999.0,-999.0,0,-999.0,-999.0,-999.0,-999.0,-999.0,0,-999.0,-999.0,-999.0,0,0,-999.0,-999.0,-999.0,-999.0,0,-999.0,-999.0,-999.0,-999.0,-999.0,0,-999.0,-999.0,-999.0,0,0,0.7757269740104675,20.802799224853516,0.3297330141067505,-999.0,1,20.802799224853516,20.802799224853516,-999.0,-999.0,-999.0,0,20.7539005279541,0.3297330141067505,-999.0,1,4112,-999.0,-999.0,-999.0,-999.0,0,-999.0,-999.0,-999.0,-999.0,-999.0,0,-999.0,-999.0,-999.0,0,0,0.03219513989206778
PSO J223.9142+05.5577,-999,-999,-999,114662239142149735,3496239000028251,65296387829338,0,15189950070880,11466,1,1467,31,0.876357029076998,3496239,15203,3,310456320,0,37,-999.0,-999.0,-999.0,-999.0,223.91418552,5.55772872,0.1569499969482422,0.1569499969482422,,,,,55338.39131944,-999.0,-0.7169929994664653,-0.690319768845537,0.09684862134860683,219.6797841827316,21.312243035865446,2.418213400515946,53.41831218113834,-999,0,1,0,1,0,0,0,-999.0,-999.0,-999.0,-999.0,0,-999.0,-999.0,-999.0,-999.0,-999.0,0,-999.0,-999.0,-999.0,0,0,0.2630169987678528,21.135900497436523,0.15623100101947784,-999.0,1,21.135900497436523,21.135900497436523,20.394100189208984,0.173908993601799,-999.0,1,20.417800903320312,0.15623100101947784,-999.0,1,16777752,-999.0,-999.0,-999.0,-999.0,0,-999.0,-999.0,-999.0,-999.0,-999.0,0,-999.0,-999.0,-999.0,0,0,-999.0,-999.0,-999.0,-999.0,0,-999.0,-999.0,-999.0,-999.0,-999.0,0,-999.0,-999.0,-999.0,0,0,-999.0,-999.0,-999.0,-999.0,0,-999.0,-999.0,-999.0,-999.0,-999.0,0,-999.0,-999.0,-999.0,0,0,0.032093225021065416
PSO J223.9141+05.5535,-999,-999,-999,114662239140554782,3496239000028226,65296387829313,0,15189951908973,11466,1,1467,31,0.926899424686003,3496239,15203,3,436527232,5,52,223.91411069,5.55354562,0.0010000000474974513,0.0010000000474974513,223.91407231511465,5.553543732539914,0.006349718013863946,0.00640501637003382,9.579546965849921,-10.773385331796165,4.838776265383089,4.842477482503489,56344.38395415764,2.1662838459014893,-0.7169994574575302,-0.6903232567447506,0.09677592264054477,219.6810470770051,21.308225979648913,2.4126810346156087,53.41573354253162,-999,4,45,0,5,19,12,9,-999.0,-999.0,-999.0,-999.0,0,-999.0,-999.0,-999.0,-999.0,-999.0,0,-999.0,-999.0,-999.0,0,0,0.9987300038337708,21.694900512695312,0.15320199728012085,0.3442640006542206,4,21.4330997467041,22.161300659179688,21.865100860595703,0.14044800400733948,0.4623290002346039,4,21.974300384521484,0.18223899602890015,0.47953200340270996,4,115000,0.9996659755706787,20.485200881958008,0.017118999734520912,0.11648000031709671,19,20.28030014038086,20.790300369262695,20.580699920654297,0.038777001202106476,0.20588800311088562,18,20.471099853515625,0.043411001563072205,0.19326099753379822,19,115000,0.999347984790802,19.81060028076172,0.021174000576138496,0.06528100371360779,10,19.72949981689453,19.915199279785156,19.875699996948242,0.03716199845075607,0.17517900466918945,9,19.770099639892578,0.025937000289559364,0.18790000677108765,10,115000,0.9996619820594788,19.515300750732422,0.03348400071263313,0.1323689967393875,9,19.240999221801758,19.64459991455078,19.663400650024414,0.009100999683141708,0.32801100611686707,9,19.493099212646484,0.07100100070238113,0.3332799971103668,9,115000,0.03329875813064091
PSO J223.9138+05.5536,-999,-999,-999,114662239137804784,3496239000117236,65296387920396,0,15189951909111,11466,1,1467,31,0.763893795911124,3496239,15203,3,1343750144,0,160,223.91378034,5.55360478,0.0010000000474974513,0.0010000000474974513,223.91378034,5.55360478,0.0010000000474974513,0.0010000000474974513,,,,,56066.2419213,-999.0,-0.7170029010040005,-0.690319531442017,0.09677698311851625,219.68073383688844,21.30819497724346,2.4124516184071805,53.4159932119162,-999,1,0,0,0,0,0,0,-999.0,-999.0,-999.0,-999.0,0,-999.0,-999.0,-999.0,-999.0,-999.0,0,-999.0,-999.0,-999.0,0,114720,-999.0,-999.0,-999.0,-999.0,0,-999.0,-999.0,-999.0,-999.0,-999.0,0,-999.0,-999.0,-999.0,0,0,-999.0,-999.0,-999.0,-999.0,0,-999.0,-999.0,-999.0,-999.0,-999.0,0,-999.0,-999.0,-999.0,0,0,-999.0,-999.0,-999.0,-999.0,0,-999.0,-999.0,-999.0,-999.0,-999.0,0,-999.0,-999.0,-999.0,0,0,-999.0,-999.0,-999.0,-999.0,0,-999.0,-999.0,-999.0,-999.0,-999.0,0,-999.0,-999.0,-999.0,0,0,0.03300626949916377
PSO J223.9138+05.5520,-999,-999,-999,114662239137712894,3496239000028177,65296387829264,0,15189951921206,11466,1,1467,31,0.886721503815354,3496239,15203,3,277348352,0,33,-999.0,-999.0,-999.0,-999.0,223.91375937,5.55202886,0.2019300013780594,0.2019300013780594,,,,,55401.30572917,-999.0,-0.7170050709424428,-0.6903211149533374,0.09674960719508714,219.6812328013586,21.306689033291974,2.410392535406248,53.4150043399721,-999,0,1,0,0,0,0,1,-999.0,-999.0,-999.0,-999.0,0,-999.0,-999.0,-999.0,-999.0,-999.0,0,-999.0,-999.0,-999.0,0,0,-999.0,-999.0,-999.0,-999.0,0,-999.0,-999.0,-999.0,-999.0,-999.0,0,-999.0,-999.0,-999.0,0,0,-999.0,-999.0,-999.0,-999.0,0,-999.0,-999.0,-999.0,-999.0,-999.0,0,-999.0,-999.0,-999.0,0,0,-999.0,-999.0,-999.0,-999.0,0,-999.0,-999.0,-999.0,-999.0,-999.0,0,-999.0,-999.0,-999.0,0,0,0.6102079749107361,19.724300384521484,0.2013709992170334,-999.0,1,19.724300384521484,19.724300384521484,-999.0,-999.0,-999.0,0,19.048500061035156,0.2013709992170334,-999.0,1,16781328,0.0336055981618326
PSO J223.9136+05.5578,-999,-999,-999,114662239136389767,3496239000028147,65296387829234,0,15189951906004,11466,1,1467,31,0.893281415936799,3496239,15203,3,268959744,0,32,-999.0,-999.0,-999.0,-999.0,223.91361978,5.55776885,0.3222000002861023,0.3222000002861023,,,,,55609.57840278,-999.0,-0.7169997668006401,-0.6903126421573761,0.09684931845671481,219.67919582115735,21.312108024441187,2.417662835689638,53.41877153835622,-999,0,1,0,0,0,1,0,-999.0,-999.0,-999.0,-999.0,0,-999.0,-999.0,-999.0,-999.0,-999.0,0,-999.0,-999.0,-999.0,0,0,-999.0,-999.0,-999.0,-999.0,0,-999.0,-999.0,-999.0,-999.0,-999.0,0,-999.0,-999.0,-999.0,0,0,-999.0,-999.0,-999.0,-999.0,0,-999.0,-999.0,-999.0,-999.0,-999.0,0,-999.0,-999.0,-999.0,0,0,0.7920529842376709,18.80970001220703,0.3218500018119812,-999.0,1,18.80970001220703,18.80970001220703,-999.0,-999.0,-999.0,0,18.863100051879883,0.3218500018119812,-999.0,1,4112,-999.0,-999.0,-999.0,-999.0,0,-999.0,-999.0,-999.0,-999.0,-999.0,0,-999.0,-999.0,-999.0,0,0,0.03153861905404475
PSO J223.9130+05.5507,-999,-999,-999,114662239129951354,3496239000028067,65296387829154,0,15189951922107,11466,1,1467,31,0.838094135595573,3496239,15203,3,436527104,7,52,223.91304604,5.55071432,0.0010000000474974513,0.0010000000474974513,223.91300116897244,5.550744960388868,0.03027071742216137,0.03027071742216137,-0.010545135561264907,30.158963962001636,35.993846545352724,35.993846545352724,56356.78835335916,4.488739013671875,-0.7170157675987578,-0.6903131301606239,0.09672730401807761,219.68088179360362,21.305222329795765,2.407903273320549,53.41476565655704,-999,4,12,3,3,4,2,0,0.9857839941978455,22.163000106811523,0.10844899713993073,0.1565070003271103,2,22.07659912109375,22.293500900268555,22.207300186157227,0.12023399770259857,0.17417100071907043,2,22.107099533081055,0.049531999975442886,0.07132799923419952,2,115000,0.9989179968833923,22.091800689697266,0.03590700030326843,0.05086899921298027,2,22.058000564575195,22.12980079650879,22.206499099731445,0.09055300056934357,0.1285109966993332,2,22.130300521850586,0.25104400515556335,0.3563069999217987,2,115000,0.9987180233001709,21.68549919128418,0.02456600032746792,0.056453999131917953,4,21.63409996032715,21.75819969177246,21.6968994140625,0.09946800023317337,0.1784300059080124,4,21.726999282836914,0.02417900040745735,0.07688199728727341,4,115000,0.9982349872589111,21.614900588989258,0.15025199949741364,0.212800994515419,2,21.47279930114746,21.773300170898438,21.66160011291504,0.26608800888061523,0.3765139877796173,2,21.622299194335938,0.43390700221061707,0.633197009563446,2,115000,-999.0,-999.0,-999.0,-999.0,0,-999.0,-999.0,-999.0,-999.0,-999.0,0,-999.0,-999.0,-999.0,0,16416,0.03348040703025489
PSO J223.9130+05.5537,-999,-999,-999,114662239129674891,3496239000028062,65296387829149,0,15189951909051,11466,1,1467,31,0.704378042094762,3496239,15203,3,268959744,0,32,-999.0,-999.0,-999.0,-999.0,223.91296485,5.55370068,0.09807000309228897,0.09807000309228897,,,,,55399.25851852,-999.0,-0.7170126095470241,-0.6903092139338649,0.09677864903260641,219.6798731916422,21.30803657662659,2.4117071312314944,53.41667958821138,-999,0,1,0,0,0,1,0,-999.0,-999.0,-999.0,-999.0,0,-999.0,-999.0,-999.0,-999.0,-999.0,0,-999.0,-999.0,-999.0,0,0,-999.0,-999.0,-999.0,-999.0,0,-999.0,-999.0,-999.0,-999.0,-999.0,0,-999.0,-999.0,-999.0,0,0,-999.0,-999.0,-999.0,-999.0,0,-999.0,-999.0,-999.0,-999.0,-999.0,0,-999.0,-999.0,-999.0,0,0,0.6346319913864136,19.367700576782227,0.09691300243139267,-999.0,1,19.367700576782227,19.367700576782227,-999.0,-999.0,-999.0,0,19.245500564575195,0.09691300243139267,-999.0,1,4112,-999.0,-999.0,-999.0,-999.0,0,-999.0,-999.0,-999.0,-999.0,-999.0,0,-999.0,-999.0,-999.0,0,0,0.03221792729325656
PSO J223.9129+05.5519,-999,-999,-999,114662239129172726,3496239000028054,65296387829141,0,15189951920849,11466,1,1467,31,0.212864966329993,3496239,15203,3,268959744,0,32,-999.0,-999.0,-999.0,-999.0,223.91290153,5.55188888,0.21985000371932983,0.21985000371932983,,,,,55399.26950231,-999.0,-0.7170155767189478,-0.6903105437168285,0.09674717554415314,219.68040698628715,21.306293224586398,2.4092980785982125,53.41557275018057,-999,0,1,0,0,0,1,0,-999.0,-999.0,-999.0,-999.0,0,-999.0,-999.0,-999.0,-999.0,-999.0,0,-999.0,-999.0,-999.0,0,0,-999.0,-999.0,-999.0,-999.0,0,-999.0,-999.0,-999.0,-999.0,-999.0,0,-999.0,-999.0,-999.0,0,0,-999.0,-999.0,-999.0,-999.0,0,-999.0,-999.0,-999.0,-999.0,-999.0,0,-999.0,-999.0,-999.0,0,0,0.5828210115432739,18.042800903320312,0.2193399965763092,-999.0,1,18.042800903320312,18.042800903320312,-999.0,-999.0,-999.0,0,18.76259994506836,0.2193399965763092,-999.0,1,4112,-999.0,-999.0,-999.0,-999.0,0,-999.0,-999.0,-999.0,-999.0,-999.0,0,-999.0,-999.0,-999.0,0,0,0.03288901030903863
PSO J223.9127+05.5535,-999,-999,-999,114662239127454670,3496239000028028,65296387829115,0,15189951907173,11466,1,1467,31,0.696084492556829,3496239,15203,3,277348352,0,33,-999.0,-999.0,-999.0,-999.0,223.91273344,5.55350857,0.12636999785900116,0.12636999785900116,,,,,55401.30572917,-999.0,-0.7170156313684726,-0.6903065430630078,0.09677531181902993,219.67970137845933,21.30778293620665,2.411212398554957,53.41673449883681,-999,0,1,0,0,0,0,1,-999.0,-999.0,-999.0,-999.0,0,-999.0,-999.0,-999.0,-999.0,-999.0,0,-999.0,-999.0,-999.0,0,0,-999.0,-999.0,-999.0,-999.0,0,-999.0,-999.0,-999.0,-999.0,-999.0,0,-999.0,-999.0,-999.0,0,0,-999.0,-999.0,-999.0,-999.0,0,-999.0,-999.0,-999.0,-999.0,-999.0,0,-999.0,-999.0,-999.0,0,0,-999.0,-999.0,-999.0,-999.0,0,-999.0,-999.0,-999.0,-999.0,-999.0,0,-999.0,-999.0,-999.0,0,0,0.7864410281181335,19.235300064086914,0.12547199428081512,-999.0,1,19.235300064086914,19.235300064086914,-999.0,-999.0,-999.0,0,18.459999084472656,0.12547199428081512,-999.0,1,16781328,0.03207849023628888
PSO J223.9126+05.5527,-999,-999,-999,114662239126233631,3496239000028016,65296387829103,0,15189951907283,11466,1,1467,31,0.595678537707476,3496239,15203,3,268959744,0,32,-999.0,-999.0,-999.0,-999.0,223.91259044,5.55265294,0.3674300014972687,0.3674300014972687,,,,,56042.3678588,-999.0,-0.7170183952879655,-0.6903057557744573,0.09676044834190307,219.6798384994709,21.306925008093188,2.4099542588000578,53.416298499230884,-999,0,1,1,0,0,0,0,0.6889070272445679,22.76689910888672,0.367127001285553,-999.0,1,22.76689910888672,22.76689910888672,-999.0,-999.0,-999.0,0,25.347900390625,0.367127001285553,-999.0,1,4120,-999.0,-999.0,-999.0,-999.0,0,-999.0,-999.0,-999.0,-999.0,-999.0,0,-999.0,-999.0,-999.0,0,0,-999.0,-999.0,-999.0,-999.0,0,-999.0,-999.0,-999.0,-999.0,-999.0,0,-999.0,-999.0,-999.0,0,0,-999.0,-999.0,-999.0,-999.0,0,-999.0,-999.0,-999.0,-999.0,-999.0,0,-999.0,-999.0,-999.0,0,0,-999.0,-999.0,-999.0,-999.0,0,-999.0,-999.0,-999.0,-999.0,-999.0,0,-999.0,-999.0,-999.0,0,0,0.03228844428315303
PSO J223.9118+05.5573,-999,-999,-999,114662239118119139,3496239000027887,65296387828974,0,15189951382378,11466,1,1467,31,0.230565025685881,3496239,15203,3,268959744,0,32,-999.0,-999.0,-999.0,-999.0,223.91180915,5.55725135,0.19993999600410461,0.19993999600410461,,,,,56396.56409722,-999.0,-0.717022211474843,-0.6902905902322626,0.09684032883318862,219.67752606846506,21.311061297348473,2.4150657485812355,53.41982980271065,-999,0,1,0,1,0,0,0,-999.0,-999.0,-999.0,-999.0,0,-999.0,-999.0,-999.0,-999.0,-999.0,0,-999.0,-999.0,-999.0,0,0,0.02858399972319603,21.28860092163086,0.1993809938430786,-999.0,1,21.28860092163086,21.28860092163086,21.11079978942871,0.13681599497795105,-999.0,1,21.039400100708008,0.1993809938430786,-999.0,1,4120,-999.0,-999.0,-999.0,-999.0,0,-999.0,-999.0,-999.0,-999.0,-999.0,0,-999.0,-999.0,-999.0,0,0,-999.0,-999.0,-999.0,-999.0,0,-999.0,-999.0,-999.0,-999.0,-999.0,0,-999.0,-999.0,-999.0,0,0,-999.0,-999.0,-999.0,-999.0,0,-999.0,-999.0,-999.0,-999.0,-999.0,0,-999.0,-999.0,-999.0,0,0,0.029946006569253683
PSO J223.9118+05.5515,-999,-999,-999,114662239118112274,3496239000027885,65296387828972,0,15189951921131,11466,1,1467,31,0.106539001787583,3496239,15203,3,268959744,0,32,-999.0,-999.0,-999.0,-999.0,223.91179522,5.55151266,0.22648000717163086,0.22648000717163086,,,,,55399.26950231,-999.0,-0.7170293632579158,-0.6902971394880663,0.09674064006683519,219.6794065908214,21.3055965588135,2.407633660081562,53.416180984746035,-999,0,1,0,0,0,1,0,-999.0,-999.0,-999.0,-999.0,0,-999.0,-999.0,-999.0,-999.0,-999.0,0,-999.0,-999.0,-999.0,0,0,-999.0,-999.0,-999.0,-999.0,0,-999.0,-999.0,-999.0,-999.0,-999.0,0,-999.0,-999.0,-999.0,0,0,-999.0,-999.0,-999.0,-999.0,0,-999.0,-999.0,-999.0,-999.0,-999.0,0,-999.0,-999.0,-999.0,0,0,0.6761329770088196,18.143800735473633,0.22598600387573242,-999.0,1,18.143800735473633,18.143800735473633,-999.0,-999.0,-999.0,0,19.36680030822754,0.22598600387573242,-999.0,1,4112,-999.0,-999.0,-999.0,-999.0,0,-999.0,-999.0,-999.0,-999.0,-999.0,0,-999.0,-999.0,-999.0,0,0,0.03206298645235959
PSO J223.9117+05.5555,-999,-999,-999,114662239116767016,3496239000117193,65296387920353,0,15189951909378,11466,1,1467,31,0.137517401145322,3496239,15203,3,1343750144,0,160,223.91167661,5.55547377,0.0010000000474974513,0.0010000000474974513,223.91167661,5.55547377,0.0010000000474974513,0.0010000000474974513,,,,,55973.32822917,-999.0,-0.7170259723732374,-0.6902910149615404,0.09680944998077261,219.67797823498765,21.30932932132055,2.412626940651444,53.41879792611978,-999,1,0,0,0,0,0,0,-999.0,-999.0,-999.0,-999.0,0,-999.0,-999.0,-999.0,-999.0,-999.0,0,-999.0,-999.0,-999.0,0,114720,-999.0,-999.0,-999.0,-999.0,0,-999.0,-999.0,-999.0,-999.0,-999.0,0,-999.0,-999.0,-999.0,0,16416,-999.0,-999.0,-999.0,-999.0,0,-999.0,-999.0,-999.0,-999.0,-999.0,0,-999.0,-999.0,-999.0,0,16416,-999.0,-999.0,-999.0,-999.0,0,-999.0,-999.0,-999.0,-999.0,-999.0,0,-999.0,-999.0,-999.0,0,16416,-999.0,-999.0,-999.0,-999.0,0,-999.0,-999.0,-999.0,-999.0,-999.0,0,-999.0,-999.0,-999.0,0,16416,0.030382274993448335
PSO J223.9115+05.5536,-999,-999,-999,114662239115374728,3496239000117190,65296387920350,0,15189951907839,11466,1,1467,31,0.798332663996455,3496239,15203,3,1343750144,0,160,223.91153726,5.55355707,0.0010000000474974513,0.0010000000474974513,223.91153726,5.55355707,0.0010000000474974513,0.0010000000474974513,,,,,55973.32822917,-999.0,-0.7170299839193011,-0.6902915167620751,0.09677615433049827,219.678469398873,21.307462883648757,2.410001188918116,53.41768250440083,-999,1,0,0,0,0,0,0,-999.0,-999.0,-999.0,-999.0,0,-999.0,-999.0,-999.0,-999.0,-999.0,0,-999.0,-999.0,-999.0,0,114720,-999.0,-999.0,-999.0,-999.0,0,-999.0,-999.0,-999.0,-999.0,-999.0,0,-999.0,-999.0,-999.0,0,16416,-999.0,-999.0,-999.0,-999.0,0,-999.0,-999.0,-999.0,-999.0,-999.0,0,-999.0,-999.0,-999.0,0,16416,-999.0,-999.0,-999.0,-999.0,0,-999.0,-999.0,-999.0,-999.0,-999.0,0,-999.0,-999.0,-999.0,0,16416,-999.0,-999.0,-999.0,-999.0,0,-999.0,-999.0,-999.0,-999.0,-999.0,0,-999.0,-999.0,-999.0,0,16416,0.03096422155273861
PSO J223.9114+05.5542,-999,-999,-999,114662239114455465,3496239000027837,65296387828924,0,15189951907522,11466,1,1467,31,0.565438251537679,3496239,15203,3,310456320,0,37,-999.0,-999.0,-999.0,-999.0,223.9113944,5.55417813,0.1388700008392334,0.1388700008392334,,,,,56394.56908565,-999.0,-0.717030949312137,-0.6902890013578571,0.09678694298771968,219.67811912750744,21.308010098097323,2.410651753685049,53.41818808032583,-999,0,1,1,0,0,0,0,0.07355699688196182,21.292600631713867,0.13805800676345825,-999.0,1,21.292600631713867,21.292600631713867,19.755199432373047,0.08269199728965759,-999.0,1,20.077600479125977,0.13805800676345825,-999.0,1,16777752,-999.0,-999.0,-999.0,-999.0,0,-999.0,-999.0,-999.0,-999.0,-999.0,0,-999.0,-999.0,-999.0,0,0,-999.0,-999.0,-999.0,-999.0,0,-999.0,-999.0,-999.0,-999.0,-999.0,0,-999.0,-999.0,-999.0,0,0,-999.0,-999.0,-999.0,-999.0,0,-999.0,-999.0,-999.0,-999.0,-999.0,0,-999.0,-999.0,-999.0,0,0,-999.0,-999.0,-999.0,-999.0,0,-999.0,-999.0,-999.0,-999.0,-999.0,0,-999.0,-999.0,-999.0,0,0,0.03059075807344118
PSO J223.9111+05.5576,-999,-999,-999,114662239111039582,3496239000027791,65296387828878,0,15189951382481,11466,1,1467,31,0.96837776989525,3496239,15203,3,268959744,0,32,-999.0,-999.0,-999.0,-999.0,223.91109259,5.55761019,0.244719997048378,0.244719997048378,,,,,56392.52778935,-999.0,-0.7170304074710023,-0.6902812022110654,0.09684656233452336,219.67667916572483,21.31118336400152,2.4147664865146163,53.42060800751382,-999,0,1,1,0,0,0,0,0.7185680270195007,21.054000854492188,0.24425800144672394,-999.0,1,21.054000854492188,21.054000854492188,-999.0,-999.0,-999.0,1,21.308399200439453,0.24425800144672394,-999.0,1,4120,-999.0,-999.0,-999.0,-999.0,0,-999.0,-999.0,-999.0,-999.0,-999.0,0,-999.0,-999.0,-999.0,0,0,-999.0,-999.0,-999.0,-999.0,0,-999.0,-999.0,-999.0,-999.0,-999.0,0,-999.0,-999.0,-999.0,0,0,-999.0,-999.0,-999.0,-999.0,0,-999.0,-999.0,-999.0,-999.0,-999.0,0,-999.0,-999.0,-999.0,0,0,-999.0,-999.0,-999.0,-999.0,0,-999.0,-999.0,-999.0,-999.0,-999.0,0,-999.0,-999.0,-999.0,0,0,0.02915995037489474
PSO J223.9110+05.5533,-999,-999,-999,114662239110014401,3496239000027775,65296387828862,0,15189951907776,11466,1,1467,31,0.503813795283263,3496239,15203,3,268959744,0,32,-999.0,-999.0,-999.0,-999.0,223.91099702,5.55329274,0.24186000227928162,0.24186000227928162,,,,,56394.55804398,-999.0,-0.7170368142605128,-0.6902850655169506,0.09677156255529809,219.6780074948035,21.307045976270725,2.4090841949147594,53.41792812131176,-999,0,1,1,0,0,0,0,0.49773499369621277,21.686399459838867,0.24139900505542755,-999.0,1,21.686399459838867,21.686399459838867,21.710599899291992,0.20015400648117065,-999.0,1,21.15220069885254,0.24139900505542755,-999.0,1,4120,-999.0,-999.0,-999.0,-999.0,0,-999.0,-999.0,-999.0,-999.0,-999.0,0,-999.0,-999.0,-999.0,0,0,-999.0,-999.0,-999.0,-999.0,0,-999.0,-999.0,-999.0,-999.0,-999.0,0,-999.0,-999.0,-999.0,0,0,-999.0,-999.0,-999.0,-999.0,0,-999.0,-999.0,-999.0,-999.0,-999.0,0,-999.0,-999.0,-999.0,0,0,-999.0,-999.0,-999.0,-999.0,0,-999.0,-999.0,-999.0,-999.0,-999.0,0,-999.0,-999.0,-999.0,0,0,0.030579677966753094
PSO J223.9108+05.5562,-999,-999,-999,114662239107897886,3496239000027742,65296387828829,0,15189951385059,11466,1,1467,31,0.896871960625864,3496239,15203,3,302067712,0,36,-999.0,-999.0,-999.0,-999.0,223.91076246,5.5561882,0.07343000173568726,0.07343000173568726,,,,,55338.39131944,-999.0,-0.717036116126088,-0.6902787375317337,0.09682186056057351,219.67681307553417,21.309729247107224,2.4125768327853545,53.419954367103045,-999,0,1,0,1,0,0,0,-999.0,-999.0,-999.0,-999.0,0,-999.0,-999.0,-999.0,-999.0,-999.0,0,-999.0,-999.0,-999.0,0,0,0.3184039890766144,20.244400024414062,0.07188399881124496,-999.0,1,20.244400024414062,20.244400024414062,20.479299545288086,0.12627099454402924,-999.0,1,20.88360023498535,0.07188399881124496,-999.0,1,536,-999.0,-999.0,-999.0,-999.0,0,-999.0,-999.0,-999.0,-999.0,-999.0,0,-999.0,-999.0,-999.0,0,0,-999.0,-999.0,-999.0,-999.0,0,-999.0,-999.0,-999.0,-999.0,-999.0,0,-999.0,-999.0,-999.0,0,0,-999.0,-999.0,-999.0,-999.0,0,-999.0,-999.0,-999.0,-999.0,-999.0,0,-999.0,-999.0,-999.0,0,0,0.029284847779868096
PSO J223.9104+05.5561,-999,-999,-999,114662239104257783,3496239000027698,65296387828785,0,15189951385077,11466,1,1467,31,0.348289288904787,3496239,15203,3,302067712,0,36,-999.0,-999.0,-999.0,-999.0,223.91039726,5.55610129,0.09510000050067902,0.09510000050067902,,,,,55338.40309028,-999.0,-0.7170406217134312,-0.6902742690261789,0.09682035082145848,219.67647052780075,21.309534743702432,2.4120755563653473,53.42017894005946,-999,0,1,0,1,0,0,0,-999.0,-999.0,-999.0,-999.0,0,-999.0,-999.0,-999.0,-999.0,-999.0,0,-999.0,-999.0,-999.0,0,0,0.16999199986457825,20.829500198364258,0.09390699863433838,-999.0,1,20.829500198364258,20.829500198364258,21.080400466918945,0.1875309944152832,-999.0,1,21.000699996948242,0.09390699863433838,-999.0,1,536,-999.0,-999.0,-999.0,-999.0,0,-999.0,-999.0,-999.0,-999.0,-999.0,0,-999.0,-999.0,-999.0,0,0,-999.0,-999.0,-999.0,-999.0,0,-999.0,-999.0,-999.0,-999.0,-999.0,0,-999.0,-999.0,-999.0,0,0,-999.0,-999.0,-999.0,-999.0,0,-999.0,-999.0,-999.0,-999.0,-999.0,0,-999.0,-999.0,-999.0,0,0,0.028971379556710083
PSO J223.9102+05.5564,-999,-999,-999,114662239102478147,3496239000027676,65296387828763,0,15189951384924,11466,1,1467,31,0.73443927684281,3496239,15203,3,302067712,0,36,-999.0,-999.0,-999.0,-999.0,223.91021344,5.55641493,0.16896000504493713,0.16896000504493713,,,,,56398.57015046,-999.0,-0.7170424544550278,-0.69027160098581,0.09682579915289205,219.67618011052724,21.309776899804444,2.412285192850207,53.420519873178264,-999,0,1,0,0,1,0,0,-999.0,-999.0,-999.0,-999.0,0,-999.0,-999.0,-999.0,-999.0,-999.0,0,-999.0,-999.0,-999.0,0,0,-999.0,-999.0,-999.0,-999.0,0,-999.0,-999.0,-999.0,-999.0,-999.0,0,-999.0,-999.0,-999.0,0,0,0.0,21.485700607299805,0.16829699277877808,-999.0,1,21.485700607299805,21.485700607299805,21.367799758911133,0.2119469940662384,-999.0,1,21.088300704956055,0.16829699277877808,-999.0,1,536,-999.0,-999.0,-999.0,-999.0,0,-999.0,-999.0,-999.0,-999.0,-999.0,0,-999.0,-999.0,-999.0,0,0,-999.0,-999.0,-999.0,-999.0,0,-999.0,-999.0,-999.0,-999.0,-999.0,0,-999.0,-999.0,-999.0,0,0,0.02869417248622517
PSO J223.9091+05.5556,-999,-999,-999,114662239090857138,3496239000027518,65296387828605,0,15189951384653,11466,1,1467,31,0.82483240293789,3496239,15203,3,268959744,0,32,-999.0,-999.0,-999.0,-999.0,223.90906939,5.55558042,0.25929999351501465,0.25929999351501465,,,,,55609.57840278,-999.0,-0.7170572532038417,-0.6902582613128357,0.09681130263116332,219.67529266916736,21.308632591916467,2.409988065517983,53.42086483144903,-999,0,1,0,0,0,1,0,-999.0,-999.0,-999.0,-999.0,0,-999.0,-999.0,-999.0,-999.0,-999.0,0,-999.0,-999.0,-999.0,0,0,-999.0,-999.0,-999.0,-999.0,0,-999.0,-999.0,-999.0,-999.0,-999.0,0,-999.0,-999.0,-999.0,0,0,-999.0,-999.0,-999.0,-999.0,0,-999.0,-999.0,-999.0,-999.0,-999.0,0,-999.0,-999.0,-999.0,0,0,0.7226390242576599,18.43589973449707,0.25886601209640503,-999.0,1,18.43589973449707,18.43589973449707,-999.0,-999.0,-999.0,0,18.932100296020508,0.25886601209640503,-999.0,1,4112,-999.0,-999.0,-999.0,-999.0,0,-999.0,-999.0,-999.0,-999.0,-999.0,0,-999.0,-999.0,-999.0,0,0,0.027919131203845995
PSO J223.9083+05.5570,-999,-999,-999,114662239083688834,3496239000027416,65296387828503,0,15189951385408,11466,1,1467,31,0.950591192534744,3496239,15203,3,302067712,0,36,-999.0,-999.0,-999.0,-999.0,223.90834159,5.55697845,0.19436000287532806,0.19436000287532806,,,,,55338.39131944,-999.0,-0.7170643190823274,-0.690247514413526,0.09683558821501136,219.67409122858203,21.30974001177623,2.411020004576121,53.422314329525626,-999,0,1,0,1,0,0,0,-999.0,-999.0,-999.0,-999.0,0,-999.0,-999.0,-999.0,-999.0,-999.0,0,-999.0,-999.0,-999.0,0,0,0.12481600046157837,21.368900299072266,0.19378399848937988,-999.0,1,21.368900299072266,21.368900299072266,21.478300094604492,0.31149399280548096,-999.0,1,21.703500747680664,0.19378399848937988,-999.0,1,536,-999.0,-999.0,-999.0,-999.0,0,-999.0,-999.0,-999.0,-999.0,-999.0,0,-999.0,-999.0,-999.0,0,0,-999.0,-999.0,-999.0,-999.0,0,-999.0,-999.0,-999.0,-999.0,-999.0,0,-999.0,-999.0,-999.0,0,0,-999.0,-999.0,-999.0,-999.0,0,-999.0,-999.0,-999.0,-999.0,-999.0,0,-999.0,-999.0,-999.0,0,0,0.026749666859706363
PSO J223.9081+05.5514,-999,-999,-999,114662239079102186,3496239000114228,65296387915839,0,15189951390856,11466,1,1467,31,0.473308953897384,3496239,15203,3,1343750144,0,160,223.90812351,5.55136573,0.0010000000474974513,0.0010000000474974513,223.90812351,5.55136573,0.0010000000474974513,0.0010000000474974513,,,,,55971.37297454,-999.0,-0.7170737771227326,-0.6902513604148192,0.0967380876823037,219.67572271483533,21.30433266173124,2.4035331519669882,53.41890213067266,-999,1,0,0,0,0,0,0,-999.0,-999.0,-999.0,-999.0,0,-999.0,-999.0,-999.0,-999.0,-999.0,0,-999.0,-999.0,-999.0,0,16416,-999.0,-999.0,-999.0,-999.0,0,-999.0,-999.0,-999.0,-999.0,-999.0,0,-999.0,-999.0,-999.0,0,16416,-999.0,-999.0,-999.0,-999.0,0,-999.0,-999.0,-999.0,-999.0,-999.0,0,-999.0,-999.0,-999.0,0,114720,-999.0,-999.0,-999.0,-999.0,0,-999.0,-999.0,-999.0,-999.0,-999.0,0,-999.0,-999.0,-999.0,0,16416,-999.0,-999.0,-999.0,-999.0,0,-999.0,-999.0,-999.0,-999.0,-999.0,0,-999.0,-999.0,-999.0,0,16416,0.02891651461863476
PSO J223.9069+05.5572,-999,-999,-999,114662239069529042,3496239000027242,65296387828329,0,15189951383452,11466,1,1467,31,0.195270555275744,3496239,15203,3,302067712,0,36,-999.0,-999.0,-999.0,-999.0,223.90692671,5.55715146,0.16606000065803528,0.16606000065803528,,,,,55338.39131944,-999.0,-0.7170811533819984,-0.6902296040090357,0.09683859361779776,219.67259582049485,21.30947144214475,2.4097366566719725,53.423509402707836,-999,0,1,0,1,0,0,0,-999.0,-999.0,-999.0,-999.0,0,-999.0,-999.0,-999.0,-999.0,-999.0,0,-999.0,-999.0,-999.0,0,0,0.13690100610256195,21.180299758911133,0.16537900269031525,-999.0,1,21.180299758911133,21.180299758911133,21.057899475097656,0.21303799748420715,-999.0,1,21.44569969177246,0.16537900269031525,-999.0,1,536,-999.0,-999.0,-999.0,-999.0,0,-999.0,-999.0,-999.0,-999.0,-999.0,0,-999.0,-999.0,-999.0,0,0,-999.0,-999.0,-999.0,-999.0,0,-999.0,-999.0,-999.0,-999.0,-999.0,0,-999.0,-999.0,-999.0,0,0,-999.0,-999.0,-999.0,-999.0,0,-999.0,-999.0,-999.0,-999.0,-999.0,0,-999.0,-999.0,-999.0,0,0,0.025366070671602913
PSO J223.9053+05.5509,-999,-999,-999,114662239052771552,3496239000026981,65296387828068,0,15189951393617,11466,1,1467,31,0.766259029289949,3496239,15203,3,310456320,0,37,-999.0,-999.0,-999.0,-999.0,223.90525085,5.55091109,0.1810300052165985,0.1810300052165985,,,,,55305.54534722,-999.0,-0.7171089366462274,-0.6902159396436427,0.09673018993034378,219.67295272897016,21.303020562299505,2.399885643438863,53.420814352817615,-999,0,1,1,0,0,0,0,0.9996849894523621,21.692100524902344,0.18040800094604492,-999.0,1,21.692100524902344,21.692100524902344,21.153799057006836,0.2159850001335144,-999.0,1,21.1476993560791,0.18040800094604492,-999.0,1,16777496,-999.0,-999.0,-999.0,-999.0,0,-999.0,-999.0,-999.0,-999.0,-999.0,0,-999.0,-999.0,-999.0,0,0,-999.0,-999.0,-999.0,-999.0,0,-999.0,-999.0,-999.0,-999.0,-999.0,0,-999.0,-999.0,-999.0,0,0,-999.0,-999.0,-999.0,-999.0,0,-999.0,-999.0,-999.0,-999.0,-999.0,0,-999.0,-999.0,-999.0,0,0,-999.0,-999.0,-999.0,-999.0,0,-999.0,-999.0,-999.0,-999.0,-999.0,0,-999.0,-999.0,-999.0,0,0,0.026735055037850758
PSO J223.9050+05.5509,-999,-999,-999,114662239049901527,3496239000026930,65296387828017,0,15189951393709,11466,1,1467,31,0.298677709231784,3496239,15203,3,436527104,7,52,223.9049872,5.55087492,0.0010000000474974513,0.0010000000474974513,223.9049589027995,5.550876550022828,0.023406445162882386,0.023406445162882386,-101.20136803225526,65.25906378158464,43.04586937461785,43.04586937461785,56616.5087135177,3.3434622287750244,-0.7171124956042367,-0.6902123260866867,0.09672958992091746,219.6726763568379,21.302907146307735,2.39954897974045,53.42101161298353,-999,4,11,0,2,6,3,0,-999.0,-999.0,-999.0,-999.0,0,-999.0,-999.0,-999.0,-999.0,-999.0,0,-999.0,-999.0,-999.0,0,114720,0.9988539814949036,21.386899948120117,0.1771470010280609,0.2668600082397461,2,21.274799346923828,21.629100799560547,21.507099151611328,0.022881999611854553,0.03236899897456169,2,21.41900062561035,0.05427300184965134,0.08014500141143799,2,115000,0.9988219738006592,21.434999465942383,0.026523999869823456,0.08345600217580795,6,21.358999252319336,21.586000442504883,21.116600036621094,0.1584710031747818,0.3372719883918762,6,21.114299774169922,0.09041199833154678,0.23669199645519257,6,115000,0.9991829991340637,21.202699661254883,0.048034001141786575,0.0946199968457222,3,21.120899200439453,21.308399200439453,20.78459930419922,0.1612749993801117,0.3229239881038666,3,20.842300415039062,0.07063499838113785,0.14684200286865234,3,16892216,-999.0,-999.0,-999.0,-999.0,0,-999.0,-999.0,-999.0,-999.0,-999.0,0,-999.0,-999.0,-999.0,0,16416,0.026514395546703623
PSO J223.9049+05.5508,-999,-999,-999,114662239049861165,3496239000026927,65296387828014,0,15189951393709,11466,1,1467,31,0.713328475796923,3496239,15203,3,302309376,7,36,-999.0,-999.0,-999.0,-999.0,223.90494578996663,5.550836066463094,0.02977443439773097,0.02977443439773097,-52.5190831054259,467.7232531629497,49.10102401823351,49.10102401823351,55950.204052161695,5.171839714050293,-0.7171127028104434,-0.6902122093623627,0.09672888666280945,219.67266353797348,21.302867016659516,2.3994790038069036,53.42100786227741,-999,0,7,2,2,2,1,0,0.9989330172538757,21.932100296020508,0.15206900238990784,0.220550999045372,2,21.745500564575195,22.04960060119629,21.333999633789062,0.2709529995918274,0.39765700697898865,2,21.400299072265625,0.31894901394844055,0.4903010129928589,2,16777496,0.9981420040130615,21.5856990814209,0.04343299940228462,0.061510998755693436,2,21.544599533081055,21.631500244140625,21.470600128173828,0.1622679978609085,0.24304300546646118,2,21.550500869750977,0.06273200362920761,0.08884699642658234,2,280,0.999101996421814,21.074499130249023,0.18201400339603424,0.2712329924106598,2,20.952899932861328,21.3169002532959,21.223600387573242,0.04405000060796738,0.09701800346374512,2,20.992700576782227,0.135220006108284,0.1998250037431717,2,280,0.9977260231971741,21.26420021057129,0.18442699313163757,-999.0,1,21.26420021057129,21.26420021057129,-999.0,-999.0,-999.0,1,21.50040054321289,0.18442699313163757,-999.0,1,280,-999.0,-999.0,-999.0,-999.0,0,-999.0,-999.0,-999.0,-999.0,-999.0,0,-999.0,-999.0,-999.0,0,0,0.026526589738577362
PSO J223.9036+05.5540,-999,-999,-999,114662239036505257,3496239000026752,65296387827839,0,15189951394564,11466,1,1467,31,0.882694499457902,3496239,15203,3,436363264,7,52,223.90361292,5.55399785,0.0010000000474974513,0.0010000000474974513,223.90357972216813,5.554004330389245,0.039297698349570136,0.039297698349570136,-20.74955040979984,22.576195997175578,40.46395464109817,40.46395464109817,56418.50535573714,2.421243667602539,-0.7171253039734309,-0.6901914013406726,0.09678392385315296,219.67023020946667,21.305450366997317,2.4020992383202158,53.424069751042296,-999,4,6,0,2,3,1,0,-999.0,-999.0,-999.0,-999.0,0,-999.0,-999.0,-999.0,-999.0,-999.0,0,-999.0,-999.0,-999.0,0,114720,0.9983019828796387,22.126399993896484,0.03920400142669678,0.05558000132441521,2,22.09000015258789,22.168399810791016,22.239700317382812,0.16329699754714966,0.23503799736499786,2,22.29159927368164,0.3876889944076538,0.5615509748458862,2,115000,0.998645007610321,21.493200302124023,0.1169309988617897,0.2447109967470169,3,21.250499725341797,21.739900588989258,21.193700790405273,0.19895300269126892,0.502784013748169,3,21.14349937438965,0.13079600036144257,0.3588170111179352,3,115000,0.9993119835853577,21.556100845336914,0.17302200198173523,-999.0,1,21.556100845336914,21.556100845336914,21.332199096679688,0.30281201004981995,-999.0,1,21.047800064086914,0.17302200198173523,-999.0,1,16892216,-999.0,-999.0,-999.0,-999.0,0,-999.0,-999.0,-999.0,-999.0,-999.0,0,-999.0,-999.0,-999.0,0,16416,0.023680601501726017
PSO J223.9031+05.5528,-999,-999,-999,114662239031073847,3496239000026660,65296387827747,0,15189951394695,11466,1,1467,31,0.0674487362312607,3496239,15203,3,268959744,0,32,-999.0,-999.0,-999.0,-999.0,223.90310332,5.55282473,0.19321000576019287,0.19321000576019287,,,,,55609.56458333,-999.0,-0.7171324782707498,-0.6901868201623496,0.09676343257365873,219.67013790592958,21.304183887783633,2.400071264872102,53.42368114556316,-999,0,1,0,0,0,1,0,-999.0,-999.0,-999.0,-999.0,0,-999.0,-999.0,-999.0,-999.0,-999.0,0,-999.0,-999.0,-999.0,0,0,-999.0,-999.0,-999.0,-999.0,0,-999.0,-999.0,-999.0,-999.0,-999.0,0,-999.0,-999.0,-999.0,0,0,-999.0,-999.0,-999.0,-999.0,0,-999.0,-999.0,-999.0,-999.0,-999.0,0,-999.0,-999.0,-999.0,0,0,0.8264650106430054,20.084699630737305,0.19263100624084473,-999.0,1,20.084699630737305,20.084699630737305,19.850799560546875,0.22223199903964996,-999.0,1,19.87540054321289,0.19263100624084473,-999.0,1,4112,-999.0,-999.0,-999.0,-999.0,0,-999.0,-999.0,-999.0,-999.0,-999.0,0,-999.0,-999.0,-999.0,0,0,0.02389559700184256
PSO J223.9022+05.5520,-999,-999,-999,114662239021902859,3496239000026539,65296387827626,0,15189951391941,11466,1,1467,31,0.763577356714362,3496239,15203,3,310456320,0,37,-999.0,-999.0,-999.0,-999.0,223.90216487,5.55197952,0.145579993724823,0.145579993724823,,,,,56822.40097222,-999.0,-0.7171448111908745,-0.690176063869311,0.09674875008944449,219.66946304867537,21.303092326613182,2.3979790729890347,53.42386145954388,-999,0,1,0,0,1,0,0,-999.0,-999.0,-999.0,-999.0,0,-999.0,-999.0,-999.0,-999.0,-999.0,0,-999.0,-999.0,-999.0,0,0,-999.0,-999.0,-999.0,-999.0,0,-999.0,-999.0,-999.0,-999.0,-999.0,0,-999.0,-999.0,-999.0,0,0,0.9422720074653625,20.230100631713867,0.1448030024766922,-999.0,1,20.230100631713867,20.230100631713867,19.89699935913086,0.17370100319385529,-999.0,1,19.707000732421875,0.1448030024766922,-999.0,1,16777488,-999.0,-999.0,-999.0,-999.0,0,-999.0,-999.0,-999.0,-999.0,-999.0,0,-999.0,-999.0,-999.0,0,0,-999.0,-999.0,-999.0,-999.0,0,-999.0,-999.0,-999.0,-999.0,-999.0,0,-999.0,-999.0,-999.0,0,0,0.023607022092276712
PSO J223.9019+05.5516,-999,-999,-999,114662239020882539,3496239000026523,65296387827610,0,15189951391859,11466,1,1467,31,0.632955328219529,3496239,15203,3,436527104,7,52,223.90197645,5.55161317,0.0010000000474974513,0.0010000000474974513,223.90194749621008,5.551610091583144,0.015251822305163903,0.015251822305163903,-26.312905048258397,8.769672902977817,11.062827558929206,11.062827558929206,56219.31433818676,7.376554489135742,-0.7171478790947362,-0.6901737756496256,0.096742332592624,219.66936357957692,21.302681926192392,2.3972816862442117,53.42379572326156,-999,5,31,5,9,12,5,0,0.9991250038146973,21.87339973449707,0.057944998145103455,0.22810199856758118,3,21.58289909362793,22.012399673461914,21.586599349975586,0.08899500221014023,0.22099100053310394,3,21.50589942932129,0.23815500736236572,0.41564100980758667,3,16892216,0.9991080164909363,21.426700592041016,0.0637580007314682,0.2700600028038025,9,20.844600677490234,21.618999481201172,21.16349983215332,0.0366859994828701,0.22603599727153778,9,21.030099868774414,0.08999499678611755,0.27456900477409363,9,16892216,0.999210000038147,21.365800857543945,0.048291001468896866,0.19875000417232513,12,20.886999130249023,21.49449920654297,20.99810028076172,0.0834140032529831,0.28144699335098267,11,21.020099639892578,0.07352299988269806,0.2916019856929779,12,115000,0.9993289709091187,21.149700164794922,0.07062999904155731,0.2587369978427887,5,20.7908992767334,21.271299362182617,20.850200653076172,0.08430899679660797,0.1884090006351471,5,20.95789909362793,0.08123300224542618,0.18185000121593475,5,115000,-999.0,-999.0,-999.0,-999.0,0,-999.0,-999.0,-999.0,-999.0,-999.0,0,-999.0,-999.0,-999.0,0,114720,0.02365370328541719
PSO J223.9019+05.5526,-999,-999,-999,114662239019633512,3496239000026498,65296387827585,0,15189951393808,11466,1,1467,31,0.628545463670553,3496239,15203,3,436285440,0,52,223.90194583,5.55255393,0.0010000000474974513,0.0010000000474974513,223.90190519,5.55256969,0.12737999856472015,0.12737999856472015,,,,,56785.38400463,0.3034999966621399,-0.7171472211669253,-0.6901721224962893,0.09675900217304918,219.66900421516027,21.303574366716965,2.3984652227288477,53.42443694433349,-999,3,2,0,0,2,0,0,-999.0,-999.0,-999.0,-999.0,0,-999.0,-999.0,-999.0,-999.0,-999.0,0,-999.0,-999.0,-999.0,0,16416,-999.0,-999.0,-999.0,-999.0,0,-999.0,-999.0,-999.0,-999.0,-999.0,0,-999.0,-999.0,-999.0,0,114720,0.9974719882011414,21.696800231933594,0.1022770032286644,0.14467200636863708,2,21.596599578857422,21.80120086669922,21.47909927368164,0.0037980000488460064,0.005375000182539225,2,21.47170066833496,0.04577900096774101,0.06475599855184555,2,115000,-999.0,-999.0,-999.0,-999.0,0,-999.0,-999.0,-999.0,-999.0,-999.0,0,-999.0,-999.0,-999.0,0,114720,-999.0,-999.0,-999.0,-999.0,0,-999.0,-999.0,-999.0,-999.0,-999.0,0,-999.0,-999.0,-999.0,0,16416,0.023052753352968303
PSO J223.9010+05.5531,-999,-999,-999,114662239009944131,3496239000026358,65296387827445,0,15189951386685,11466,1,1467,31,0.498936203773074,3496239,15203,3,268959744,0,32,-999.0,-999.0,-999.0,-999.0,223.90098294,5.55305859,0.23380999267101288,0.23380999267101288,,,,,56678.66599537,-999.0,-0.717157735361435,-0.6901600064577027,0.09676749504643471,219.6679053156515,21.303757174369327,2.3981146116005476,53.42545574595076,-999,0,1,0,0,0,1,0,-999.0,-999.0,-999.0,-999.0,0,-999.0,-999.0,-999.0,-999.0,-999.0,0,-999.0,-999.0,-999.0,0,0,-999.0,-999.0,-999.0,-999.0,0,-999.0,-999.0,-999.0,-999.0,-999.0,0,-999.0,-999.0,-999.0,0,0,-999.0,-999.0,-999.0,-999.0,0,-999.0,-999.0,-999.0,-999.0,-999.0,0,-999.0,-999.0,-999.0,0,0,0.6471390128135681,21.799800872802734,0.2333270013332367,-999.0,1,21.799800872802734,21.799800872802734,-999.0,-999.0,-999.0,1,-999.0,-999.0,-999.0,0,4120,-999.0,-999.0,-999.0,-999.0,0,-999.0,-999.0,-999.0,-999.0,-999.0,0,-999.0,-999.0,-999.0,0,0,0.0220214609302942
PSO J223.8996+05.5560,-999,-999,-999,114662238995487617,3496239000116968,65296387920128,0,15189951389399,11466,1,1467,31,0.9171712453637,3496239,15203,3,404226048,0,48,223.89958479,5.55598879,0.0010000000474974513,0.0010000000474974513,223.89958479,5.55598879,0.0010000000474974513,0.0010000000474974513,,,,,55947.65574074,-999.0,-0.7171710097930899,-0.6901390735219446,0.09681839655061289,219.66551651702153,21.306117156848618,2.4004126441866633,53.428396436580826,-999,2,0,0,0,0,0,0,-999.0,-999.0,-999.0,-999.0,0,-999.0,-999.0,-999.0,-999.0,-999.0,0,-999.0,-999.0,-999.0,0,16416,-999.0,-999.0,-999.0,-999.0,0,-999.0,-999.0,-999.0,-999.0,-999.0,0,-999.0,-999.0,-999.0,0,114720,-999.0,-999.0,-999.0,-999.0,0,-999.0,-999.0,-999.0,-999.0,-999.0,0,-999.0,-999.0,-999.0,0,114720,-999.0,-999.0,-999.0,-999.0,0,-999.0,-999.0,-999.0,-999.0,-999.0,0,-999.0,-999.0,-999.0,0,16416,-999.0,-999.0,-999.0,-999.0,0,-999.0,-999.0,-999.0,-999.0,-999.0,0,-999.0,-999.0,-999.0,0,16416,0.019247512106799373
PSO J223.8993+05.5533,-999,-999,-999,114662238992814412,3496239000116964,65296387920124,0,15189951441824,11466,1,1467,31,0.0167242493636201,3496239,15203,3,1343750144,0,160,223.89928218,5.55330981,0.0010000000474974513,0.0010000000474974513,223.89928218,5.55330981,0.0010000000474974513,0.0010000000474974513,,,,,55877.61681713,-999.0,-0.7171779159277177,-0.6901384239374481,0.09677185908470873,219.666093545874,21.30347544526118,2.396627327263447,53.42691972700201,-999,1,0,0,0,0,0,0,-999.0,-999.0,-999.0,-999.0,0,-999.0,-999.0,-999.0,-999.0,-999.0,0,-999.0,-999.0,-999.0,0,114720,-999.0,-999.0,-999.0,-999.0,0,-999.0,-999.0,-999.0,-999.0,-999.0,0,-999.0,-999.0,-999.0,0,16416,-999.0,-999.0,-999.0,-999.0,0,-999.0,-999.0,-999.0,-999.0,-999.0,0,-999.0,-999.0,-999.0,0,16416,-999.0,-999.0,-999.0,-999.0,0,-999.0,-999.0,-999.0,-999.0,-999.0,0,-999.0,-999.0,-999.0,0,16416,-999.0,-999.0,-999.0,-999.0,0,-999.0,-999.0,-999.0,-999.0,-999.0,0,-999.0,-999.0,-999.0,0,16416,0.02051418886754274
PSO J223.8989+05.5511,-999,-999,-999,114662238989751803,3496239000026075,65296387827162,0,15189951443810,11466,1,1467,31,0.817269054071297,3496239,15203,3,444674048,0,53,223.89881493,5.55104447,0.0010000000474974513,0.0010000000474974513,223.89893716,5.55112601,0.18452000617980957,0.18452000617980957,,,,,56787.37760417,-999.0,-0.7171847289605953,-0.6901366622699635,0.09673392340121378,219.66646393464663,21.301291910269516,2.393437094669303,53.425791268428505,-999,2,1,0,0,1,0,0,-999.0,-999.0,-999.0,-999.0,0,-999.0,-999.0,-999.0,-999.0,-999.0,0,-999.0,-999.0,-999.0,0,16416,-999.0,-999.0,-999.0,-999.0,0,-999.0,-999.0,-999.0,-999.0,-999.0,0,-999.0,-999.0,-999.0,0,16416,0.9980289936065674,21.69179916381836,0.18391300737857819,-999.0,1,21.69179916381836,21.69179916381836,21.17060089111328,0.2249789983034134,-999.0,1,21.11050033569336,0.18391300737857819,-999.0,1,16892216,-999.0,-999.0,-999.0,-999.0,0,-999.0,-999.0,-999.0,-999.0,-999.0,0,-999.0,-999.0,-999.0,0,114720,-999.0,-999.0,-999.0,-999.0,0,-999.0,-999.0,-999.0,-999.0,-999.0,0,-999.0,-999.0,-999.0,0,16416,0.0216685574857911
PSO J223.8983+05.5570,-999,-999,-999,114662238982468837,3496239000116944,65296387920104,0,15189951386020,11466,1,1467,31,0.268983342003993,3496239,15203,3,1343750144,0,160,223.89825226,5.5569815,0.0010000000474974513,0.0010000000474974513,223.89825226,5.5569815,0.0010000000474974513,0.0010000000474974513,,,,,55877.61681713,-999.0,-0.7171858513342906,-0.690121230828179,0.09683564119738128,219.66383417800654,21.306653690553425,2.400276214206991,53.43005108286635,-999,1,0,0,0,0,0,0,-999.0,-999.0,-999.0,-999.0,0,-999.0,-999.0,-999.0,-999.0,-999.0,0,-999.0,-999.0,-999.0,0,114720,-999.0,-999.0,-999.0,-999.0,0,-999.0,-999.0,-999.0,-999.0,-999.0,0,-999.0,-999.0,-999.0,0,16416,-999.0,-999.0,-999.0,-999.0,0,-999.0,-999.0,-999.0,-999.0,-999.0,0,-999.0,-999.0,-999.0,0,16416,-999.0,-999.0,-999.0,-999.0,0,-999.0,-999.0,-999.0,-999.0,-999.0,0,-999.0,-999.0,-999.0,0,16416,-999.0,-999.0,-999.0,-999.0,0,-999.0,-999.0,-999.0,-999.0,-999.0,0,-999.0,-999.0,-999.0,0,16416,0.017600348641669195
PSO J223.8976+05.5498,-999,-999,-999,114662238976240173,3496239000025867,65296387826954,0,15189951446489,11466,1,1467,31,0.712755581096518,3496239,15203,3,268959744,0,32,-999.0,-999.0,-999.0,-999.0,223.89761865,5.54976212,0.3026700019836426,0.3026700019836426,,,,,56822.38814815,-999.0,-0.7172022694998648,-0.690121754413,0.09671023063857402,219.66557405337954,21.29959043819487,2.3902694364175723,53.42593193719734,-999,0,1,0,0,1,0,0,-999.0,-999.0,-999.0,-999.0,0,-999.0,-999.0,-999.0,-999.0,-999.0,0,-999.0,-999.0,-999.0,0,0,-999.0,-999.0,-999.0,-999.0,0,-999.0,-999.0,-999.0,-999.0,-999.0,0,-999.0,-999.0,-999.0,0,0,0.06860899925231934,21.336200714111328,0.3023029863834381,-999.0,1,21.336200714111328,21.336200714111328,21.32509994506836,0.2906849980354309,-999.0,1,22.277000427246094,0.3023029863834381,-999.0,1,4120,-999.0,-999.0,-999.0,-999.0,0,-999.0,-999.0,-999.0,-999.0,-999.0,0,-999.0,-999.0,-999.0,0,0,-999.0,-999.0,-999.0,-999.0,0,-999.0,-999.0,-999.0,-999.0,-999.0,0,-999.0,-999.0,-999.0,0,0,0.021719677352120322
PSO J223.8976+05.5520,-999,-999,-999,114662238976072824,3496239000025864,65296387826951,0,15189951443441,11466,1,1467,31,0.353770584197501,3496239,15203,3,310456320,0,37,-999.0,-999.0,-999.0,-999.0,223.8975827,5.5519611,0.13978999853134155,0.13978999853134155,,,,,56721.6040625,-999.0,-0.717200027418501,-0.690118730322941,0.09674843010795188,219.66481139983443,21.30167176122579,2.393073296336508,53.42736218488602,-999,0,1,1,0,0,0,0,0.46818700432777405,21.264799118041992,0.13898099958896637,-999.0,1,21.264799118041992,21.264799118041992,20.86440086364746,0.18963700532913208,-999.0,1,20.86210060119629,0.13898099958896637,-999.0,1,16777752,-999.0,-999.0,-999.0,-999.0,0,-999.0,-999.0,-999.0,-999.0,-999.0,0,-999.0,-999.0,-999.0,0,0,-999.0,-999.0,-999.0,-999.0,0,-999.0,-999.0,-999.0,-999.0,-999.0,0,-999.0,-999.0,-999.0,0,0,-999.0,-999.0,-999.0,-999.0,0,-999.0,-999.0,-999.0,-999.0,-999.0,0,-999.0,-999.0,-999.0,0,0,-999.0,-999.0,-999.0,-999.0,0,-999.0,-999.0,-999.0,-999.0,-999.0,0,-999.0,-999.0,-999.0,0,0,0.020115123517782958
PSO J223.8970+05.5499,-999,-999,-999,114662238969970338,3496239000025775,65296387826862,0,15189951446436,11466,1,1467,31,0.450110916467487,3496239,15203,3,436285440,0,52,223.89682096,5.55001084,0.0010000000474974513,0.0010000000474974513,223.89697199,5.54989798,0.1968899965286255,0.1968899965286255,,,,,55338.40309028,-999.0,-0.7172098931601885,-0.6901135007720609,0.09671259072779262,219.66487188066736,21.299521699405595,2.389755987178812,53.426514273092074,-999,2,1,0,1,0,0,0,-999.0,-999.0,-999.0,-999.0,0,-999.0,-999.0,-999.0,-999.0,-999.0,0,-999.0,-999.0,-999.0,0,16416,0.9981060028076172,21.668699264526367,0.19632300734519958,-999.0,1,21.668699264526367,21.668699264526367,-999.0,-999.0,-999.0,1,22.273399353027344,0.19632300734519958,-999.0,1,16696,-999.0,-999.0,-999.0,-999.0,0,-999.0,-999.0,-999.0,-999.0,-999.0,0,-999.0,-999.0,-999.0,0,114720,-999.0,-999.0,-999.0,-999.0,0,-999.0,-999.0,-999.0,-999.0,-999.0,0,-999.0,-999.0,-999.0,0,114720,-999.0,-999.0,-999.0,-999.0,0,-999.0,-999.0,-999.0,-999.0,-999.0,0,-999.0,-999.0,-999.0,0,16416,0.02119117909424483
PSO J223.8966+05.5579,-999,-999,-999,114662238966229989,3496239000025714,65296387826801,0,15189951438909,11466,1,1467,31,0.26816247707993,3496239,15203,3,268959744,0,32,-999.0,-999.0,-999.0,-999.0,223.89661057,5.55793945,0.26906999945640564,0.26906999945640564,,,,,56678.66599537,-999.0,-0.7172044582496164,-0.6900995584262123,0.09685228199077754,219.66184904703528,21.307062467428505,2.3997654399663157,53.43192055600973,-999,0,1,0,0,0,1,0,-999.0,-999.0,-999.0,-999.0,0,-999.0,-999.0,-999.0,-999.0,-999.0,0,-999.0,-999.0,-999.0,0,0,-999.0,-999.0,-999.0,-999.0,0,-999.0,-999.0,-999.0,-999.0,-999.0,0,-999.0,-999.0,-999.0,0,0,-999.0,-999.0,-999.0,-999.0,0,-999.0,-999.0,-999.0,-999.0,-999.0,0,-999.0,-999.0,-999.0,0,0,0.3232029974460602,21.228300094604492,0.268653005361557,-999.0,1,21.228300094604492,21.228300094604492,-999.0,-999.0,-999.0,0,21.740999221801758,0.268653005361557,-999.0,1,4120,-999.0,-999.0,-999.0,-999.0,0,-999.0,-999.0,-999.0,-999.0,-999.0,0,-999.0,-999.0,-999.0,0,0,0.015706269263038843
PSO J223.8964+05.5529,-999,-999,-999,114662238964253890,3496239000025685,65296387826772,0,15189951441928,11466,1,1467,31,0.853861761143302,3496239,15203,3,310456320,0,37,-999.0,-999.0,-999.0,-999.0,223.89641588,5.55286426,0.18302999436855316,0.18302999436855316,,,,,56487.28100694,-999.0,-0.7172129823981908,-0.6901030670142051,0.09676411926473591,219.66332711391323,21.30217382631473,2.392997404599379,53.428832686978154,-999,0,1,0,0,0,1,0,-999.0,-999.0,-999.0,-999.0,0,-999.0,-999.0,-999.0,-999.0,-999.0,0,-999.0,-999.0,-999.0,0,0,-999.0,-999.0,-999.0,-999.0,0,-999.0,-999.0,-999.0,-999.0,-999.0,0,-999.0,-999.0,-999.0,0,0,-999.0,-999.0,-999.0,-999.0,0,-999.0,-999.0,-999.0,-999.0,-999.0,0,-999.0,-999.0,-999.0,0,0,0.9984179735183716,21.642900466918945,0.18241499364376068,-999.0,1,21.642900466918945,21.642900466918945,21.231000900268555,0.280799001455307,-999.0,1,20.98200035095215,0.18241499364376068,-999.0,1,16777496,-999.0,-999.0,-999.0,-999.0,0,-999.0,-999.0,-999.0,-999.0,-999.0,0,-999.0,-999.0,-999.0,0,0,0.01865246460927955
PSO J223.8955+05.5514,-999,-999,-999,114662238954782111,3496239000025535,65296387826622,0,15189951444661,11466,1,1467,31,0.568397800967468,3496239,15203,3,302067712,0,36,-999.0,-999.0,-999.0,-999.0,223.89549547,5.5514314,0.14232000708580017,0.14232000708580017,,,,,55225.64311343,-999.0,-0.7172258118104264,-0.6900932230858379,0.09673922846433415,219.66286469200975,21.300528621969768,2.390164591576736,53.42862420613353,-999,0,1,0,0,0,1,0,-999.0,-999.0,-999.0,-999.0,0,-999.0,-999.0,-999.0,-999.0,-999.0,0,-999.0,-999.0,-999.0,0,0,-999.0,-999.0,-999.0,-999.0,0,-999.0,-999.0,-999.0,-999.0,-999.0,0,-999.0,-999.0,-999.0,0,0,-999.0,-999.0,-999.0,-999.0,0,-999.0,-999.0,-999.0,-999.0,-999.0,0,-999.0,-999.0,-999.0,0,0,0.7026429772377014,20.615100860595703,0.14153000712394714,-999.0,1,20.615100860595703,20.615100860595703,20.672800064086914,0.25679901242256165,-999.0,1,20.621400833129883,0.14153000712394714,-999.0,1,536,-999.0,-999.0,-999.0,-999.0,0,-999.0,-999.0,-999.0,-999.0,-999.0,0,-999.0,-999.0,-999.0,0,0,0.019070004063339255
PSO J223.8955+05.5576,-999,-999,-999,114662238954739625,3496239000025532,65296387826619,0,15189951406250,11466,1,1467,31,0.194064106041625,3496239,15203,3,268959744,0,32,-999.0,-999.0,-999.0,-999.0,223.89546766,5.5576341,0.24392999708652496,0.24392999708652496,,,,,56822.41376157,-999.0,-0.71721859583571,-0.6900856096901945,0.09684697768110812,219.66078811730085,21.30642194565853,2.398152905385402,53.43260193480436,-999,0,1,0,0,1,0,0,-999.0,-999.0,-999.0,-999.0,0,-999.0,-999.0,-999.0,-999.0,-999.0,0,-999.0,-999.0,-999.0,0,0,-999.0,-999.0,-999.0,-999.0,0,-999.0,-999.0,-999.0,-999.0,-999.0,0,-999.0,-999.0,-999.0,0,0,0.743602991104126,20.82200050354004,0.24346700310707092,-999.0,1,20.82200050354004,20.82200050354004,20.514400482177734,0.24024200439453125,-999.0,1,20.896400451660156,0.24346700310707092,-999.0,1,4112,-999.0,-999.0,-999.0,-999.0,0,-999.0,-999.0,-999.0,-999.0,-999.0,0,-999.0,-999.0,-999.0,0,0,-999.0,-999.0,-999.0,-999.0,0,-999.0,-999.0,-999.0,-999.0,-999.0,0,-999.0,-999.0,-999.0,0,0,0.014903331959930188
PSO J223.8953+05.5511,-999,-999,-999,114662238953161835,3496239000025517,65296387826604,0,15189951444751,11466,1,1467,31,0.328344854832017,3496239,15203,3,268513280,0,32,-999.0,-999.0,-999.0,-999.0,223.89529994,5.5511444,0.019999999552965164,0.019999999552965164,,,,,56394.56908565,-999.0,-0.7172285160278902,-0.6900911114152556,0.09673424286201646,219.66276071305273,21.300195668161575,2.3895852797624193,53.428591004378795,-999,0,1,1,0,0,0,0,0.9994369745254517,18.23579978942871,0.013229000382125378,-999.0,1,18.23579978942871,18.23579978942871,18.452199935913086,0.022437000647187233,-999.0,1,18.338499069213867,0.013229000382125378,-999.0,1,24,-999.0,-999.0,-999.0,-999.0,0,-999.0,-999.0,-999.0,-999.0,-999.0,0,-999.0,-999.0,-999.0,0,0,-999.0,-999.0,-999.0,-999.0,0,-999.0,-999.0,-999.0,-999.0,-999.0,0,-999.0,-999.0,-999.0,0,0,-999.0,-999.0,-999.0,-999.0,0,-999.0,-999.0,-999.0,-999.0,-999.0,0,-999.0,-999.0,-999.0,0,0,-999.0,-999.0,-999.0,-999.0,0,-999.0,-999.0,-999.0,-999.0,-999.0,0,-999.0,-999.0,-999.0,0,0,0.019163580797515976
PSO J223.8952+05.5542,-999,-999,-999,114662238951565508,3496239000025482,65296387826569,0,15189951440572,11466,1,1467,31,0.222384377589807,3496239,15203,3,268959744,0,32,-999.0,-999.0,-999.0,-999.0,223.8951676,5.55419068,0.20319999754428864,0.20319999754428864,,,,,56822.40097222,-999.0,-0.717226402774979,-0.6900858878635155,0.09678716099817813,219.6616202462954,21.30305366690963,2.3933818332373344,53.430635611725386,-999,0,1,0,0,1,0,0,-999.0,-999.0,-999.0,-999.0,0,-999.0,-999.0,-999.0,-999.0,-999.0,0,-999.0,-999.0,-999.0,0,0,-999.0,-999.0,-999.0,-999.0,0,-999.0,-999.0,-999.0,-999.0,-999.0,0,-999.0,-999.0,-999.0,0,0,0.5689070224761963,20.245899200439453,0.20264500379562378,-999.0,1,20.245899200439453,20.245899200439453,20.5403995513916,0.28050801157951355,-999.0,1,20.218399047851562,0.20264500379562378,-999.0,1,4112,-999.0,-999.0,-999.0,-999.0,0,-999.0,-999.0,-999.0,-999.0,-999.0,0,-999.0,-999.0,-999.0,0,0,-999.0,-999.0,-999.0,-999.0,0,-999.0,-999.0,-999.0,-999.0,-999.0,0,-999.0,-999.0,-999.0,0,0,0.01683710101371397
PSO J223.8951+05.5564,-999,-999,-999,114662238951318091,3496239000116894,65296387920054,0,15189951439250,11466,1,1467,31,0.656204159982693,3496239,15203,3,1343750144,0,160,223.8951349,5.55636054,0.0010000000474974513,0.0010000000474974513,223.8951349,5.55636054,0.0010000000474974513,0.0010000000474974513,,,,,56041.68789352,-999.0,-0.7172241547511496,-0.6900829366284451,0.09682485432863032,219.66087044840455,21.305108262883277,2.396151937196409,53.43204471444967,-999,1,0,0,0,0,0,0,-999.0,-999.0,-999.0,-999.0,0,-999.0,-999.0,-999.0,-999.0,-999.0,0,-999.0,-999.0,-999.0,0,114720,-999.0,-999.0,-999.0,-999.0,0,-999.0,-999.0,-999.0,-999.0,-999.0,0,-999.0,-999.0,-999.0,0,16416,-999.0,-999.0,-999.0,-999.0,0,-999.0,-999.0,-999.0,-999.0,-999.0,0,-999.0,-999.0,-999.0,0,16416,-999.0,-999.0,-999.0,-999.0,0,-999.0,-999.0,-999.0,-999.0,-999.0,0,-999.0,-999.0,-999.0,0,16416,-999.0,-999.0,-999.0,-999.0,0,-999.0,-999.0,-999.0,-999.0,-999.0,0,-999.0,-999.0,-999.0,0,16416,0.015383283138635401
PSO J223.8951+05.5505,-999,-999,-999,114662238951181043,3496239000025474,65296387826561,0,15189951444334,11466,1,1467,31,0.691210977445553,3496239,15203,3,268959744,0,32,-999.0,-999.0,-999.0,-999.0,223.89511857,5.55048737,-999.0,-999.0,,,,,-999.0,-999.0,-0.7172314998245313,-0.6900896100884805,0.09672282929785793,219.6627933163207,21.299514967784074,2.3885427910751007,53.428310900282305,-999,0,1,1,0,0,0,0,-999.0,-999.0,-999.0,-999.0,0,-999.0,-999.0,-999.0,-999.0,-999.0,0,-999.0,-999.0,-999.0,0,24,-999.0,-999.0,-999.0,-999.0,0,-999.0,-999.0,-999.0,-999.0,-999.0,0,-999.0,-999.0,-999.0,0,0,-999.0,-999.0,-999.0,-999.0,0,-999.0,-999.0,-999.0,-999.0,-999.0,0,-999.0,-999.0,-999.0,0,0,-999.0,-999.0,-999.0,-999.0,0,-999.0,-999.0,-999.0,-999.0,-999.0,0,-999.0,-999.0,-999.0,0,0,-999.0,-999.0,-999.0,-999.0,0,-999.0,-999.0,-999.0,-999.0,-999.0,0,-999.0,-999.0,-999.0,0,0,0.01956173360872144
PSO J223.8951+05.5536,-999,-999,-999,114662238950914803,3496239000025470,65296387826557,0,15189951440677,11466,1,1467,31,0.022282423472295,3496239,15203,3,268959744,0,32,-999.0,-999.0,-999.0,-999.0,223.89508541,5.55361697,0.3155600130558014,0.3155600130558014,,,,,56822.41376157,-999.0,-0.7172280910310909,-0.6900855309220211,0.09677719487549438,219.66172615624507,21.302482616453283,2.3925526564958934,53.4303326632353,-999,0,1,0,0,1,0,0,-999.0,-999.0,-999.0,-999.0,0,-999.0,-999.0,-999.0,-999.0,-999.0,0,-999.0,-999.0,-999.0,0,0,-999.0,-999.0,-999.0,-999.0,0,-999.0,-999.0,-999.0,-999.0,-999.0,0,-999.0,-999.0,-999.0,0,0,0.6553120017051697,20.98550033569336,0.31520000100135803,-999.0,1,20.98550033569336,20.98550033569336,-999.0,-999.0,-999.0,0,22.021299362182617,0.31520000100135803,-999.0,1,4112,-999.0,-999.0,-999.0,-999.0,0,-999.0,-999.0,-999.0,-999.0,-999.0,0,-999.0,-999.0,-999.0,0,0,-999.0,-999.0,-999.0,-999.0,0,-999.0,-999.0,-999.0,-999.0,-999.0,0,-999.0,-999.0,-999.0,0,0,0.017183257875018544
PSO J223.8947+05.5497,-999,-999,-999,114662238947440118,3496239000025408,65296387826495,0,15189951446025,11466,1,1467,31,0.180837060493265,3496239,15203,3,268959744,0,32,-999.0,-999.0,-999.0,-999.0,223.89473753,5.54971517,0.3955700099468231,0.3955700099468231,,,,,56822.41376157,-999.0,-0.7172370284929771,-0.6900857439476189,0.09670941504748035,219.66266099212496,21.298663541482167,2.3871386870479694,53.428110362139904,-999,0,1,0,0,1,0,0,-999.0,-999.0,-999.0,-999.0,0,-999.0,-999.0,-999.0,-999.0,-999.0,0,-999.0,-999.0,-999.0,0,0,-999.0,-999.0,-999.0,-999.0,0,-999.0,-999.0,-999.0,-999.0,-999.0,0,-999.0,-999.0,-999.0,0,0,0.42910799384117126,20.934799194335938,0.3952830135822296,-999.0,1,20.934799194335938,20.934799194335938,-999.0,-999.0,-999.0,0,-999.0,-999.0,-999.0,0,4112,-999.0,-999.0,-999.0,-999.0,0,-999.0,-999.0,-999.0,-999.0,-999.0,0,-999.0,-999.0,-999.0,0,0,-999.0,-999.0,-999.0,-999.0,0,-999.0,-999.0,-999.0,-999.0,-999.0,0,-999.0,-999.0,-999.0,0,0,0.01995088405349624
PSO J223.8947+05.5526,-999,-999,-999,114662238947053597,3496239000025403,65296387826490,0,15189951440258,11466,1,1467,31,0.250938540558273,3496239,15203,3,268959744,0,32,-999.0,-999.0,-999.0,-999.0,223.89470079,5.55261337,0.27946001291275024,0.27946001291275024,,,,,56822.38814815,-999.0,-0.7172339449290924,-0.6900818914456768,0.09675976095572378,219.66166661235198,21.301409917669602,2.3908455483589446,53.42998730788184,-999,0,1,0,0,1,0,0,-999.0,-999.0,-999.0,-999.0,0,-999.0,-999.0,-999.0,-999.0,-999.0,0,-999.0,-999.0,-999.0,0,0,-999.0,-999.0,-999.0,-999.0,0,-999.0,-999.0,-999.0,-999.0,-999.0,0,-999.0,-999.0,-999.0,0,0,0.649416983127594,21.220399856567383,0.27905699610710144,-999.0,1,21.220399856567383,21.220399856567383,-999.0,-999.0,-999.0,1,21.81410026550293,0.27905699610710144,-999.0,1,4120,-999.0,-999.0,-999.0,-999.0,0,-999.0,-999.0,-999.0,-999.0,-999.0,0,-999.0,-999.0,-999.0,0,0,-999.0,-999.0,-999.0,-999.0,0,-999.0,-999.0,-999.0,-999.0,-999.0,0,-999.0,-999.0,-999.0,0,0,0.017658975960928486
PSO J223.8945+05.5529,-999,-999,-999,114662238945453944,3496239000025376,65296387826463,0,15189951440828,11466,1,1467,31,0.772954289589966,3496239,15203,3,268959744,0,32,-999.0,-999.0,-999.0,-999.0,223.89454596,5.55290479,-999.0,-999.0,,,,,-999.0,-999.0,-0.7172354550740268,-0.6900796120385083,0.09676482332715607,219.66141299772576,21.30163979033334,2.3910572474668768,53.43029188053568,-999,0,1,0,0,0,1,0,-999.0,-999.0,-999.0,-999.0,0,-999.0,-999.0,-999.0,-999.0,-999.0,0,-999.0,-999.0,-999.0,0,0,-999.0,-999.0,-999.0,-999.0,0,-999.0,-999.0,-999.0,-999.0,-999.0,0,-999.0,-999.0,-999.0,0,0,-999.0,-999.0,-999.0,-999.0,0,-999.0,-999.0,-999.0,-999.0,-999.0,0,-999.0,-999.0,-999.0,0,0,-999.0,-999.0,-999.0,-999.0,0,-999.0,-999.0,18.600200653076172,0.03515699878334999,-999.0,1,-999.0,-999.0,-999.0,0,24,-999.0,-999.0,-999.0,-999.0,0,-999.0,-999.0,-999.0,-999.0,-999.0,0,-999.0,-999.0,-999.0,0,0,0.017338448350232353
PSO J223.8944+05.5529,-999,-999,-999,114662238945443944,3496239000025375,65296387826462,0,15189951440823,11466,1,1467,31,0.395751441266156,3496239,15203,3,268959744,0,32,-999.0,-999.0,-999.0,-999.0,223.89439683,5.55292534,0.27722999453544617,0.27722999453544617,,,,,56822.37528935,-999.0,-0.7172372262074067,-0.690077721145984,0.09676518030919366,219.66125462478092,21.301613676818903,2.390924895332302,53.43041929974611,-999,0,2,0,0,1,1,0,-999.0,-999.0,-999.0,-999.0,0,-999.0,-999.0,-999.0,-999.0,-999.0,0,-999.0,-999.0,-999.0,0,0,-999.0,-999.0,-999.0,-999.0,0,-999.0,-999.0,-999.0,-999.0,-999.0,0,-999.0,-999.0,-999.0,0,0,0.6310300230979919,21.359100341796875,0.2768220007419586,-999.0,1,21.359100341796875,21.359100341796875,-999.0,-999.0,-999.0,0,21.437299728393555,0.2768220007419586,-999.0,1,4120,-999.0,-999.0,-999.0,-999.0,0,-999.0,-999.0,18.600200653076172,0.03515699878334999,-999.0,1,-999.0,-999.0,-999.0,0,24,-999.0,-999.0,-999.0,-999.0,0,-999.0,-999.0,-999.0,-999.0,-999.0,0,-999.0,-999.0,-999.0,0,0,0.017224960148558736
PSO J223.8942+05.5502,-999,-999,-999,114662238942500745,3496239000106638,65296387907727,0,15189951444258,11466,1,1467,31,0.312942669087036,3496239,15203,3,268959744,0,32,-999.0,-999.0,-999.0,-999.0,223.89423599,5.55024915,0.21004000306129456,0.21004000306129456,,,,,55254.61549769,-999.0,-0.7172424196185053,-0.6900788406391912,0.09671869106776472,219.66197486865005,21.299018041830266,2.3872943877860933,53.428835426146144,-999,0,1,0,0,0,1,0,-999.0,-999.0,-999.0,-999.0,0,-999.0,-999.0,-999.0,-999.0,-999.0,0,-999.0,-999.0,-999.0,0,0,-999.0,-999.0,-999.0,-999.0,0,-999.0,-999.0,-999.0,-999.0,-999.0,0,-999.0,-999.0,-999.0,0,0,-999.0,-999.0,-999.0,-999.0,0,-999.0,-999.0,-999.0,-999.0,-999.0,0,-999.0,-999.0,-999.0,0,0,0.7965160012245178,20.785200119018555,0.2094999998807907,-999.0,1,20.785200119018555,20.785200119018555,-999.0,-999.0,-999.0,0,21.019800186157227,0.2094999998807907,-999.0,1,4112,-999.0,-999.0,-999.0,-999.0,0,-999.0,-999.0,-999.0,-999.0,-999.0,0,-999.0,-999.0,-999.0,0,0,0.01922594074797276
PSO J223.8935+05.5577,-999,-999,-999,114662238935279726,3496239000025213,65296387826300,0,15189951406420,11466,1,1467,31,0.749507468891803,3496239,15203,3,268959744,0,32,-999.0,-999.0,-999.0,-999.0,223.89349871,5.55772785,0.23082000017166138,0.23082000017166138,,,,,56838.25114583,-999.0,-0.7172421957738558,-0.6900608524410838,0.09684860623562215,219.65875573048822,21.305908200609508,2.3961760490159154,53.43417105960656,-999,0,1,0,0,0,0,1,-999.0,-999.0,-999.0,-999.0,0,-999.0,-999.0,-999.0,-999.0,-999.0,0,-999.0,-999.0,-999.0,0,0,-999.0,-999.0,-999.0,-999.0,0,-999.0,-999.0,-999.0,-999.0,-999.0,0,-999.0,-999.0,-999.0,0,0,-999.0,-999.0,-999.0,-999.0,0,-999.0,-999.0,-999.0,-999.0,-999.0,0,-999.0,-999.0,-999.0,0,0,-999.0,-999.0,-999.0,-999.0,0,-999.0,-999.0,-999.0,-999.0,-999.0,0,-999.0,-999.0,-999.0,0,0,0.69650799036026,20.65690040588379,0.23032799363136292,-999.0,1,20.65690040588379,20.65690040588379,-999.0,-999.0,-999.0,0,24.76449966430664,0.23032799363136292,-999.0,1,4120,0.013258038811952788
PSO J223.8933+05.5528,-999,-999,-999,114662238933403862,3496239000025185,65296387826272,0,15189951440107,11466,1,1467,31,0.548461955551488,3496239,15203,3,310456320,0,37,-999.0,-999.0,-999.0,-999.0,223.89331259,5.55283871,0.17327000200748444,0.17327000200748444,,,,,55305.54534722,-999.0,-0.7172503902372993,-0.6900642497786349,0.09676367542570696,219.66018113294433,21.301199228916904,2.3896575105770563,53.43119512131779,-999,0,1,1,0,0,0,0,0.9829980134963989,21.63010025024414,0.1726199984550476,-999.0,1,21.63010025024414,21.63010025024414,20.214399337768555,0.11007100343704224,-999.0,1,20.40049934387207,0.1726199984550476,-999.0,1,16777496,-999.0,-999.0,-999.0,-999.0,0,-999.0,-999.0,-999.0,-999.0,-999.0,0,-999.0,-999.0,-999.0,0,0,-999.0,-999.0,-999.0,-999.0,0,-999.0,-999.0,-999.0,-999.0,-999.0,0,-999.0,-999.0,-999.0,0,0,-999.0,-999.0,-999.0,-999.0,0,-999.0,-999.0,-999.0,-999.0,-999.0,0,-999.0,-999.0,-999.0,0,0,-999.0,-999.0,-999.0,-999.0,0,-999.0,-999.0,-999.0,-999.0,-999.0,0,-999.0,-999.0,-999.0,0,0,0.016602270167998354
PSO J223.8933+05.5549,-999,-999,-999,114662238933396306,3496239000025183,65296387826270,0,15189951408581,11466,1,1467,31,0.663363397739235,3496239,15203,3,268959744,0,32,-999.0,-999.0,-999.0,-999.0,223.89331116,5.55487737,0.2162099927663803,0.2162099927663803,,,,,56838.25114583,-999.0,-0.7172479258841341,-0.6900618443613977,0.09679908972430419,219.65950644386973,21.303138560746856,2.392291256418911,53.432496647271776,-999,0,1,0,0,0,0,1,-999.0,-999.0,-999.0,-999.0,0,-999.0,-999.0,-999.0,-999.0,-999.0,0,-999.0,-999.0,-999.0,0,0,-999.0,-999.0,-999.0,-999.0,0,-999.0,-999.0,-999.0,-999.0,-999.0,0,-999.0,-999.0,-999.0,0,0,-999.0,-999.0,-999.0,-999.0,0,-999.0,-999.0,-999.0,-999.0,-999.0,0,-999.0,-999.0,-999.0,0,0,-999.0,-999.0,-999.0,-999.0,0,-999.0,-999.0,-999.0,-999.0,-999.0,0,-999.0,-999.0,-999.0,0,0,0.46747899055480957,20.116300582885742,0.21568800508975983,-999.0,1,20.116300582885742,20.116300582885742,-999.0,-999.0,-999.0,0,-999.0,-999.0,-999.0,0,4120,0.015051770606391035
PSO J223.8929+05.5533,-999,-999,-999,114662238928864444,3496239000025116,65296387826203,0,15189951408355,11466,1,1467,31,0.413420766977054,3496239,15203,3,310456320,0,37,-999.0,-999.0,-999.0,-999.0,223.89285245,5.55333319,0.14813999831676483,0.14813999831676483,,,,,55305.53513889,-999.0,-0.7172553302600546,-0.6900579105381511,0.09677226522749623,219.65955012137618,21.301528815507012,2.389806331084247,53.43186324946323,-999,0,1,1,0,0,0,0,0.9870150089263916,21.498899459838867,0.14737500250339508,-999.0,1,21.498899459838867,21.498899459838867,20.131399154663086,0.09834899753332138,-999.0,1,20.5039005279541,0.14737500250339508,-999.0,1,16777496,-999.0,-999.0,-999.0,-999.0,0,-999.0,-999.0,-999.0,-999.0,-999.0,0,-999.0,-999.0,-999.0,0,0,-999.0,-999.0,-999.0,-999.0,0,-999.0,-999.0,-999.0,-999.0,-999.0,0,-999.0,-999.0,-999.0,0,0,-999.0,-999.0,-999.0,-999.0,0,-999.0,-999.0,-999.0,-999.0,-999.0,0,-999.0,-999.0,-999.0,0,0,-999.0,-999.0,-999.0,-999.0,0,-999.0,-999.0,-999.0,-999.0,-999.0,0,-999.0,-999.0,-999.0,0,0,0.01593056557665304
PSO J223.8920+05.5496,-999,-999,-999,114662238920600015,3496239000024979,65296387826066,0,15189951433034,11466,1,1467,31,0.805211703111615,3496239,15203,3,276901888,0,33,-999.0,-999.0,-999.0,-999.0,223.89202219,5.54964293,0.015629999339580536,0.015629999339580536,,,,,56787.38965278,-999.0,-0.717269819841836,-0.690051836681887,0.09670816013147263,219.65992482117142,21.29776331092452,2.384151624770284,53.43014551640857,-999,0,1,0,0,1,0,0,-999.0,-999.0,-999.0,-999.0,0,-999.0,-999.0,-999.0,-999.0,-999.0,0,-999.0,-999.0,-999.0,0,0,-999.0,-999.0,-999.0,-999.0,0,-999.0,-999.0,-999.0,-999.0,-999.0,0,-999.0,-999.0,-999.0,0,0,0.9984440207481384,17.083200454711914,0.004389999900013208,-999.0,1,17.083200454711914,17.083200454711914,16.835800170898438,0.006281999871134758,-999.0,1,16.781200408935547,0.004389999900013208,-999.0,1,16777240,-999.0,-999.0,-999.0,-999.0,0,-999.0,-999.0,-999.0,-999.0,-999.0,0,-999.0,-999.0,-999.0,0,0,-999.0,-999.0,-999.0,-999.0,0,-999.0,-999.0,-999.0,-999.0,-999.0,0,-999.0,-999.0,-999.0,0,0,0.018561753633391853
PSO J223.8919+05.5507,-999,-999,-999,114662238919121228,3496239000106633,65296387907722,0,15189951433650,11466,1,1467,31,0.618640227819458,3496239,15203,3,268959744,0,32,-999.0,-999.0,-999.0,-999.0,223.89189857,5.55065201,0.28859999775886536,0.28859999775886536,,,,,55254.61549769,-999.0,-0.7172700811573529,-0.6900491081794521,0.09672568933467172,219.6594659446579,21.298685587476733,2.385324131518466,53.43088400987725,-999,0,1,0,0,0,1,0,-999.0,-999.0,-999.0,-999.0,0,-999.0,-999.0,-999.0,-999.0,-999.0,0,-999.0,-999.0,-999.0,0,0,-999.0,-999.0,-999.0,-999.0,0,-999.0,-999.0,-999.0,-999.0,-999.0,0,-999.0,-999.0,-999.0,0,0,-999.0,-999.0,-999.0,-999.0,0,-999.0,-999.0,-999.0,-999.0,-999.0,0,-999.0,-999.0,-999.0,0,0,0.6271790266036987,21.074199676513672,0.2882100045681,-999.0,1,21.074199676513672,21.074199676513672,-999.0,-999.0,-999.0,0,20.74169921875,0.2882100045681,-999.0,1,4112,-999.0,-999.0,-999.0,-999.0,0,-999.0,-999.0,-999.0,-999.0,-999.0,0,-999.0,-999.0,-999.0,0,0,0.017623196952994354
PSO J223.8915+05.5521,-999,-999,-999,114662238915722979,3496239000024903,65296387825990,0,15189951403248,11466,1,1467,31,0.046605141876829,3496239,15203,3,268959744,0,32,-999.0,-999.0,-999.0,-999.0,223.89153574,5.55209446,0.3100999891757965,0.3100999891757965,,,,,55607.67172454,-999.0,-0.7172726958293155,-0.6900428775222308,0.09675074675983535,219.65862080253117,21.29994695696512,2.3868019152778017,53.43208230120091,-999,0,1,0,0,0,1,0,-999.0,-999.0,-999.0,-999.0,0,-999.0,-999.0,-999.0,-999.0,-999.0,0,-999.0,-999.0,-999.0,0,0,-999.0,-999.0,-999.0,-999.0,0,-999.0,-999.0,-999.0,-999.0,-999.0,0,-999.0,-999.0,-999.0,0,0,-999.0,-999.0,-999.0,-999.0,0,-999.0,-999.0,-999.0,-999.0,-999.0,0,-999.0,-999.0,-999.0,0,0,0.743815004825592,21.104299545288086,0.3097350001335144,-999.0,1,21.104299545288086,21.104299545288086,-999.0,-999.0,-999.0,0,21.99959945678711,0.3097350001335144,-999.0,1,4112,-999.0,-999.0,-999.0,-999.0,0,-999.0,-999.0,-999.0,-999.0,-999.0,0,-999.0,-999.0,-999.0,0,0,0.016199904388531496
PSO J223.8915+05.5563,-999,-999,-999,114662238915097992,3496239000024890,65296387825977,0,15189951409323,11466,1,1467,31,0.880978338309544,3496239,15203,3,310456320,0,37,-999.0,-999.0,-999.0,-999.0,223.8914894,5.55627552,0.18384000658988953,0.18384000658988953,,,,,56721.58826389,-999.0,-0.7172681640411945,-0.6900374007527638,0.09682337742169447,219.65719293262114,21.30391100139766,2.3921572907184085,53.43478491254063,-999,0,1,1,0,0,0,0,0.999288022518158,21.708900451660156,0.18322700262069702,-999.0,1,21.708900451660156,21.708900451660156,21.229999542236328,0.24309399724006653,-999.0,1,21.080699920654297,0.18322700262069702,-999.0,1,16777496,-999.0,-999.0,-999.0,-999.0,0,-999.0,-999.0,-999.0,-999.0,-999.0,0,-999.0,-999.0,-999.0,0,0,-999.0,-999.0,-999.0,-999.0,0,-999.0,-999.0,-999.0,-999.0,-999.0,0,-999.0,-999.0,-999.0,0,0,-999.0,-999.0,-999.0,-999.0,0,-999.0,-999.0,-999.0,-999.0,-999.0,0,-999.0,-999.0,-999.0,0,0,-999.0,-999.0,-999.0,-999.0,0,-999.0,-999.0,-999.0,-999.0,-999.0,0,-999.0,-999.0,-999.0,0,0,0.012798159228649146
PSO J223.8913+05.5567,-999,-999,-999,114662238915078423,3496239000024889,65296387825976,0,15189951409292,11466,1,1467,31,0.86231487697206,3496239,15203,3,302145536,5,36,-999.0,-999.0,-999.0,-999.0,223.8913383051503,5.556680936222602,0.03763591621377845,0.03763591621377845,63.09030207234729,-178.943075469125,75.35899247819611,75.35899247819611,55905.079607041545,9.397122383117676,-0.7172694899933978,-0.690035034243187,0.09683042002188498,219.65690308800524,21.304248297394988,2.392515605610686,53.43516057698403,-999,0,5,0,0,0,5,0,-999.0,-999.0,-999.0,-999.0,0,-999.0,-999.0,-999.0,-999.0,-999.0,0,-999.0,-999.0,-999.0,0,0,-999.0,-999.0,-999.0,-999.0,0,-999.0,-999.0,-999.0,-999.0,-999.0,0,-999.0,-999.0,-999.0,0,0,-999.0,-999.0,-999.0,-999.0,0,-999.0,-999.0,-999.0,-999.0,-999.0,0,-999.0,-999.0,-999.0,0,0,0.9996479749679565,20.742000579833984,0.22689500451087952,0.5053110122680664,5,20.153600692749023,20.980899810791016,20.17620086669922,0.15541799366474152,0.23784300684928894,5,20.227100372314453,0.11505000293254852,0.3670459985733032,5,280,-999.0,-999.0,-999.0,-999.0,0,-999.0,-999.0,-999.0,-999.0,-999.0,0,-999.0,-999.0,-999.0,0,0,0.0123953370867913
PSO J223.8913+05.5567,-999,-999,-999,114662238911878406,3496239000024845,65296387825932,0,15189951409295,11466,1,1467,31,0.956298198510239,3496239,15203,3,444915712,7,53,223.89132317,5.55672796,0.0010000000474974513,0.0010000000474974513,223.89129969531493,5.55672655033596,0.013622249855411,0.013622249855411,51.323938213922574,14.262168185262919,9.163699874990225,9.163699874990225,56360.83066162792,10.535642623901367,-0.7172698994318837,-0.6900344974525895,0.0968312123972822,219.65684801947162,21.304276268351014,2.3925273652836574,53.435218590240915,-999,5,26,0,8,13,4,1,-999.0,-999.0,-999.0,-999.0,0,-999.0,-999.0,-999.0,-999.0,-999.0,0,-999.0,-999.0,-999.0,0,114720,0.9995959997177124,21.542600631713867,0.13844799995422363,0.488413006067276,7,20.67959976196289,21.774799346923828,20.664499282836914,0.08227899670600891,0.28868401050567627,8,20.67799949645996,0.0992090031504631,0.33418500423431396,8,16892216,0.9996680021286011,21.045700073242188,0.0640610009431839,0.3020319938659668,12,20.67889976501465,21.642900466918945,20.225299835205078,0.04152100160717964,0.1315000057220459,13,20.301300048828125,0.041912999004125595,0.16826699674129486,13,16892216,0.9979959726333618,20.9330997467041,0.05345400050282478,0.171657994389534,4,20.661500930786133,21.005599975585938,20.092199325561523,0.1322530061006546,0.41160500049591064,4,20.178800582885742,0.06622699648141861,0.1393049955368042,4,16892216,0.9977740049362183,19.686800003051758,0.19839300215244293,-999.0,1,19.686800003051758,19.686800003051758,-999.0,-999.0,-999.0,1,19.590599060058594,0.19839300215244293,-999.0,1,114992,0.01233572678786466
PSO J223.8903+05.5533,-999,-999,-999,114662238903014368,3496239000024682,65296387825769,0,15189951411188,11466,1,1467,31,0.334847700162649,3496239,15203,3,277348352,0,33,-999.0,-999.0,-999.0,-999.0,223.89027886,5.55327414,0.0989300012588501,0.0989300012588501,,,,,55305.53513889,-999.0,-0.7172863971704729,-0.6900257615842789,0.09677123944767042,219.6569536572833,21.300684507637314,2.3869872838241912,53.43379822820832,-999,0,1,1,0,0,0,0,0.09846799820661545,20.6737003326416,0.09778100252151489,-999.0,1,20.6737003326416,20.6737003326416,19.64699935913086,0.04905499890446663,-999.0,1,19.626399993896484,0.09778100252151489,-999.0,1,16781336,-999.0,-999.0,-999.0,-999.0,0,-999.0,-999.0,-999.0,-999.0,-999.0,0,-999.0,-999.0,-999.0,0,0,-999.0,-999.0,-999.0,-999.0,0,-999.0,-999.0,-999.0,-999.0,-999.0,0,-999.0,-999.0,-999.0,0,0,-999.0,-999.0,-999.0,-999.0,0,-999.0,-999.0,-999.0,-999.0,-999.0,0,-999.0,-999.0,-999.0,0,0,-999.0,-999.0,-999.0,-999.0,0,-999.0,-999.0,-999.0,-999.0,-999.0,0,-999.0,-999.0,-999.0,0,0,0.014546270499633272
PSO J223.8902+05.5555,-999,-999,-999,114662238901867062,3496239000116806,65296387919966,0,15189951411712,11466,1,1467,31,0.278791015296048,3496239,15203,3,404226048,0,48,223.89020817,5.5555007,0.0010000000474974513,0.0010000000474974513,223.89020817,5.5555007,0.0010000000474974513,0.0010000000474974513,,,,,55971.37297454,-999.0,-0.7172845378077161,-0.6900222689445759,0.09680991779022781,219.6561464833144,21.30278140380215,2.3897902120174996,53.435272753446206,-999,2,0,0,0,0,0,0,-999.0,-999.0,-999.0,-999.0,0,-999.0,-999.0,-999.0,-999.0,-999.0,0,-999.0,-999.0,-999.0,0,16416,-999.0,-999.0,-999.0,-999.0,0,-999.0,-999.0,-999.0,-999.0,-999.0,0,-999.0,-999.0,-999.0,0,16416,-999.0,-999.0,-999.0,-999.0,0,-999.0,-999.0,-999.0,-999.0,-999.0,0,-999.0,-999.0,-999.0,0,114720,-999.0,-999.0,-999.0,-999.0,0,-999.0,-999.0,-999.0,-999.0,-999.0,0,-999.0,-999.0,-999.0,0,114720,-999.0,-999.0,-999.0,-999.0,0,-999.0,-999.0,-999.0,-999.0,-999.0,0,-999.0,-999.0,-999.0,0,16416,0.012624018846077091
PSO J223.8897+05.5547,-999,-999,-999,114662238896906026,3496239000024582,65296387825669,0,15189951413904,11466,1,1467,31,0.629371751685973,3496239,15203,3,268959744,0,32,-999.0,-999.0,-999.0,-999.0,223.88968061,5.55465454,0.26072999835014343,0.26072999835014343,,,,,56785.3649537,-999.0,-0.7172919215506742,-0.6900166555106227,0.09679521886992117,219.65588968354305,21.301814731368186,2.3881341072006252,53.435137361500736,-999,0,1,0,0,1,0,0,-999.0,-999.0,-999.0,-999.0,0,-999.0,-999.0,-999.0,-999.0,-999.0,0,-999.0,-999.0,-999.0,0,0,-999.0,-999.0,-999.0,-999.0,0,-999.0,-999.0,-999.0,-999.0,-999.0,0,-999.0,-999.0,-999.0,0,0,0.6968880295753479,22.105899810791016,0.26029300689697266,-999.0,1,22.105899810791016,22.105899810791016,-999.0,-999.0,-999.0,1,22.535400390625,0.26029300689697266,-999.0,1,4120,-999.0,-999.0,-999.0,-999.0,0,-999.0,-999.0,-999.0,-999.0,-999.0,0,-999.0,-999.0,-999.0,0,0,-999.0,-999.0,-999.0,-999.0,0,-999.0,-999.0,-999.0,-999.0,-999.0,0,-999.0,-999.0,-999.0,0,0,0.013053818303916342
PSO J223.8888+05.5545,-999,-999,-999,114662238888485849,3496239000024450,65296387825537,0,15189951414041,11466,1,1467,31,0.580440790933036,3496239,15203,3,277348352,0,33,-999.0,-999.0,-999.0,-999.0,223.88883164,5.55451293,0.05522000044584274,0.05522000044584274,,,,,55305.54534722,-999.0,-0.7173023180821066,-0.6900061929401425,0.0967927589145349,219.65507350507247,21.30141999699012,2.3870462237553345,53.435697753234855,-999,0,1,1,0,0,0,0,0.7271860241889954,20.007400512695312,0.05313999950885773,-999.0,1,20.007400512695312,20.007400512695312,19.034799575805664,0.030307000502943993,-999.0,1,19.072599411010742,0.05313999950885773,-999.0,1,16781336,-999.0,-999.0,-999.0,-999.0,0,-999.0,-999.0,-999.0,-999.0,-999.0,0,-999.0,-999.0,-999.0,0,0,-999.0,-999.0,-999.0,-999.0,0,-999.0,-999.0,-999.0,-999.0,-999.0,0,-999.0,-999.0,-999.0,0,0,-999.0,-999.0,-999.0,-999.0,0,-999.0,-999.0,-999.0,-999.0,-999.0,0,-999.0,-999.0,-999.0,0,0,-999.0,-999.0,-999.0,-999.0,0,-999.0,-999.0,-999.0,-999.0,-999.0,0,-999.0,-999.0,-999.0,0,0,0.012770316206774485
PSO J223.8884+05.5556,-999,-999,-999,114662238884357171,3496239000116761,65296387919921,0,15189951411855,11466,1,1467,31,0.959526949524439,3496239,15203,3,1343750144,0,160,223.88843581,5.55559497,0.0010000000474974513,0.0010000000474974513,223.88843581,5.55559497,0.0010000000474974513,0.0010000000474974513,,,,,56041.68789352,-999.0,-0.7173057674853401,-0.6899999700553991,0.09681155538372224,219.65431380564203,21.302328318621576,2.388023138746356,53.43669140304649,-999,1,0,0,0,0,0,0,-999.0,-999.0,-999.0,-999.0,0,-999.0,-999.0,-999.0,-999.0,-999.0,0,-999.0,-999.0,-999.0,0,114720,-999.0,-999.0,-999.0,-999.0,0,-999.0,-999.0,-999.0,-999.0,-999.0,0,-999.0,-999.0,-999.0,0,16416,-999.0,-999.0,-999.0,-999.0,0,-999.0,-999.0,-999.0,-999.0,-999.0,0,-999.0,-999.0,-999.0,0,16416,-999.0,-999.0,-999.0,-999.0,0,-999.0,-999.0,-999.0,-999.0,-999.0,0,-999.0,-999.0,-999.0,0,16416,-999.0,-999.0,-999.0,-999.0,0,-999.0,-999.0,-999.0,-999.0,-999.0,0,-999.0,-999.0,-999.0,0,16416,0.011628286498705438
PSO J223.8881+05.5572,-999,-999,-999,114662238881739120,3496239000024351,65296387825438,0,15189951411405,11466,1,1467,31,0.248638680436312,3496239,15203,3,436527104,7,52,223.88813252,5.55723275,0.0010000000474974513,0.0010000000474974513,223.88811372364057,5.557214791179478,0.026991532603459364,0.026991532603459364,16.947570238230547,39.70862264834227,23.162821906761174,23.162821906761174,56155.18938973107,3.870025634765625,-0.7173076734720005,-0.6899940400399014,0.09683969376036221,219.6534531955864,21.303769798608176,2.3897732279594055,53.437969638812646,-999,4,9,0,0,1,8,0,-999.0,-999.0,-999.0,-999.0,0,-999.0,-999.0,-999.0,-999.0,-999.0,0,-999.0,-999.0,-999.0,0,16416,-999.0,-999.0,-999.0,-999.0,0,-999.0,-999.0,-999.0,-999.0,-999.0,0,-999.0,-999.0,-999.0,0,114720,0.9995579719543457,21.52440071105957,0.1921679973602295,-999.0,1,21.52440071105957,21.52440071105957,-999.0,-999.0,-999.0,1,21.49799919128418,0.1921679973602295,-999.0,1,115000,0.9992799758911133,21.053300857543945,0.05991699919104576,0.22908200323581696,8,20.641700744628906,21.19849967956543,20.850799560546875,0.09964799880981445,0.38085201382637024,8,20.863000869750977,0.0918859988451004,0.3316490054130554,8,115000,-999.0,-999.0,-999.0,-999.0,0,-999.0,-999.0,-999.0,-999.0,-999.0,0,-999.0,-999.0,-999.0,0,114720,0.01005629676458557
PSO J223.8873+05.5513,-999,-999,-999,114662238873322007,3496239000024228,65296387825315,0,15189951405128,11466,1,1467,31,0.77625955899829,3496239,15203,3,268959744,0,32,-999.0,-999.0,-999.0,-999.0,223.88733881,5.55130175,0.021649999544024467,0.021649999544024467,,,,,55399.25851852,-999.0,-0.717324204371683,-0.689991263167162,0.09673697625787346,219.65461661567244,21.29790742707233,2.3813041366924965,53.43479337606539,-999,0,1,0,0,0,1,0,-999.0,-999.0,-999.0,-999.0,0,-999.0,-999.0,-999.0,-999.0,-999.0,0,-999.0,-999.0,-999.0,0,0,-999.0,-999.0,-999.0,-999.0,0,-999.0,-999.0,-999.0,-999.0,-999.0,0,-999.0,-999.0,-999.0,0,0,-999.0,-999.0,-999.0,-999.0,0,-999.0,-999.0,-999.0,-999.0,-999.0,0,-999.0,-999.0,-999.0,0,0,0.09413400292396545,15.15429973602295,0.015604999847710133,-999.0,1,15.15429973602295,15.15429973602295,17.66360092163086,0.026489000767469406,-999.0,1,17.772300720214844,0.015604999847710133,-999.0,1,4112,-999.0,-999.0,-999.0,-999.0,0,-999.0,-999.0,-999.0,-999.0,-999.0,0,-999.0,-999.0,-999.0,0,0,0.015212078481874938
PSO J223.8868+05.5557,-999,-999,-999,114662238868667356,3496239000024148,65296387825235,0,15189951411479,11466,1,1467,31,0.817424954676465,3496239,15203,3,310456320,0,37,-999.0,-999.0,-999.0,-999.0,223.88684144,5.55574759,0.17367999255657196,0.17367999255657196,,,,,56384.58405093,-999.0,-0.7173247819822985,-0.6899798305428074,0.09681420659266193,219.6526427861528,21.301985248946345,2.386521102628027,53.43801082659821,-999,0,1,0,0,1,0,0,-999.0,-999.0,-999.0,-999.0,0,-999.0,-999.0,-999.0,-999.0,-999.0,0,-999.0,-999.0,-999.0,0,0,-999.0,-999.0,-999.0,-999.0,0,-999.0,-999.0,-999.0,-999.0,-999.0,0,-999.0,-999.0,-999.0,0,0,0.05203000083565712,21.388700485229492,0.17303399741649628,-999.0,1,21.388700485229492,21.388700485229492,20.314199447631836,0.1525920033454895,-999.0,1,20.43779945373535,0.17303399741649628,-999.0,1,16777752,-999.0,-999.0,-999.0,-999.0,0,-999.0,-999.0,-999.0,-999.0,-999.0,0,-999.0,-999.0,-999.0,0,0,-999.0,-999.0,-999.0,-999.0,0,-999.0,-999.0,-999.0,-999.0,-999.0,0,-999.0,-999.0,-999.0,0,0,0.010837251052781013
PSO J223.8868+05.5509,-999,-999,-999,114662238867971540,3496239000024133,65296387825220,0,15189951404358,11466,1,1467,31,0.867460954810922,3496239,15203,3,310456320,0,37,-999.0,-999.0,-999.0,-999.0,223.88677345,5.55090165,0.17847000062465668,0.17847000062465668,,,,,56384.58405093,-999.0,-0.717331499589595,-0.6899846532912453,0.09673002594387571,219.65417409394325,21.297353595400708,2.38018435102254,53.434971429723696,-999,0,1,0,0,1,0,0,-999.0,-999.0,-999.0,-999.0,0,-999.0,-999.0,-999.0,-999.0,-999.0,0,-999.0,-999.0,-999.0,0,0,-999.0,-999.0,-999.0,-999.0,0,-999.0,-999.0,-999.0,-999.0,-999.0,0,-999.0,-999.0,-999.0,0,0,0.052521001547575,21.411699295043945,0.17783699929714203,-999.0,1,21.411699295043945,21.411699295043945,20.38990020751953,0.16121099889278412,-999.0,1,20.418100357055664,0.17783699929714203,-999.0,1,16777752,-999.0,-999.0,-999.0,-999.0,0,-999.0,-999.0,-999.0,-999.0,-999.0,0,-999.0,-999.0,-999.0,0,0,-999.0,-999.0,-999.0,-999.0,0,-999.0,-999.0,-999.0,-999.0,-999.0,0,-999.0,-999.0,-999.0,0,0,0.015449790387476483
PSO J223.8867+05.5504,-999,-999,-999,114662238867300888,3496239000024123,65296387825210,0,15189951405458,11466,1,1467,31,0.874663306283451,3496239,15203,3,268959744,0,32,-999.0,-999.0,-999.0,-999.0,223.88669806,5.55039468,0.08160000294446945,0.08160000294446945,,,,,55306.35479167,-999.0,-0.7173330242997594,-0.6899843027327487,0.09672121913708218,219.65426489064095,21.296848132693775,2.3794486906321533,53.43470576568848,-999,0,1,0,1,0,0,0,-999.0,-999.0,-999.0,-999.0,0,-999.0,-999.0,-999.0,-999.0,-999.0,0,-999.0,-999.0,-999.0,0,0,0.48234501481056213,19.45949935913086,0.080205999314785,-999.0,1,19.45949935913086,19.45949935913086,-999.0,-999.0,-999.0,0,19.263500213623047,0.080205999314785,-999.0,1,4112,-999.0,-999.0,-999.0,-999.0,0,-999.0,-999.0,-999.0,-999.0,-999.0,0,-999.0,-999.0,-999.0,0,0,-999.0,-999.0,-999.0,-999.0,0,-999.0,-999.0,-999.0,-999.0,-999.0,0,-999.0,-999.0,-999.0,0,0,-999.0,-999.0,-999.0,-999.0,0,-999.0,-999.0,-999.0,-999.0,-999.0,0,-999.0,-999.0,-999.0,0,0,0.015924519473096543
PSO J223.8866+05.5549,-999,-999,-999,114662238866186294,3496239000024102,65296387825189,0,15189951413267,11466,1,1467,31,0.960638278127311,3496239,15203,3,310456320,0,37,-999.0,-999.0,-999.0,-999.0,223.88659473,5.55485918,0.17017999291419983,0.17017999291419983,,,,,56384.59559028,-999.0,-0.7173288347880802,-0.6899777823843661,0.09679877373979134,219.65268542975508,21.30106438562589,2.3851096362064785,53.43763317896234,-999,0,1,0,0,1,0,0,-999.0,-999.0,-999.0,-999.0,0,-999.0,-999.0,-999.0,-999.0,-999.0,0,-999.0,-999.0,-999.0,0,0,-999.0,-999.0,-999.0,-999.0,0,-999.0,-999.0,-999.0,-999.0,-999.0,0,-999.0,-999.0,-999.0,0,0,0.04913200065493584,21.18829917907715,0.16951699554920197,-999.0,1,21.18829917907715,21.18829917907715,19.92970085144043,0.14562800526618958,-999.0,1,20.174999237060547,0.16951699554920197,-999.0,1,16777752,-999.0,-999.0,-999.0,-999.0,0,-999.0,-999.0,-999.0,-999.0,-999.0,0,-999.0,-999.0,-999.0,0,0,-999.0,-999.0,-999.0,-999.0,0,-999.0,-999.0,-999.0,-999.0,-999.0,0,-999.0,-999.0,-999.0,0,0,0.01159463818346888
PSO J223.8866+05.5527,-999,-999,-999,114662238866053648,3496239000024098,65296387825185,0,15189951412668,11466,1,1467,31,0.419646727312027,3496239,15203,3,436527104,7,52,223.88652867,5.55270195,0.0010000000474974513,0.0010000000474974513,223.88653911887695,5.5526775066494745,0.04024765203609206,0.04024765203609206,-52.08339537947026,56.89986459692664,51.13738697136212,51.13738697136212,56187.58829468602,1.2032499313354492,-0.7173321603975816,-0.6899796407934317,0.09676087509890086,219.65337212591146,21.298970153565723,2.382241089493803,53.43626383821625,-999,3,8,0,2,1,5,0,-999.0,-999.0,-999.0,-999.0,0,-999.0,-999.0,-999.0,-999.0,-999.0,0,-999.0,-999.0,-999.0,0,16416,0.998216986656189,22.1156005859375,0.09711600095033646,0.13936300575733185,2,22.035200119018555,22.22949981689453,-999.0,-999.0,-999.0,2,21.86210060119629,0.45302900671958923,0.7324349880218506,2,115000,0.01181199960410595,21.023000717163086,0.1256379932165146,-999.0,1,21.023000717163086,21.023000717163086,19.838600158691406,0.11715099960565567,-999.0,1,20.063499450683594,0.1256379932165146,-999.0,1,16892472,0.9986019730567932,21.492799758911133,0.08675699681043625,0.18258599936962128,4,21.252199172973633,21.67569923400879,21.49720001220703,0.16767899692058563,0.5878260135650635,4,21.26759910583496,0.11203200370073318,0.2774229943752289,4,115000,-999.0,-999.0,-999.0,-999.0,0,-999.0,-999.0,-999.0,-999.0,-999.0,0,-999.0,-999.0,-999.0,0,16416,0.013672049877221688
PSO J223.8866+05.5576,-999,-999,-999,114662238865759539,3496239000024094,65296387825181,0,15189951400785,11466,1,1467,31,0.407138237177523,3496239,15203,3,310456320,0,37,-999.0,-999.0,-999.0,-999.0,223.88655104,5.55756638,0.17130999267101288,0.17130999267101288,,,,,56384.58405093,-999.0,-0.7173260637907931,-0.6899740639886136,0.09684580130002213,219.6517469069776,21.303626854808034,2.3885629388288163,53.43939364506335,-999,0,1,0,0,1,0,0,-999.0,-999.0,-999.0,-999.0,0,-999.0,-999.0,-999.0,-999.0,-999.0,0,-999.0,-999.0,-999.0,0,0,-999.0,-999.0,-999.0,-999.0,0,-999.0,-999.0,-999.0,-999.0,-999.0,0,-999.0,-999.0,-999.0,0,0,0.009664000011980534,21.382699966430664,0.17065399885177612,-999.0,1,21.382699966430664,21.382699966430664,19.852100372314453,0.1202009990811348,-999.0,1,20.193099975585938,0.17065399885177612,-999.0,1,16777752,-999.0,-999.0,-999.0,-999.0,0,-999.0,-999.0,-999.0,-999.0,-999.0,0,-999.0,-999.0,-999.0,0,0,-999.0,-999.0,-999.0,-999.0,0,-999.0,-999.0,-999.0,-999.0,-999.0,0,-999.0,-999.0,-999.0,0,0,0.009041061795681881
PSO J223.8863+05.5528,-999,-999,-999,114662238863453867,3496239000024060,65296387825147,0,15189951412616,11466,1,1467,31,0.901960664337464,3496239,15203,3,310456320,0,37,-999.0,-999.0,-999.0,-999.0,223.88632151,5.55283632,0.13716000318527222,0.13716000318527222,,,,,56384.59559028,-999.0,-0.7173345876277848,-0.689976730437903,0.09676363390808253,219.6530757911614,21.29905599381892,2.3822034403583516,53.436552097843744,-999,0,1,0,0,1,0,0,-999.0,-999.0,-999.0,-999.0,0,-999.0,-999.0,-999.0,-999.0,-999.0,0,-999.0,-999.0,-999.0,0,0,-999.0,-999.0,-999.0,-999.0,0,-999.0,-999.0,-999.0,-999.0,-999.0,0,-999.0,-999.0,-999.0,0,0,0.018595999106764793,20.94969940185547,0.13634100556373596,-999.0,1,20.94969940185547,20.94969940185547,19.91510009765625,0.1328289955854416,-999.0,1,19.921199798583984,0.13634100556373596,-999.0,1,16777752,-999.0,-999.0,-999.0,-999.0,0,-999.0,-999.0,-999.0,-999.0,-999.0,0,-999.0,-999.0,-999.0,0,0,-999.0,-999.0,-999.0,-999.0,0,-999.0,-999.0,-999.0,-999.0,-999.0,0,-999.0,-999.0,-999.0,0,0,0.013463849316935887
PSO J223.8862+05.5548,-999,-999,-999,114662238862566236,3496239000024048,65296387825135,0,15189951412778,11466,1,1467,31,0.581820418668744,3496239,15203,3,277348352,0,33,-999.0,-999.0,-999.0,-999.0,223.8862339,5.55483111,0.038109999150037766,0.038109999150037766,,,,,55305.53513889,-999.0,-0.7173332142058556,-0.6899732977442437,0.09679828612650801,219.65232793373826,21.300927169708032,2.384688743988743,53.437891836867145,-999,0,1,1,0,0,0,0,0.6630820035934448,19.408300399780273,0.03503800183534622,-999.0,1,19.408300399780273,19.408300399780273,19.287599563598633,0.027721000835299492,-999.0,1,18.991100311279297,0.03503800183534622,-999.0,1,16781336,-999.0,-999.0,-999.0,-999.0,0,-999.0,-999.0,-999.0,-999.0,-999.0,0,-999.0,-999.0,-999.0,0,0,-999.0,-999.0,-999.0,-999.0,0,-999.0,-999.0,-999.0,-999.0,-999.0,0,-999.0,-999.0,-999.0,0,0,-999.0,-999.0,-999.0,-999.0,0,-999.0,-999.0,-999.0,-999.0,-999.0,0,-999.0,-999.0,-999.0,0,0,-999.0,-999.0,-999.0,-999.0,0,-999.0,-999.0,-999.0,-999.0,-999.0,0,-999.0,-999.0,-999.0,0,0,0.011515847323994136
PSO J223.8860+05.5559,-999,-999,-999,114662238860287527,3496239000116702,65296387919862,0,15189951400508,11466,1,1467,31,0.245631720168173,3496239,15203,3,1343750144,0,160,223.88602878,5.55588982,0.0010000000474974513,0.0010000000474974513,223.88602878,5.55588982,0.0010000000474974513,0.0010000000474974513,,,,,56125.39715278,-999.0,-0.7173343950902696,-0.68996948962583,0.09681667731309905,219.6517697778612,21.30187169171954,2.3858387781350734,53.438724445716744,-999,1,0,0,0,0,0,0,-999.0,-999.0,-999.0,-999.0,0,-999.0,-999.0,-999.0,-999.0,-999.0,0,-999.0,-999.0,-999.0,0,114720,-999.0,-999.0,-999.0,-999.0,0,-999.0,-999.0,-999.0,-999.0,-999.0,0,-999.0,-999.0,-999.0,0,16416,-999.0,-999.0,-999.0,-999.0,0,-999.0,-999.0,-999.0,-999.0,-999.0,0,-999.0,-999.0,-999.0,0,16416,-999.0,-999.0,-999.0,-999.0,0,-999.0,-999.0,-999.0,-999.0,-999.0,0,-999.0,-999.0,-999.0,0,16416,-999.0,-999.0,-999.0,-999.0,0,-999.0,-999.0,-999.0,-999.0,-999.0,0,-999.0,-999.0,-999.0,0,16416,0.010442747227522364
PSO J223.8887+05.5710,-999,-999,-999,114682238886785655,3496239000116767,65296387919927,0,15189953237039,11468,1,1467,31,0.522557222771046,3496239,15203,3,1343750144,0,160,223.8886787,5.57099745,0.0010000000474974513,0.0010000000474974513,223.8886787,5.57099745,0.0010000000474974513,0.0010000000474974513,,,,,56206.31975694,-999.0,-0.7172840603904157,-0.6899849436786911,0.09707911313228906,219.64947334746375,21.31705785041379,2.4081982906953843,53.44632893304389,-999,1,0,0,0,0,0,0,-999.0,-999.0,-999.0,-999.0,0,-999.0,-999.0,-999.0,-999.0,-999.0,0,-999.0,-999.0,-999.0,0,114720,-999.0,-999.0,-999.0,-999.0,0,-999.0,-999.0,-999.0,-999.0,-999.0,0,-999.0,-999.0,-999.0,0,16416,-999.0,-999.0,-999.0,-999.0,0,-999.0,-999.0,-999.0,-999.0,-999.0,0,-999.0,-999.0,-999.0,0,16416,-999.0,-999.0,-999.0,-999.0,0,-999.0,-999.0,-999.0,-999.0,-999.0,0,-999.0,-999.0,-999.0,0,16416,-999.0,-999.0,-999.0,-999.0,0,-999.0,-999.0,-999.0,-999.0,-999.0,0,-999.0,-999.0,-999.0,0,16416,0.007619086404603091
PSO J223.8877+05.5676,-999,-999,-999,114682238876771603,3496239000024284,65296387825371,0,15189953257845,11468,1,1467,31,0.0063988929674019,3496239,15203,3,268513280,0,32,-999.0,-999.0,-999.0,-999.0,223.88765786,5.56761991,0.017570000141859055,0.017570000141859055,,,,,55607.67172454,-999.0,-0.7173004768832725,-0.6899761297733834,0.09702044220664463,219.64955131913845,21.31353154935407,2.4027422338018827,53.4449576112205,-999,0,1,0,0,0,1,0,-999.0,-999.0,-999.0,-999.0,0,-999.0,-999.0,-999.0,-999.0,-999.0,0,-999.0,-999.0,-999.0,0,0,-999.0,-999.0,-999.0,-999.0,0,-999.0,-999.0,-999.0,-999.0,-999.0,0,-999.0,-999.0,-999.0,0,0,-999.0,-999.0,-999.0,-999.0,0,-999.0,-999.0,-999.0,-999.0,-999.0,0,-999.0,-999.0,-999.0,0,0,0.9996479749679565,17.293800354003906,0.009157000109553337,-999.0,1,17.293800354003906,17.293800354003906,18.256099700927734,0.0322749987244606,-999.0,1,18.167299270629883,0.009157000109553337,-999.0,1,16,-999.0,-999.0,-999.0,-999.0,0,-999.0,-999.0,-999.0,-999.0,-999.0,0,-999.0,-999.0,-999.0,0,0,0.004948839746326278
PSO J223.8872+05.5697,-999,-999,-999,114682238871844140,3496239000024202,65296387825289,0,15189953433816,11468,1,1467,31,0.220468106884945,3496239,15203,3,268513280,0,32,-999.0,-999.0,-999.0,-999.0,223.88715143,5.56973546,0.015599999576807022,0.015599999576807022,,,,,56487.25688657,-999.0,-0.717303993177391,-0.6899673057441043,0.09705719126366275,219.64833771249718,21.31538933357178,2.4049385104154353,53.44669501630817,-999,0,1,0,0,0,0,1,-999.0,-999.0,-999.0,-999.0,0,-999.0,-999.0,-999.0,-999.0,-999.0,0,-999.0,-999.0,-999.0,0,0,-999.0,-999.0,-999.0,-999.0,0,-999.0,-999.0,-999.0,-999.0,-999.0,0,-999.0,-999.0,-999.0,0,0,-999.0,-999.0,-999.0,-999.0,0,-999.0,-999.0,-999.0,-999.0,-999.0,0,-999.0,-999.0,-999.0,0,0,-999.0,-999.0,-999.0,-999.0,0,-999.0,-999.0,-999.0,-999.0,-999.0,0,-999.0,-999.0,-999.0,0,0,0.9984040260314941,16.256900787353516,0.004298000130802393,-999.0,1,16.256900787353516,16.256900787353516,16.466100692749023,0.007706000003963709,-999.0,1,16.378000259399414,0.004298000130802393,-999.0,1,24,0.005645802139121372
PSO J223.8917+05.5905,-999,-999,-999,114702238916699007,3496239000116829,65296387919989,0,15189956781926,11470,1,1467,31,0.279762363321858,3496239,15203,3,1343750144,0,160,223.8916815,5.59045594,0.0010000000474974513,0.0010000000474974513,223.8916815,5.59045594,0.0010000000474974513,0.0010000000474974513,,,,,56007.68109954,-999.0,-0.7172240972710261,-0.6899996372380027,0.09741711813221766,219.6460975638115,21.33649173232321,2.436571652490753,53.456432084306805,-999,2,0,0,0,0,0,0,-999.0,-999.0,-999.0,-999.0,0,-999.0,-999.0,-999.0,-999.0,-999.0,0,-999.0,-999.0,-999.0,0,114720,-999.0,-999.0,-999.0,-999.0,0,-999.0,-999.0,-999.0,-999.0,-999.0,0,-999.0,-999.0,-999.0,0,16416,-999.0,-999.0,-999.0,-999.0,0,-999.0,-999.0,-999.0,-999.0,-999.0,0,-999.0,-999.0,-999.0,0,16416,-999.0,-999.0,-999.0,-999.0,0,-999.0,-999.0,-999.0,-999.0,-999.0,0,-999.0,-999.0,-999.0,0,16416,-999.0,-999.0,-999.0,-999.0,0,-999.0,-999.0,-999.0,-999.0,-999.0,0,-999.0,-999.0,-999.0,0,16416,0.0260430411652541
PSO J223.8916+05.5872,-999,-999,-999,114702238916665065,3496239000024923,65296387826010,0,15189953315916,11470,1,1467,31,0.320701824799834,3496239,15203,3,310456320,0,37,-999.0,-999.0,-999.0,-999.0,223.89164147,5.58716681,0.17263999581336975,0.17263999581336975,,,,,56721.58826389,-999.0,-0.717228608294502,-0.6900030121604139,0.09735998486795021,219.64714356724733,21.33334997119375,2.4322728046515767,53.454366246722046,-999,0,1,1,0,0,0,0,0.9989820122718811,21.567699432373047,0.17198799550533295,-999.0,1,21.567699432373047,21.567699432373047,20.075199127197266,0.11625800281763077,-999.0,1,20.622900009155273,0.17198799550533295,-999.0,1,16777496,-999.0,-999.0,-999.0,-999.0,0,-999.0,-999.0,-999.0,-999.0,-999.0,0,-999.0,-999.0,-999.0,0,0,-999.0,-999.0,-999.0,-999.0,0,-999.0,-999.0,-999.0,-999.0,-999.0,0,-999.0,-999.0,-999.0,0,0,-999.0,-999.0,-999.0,-999.0,0,-999.0,-999.0,-999.0,-999.0,-999.0,0,-999.0,-999.0,-999.0,0,0,-999.0,-999.0,-999.0,-999.0,0,-999.0,-999.0,-999.0,-999.0,-999.0,0,-999.0,-999.0,-999.0,0,0,0.02295120042133344
PSO J223.8915+05.5881,-999,-999,-999,114702238915026181,3496239000024892,65296387825979,0,15189953329392,11470,1,1467,31,0.446800472630933,3496239,15203,3,1384198144,0,165,223.89168619,5.58808982,0.0010000000474974513,0.0010000000474974513,223.89148824,5.58808707,0.1718199998140335,0.1718199998140335,,,,,56721.6040625,-999.0,-0.7172293265957137,-0.6900000097932741,0.0973759701175837,219.64668375117196,21.33417863727549,2.433300346541615,53.45507035265741,-999,2,1,1,0,0,0,0,0.9992799758911133,21.409400939941406,0.1711609959602356,-999.0,1,21.409400939941406,21.409400939941406,20.32509994506836,0.16739900410175323,-999.0,1,20.451400756835938,0.1711609959602356,-999.0,1,16892216,-999.0,-999.0,-999.0,-999.0,0,-999.0,-999.0,-999.0,-999.0,-999.0,0,-999.0,-999.0,-999.0,0,16416,-999.0,-999.0,-999.0,-999.0,0,-999.0,-999.0,-999.0,-999.0,-999.0,0,-999.0,-999.0,-999.0,0,16416,-999.0,-999.0,-999.0,-999.0,0,-999.0,-999.0,-999.0,-999.0,-999.0,0,-999.0,-999.0,-999.0,0,16416,-999.0,-999.0,-999.0,-999.0,0,-999.0,-999.0,-999.0,-999.0,-999.0,0,-999.0,-999.0,-999.0,0,16416,0.023752230275937477
PSO J223.8912+05.5830,-999,-999,-999,114702238913940060,3496239000024871,65296387825958,0,15189953317365,11470,1,1467,31,0.887736535526567,3496239,15203,3,436285440,0,52,223.89124106,5.58309158,0.0010000000474974513,0.0010000000474974513,223.89119625,5.58304412,0.12031999975442886,0.12031999975442886,,,,,56390.35024306,0.03929999843239784,-0.7172390166826701,-0.6900022939332977,0.09728837194065602,219.64805299560115,21.329290994207756,2.426464194238656,53.45207956921241,-999,10,3,0,1,0,2,0,-999.0,-999.0,-999.0,-999.0,0,-999.0,-999.0,-999.0,-999.0,-999.0,0,-999.0,-999.0,-999.0,0,114720,0.9981629848480225,22.10740089416504,0.17796599864959717,-999.0,1,22.10740089416504,22.10740089416504,21.695499420166016,0.24155500531196594,-999.0,1,21.629199981689453,0.17796599864959717,-999.0,1,16892216,-999.0,-999.0,-999.0,-999.0,0,-999.0,-999.0,-999.0,-999.0,-999.0,0,-999.0,-999.0,-999.0,0,114720,0.9975990056991577,21.470600128173828,0.16212299466133118,-999.0,1,21.470600128173828,21.470600128173828,21.358200073242188,0.25717800855636597,-999.0,1,21.15019989013672,0.16212299466133118,-999.0,1,115000,-999.0,-999.0,-999.0,-999.0,0,-999.0,-999.0,-999.0,-999.0,-999.0,0,-999.0,-999.0,-999.0,0,114720,0.018996764639248816
PSO J223.8907+05.5902,-999,-999,-999,114702238907048757,3496239000116815,65296387919975,0,15189953321393,11470,1,1467,31,0.996107963841509,3496239,15203,3,1343750144,0,160,223.89070844,5.59024873,0.0010000000474974513,0.0010000000474974513,223.89070844,5.59024873,0.0010000000474974513,0.0010000000474974513,,,,,55904.10259259,-999.0,-0.7172360693923383,-0.6899877006951496,0.09741351883619412,219.64517679529237,21.335996540034564,2.4352668166288116,53.45704622110107,-999,2,0,0,0,0,0,0,-999.0,-999.0,-999.0,-999.0,0,-999.0,-999.0,-999.0,-999.0,-999.0,0,-999.0,-999.0,-999.0,0,114720,-999.0,-999.0,-999.0,-999.0,0,-999.0,-999.0,-999.0,-999.0,-999.0,0,-999.0,-999.0,-999.0,0,16416,-999.0,-999.0,-999.0,-999.0,0,-999.0,-999.0,-999.0,-999.0,-999.0,0,-999.0,-999.0,-999.0,0,16416,-999.0,-999.0,-999.0,-999.0,0,-999.0,-999.0,-999.0,-999.0,-999.0,0,-999.0,-999.0,-999.0,0,16416,-999.0,-999.0,-999.0,-999.0,0,-999.0,-999.0,-999.0,-999.0,-999.0,0,-999.0,-999.0,-999.0,0,16416,0.02554023881920629
PSO J223.8905+05.5905,-999,-999,-999,114702238904859193,3496239000024722,65296387825809,0,15189953321436,11470,1,1467,31,0.11891121614623,3496239,15203,3,436285440,7,52,223.89054215,5.59056261,0.0010000000474974513,0.0010000000474974513,223.89048955530546,5.590548865713387,0.05786099369791124,0.05786099369791124,33318.08890594761,-59339.45088104738,22129.48089429633,22129.48089429633,56786.639597746034,4.227694034576416,-0.7172383375623148,-0.6899846068806695,0.09741873227760124,219.6448530159451,21.33621218024403,2.435416305149538,53.457406128821695,-999,7,3,0,0,3,0,0,-999.0,-999.0,-999.0,-999.0,0,-999.0,-999.0,-999.0,-999.0,-999.0,0,-999.0,-999.0,-999.0,0,16416,-999.0,-999.0,-999.0,-999.0,0,-999.0,-999.0,-999.0,-999.0,-999.0,0,-999.0,-999.0,-999.0,0,114720,0.9991139769554138,21.644500732421875,0.07997699826955795,0.1535390019416809,3,21.55970001220703,21.83799934387207,21.699199676513672,0.2567960023880005,0.4997889995574951,3,21.792400360107422,0.27981698513031006,0.4792029857635498,3,115000,-999.0,-999.0,-999.0,-999.0,0,-999.0,-999.0,-999.0,-999.0,-999.0,0,-999.0,-999.0,-999.0,0,114720,-999.0,-999.0,-999.0,-999.0,0,-999.0,-999.0,-999.0,-999.0,-999.0,0,-999.0,-999.0,-999.0,0,114720,0.025762797288069243
PSO J223.8904+05.5853,-999,-999,-999,114702238904002813,3496239000116809,65296387919969,0,15189953317889,11470,1,1467,31,0.729669633069699,3496239,15203,3,1343750144,0,160,223.89039886,5.58531653,0.0010000000474974513,0.0010000000474974513,223.89039886,5.58531653,0.0010000000474974513,0.0010000000474974513,,,,,55995.96274306,-999.0,-0.7172458381305377,-0.6899896363853575,0.09732784475793474,219.646491629463,21.331208895311708,2.4285547594502206,53.45413964311829,-999,2,0,0,0,0,0,0,-999.0,-999.0,-999.0,-999.0,0,-999.0,-999.0,-999.0,-999.0,-999.0,0,-999.0,-999.0,-999.0,0,16416,-999.0,-999.0,-999.0,-999.0,0,-999.0,-999.0,-999.0,-999.0,-999.0,0,-999.0,-999.0,-999.0,0,16416,-999.0,-999.0,-999.0,-999.0,0,-999.0,-999.0,-999.0,-999.0,-999.0,0,-999.0,-999.0,-999.0,0,114720,-999.0,-999.0,-999.0,-999.0,0,-999.0,-999.0,-999.0,-999.0,-999.0,0,-999.0,-999.0,-999.0,0,16416,-999.0,-999.0,-999.0,-999.0,0,-999.0,-999.0,-999.0,-999.0,-999.0,0,-999.0,-999.0,-999.0,0,16416,0.020777250480800362
PSO J223.8902+05.5850,-999,-999,-999,114702238901592478,3496239000116804,65296387919964,0,15189953317435,11470,1,1467,31,0.633218098090233,3496239,15203,3,1343750144,0,160,223.8901581,5.58501687,0.0010000000474974513,0.0010000000474974513,223.8901581,5.58501687,0.0010000000474974513,0.0010000000474974513,,,,,55995.96274306,-999.0,-0.7172491043312427,-0.6899869753627976,0.09732263953329867,219.64634587643437,21.330850036774653,2.427910509151882,53.454133233700524,-999,2,0,0,0,0,0,0,-999.0,-999.0,-999.0,-999.0,0,-999.0,-999.0,-999.0,-999.0,-999.0,0,-999.0,-999.0,-999.0,0,114720,-999.0,-999.0,-999.0,-999.0,0,-999.0,-999.0,-999.0,-999.0,-999.0,0,-999.0,-999.0,-999.0,0,16416,-999.0,-999.0,-999.0,-999.0,0,-999.0,-999.0,-999.0,-999.0,-999.0,0,-999.0,-999.0,-999.0,0,16416,-999.0,-999.0,-999.0,-999.0,0,-999.0,-999.0,-999.0,-999.0,-999.0,0,-999.0,-999.0,-999.0,0,16416,-999.0,-999.0,-999.0,-999.0,0,-999.0,-999.0,-999.0,-999.0,-999.0,0,-999.0,-999.0,-999.0,0,16416,0.020412457070022278
PSO J223.8900+05.5901,-999,-999,-999,114702238900158573,3496239000024629,65296387825716,0,15189953321311,11470,1,1467,31,0.870192306926653,3496239,15203,3,268959744,0,32,-999.0,-999.0,-999.0,-999.0,223.89000511,5.59010204,0.2561799883842468,0.2561799883842468,,,,,56384.58405093,-999.0,-0.7172447189635713,-0.6899790691672061,0.09741097078883494,219.64451024654204,21.335641543890826,2.4343276438032793,53.45749207711546,-999,0,1,0,0,1,0,0,-999.0,-999.0,-999.0,-999.0,0,-999.0,-999.0,-999.0,-999.0,-999.0,0,-999.0,-999.0,-999.0,0,0,-999.0,-999.0,-999.0,-999.0,0,-999.0,-999.0,-999.0,-999.0,-999.0,0,-999.0,-999.0,-999.0,0,0,0.7079839706420898,21.615999221801758,0.2557399868965149,-999.0,1,21.615999221801758,21.615999221801758,-999.0,-999.0,-999.0,0,21.967500686645508,0.2557399868965149,-999.0,1,4120,-999.0,-999.0,-999.0,-999.0,0,-999.0,-999.0,-999.0,-999.0,-999.0,0,-999.0,-999.0,-999.0,0,0,-999.0,-999.0,-999.0,-999.0,0,-999.0,-999.0,-999.0,-999.0,-999.0,0,-999.0,-999.0,-999.0,0,0,0.02519777116787184
PSO J223.8899+05.5909,-999,-999,-999,114702238899499601,3496239000024616,65296387825703,0,15189953321241,11470,1,1467,31,0.58102955257616,3496239,15203,3,310456320,0,37,-999.0,-999.0,-999.0,-999.0,223.88993361,5.59094029,0.1401199996471405,0.1401199996471405,,,,,56721.6040625,-999.0,-0.7172445528554988,-0.689977186018528,0.09742553142307799,219.64416059641823,21.33641720838778,2.435336246414739,53.45808121386365,-999,0,1,1,0,0,0,0,0.9989719986915588,21.158100128173828,0.13931800425052643,-999.0,1,21.158100128173828,21.158100128173828,19.760700225830078,0.10634999722242355,-999.0,1,19.981199264526367,0.13931800425052643,-999.0,1,16777496,-999.0,-999.0,-999.0,-999.0,0,-999.0,-999.0,-999.0,-999.0,-999.0,0,-999.0,-999.0,-999.0,0,0,-999.0,-999.0,-999.0,-999.0,0,-999.0,-999.0,-999.0,-999.0,-999.0,0,-999.0,-999.0,-999.0,0,0,-999.0,-999.0,-999.0,-999.0,0,-999.0,-999.0,-999.0,-999.0,-999.0,0,-999.0,-999.0,-999.0,0,0,-999.0,-999.0,-999.0,-999.0,0,-999.0,-999.0,-999.0,-999.0,-999.0,0,-999.0,-999.0,-999.0,0,0,0.025985340144229176
PSO J223.8890+05.5910,-999,-999,-999,114702238889999678,3496239000024477,65296387825564,0,15189953322484,11470,1,1467,31,0.750127142993852,3496239,15203,3,268959744,0,32,-999.0,-999.0,-999.0,-999.0,223.88899131,5.59102543,0.20494000613689423,0.20494000613689423,,,,,55694.32836806,-999.0,-0.7172557959516817,-0.689965289585218,0.0974270103272493,219.64317450950864,21.336209590174217,2.4344424571512144,53.45885809765293,-999,0,1,0,0,1,0,0,-999.0,-999.0,-999.0,-999.0,0,-999.0,-999.0,-999.0,-999.0,-999.0,0,-999.0,-999.0,-999.0,0,0,-999.0,-999.0,-999.0,-999.0,0,-999.0,-999.0,-999.0,-999.0,-999.0,0,-999.0,-999.0,-999.0,0,0,0.8454970121383667,20.657899856567383,0.2043900042772293,-999.0,1,20.657899856567383,20.657899856567383,-999.0,-999.0,-999.0,1,20.883699417114258,0.2043900042772293,-999.0,1,4112,-999.0,-999.0,-999.0,-999.0,0,-999.0,-999.0,-999.0,-999.0,-999.0,0,-999.0,-999.0,-999.0,0,0,-999.0,-999.0,-999.0,-999.0,0,-999.0,-999.0,-999.0,-999.0,-999.0,0,-999.0,-999.0,-999.0,0,0,0.02583499532776156
PSO J223.8888+05.5857,-999,-999,-999,114702238888353341,3496239000024448,65296387825535,0,15189953330354,11470,1,1467,31,0.798131632430601,3496239,15203,3,268959744,0,32,-999.0,-999.0,-999.0,-999.0,223.88882676,5.58574503,0.3011600077152252,0.3011600077152252,,,,,55694.32836806,-999.0,-0.7172642454179134,-0.6899694514672241,0.09733528798482695,219.64475187451424,21.331135079366334,2.4274341405259343,53.455618303321444,-999,0,1,0,0,1,0,0,-999.0,-999.0,-999.0,-999.0,0,-999.0,-999.0,-999.0,-999.0,-999.0,0,-999.0,-999.0,-999.0,0,0,-999.0,-999.0,-999.0,-999.0,0,-999.0,-999.0,-999.0,-999.0,-999.0,0,-999.0,-999.0,-999.0,0,0,0.6564750075340271,21.096099853515625,0.3007819950580597,-999.0,1,21.096099853515625,21.096099853515625,-999.0,-999.0,-999.0,0,21.440500259399414,0.3007819950580597,-999.0,1,4112,-999.0,-999.0,-999.0,-999.0,0,-999.0,-999.0,-999.0,-999.0,-999.0,0,-999.0,-999.0,-999.0,0,0,-999.0,-999.0,-999.0,-999.0,0,-999.0,-999.0,-999.0,-999.0,-999.0,0,-999.0,-999.0,-999.0,0,0,0.020686523454312947
PSO J223.8886+05.5860,-999,-999,-999,114702238885743628,3496239000024404,65296387825491,0,15189953330342,11470,1,1467,31,0.958910248204051,3496239,15203,3,268959744,0,32,-999.0,-999.0,-999.0,-999.0,223.88856633,5.58598177,0.30020999908447266,0.30020999908447266,,,,,55694.35231481,-999.0,-0.7172670917184677,-0.6899659124155196,0.09733940025678499,219.64440890722142,21.331280560763226,2.427462972236742,53.455968920326704,-999,0,1,0,1,0,0,0,-999.0,-999.0,-999.0,-999.0,0,-999.0,-999.0,-999.0,-999.0,-999.0,0,-999.0,-999.0,-999.0,0,0,0.5652539730072021,21.187999725341797,0.2998340129852295,-999.0,1,21.187999725341797,21.187999725341797,-999.0,-999.0,-999.0,0,21.585399627685547,0.2998340129852295,-999.0,1,4112,-999.0,-999.0,-999.0,-999.0,0,-999.0,-999.0,-999.0,-999.0,-999.0,0,-999.0,-999.0,-999.0,0,0,-999.0,-999.0,-999.0,-999.0,0,-999.0,-999.0,-999.0,-999.0,-999.0,0,-999.0,-999.0,-999.0,0,0,-999.0,-999.0,-999.0,-999.0,0,-999.0,-999.0,-999.0,-999.0,-999.0,0,-999.0,-999.0,-999.0,0,0,0.020843490626603324
PSO J223.8883+05.5888,-999,-999,-999,114702238882606983,3496239000116754,65296387919914,0,15189953321991,11470,1,1467,31,0.722162269728409,3496239,15203,3,1343750144,0,160,223.8882657,5.58878325,0.0010000000474974513,0.0010000000474974513,223.8882657,5.58878325,0.0010000000474974513,0.0010000000474974513,,,,,56143.27903935,-999.0,-0.7172672810133732,-0.6899588486082643,0.09738806299973753,219.64317768395654,21.333853984809277,2.4307677449747453,53.457985297820954,-999,2,0,0,0,0,0,0,-999.0,-999.0,-999.0,-999.0,0,-999.0,-999.0,-999.0,-999.0,-999.0,0,-999.0,-999.0,-999.0,0,114720,-999.0,-999.0,-999.0,-999.0,0,-999.0,-999.0,-999.0,-999.0,-999.0,0,-999.0,-999.0,-999.0,0,16416,-999.0,-999.0,-999.0,-999.0,0,-999.0,-999.0,-999.0,-999.0,-999.0,0,-999.0,-999.0,-999.0,0,16416,-999.0,-999.0,-999.0,-999.0,0,-999.0,-999.0,-999.0,-999.0,-999.0,0,-999.0,-999.0,-999.0,0,16416,-999.0,-999.0,-999.0,-999.0,0,-999.0,-999.0,-999.0,-999.0,-999.0,0,-999.0,-999.0,-999.0,0,16416,0.02348740430374271
PSO J223.8881+05.5903,-999,-999,-999,114702238881288768,3496239000024345,65296387825432,0,15189953322956,11470,1,1467,31,0.12958545529245,3496239,15203,3,444674048,0,53,223.88822807,5.59007143,0.0010000000474974513,0.0010000000474974513,223.88810785,5.59025299,0.1803400069475174,0.1803400069475174,,,,,56721.58826389,-999.0,-0.7172673811874376,-0.6899551404372342,0.09741359283360601,219.64253159866834,21.335204036693394,2.4325015151122162,53.45904321240418,-999,4,1,1,0,0,0,0,0.9993799924850464,21.590599060058594,0.17971199750900269,-999.0,1,21.590599060058594,21.590599060058594,20.40880012512207,0.15550699830055237,-999.0,1,20.989599227905273,0.17971199750900269,-999.0,1,16777496,-999.0,-999.0,-999.0,-999.0,0,-999.0,-999.0,-999.0,-999.0,-999.0,0,-999.0,-999.0,-999.0,0,114720,-999.0,-999.0,-999.0,-999.0,0,-999.0,-999.0,-999.0,-999.0,-999.0,0,-999.0,-999.0,-999.0,0,114720,-999.0,-999.0,-999.0,-999.0,0,-999.0,-999.0,-999.0,-999.0,-999.0,0,-999.0,-999.0,-999.0,0,16416,-999.0,-999.0,-999.0,-999.0,0,-999.0,-999.0,-999.0,-999.0,-999.0,0,-999.0,-999.0,-999.0,0,16416,0.024889683877143864
PSO J223.8881+05.5833,-999,-999,-999,114702238881200371,3496239000116753,65296387919913,0,15189953328340,11470,1,1467,31,0.155759423184916,3496239,15203,3,1075314688,0,128,223.88811922,5.58325925,0.0010000000474974513,0.0010000000474974513,223.88811922,5.58325925,0.0010000000474974513,0.0010000000474974513,,,,,56113.96049769,-999.0,-0.7172758084731682,-0.6899635208716919,0.09729210885524721,219.64485386688028,21.32855322961805,2.4234639203118324,53.45457613732649,-999,1,0,0,0,0,0,0,-999.0,-999.0,-999.0,-999.0,0,-999.0,-999.0,-999.0,-999.0,-999.0,0,-999.0,-999.0,-999.0,0,32800,-999.0,-999.0,-999.0,-999.0,0,-999.0,-999.0,-999.0,-999.0,-999.0,0,-999.0,-999.0,-999.0,0,32,-999.0,-999.0,-999.0,-999.0,0,-999.0,-999.0,-999.0,-999.0,-999.0,0,-999.0,-999.0,-999.0,0,32,-999.0,-999.0,-999.0,-999.0,0,-999.0,-999.0,-999.0,-999.0,-999.0,0,-999.0,-999.0,-999.0,0,32,-999.0,-999.0,-999.0,-999.0,0,-999.0,-999.0,-999.0,-999.0,-999.0,0,-999.0,-999.0,-999.0,0,32,0.01810302309170204
PSO J223.8880+05.5899,-999,-999,-999,114702238879598353,3496239000116752,65296387919912,0,15189953322145,11470,1,1467,31,0.352211625643272,3496239,15203,3,1343750144,0,160,223.88795344,5.58991172,0.0010000000474974513,0.0010000000474974513,223.88795344,5.58991172,0.0010000000474974513,0.0010000000474974513,,,,,56083.15268519,-999.0,-0.7172696587406208,-0.6899536096533807,0.0974076648749145,219.64248738412584,21.33483203499599,2.4318953515927597,53.45894408387197,-999,2,0,0,0,0,0,0,-999.0,-999.0,-999.0,-999.0,0,-999.0,-999.0,-999.0,-999.0,-999.0,0,-999.0,-999.0,-999.0,0,114720,-999.0,-999.0,-999.0,-999.0,0,-999.0,-999.0,-999.0,-999.0,-999.0,0,-999.0,-999.0,-999.0,0,0,-999.0,-999.0,-999.0,-999.0,0,-999.0,-999.0,-999.0,-999.0,-999.0,0,-999.0,-999.0,-999.0,0,0,-999.0,-999.0,-999.0,-999.0,0,-999.0,-999.0,-999.0,-999.0,-999.0,0,-999.0,-999.0,-999.0,0,0,-999.0,-999.0,-999.0,-999.0,0,-999.0,-999.0,-999.0,-999.0,-999.0,0,-999.0,-999.0,-999.0,0,0,0.02452435273855725
PSO J223.8876+05.5904,-999,-999,-999,114702238875908935,3496239000024267,65296387825354,0,15189953322853,11470,1,1467,31,0.728505009532445,3496239,15203,3,310456320,0,37,-999.0,-999.0,-999.0,-999.0,223.88757481,5.59038599,0.15915000438690186,0.15915000438690186,,,,,56721.6040625,-999.0,-0.7172736370476085,-0.6899483106895584,0.09741590308117125,219.6419457621644,21.335167307888455,2.4321056715786953,53.45953674858512,-999,0,1,1,0,0,0,0,0.9990829825401306,21.298900604248047,0.15844400227069855,-999.0,1,21.298900604248047,21.298900604248047,19.414199829101562,0.08770199865102768,-999.0,1,19.96500015258789,0.15844400227069855,-999.0,1,16777496,-999.0,-999.0,-999.0,-999.0,0,-999.0,-999.0,-999.0,-999.0,-999.0,0,-999.0,-999.0,-999.0,0,0,-999.0,-999.0,-999.0,-999.0,0,-999.0,-999.0,-999.0,-999.0,-999.0,0,-999.0,-999.0,-999.0,0,0,-999.0,-999.0,-999.0,-999.0,0,-999.0,-999.0,-999.0,-999.0,-999.0,0,-999.0,-999.0,-999.0,0,0,-999.0,-999.0,-999.0,-999.0,0,-999.0,-999.0,-999.0,-999.0,-999.0,0,-999.0,-999.0,-999.0,0,0,0.024917517025881557
PSO J223.8875+05.5895,-999,-999,-999,114702238875537794,3496239000106615,65296387907704,0,15189953322141,11470,1,1467,31,0.983204074188326,3496239,15203,3,268959744,0,32,-999.0,-999.0,-999.0,-999.0,223.8875376,5.58945982,0.22916999459266663,0.22916999459266663,,,,,55239.58606481,-999.0,-0.7172752199213136,-0.6899489364285354,0.09739981523577991,219.6422139527215,21.33427469575169,2.4308674657772573,53.45897490515891,-999,0,1,0,0,0,0,1,-999.0,-999.0,-999.0,-999.0,0,-999.0,-999.0,-999.0,-999.0,-999.0,0,-999.0,-999.0,-999.0,0,0,-999.0,-999.0,-999.0,-999.0,0,-999.0,-999.0,-999.0,-999.0,-999.0,0,-999.0,-999.0,-999.0,0,0,-999.0,-999.0,-999.0,-999.0,0,-999.0,-999.0,-999.0,-999.0,-999.0,0,-999.0,-999.0,-999.0,0,0,-999.0,-999.0,-999.0,-999.0,0,-999.0,-999.0,-999.0,-999.0,-999.0,0,-999.0,-999.0,-999.0,0,0,0.6710100173950195,19.993600845336914,0.22867999970912933,-999.0,1,19.993600845336914,19.993600845336914,-999.0,-999.0,-999.0,0,19.69809913635254,0.22867999970912933,-999.0,1,4120,0.02400054170158816
PSO J223.8874+05.5866,-999,-999,-999,114702238874344396,3496239000116743,65296387919903,0,15189953331000,11470,1,1467,31,0.516032942120016,3496239,15203,3,1343750144,0,160,223.88743393,5.58661417,0.0010000000474974513,0.0010000000474974513,223.88743393,5.58661417,0.0010000000474974513,0.0010000000474974513,,,,,55971.37297454,-999.0,-0.717279953786769,-0.6899509912869298,0.09735038529884409,219.6430487791401,21.331535413540383,2.4270746486327917,53.45724039403804,-999,1,0,0,0,0,0,0,-999.0,-999.0,-999.0,-999.0,0,-999.0,-999.0,-999.0,-999.0,-999.0,0,-999.0,-999.0,-999.0,0,114720,-999.0,-999.0,-999.0,-999.0,0,-999.0,-999.0,-999.0,-999.0,-999.0,0,-999.0,-999.0,-999.0,0,16416,-999.0,-999.0,-999.0,-999.0,0,-999.0,-999.0,-999.0,-999.0,-999.0,0,-999.0,-999.0,-999.0,0,16416,-999.0,-999.0,-999.0,-999.0,0,-999.0,-999.0,-999.0,-999.0,-999.0,0,-999.0,-999.0,-999.0,0,16416,-999.0,-999.0,-999.0,-999.0,0,-999.0,-999.0,-999.0,-999.0,-999.0,0,-999.0,-999.0,-999.0,0,16416,0.02119075810524985
PSO J223.8873+05.5840,-999,-999,-999,114702238873151248,3496239000116739,65296387919899,0,15189953328974,11470,1,1467,31,0.306845742563573,3496239,15203,3,1343750144,0,160,223.88732155,5.58401663,0.0010000000474974513,0.0010000000474974513,223.88732155,5.58401663,0.0010000000474974513,0.0010000000474974513,,,,,56206.31975694,-999.0,-0.7172844871054801,-0.6899526432869535,0.09730526490984172,219.643792746441,21.329029526886465,2.4235938808084323,53.455670618826325,-999,1,0,0,0,0,0,0,-999.0,-999.0,-999.0,-999.0,0,-999.0,-999.0,-999.0,-999.0,-999.0,0,-999.0,-999.0,-999.0,0,114720,-999.0,-999.0,-999.0,-999.0,0,-999.0,-999.0,-999.0,-999.0,-999.0,0,-999.0,-999.0,-999.0,0,16416,-999.0,-999.0,-999.0,-999.0,0,-999.0,-999.0,-999.0,-999.0,-999.0,0,-999.0,-999.0,-999.0,0,16416,-999.0,-999.0,-999.0,-999.0,0,-999.0,-999.0,-999.0,-999.0,-999.0,0,-999.0,-999.0,-999.0,0,16416,-999.0,-999.0,-999.0,-999.0,0,-999.0,-999.0,-999.0,-999.0,-999.0,0,-999.0,-999.0,-999.0,0,16416,0.018631874930436835
PSO J223.8872+05.5881,-999,-999,-999,114702238871476193,3496239000116735,65296387919895,0,15189953327857,11470,1,1467,31,0.601630429366259,3496239,15203,3,1343750144,0,160,223.88715406,5.58807459,0.0010000000474974513,0.0010000000474974513,223.88715406,5.58807459,0.0010000000474974513,0.0010000000474974513,,,,,56066.2419213,-999.0,-0.7172815353714391,-0.6899457672002268,0.0973757533356299,219.6422817389015,21.332839222633403,2.4286662187489525,53.4583859865764,-999,1,0,0,0,0,0,0,-999.0,-999.0,-999.0,-999.0,0,-999.0,-999.0,-999.0,-999.0,-999.0,0,-999.0,-999.0,-999.0,0,114720,-999.0,-999.0,-999.0,-999.0,0,-999.0,-999.0,-999.0,-999.0,-999.0,0,-999.0,-999.0,-999.0,0,16416,-999.0,-999.0,-999.0,-999.0,0,-999.0,-999.0,-999.0,-999.0,-999.0,0,-999.0,-999.0,-999.0,0,16416,-999.0,-999.0,-999.0,-999.0,0,-999.0,-999.0,-999.0,-999.0,-999.0,0,-999.0,-999.0,-999.0,0,16416,-999.0,-999.0,-999.0,-999.0,0,-999.0,-999.0,-999.0,-999.0,-999.0,0,-999.0,-999.0,-999.0,0,16416,0.022568518182861215
PSO J223.8870+05.5850,-999,-999,-999,114702238869952539,3496239000024178,65296387825265,0,15189953328883,11470,1,1467,31,0.209898518593887,3496239,15203,3,436285440,7,52,223.88692801,5.58500578,0.0010000000474974513,0.0010000000474974513,223.8869918363546,5.585006994017994,0.05798195726828022,0.05798195726828022,4.2582147051358685,-64.24149837169591,49.642668093963984,49.642668093963984,56292.91734262503,5.082414627075195,-0.717287245197059,-0.6899473495153695,0.09732246798314712,219.64312817600302,21.329868203668834,2.4245186056412806,53.45655573087576,-999,8,3,0,0,2,1,0,-999.0,-999.0,-999.0,-999.0,0,-999.0,-999.0,-999.0,-999.0,-999.0,0,-999.0,-999.0,-999.0,0,16416,-999.0,-999.0,-999.0,-999.0,0,-999.0,-999.0,-999.0,-999.0,-999.0,0,-999.0,-999.0,-999.0,0,114720,0.9997050166130066,21.357900619506836,0.09678199887275696,0.13766899704933167,2,21.250699996948242,21.44420051574707,21.291000366210938,0.024004999548196793,0.0362199991941452,2,21.177799224853516,0.17962799966335297,0.2558850049972534,2,115000,0.9978939890861511,21.29490089416504,0.17939500510692596,-999.0,1,21.29490089416504,21.29490089416504,20.642799377441406,0.21368999779224396,-999.0,1,20.62339973449707,0.17939500510692596,-999.0,1,16892216,-999.0,-999.0,-999.0,-999.0,0,-999.0,-999.0,-999.0,-999.0,-999.0,0,-999.0,-999.0,-999.0,0,114720,0.01952742367899754
PSO J223.8870+05.5895,-999,-999,-999,114702238869917838,3496239000116728,65296387919888,0,15189953320313,11470,1,1467,31,0.420353422332884,3496239,15203,3,1075314688,0,128,223.88699153,5.58948284,0.0010000000474974513,0.0010000000474974513,223.88699153,5.58948284,0.0010000000474974513,0.0010000000474974513,,,,,56100.06346065,-999.0,-0.7172817673950886,-0.6899420731199112,0.09740021510026113,219.64165121181202,21.33412933335785,2.430315395651204,53.459408321664014,-999,1,0,0,0,0,0,0,-999.0,-999.0,-999.0,-999.0,0,-999.0,-999.0,-999.0,-999.0,-999.0,0,-999.0,-999.0,-999.0,0,32800,-999.0,-999.0,-999.0,-999.0,0,-999.0,-999.0,-999.0,-999.0,-999.0,0,-999.0,-999.0,-999.0,0,0,-999.0,-999.0,-999.0,-999.0,0,-999.0,-999.0,-999.0,-999.0,-999.0,0,-999.0,-999.0,-999.0,0,0,-999.0,-999.0,-999.0,-999.0,0,-999.0,-999.0,-999.0,-999.0,-999.0,0,-999.0,-999.0,-999.0,0,0,-999.0,-999.0,-999.0,-999.0,0,-999.0,-999.0,-999.0,-999.0,-999.0,0,-999.0,-999.0,-999.0,0,0,0.023926936176573863
PSO J223.8870+05.5862,-999,-999,-999,114702238869473890,3496239000116727,65296387919887,0,15189953330907,11470,1,1467,31,0.197262861018314,3496239,15203,3,1343750144,0,160,223.88695088,5.58619271,0.0010000000474974513,0.0010000000474974513,223.88695088,5.58619271,0.0010000000474974513,0.0010000000474974513,,,,,55995.96274306,-999.0,-0.7172862866866547,-0.6899454404155466,0.09734306437064572,219.64269696678923,21.33098645057871,2.42601456854823,53.45734211789809,-999,4,0,0,0,0,0,0,-999.0,-999.0,-999.0,-999.0,0,-999.0,-999.0,-999.0,-999.0,-999.0,0,-999.0,-999.0,-999.0,0,16416,-999.0,-999.0,-999.0,-999.0,0,-999.0,-999.0,-999.0,-999.0,-999.0,0,-999.0,-999.0,-999.0,0,16416,-999.0,-999.0,-999.0,-999.0,0,-999.0,-999.0,-999.0,-999.0,-999.0,0,-999.0,-999.0,-999.0,0,16416,-999.0,-999.0,-999.0,-999.0,0,-999.0,-999.0,-999.0,-999.0,-999.0,0,-999.0,-999.0,-999.0,0,114720,-999.0,-999.0,-999.0,-999.0,0,-999.0,-999.0,-999.0,-999.0,-999.0,0,-999.0,-999.0,-999.0,0,114720,0.02068195653638638
PSO J223.8869+05.5892,-999,-999,-999,114702238868307469,3496239000024143,65296387825230,0,15189953320393,11470,1,1467,31,0.225248870649607,3496239,15203,3,436527104,7,52,223.88687727,5.58916263,0.0010000000474974513,0.0010000000474974513,223.8868592436274,5.589167073214391,0.016505908780591362,0.016505908780591362,-12.842851860613107,-83.65167281685851,15.879277579664869,15.879277579664869,56475.16449876395,4.678387641906738,-0.7172837472125183,-0.689940789145814,0.09739473013269016,219.64161612788544,21.333790414411286,2.4297661422410677,53.45931350107233,-999,8,25,0,2,13,7,3,-999.0,-999.0,-999.0,-999.0,0,-999.0,-999.0,-999.0,-999.0,-999.0,0,-999.0,-999.0,-999.0,0,16416,0.9983839988708496,22.14929962158203,0.00035600000410340726,-999.0,1,22.150999069213867,22.150999069213867,-999.0,-999.0,-999.0,2,21.832799911499023,0.00035600000410340726,-999.0,2,115000,0.999638020992279,21.316099166870117,0.057107001543045044,0.2788099944591522,12,20.634300231933594,21.540199279785156,21.085399627685547,0.06945999711751938,0.46472200751304626,11,21.056900024414062,0.10699000209569931,0.3480669856071472,13,115000,0.9995229840278625,21.05820083618164,0.04020899906754494,0.1314300000667572,7,20.797300338745117,21.161100387573242,21.048999786376953,0.08275900036096573,0.32280901074409485,7,20.99340057373047,0.09474299848079681,0.3158609867095947,7,115000,0.99720299243927,20.572799682617188,0.2076759934425354,0.3714030086994171,3,20.133699417114258,20.85919952392578,-999.0,-999.0,-999.0,3,20.740800857543945,0.06148099899291992,0.1401209980249405,3,115000,0.023593819499930085
PSO J223.8868+05.5836,-999,-999,-999,114702238867920793,3496239000106610,65296387907699,0,15189953324980,11470,1,1467,31,0.423445120848199,3496239,15203,3,268959744,0,32,-999.0,-999.0,-999.0,-999.0,223.88677655,5.58361741,0.23436999320983887,0.23436999320983887,,,,,55254.60542824,-999.0,-0.7172915385537947,-0.6899462904067633,0.09729833026869673,219.64337061042036,21.328482750125087,2.4224965901946556,53.455833993556766,-999,0,1,0,0,0,1,0,-999.0,-999.0,-999.0,-999.0,0,-999.0,-999.0,-999.0,-999.0,-999.0,0,-999.0,-999.0,-999.0,0,0,-999.0,-999.0,-999.0,-999.0,0,-999.0,-999.0,-999.0,-999.0,-999.0,0,-999.0,-999.0,-999.0,0,0,-999.0,-999.0,-999.0,-999.0,0,-999.0,-999.0,-999.0,-999.0,-999.0,0,-999.0,-999.0,-999.0,0,0,0.7590889930725098,21.114900588989258,0.2338850051164627,-999.0,1,21.114900588989258,21.114900588989258,-999.0,-999.0,-999.0,0,21.880199432373047,0.2338850051164627,-999.0,1,4112,-999.0,-999.0,-999.0,-999.0,0,-999.0,-999.0,-999.0,-999.0,-999.0,0,-999.0,-999.0,-999.0,0,0,0.018123457583706527
PSO J223.8864+05.5850,-999,-999,-999,114702238864052460,3496239000116709,65296387919869,0,15189953328667,11470,1,1467,31,0.82866172849076,3496239,15203,3,1343750144,0,160,223.88640366,5.58500322,0.0010000000474974513,0.0010000000474974513,223.88640366,5.58500322,0.0010000000474974513,0.0010000000474974513,,,,,56033.216875,-999.0,-0.7172943325125868,-0.6899399905290313,0.09732240242679371,219.6425336778385,21.32968708002264,2.4238923220614037,53.457003407278485,-999,2,0,0,0,0,0,0,-999.0,-999.0,-999.0,-999.0,0,-999.0,-999.0,-999.0,-999.0,-999.0,0,-999.0,-999.0,-999.0,0,114720,-999.0,-999.0,-999.0,-999.0,0,-999.0,-999.0,-999.0,-999.0,-999.0,0,-999.0,-999.0,-999.0,0,16416,-999.0,-999.0,-999.0,-999.0,0,-999.0,-999.0,-999.0,-999.0,-999.0,0,-999.0,-999.0,-999.0,0,16416,-999.0,-999.0,-999.0,-999.0,0,-999.0,-999.0,-999.0,-999.0,-999.0,0,-999.0,-999.0,-999.0,0,16416,-999.0,-999.0,-999.0,-999.0,0,-999.0,-999.0,-999.0,-999.0,-999.0,0,-999.0,-999.0,-999.0,0,16416,0.01941306732208558
PSO J223.8757+05.5863,-999,-999,-999,114702238755754210,3496239000022339,65296387823426,0,15189953304559,11470,1,1467,31,0.552546012729915,3496239,15203,3,1075314688,0,128,223.87568291,5.58634236,0.0010000000474974513,0.0010000000474974513,223.87568291,5.58634236,0.0010000000474974513,0.0010000000474974513,,,,,56380.40917824,-999.0,-0.7174217764000985,-0.6898041870532949,0.09734566385140087,219.6311928968299,21.32767712959833,2.4141989689250605,53.466077205005604,-999,1,1,0,0,1,0,0,-999.0,-999.0,-999.0,-999.0,0,-999.0,-999.0,-999.0,-999.0,-999.0,0,-999.0,-999.0,-999.0,0,32,-999.0,-999.0,-999.0,-999.0,0,-999.0,-999.0,-999.0,-999.0,-999.0,0,-999.0,-999.0,-999.0,0,32,-999.0,-999.0,-999.0,-999.0,0,-999.0,-999.0,-999.0,-999.0,-999.0,0,-999.0,-999.0,-999.0,0,32824,-999.0,-999.0,-999.0,-999.0,0,-999.0,-999.0,-999.0,-999.0,-999.0,0,-999.0,-999.0,-999.0,0,32,-999.0,-999.0,-999.0,-999.0,0,-999.0,-999.0,-999.0,-999.0,-999.0,0,-999.0,-999.0,-999.0,0,32,0.021712096763247403
PSO J223.8753+05.5869,-999,-999,-999,114702238752714737,3496239000022279,65296387823366,0,15189953304483,11470,1,1467,31,0.459130791443522,3496239,15203,3,268513280,0,32,-999.0,-999.0,-999.0,-999.0,223.87526673,5.58690351,0.022339999675750732,0.022339999675750732,,,,,56045.38216435,-999.0,-0.7174260996299605,-0.689798315068023,0.09735541124692865,219.6305843998056,21.32808353395095,2.414481498137732,53.46675408494245,-999,0,1,0,0,1,0,0,-999.0,-999.0,-999.0,-999.0,0,-999.0,-999.0,-999.0,-999.0,-999.0,0,-999.0,-999.0,-999.0,0,0,-999.0,-999.0,-999.0,-999.0,0,-999.0,-999.0,-999.0,-999.0,-999.0,0,-999.0,-999.0,-999.0,0,0,0.9991919994354248,18.491100311279297,0.01655600033700466,-999.0,1,18.491100311279297,18.491100311279297,18.553300857543945,0.027116000652313232,-999.0,1,18.466899871826172,0.01655600033700466,-999.0,1,24,-999.0,-999.0,-999.0,-999.0,0,-999.0,-999.0,-999.0,-999.0,-999.0,0,-999.0,-999.0,-999.0,0,0,-999.0,-999.0,-999.0,-999.0,0,-999.0,-999.0,-999.0,-999.0,-999.0,0,-999.0,-999.0,-999.0,0,0,0.02238058145761591
PSO J223.8746+05.5847,-999,-999,-999,114702238746152056,3496239000022160,65296387823247,0,15189953305694,11470,1,1467,31,0.582433739288183,3496239,15203,3,268513280,0,32,-999.0,-999.0,-999.0,-999.0,223.87460364,5.58465956,0.015239999629557133,0.015239999629557133,,,,,55608.62884259,-999.0,-0.7174368306698883,-0.6897926542708654,0.09731643289958916,219.63065185057823,21.32574539657537,2.410870832155065,53.46583166658696,-999,0,1,0,0,0,0,1,-999.0,-999.0,-999.0,-999.0,0,-999.0,-999.0,-999.0,-999.0,-999.0,0,-999.0,-999.0,-999.0,0,0,-999.0,-999.0,-999.0,-999.0,0,-999.0,-999.0,-999.0,-999.0,-999.0,0,-999.0,-999.0,-999.0,0,0,-999.0,-999.0,-999.0,-999.0,0,-999.0,-999.0,-999.0,-999.0,-999.0,0,-999.0,-999.0,-999.0,0,0,-999.0,-999.0,-999.0,-999.0,0,-999.0,-999.0,-999.0,-999.0,-999.0,0,-999.0,-999.0,-999.0,0,0,0.997281014919281,14.408499717712402,0.0027020000852644444,-999.0,1,14.408499717712402,14.408499717712402,15.20009994506836,0.007060000207275152,-999.0,1,15.042900085449219,0.0027020000852644444,-999.0,1,16,0.020547625216240054
PSO J223.8744+05.5840,-999,-999,-999,114702238744441260,3496239000022120,65296387823207,0,15189953306496,11470,1,1467,31,0.639081641695538,3496239,15203,3,268513280,0,32,-999.0,-999.0,-999.0,-999.0,223.87443052,5.5839973,0.023520000278949738,0.023520000278949738,,,,,55608.62884259,-999.0,-0.717439725692028,-0.6897912660829125,0.0973049291386632,219.6306947078448,21.325062255881676,2.409829310699948,53.46554210177558,-999,0,1,0,0,0,0,1,-999.0,-999.0,-999.0,-999.0,0,-999.0,-999.0,-999.0,-999.0,-999.0,0,-999.0,-999.0,-999.0,0,0,-999.0,-999.0,-999.0,-999.0,0,-999.0,-999.0,-999.0,-999.0,-999.0,0,-999.0,-999.0,-999.0,0,0,-999.0,-999.0,-999.0,-999.0,0,-999.0,-999.0,-999.0,-999.0,-999.0,0,-999.0,-999.0,-999.0,0,0,-999.0,-999.0,-999.0,-999.0,0,-999.0,-999.0,-999.0,-999.0,-999.0,0,-999.0,-999.0,-999.0,0,0,0.9970139861106873,16.76259994506836,0.01812100037932396,-999.0,1,16.76259994506836,16.76259994506836,-999.0,-999.0,-999.0,0,16.67180061340332,0.01812100037932396,-999.0,1,16,0.020017234302012705
PSO J223.8742+05.5911,-999,-999,-999,114702238742189765,3496239000022070,65296387823157,0,15189953341143,11470,1,1467,31,0.00373844337066491,3496239,15203,3,268959744,0,32,-999.0,-999.0,-999.0,-999.0,223.87421877,5.59108899,-999.0,-999.0,,,,,-999.0,-999.0,-0.7174335875784073,-0.6897802620708545,0.09742811438101004,219.62813595130268,21.331744722516348,2.418781148917709,53.4702261680148,-999,0,1,1,0,0,0,0,-999.0,-999.0,-999.0,-999.0,0,-999.0,-999.0,-999.0,-999.0,-999.0,0,-999.0,-999.0,-999.0,0,24,-999.0,-999.0,-999.0,-999.0,0,-999.0,-999.0,-999.0,-999.0,-999.0,0,-999.0,-999.0,-999.0,0,0,-999.0,-999.0,-999.0,-999.0,0,-999.0,-999.0,-999.0,-999.0,-999.0,0,-999.0,-999.0,-999.0,0,0,-999.0,-999.0,-999.0,-999.0,0,-999.0,-999.0,-999.0,-999.0,-999.0,0,-999.0,-999.0,-999.0,0,0,-999.0,-999.0,-999.0,-999.0,0,-999.0,-999.0,-999.0,-999.0,-999.0,0,-999.0,-999.0,-999.0,0,0,0.02667341812726158
PSO J223.8742+05.5912,-999,-999,-999,114702238742089951,3496239000022066,65296387823153,0,15189953340969,11470,1,1467,31,0.343365599721079,3496239,15203,3,268513280,0,32,-999.0,-999.0,-999.0,-999.0,223.87418948,5.59124144,0.01549999974668026,0.01549999974668026,,,,,56721.58826389,-999.0,-0.7174337533251602,-0.6897797156433159,0.09743076247674262,219.62805579557585,21.331880796094925,2.4189472375645975,53.470345821520475,-999,0,1,1,0,0,0,0,0.9942049980163574,17.223499298095703,0.0037169998977333307,-999.0,1,17.223499298095703,17.223499298095703,18.041799545288086,0.01241500023752451,-999.0,1,17.964500427246094,0.0037169998977333307,-999.0,1,24,-999.0,-999.0,-999.0,-999.0,0,-999.0,-999.0,-999.0,-999.0,-999.0,0,-999.0,-999.0,-999.0,0,0,-999.0,-999.0,-999.0,-999.0,0,-999.0,-999.0,-999.0,-999.0,-999.0,0,-999.0,-999.0,-999.0,0,0,-999.0,-999.0,-999.0,-999.0,0,-999.0,-999.0,-999.0,-999.0,-999.0,0,-999.0,-999.0,-999.0,0,0,-999.0,-999.0,-999.0,-999.0,0,-999.0,-999.0,-999.0,-999.0,-999.0,0,-999.0,-999.0,-999.0,0,0,0.02682701307924751
PSO J223.8732+05.5838,-999,-999,-999,114702238731620949,3496239000116456,65296387919616,0,15189953305442,11470,1,1467,31,0.196347805854257,3496239,15203,3,1343750144,0,160,223.87315115,5.58379102,0.0010000000474974513,0.0010000000474974513,223.87315115,5.58379102,0.0010000000474974513,0.0010000000474974513,,,,,56223.27803241,-999.0,-0.717455380548488,-0.6897754888345082,0.09730134595749218,219.62946235745707,21.32447404484626,2.4081984731262955,53.466391404963865,-999,2,0,0,0,0,0,0,-999.0,-999.0,-999.0,-999.0,0,-999.0,-999.0,-999.0,-999.0,-999.0,0,-999.0,-999.0,-999.0,0,114720,-999.0,-999.0,-999.0,-999.0,0,-999.0,-999.0,-999.0,-999.0,-999.0,0,-999.0,-999.0,-999.0,0,16416,-999.0,-999.0,-999.0,-999.0,0,-999.0,-999.0,-999.0,-999.0,-999.0,0,-999.0,-999.0,-999.0,0,16416,-999.0,-999.0,-999.0,-999.0,0,-999.0,-999.0,-999.0,-999.0,-999.0,0,-999.0,-999.0,-999.0,0,16416,-999.0,-999.0,-999.0,-999.0,0,-999.0,-999.0,-999.0,-999.0,-999.0,0,-999.0,-999.0,-999.0,0,16416,0.02041084398955858
PSO J223.8721+05.5895,-999,-999,-999,114702238721247779,3496239000116430,65296387919590,0,15189953309371,11470,1,1467,31,0.776385111526013,3496239,15203,3,1343750144,0,160,223.87209809,5.58947074,0.0010000000474974513,0.0010000000474974513,223.87209809,5.58947074,0.0010000000474974513,0.0010000000474974513,,,,,56083.15268519,-999.0,-0.717461101230808,-0.6897556141579056,0.097400004919541,219.6265149608427,21.32955533935046,2.414425991236737,53.47082036721023,-999,2,0,0,0,0,0,0,-999.0,-999.0,-999.0,-999.0,0,-999.0,-999.0,-999.0,-999.0,-999.0,0,-999.0,-999.0,-999.0,0,114720,-999.0,-999.0,-999.0,-999.0,0,-999.0,-999.0,-999.0,-999.0,-999.0,0,-999.0,-999.0,-999.0,0,16416,-999.0,-999.0,-999.0,-999.0,0,-999.0,-999.0,-999.0,-999.0,-999.0,0,-999.0,-999.0,-999.0,0,16416,-999.0,-999.0,-999.0,-999.0,0,-999.0,-999.0,-999.0,-999.0,-999.0,0,-999.0,-999.0,-999.0,0,16416,-999.0,-999.0,-999.0,-999.0,0,-999.0,-999.0,-999.0,-999.0,-999.0,0,-999.0,-999.0,-999.0,0,16416,0.02595909254651663
PSO J223.8721+05.5876,-999,-999,-999,114702238721165577,3496239000021704,65296387822791,0,15189953311083,11470,1,1467,31,0.101505079401196,3496239,15203,3,268959744,0,32,-999.0,-999.0,-999.0,-999.0,223.87210714,5.58760405,0.2994999885559082,0.2994999885559082,,,,,55694.34011574,-999.0,-0.7174632794836897,-0.689757926361998,0.09736757988830536,219.62714104776774,21.327782070153294,2.4120197894045017,53.46962319601722,-999,0,1,0,0,1,0,0,-999.0,-999.0,-999.0,-999.0,0,-999.0,-999.0,-999.0,-999.0,-999.0,0,-999.0,-999.0,-999.0,0,0,-999.0,-999.0,-999.0,-999.0,0,-999.0,-999.0,-999.0,-999.0,-999.0,0,-999.0,-999.0,-999.0,0,0,0.6580610275268555,21.25670051574707,0.29912498593330383,-999.0,1,21.25670051574707,21.25670051574707,-999.0,-999.0,-999.0,0,22.041000366210938,0.29912498593330383,-999.0,1,4112,-999.0,-999.0,-999.0,-999.0,0,-999.0,-999.0,-999.0,-999.0,-999.0,0,-999.0,-999.0,-999.0,0,0,-999.0,-999.0,-999.0,-999.0,0,-999.0,-999.0,-999.0,-999.0,-999.0,0,-999.0,-999.0,-999.0,0,0,0.024271808387145356
PSO J223.8717+05.5888,-999,-999,-999,114702238717286982,3496239000021629,65296387822716,0,15189953309246,11470,1,1467,31,0.193637243652378,3496239,15203,3,268959744,0,32,-999.0,-999.0,-999.0,-999.0,223.87171864,5.58877568,0.25290998816490173,0.25290998816490173,,,,,55694.32836806,-999.0,-0.7174665209578622,-0.6897516814778599,0.09738793150635353,219.62635893355912,21.32877777834102,2.4131219026676125,53.47066811271916,-999,0,1,0,0,1,0,0,-999.0,-999.0,-999.0,-999.0,0,-999.0,-999.0,-999.0,-999.0,-999.0,0,-999.0,-999.0,-999.0,0,0,-999.0,-999.0,-999.0,-999.0,0,-999.0,-999.0,-999.0,-999.0,-999.0,0,-999.0,-999.0,-999.0,0,0,0.8368560075759888,21.060699462890625,0.2524679899215698,-999.0,1,21.060699462890625,21.060699462890625,-999.0,-999.0,-999.0,0,22.31089973449707,0.2524679899215698,-999.0,1,4112,-999.0,-999.0,-999.0,-999.0,0,-999.0,-999.0,-999.0,-999.0,-999.0,0,-999.0,-999.0,-999.0,0,0,-999.0,-999.0,-999.0,-999.0,0,-999.0,-999.0,-999.0,-999.0,-999.0,0,-999.0,-999.0,-999.0,0,0,0.025493387928719757
PSO J223.8716+05.5842,-999,-999,-999,114702238715991278,3496239000021615,65296387822702,0,15189953313713,11470,1,1467,31,0.244779090625028,3496239,15203,3,444915712,7,53,223.87165618,5.58424312,0.0010000000474974513,0.0010000000474974513,223.87161958135397,5.584213946558318,0.015137899542794925,0.015137899542794925,18.268496370027414,57.56408768513313,12.254123992653913,12.254123992653913,56236.30759467841,12.082900047302246,-0.7174733008377594,-0.6897558125671877,0.0973086923904977,219.62776298025008,21.324403867955137,2.4071060779282467,53.467836410839716,-999,10,25,1,3,8,9,4,0.9977459907531738,22.2189998626709,0.18435199558734894,-999.0,1,22.2189998626709,22.2189998626709,21.477699279785156,0.20170800387859344,-999.0,1,21.506000518798828,0.18435199558734894,-999.0,1,16892216,0.9995290040969849,21.5408992767334,0.0006339999963529408,0.0013680000556632876,2,21.541000366210938,21.542299270629883,21.07159996032715,0.2653430104255676,0.47407200932502747,3,21.10219955444336,0.1626950055360794,0.23021000623703003,3,16892216,0.9997259974479675,20.775100708007812,0.034627001732587814,0.12312600016593933,8,20.534099578857422,20.90369987487793,20.34119987487793,0.0806799978017807,0.1750749945640564,8,20.284299850463867,0.04494800046086311,0.1771640032529831,8,16892216,0.9991829991340637,20.94230079650879,0.05904800072312355,0.26507699489593506,9,20.503700256347656,21.236799240112305,20.08099937438965,0.04883100092411041,0.16226600110530853,9,20.147199630737305,0.06312499940395355,0.20647799968719482,9,16892216,0.9992449879646301,20.311599731445312,0.09443899989128113,0.23443299531936646,4,20.02899932861328,20.600500106811523,19.832599639892578,0.20871399343013763,0.2992880046367645,4,19.819000244140625,0.13206900656223297,0.22011999785900116,4,115000,0.021543720391151266
PSO J223.8710+05.5904,-999,-999,-999,114702238710558882,3496239000021518,65296387822605,0,15189953310711,11470,1,1467,31,0.436991474998176,3496239,15203,3,268959744,0,32,-999.0,-999.0,-999.0,-999.0,223.87104587,5.59035932,0.24773000180721283,0.24773000180721283,,,,,56384.58405093,-999.0,-0.7174726792287777,-0.689741391135676,0.0974154398157805,219.62515167550495,21.33007839035348,2.4144542549059125,53.4721936673352,-999,0,1,0,0,1,0,0,-999.0,-999.0,-999.0,-999.0,0,-999.0,-999.0,-999.0,-999.0,-999.0,0,-999.0,-999.0,-999.0,0,0,-999.0,-999.0,-999.0,-999.0,0,-999.0,-999.0,-999.0,-999.0,-999.0,0,-999.0,-999.0,-999.0,0,0,0.07002600282430649,21.497100830078125,0.24727700650691986,-999.0,1,21.497100830078125,21.497100830078125,-999.0,-999.0,-999.0,0,22.282400131225586,0.24727700650691986,-999.0,1,4120,-999.0,-999.0,-999.0,-999.0,0,-999.0,-999.0,-999.0,-999.0,-999.0,0,-999.0,-999.0,-999.0,0,0,-999.0,-999.0,-999.0,-999.0,0,-999.0,-999.0,-999.0,-999.0,-999.0,0,-999.0,-999.0,-999.0,0,0,0.027210228516079574
PSO J223.8708+05.5880,-999,-999,-999,114702238708206127,3496239000021475,65296387822562,0,15189953312292,11470,1,1467,31,0.860299029257427,3496239,15203,3,268513280,0,32,-999.0,-999.0,-999.0,-999.0,223.87079834,5.58804716,0.01816999912261963,0.01816999912261963,,,,,56335.64762731,-999.0,-0.7174784924737471,-0.689741015376558,0.09737527686694436,219.62566417186113,21.327802677613825,2.4111978965899223,53.47090916783662,-999,0,1,0,0,0,1,0,-999.0,-999.0,-999.0,-999.0,0,-999.0,-999.0,-999.0,-999.0,-999.0,0,-999.0,-999.0,-999.0,0,0,-999.0,-999.0,-999.0,-999.0,0,-999.0,-999.0,-999.0,-999.0,-999.0,0,-999.0,-999.0,-999.0,0,0,-999.0,-999.0,-999.0,-999.0,0,-999.0,-999.0,-999.0,-999.0,-999.0,0,-999.0,-999.0,-999.0,0,0,0.9988849759101868,18.013999938964844,0.010246999561786652,-999.0,1,18.013999938964844,18.013999938964844,18.79199981689453,0.0254139993339777,-999.0,1,18.724300384521484,0.010246999561786652,-999.0,1,24,-999.0,-999.0,-999.0,-999.0,0,-999.0,-999.0,-999.0,-999.0,-999.0,0,-999.0,-999.0,-999.0,0,0,0.025268612442667968
PSO J223.8702+05.5897,-999,-999,-999,114702238701798118,3496239000021383,65296387822470,0,15189953307981,11470,1,1467,31,0.53804008154016,3496239,15203,3,268959744,0,32,-999.0,-999.0,-999.0,-999.0,223.87015614,5.58972138,0.43538999557495117,0.43538999557495117,,,,,56045.39357639,-999.0,-0.7174841718264033,-0.6897310012619883,0.0974043586125133,219.62445805730573,21.329198833365815,2.4126800161942397,53.472469061308125,-999,0,1,0,0,1,0,0,-999.0,-999.0,-999.0,-999.0,0,-999.0,-999.0,-999.0,-999.0,-999.0,0,-999.0,-999.0,-999.0,0,0,-999.0,-999.0,-999.0,-999.0,0,-999.0,-999.0,-999.0,-999.0,-999.0,0,-999.0,-999.0,-999.0,0,0,0.5183780193328857,21.804899215698242,0.43513599038124084,-999.0,1,21.804899215698242,21.804899215698242,-999.0,-999.0,-999.0,0,-999.0,-999.0,-999.0,0,4120,-999.0,-999.0,-999.0,-999.0,0,-999.0,-999.0,-999.0,-999.0,-999.0,0,-999.0,-999.0,-999.0,0,0,-999.0,-999.0,-999.0,-999.0,0,-999.0,-999.0,-999.0,-999.0,-999.0,0,-999.0,-999.0,-999.0,0,0,0.02704507836352052
PSO J223.8701+05.5891,-999,-999,-999,114702238700717348,3496239000116394,65296387919554,0,15189953308151,11470,1,1467,31,0.477895254714317,3496239,15203,3,1343750144,0,160,223.87006373,5.58907604,0.0010000000474974513,0.0010000000474974513,223.87006373,5.58907604,0.0010000000474974513,0.0010000000474974513,,,,,56078.29876157,-999.0,-0.7174860751292276,-0.6897306043314388,0.09739314885680861,219.62457739316568,21.32855652093943,2.4117462664342386,53.47212842571653,-999,2,0,0,0,0,0,0,-999.0,-999.0,-999.0,-999.0,0,-999.0,-999.0,-999.0,-999.0,-999.0,0,-999.0,-999.0,-999.0,0,114720,-999.0,-999.0,-999.0,-999.0,0,-999.0,-999.0,-999.0,-999.0,-999.0,0,-999.0,-999.0,-999.0,0,16416,-999.0,-999.0,-999.0,-999.0,0,-999.0,-999.0,-999.0,-999.0,-999.0,0,-999.0,-999.0,-999.0,0,16416,-999.0,-999.0,-999.0,-999.0,0,-999.0,-999.0,-999.0,-999.0,-999.0,0,-999.0,-999.0,-999.0,0,16416,-999.0,-999.0,-999.0,-999.0,0,-999.0,-999.0,-999.0,-999.0,-999.0,0,-999.0,-999.0,-999.0,0,16416,0.026522659708003868
PSO J223.8696+05.5882,-999,-999,-999,114702238695976312,3496239000116383,65296387919543,0,15189953312383,11470,1,1467,31,0.445840739128963,3496239,15203,3,1343750144,0,160,223.86957449,5.58821227,0.0010000000474974513,0.0010000000474974513,223.86957449,5.58821227,0.0010000000474974513,0.0010000000474974513,,,,,56009.2380787,-999.0,-0.7174930230260143,-0.6897254952571683,0.09737814488500564,219.62436552456748,21.32758480389386,2.410106743970924,53.471952740388296,-999,2,0,0,0,0,0,0,-999.0,-999.0,-999.0,-999.0,0,-999.0,-999.0,-999.0,-999.0,-999.0,0,-999.0,-999.0,-999.0,0,114720,-999.0,-999.0,-999.0,-999.0,0,-999.0,-999.0,-999.0,-999.0,-999.0,0,-999.0,-999.0,-999.0,0,16416,-999.0,-999.0,-999.0,-999.0,0,-999.0,-999.0,-999.0,-999.0,-999.0,0,-999.0,-999.0,-999.0,0,16416,-999.0,-999.0,-999.0,-999.0,0,-999.0,-999.0,-999.0,-999.0,-999.0,0,-999.0,-999.0,-999.0,0,16416,-999.0,-999.0,-999.0,-999.0,0,-999.0,-999.0,-999.0,-999.0,-999.0,0,-999.0,-999.0,-999.0,0,16416,0.026017589813509392
PSO J223.8685+05.5866,-999,-999,-999,114702238685254367,3496239000021140,65296387822227,0,15189953312185,11470,1,1467,31,0.473215830953061,3496239,15203,3,302067712,0,36,-999.0,-999.0,-999.0,-999.0,223.86850489,5.58658369,0.19558000564575195,0.19558000564575195,,,,,56392.5383912,-999.0,-0.7175078938923817,-0.6897140188282713,0.09734985584927115,219.62381646174168,21.325707604892575,2.4068586487236203,53.471734267825205,-999,0,1,1,0,0,0,0,0.9870139956474304,21.504899978637695,0.19500499963760376,-999.0,1,21.504899978637695,21.504899978637695,-999.0,-999.0,-999.0,1,21.372400283813477,0.19500499963760376,-999.0,1,280,-999.0,-999.0,-999.0,-999.0,0,-999.0,-999.0,-999.0,-999.0,-999.0,0,-999.0,-999.0,-999.0,0,0,-999.0,-999.0,-999.0,-999.0,0,-999.0,-999.0,-999.0,-999.0,-999.0,0,-999.0,-999.0,-999.0,0,0,-999.0,-999.0,-999.0,-999.0,0,-999.0,-999.0,-999.0,-999.0,-999.0,0,-999.0,-999.0,-999.0,0,0,-999.0,-999.0,-999.0,-999.0,0,-999.0,-999.0,-999.0,-999.0,-999.0,0,-999.0,-999.0,-999.0,0,0,0.025227682178718017
PSO J223.8684+05.5889,-999,-999,-999,114702238684007083,3496239000116364,65296387919524,0,15189953307735,11470,1,1467,31,0.755302236187553,3496239,15203,3,1343750144,0,160,223.86840029,5.58885414,0.0010000000474974513,0.0010000000474974513,223.86840029,5.58885414,0.0010000000474974513,0.0010000000474974513,,,,,56125.39715278,-999.0,-0.7175063713593196,-0.6897100350136398,0.09738929438221672,219.62295978855863,21.32783574060973,2.409685515677875,53.47326224706755,-999,1,0,0,0,0,0,0,-999.0,-999.0,-999.0,-999.0,0,-999.0,-999.0,-999.0,-999.0,-999.0,0,-999.0,-999.0,-999.0,0,114720,-999.0,-999.0,-999.0,-999.0,0,-999.0,-999.0,-999.0,-999.0,-999.0,0,-999.0,-999.0,-999.0,0,16416,-999.0,-999.0,-999.0,-999.0,0,-999.0,-999.0,-999.0,-999.0,-999.0,0,-999.0,-999.0,-999.0,0,16416,-999.0,-999.0,-999.0,-999.0,0,-999.0,-999.0,-999.0,-999.0,-999.0,0,-999.0,-999.0,-999.0,0,16416,-999.0,-999.0,-999.0,-999.0,0,-999.0,-999.0,-999.0,-999.0,-999.0,0,-999.0,-999.0,-999.0,0,16416,0.027176859928546408
PSO J223.8677+05.5883,-999,-999,-999,114702238677346367,3496239000021012,65296387822099,0,15189953311788,11470,1,1467,31,0.72994407054963,3496239,15203,3,268959744,0,32,-999.0,-999.0,-999.0,-999.0,223.8677157,5.58826431,0.4093799889087677,0.4093799889087677,,,,,56042.37965278,-999.0,-0.7175153349624112,-0.6897021566888424,0.09737904883771738,219.62245881715629,21.327064803845225,2.4081921996727957,53.47341098417431,-999,0,1,1,0,0,0,0,0.42179301381111145,22.323200225830078,0.4090999960899353,-999.0,1,22.323200225830078,22.323200225830078,-999.0,-999.0,-999.0,0,23.003999710083008,0.4090999960899353,-999.0,1,4120,-999.0,-999.0,-999.0,-999.0,0,-999.0,-999.0,-999.0,-999.0,-999.0,0,-999.0,-999.0,-999.0,0,0,-999.0,-999.0,-999.0,-999.0,0,-999.0,-999.0,-999.0,-999.0,-999.0,0,-999.0,-999.0,-999.0,0,0,-999.0,-999.0,-999.0,-999.0,0,-999.0,-999.0,-999.0,-999.0,-999.0,0,-999.0,-999.0,-999.0,0,0,-999.0,-999.0,-999.0,-999.0,0,-999.0,-999.0,-999.0,-999.0,-999.0,0,-999.0,-999.0,-999.0,0,0,0.027057395642580192
PSO J223.8671+05.5877,-999,-999,-999,114702238671105756,3496239000116338,65296387919498,0,15189953300523,11470,1,1467,31,0.148935352590806,3496239,15203,3,1343750144,0,160,223.86711015,5.58774822,0.0010000000474974513,0.0010000000474974513,223.86711015,5.58774822,0.0010000000474974513,0.0010000000474974513,,,,,56063.95540509,-999.0,-0.717523256618251,-0.6896951811634161,0.09737008417323147,219.6220138247353,21.326388242025622,2.406878586913504,53.47354613137678,-999,2,0,0,0,0,0,0,-999.0,-999.0,-999.0,-999.0,0,-999.0,-999.0,-999.0,-999.0,-999.0,0,-999.0,-999.0,-999.0,0,114720,-999.0,-999.0,-999.0,-999.0,0,-999.0,-999.0,-999.0,-999.0,-999.0,0,-999.0,-999.0,-999.0,0,16416,-999.0,-999.0,-999.0,-999.0,0,-999.0,-999.0,-999.0,-999.0,-999.0,0,-999.0,-999.0,-999.0,0,16416,-999.0,-999.0,-999.0,-999.0,0,-999.0,-999.0,-999.0,-999.0,-999.0,0,-999.0,-999.0,-999.0,0,16416,-999.0,-999.0,-999.0,-999.0,0,-999.0,-999.0,-999.0,-999.0,-999.0,0,-999.0,-999.0,-999.0,0,16416,0.026980957341493483
PSO J223.8661+05.5876,-999,-999,-999,114702238662715740,3496239000020768,65296387821855,0,15189953774751,11470,1,1467,31,0.517765763697928,3496239,15203,3,276901888,0,33,-999.0,-999.0,-999.0,-999.0,223.86611137,5.58756697,0.026079999282956123,0.026079999282956123,,,,,56487.28100694,-999.0,-0.7175355013431671,-0.689682886641432,0.09736693579522476,219.62105844981673,21.32590977160414,2.4055790052894137,53.47419625274463,-999,0,2,1,0,0,1,0,-999.0,-999.0,-999.0,-999.0,0,-999.0,-999.0,-999.0,-999.0,-999.0,0,-999.0,-999.0,-999.0,0,24,-999.0,-999.0,-999.0,-999.0,0,-999.0,-999.0,-999.0,-999.0,-999.0,0,-999.0,-999.0,-999.0,0,0,-999.0,-999.0,-999.0,-999.0,0,-999.0,-999.0,-999.0,-999.0,-999.0,0,-999.0,-999.0,-999.0,0,0,0.8895919919013977,18.6018009185791,0.021338999271392822,-999.0,1,18.6018009185791,18.6018009185791,18.28660011291504,0.028478000313043594,-999.0,1,18.22480010986328,0.021338999271392822,-999.0,1,16777240,-999.0,-999.0,-999.0,-999.0,0,-999.0,-999.0,-999.0,-999.0,-999.0,0,-999.0,-999.0,-999.0,0,0,0.027431915279286345
PSO J223.8662+05.5908,-999,-999,-999,114702238661899414,3496239000020758,65296387821845,0,15189953780431,11470,1,1467,31,0.0204345407154733,3496239,15203,3,302067712,0,36,-999.0,-999.0,-999.0,-999.0,223.86616944,5.59079492,0.3312700092792511,0.3312700092792511,,,,,56317.68130787,-999.0,-0.7175308463783961,-0.6896798114614595,0.09742300630748345,219.62005064571372,21.328998732730337,2.409818761497175,53.476210095575375,-999,0,1,0,0,0,0,1,-999.0,-999.0,-999.0,-999.0,0,-999.0,-999.0,-999.0,-999.0,-999.0,0,-999.0,-999.0,-999.0,0,0,-999.0,-999.0,-999.0,-999.0,0,-999.0,-999.0,-999.0,-999.0,-999.0,0,-999.0,-999.0,-999.0,0,0,-999.0,-999.0,-999.0,-999.0,0,-999.0,-999.0,-999.0,-999.0,-999.0,0,-999.0,-999.0,-999.0,0,0,-999.0,-999.0,-999.0,-999.0,0,-999.0,-999.0,-999.0,-999.0,-999.0,0,-999.0,-999.0,-999.0,0,0,0.8995280265808105,20.06060028076172,0.330935001373291,-999.0,1,20.06060028076172,20.06060028076172,-999.0,-999.0,-999.0,1,20.805099487304688,0.330935001373291,-999.0,1,280,0.030015758740575684
PSO J223.8662+05.5886,-999,-999,-999,114702238661696789,3496239000020751,65296387821838,0,15189953787948,11470,1,1467,31,0.433167511069372,3496239,15203,3,276901888,0,33,-999.0,-999.0,-999.0,-999.0,223.86616166,5.58860612,0.01939000003039837,0.01939000003039837,,,,,56487.28100694,-999.0,-0.7175336227251229,-0.6896822925979301,0.09738498619306891,219.6207661374979,21.32691385964682,2.406977525981975,53.474820347739,-999,0,1,0,0,0,1,0,-999.0,-999.0,-999.0,-999.0,0,-999.0,-999.0,-999.0,-999.0,-999.0,0,-999.0,-999.0,-999.0,0,0,-999.0,-999.0,-999.0,-999.0,0,-999.0,-999.0,-999.0,-999.0,-999.0,0,-999.0,-999.0,-999.0,0,0,-999.0,-999.0,-999.0,-999.0,0,-999.0,-999.0,-999.0,-999.0,-999.0,0,-999.0,-999.0,-999.0,0,0,0.9924889802932739,18.007200241088867,0.012287000194191933,-999.0,1,18.007200241088867,18.007200241088867,17.936100006103516,0.01684500090777874,-999.0,1,17.720199584960938,0.012287000194191933,-999.0,1,16777240,-999.0,-999.0,-999.0,-999.0,0,-999.0,-999.0,-999.0,-999.0,-999.0,0,-999.0,-999.0,-999.0,0,0,0.028230561501109752
PSO J223.8661+05.5879,-999,-999,-999,114702238661295901,3496239000116321,65296387919481,0,15189953774805,11470,1,1467,31,0.833037492663634,3496239,15203,3,1343750144,0,160,223.86612874,5.58786812,0.0010000000474974513,0.0010000000474974513,223.86612874,5.58786812,0.0010000000474974513,0.0010000000474974513,,,,,55999.1331713,-999.0,-0.717534923282875,-0.6896827495209091,0.09737216687902979,219.62097657884084,21.32620161717657,2.4059872793714714,53.47437497642128,-999,2,0,0,0,0,0,0,-999.0,-999.0,-999.0,-999.0,0,-999.0,-999.0,-999.0,-999.0,-999.0,0,-999.0,-999.0,-999.0,0,114720,-999.0,-999.0,-999.0,-999.0,0,-999.0,-999.0,-999.0,-999.0,-999.0,0,-999.0,-999.0,-999.0,0,16416,-999.0,-999.0,-999.0,-999.0,0,-999.0,-999.0,-999.0,-999.0,-999.0,0,-999.0,-999.0,-999.0,0,16416,-999.0,-999.0,-999.0,-999.0,0,-999.0,-999.0,-999.0,-999.0,-999.0,0,-999.0,-999.0,-999.0,0,16416,-999.0,-999.0,-999.0,-999.0,0,-999.0,-999.0,-999.0,-999.0,-999.0,0,-999.0,-999.0,-999.0,0,16416,0.027660023402573005
PSO J223.8658+05.5890,-999,-999,-999,114702238657837289,3496239000116314,65296387919474,0,15189953788106,11470,1,1467,31,0.897830783294356,3496239,15203,3,1343750144,0,160,223.86578256,5.58904254,0.0010000000474974513,0.0010000000474974513,223.86578256,5.58904254,0.0010000000474974513,0.0010000000474974513,,,,,56090.84685185,-999.0,-0.7175376512051523,-0.6896770309396058,0.09739256695109409,219.62023653926065,21.327212925778806,2.407138123446469,53.47538927655854,-999,2,0,0,0,0,0,0,-999.0,-999.0,-999.0,-999.0,0,-999.0,-999.0,-999.0,-999.0,-999.0,0,-999.0,-999.0,-999.0,0,114720,-999.0,-999.0,-999.0,-999.0,0,-999.0,-999.0,-999.0,-999.0,-999.0,0,-999.0,-999.0,-999.0,0,16416,-999.0,-999.0,-999.0,-999.0,0,-999.0,-999.0,-999.0,-999.0,-999.0,0,-999.0,-999.0,-999.0,0,16416,-999.0,-999.0,-999.0,-999.0,0,-999.0,-999.0,-999.0,-999.0,-999.0,0,-999.0,-999.0,-999.0,0,16416,-999.0,-999.0,-999.0,-999.0,0,-999.0,-999.0,-999.0,-999.0,-999.0,0,-999.0,-999.0,-999.0,0,16416,0.028805775993053867
PSO J223.8652+05.5889,-999,-999,-999,114702238652177148,3496239000020630,65296387821717,0,15189953788070,11470,1,1467,31,0.552532791674633,3496239,15203,3,302067712,0,36,-999.0,-999.0,-999.0,-999.0,223.86520402,5.58890935,0.18770000338554382,0.18770000338554382,,,,,56721.58826389,-999.0,-0.7175447783581669,-0.6896699425044045,0.09739025339786571,219.61969246242327,21.326908937844134,2.4063488218315694,53.47574787678862,-999,0,1,1,0,0,0,0,0.9990490078926086,21.65959930419922,0.18710200488567352,-999.0,1,21.65959930419922,21.65959930419922,21.346599578857422,0.2801100015640259,-999.0,1,21.18400001525879,0.18710200488567352,-999.0,1,280,-999.0,-999.0,-999.0,-999.0,0,-999.0,-999.0,-999.0,-999.0,-999.0,0,-999.0,-999.0,-999.0,0,0,-999.0,-999.0,-999.0,-999.0,0,-999.0,-999.0,-999.0,-999.0,-999.0,0,-999.0,-999.0,-999.0,0,0,-999.0,-999.0,-999.0,-999.0,0,-999.0,-999.0,-999.0,-999.0,-999.0,0,-999.0,-999.0,-999.0,0,0,-999.0,-999.0,-999.0,-999.0,0,-999.0,-999.0,-999.0,-999.0,-999.0,0,-999.0,-999.0,-999.0,0,0,0.029046307005384808
PSO J223.8650+05.5872,-999,-999,-999,114702238650635077,3496239000020606,65296387821693,0,15189953775467,11470,1,1467,31,0.261777092946486,3496239,15203,3,268959744,0,32,-999.0,-999.0,-999.0,-999.0,223.86504668,5.58718265,0.3387399911880493,0.3387399911880493,,,,,56042.3678588,-999.0,-0.7175487879996455,-0.6896700055897091,0.09736026001470188,219.62010319544822,21.325217895323043,2.4039462869361716,53.47476739057975,-999,0,1,1,0,0,0,0,0.5483300089836121,22.285200119018555,0.3384070098400116,-999.0,1,22.285200119018555,22.285200119018555,-999.0,-999.0,-999.0,0,23.645299911499023,0.3384070098400116,-999.0,1,4120,-999.0,-999.0,-999.0,-999.0,0,-999.0,-999.0,-999.0,-999.0,-999.0,0,-999.0,-999.0,-999.0,0,0,-999.0,-999.0,-999.0,-999.0,0,-999.0,-999.0,-999.0,-999.0,-999.0,0,-999.0,-999.0,-999.0,0,0,-999.0,-999.0,-999.0,-999.0,0,-999.0,-999.0,-999.0,-999.0,-999.0,0,-999.0,-999.0,-999.0,0,0,-999.0,-999.0,-999.0,-999.0,0,-999.0,-999.0,-999.0,-999.0,-999.0,0,-999.0,-999.0,-999.0,0,0,0.02779820348229199
PSO J223.8650+05.5867,-999,-999,-999,114702238649744446,3496239000116303,65296387919463,0,15189953775305,11470,1,1467,31,0.994061019266081,3496239,15203,3,1343750144,0,160,223.86497977,5.58667369,0.0010000000474974513,0.0010000000474974513,223.86497977,5.58667369,0.0010000000474974513,0.0010000000474974513,,,,,55923.4599537,-999.0,-0.7175502169052022,-0.6896697669189596,0.09735141918454492,219.62020338905666,21.324713154173153,2.4032162441465847,53.47449411520556,-999,2,0,0,0,0,0,0,-999.0,-999.0,-999.0,-999.0,0,-999.0,-999.0,-999.0,-999.0,-999.0,0,-999.0,-999.0,-999.0,0,114720,-999.0,-999.0,-999.0,-999.0,0,-999.0,-999.0,-999.0,-999.0,-999.0,0,-999.0,-999.0,-999.0,0,16416,-999.0,-999.0,-999.0,-999.0,0,-999.0,-999.0,-999.0,-999.0,-999.0,0,-999.0,-999.0,-999.0,0,16416,-999.0,-999.0,-999.0,-999.0,0,-999.0,-999.0,-999.0,-999.0,-999.0,0,-999.0,-999.0,-999.0,0,16416,-999.0,-999.0,-999.0,-999.0,0,-999.0,-999.0,-999.0,-999.0,-999.0,0,-999.0,-999.0,-999.0,0,16416,0.027453732843617344
PSO J223.8642+05.5859,-999,-999,-999,114702238642233502,3496239000116290,65296387919450,0,15189953777173,11470,1,1467,31,0.0561619755403716,3496239,15203,3,404226048,0,48,223.86422364,5.58587348,0.0010000000474974513,0.0010000000474974513,223.86422364,5.58587348,0.0010000000474974513,0.0010000000474974513,,,,,55995.96274306,-999.0,-0.7175602985936539,-0.6896612394757997,0.0973375192147916,219.61969924401657,21.323720129241824,2.4013743042523177,53.47456345519591,-999,4,0,0,0,0,0,0,-999.0,-999.0,-999.0,-999.0,0,-999.0,-999.0,-999.0,-999.0,-999.0,0,-999.0,-999.0,-999.0,0,16416,-999.0,-999.0,-999.0,-999.0,0,-999.0,-999.0,-999.0,-999.0,-999.0,0,-999.0,-999.0,-999.0,0,16416,-999.0,-999.0,-999.0,-999.0,0,-999.0,-999.0,-999.0,-999.0,-999.0,0,-999.0,-999.0,-999.0,0,16416,-999.0,-999.0,-999.0,-999.0,0,-999.0,-999.0,-999.0,-999.0,-999.0,0,-999.0,-999.0,-999.0,0,114720,-999.0,-999.0,-999.0,-999.0,0,-999.0,-999.0,-999.0,-999.0,-999.0,0,-999.0,-999.0,-999.0,0,114720,0.027361336242519192
PSO J223.8642+05.5841,-999,-999,-999,114702238641561288,3496239000020475,65296387821562,0,15189953299013,11470,1,1467,31,0.191692927099478,3496239,15203,3,436527104,7,52,223.86420051,5.58406844,0.0010000000474974513,0.0010000000474974513,223.86418065772432,5.58405707265702,0.011236774656454302,0.011236774656454302,-16.79016938632484,7.181304635263403,8.549817607502566,8.549817607502566,56241.735520883434,6.7540082931518555,-0.7175630404342827,-0.6896628391522942,0.09730596741775259,219.6202546012147,21.321980549060797,2.398979856974421,53.4734397370606,-999,10,45,8,9,15,12,1,0.9993360042572021,21.41390037536621,0.13309699296951294,0.3416360020637512,8,21.195899963378906,22.015300750732422,21.164600372314453,0.1822340041399002,0.4837140142917633,8,21.256999969482422,0.1220880001783371,0.39194801449775696,8,115000,0.9997429847717285,21.223800659179688,0.049330998212099075,0.26498401165008545,8,20.7096004486084,21.31290054321289,21.089099884033203,0.1122020035982132,0.3805460035800934,8,21.059900283813477,0.12518300116062164,0.40491101145744324,8,115000,0.9994969964027405,20.924100875854492,0.05230399966239929,0.1686359941959381,11,20.643600463867188,21.12470054626465,20.57040023803711,0.05827200040221214,0.19520999491214752,11,20.51759910583496,0.06293000280857086,0.2318270057439804,12,115000,0.9995959997177124,20.801599502563477,0.0307839997112751,0.21179300546646118,12,20.402000427246094,20.909900665283203,20.28700065612793,0.05413899943232536,0.25103700160980225,12,20.29170036315918,0.04842599853873253,0.13502399623394012,12,16892216,0.9976930022239685,20.488500595092773,0.151761993765831,-999.0,1,20.488500595092773,20.488500595092773,19.838499069213867,0.20561400055885315,-999.0,1,19.871700286865234,0.151761993765831,-999.0,1,16892216,0.026094832642115224
PSO J223.8639+05.5837,-999,-999,-999,114702238638970919,3496239000020440,65296387821527,0,15189953298573,11470,1,1467,31,0.45832779394307,3496239,15203,3,268959744,0,32,-999.0,-999.0,-999.0,-999.0,223.86386053,5.58371306,0.21839000284671783,0.21839000284671783,,,,,56785.3649537,-999.0,-0.7175673149816791,-0.6896592347489037,0.09729999175508848,219.62004413889912,21.32155338283001,2.39819123633939,53.473463999650996,-999,0,1,0,0,1,0,0,-999.0,-999.0,-999.0,-999.0,0,-999.0,-999.0,-999.0,-999.0,-999.0,0,-999.0,-999.0,-999.0,0,0,-999.0,-999.0,-999.0,-999.0,0,-999.0,-999.0,-999.0,-999.0,-999.0,0,-999.0,-999.0,-999.0,0,0,0.8397430181503296,21.994300842285156,0.21787099540233612,-999.0,1,21.994300842285156,21.994300842285156,-999.0,-999.0,-999.0,0,21.840499877929688,0.21787099540233612,-999.0,1,4120,-999.0,-999.0,-999.0,-999.0,0,-999.0,-999.0,-999.0,-999.0,-999.0,0,-999.0,-999.0,-999.0,0,0,-999.0,-999.0,-999.0,-999.0,0,-999.0,-999.0,-999.0,-999.0,-999.0,0,-999.0,-999.0,-999.0,0,0,0.026088216682447228
PSO J223.8631+05.5904,-999,-999,-999,114702238630758928,3496239000020327,65296387821414,0,15189953789846,11470,1,1467,31,0.114670755448445,3496239,15203,3,310456320,0,37,-999.0,-999.0,-999.0,-999.0,223.8630628,5.59039212,0.18151000142097473,0.18151000142097473,,,,,55401.31690972,-999.0,-0.7175687343145035,-0.6896413797152072,0.09741600956098999,219.617025809863,21.327663590847973,2.4059846262930877,53.47833495078767,-999,0,1,0,0,0,0,1,-999.0,-999.0,-999.0,-999.0,0,-999.0,-999.0,-999.0,-999.0,-999.0,0,-999.0,-999.0,-999.0,0,0,-999.0,-999.0,-999.0,-999.0,0,-999.0,-999.0,-999.0,-999.0,-999.0,0,-999.0,-999.0,-999.0,0,0,-999.0,-999.0,-999.0,-999.0,0,-999.0,-999.0,-999.0,-999.0,-999.0,0,-999.0,-999.0,-999.0,0,0,-999.0,-999.0,-999.0,-999.0,0,-999.0,-999.0,-999.0,-999.0,-999.0,0,-999.0,-999.0,-999.0,0,0,0.999538004398346,19.322599411010742,0.1808920055627823,-999.0,1,19.322599411010742,19.322599411010742,18.832000732421875,0.21928000450134277,-999.0,1,18.509899139404297,0.1808920055627823,-999.0,1,16777488,0.03153074924820687
PSO J223.8628+05.5860,-999,-999,-999,114702238628403663,3496239000020283,65296387821370,0,15189953777429,11470,1,1467,31,0.570747818398055,3496239,15203,3,268959744,0,32,-999.0,-999.0,-999.0,-999.0,223.86282359,5.58601112,0.33138999342918396,0.33138999342918396,,,,,56042.37965278,-999.0,-0.7175769819898528,-0.6896435433064501,0.09733991007833843,219.61823060667706,21.323422096431095,2.400059370076702,53.47572450315059,-999,0,1,1,0,0,0,0,0.6025450229644775,22.302200317382812,0.331046998500824,-999.0,1,22.302200317382812,22.302200317382812,-999.0,-999.0,-999.0,0,-999.0,-999.0,-999.0,0,4120,-999.0,-999.0,-999.0,-999.0,0,-999.0,-999.0,-999.0,-999.0,-999.0,0,-999.0,-999.0,-999.0,0,0,-999.0,-999.0,-999.0,-999.0,0,-999.0,-999.0,-999.0,-999.0,-999.0,0,-999.0,-999.0,-999.0,0,0,-999.0,-999.0,-999.0,-999.0,0,-999.0,-999.0,-999.0,-999.0,-999.0,0,-999.0,-999.0,-999.0,0,0,-999.0,-999.0,-999.0,-999.0,0,-999.0,-999.0,-999.0,-999.0,-999.0,0,-999.0,-999.0,-999.0,0,0,0.02842857955638672
PSO J223.8627+05.5906,-999,-999,-999,114702238627169211,3496239000020264,65296387821351,0,15189953789936,11470,1,1467,31,0.289863752471156,3496239,15203,3,310456320,0,37,-999.0,-999.0,-999.0,-999.0,223.86270163,5.59063583,0.16035999357700348,0.16035999357700348,,,,,56143.26857639,-999.0,-0.7175727827643054,-0.6896365692992386,0.09742024287111821,219.616578124739,21.32778479341447,2.405914914658958,53.47876724606734,-999,0,1,0,0,0,1,0,-999.0,-999.0,-999.0,-999.0,0,-999.0,-999.0,-999.0,-999.0,-999.0,0,-999.0,-999.0,-999.0,0,0,-999.0,-999.0,-999.0,-999.0,0,-999.0,-999.0,-999.0,-999.0,-999.0,0,-999.0,-999.0,-999.0,0,0,-999.0,-999.0,-999.0,-999.0,0,-999.0,-999.0,-999.0,-999.0,-999.0,0,-999.0,-999.0,-999.0,0,0,0.9985550045967102,20.612300872802734,0.1596599966287613,-999.0,1,20.612300872802734,20.612300872802734,19.75830078125,0.1547269970178604,-999.0,1,19.76460075378418,0.1596599966287613,-999.0,1,16777496,-999.0,-999.0,-999.0,-999.0,0,-999.0,-999.0,-999.0,-999.0,-999.0,0,-999.0,-999.0,-999.0,0,0,0.0319466077684953
PSO J223.8626+05.5910,-999,-999,-999,114702238626099706,3496239000020248,65296387821335,0,15189953789701,11470,1,1467,31,0.995610729787136,3496239,15203,3,302067712,0,36,-999.0,-999.0,-999.0,-999.0,223.86259329,5.5910498,0.18616999685764313,0.18616999685764313,,,,,56143.27934028,-999.0,-0.717573579274647,-0.6896347246921337,0.09742743364051315,219.61633116995245,21.32814545680666,2.4063352070021087,53.47911428422456,-999,0,1,0,0,0,1,0,-999.0,-999.0,-999.0,-999.0,0,-999.0,-999.0,-999.0,-999.0,-999.0,0,-999.0,-999.0,-999.0,0,0,-999.0,-999.0,-999.0,-999.0,0,-999.0,-999.0,-999.0,-999.0,-999.0,0,-999.0,-999.0,-999.0,0,0,-999.0,-999.0,-999.0,-999.0,0,-999.0,-999.0,-999.0,-999.0,-999.0,0,-999.0,-999.0,-999.0,0,0,0.9985669851303101,20.378299713134766,0.18556299805641174,-999.0,1,20.378299713134766,20.378299713134766,20.196800231933594,0.2700600028038025,-999.0,1,20.01580047607422,0.18556299805641174,-999.0,1,280,-999.0,-999.0,-999.0,-999.0,0,-999.0,-999.0,-999.0,-999.0,-999.0,0,-999.0,-999.0,-999.0,0,0,0.03233596859563138
PSO J223.8624+05.5830,-999,-999,-999,114702238624400080,3496239000020223,65296387821310,0,15189953773615,11470,1,1467,31,0.68659460515398,3496239,15203,3,268513280,0,32,-999.0,-999.0,-999.0,-999.0,223.86242704,5.58302007,0.017880000174045563,0.017880000174045563,,,,,56335.66734954,-999.0,-0.7175854178797246,-0.6896420970458655,0.09728795418016584,219.61881604040983,21.32045482106276,2.395765679983475,53.47412088614593,-999,0,1,0,0,0,0,1,-999.0,-999.0,-999.0,-999.0,0,-999.0,-999.0,-999.0,-999.0,-999.0,0,-999.0,-999.0,-999.0,0,0,-999.0,-999.0,-999.0,-999.0,0,-999.0,-999.0,-999.0,-999.0,-999.0,0,-999.0,-999.0,-999.0,0,0,-999.0,-999.0,-999.0,-999.0,0,-999.0,-999.0,-999.0,-999.0,-999.0,0,-999.0,-999.0,-999.0,0,0,-999.0,-999.0,-999.0,-999.0,0,-999.0,-999.0,-999.0,-999.0,-999.0,0,-999.0,-999.0,-999.0,0,0,0.9980940222740173,16.799100875854492,0.009736999869346619,-999.0,1,16.799100875854492,16.799100875854492,17.467100143432617,0.024226000532507896,-999.0,1,17.390600204467773,0.009736999869346619,-999.0,1,24,0.02669757929120032
PSO J223.8620+05.5859,-999,-999,-999,114702238619913486,3496239000020159,65296387821246,0,15189953776983,11470,1,1467,31,0.807443946420629,3496239,15203,3,268959744,0,32,-999.0,-999.0,-999.0,-999.0,223.86199101,5.58585618,-999.0,-999.0,,,,,-999.0,-999.0,-0.7175871930928502,-0.6896332983286002,0.09733721870661935,219.6174355020322,21.323019568528537,2.3989709234143395,53.47626393243899,-999,0,1,1,0,0,0,0,-999.0,-999.0,-999.0,-999.0,0,-999.0,-999.0,-999.0,-999.0,-999.0,0,-999.0,-999.0,-999.0,0,24,-999.0,-999.0,-999.0,-999.0,0,-999.0,-999.0,-999.0,-999.0,-999.0,0,-999.0,-999.0,-999.0,0,0,-999.0,-999.0,-999.0,-999.0,0,-999.0,-999.0,-999.0,-999.0,-999.0,0,-999.0,-999.0,-999.0,0,0,-999.0,-999.0,-999.0,-999.0,0,-999.0,-999.0,-999.0,-999.0,-999.0,0,-999.0,-999.0,-999.0,0,0,-999.0,-999.0,-999.0,-999.0,0,-999.0,-999.0,-999.0,-999.0,-999.0,0,-999.0,-999.0,-999.0,0,0,0.028912608143190924
PSO J223.8616+05.5859,-999,-999,-999,114702238616503574,3496239000020104,65296387821191,0,15189953777151,11470,1,1467,31,0.113819402748551,3496239,15203,3,268513280,0,32,-999.0,-999.0,-999.0,-999.0,223.86164489,5.58594414,0.015860000625252724,0.015860000625252724,,,,,56721.60342593,-999.0,-0.7175912513656647,-0.6896288598747918,0.09733874660819378,219.6170546029939,21.32299719915108,2.3987156232567592,53.476585357934304,-999,0,1,1,0,0,0,0,0.9992809891700745,17.6112003326416,0.0050849998369812965,-999.0,1,17.6112003326416,17.6112003326416,18.207599639892578,0.013638000003993511,-999.0,1,18.159099578857422,0.0050849998369812965,-999.0,1,24,-999.0,-999.0,-999.0,-999.0,0,-999.0,-999.0,-999.0,-999.0,-999.0,0,-999.0,-999.0,-999.0,0,0,-999.0,-999.0,-999.0,-999.0,0,-999.0,-999.0,-999.0,-999.0,-999.0,0,-999.0,-999.0,-999.0,0,0,-999.0,-999.0,-999.0,-999.0,0,-999.0,-999.0,-999.0,-999.0,-999.0,0,-999.0,-999.0,-999.0,0,0,-999.0,-999.0,-999.0,-999.0,0,-999.0,-999.0,-999.0,-999.0,-999.0,0,-999.0,-999.0,-999.0,0,0,0.02922300484469765
PSO J223.8616+05.5853,-999,-999,-999,114702238614172900,3496239000020070,65296387821157,0,15189953774289,11470,1,1467,31,0.598945702983947,3496239,15203,3,1343750144,0,160,223.86160323,5.58526085,0.0010000000474974513,0.0010000000474974513,223.86160323,5.58526085,0.0010000000474974513,0.0010000000474974513,,,,,55995.96274306,-999.0,-0.7175925897221911,-0.6896291424220888,0.09732687757229971,219.61723808491334,21.322334334181303,2.397786898291638,53.476181515183164,-999,2,1,0,0,0,1,0,-999.0,-999.0,-999.0,-999.0,0,-999.0,-999.0,-999.0,-999.0,-999.0,0,-999.0,-999.0,-999.0,0,114720,-999.0,-999.0,-999.0,-999.0,0,-999.0,-999.0,-999.0,-999.0,-999.0,0,-999.0,-999.0,-999.0,0,16416,-999.0,-999.0,-999.0,-999.0,0,-999.0,-999.0,-999.0,-999.0,-999.0,0,-999.0,-999.0,-999.0,0,16416,0.0,20.16360092163086,0.22857800126075745,-999.0,1,20.16360092163086,20.16360092163086,-999.0,-999.0,-999.0,0,19.638200759887695,0.22857800126075745,-999.0,1,20528,-999.0,-999.0,-999.0,-999.0,0,-999.0,-999.0,-999.0,-999.0,-999.0,0,-999.0,-999.0,-999.0,0,16416,0.02878901412746118
PSO J223.8613+05.5909,-999,-999,-999,114702238613159524,3496239000020060,65296387821147,0,15189953789673,11470,1,1467,31,0.00235072709838927,3496239,15203,3,268513280,0,32,-999.0,-999.0,-999.0,-999.0,223.86129736,5.59088588,0.021539999172091484,0.021539999172091484,,,,,56317.68130787,-999.0,-0.7175893783884749,-0.6896186873968528,0.0974245863069686,219.61506801971098,21.327592396739934,2.4047409921164165,53.48000325559704,-999,0,1,0,0,0,0,1,-999.0,-999.0,-999.0,-999.0,0,-999.0,-999.0,-999.0,-999.0,-999.0,0,-999.0,-999.0,-999.0,0,0,-999.0,-999.0,-999.0,-999.0,0,-999.0,-999.0,-999.0,-999.0,-999.0,0,-999.0,-999.0,-999.0,0,0,-999.0,-999.0,-999.0,-999.0,0,-999.0,-999.0,-999.0,-999.0,-999.0,0,-999.0,-999.0,-999.0,0,0,-999.0,-999.0,-999.0,-999.0,0,-999.0,-999.0,-999.0,-999.0,-999.0,0,-999.0,-999.0,-999.0,0,0,0.9983710050582886,16.636199951171875,0.015452000312507153,-999.0,1,16.636199951171875,16.636199951171875,17.361400604248047,0.038676999509334564,-999.0,1,17.26919937133789,0.015452000312507153,-999.0,1,24,0.0330370688694079
PSO J223.8610+05.5897,-999,-999,-999,114702238609698081,3496239000116236,65296387919396,0,15189953787698,11470,1,1467,31,0.862749970390228,3496239,15203,3,1343750144,0,160,223.8610001,5.58968325,0.0010000000474974513,0.0010000000474974513,223.8610001,5.58968325,0.0010000000474974513,0.0010000000474974513,,,,,55954.56858796,-999.0,-0.717594430516586,-0.6896163812163951,0.09740369628294537,219.61516335118026,21.32635710005783,2.402867336181875,53.47946421840402,-999,2,0,0,0,0,0,0,-999.0,-999.0,-999.0,-999.0,0,-999.0,-999.0,-999.0,-999.0,-999.0,0,-999.0,-999.0,-999.0,0,114720,-999.0,-999.0,-999.0,-999.0,0,-999.0,-999.0,-999.0,-999.0,-999.0,0,-999.0,-999.0,-999.0,0,16416,-999.0,-999.0,-999.0,-999.0,0,-999.0,-999.0,-999.0,-999.0,-999.0,0,-999.0,-999.0,-999.0,0,16416,-999.0,-999.0,-999.0,-999.0,0,-999.0,-999.0,-999.0,-999.0,-999.0,0,-999.0,-999.0,-999.0,0,16416,-999.0,-999.0,-999.0,-999.0,0,-999.0,-999.0,-999.0,-999.0,-999.0,0,-999.0,-999.0,-999.0,0,16416,0.0323363121271783
PSO J223.8610+05.5886,-999,-999,-999,114702238609666795,3496239000116235,65296387919395,0,15189953787317,11470,1,1467,31,0.402629211919968,3496239,15203,3,1075314688,0,128,223.8609666,5.58861299,0.0010000000474974513,0.0010000000474974513,223.8609666,5.58861299,0.0010000000474974513,0.0010000000474974513,,,,,56161.1609375,-999.0,-0.7175961454716963,-0.6896172222513073,0.09738510552725785,219.6154830408036,21.32532856543746,2.4014463548705947,53.47880737169744,-999,1,0,0,0,0,0,0,-999.0,-999.0,-999.0,-999.0,0,-999.0,-999.0,-999.0,-999.0,-999.0,0,-999.0,-999.0,-999.0,0,32800,-999.0,-999.0,-999.0,-999.0,0,-999.0,-999.0,-999.0,-999.0,-999.0,0,-999.0,-999.0,-999.0,0,32,-999.0,-999.0,-999.0,-999.0,0,-999.0,-999.0,-999.0,-999.0,-999.0,0,-999.0,-999.0,-999.0,0,32,-999.0,-999.0,-999.0,-999.0,0,-999.0,-999.0,-999.0,-999.0,-999.0,0,-999.0,-999.0,-999.0,0,32,-999.0,-999.0,-999.0,-999.0,0,-999.0,-999.0,-999.0,-999.0,-999.0,0,-999.0,-999.0,-999.0,0,32,0.031580221460255735
PSO J223.8608+05.5865,-999,-999,-999,114702238608264307,3496239000116233,65296387919393,0,15189953776072,11470,1,1467,31,0.727121450684146,3496239,15203,3,1343750144,0,160,223.86083363,5.58654592,0.0010000000474974513,0.0010000000474974513,223.86083363,5.58654592,0.0010000000474974513,0.0010000000474974513,,,,,56143.27903935,-999.0,-0.7176002786762056,-0.6896179908819599,0.09734919976949635,219.61603107244994,21.32332116174807,2.398629225035441,53.477591042546706,-999,2,0,0,0,0,0,0,-999.0,-999.0,-999.0,-999.0,0,-999.0,-999.0,-999.0,-999.0,-999.0,0,-999.0,-999.0,-999.0,0,114720,-999.0,-999.0,-999.0,-999.0,0,-999.0,-999.0,-999.0,-999.0,-999.0,0,-999.0,-999.0,-999.0,0,16416,-999.0,-999.0,-999.0,-999.0,0,-999.0,-999.0,-999.0,-999.0,-999.0,0,-999.0,-999.0,-999.0,0,16416,-999.0,-999.0,-999.0,-999.0,0,-999.0,-999.0,-999.0,-999.0,-999.0,0,-999.0,-999.0,-999.0,0,16416,-999.0,-999.0,-999.0,-999.0,0,-999.0,-999.0,-999.0,-999.0,-999.0,0,-999.0,-999.0,-999.0,0,16416,0.03022347302051607
PSO J223.8603+05.5851,-999,-999,-999,114702238602602527,3496239000116223,65296387919383,0,15189953957428,11470,1,1467,31,0.625411355519119,3496239,15203,3,1343750144,0,160,223.86026011,5.5850661,0.0010000000474974513,0.0010000000474974513,223.86026011,5.5850661,0.0010000000474974513,0.0010000000474974513,,,,,56136.73445602,-999.0,-0.7176089942444916,-0.6896125497427372,0.09732349468001028,219.61593718892908,21.321737486487027,2.3961023732810283,53.47708689513191,-999,2,0,0,0,0,0,0,-999.0,-999.0,-999.0,-999.0,0,-999.0,-999.0,-999.0,-999.0,-999.0,0,-999.0,-999.0,-999.0,0,114720,-999.0,-999.0,-999.0,-999.0,0,-999.0,-999.0,-999.0,-999.0,-999.0,0,-999.0,-999.0,-999.0,0,16416,-999.0,-999.0,-999.0,-999.0,0,-999.0,-999.0,-999.0,-999.0,-999.0,0,-999.0,-999.0,-999.0,0,16416,-999.0,-999.0,-999.0,-999.0,0,-999.0,-999.0,-999.0,-999.0,-999.0,0,-999.0,-999.0,-999.0,0,16416,-999.0,-999.0,-999.0,-999.0,0,-999.0,-999.0,-999.0,-999.0,-999.0,0,-999.0,-999.0,-999.0,0,16416,0.029665146858708448
PSO J223.8596+05.5892,-999,-999,-999,114702238596117495,3496239000019834,65296387820921,0,15189953787048,11470,1,1467,31,0.487596829875928,3496239,15203,3,268959744,0,32,-999.0,-999.0,-999.0,-999.0,223.8595855,5.58918749,0.2613599896430969,0.2613599896430969,,,,,55609.56458333,-999.0,-0.7176120641969324,-0.6895992479549008,0.09739508477871475,219.61388927018274,21.325451950022227,2.4007169571378975,53.48023249530173,-999,0,1,0,0,0,1,0,-999.0,-999.0,-999.0,-999.0,0,-999.0,-999.0,-999.0,-999.0,-999.0,0,-999.0,-999.0,-999.0,0,0,-999.0,-999.0,-999.0,-999.0,0,-999.0,-999.0,-999.0,-999.0,-999.0,0,-999.0,-999.0,-999.0,0,0,-999.0,-999.0,-999.0,-999.0,0,-999.0,-999.0,-999.0,-999.0,-999.0,0,-999.0,-999.0,-999.0,0,0,0.6420919895172119,20.21739959716797,0.2609260082244873,-999.0,1,20.21739959716797,20.21739959716797,-999.0,-999.0,-999.0,0,-999.0,-999.0,-999.0,0,4112,-999.0,-999.0,-999.0,-999.0,0,-999.0,-999.0,-999.0,-999.0,-999.0,0,-999.0,-999.0,-999.0,0,0,0.03295339344763579
PSO J223.8593+05.5862,-999,-999,-999,114702238592703872,3496239000116202,65296387919362,0,15189953955414,11470,1,1467,31,0.761932631732833,3496239,15203,3,1075314688,0,128,223.85927075,5.58617733,0.0010000000474974513,0.0010000000474974513,223.85927075,5.58617733,0.0010000000474974513,0.0010000000474974513,,,,,55988.16083333,-999.0,-0.7176195409409108,-0.6895988502675643,0.09734279721381546,219.61456424888968,21.32249157150363,2.396485288038882,53.478554021670774,-999,1,0,0,0,0,0,0,-999.0,-999.0,-999.0,-999.0,0,-999.0,-999.0,-999.0,-999.0,-999.0,0,-999.0,-999.0,-999.0,0,32800,-999.0,-999.0,-999.0,-999.0,0,-999.0,-999.0,-999.0,-999.0,-999.0,0,-999.0,-999.0,-999.0,0,32,-999.0,-999.0,-999.0,-999.0,0,-999.0,-999.0,-999.0,-999.0,-999.0,0,-999.0,-999.0,-999.0,0,32,-999.0,-999.0,-999.0,-999.0,0,-999.0,-999.0,-999.0,-999.0,-999.0,0,-999.0,-999.0,-999.0,0,32,-999.0,-999.0,-999.0,-999.0,0,-999.0,-999.0,-999.0,-999.0,-999.0,0,-999.0,-999.0,-999.0,0,32,0.03113547823282771
PSO J223.8588+05.5885,-999,-999,-999,114702238588126721,3496239000019690,65296387820777,0,15189953786892,11470,1,1467,31,0.860252691302684,3496239,15203,3,268959744,0,32,-999.0,-999.0,-999.0,-999.0,223.85880599,5.58854634,0.2071000039577484,0.2071000039577484,,,,,55399.26950231,-999.0,-0.7176222319434371,-0.6895902398761741,0.0973839477944924,219.61330881979518,21.324603079976296,2.3990557045409346,53.480421168095766,-999,0,1,0,0,0,1,0,-999.0,-999.0,-999.0,-999.0,0,-999.0,-999.0,-999.0,-999.0,-999.0,0,-999.0,-999.0,-999.0,0,0,-999.0,-999.0,-999.0,-999.0,0,-999.0,-999.0,-999.0,-999.0,-999.0,0,-999.0,-999.0,-999.0,0,0,-999.0,-999.0,-999.0,-999.0,0,-999.0,-999.0,-999.0,-999.0,-999.0,0,-999.0,-999.0,-999.0,0,0,0.7590810060501099,17.997299194335938,0.20656099915504456,-999.0,1,17.997299194335938,17.997299194335938,-999.0,-999.0,-999.0,0,18.732500076293945,0.20656099915504456,-999.0,1,4112,-999.0,-999.0,-999.0,-999.0,0,-999.0,-999.0,-999.0,-999.0,-999.0,0,-999.0,-999.0,-999.0,0,0,0.033063902536378906
PSO J223.8589+05.5893,-999,-999,-999,114702238587277855,3496239000019676,65296387820763,0,15189953783009,11470,1,1467,31,0.64169989679167,3496239,15203,3,1343750144,0,160,223.85887443,5.58928336,0.0010000000474974513,0.0010000000474974513,223.85887443,5.58928336,0.0010000000474974513,0.0010000000474974513,,,,,55999.1331713,-999.0,-0.7176205049144508,-0.6895902290505422,0.0973967500707765,219.61313478281804,21.32532526749663,2.4000826450560093,53.48083873519724,-999,2,1,0,0,0,0,1,-999.0,-999.0,-999.0,-999.0,0,-999.0,-999.0,-999.0,-999.0,-999.0,0,-999.0,-999.0,-999.0,0,114720,-999.0,-999.0,-999.0,-999.0,0,-999.0,-999.0,-999.0,-999.0,-999.0,0,-999.0,-999.0,-999.0,0,16416,-999.0,-999.0,-999.0,-999.0,0,-999.0,-999.0,-999.0,-999.0,-999.0,0,-999.0,-999.0,-999.0,0,16416,-999.0,-999.0,-999.0,-999.0,0,-999.0,-999.0,-999.0,-999.0,-999.0,0,-999.0,-999.0,-999.0,0,16416,0.5393700003623962,18.663999557495117,0.13654400408267975,-999.0,1,18.663999557495117,18.663999557495117,-999.0,-999.0,-999.0,0,18.67919921875,0.13654400408267975,-999.0,1,20528,0.033524433892857544
PSO J223.8585+05.5848,-999,-999,-999,114702238585032260,3496239000116191,65296387919351,0,15189953957745,11470,1,1467,31,0.599201362206788,3496239,15203,3,1343750144,0,160,223.85850553,5.58483923,0.0010000000474974513,0.0010000000474974513,223.85850553,5.58483923,0.0010000000474974513,0.0010000000474974513,,,,,55995.96274306,-999.0,-0.7176303899125698,-0.6895908409432184,0.0973195538479187,219.6142286785551,21.320983988596822,2.3939373389646965,53.478287169092106,-999,2,0,0,0,0,0,0,-999.0,-999.0,-999.0,-999.0,0,-999.0,-999.0,-999.0,-999.0,-999.0,0,-999.0,-999.0,-999.0,0,114720,-999.0,-999.0,-999.0,-999.0,0,-999.0,-999.0,-999.0,-999.0,-999.0,0,-999.0,-999.0,-999.0,0,16416,-999.0,-999.0,-999.0,-999.0,0,-999.0,-999.0,-999.0,-999.0,-999.0,0,-999.0,-999.0,-999.0,0,16416,-999.0,-999.0,-999.0,-999.0,0,-999.0,-999.0,-999.0,-999.0,-999.0,0,-999.0,-999.0,-999.0,0,16416,-999.0,-999.0,-999.0,-999.0,0,-999.0,-999.0,-999.0,-999.0,-999.0,0,-999.0,-999.0,-999.0,0,16416,0.03087822727583934
PSO J223.8582+05.5872,-999,-999,-999,114702238581925158,3496239000019595,65296387820682,0,15189953954900,11470,1,1467,31,0.304188922330913,3496239,15203,3,268959744,0,32,-999.0,-999.0,-999.0,-999.0,223.85818396,5.58723607,0.22123000025749207,0.22123000025749207,,,,,55401.31690972,-999.0,-0.7176313240439038,-0.6895839918631249,0.09736118794011892,219.61310961116172,21.323165852184186,2.396696378965456,53.48006235448358,-999,0,1,0,0,0,0,1,-999.0,-999.0,-999.0,-999.0,0,-999.0,-999.0,-999.0,-999.0,-999.0,0,-999.0,-999.0,-999.0,0,0,-999.0,-999.0,-999.0,-999.0,0,-999.0,-999.0,-999.0,-999.0,-999.0,0,-999.0,-999.0,-999.0,0,0,-999.0,-999.0,-999.0,-999.0,0,-999.0,-999.0,-999.0,-999.0,-999.0,0,-999.0,-999.0,-999.0,0,0,-999.0,-999.0,-999.0,-999.0,0,-999.0,-999.0,-999.0,-999.0,-999.0,0,-999.0,-999.0,-999.0,0,0,0.43458300828933716,19.17289924621582,0.22071799635887146,-999.0,1,19.17289924621582,19.17289924621582,19.735700607299805,0.2604599893093109,-999.0,1,19.375200271606445,0.22071799635887146,-999.0,1,4112,0.03264598762590437
PSO J223.8580+05.5832,-999,-999,-999,114702238580290297,3496239000116179,65296387919339,0,15189953957328,11470,1,1467,31,0.318806869274757,3496239,15203,3,1343750144,0,160,223.85802722,5.58319838,0.0010000000474974513,0.0010000000474974513,223.85802722,5.58319838,0.0010000000474974513,0.0010000000474974513,,,,,56056.84939815,-999.0,-0.7176381559903273,-0.6895867808783954,0.09729105151335517,219.61428480693334,21.319276279878853,2.391303662018812,53.477607239127614,-999,2,0,0,0,0,0,0,-999.0,-999.0,-999.0,-999.0,0,-999.0,-999.0,-999.0,-999.0,-999.0,0,-999.0,-999.0,-999.0,0,114720,-999.0,-999.0,-999.0,-999.0,0,-999.0,-999.0,-999.0,-999.0,-999.0,0,-999.0,-999.0,-999.0,0,16416,-999.0,-999.0,-999.0,-999.0,0,-999.0,-999.0,-999.0,-999.0,-999.0,0,-999.0,-999.0,-999.0,0,16416,-999.0,-999.0,-999.0,-999.0,0,-999.0,-999.0,-999.0,-999.0,-999.0,0,-999.0,-999.0,-999.0,0,16416,-999.0,-999.0,-999.0,-999.0,0,-999.0,-999.0,-999.0,-999.0,-999.0,0,-999.0,-999.0,-999.0,0,16416,0.030288679893175425
PSO J223.8580+05.5907,-999,-999,-999,114702238579739255,3496239000116177,65296387919337,0,15189953783568,11470,1,1467,31,0.169196083367985,3496239,15203,3,1343750144,0,160,223.8579561,5.59066835,0.0010000000474974513,0.0010000000474974513,223.8579561,5.59066835,0.0010000000474974513,0.0010000000474974513,,,,,55995.96274306,-999.0,-0.7176298596665059,-0.6895770955679317,0.09742080775238236,219.61174351741047,21.326361561371076,2.400895859242535,53.48242597783693,-999,2,0,0,0,0,0,0,-999.0,-999.0,-999.0,-999.0,0,-999.0,-999.0,-999.0,-999.0,-999.0,0,-999.0,-999.0,-999.0,0,16416,-999.0,-999.0,-999.0,-999.0,0,-999.0,-999.0,-999.0,-999.0,-999.0,0,-999.0,-999.0,-999.0,0,16416,-999.0,-999.0,-999.0,-999.0,0,-999.0,-999.0,-999.0,-999.0,-999.0,0,-999.0,-999.0,-999.0,0,114720,-999.0,-999.0,-999.0,-999.0,0,-999.0,-999.0,-999.0,-999.0,-999.0,0,-999.0,-999.0,-999.0,0,16416,-999.0,-999.0,-999.0,-999.0,0,-999.0,-999.0,-999.0,-999.0,-999.0,0,-999.0,-999.0,-999.0,0,16416,0.03514735162296151
PSO J223.8573+05.5880,-999,-999,-999,114702238573006196,3496239000019470,65296387820557,0,15189953968374,11470,1,1467,31,0.627348477605123,3496239,15203,3,268959744,0,32,-999.0,-999.0,-999.0,-999.0,223.85732945,5.5879648,0.08752000331878662,0.08752000331878662,,,,,56822.40578704,-999.0,-0.7176407154647624,-0.6895724309851085,0.09737384624482917,219.61200015092774,21.323597326074005,2.3967281167408965,53.48118215604746,-999,0,2,0,0,2,0,0,-999.0,-999.0,-999.0,-999.0,0,-999.0,-999.0,-999.0,-999.0,-999.0,0,-999.0,-999.0,-999.0,0,0,-999.0,-999.0,-999.0,-999.0,0,-999.0,-999.0,-999.0,-999.0,-999.0,0,-999.0,-999.0,-999.0,0,0,0.56911700963974,19.808000564575195,0.2222069948911667,0.34243500232696533,2,19.68199920654297,20.126399993896484,-999.0,-999.0,-999.0,0,21.10449981689453,0.3346709907054901,0.5744979977607727,2,4112,-999.0,-999.0,-999.0,-999.0,0,-999.0,-999.0,-999.0,-999.0,-999.0,0,-999.0,-999.0,-999.0,0,0,-999.0,-999.0,-999.0,-999.0,0,-999.0,-999.0,-999.0,-999.0,-999.0,0,-999.0,-999.0,-999.0,0,0,0.0337659385919302
PSO J223.8573+05.5883,-999,-999,-999,114702238572856377,3496239000116165,65296387919325,0,15189953968226,11470,1,1467,31,0.592500508383383,3496239,15203,3,1075314688,0,128,223.85728567,5.58826586,0.0010000000474974513,0.0010000000474974513,223.85728567,5.58826586,0.0010000000474974513,0.0010000000474974513,,,,,56020.55252315,-999.0,-0.71764087342632,-0.6895715281185093,0.09737907576174966,219.61185613960137,21.32387034396525,2.3970710837046836,53.481407724326296,-999,2,0,0,0,0,0,0,-999.0,-999.0,-999.0,-999.0,0,-999.0,-999.0,-999.0,-999.0,-999.0,0,-999.0,-999.0,-999.0,0,32800,-999.0,-999.0,-999.0,-999.0,0,-999.0,-999.0,-999.0,-999.0,-999.0,0,-999.0,-999.0,-999.0,0,32800,-999.0,-999.0,-999.0,-999.0,0,-999.0,-999.0,-999.0,-999.0,-999.0,0,-999.0,-999.0,-999.0,0,32,-999.0,-999.0,-999.0,-999.0,0,-999.0,-999.0,-999.0,-999.0,-999.0,0,-999.0,-999.0,-999.0,0,32,-999.0,-999.0,-999.0,-999.0,0,-999.0,-999.0,-999.0,-999.0,-999.0,0,-999.0,-999.0,-999.0,0,32,0.03399632592421971
PSO J223.8571+05.5885,-999,-999,-999,114702238570596719,3496239000019433,65296387820520,0,15189953960095,11470,1,1467,31,0.0348964445617948,3496239,15203,3,268959744,0,32,-999.0,-999.0,-999.0,-999.0,223.85707659,5.58851388,0.19665999710559845,0.19665999710559845,,,,,56822.38814815,-999.0,-0.7176430858003467,-0.6895686172765846,0.09738338395340093,219.61156163426037,21.324042243872228,2.397169087166776,53.48172617776361,-999,0,1,0,0,1,0,0,-999.0,-999.0,-999.0,-999.0,0,-999.0,-999.0,-999.0,-999.0,-999.0,0,-999.0,-999.0,-999.0,0,0,-999.0,-999.0,-999.0,-999.0,0,-999.0,-999.0,-999.0,-999.0,-999.0,0,-999.0,-999.0,-999.0,0,0,0.5733519792556763,20.87649917602539,0.19608700275421143,-999.0,1,20.87649917602539,20.87649917602539,-999.0,-999.0,-999.0,0,21.341299057006836,0.19608700275421143,-999.0,1,4120,-999.0,-999.0,-999.0,-999.0,0,-999.0,-999.0,-999.0,-999.0,-999.0,0,-999.0,-999.0,-999.0,0,0,-999.0,-999.0,-999.0,-999.0,0,-999.0,-999.0,-999.0,-999.0,-999.0,0,-999.0,-999.0,-999.0,0,0,0.03431626684445992
PSO J223.8570+05.5844,-999,-999,-999,114702238569691833,3496239000019414,65296387820501,0,15189953956505,11470,1,1467,31,0.172529638905571,3496239,15203,3,268959744,0,32,-999.0,-999.0,-999.0,-999.0,223.8569913,5.5844164,0.24447999894618988,0.24447999894618988,,,,,56822.40097222,-999.0,-0.717649132226376,-0.6895723725431614,0.09731220910001427,219.61282925875332,21.32011768984052,2.3917749604984255,53.47917818561896,-999,0,1,0,0,1,0,0,-999.0,-999.0,-999.0,-999.0,0,-999.0,-999.0,-999.0,-999.0,-999.0,0,-999.0,-999.0,-999.0,0,0,-999.0,-999.0,-999.0,-999.0,0,-999.0,-999.0,-999.0,-999.0,-999.0,0,-999.0,-999.0,-999.0,0,0,0.5406510233879089,20.49139976501465,0.24401600658893585,-999.0,1,20.49139976501465,20.49139976501465,-999.0,-999.0,-999.0,0,21.122499465942383,0.24401600658893585,-999.0,1,4112,-999.0,-999.0,-999.0,-999.0,0,-999.0,-999.0,-999.0,-999.0,-999.0,0,-999.0,-999.0,-999.0,0,0,-999.0,-999.0,-999.0,-999.0,0,-999.0,-999.0,-999.0,-999.0,-999.0,0,-999.0,-999.0,-999.0,0,0,0.031833464561445514
PSO J223.8567+05.5833,-999,-999,-999,114702238566490426,3496239000019363,65296387820450,0,15189953956830,11470,1,1467,31,0.229846495417735,3496239,15203,3,268959744,0,32,-999.0,-999.0,-999.0,-999.0,223.85666498,5.58327285,0.28657999634742737,0.28657999634742737,,,,,56822.38814815,-999.0,-0.7176544599252127,-0.6895696308100976,0.09729234509393321,219.61287552610793,21.3189296976411,2.389946953946706,53.47869891513177,-999,0,1,0,0,1,0,0,-999.0,-999.0,-999.0,-999.0,0,-999.0,-999.0,-999.0,-999.0,-999.0,0,-999.0,-999.0,-999.0,0,0,-999.0,-999.0,-999.0,-999.0,0,-999.0,-999.0,-999.0,-999.0,-999.0,0,-999.0,-999.0,-999.0,0,0,0.4868530035018921,21.076900482177734,0.2861829996109009,-999.0,1,21.076900482177734,21.076900482177734,-999.0,-999.0,-999.0,0,-999.0,-999.0,-999.0,0,4120,-999.0,-999.0,-999.0,-999.0,0,-999.0,-999.0,-999.0,-999.0,-999.0,0,-999.0,-999.0,-999.0,0,0,-999.0,-999.0,-999.0,-999.0,0,-999.0,-999.0,-999.0,-999.0,-999.0,0,-999.0,-999.0,-999.0,0,0,0.03145189653436321
PSO J223.8566+05.5886,-999,-999,-999,114702238565876768,3496239000019351,65296387820438,0,15189953960079,11470,1,1467,31,0.778402730616185,3496239,15203,3,268959744,0,32,-999.0,-999.0,-999.0,-999.0,223.85661523,5.58855748,0.22797000408172607,0.22797000408172607,,,,,56822.37528935,-999.0,-0.7176485849210048,-0.6895627872675094,0.09738414130002307,219.6110782578437,21.32394234534832,2.396733408125574,53.48210764654979,-999,0,1,0,0,1,0,0,-999.0,-999.0,-999.0,-999.0,0,-999.0,-999.0,-999.0,-999.0,-999.0,0,-999.0,-999.0,-999.0,0,0,-999.0,-999.0,-999.0,-999.0,0,-999.0,-999.0,-999.0,-999.0,-999.0,0,-999.0,-999.0,-999.0,0,0,0.44718900322914124,21.064800262451172,0.2274799942970276,-999.0,1,21.064800262451172,21.064800262451172,-999.0,-999.0,-999.0,0,-999.0,-999.0,-999.0,0,4120,-999.0,-999.0,-999.0,-999.0,0,-999.0,-999.0,-999.0,-999.0,-999.0,0,-999.0,-999.0,-999.0,0,0,-999.0,-999.0,-999.0,-999.0,0,-999.0,-999.0,-999.0,-999.0,-999.0,0,-999.0,-999.0,-999.0,0,0,0.03469129510329221
PSO J223.8566+05.5839,-999,-999,-999,114702238565711097,3496239000019344,65296387820431,0,15189953956626,11470,1,1467,31,0.705369713441813,3496239,15203,3,268959744,0,32,-999.0,-999.0,-999.0,-999.0,223.85655639,5.58386817,0.49584001302719116,0.49584001302719116,,,,,56045.38216435,-999.0,-0.7176550378605466,-0.6895675702301551,0.09730268608963198,219.61256838660466,21.319462820876456,2.3906015463470807,53.4791618720464,-999,0,1,0,0,1,0,0,-999.0,-999.0,-999.0,-999.0,0,-999.0,-999.0,-999.0,-999.0,-999.0,0,-999.0,-999.0,-999.0,0,0,-999.0,-999.0,-999.0,-999.0,0,-999.0,-999.0,-999.0,-999.0,-999.0,0,-999.0,-999.0,-999.0,0,0,0.4679830074310303,21.840900421142578,0.49560898542404175,-999.0,1,21.840900421142578,21.840900421142578,-999.0,-999.0,-999.0,0,-999.0,-999.0,-999.0,0,4120,-999.0,-999.0,-999.0,-999.0,0,-999.0,-999.0,-999.0,-999.0,-999.0,0,-999.0,-999.0,-999.0,0,0,-999.0,-999.0,-999.0,-999.0,0,-999.0,-999.0,-999.0,-999.0,-999.0,0,-999.0,-999.0,-999.0,0,0,0.03187399795156202
PSO J223.8563+05.5842,-999,-999,-999,114702238563691538,3496239000019329,65296387820416,0,15189953956556,11470,1,1467,31,0.761089968272569,3496239,15203,3,1342255104,0,160,223.85659435,5.58439552,0.0010000000474974513,0.0010000000474974513,223.85634902,5.58423043,0.01826000027358532,0.01826000027358532,,,,,56392.5502662,-999.0,-0.7176570899717152,-0.6895645465615766,0.09730897871551615,219.6122378693421,21.319743935984953,2.3908491644223306,53.479551887840756,-999,2,1,0,1,0,0,0,-999.0,-999.0,-999.0,-999.0,0,-999.0,-999.0,-999.0,-999.0,-999.0,0,-999.0,-999.0,-999.0,0,114720,0.9996020197868347,18.600200653076172,0.01040900032967329,-999.0,1,18.600200653076172,18.600200653076172,19.515300750732422,0.03421900048851967,-999.0,1,19.469499588012695,0.01040900032967329,-999.0,1,16440,-999.0,-999.0,-999.0,-999.0,0,-999.0,-999.0,-999.0,-999.0,-999.0,0,-999.0,-999.0,-999.0,0,16416,-999.0,-999.0,-999.0,-999.0,0,-999.0,-999.0,-999.0,-999.0,-999.0,0,-999.0,-999.0,-999.0,0,16416,-999.0,-999.0,-999.0,-999.0,0,-999.0,-999.0,-999.0,-999.0,-999.0,0,-999.0,-999.0,-999.0,0,16416,0.032249276777279866
PSO J223.8559+05.5857,-999,-999,-999,114702238558783290,3496239000019257,65296387820344,0,15189953969209,11470,1,1467,31,0.180611648765031,3496239,15203,3,268959744,0,32,-999.0,-999.0,-999.0,-999.0,223.85586426,5.58569977,0.2973000109195709,0.2973000109195709,,,,,56042.37965278,-999.0,-0.7176611244328681,-0.6895567454801388,0.09733450179967185,219.61125947714365,21.320993342403735,2.3922336794271764,53.480860655700724,-999,0,1,1,0,0,0,0,0.6880059838294983,22.58169937133789,0.2969200015068054,-999.0,1,22.58169937133789,22.58169937133789,-999.0,-999.0,-999.0,1,24.73270034790039,0.2969200015068054,-999.0,1,4120,-999.0,-999.0,-999.0,-999.0,0,-999.0,-999.0,-999.0,-999.0,-999.0,0,-999.0,-999.0,-999.0,0,0,-999.0,-999.0,-999.0,-999.0,0,-999.0,-999.0,-999.0,-999.0,-999.0,0,-999.0,-999.0,-999.0,0,0,-999.0,-999.0,-999.0,-999.0,0,-999.0,-999.0,-999.0,-999.0,-999.0,0,-999.0,-999.0,-999.0,0,0,-999.0,-999.0,-999.0,-999.0,0,-999.0,-999.0,-999.0,-999.0,-999.0,0,-999.0,-999.0,-999.0,0,0,0.03349482173963725
PSO J223.8549+05.5839,-999,-999,-999,114702238548851148,3496239000116123,65296387919283,0,15189953968008,11470,1,1467,31,0.755747142020378,3496239,15203,3,1343750144,0,160,223.85486817,5.58391107,0.0010000000474974513,0.0010000000474974513,223.85486817,5.58391107,0.0010000000474974513,0.0010000000474974513,,,,,56039.73670139,-999.0,-0.7176753031200018,-0.6895463737502951,0.09730343128292959,219.610838198237,21.31898629727939,2.38885617653752,53.48048326798758,-999,2,0,0,0,0,0,0,-999.0,-999.0,-999.0,-999.0,0,-999.0,-999.0,-999.0,-999.0,-999.0,0,-999.0,-999.0,-999.0,0,114720,-999.0,-999.0,-999.0,-999.0,0,-999.0,-999.0,-999.0,-999.0,-999.0,0,-999.0,-999.0,-999.0,0,16416,-999.0,-999.0,-999.0,-999.0,0,-999.0,-999.0,-999.0,-999.0,-999.0,0,-999.0,-999.0,-999.0,0,16416,-999.0,-999.0,-999.0,-999.0,0,-999.0,-999.0,-999.0,-999.0,-999.0,0,-999.0,-999.0,-999.0,0,16416,-999.0,-999.0,-999.0,-999.0,0,-999.0,-999.0,-999.0,-999.0,-999.0,0,-999.0,-999.0,-999.0,0,16416,0.03329807882046465
PSO J223.8532+05.5836,-999,-999,-999,114702238532160714,3496239000116100,65296387919260,0,15189953963082,11470,1,1467,31,0.176858766169156,3496239,15203,3,1075314688,0,128,223.85323375,5.58355097,0.0010000000474974513,0.0010000000474974513,223.85323375,5.58355097,0.0010000000474974513,0.0010000000474974513,,,,,55980.73615741,-999.0,-0.7176954138164565,-0.6895263247298236,0.09729717617386004,219.60929590814033,21.318142827688554,2.3866465469197733,53.48150634028388,-999,1,0,0,0,0,0,0,-999.0,-999.0,-999.0,-999.0,0,-999.0,-999.0,-999.0,-999.0,-999.0,0,-999.0,-999.0,-999.0,0,32800,-999.0,-999.0,-999.0,-999.0,0,-999.0,-999.0,-999.0,-999.0,-999.0,0,-999.0,-999.0,-999.0,0,32,-999.0,-999.0,-999.0,-999.0,0,-999.0,-999.0,-999.0,-999.0,-999.0,0,-999.0,-999.0,-999.0,0,32,-999.0,-999.0,-999.0,-999.0,0,-999.0,-999.0,-999.0,-999.0,-999.0,0,-999.0,-999.0,-999.0,0,32,-999.0,-999.0,-999.0,-999.0,0,-999.0,-999.0,-999.0,-999.0,-999.0,0,-999.0,-999.0,-999.0,0,32,0.03449128524049367
PSO J223.9125+05.5822,-999,-999,-999,114692239124839065,3496239000027999,65296387829086,0,15189956665573,11469,1,1467,31,0.224994270340534,3496239,15203,3,268959744,0,32,-999.0,-999.0,-999.0,-999.0,223.91248677,5.58219025,0.2728399932384491,0.2728399932384491,,,,,55338.40309028,-999.0,-0.7169836138527884,-0.6902697703976081,0.09727353978255807,219.66997952833597,21.33499837072258,2.448035559297863,53.43520800537411,-999,0,1,0,1,0,0,0,-999.0,-999.0,-999.0,-999.0,0,-999.0,-999.0,-999.0,-999.0,-999.0,0,-999.0,-999.0,-999.0,0,0,0.6078609824180603,21.708099365234375,0.27242499589920044,-999.0,1,21.708099365234375,21.708099365234375,-999.0,-999.0,-999.0,1,22.55739974975586,0.27242499589920044,-999.0,1,4120,-999.0,-999.0,-999.0,-999.0,0,-999.0,-999.0,-999.0,-999.0,-999.0,0,-999.0,-999.0,-999.0,0,0,-999.0,-999.0,-999.0,-999.0,0,-999.0,-999.0,-999.0,-999.0,-999.0,0,-999.0,-999.0,-999.0,0,0,-999.0,-999.0,-999.0,-999.0,0,-999.0,-999.0,-999.0,-999.0,-999.0,0,-999.0,-999.0,-999.0,0,0,0.033571265129994136
PSO J223.9121+05.5763,-999,-999,-999,114692239121692036,3496239000027953,65296387829040,0,15189956688497,11469,1,1467,31,0.745491908626158,3496239,15203,3,268513280,0,32,-999.0,-999.0,-999.0,-999.0,223.91212741,5.57631843,0.020560000091791153,0.020560000091791153,,,,,56787.38965278,-999.0,-0.7169951210547375,-0.6902721837623129,0.09717154268462562,219.67155343479544,21.329301282284888,2.440057978849524,53.43174128737693,-999,0,1,0,0,1,0,0,-999.0,-999.0,-999.0,-999.0,0,-999.0,-999.0,-999.0,-999.0,-999.0,0,-999.0,-999.0,-999.0,0,0,-999.0,-999.0,-999.0,-999.0,0,-999.0,-999.0,-999.0,-999.0,-999.0,0,-999.0,-999.0,-999.0,0,0,0.9977160096168518,18.658100128173828,0.01406100019812584,-999.0,1,18.658100128173828,18.658100128173828,19.24209976196289,0.030422000214457512,-999.0,1,19.13680076599121,0.01406100019812584,-999.0,1,24,-999.0,-999.0,-999.0,-999.0,0,-999.0,-999.0,-999.0,-999.0,-999.0,0,-999.0,-999.0,-999.0,0,0,-999.0,-999.0,-999.0,-999.0,0,-999.0,-999.0,-999.0,-999.0,-999.0,0,-999.0,-999.0,-999.0,0,0,0.030809152849661195
PSO J223.9099+05.5825,-999,-999,-999,114692239099129557,3496239000027626,65296387828713,0,15189956842040,11469,1,1467,31,0.00625280477688909,3496239,15203,3,302067712,0,36,-999.0,-999.0,-999.0,-999.0,223.90987666,5.58253973,0.18749000132083893,0.18749000132083893,,,,,56822.40097222,-999.0,-0.7170146308922722,-0.6902366959824382,0.09727961043130108,219.66721051052147,21.334531714618464,2.4457085577745628,53.437432574034275,-999,0,1,0,0,1,0,0,-999.0,-999.0,-999.0,-999.0,0,-999.0,-999.0,-999.0,-999.0,-999.0,0,-999.0,-999.0,-999.0,0,0,-999.0,-999.0,-999.0,-999.0,0,-999.0,-999.0,-999.0,-999.0,-999.0,0,-999.0,-999.0,-999.0,0,0,0.999301016330719,20.52050018310547,0.18689000606536865,-999.0,1,20.52050018310547,20.52050018310547,20.360300064086914,0.24010199308395386,-999.0,1,20.365699768066406,0.18689000606536865,-999.0,1,272,-999.0,-999.0,-999.0,-999.0,0,-999.0,-999.0,-999.0,-999.0,-999.0,0,-999.0,-999.0,-999.0,0,0,-999.0,-999.0,-999.0,-999.0,0,-999.0,-999.0,-999.0,-999.0,-999.0,0,-999.0,-999.0,-999.0,0,0,0.03150903668982318
PSO J223.9089+05.5798,-999,-999,-999,114692239090006140,3496239000027508,65296387828595,0,15189956668539,11469,1,1467,31,0.586494620504318,3496239,15203,3,444915712,7,53,223.90897299,5.57980732,0.0010000000474974513,0.0010000000474974513,223.90892795183126,5.579803459644995,0.022606222516148352,0.022606222516148352,27.306365481135742,51.50588811941983,26.389595691645344,26.389595691645344,56264.76409313123,5.437902927398682,-0.7170294059880721,-0.6902280446248689,0.09723207990021913,219.66715114763417,21.33163986354879,2.4411630578202876,53.436415841450966,-999,5,14,0,5,3,6,0,-999.0,-999.0,-999.0,-999.0,0,-999.0,-999.0,-999.0,-999.0,-999.0,0,-999.0,-999.0,-999.0,0,114720,0.9996600151062012,21.625600814819336,0.08513999730348587,0.2240079939365387,5,21.360200881958008,21.957000732421875,21.494600296020508,0.08229099959135056,0.22049400210380554,5,21.366500854492188,0.11694899946451187,0.26571500301361084,5,115000,0.999705970287323,21.347200393676758,0.09877900034189224,0.22826500236988068,3,21.224300384521484,21.643400192260742,21.13010025024414,0.28921398520469666,0.442331999540329,3,21.174699783325195,0.18690399825572968,0.4594689905643463,3,16892216,0.9992579817771912,21.38159942626953,0.06311000138521194,0.2239850014448166,6,21.002300262451172,21.56909942626953,20.986900329589844,0.057711999863386154,0.27219000458717346,6,20.941499710083008,0.0657379999756813,0.2791750133037567,6,16892216,-999.0,-999.0,-999.0,-999.0,0,-999.0,-999.0,-999.0,-999.0,-999.0,0,-999.0,-999.0,-999.0,0,114720,0.029318235016966985
PSO J223.9085+05.5756,-999,-999,-999,114692239085171165,3496239000027443,65296387828530,0,15189956662428,11469,1,1467,31,0.383834478802825,3496239,15203,3,268959744,0,32,-999.0,-999.0,-999.0,-999.0,223.90851118,5.57559573,0.2983500063419342,0.2983500063419342,,,,,55399.25851852,-999.0,-0.7170395692148861,-0.6902277791143548,0.09715898887388685,219.66811574886856,21.327506401723326,2.4352726085748624,53.43405386900718,-999,0,1,0,0,0,1,0,-999.0,-999.0,-999.0,-999.0,0,-999.0,-999.0,-999.0,-999.0,-999.0,0,-999.0,-999.0,-999.0,0,0,-999.0,-999.0,-999.0,-999.0,0,-999.0,-999.0,-999.0,-999.0,-999.0,0,-999.0,-999.0,-999.0,0,0,-999.0,-999.0,-999.0,-999.0,0,-999.0,-999.0,-999.0,-999.0,-999.0,0,-999.0,-999.0,-999.0,0,0,0.8247359991073608,20.70159912109375,0.2979690134525299,-999.0,1,20.70159912109375,20.70159912109375,-999.0,-999.0,-999.0,0,20.686599731445312,0.2979690134525299,-999.0,1,4112,-999.0,-999.0,-999.0,-999.0,0,-999.0,-999.0,-999.0,-999.0,-999.0,0,-999.0,-999.0,-999.0,0,0,0.02718321770835526
PSO J223.9081+05.5761,-999,-999,-999,114692239081281770,3496239000117122,65296387920282,0,15189956662516,11469,1,1467,31,0.91489110785992,3496239,15203,3,404226048,0,48,223.90812693,5.57609513,0.0010000000474974513,0.0010000000474974513,223.90812693,5.57609513,0.0010000000474974513,0.0010000000474974513,,,,,55971.37297454,-999.0,-0.7170435880154028,-0.6902223830014906,0.09716766380715881,219.66756017751413,21.327863926644113,2.4355093256183107,53.43466686749569,-999,2,0,0,0,0,0,0,-999.0,-999.0,-999.0,-999.0,0,-999.0,-999.0,-999.0,-999.0,-999.0,0,-999.0,-999.0,-999.0,0,16416,-999.0,-999.0,-999.0,-999.0,0,-999.0,-999.0,-999.0,-999.0,-999.0,0,-999.0,-999.0,-999.0,0,16416,-999.0,-999.0,-999.0,-999.0,0,-999.0,-999.0,-999.0,-999.0,-999.0,0,-999.0,-999.0,-999.0,0,114720,-999.0,-999.0,-999.0,-999.0,0,-999.0,-999.0,-999.0,-999.0,-999.0,0,-999.0,-999.0,-999.0,0,114720,-999.0,-999.0,-999.0,-999.0,0,-999.0,-999.0,-999.0,-999.0,-999.0,0,-999.0,-999.0,-999.0,0,16416,0.027011070691759523
PSO J223.9081+05.5770,-999,-999,-999,114692239081082870,3496239000027384,65296387828471,0,15189956669637,11469,1,1467,31,0.820101145487373,3496239,15203,3,268959744,0,32,-999.0,-999.0,-999.0,-999.0,223.90809274,5.57700725,0.22262999415397644,0.22262999415397644,,,,,55399.26950231,-999.0,-0.7170428853590518,-0.6902208822806547,0.09718350796138436,219.66722417352423,21.32872133963199,2.4366526461846,53.435274487502106,-999,0,1,0,0,0,1,0,-999.0,-999.0,-999.0,-999.0,0,-999.0,-999.0,-999.0,-999.0,-999.0,0,-999.0,-999.0,-999.0,0,0,-999.0,-999.0,-999.0,-999.0,0,-999.0,-999.0,-999.0,-999.0,-999.0,0,-999.0,-999.0,-999.0,0,0,-999.0,-999.0,-999.0,-999.0,0,-999.0,-999.0,-999.0,-999.0,-999.0,0,-999.0,-999.0,-999.0,0,0,0.7587980031967163,18.07659912109375,0.22212600708007812,-999.0,1,18.07659912109375,18.07659912109375,-999.0,-999.0,-999.0,0,18.55470085144043,0.22212600708007812,-999.0,1,4112,-999.0,-999.0,-999.0,-999.0,0,-999.0,-999.0,-999.0,-999.0,-999.0,0,-999.0,-999.0,-999.0,0,0,0.027337672906898418
PSO J223.9075+05.5768,-999,-999,-999,114692239076162435,3496239000027308,65296387828395,0,15189956669579,11469,1,1467,31,0.103864610291891,3496239,15203,3,436527104,7,52,223.90758649,5.57673221,0.0010000000474974513,0.0010000000474974513,223.907528138378,5.576767336404876,0.03455925957659023,0.03455925957659023,-14.832521236198113,145.1495851067893,37.58913561117338,37.58913561117338,56467.890452133055,3.832286834716797,-0.7170499800432966,-0.6902140985955698,0.09717934049896192,219.66674120967733,21.328328708248076,2.4357611957685994,53.43554748794594,-999,4,8,0,0,4,4,0,-999.0,-999.0,-999.0,-999.0,0,-999.0,-999.0,-999.0,-999.0,-999.0,0,-999.0,-999.0,-999.0,0,16416,-999.0,-999.0,-999.0,-999.0,0,-999.0,-999.0,-999.0,-999.0,-999.0,0,-999.0,-999.0,-999.0,0,114720,0.9990929961204529,21.687599182128906,0.014155000448226929,0.03167799860239029,4,21.64189910888672,21.713199615478516,21.25029945373535,0.060869000852108,0.17369699478149414,4,21.21109962463379,0.08512800186872482,0.17069600522518158,4,115000,0.9984859824180603,21.442800521850586,0.06426200270652771,0.1616860032081604,4,21.261199951171875,21.593000411987305,21.31760025024414,0.13236099481582642,0.25238800048828125,4,21.41160011291504,0.1562429964542389,0.30585598945617676,4,115000,-999.0,-999.0,-999.0,-999.0,0,-999.0,-999.0,-999.0,-999.0,-999.0,0,-999.0,-999.0,-999.0,0,114720,0.026726744858146714
PSO J223.9069+05.5808,-999,-999,-999,114692239069657382,3496239000027243,65296387828330,0,15189956666795,11469,1,1467,31,0.567978378914276,3496239,15203,3,268959744,0,32,-999.0,-999.0,-999.0,-999.0,223.90694907,5.58076698,0.26058998703956604,0.26058998703956604,,,,,55399.26950231,-999.0,-0.7170520665124607,-0.6902021454180927,0.09724881680756763,219.66481971159362,21.331948520134066,2.4402979175621566,53.43854797319157,-999,0,1,0,0,0,1,0,-999.0,-999.0,-999.0,-999.0,0,-999.0,-999.0,-999.0,-999.0,-999.0,0,-999.0,-999.0,-999.0,0,0,-999.0,-999.0,-999.0,-999.0,0,-999.0,-999.0,-999.0,-999.0,-999.0,0,-999.0,-999.0,-999.0,0,0,-999.0,-999.0,-999.0,-999.0,0,-999.0,-999.0,-999.0,-999.0,-999.0,0,-999.0,-999.0,-999.0,0,0,0.833283007144928,18.298099517822266,0.26015299558639526,-999.0,1,18.298099517822266,18.298099517822266,-999.0,-999.0,-999.0,0,17.96150016784668,0.26015299558639526,-999.0,1,4112,-999.0,-999.0,-999.0,-999.0,0,-999.0,-999.0,-999.0,-999.0,-999.0,0,-999.0,-999.0,-999.0,0,0,0.02809861339610546
PSO J223.9068+05.5750,-999,-999,-999,114692239068100485,3496239000027227,65296387828314,0,15189956663064,11469,1,1467,31,0.736069283202355,3496239,15203,3,268959744,0,32,-999.0,-999.0,-999.0,-999.0,223.90680663,5.57502304,0.29444000124931335,0.29444000124931335,,,,,56394.55804398,-999.0,-0.7170608028178811,-0.6902071203106939,0.09714904083209089,219.66657201586628,21.32643956381313,2.432716691829151,53.43499595867719,-999,0,1,1,0,0,0,0,0.3937869966030121,21.88159942626953,0.2940559983253479,-999.0,1,21.88159942626953,21.88159942626953,-999.0,-999.0,-999.0,0,-999.0,-999.0,-999.0,0,4120,-999.0,-999.0,-999.0,-999.0,0,-999.0,-999.0,-999.0,-999.0,-999.0,0,-999.0,-999.0,-999.0,0,0,-999.0,-999.0,-999.0,-999.0,0,-999.0,-999.0,-999.0,-999.0,-999.0,0,-999.0,-999.0,-999.0,0,0,-999.0,-999.0,-999.0,-999.0,0,-999.0,-999.0,-999.0,-999.0,-999.0,0,-999.0,-999.0,-999.0,0,0,-999.0,-999.0,-999.0,-999.0,0,-999.0,-999.0,-999.0,-999.0,-999.0,0,-999.0,-999.0,-999.0,0,0,0.02539417879120689
PSO J223.8859+05.5546,-999,-999,-999,114662238858715909,3496239000023996,65296387825083,0,15189951412972,11466,1,1467,31,0.977754048982406,3496239,15203,3,277348352,0,33,-999.0,-999.0,-999.0,-999.0,223.88585488,5.55456331,0.03550000116229057,0.03550000116229057,,,,,55305.54534722,-999.0,-0.7173381045366105,-0.6899688660953405,0.09679363408268656,219.65203112442072,21.300556283760198,2.3839385475115007,53.43801149987373,-999,0,1,1,0,0,0,0,0.5927649736404419,19.192899703979492,0.03217500075697899,-999.0,1,19.192899703979492,19.192899703979492,19.165300369262695,0.025547999888658524,-999.0,1,18.98819923400879,0.03217500075697899,-999.0,1,16781336,-999.0,-999.0,-999.0,-999.0,0,-999.0,-999.0,-999.0,-999.0,-999.0,0,-999.0,-999.0,-999.0,0,0,-999.0,-999.0,-999.0,-999.0,0,-999.0,-999.0,-999.0,-999.0,-999.0,0,-999.0,-999.0,-999.0,0,0,-999.0,-999.0,-999.0,-999.0,0,-999.0,-999.0,-999.0,-999.0,-999.0,0,-999.0,-999.0,-999.0,0,0,-999.0,-999.0,-999.0,-999.0,0,-999.0,-999.0,-999.0,-999.0,-999.0,0,-999.0,-999.0,-999.0,0,0,0.011675719571533735
PSO J223.8851+05.5509,-999,-999,-999,114662238851491544,3496239000116681,65296387919841,0,15189951404419,11466,1,1467,31,0.382642840391624,3496239,15203,3,1343750144,0,160,223.88514991,5.55090814,0.0010000000474974513,0.0010000000474974513,223.88514991,5.55090814,0.0010000000474974513,0.0010000000474974513,,,,,55947.65574074,-999.0,-0.7173510428916307,-0.6899643190284215,0.09673013868457278,219.65252172839118,21.296862551092932,2.3784621414778084,53.436219891529774,-999,1,0,0,0,0,0,0,-999.0,-999.0,-999.0,-999.0,0,-999.0,-999.0,-999.0,-999.0,-999.0,0,-999.0,-999.0,-999.0,0,16416,-999.0,-999.0,-999.0,-999.0,0,-999.0,-999.0,-999.0,-999.0,-999.0,0,-999.0,-999.0,-999.0,0,16416,-999.0,-999.0,-999.0,-999.0,0,-999.0,-999.0,-999.0,-999.0,-999.0,0,-999.0,-999.0,-999.0,0,16416,-999.0,-999.0,-999.0,-999.0,0,-999.0,-999.0,-999.0,-999.0,-999.0,0,-999.0,-999.0,-999.0,0,114720,-999.0,-999.0,-999.0,-999.0,0,-999.0,-999.0,-999.0,-999.0,-999.0,0,-999.0,-999.0,-999.0,0,16416,0.015131918396644822
PSO J223.8845+05.5566,-999,-999,-999,114662238845808354,3496239000023800,65296387824887,0,15189951401893,11466,1,1467,31,0.0130992522585199,3496239,15203,3,310456320,0,37,-999.0,-999.0,-999.0,-999.0,223.88454567,5.55659781,0.16485999524593353,0.16485999524593353,,,,,55306.34664352,-999.0,-0.7173513925128363,-0.6899500917197933,0.09682897601309029,219.65002843073012,21.30209110155848,2.3851732049581416,53.440312860599505,-999,0,1,0,1,0,0,0,-999.0,-999.0,-999.0,-999.0,0,-999.0,-999.0,-999.0,-999.0,-999.0,0,-999.0,-999.0,-999.0,0,0,0.9800639748573303,20.763099670410156,0.1641799956560135,-999.0,1,20.763099670410156,20.763099670410156,19.91029930114746,0.14630800485610962,-999.0,1,19.811899185180664,0.1641799956560135,-999.0,1,16777488,-999.0,-999.0,-999.0,-999.0,0,-999.0,-999.0,-999.0,-999.0,-999.0,0,-999.0,-999.0,-999.0,0,0,-999.0,-999.0,-999.0,-999.0,0,-999.0,-999.0,-999.0,-999.0,-999.0,0,-999.0,-999.0,-999.0,0,0,-999.0,-999.0,-999.0,-999.0,0,-999.0,-999.0,-999.0,-999.0,-999.0,0,-999.0,-999.0,-999.0,0,0,0.00941670265146797
PSO J223.8845+05.5537,-999,-999,-999,114662238845234910,3496239000116671,65296387919831,0,15189951399036,11466,1,1467,31,0.700224912446202,3496239,15203,3,1343750144,0,160,223.88452316,5.55370898,0.0010000000474974513,0.0010000000474974513,223.88452316,5.55370898,0.0010000000474974513,0.0010000000474974513,,,,,55971.37297454,-999.0,-0.7173551813650185,-0.6899531933056193,0.0967787932149393,219.6509596630378,21.299335546827045,2.3814145934390116,53.43848716679463,-999,1,0,0,0,0,0,0,-999.0,-999.0,-999.0,-999.0,0,-999.0,-999.0,-999.0,-999.0,-999.0,0,-999.0,-999.0,-999.0,0,114720,-999.0,-999.0,-999.0,-999.0,0,-999.0,-999.0,-999.0,-999.0,-999.0,0,-999.0,-999.0,-999.0,0,16416,-999.0,-999.0,-999.0,-999.0,0,-999.0,-999.0,-999.0,-999.0,-999.0,0,-999.0,-999.0,-999.0,0,16416,-999.0,-999.0,-999.0,-999.0,0,-999.0,-999.0,-999.0,-999.0,-999.0,0,-999.0,-999.0,-999.0,0,16416,-999.0,-999.0,-999.0,-999.0,0,-999.0,-999.0,-999.0,-999.0,-999.0,0,-999.0,-999.0,-999.0,0,16416,0.012273009713284608
PSO J223.8841+05.5526,-999,-999,-999,114662238841603620,3496239000023741,65296387824828,0,15189951412226,11466,1,1467,31,0.901020653453675,3496239,15203,3,1343750144,0,160,223.88407077,5.55259651,0.0010000000474974513,0.0010000000474974513,223.88407077,5.55259651,0.0010000000474974513,0.0010000000474974513,,,,,55947.65574074,-999.0,-0.7173619832046905,-0.6899488317191925,0.0967594680739563,219.65086725095762,21.29813850192487,2.379494261010489,53.43812415292816,-999,1,1,0,0,1,0,0,-999.0,-999.0,-999.0,-999.0,0,-999.0,-999.0,-999.0,-999.0,-999.0,0,-999.0,-999.0,-999.0,0,16416,-999.0,-999.0,-999.0,-999.0,0,-999.0,-999.0,-999.0,-999.0,-999.0,0,-999.0,-999.0,-999.0,0,16416,0.584792971611023,21.492300033569336,0.2629989981651306,-999.0,1,21.492300033569336,21.492300033569336,-999.0,-999.0,-999.0,1,22.32819938659668,0.2629989981651306,-999.0,1,20536,-999.0,-999.0,-999.0,-999.0,0,-999.0,-999.0,-999.0,-999.0,-999.0,0,-999.0,-999.0,-999.0,0,114720,-999.0,-999.0,-999.0,-999.0,0,-999.0,-999.0,-999.0,-999.0,-999.0,0,-999.0,-999.0,-999.0,0,16416,0.013334147694511933
PSO J223.8839+05.5512,-999,-999,-999,114662238839481907,3496239000023714,65296387824801,0,15189951620303,11466,1,1467,31,0.442420894692113,3496239,15203,3,277348352,0,33,-999.0,-999.0,-999.0,-999.0,223.88392707,5.55121455,0.06339000165462494,0.06339000165462494,,,,,55306.34664352,-999.0,-0.7173653954981982,-0.6899486501444769,0.09673546146852137,219.65117760248447,21.296779583900378,2.3775546758211377,53.43735258724599,-999,0,1,0,1,0,0,0,-999.0,-999.0,-999.0,-999.0,0,-999.0,-999.0,-999.0,-999.0,-999.0,0,-999.0,-999.0,-999.0,0,0,0.6207330226898193,19.376100540161133,0.06159200146794319,-999.0,1,19.376100540161133,19.376100540161133,18.709299087524414,0.038637999445199966,-999.0,1,18.69659996032715,0.06159200146794319,-999.0,1,16781328,-999.0,-999.0,-999.0,-999.0,0,-999.0,-999.0,-999.0,-999.0,-999.0,0,-999.0,-999.0,-999.0,0,0,-999.0,-999.0,-999.0,-999.0,0,-999.0,-999.0,-999.0,-999.0,-999.0,0,-999.0,-999.0,-999.0,0,0,-999.0,-999.0,-999.0,-999.0,0,-999.0,-999.0,-999.0,-999.0,-999.0,0,-999.0,-999.0,-999.0,0,0,0.014702432787685838
PSO J223.8838+05.5509,-999,-999,-999,114662238838781509,3496239000023701,65296387824788,0,15189951621024,11466,1,1467,31,0.239638276621362,3496239,15203,3,268959744,0,32,-999.0,-999.0,-999.0,-999.0,223.88384547,5.55091265,0.0560699999332428,0.0560699999332428,,,,,55306.35479167,-999.0,-0.7173667454788722,-0.6899479818032793,0.09673021702980224,219.65119436798832,21.29646734062966,2.377077445336082,53.43722250803421,-999,0,1,0,1,0,0,0,-999.0,-999.0,-999.0,-999.0,0,-999.0,-999.0,-999.0,-999.0,-999.0,0,-999.0,-999.0,-999.0,0,0,0.4705730080604553,19.034299850463867,0.054026998579502106,-999.0,1,19.034299850463867,19.034299850463867,19.268800735473633,0.04448999837040901,-999.0,1,18.931900024414062,0.054026998579502106,-999.0,1,4112,-999.0,-999.0,-999.0,-999.0,0,-999.0,-999.0,-999.0,-999.0,-999.0,0,-999.0,-999.0,-999.0,0,0,-999.0,-999.0,-999.0,-999.0,0,-999.0,-999.0,-999.0,-999.0,-999.0,0,-999.0,-999.0,-999.0,0,0,-999.0,-999.0,-999.0,-999.0,0,-999.0,-999.0,-999.0,-999.0,-999.0,0,-999.0,-999.0,-999.0,0,0,0.014998973990342392
PSO J223.8835+05.5555,-999,-999,-999,114662238834727066,3496239000116646,65296387919806,0,15189951401544,11466,1,1467,31,0.351544535114937,3496239,15203,3,1343750144,0,160,223.88347671,5.55551355,0.0010000000474974513,0.0010000000474974513,223.88347671,5.55551355,0.0010000000474974513,0.0010000000474974513,,,,,56016.57618056,-999.0,-0.7173655852614234,-0.6899379781399569,0.09681014101159047,219.64929999963653,21.300732059338177,2.3826319797949584,53.44044047418986,-999,1,0,0,0,0,0,0,-999.0,-999.0,-999.0,-999.0,0,-999.0,-999.0,-999.0,-999.0,-999.0,0,-999.0,-999.0,-999.0,0,16416,-999.0,-999.0,-999.0,-999.0,0,-999.0,-999.0,-999.0,-999.0,-999.0,0,-999.0,-999.0,-999.0,0,16416,-999.0,-999.0,-999.0,-999.0,0,-999.0,-999.0,-999.0,-999.0,-999.0,0,-999.0,-999.0,-999.0,0,114720,-999.0,-999.0,-999.0,-999.0,0,-999.0,-999.0,-999.0,-999.0,-999.0,0,-999.0,-999.0,-999.0,0,16416,-999.0,-999.0,-999.0,-999.0,0,-999.0,-999.0,-999.0,-999.0,-999.0,0,-999.0,-999.0,-999.0,0,16416,0.010385293996961881
PSO J223.8835+05.5543,-999,-999,-999,114662238834565576,3496239000116644,65296387919804,0,15189951399793,11466,1,1467,31,0.0667247325803384,3496239,15203,3,1343750144,0,160,223.88345612,5.55426526,0.0010000000474974513,0.0010000000474974513,223.88345612,5.55426526,0.0010000000474974513,0.0010000000474974513,,,,,56067.73321759,-999.0,-0.7173673532239649,-0.6899391822519158,0.09678845655346018,219.6496913560376,21.299538033386014,2.380996269286652,53.43965988284826,-999,1,0,0,0,0,0,0,-999.0,-999.0,-999.0,-999.0,0,-999.0,-999.0,-999.0,-999.0,-999.0,0,-999.0,-999.0,-999.0,0,114720,-999.0,-999.0,-999.0,-999.0,0,-999.0,-999.0,-999.0,-999.0,-999.0,0,-999.0,-999.0,-999.0,0,16416,-999.0,-999.0,-999.0,-999.0,0,-999.0,-999.0,-999.0,-999.0,-999.0,0,-999.0,-999.0,-999.0,0,16416,-999.0,-999.0,-999.0,-999.0,0,-999.0,-999.0,-999.0,-999.0,-999.0,0,-999.0,-999.0,-999.0,0,16416,-999.0,-999.0,-999.0,-999.0,0,-999.0,-999.0,-999.0,-999.0,-999.0,0,-999.0,-999.0,-999.0,0,16416,0.011631602534588425
PSO J223.8833+05.5521,-999,-999,-999,114662238833442974,3496239000023600,65296387824687,0,15189951624241,11466,1,1467,31,0.356994523999276,3496239,15203,3,268959744,0,32,-999.0,-999.0,-999.0,-999.0,223.88333249,5.55210375,0.2638300061225891,0.2638300061225891,,,,,56721.6040625,-999.0,-0.7173714731777607,-0.689940164974329,0.09675090814025972,219.65027958215208,21.29744353890855,2.378070267397846,53.43837560309729,-999,0,1,1,0,0,0,0,0.5399789810180664,21.574199676513672,0.26340699195861816,-999.0,1,21.574199676513672,21.574199676513672,-999.0,-999.0,-999.0,0,21.73780059814453,0.26340699195861816,-999.0,1,4120,-999.0,-999.0,-999.0,-999.0,0,-999.0,-999.0,-999.0,-999.0,-999.0,0,-999.0,-999.0,-999.0,0,0,-999.0,-999.0,-999.0,-999.0,0,-999.0,-999.0,-999.0,-999.0,-999.0,0,-999.0,-999.0,-999.0,0,0,-999.0,-999.0,-999.0,-999.0,0,-999.0,-999.0,-999.0,-999.0,-999.0,0,-999.0,-999.0,-999.0,0,0,-999.0,-999.0,-999.0,-999.0,0,-999.0,-999.0,-999.0,-999.0,-999.0,0,-999.0,-999.0,-999.0,0,0,0.013788221795193786
PSO J223.8830+05.5557,-999,-999,-999,114662238829737290,3496239000116628,65296387919788,0,15189951401702,11466,1,1467,31,0.538698317984769,3496239,15203,3,1343750144,0,160,223.88297393,5.5556928,0.0010000000474974513,0.0010000000474974513,223.88297393,5.5556928,0.0010000000474974513,0.0010000000474974513,,,,,56016.57618056,-999.0,-0.7173714212545865,-0.6899314731613302,0.09681325481880698,219.64872974849604,21.300748622305267,2.3823277531928544,53.44094018464022,-999,1,0,0,0,0,0,0,-999.0,-999.0,-999.0,-999.0,0,-999.0,-999.0,-999.0,-999.0,-999.0,0,-999.0,-999.0,-999.0,0,114720,-999.0,-999.0,-999.0,-999.0,0,-999.0,-999.0,-999.0,-999.0,-999.0,0,-999.0,-999.0,-999.0,0,16416,-999.0,-999.0,-999.0,-999.0,0,-999.0,-999.0,-999.0,-999.0,-999.0,0,-999.0,-999.0,-999.0,0,16416,-999.0,-999.0,-999.0,-999.0,0,-999.0,-999.0,-999.0,-999.0,-999.0,0,-999.0,-999.0,-999.0,0,16416,-999.0,-999.0,-999.0,-999.0,0,-999.0,-999.0,-999.0,-999.0,-999.0,0,-999.0,-999.0,-999.0,0,16416,0.010195233018575577
PSO J223.8829+05.5535,-999,-999,-999,114662238829014655,3496239000023540,65296387824627,0,15189951613052,11466,1,1467,31,0.535873189136268,3496239,15203,3,268959744,0,32,-999.0,-999.0,-999.0,-999.0,223.88289622,5.55350736,0.1681700050830841,0.1681700050830841,,,,,56721.58826389,-999.0,-0.7173750180694698,-0.6899330594633564,0.09677529079967077,219.64937256980264,21.298645426064475,2.3794196385061133,53.43960547711654,-999,0,1,1,0,0,0,0,0.7826899886131287,21.506799697875977,0.167495995759964,-999.0,1,21.506799697875977,21.506799697875977,21.767200469970703,0.2340719997882843,-999.0,1,21.31130027770996,0.167495995759964,-999.0,1,4120,-999.0,-999.0,-999.0,-999.0,0,-999.0,-999.0,-999.0,-999.0,-999.0,0,-999.0,-999.0,-999.0,0,0,-999.0,-999.0,-999.0,-999.0,0,-999.0,-999.0,-999.0,-999.0,-999.0,0,-999.0,-999.0,-999.0,0,0,-999.0,-999.0,-999.0,-999.0,0,-999.0,-999.0,-999.0,-999.0,-999.0,0,-999.0,-999.0,-999.0,0,0,-999.0,-999.0,-999.0,-999.0,0,-999.0,-999.0,-999.0,-999.0,-999.0,0,-999.0,-999.0,-999.0,0,0,0.012381070874726513
PSO J223.8829+05.5573,-999,-999,-999,114662238828949242,3496239000116626,65296387919786,0,15189951398533,11466,1,1467,31,0.241086733752011,3496239,15203,3,1343750144,0,160,223.88289449,5.5573189,0.0010000000474974513,0.0010000000474974513,223.88289449,5.5573189,0.0010000000474974513,0.0010000000474974513,,,,,55971.37297454,-999.0,-0.7173703971657889,-0.6899285736290952,0.09684150226178999,219.64811191917002,21.30227148608356,2.3843453661407685,53.44203844822186,-999,1,0,0,0,0,0,0,-999.0,-999.0,-999.0,-999.0,0,-999.0,-999.0,-999.0,-999.0,-999.0,0,-999.0,-999.0,-999.0,0,114720,-999.0,-999.0,-999.0,-999.0,0,-999.0,-999.0,-999.0,-999.0,-999.0,0,-999.0,-999.0,-999.0,0,16416,-999.0,-999.0,-999.0,-999.0,0,-999.0,-999.0,-999.0,-999.0,-999.0,0,-999.0,-999.0,-999.0,0,16416,-999.0,-999.0,-999.0,-999.0,0,-999.0,-999.0,-999.0,-999.0,-999.0,0,-999.0,-999.0,-999.0,0,16416,-999.0,-999.0,-999.0,-999.0,0,-999.0,-999.0,-999.0,-999.0,-999.0,0,-999.0,-999.0,-999.0,0,16416,0.008569743438818112
PSO J223.8825+05.5499,-999,-999,-999,114662238825300354,3496239000023482,65296387824569,0,15189951620395,11466,1,1467,31,0.043961034197324,3496239,15203,3,268513280,0,32,-999.0,-999.0,-999.0,-999.0,223.88250511,5.54991638,0.01779000088572502,0.01779000088572502,,,,,56822.37528935,-999.0,-0.7173840979036615,-0.6899323655577211,0.09671291036297545,219.65016102618463,21.29510890012648,2.3743607732513445,53.43761409868671,-999,0,1,0,0,1,0,0,-999.0,-999.0,-999.0,-999.0,0,-999.0,-999.0,-999.0,-999.0,-999.0,0,-999.0,-999.0,-999.0,0,0,-999.0,-999.0,-999.0,-999.0,0,-999.0,-999.0,-999.0,-999.0,-999.0,0,-999.0,-999.0,-999.0,0,0,0.9986850023269653,17.828899383544922,0.009569000452756882,-999.0,1,17.828899383544922,17.828899383544922,18.818500518798828,0.031530000269412994,-999.0,1,18.734899520874023,0.009569000452756882,-999.0,1,24,-999.0,-999.0,-999.0,-999.0,0,-999.0,-999.0,-999.0,-999.0,-999.0,0,-999.0,-999.0,-999.0,0,0,-999.0,-999.0,-999.0,-999.0,0,-999.0,-999.0,-999.0,-999.0,-999.0,0,-999.0,-999.0,-999.0,0,0,0.015979213502647294
PSO J223.8824+05.5518,-999,-999,-999,114662238824102595,3496239000023465,65296387824552,0,15189951624384,11466,1,1467,31,0.602439031565971,3496239,15203,3,302067712,0,36,-999.0,-999.0,-999.0,-999.0,223.88238822,5.55178738,0.19123999774456024,0.19123999774456024,,,,,56335.66734954,-999.0,-0.7173832287648182,-0.689928712460327,0.09674541234497927,219.64942428757504,21.296853316359577,2.376654671892775,53.438897450601345,-999,0,1,0,0,0,0,1,-999.0,-999.0,-999.0,-999.0,0,-999.0,-999.0,-999.0,-999.0,-999.0,0,-999.0,-999.0,-999.0,0,0,-999.0,-999.0,-999.0,-999.0,0,-999.0,-999.0,-999.0,-999.0,-999.0,0,-999.0,-999.0,-999.0,0,0,-999.0,-999.0,-999.0,-999.0,0,-999.0,-999.0,-999.0,-999.0,-999.0,0,-999.0,-999.0,-999.0,0,0,-999.0,-999.0,-999.0,-999.0,0,-999.0,-999.0,-999.0,-999.0,-999.0,0,-999.0,-999.0,-999.0,0,0,0.9990299940109253,20.270000457763672,0.190652996301651,-999.0,1,20.270000457763672,20.270000457763672,20.21419906616211,0.26482298970222473,-999.0,1,20.642099380493164,0.190652996301651,-999.0,1,280,0.014113760915709386
PSO J223.8818+05.5531,-999,-999,-999,114662238818064211,3496239000023390,65296387824477,0,15189951613808,11466,1,1467,31,0.0558358440695664,3496239,15203,3,268959744,0,32,-999.0,-999.0,-999.0,-999.0,223.88179357,5.55313352,0.4161800146102905,0.4161800146102905,,,,,55608.61568287,-999.0,-0.7173887507146759,-0.6899196912223412,0.09676879668418961,219.64837527281227,21.2979520105505,2.377760884680175,53.440212057518345,-999,0,1,0,0,0,0,1,-999.0,-999.0,-999.0,-999.0,0,-999.0,-999.0,-999.0,-999.0,-999.0,0,-999.0,-999.0,-999.0,0,0,-999.0,-999.0,-999.0,-999.0,0,-999.0,-999.0,-999.0,-999.0,-999.0,0,-999.0,-999.0,-999.0,0,0,-999.0,-999.0,-999.0,-999.0,0,-999.0,-999.0,-999.0,-999.0,-999.0,0,-999.0,-999.0,-999.0,0,0,-999.0,-999.0,-999.0,-999.0,0,-999.0,-999.0,-999.0,-999.0,-999.0,0,-999.0,-999.0,-999.0,0,0,0.7783139944076538,20.368200302124023,0.41591501235961914,-999.0,1,20.368200302124023,20.368200302124023,-999.0,-999.0,-999.0,0,24.50349998474121,0.41591501235961914,-999.0,1,4112,0.012810877130082981
PSO J223.8817+05.5514,-999,-999,-999,114662238817172155,3496239000023375,65296387824462,0,15189951625203,11466,1,1467,31,0.569793815323891,3496239,15203,3,268959744,0,32,-999.0,-999.0,-999.0,-999.0,223.88170601,5.55142287,0.2361000031232834,0.2361000031232834,,,,,55694.32836806,-999.0,-0.7173918871743771,-0.6899205972876893,0.09673908028601455,219.6488512608903,21.296297549431273,2.375456194770697,53.43918772691901,-999,0,1,0,0,1,0,0,-999.0,-999.0,-999.0,-999.0,0,-999.0,-999.0,-999.0,-999.0,-999.0,0,-999.0,-999.0,-999.0,0,0,-999.0,-999.0,-999.0,-999.0,0,-999.0,-999.0,-999.0,-999.0,-999.0,0,-999.0,-999.0,-999.0,0,0,0.7670050263404846,20.927400588989258,0.23562699556350708,-999.0,1,20.927400588989258,20.927400588989258,-999.0,-999.0,-999.0,0,21.69659996032715,0.23562699556350708,-999.0,1,4112,-999.0,-999.0,-999.0,-999.0,0,-999.0,-999.0,-999.0,-999.0,-999.0,0,-999.0,-999.0,-999.0,0,0,-999.0,-999.0,-999.0,-999.0,0,-999.0,-999.0,-999.0,-999.0,-999.0,0,-999.0,-999.0,-999.0,0,0,0.01452235123581839
PSO J223.8815+05.5567,-999,-999,-999,114662238815298514,3496239000023335,65296387824422,0,15189951398315,11466,1,1467,31,0.188536939386778,3496239,15203,3,310456320,0,37,-999.0,-999.0,-999.0,-999.0,223.88150072,5.55672687,0.16425000131130219,0.16425000131130219,,,,,55305.53513889,-999.0,-0.7173879012759589,-0.6899118163454989,0.09683121795025455,219.64689077097677,21.301281297789274,2.3820941572549357,53.44272902304992,-999,0,1,1,0,0,0,0,0.9977369904518127,21.654499053955078,0.163564994931221,-999.0,1,21.654499053955078,21.654499053955078,20.296899795532227,0.11818599700927734,-999.0,1,20.587200164794922,0.163564994931221,-999.0,1,16777496,-999.0,-999.0,-999.0,-999.0,0,-999.0,-999.0,-999.0,-999.0,-999.0,0,-999.0,-999.0,-999.0,0,0,-999.0,-999.0,-999.0,-999.0,0,-999.0,-999.0,-999.0,-999.0,-999.0,0,-999.0,-999.0,-999.0,0,0,-999.0,-999.0,-999.0,-999.0,0,-999.0,-999.0,-999.0,-999.0,-999.0,0,-999.0,-999.0,-999.0,0,0,-999.0,-999.0,-999.0,-999.0,0,-999.0,-999.0,-999.0,-999.0,-999.0,0,-999.0,-999.0,-999.0,0,0,0.009281865779297021
PSO J223.8803+05.5543,-999,-999,-999,114662238804075559,3496239000023167,65296387824254,0,15189951614907,11466,1,1467,31,0.836957339976874,3496239,15203,3,436527104,7,52,223.88036772,5.55429334,0.0010000000474974513,0.0010000000474974513,223.88035122788486,5.55429772973318,0.003054566649566802,0.0030766887557969096,-21.787501914054218,9.886829176949746,2.1038236578826215,2.1047417169785487,56073.46462384709,3.3970065116882324,-0.7174047008465466,-0.689900268658627,0.09678902059650799,219.64650533575812,21.29861615907031,2.3777142192450853,53.442076371362575,-999,5,52,4,14,10,12,12,0.9986270070075989,21.025299072265625,0.0686120018362999,0.19720299541950226,4,20.903400421142578,21.33209991455078,20.510400772094727,0.1713079959154129,0.7914310097694397,4,20.385400772094727,0.03492800146341324,0.12662500143051147,4,115000,0.99959397315979,19.924800872802734,0.013950999826192856,0.1205030009150505,8,19.841999053955078,20.216999053955078,19.95330047607422,0.018028000369668007,0.12193799763917923,9,19.866199493408203,0.0315140001475811,0.10499200224876404,9,115000,0.9997069835662842,18.98430061340332,0.00965499971061945,0.03884400054812431,8,18.923799514770508,18.99690055847168,19.041200637817383,0.01723100058734417,0.10554800182580948,8,18.936800003051758,0.020469000563025475,0.07269600033760071,8,115000,0.9989309906959534,18.46820068359375,0.002185000106692314,0.03176800161600113,11,18.42289924621582,18.529300689697266,18.571699142456055,0.013181000016629696,0.06388100236654282,11,18.487600326538086,0.014374000020325184,0.0748319998383522,11,115000,0.9995930194854736,18.268400192260742,0.013194999657571316,0.04676000028848648,12,18.238100051879883,18.370800018310547,18.384599685668945,0.018290000036358833,0.08117099851369858,12,18.27359962463379,0.028464000672101974,0.11084999889135361,12,115000,0.011886315456244809
PSO J223.8802+05.5512,-999,-999,-999,114662238801671764,3496239000023127,65296387824214,0,15189951626430,11466,1,1467,31,0.750022587133592,3496239,15203,3,302067712,0,36,-999.0,-999.0,-999.0,-999.0,223.88019764,5.5511666,0.1261100023984909,0.1261100023984909,,,,,56392.55530093,4.086100101470947,-0.7174103616631053,-0.6899020108869318,0.09673462850799665,219.64740276635683,21.29559173187547,2.3735168216200875,53.44018020917346,-999,0,2,0,2,0,0,0,-999.0,-999.0,-999.0,-999.0,0,-999.0,-999.0,-999.0,-999.0,-999.0,0,-999.0,-999.0,-999.0,0,0,0.004561000037938356,21.573999404907227,0.019291000440716743,0.027303000912070274,2,21.555500030517578,21.5939998626709,-999.0,-999.0,-999.0,2,21.785999298095703,0.11827199906110764,0.16741099953651428,2,536,-999.0,-999.0,-999.0,-999.0,0,-999.0,-999.0,-999.0,-999.0,-999.0,0,-999.0,-999.0,-999.0,0,0,-999.0,-999.0,-999.0,-999.0,0,-999.0,-999.0,-999.0,-999.0,-999.0,0,-999.0,-999.0,-999.0,0,0,-999.0,-999.0,-999.0,-999.0,0,-999.0,-999.0,-999.0,-999.0,-999.0,0,-999.0,-999.0,-999.0,0,0,0.01498329596149708
PSO J223.8801+05.5498,-999,-999,-999,114662238801280245,3496239000023120,65296387824207,0,15189951626934,11466,1,1467,31,0.565447284435339,3496239,15203,3,302067712,0,36,-999.0,-999.0,-999.0,-999.0,223.88010403,5.54982185,0.1830199956893921,0.1830199956893921,,,,,56392.5502662,-999.0,-0.7174131251085384,-0.6899024123149369,0.09671126823711758,219.64775175711205,21.29428356424369,2.3716787445494414,53.43939391014402,-999,0,1,0,1,0,0,0,-999.0,-999.0,-999.0,-999.0,0,-999.0,-999.0,-999.0,-999.0,-999.0,0,-999.0,-999.0,-999.0,0,0,0.0015979999443516135,21.61319923400879,0.18240700662136078,-999.0,1,21.61319923400879,21.61319923400879,-999.0,-999.0,-999.0,1,22.44969940185547,0.18240700662136078,-999.0,1,536,-999.0,-999.0,-999.0,-999.0,0,-999.0,-999.0,-999.0,-999.0,-999.0,0,-999.0,-999.0,-999.0,0,0,-999.0,-999.0,-999.0,-999.0,0,-999.0,-999.0,-999.0,-999.0,-999.0,0,-999.0,-999.0,-999.0,0,0,-999.0,-999.0,-999.0,-999.0,0,-999.0,-999.0,-999.0,-999.0,-999.0,0,-999.0,-999.0,-999.0,0,0,0.01632265758482486
PSO J223.8791+05.5533,-999,-999,-999,114662238791494370,3496239000022972,65296387824059,0,15189951614096,11466,1,1467,31,0.63229095901576,3496239,15203,3,268959744,0,32,-999.0,-999.0,-999.0,-999.0,223.87913706,5.55326599,0.2833299934864044,0.2833299934864044,,,,,55608.61568287,-999.0,-0.7174205766943609,-0.6898862737816893,0.09677109787093788,219.64563137963916,21.297264404605002,2.3750999756897135,53.442332530913795,-999,0,1,0,0,0,0,1,-999.0,-999.0,-999.0,-999.0,0,-999.0,-999.0,-999.0,-999.0,-999.0,0,-999.0,-999.0,-999.0,0,0,-999.0,-999.0,-999.0,-999.0,0,-999.0,-999.0,-999.0,-999.0,-999.0,0,-999.0,-999.0,-999.0,0,0,-999.0,-999.0,-999.0,-999.0,0,-999.0,-999.0,-999.0,-999.0,-999.0,0,-999.0,-999.0,-999.0,0,0,-999.0,-999.0,-999.0,-999.0,0,-999.0,-999.0,-999.0,-999.0,-999.0,0,-999.0,-999.0,-999.0,0,0,0.6554340124130249,19.81719970703125,0.2829349935054779,-999.0,1,19.81719970703125,19.81719970703125,-999.0,-999.0,-999.0,0,20.3794002532959,0.2829349935054779,-999.0,1,4112,0.013194596732050583
PSO J223.8791+05.5502,-999,-999,-999,114662238791220728,3496239000022968,65296387824055,0,15189951626656,11466,1,1467,31,0.155576602700703,3496239,15203,3,310456320,0,37,-999.0,-999.0,-999.0,-999.0,223.87910292,5.55022502,0.1423500031232834,0.1423500031232834,,,,,56721.58826389,-999.0,-0.717424688891961,-0.6898894053760085,0.09671827189425132,219.64660106438782,21.294360546725194,2.3711325282332014,53.44041837691281,-999,0,1,1,0,0,0,0,0.9811890125274658,21.178699493408203,0.14156000316143036,-999.0,1,21.178699493408203,21.178699493408203,20.0718994140625,0.11325599998235703,-999.0,1,20.2450008392334,0.14156000316143036,-999.0,1,16777496,-999.0,-999.0,-999.0,-999.0,0,-999.0,-999.0,-999.0,-999.0,-999.0,0,-999.0,-999.0,-999.0,0,0,-999.0,-999.0,-999.0,-999.0,0,-999.0,-999.0,-999.0,-999.0,-999.0,0,-999.0,-999.0,-999.0,0,0,-999.0,-999.0,-999.0,-999.0,0,-999.0,-999.0,-999.0,-999.0,-999.0,0,-999.0,-999.0,-999.0,0,0,-999.0,-999.0,-999.0,-999.0,0,-999.0,-999.0,-999.0,-999.0,-999.0,0,-999.0,-999.0,-999.0,0,0,0.0161360995023852
PSO J223.8789+05.5525,-999,-999,-999,114662238788993420,3496239000022923,65296387824010,0,15189951612206,11466,1,1467,31,0.589827326675716,3496239,15203,3,268959744,0,32,-999.0,-999.0,-999.0,-999.0,223.87888715,5.55247517,0.21956999599933624,0.21956999599933624,,,,,56721.6040625,-999.0,-0.7174245484953243,-0.6898840703030705,0.0967573602282962,219.6456385665205,21.29643541627167,2.3738112030147414,53.442019480289105,-999,0,1,1,0,0,0,0,0.6946399807929993,21.5132999420166,0.2190530002117157,-999.0,1,21.5132999420166,21.5132999420166,21.48870086669922,0.26139798760414124,-999.0,1,21.142499923706055,0.2190530002117157,-999.0,1,4120,-999.0,-999.0,-999.0,-999.0,0,-999.0,-999.0,-999.0,-999.0,-999.0,0,-999.0,-999.0,-999.0,0,0,-999.0,-999.0,-999.0,-999.0,0,-999.0,-999.0,-999.0,-999.0,-999.0,0,-999.0,-999.0,-999.0,0,0,-999.0,-999.0,-999.0,-999.0,0,-999.0,-999.0,-999.0,-999.0,-999.0,0,-999.0,-999.0,-999.0,0,0,-999.0,-999.0,-999.0,-999.0,0,-999.0,-999.0,-999.0,-999.0,-999.0,0,-999.0,-999.0,-999.0,0,0,0.01402358010846664
PSO J223.8787+05.5560,-999,-999,-999,114662238786657628,3496239000116556,65296387919716,0,15189951611388,11466,1,1467,31,0.933326718335344,3496239,15203,3,1343750144,0,160,223.87866545,5.55597399,0.0010000000474974513,0.0010000000474974513,223.87866545,5.55597399,0.0010000000474974513,0.0010000000474974513,,,,,55973.32822917,-999.0,-0.717422957628465,-0.6898771975794102,0.09681813945539833,219.64425757784835,21.299696536800273,2.378098089069975,53.44442173533076,-999,1,0,0,0,0,0,0,-999.0,-999.0,-999.0,-999.0,0,-999.0,-999.0,-999.0,-999.0,-999.0,0,-999.0,-999.0,-999.0,0,114720,-999.0,-999.0,-999.0,-999.0,0,-999.0,-999.0,-999.0,-999.0,-999.0,0,-999.0,-999.0,-999.0,0,16416,-999.0,-999.0,-999.0,-999.0,0,-999.0,-999.0,-999.0,-999.0,-999.0,0,-999.0,-999.0,-999.0,0,16416,-999.0,-999.0,-999.0,-999.0,0,-999.0,-999.0,-999.0,-999.0,-999.0,0,-999.0,-999.0,-999.0,0,16416,-999.0,-999.0,-999.0,-999.0,0,-999.0,-999.0,-999.0,-999.0,-999.0,0,-999.0,-999.0,-999.0,0,16416,0.010812006633007949
PSO J223.8783+05.5555,-999,-999,-999,114662238783767038,3496239000022822,65296387823909,0,15189951614502,11466,1,1467,31,0.814506375989417,3496239,15203,3,268513280,0,32,-999.0,-999.0,-999.0,-999.0,223.87834876,5.55545863,0.027230000123381615,0.027230000123381615,,,,,56822.40097222,-999.0,-0.7174273984573086,-0.6898738357549346,0.0968091869790866,219.64410591097715,21.299109186214007,2.377094158463924,53.444335645338235,-999,0,1,0,0,1,0,0,-999.0,-999.0,-999.0,-999.0,0,-999.0,-999.0,-999.0,-999.0,-999.0,0,-999.0,-999.0,-999.0,0,0,-999.0,-999.0,-999.0,-999.0,0,-999.0,-999.0,-999.0,-999.0,-999.0,0,-999.0,-999.0,-999.0,0,0,0.9991580247879028,18.194299697875977,0.022727999836206436,-999.0,1,18.194299697875977,18.194299697875977,-999.0,-999.0,-999.0,0,20.842100143432617,0.022727999836206436,-999.0,1,16,-999.0,-999.0,-999.0,-999.0,0,-999.0,-999.0,-999.0,-999.0,-999.0,0,-999.0,-999.0,-999.0,0,0,-999.0,-999.0,-999.0,-999.0,0,-999.0,-999.0,-999.0,-999.0,-999.0,0,-999.0,-999.0,-999.0,0,0,0.011410637926509669
PSO J223.8960+05.5614,-999,-999,-999,114672238958394066,3496239000025598,65296387826685,0,15189953270427,11467,1,1467,31,0.559531588628452,3496239,15203,3,268959744,0,32,-999.0,-999.0,-999.0,-999.0,223.89595244,5.56144067,0.3113200068473816,0.3113200068473816,,,,,56822.40097222,-999.0,-0.71720811889392,-0.690087215347871,0.09691310234465644,219.66002378479595,21.310192319752776,2.403590753323731,53.43465806252196,-999,0,2,0,1,1,0,0,-999.0,-999.0,-999.0,-999.0,0,-999.0,-999.0,-999.0,-999.0,-999.0,0,-999.0,-999.0,-999.0,0,0,-999.0,-999.0,-999.0,-999.0,0,-999.0,-999.0,18.503999710083008,0.03208800032734871,-999.0,1,-999.0,-999.0,-999.0,0,16,0.6040160059928894,20.79829978942871,0.31095799803733826,-999.0,1,20.79829978942871,20.79829978942871,-999.0,-999.0,-999.0,0,22.406600952148438,0.31095799803733826,-999.0,1,4112,-999.0,-999.0,-999.0,-999.0,0,-999.0,-999.0,-999.0,-999.0,-999.0,0,-999.0,-999.0,-999.0,0,0,-999.0,-999.0,-999.0,-999.0,0,-999.0,-999.0,-999.0,-999.0,-999.0,0,-999.0,-999.0,-999.0,0,0,0.013636990472078645
PSO J223.8959+05.5601,-999,-999,-999,114672238959372622,3496239000025609,65296387826696,0,15189953270604,11467,1,1467,31,0.672267820380878,3496239,15203,3,268959744,0,32,-999.0,-999.0,-999.0,-999.0,223.89590659,5.56013528,0.291130006313324,0.291130006313324,,,,,55758.26621528,-999.0,-0.7172102620286027,-0.69008817215597,0.09689042621072175,219.66040828674122,21.308936211305934,2.401854171083284,53.43386068449663,-999,0,1,0,0,0,0,1,-999.0,-999.0,-999.0,-999.0,0,-999.0,-999.0,-999.0,-999.0,-999.0,0,-999.0,-999.0,-999.0,0,0,-999.0,-999.0,-999.0,-999.0,0,-999.0,-999.0,-999.0,-999.0,-999.0,0,-999.0,-999.0,-999.0,0,0,-999.0,-999.0,-999.0,-999.0,0,-999.0,-999.0,-999.0,-999.0,-999.0,0,-999.0,-999.0,-999.0,0,0,-999.0,-999.0,-999.0,-999.0,0,-999.0,-999.0,-999.0,-999.0,-999.0,0,-999.0,-999.0,-999.0,0,0,0.1698630005121231,20.603700637817383,0.29074200987815857,-999.0,1,20.603700637817383,20.603700637817383,-999.0,-999.0,-999.0,0,24.25480079650879,0.29074200987815857,-999.0,1,4120,0.014075099522855489
PSO J223.8959+05.5648,-999,-999,-999,114672238959378202,3496239000025610,65296387826697,0,15189953280307,11467,1,1467,31,0.113966873953088,3496239,15203,3,268959744,0,32,-999.0,-999.0,-999.0,-999.0,223.8959349,5.56477972,0.20255999267101288,0.20255999267101288,,,,,56822.38814815,-999.0,-0.7172042590938996,-0.6900830786790664,0.09697110527570567,219.6589031905318,21.31336402253297,2.407889399720035,53.43680091700434,-999,0,1,0,0,1,0,0,-999.0,-999.0,-999.0,-999.0,0,-999.0,-999.0,-999.0,-999.0,-999.0,0,-999.0,-999.0,-999.0,0,0,-999.0,-999.0,-999.0,-999.0,0,-999.0,-999.0,-999.0,-999.0,-999.0,0,-999.0,-999.0,-999.0,0,0,0.7892159819602966,21.003599166870117,0.20200499892234802,-999.0,1,21.003599166870117,21.003599166870117,21.105100631713867,0.3069950044155121,-999.0,1,21.484800338745117,0.20200499892234802,-999.0,1,4120,-999.0,-999.0,-999.0,-999.0,0,-999.0,-999.0,-999.0,-999.0,-999.0,0,-999.0,-999.0,-999.0,0,0,-999.0,-999.0,-999.0,-999.0,0,-999.0,-999.0,-999.0,-999.0,-999.0,0,-999.0,-999.0,-999.0,0,0,0.012921544517789473
PSO J223.8963+05.5644,-999,-999,-999,114672238963027804,3496239000025671,65296387826758,0,15189953272326,11467,1,1467,31,0.257850107045705,3496239,15203,3,268959744,0,32,-999.0,-999.0,-999.0,-999.0,223.89629662,5.56444597,0.21178999543190002,0.21178999543190002,,,,,56822.41376157,-999.0,-0.717200309467489,-0.6900879981598976,0.09696530768993027,219.6593811166066,21.313157232610475,2.4078432415422895,53.436310770030296,-999,0,1,0,0,1,0,0,-999.0,-999.0,-999.0,-999.0,0,-999.0,-999.0,-999.0,-999.0,-999.0,0,-999.0,-999.0,-999.0,0,0,-999.0,-999.0,-999.0,-999.0,0,-999.0,-999.0,-999.0,-999.0,-999.0,0,-999.0,-999.0,-999.0,0,0,0.6254169940948486,20.518600463867188,0.2112569957971573,-999.0,1,20.518600463867188,20.518600463867188,-999.0,-999.0,-999.0,1,21.51799964904785,0.2112569957971573,-999.0,1,4112,-999.0,-999.0,-999.0,-999.0,0,-999.0,-999.0,-999.0,-999.0,-999.0,0,-999.0,-999.0,-999.0,0,0,-999.0,-999.0,-999.0,-999.0,0,-999.0,-999.0,-999.0,-999.0,-999.0,0,-999.0,-999.0,-999.0,0,0,0.013312280120130228
PSO J223.8964+05.5597,-999,-999,-999,114672238964332053,3496239000116917,65296387920077,0,15189953269956,11467,1,1467,31,0.371466259818027,3496239,15203,3,1343750144,0,160,223.89643211,5.55966186,0.0010000000474974513,0.0010000000474974513,223.89643211,5.55966186,0.0010000000474974513,0.0010000000474974513,,,,,55940.11799769,-999.0,-0.7172045093412822,-0.6900953054826814,0.0968822023454012,219.66109882902737,21.308646682175983,2.401802042896668,53.433155886010624,-999,1,0,0,0,0,0,0,-999.0,-999.0,-999.0,-999.0,0,-999.0,-999.0,-999.0,-999.0,-999.0,0,-999.0,-999.0,-999.0,0,114720,-999.0,-999.0,-999.0,-999.0,0,-999.0,-999.0,-999.0,-999.0,-999.0,0,-999.0,-999.0,-999.0,0,16416,-999.0,-999.0,-999.0,-999.0,0,-999.0,-999.0,-999.0,-999.0,-999.0,0,-999.0,-999.0,-999.0,0,16416,-999.0,-999.0,-999.0,-999.0,0,-999.0,-999.0,-999.0,-999.0,-999.0,0,-999.0,-999.0,-999.0,0,16416,-999.0,-999.0,-999.0,-999.0,0,-999.0,-999.0,-999.0,-999.0,-999.0,0,-999.0,-999.0,-999.0,0,16416,0.014747577465788947
PSO J223.8968+05.5620,-999,-999,-999,114672238968114870,3496239000116922,65296387920082,0,15189953273626,11467,1,1467,31,0.0540203992780488,3496239,15203,3,1343750144,0,160,223.89681587,5.56201858,0.0010000000474974513,0.0010000000474974513,223.89681587,5.56201858,0.0010000000474974513,0.0010000000474974513,,,,,55877.61681713,-999.0,-0.7171970149894606,-0.6900973455766829,0.0969231412936232,219.66071061922753,21.311006600529172,2.4052579018637905,53.43436469565085,-999,1,0,0,0,0,0,0,-999.0,-999.0,-999.0,-999.0,0,-999.0,-999.0,-999.0,-999.0,-999.0,0,-999.0,-999.0,-999.0,0,114720,-999.0,-999.0,-999.0,-999.0,0,-999.0,-999.0,-999.0,-999.0,-999.0,0,-999.0,-999.0,-999.0,0,16416,-999.0,-999.0,-999.0,-999.0,0,-999.0,-999.0,-999.0,-999.0,-999.0,0,-999.0,-999.0,-999.0,0,16416,-999.0,-999.0,-999.0,-999.0,0,-999.0,-999.0,-999.0,-999.0,-999.0,0,-999.0,-999.0,-999.0,0,16416,-999.0,-999.0,-999.0,-999.0,0,-999.0,-999.0,-999.0,-999.0,-999.0,0,-999.0,-999.0,-999.0,0,16416,0.014284827704880858
PSO J223.8979+05.5585,-999,-999,-999,114672238979370644,3496239000116938,65296387920098,0,15189951385746,11467,1,1467,31,0.663898780628945,3496239,15203,3,1343750144,0,160,223.89793737,5.55848686,0.0010000000474974513,0.0010000000474974513,223.89793737,5.55848686,0.0010000000474974513,0.0010000000474974513,,,,,55877.61681713,-999.0,-0.7171878105936929,-0.6901155249273725,0.09686179117713235,219.6630169733982,21.307989613103633,2.401886779290876,53.43125256751183,-999,1,0,0,0,0,0,0,-999.0,-999.0,-999.0,-999.0,0,-999.0,-999.0,-999.0,-999.0,-999.0,0,-999.0,-999.0,-999.0,0,114720,-999.0,-999.0,-999.0,-999.0,0,-999.0,-999.0,-999.0,-999.0,-999.0,0,-999.0,-999.0,-999.0,0,16416,-999.0,-999.0,-999.0,-999.0,0,-999.0,-999.0,-999.0,-999.0,-999.0,0,-999.0,-999.0,-999.0,0,16416,-999.0,-999.0,-999.0,-999.0,0,-999.0,-999.0,-999.0,-999.0,-999.0,0,-999.0,-999.0,-999.0,0,16416,-999.0,-999.0,-999.0,-999.0,0,-999.0,-999.0,-999.0,-999.0,-999.0,0,-999.0,-999.0,-999.0,0,16416,0.016607399281459788
PSO J223.8993+05.5581,-999,-999,-999,114672238992470147,3496239000116963,65296387920123,0,15189951386204,11467,1,1467,31,0.964642282542439,3496239,15203,3,404226048,0,48,223.89925968,5.55806245,0.0010000000474974513,0.0010000000474974513,223.89925968,5.55806245,0.0010000000474974513,0.0010000000474974513,,,,,55971.37297454,-999.0,-0.7171724004334242,-0.6901325739623676,0.09685441865313885,219.66450127057882,21.307990692926804,2.402746924355481,53.429968200898195,-999,3,0,0,0,0,0,0,-999.0,-999.0,-999.0,-999.0,0,-999.0,-999.0,-999.0,-999.0,-999.0,0,-999.0,-999.0,-999.0,0,114720,-999.0,-999.0,-999.0,-999.0,0,-999.0,-999.0,-999.0,-999.0,-999.0,0,-999.0,-999.0,-999.0,0,16416,-999.0,-999.0,-999.0,-999.0,0,-999.0,-999.0,-999.0,-999.0,-999.0,0,-999.0,-999.0,-999.0,0,114720,-999.0,-999.0,-999.0,-999.0,0,-999.0,-999.0,-999.0,-999.0,-999.0,0,-999.0,-999.0,-999.0,0,114720,-999.0,-999.0,-999.0,-999.0,0,-999.0,-999.0,-999.0,-999.0,-999.0,0,-999.0,-999.0,-999.0,0,16416,0.01797589719896669
PSO J223.9007+05.5659,-999,-999,-999,114672239007219512,3496239000026312,65296387827399,0,15189953276077,11467,1,1467,31,0.0418834202381628,3496239,15203,3,302067712,0,36,-999.0,-999.0,-999.0,-999.0,223.90069454,5.56587605,0.19982999563217163,0.19982999563217163,,,,,56384.58405093,-999.0,-0.7171455933608489,-0.6901413687022682,0.09699014964869265,219.6633794791847,21.315864677876373,2.4143777440663206,53.43385091689266,-999,0,1,0,0,1,0,0,-999.0,-999.0,-999.0,-999.0,0,-999.0,-999.0,-999.0,-999.0,-999.0,0,-999.0,-999.0,-999.0,0,0,-999.0,-999.0,-999.0,-999.0,0,-999.0,-999.0,-999.0,-999.0,-999.0,0,-999.0,-999.0,-999.0,0,0,0.999701976776123,21.53529930114746,0.1992650032043457,-999.0,1,21.53529930114746,21.53529930114746,-999.0,-999.0,-999.0,1,22.367799758911133,0.1992650032043457,-999.0,1,280,-999.0,-999.0,-999.0,-999.0,0,-999.0,-999.0,-999.0,-999.0,-999.0,0,-999.0,-999.0,-999.0,0,0,-999.0,-999.0,-999.0,-999.0,0,-999.0,-999.0,-999.0,-999.0,-999.0,0,-999.0,-999.0,-999.0,0,0,0.017611120160051487
PSO J223.9010+05.5639,-999,-999,-999,114672239009907053,3496239000026356,65296387827443,0,15189953226794,11467,1,1467,31,0.768038680560923,3496239,15203,3,436527104,7,52,223.90098144,5.56386767,0.0010000000474974513,0.0010000000474974513,223.9009661064286,5.563873952037808,0.028917963065383002,0.028917963065383002,-86.73157951006868,18.388922311785983,23.83090880437927,23.83090880437927,56559.87183235872,3.4284377098083496,-0.7171447638459106,-0.6901471174298891,0.09695537113336199,219.66429992477703,21.314057023471033,2.412090704869452,53.432385853783686,-999,4,9,0,0,7,2,0,-999.0,-999.0,-999.0,-999.0,0,-999.0,-999.0,-999.0,-999.0,-999.0,0,-999.0,-999.0,-999.0,0,16416,-999.0,-999.0,-999.0,-999.0,0,-999.0,-999.0,-999.0,-999.0,-999.0,0,-999.0,-999.0,-999.0,0,114720,0.9996560215950012,21.450300216674805,0.053605999797582626,0.1734279990196228,7,21.26420021057129,21.73310089111328,21.660499572753906,0.08562000095844269,0.5078369975090027,7,21.736499786376953,0.12075900286436081,0.44551700353622437,7,115000,0.9984369874000549,21.034099578857422,0.11778300255537033,0.2345689982175827,2,20.79949951171875,21.03510093688965,20.62190055847168,0.19627800583839417,0.39181798696517944,2,20.708099365234375,0.010945999994874,0.021777000278234482,2,115000,-999.0,-999.0,-999.0,-999.0,0,-999.0,-999.0,-999.0,-999.0,-999.0,0,-999.0,-999.0,-999.0,0,114720,0.01799449977323009
PSO J223.9019+05.5581,-999,-999,-999,114672239018860127,3496239000026487,65296387827574,0,15189951388146,11467,1,1467,31,0.976959145606457,3496239,15203,3,268959744,0,32,-999.0,-999.0,-999.0,-999.0,223.90186743,5.55807557,0.2843799889087677,0.2843799889087677,,,,,55767.25564815,-999.0,-0.717140973138206,-0.6901651991265534,0.09685464656376436,219.6671477634378,21.30880167244975,2.405542042459001,53.42797741325293,-999,0,1,0,0,0,1,0,-999.0,-999.0,-999.0,-999.0,0,-999.0,-999.0,-999.0,-999.0,-999.0,0,-999.0,-999.0,-999.0,0,0,-999.0,-999.0,-999.0,-999.0,0,-999.0,-999.0,-999.0,-999.0,-999.0,0,-999.0,-999.0,-999.0,0,0,-999.0,-999.0,-999.0,-999.0,0,-999.0,-999.0,-999.0,-999.0,-999.0,0,-999.0,-999.0,-999.0,0,0,0.614063024520874,21.632400512695312,0.28398001194000244,-999.0,1,21.632400512695312,21.632400512695312,-999.0,-999.0,-999.0,0,22.46269989013672,0.28398001194000244,-999.0,1,4120,-999.0,-999.0,-999.0,-999.0,0,-999.0,-999.0,-999.0,-999.0,-999.0,0,-999.0,-999.0,-999.0,0,0,0.020338876851310018
PSO J223.9046+05.5660,-999,-999,-999,114672239045989666,3496239000117057,65296387920217,0,15189953223844,11467,1,1467,31,0.612355619307939,3496239,15203,3,1343750144,0,160,223.90460835,5.56600684,0.0010000000474974513,0.0010000000474974513,223.90460835,5.56600684,0.0010000000474974513,0.0010000000474974513,,,,,56016.57618056,-999.0,-0.71709828938992,-0.6901902009633026,0.09699242160234148,219.66731490389077,21.31718754543596,2.418715845226198,53.4309335208868,-999,1,0,0,0,0,0,0,-999.0,-999.0,-999.0,-999.0,0,-999.0,-999.0,-999.0,-999.0,-999.0,0,-999.0,-999.0,-999.0,0,16416,-999.0,-999.0,-999.0,-999.0,0,-999.0,-999.0,-999.0,-999.0,-999.0,0,-999.0,-999.0,-999.0,0,16416,-999.0,-999.0,-999.0,-999.0,0,-999.0,-999.0,-999.0,-999.0,-999.0,0,-999.0,-999.0,-999.0,0,16416,-999.0,-999.0,-999.0,-999.0,0,-999.0,-999.0,-999.0,-999.0,-999.0,0,-999.0,-999.0,-999.0,0,114720,-999.0,-999.0,-999.0,-999.0,0,-999.0,-999.0,-999.0,-999.0,-999.0,0,-999.0,-999.0,-999.0,0,16416,0.021506799734940504
PSO J223.9063+05.5657,-999,-999,-999,114672239062209321,3496239000027133,65296387828220,0,15189953223307,11467,1,1467,31,0.223307512908529,3496239,15203,3,436285440,0,52,223.9062548,5.56574349,0.0010000000474974513,0.0010000000474974513,223.90630993,5.56571596,0.13524000346660614,0.13524000346660614,,,,,56388.51003472,5.0233001708984375,-0.7170781464468609,-0.6902118386382131,0.09698736872393073,219.669140735692,21.31743177986413,2.4201520856054266,53.42944338623103,-999,4,2,0,1,1,0,0,-999.0,-999.0,-999.0,-999.0,0,-999.0,-999.0,-999.0,-999.0,-999.0,0,-999.0,-999.0,-999.0,0,114720,0.9992889761924744,21.718299865722656,0.19217999279499054,-999.0,1,21.718299865722656,21.718299865722656,21.648399353027344,0.26886799931526184,-999.0,1,21.90329933166504,0.19217999279499054,-999.0,1,115000,0.999114990234375,21.463600158691406,0.18918000161647797,-999.0,1,21.463600158691406,21.463600158691406,21.236000061035156,0.26891499757766724,-999.0,1,21.154699325561523,0.18918000161647797,-999.0,1,115000,-999.0,-999.0,-999.0,-999.0,0,-999.0,-999.0,-999.0,-999.0,-999.0,0,-999.0,-999.0,-999.0,0,114720,-999.0,-999.0,-999.0,-999.0,0,-999.0,-999.0,-999.0,-999.0,-999.0,0,-999.0,-999.0,-999.0,0,16416,0.02320067243306119
PSO J223.9065+05.5657,-999,-999,-999,114672239065479346,3496239000027190,65296387828277,0,15189953223429,11467,1,1467,31,0.364628501576025,3496239,15203,3,268959744,0,32,-999.0,-999.0,-999.0,-999.0,223.90651146,5.56574315,0.1921599954366684,0.1921599954366684,,,,,56045.39357639,-999.0,-0.7170756855570771,-0.6902143289391465,0.09698784104170712,219.669336626418,21.317519356911074,2.4204018844050856,53.42930619947302,-999,0,1,0,0,1,0,0,-999.0,-999.0,-999.0,-999.0,0,-999.0,-999.0,-999.0,-999.0,-999.0,0,-999.0,-999.0,-999.0,0,0,-999.0,-999.0,-999.0,-999.0,0,-999.0,-999.0,-999.0,-999.0,-999.0,0,-999.0,-999.0,-999.0,0,0,0.7007439732551575,21.091100692749023,0.19157199561595917,-999.0,1,21.091100692749023,21.091100692749023,-999.0,-999.0,-999.0,0,20.841999053955078,0.19157199561595917,-999.0,1,4120,-999.0,-999.0,-999.0,-999.0,0,-999.0,-999.0,-999.0,-999.0,-999.0,0,-999.0,-999.0,-999.0,0,0,-999.0,-999.0,-999.0,-999.0,0,-999.0,-999.0,-999.0,-999.0,-999.0,0,-999.0,-999.0,-999.0,0,0,0.02340106220607856
PSO J223.9092+05.5588,-999,-999,-999,114672239092931011,3496239000027546,65296387828633,0,15189953219849,11467,1,1467,31,0.781146677938427,3496239,15203,3,436527104,7,52,223.90926913,5.55878766,0.0010000000474974513,0.0010000000474974513,223.90922708481662,5.558782868225327,0.01661809245358275,0.01661809245358275,-19.29179548156328,6.429563693241977,12.940628928873911,12.940628928873911,56394.168587005435,1.857475757598877,-0.717051453917837,-0.6902564810898355,0.09686693320113812,219.67438781823842,21.311719854924068,2.4142783480881587,53.42278974675124,-999,3,21,0,0,13,5,3,-999.0,-999.0,-999.0,-999.0,0,-999.0,-999.0,-999.0,-999.0,-999.0,0,-999.0,-999.0,-999.0,0,16416,-999.0,-999.0,-999.0,-999.0,0,-999.0,-999.0,-999.0,-999.0,-999.0,0,-999.0,-999.0,-999.0,0,16416,0.9993379712104797,21.25550079345703,0.04372100159525871,0.19696100056171417,11,21.05190086364746,21.63290023803711,21.33919906616211,0.06196900084614754,0.265082985162735,11,21.253299713134766,0.07773099839687347,0.25394800305366516,11,115000,0.9992769956588745,20.699899673461914,0.04042999818921089,0.2173050045967102,5,20.300899505615234,20.75909996032715,20.80430030822754,0.08925800025463104,0.39329901337623596,4,20.693899154663086,0.09283100068569183,0.5907340049743652,5,115000,0.9996659755706787,20.089000701904297,0.3115690052509308,0.6214150190353394,2,19.467599868774414,20.090700149536133,19.94409942626953,0.247748002409935,0.49390798807144165,2,19.880699157714844,0.3069329857826233,0.6121330261230469,2,115000,0.027053286646363115
PSO J223.9096+05.5630,-999,-999,-999,114672239095686017,3496239000117151,65296387920311,0,15189953218386,11467,1,1467,31,0.846595371930483,3496239,15203,3,404226048,0,48,223.90956323,5.56295686,0.0010000000474974513,0.0010000000474974513,223.90956323,5.56295686,0.0010000000474974513,0.0010000000474974513,,,,,55947.65574074,-999.0,-0.7170423184486623,-0.6902557920631818,0.09693944025522558,219.67335905274092,21.315802562155625,2.4200496236650815,53.42518975753354,-999,2,0,0,0,0,0,0,-999.0,-999.0,-999.0,-999.0,0,-999.0,-999.0,-999.0,-999.0,-999.0,0,-999.0,-999.0,-999.0,0,16416,-999.0,-999.0,-999.0,-999.0,0,-999.0,-999.0,-999.0,-999.0,-999.0,0,-999.0,-999.0,-999.0,0,16416,-999.0,-999.0,-999.0,-999.0,0,-999.0,-999.0,-999.0,-999.0,-999.0,0,-999.0,-999.0,-999.0,0,114720,-999.0,-999.0,-999.0,-999.0,0,-999.0,-999.0,-999.0,-999.0,-999.0,0,-999.0,-999.0,-999.0,0,114720,-999.0,-999.0,-999.0,-999.0,0,-999.0,-999.0,-999.0,-999.0,-999.0,0,-999.0,-999.0,-999.0,0,16416,0.02660004763696162
PSO J223.9097+05.5622,-999,-999,-999,114672239097045087,3496239000027600,65296387828687,0,15189953218334,11467,1,1467,31,0.913039713085666,3496239,15203,3,302067712,0,36,-999.0,-999.0,-999.0,-999.0,223.9096788,5.56219505,0.19399000704288483,0.19399000704288483,,,,,56143.26857639,-999.0,-0.7170418546634454,-0.6902581322237848,0.09692620677473353,219.67372809019687,21.315113075442408,2.419187806856039,53.424615417627024,-999,0,1,0,0,0,1,0,-999.0,-999.0,-999.0,-999.0,0,-999.0,-999.0,-999.0,-999.0,-999.0,0,-999.0,-999.0,-999.0,0,0,-999.0,-999.0,-999.0,-999.0,0,-999.0,-999.0,-999.0,-999.0,-999.0,0,-999.0,-999.0,-999.0,0,0,-999.0,-999.0,-999.0,-999.0,0,-999.0,-999.0,-999.0,-999.0,-999.0,0,-999.0,-999.0,-999.0,0,0,0.9982460141181946,20.834400177001953,0.19340799748897552,-999.0,1,20.834400177001953,20.834400177001953,-999.0,-999.0,-999.0,1,21.59779930114746,0.19340799748897552,-999.0,1,280,-999.0,-999.0,-999.0,-999.0,0,-999.0,-999.0,-999.0,-999.0,-999.0,0,-999.0,-999.0,-999.0,0,0,0.026808675340159308
PSO J223.9115+05.5662,-999,-999,-999,114672239115509899,3496239000027857,65296387828944,0,15189956638401,11467,1,1467,31,0.937668102735344,3496239,15203,3,268959744,0,32,-999.0,-999.0,-999.0,-999.0,223.91153436,5.56619892,0.23658999800682068,0.23658999800682068,,,,,55399.26950231,-999.0,-0.7170146185477284,-0.690276654447636,0.096995758223926,219.6742923131057,21.319490909588072,2.426340408747075,53.42574535750996,-999,0,1,0,0,0,1,0,-999.0,-999.0,-999.0,-999.0,0,-999.0,-999.0,-999.0,-999.0,-999.0,0,-999.0,-999.0,-999.0,0,0,-999.0,-999.0,-999.0,-999.0,0,-999.0,-999.0,-999.0,-999.0,-999.0,0,-999.0,-999.0,-999.0,0,0,-999.0,-999.0,-999.0,-999.0,0,-999.0,-999.0,-999.0,-999.0,-999.0,0,-999.0,-999.0,-999.0,0,0,0.8000159859657288,18.184200286865234,0.23611600697040558,-999.0,1,18.184200286865234,18.184200286865234,-999.0,-999.0,-999.0,0,18.608600616455078,0.23611600697040558,-999.0,1,4112,-999.0,-999.0,-999.0,-999.0,0,-999.0,-999.0,-999.0,-999.0,-999.0,0,-999.0,-999.0,-999.0,0,0,0.028401524064050655
PSO J223.9119+05.5650,-999,-999,-999,114672239119048469,3496239000027906,65296387828993,0,15189956638118,11467,1,1467,31,0.364732311446902,3496239,15203,3,268959744,0,32,-999.0,-999.0,-999.0,-999.0,223.91188838,5.56500734,0.22822999954223633,0.22822999954223633,,,,,55399.26950231,-999.0,-0.7170118065075207,-0.6902824836313444,0.0969750592707449,219.6750456756191,21.31846549449365,2.4251767594147124,53.424714226536274,-999,0,1,0,0,0,1,0,-999.0,-999.0,-999.0,-999.0,0,-999.0,-999.0,-999.0,-999.0,-999.0,0,-999.0,-999.0,-999.0,0,0,-999.0,-999.0,-999.0,-999.0,0,-999.0,-999.0,-999.0,-999.0,-999.0,0,-999.0,-999.0,-999.0,0,0,-999.0,-999.0,-999.0,-999.0,0,-999.0,-999.0,-999.0,-999.0,-999.0,0,-999.0,-999.0,-999.0,0,0,0.7879729866981506,18.14430046081543,0.22773200273513794,-999.0,1,18.14430046081543,18.14430046081543,-999.0,-999.0,-999.0,0,19.817800521850586,0.22773200273513794,-999.0,1,4112,-999.0,-999.0,-999.0,-999.0,0,-999.0,-999.0,-999.0,-999.0,-999.0,0,-999.0,-999.0,-999.0,0,0,0.028765685937102256
PSO J223.9120+05.5594,-999,-999,-999,114672239120511730,3496239000027927,65296387829014,0,15189953217443,11467,1,1467,31,0.698723093325946,3496239,15203,3,310456320,0,37,-999.0,-999.0,-999.0,-999.0,223.91202067,5.55939219,0.1795399934053421,0.1795399934053421,,,,,56384.58405093,-999.0,-0.7170170558863054,-0.6902907272318471,0.09687751785560166,219.67703423780088,21.313163099624543,2.4180583623627356,53.42103269571688,-999,0,1,0,0,1,0,0,-999.0,-999.0,-999.0,-999.0,0,-999.0,-999.0,-999.0,-999.0,-999.0,0,-999.0,-999.0,-999.0,0,0,-999.0,-999.0,-999.0,-999.0,0,-999.0,-999.0,-999.0,-999.0,-999.0,0,-999.0,-999.0,-999.0,0,0,0.8385840058326721,21.405899047851562,0.17891600728034973,-999.0,1,21.405899047851562,21.405899047851562,20.49519920349121,0.16131900250911713,-999.0,1,20.413400650024414,0.17891600728034973,-999.0,1,16777752,-999.0,-999.0,-999.0,-999.0,0,-999.0,-999.0,-999.0,-999.0,-999.0,0,-999.0,-999.0,-999.0,0,0,-999.0,-999.0,-999.0,-999.0,0,-999.0,-999.0,-999.0,-999.0,-999.0,0,-999.0,-999.0,-999.0,0,0,0.029605428060528786
PSO J223.9121+05.5597,-999,-999,-999,114672239121252113,3496239000027943,65296387829030,0,15189953217463,11467,1,1467,31,0.217345247247578,3496239,15203,3,277348352,0,33,-999.0,-999.0,-999.0,-999.0,223.91213003,5.55971983,0.14785000681877136,0.14785000681877136,,,,,56396.5534375,-999.0,-0.7170153392283248,-0.6902917115659949,0.09688320935321852,219.6770372292215,21.313508335141588,2.418598360947078,53.421157753605506,-999,0,1,0,1,0,0,0,-999.0,-999.0,-999.0,-999.0,0,-999.0,-999.0,-999.0,-999.0,-999.0,0,-999.0,-999.0,-999.0,0,0,0.8423479795455933,21.34309959411621,0.14709000289440155,-999.0,1,21.34309959411621,21.34309959411621,21.07659912109375,0.16653500497341156,-999.0,1,20.919200897216797,0.14709000289440155,-999.0,1,16781336,-999.0,-999.0,-999.0,-999.0,0,-999.0,-999.0,-999.0,-999.0,-999.0,0,-999.0,-999.0,-999.0,0,0,-999.0,-999.0,-999.0,-999.0,0,-999.0,-999.0,-999.0,-999.0,-999.0,0,-999.0,-999.0,-999.0,0,0,-999.0,-999.0,-999.0,-999.0,0,-999.0,-999.0,-999.0,-999.0,-999.0,0,-999.0,-999.0,-999.0,0,0,0.029641715250134485
PSO J223.9123+05.5635,-999,-999,-999,114672239123396704,3496239000027977,65296387829064,0,15189956627109,11467,1,1467,31,0.797772730512333,3496239,15203,3,268959744,0,32,-999.0,-999.0,-999.0,-999.0,223.91233521,5.56354533,0.2765200138092041,0.2765200138092041,,,,,55399.25851852,-999.0,-0.7170082056131003,-0.6902897913209757,0.09694966261687438,219.67598267346685,21.317211173145225,2.4237623720287225,53.42343950505567,-999,0,1,0,0,0,1,0,-999.0,-999.0,-999.0,-999.0,0,-999.0,-999.0,-999.0,-999.0,-999.0,0,-999.0,-999.0,-999.0,0,0,-999.0,-999.0,-999.0,-999.0,0,-999.0,-999.0,-999.0,-999.0,-999.0,0,-999.0,-999.0,-999.0,0,0,-999.0,-999.0,-999.0,-999.0,0,-999.0,-999.0,-999.0,-999.0,-999.0,0,-999.0,-999.0,-999.0,0,0,0.7543119788169861,20.540300369262695,0.2761169970035553,-999.0,1,20.540300369262695,20.540300369262695,-999.0,-999.0,-999.0,0,21.435800552368164,0.2761169970035553,-999.0,1,4112,-999.0,-999.0,-999.0,-999.0,0,-999.0,-999.0,-999.0,-999.0,-999.0,0,-999.0,-999.0,-999.0,0,0,0.02929079542188369
PSO J223.9123+05.5590,-999,-999,-999,114672239123521306,3496239000027978,65296387829065,0,15189953216711,11467,1,1467,31,0.0276882816363948,3496239,15203,3,310456320,0,37,-999.0,-999.0,-999.0,-999.0,223.91232409,5.5590298,0.18111999332904816,0.18111999332904816,,,,,56335.64762731,-999.0,-0.7170138417239187,-0.69029494927015,0.09687122270534447,219.67746233758868,21.31291117166503,2.4179130234919786,53.42056898833531,-999,0,1,0,0,0,1,0,-999.0,-999.0,-999.0,-999.0,0,-999.0,-999.0,-999.0,-999.0,-999.0,0,-999.0,-999.0,-999.0,0,0,-999.0,-999.0,-999.0,-999.0,0,-999.0,-999.0,-999.0,-999.0,-999.0,0,-999.0,-999.0,-999.0,0,0,-999.0,-999.0,-999.0,-999.0,0,-999.0,-999.0,-999.0,-999.0,-999.0,0,-999.0,-999.0,-999.0,0,0,0.02486399933695793,21.520999908447266,0.18049299716949463,-999.0,1,21.520999908447266,21.520999908447266,20.66819953918457,0.2006009966135025,-999.0,1,20.87980079650879,0.18049299716949463,-999.0,1,16777752,-999.0,-999.0,-999.0,-999.0,0,-999.0,-999.0,-999.0,-999.0,-999.0,0,-999.0,-999.0,-999.0,0,0,0.0299809586500497
PSO J223.9128+05.5595,-999,-999,-999,114672239128091842,3496239000028038,65296387829125,0,15189953216613,11467,1,1467,31,0.604063894230932,3496239,15203,3,302067712,0,36,-999.0,-999.0,-999.0,-999.0,223.91277799,5.55947691,0.15735000371932983,0.15735000371932983,,,,,56384.59559028,-999.0,-0.7170078285533489,-0.6903001051559161,0.09687898954336138,219.67777613196648,21.313475565456244,2.4189743529331595,53.42050605121906,-999,0,1,0,0,1,0,0,-999.0,-999.0,-999.0,-999.0,0,-999.0,-999.0,-999.0,-999.0,-999.0,0,-999.0,-999.0,-999.0,0,0,-999.0,-999.0,-999.0,-999.0,0,-999.0,-999.0,-999.0,-999.0,-999.0,0,-999.0,-999.0,-999.0,0,0,0.9325510263442993,21.07699966430664,0.15663699805736542,-999.0,1,21.07699966430664,21.07699966430664,20.8302001953125,0.19418099522590637,-999.0,1,20.9552001953125,0.15663699805736542,-999.0,1,280,-999.0,-999.0,-999.0,-999.0,0,-999.0,-999.0,-999.0,-999.0,-999.0,0,-999.0,-999.0,-999.0,0,0,-999.0,-999.0,-999.0,-999.0,0,-999.0,-999.0,-999.0,-999.0,-999.0,0,-999.0,-999.0,-999.0,0,0,0.030323238054209115
PSO J223.9129+05.5580,-999,-999,-999,114672239129180077,3496239000106694,65296387907783,0,15189951381718,11467,1,1467,31,0.393637748801743,3496239,15203,3,302067712,0,36,-999.0,-999.0,-999.0,-999.0,223.91289185,5.55801584,0.2099200040102005,0.2099200040102005,,,,,55694.33935185,-999.0,-0.717008236240319,-0.6903032432135485,0.09685360897975512,219.67837428527005,21.312120189014394,2.4172069364321107,53.419487147803835,-999,0,1,0,0,1,0,0,-999.0,-999.0,-999.0,-999.0,0,-999.0,-999.0,-999.0,-999.0,-999.0,0,-999.0,-999.0,-999.0,0,0,-999.0,-999.0,-999.0,-999.0,0,-999.0,-999.0,-999.0,-999.0,-999.0,0,-999.0,-999.0,-999.0,0,0,0.3077619969844818,20.944299697875977,0.20938800275325775,-999.0,1,20.944299697875977,20.944299697875977,-999.0,-999.0,-999.0,1,20.625099182128906,0.20938800275325775,-999.0,1,528,-999.0,-999.0,-999.0,-999.0,0,-999.0,-999.0,-999.0,-999.0,-999.0,0,-999.0,-999.0,-999.0,0,0,-999.0,-999.0,-999.0,-999.0,0,-999.0,-999.0,-999.0,-999.0,-999.0,0,-999.0,-999.0,-999.0,0,0,0.030774989212856364
PSO J223.9129+05.5627,-999,-999,-999,114672239129715708,3496239000028064,65296387829151,0,15189956628411,11467,1,1467,31,0.45881984518731,3496239,15203,3,436285440,0,52,223.91301902,5.56287526,0.0010000000474974513,0.0010000000474974513,223.91293646,5.56271814,0.18006999790668488,0.18006999790668488,,,,,56396.56409722,-999.0,-0.7170019700635799,-0.690298286114871,0.09693529342719943,219.67686702716654,21.316608164746356,2.423333203810401,53.42245110070501,-999,3,1,0,1,0,0,0,-999.0,-999.0,-999.0,-999.0,0,-999.0,-999.0,-999.0,-999.0,-999.0,0,-999.0,-999.0,-999.0,0,16416,0.9994009733200073,21.58839988708496,0.1794469952583313,-999.0,1,21.58839988708496,21.58839988708496,21.41710090637207,0.2847900092601776,-999.0,1,21.19179916381836,0.1794469952583313,-999.0,1,115000,-999.0,-999.0,-999.0,-999.0,0,-999.0,-999.0,-999.0,-999.0,-999.0,0,-999.0,-999.0,-999.0,0,114720,-999.0,-999.0,-999.0,-999.0,0,-999.0,-999.0,-999.0,-999.0,-999.0,0,-999.0,-999.0,-999.0,0,114720,-999.0,-999.0,-999.0,-999.0,0,-999.0,-999.0,-999.0,-999.0,-999.0,0,-999.0,-999.0,-999.0,0,16416,0.02996354191678207
PSO J223.9133+05.5606,-999,-999,-999,114672239133113221,3496239000028097,65296387829184,0,15189956625390,11467,1,1467,31,0.462831535807654,3496239,15203,3,1375809536,0,164,223.9132738,5.56073151,0.0010000000474974513,0.0010000000474974513,223.91327575,5.56063774,0.19753000140190125,0.19753000140190125,,,,,56785.37768519,-999.0,-0.7170004173810051,-0.6903049726948463,0.09689915452795227,219.67789885978166,21.314732503512094,2.421005020398656,53.42086453766126,-999,1,1,0,0,1,0,0,-999.0,-999.0,-999.0,-999.0,0,-999.0,-999.0,-999.0,-999.0,-999.0,0,-999.0,-999.0,-999.0,0,16416,-999.0,-999.0,-999.0,-999.0,0,-999.0,-999.0,-999.0,-999.0,-999.0,0,-999.0,-999.0,-999.0,0,16416,0.9981279969215393,21.687400817871094,0.19696399569511414,-999.0,1,21.687400817871094,21.687400817871094,21.462299346923828,0.28902098536491394,-999.0,1,21.361499786376953,0.19696399569511414,-999.0,1,115000,-999.0,-999.0,-999.0,-999.0,0,-999.0,-999.0,-999.0,-999.0,-999.0,0,-999.0,-999.0,-999.0,0,16416,-999.0,-999.0,-999.0,-999.0,0,-999.0,-999.0,-999.0,-999.0,-999.0,0,-999.0,-999.0,-999.0,0,16416,0.030587114948468854
PSO J223.9134+05.5602,-999,-999,-999,114672239134352699,3496239000028117,65296387829204,0,15189956625246,11467,1,1467,31,0.70091919386845,3496239,15203,3,268959744,0,32,-999.0,-999.0,-999.0,-999.0,223.91341888,5.56019878,0.2475000023841858,0.2475000023841858,,,,,55399.26950231,-999.0,-0.7169992277112247,-0.6903072786920532,0.09689152928032099,219.67818929747907,21.314358644149163,2.420589981997734,53.4204749165079,-999,0,1,0,0,0,1,0,-999.0,-999.0,-999.0,-999.0,0,-999.0,-999.0,-999.0,-999.0,-999.0,0,-999.0,-999.0,-999.0,0,0,-999.0,-999.0,-999.0,-999.0,0,-999.0,-999.0,-999.0,-999.0,-999.0,0,-999.0,-999.0,-999.0,0,0,-999.0,-999.0,-999.0,-999.0,0,-999.0,-999.0,-999.0,-999.0,-999.0,0,-999.0,-999.0,-999.0,0,0,0.8012120127677917,18.229299545288086,0.24704599380493164,-999.0,1,18.229299545288086,18.229299545288086,-999.0,-999.0,-999.0,0,18.59160041809082,0.24704599380493164,-999.0,1,4112,-999.0,-999.0,-999.0,-999.0,0,-999.0,-999.0,-999.0,-999.0,-999.0,0,-999.0,-999.0,-999.0,0,0,0.030805516653328622
PSO J223.9135+05.5597,-999,-999,-999,114672239135012095,3496239000028126,65296387829213,0,15189956624583,11467,1,1467,31,0.125292778131825,3496239,15203,3,268959744,0,32,-999.0,-999.0,-999.0,-999.0,223.9134972,5.55970422,0.20905999839305878,0.20905999839305878,,,,,55399.25851852,-999.0,-0.7169988865620355,-0.6903088388226486,0.09688293818897041,219.6784322075518,21.313912038704288,2.4200340641891693,53.42009953625508,-999,0,1,0,0,0,1,0,-999.0,-999.0,-999.0,-999.0,0,-999.0,-999.0,-999.0,-999.0,-999.0,0,-999.0,-999.0,-999.0,0,0,-999.0,-999.0,-999.0,-999.0,0,-999.0,-999.0,-999.0,-999.0,-999.0,0,-999.0,-999.0,-999.0,0,0,-999.0,-999.0,-999.0,-999.0,0,-999.0,-999.0,-999.0,-999.0,-999.0,0,-999.0,-999.0,-999.0,0,0,0.8252109885215759,20.32390022277832,0.20851700007915497,-999.0,1,20.32390022277832,20.32390022277832,-999.0,-999.0,-999.0,0,20.460800170898438,0.20851700007915497,-999.0,1,4112,-999.0,-999.0,-999.0,-999.0,0,-999.0,-999.0,-999.0,-999.0,-999.0,0,-999.0,-999.0,-999.0,0,0,0.030977066577890414
PSO J223.9136+05.5590,-999,-999,-999,114672239136331226,3496239000028146,65296387829233,0,15189956624444,11467,1,1467,31,0.618151836672939,3496239,15203,3,1375809536,0,164,223.91362739,5.55885886,0.0010000000474974513,0.0010000000474974513,223.91360682,5.55896934,0.015599999576807022,0.015599999576807022,,,,,56721.58826389,-999.0,-0.7169984609544751,-0.6903110724013956,0.09687017244203354,219.67878628190104,21.313246346260208,2.419200833243278,53.4195469251707,-999,2,1,1,0,0,0,0,0.8362169861793518,16.401100158691406,0.002322999993339181,-999.0,1,16.401100158691406,16.401100158691406,16.927900314331055,0.005654999986290932,-999.0,1,16.902700424194336,0.002322999993339181,-999.0,1,246328,-999.0,-999.0,-999.0,-999.0,0,-999.0,-999.0,-999.0,-999.0,-999.0,0,-999.0,-999.0,-999.0,0,147488,-999.0,-999.0,-999.0,-999.0,0,-999.0,-999.0,-999.0,-999.0,-999.0,0,-999.0,-999.0,-999.0,0,147488,-999.0,-999.0,-999.0,-999.0,0,-999.0,-999.0,-999.0,-999.0,-999.0,0,-999.0,-999.0,-999.0,0,147488,-999.0,-999.0,-999.0,-999.0,0,-999.0,-999.0,-999.0,-999.0,-999.0,0,-999.0,-999.0,-999.0,0,147488,0.031238498927075514
PSO J223.9140+05.5582,-999,-999,-999,114672239140090322,3496239000028220,65296387829307,0,15189950070843,11467,1,1467,31,0.308558699030949,3496239,15203,3,268959744,0,32,-999.0,-999.0,-999.0,-999.0,223.91399274,5.55821843,0.2276100069284439,0.2276100069284439,,,,,55399.26950231,-999.0,-0.7169947258071443,-0.6903167822659678,0.09685712821831086,219.67942652358175,21.312649987190106,2.41864112516977,53.41877223855711,-999,0,1,0,0,0,1,0,-999.0,-999.0,-999.0,-999.0,0,-999.0,-999.0,-999.0,-999.0,-999.0,0,-999.0,-999.0,-999.0,0,0,-999.0,-999.0,-999.0,-999.0,0,-999.0,-999.0,-999.0,-999.0,-999.0,0,-999.0,-999.0,-999.0,0,0,-999.0,-999.0,-999.0,-999.0,0,-999.0,-999.0,-999.0,-999.0,-999.0,0,-999.0,-999.0,-999.0,0,0,0.7624239921569824,18.089399337768555,0.22711600363254547,-999.0,1,18.089399337768555,18.089399337768555,-999.0,-999.0,-999.0,0,19.835899353027344,0.22711600363254547,-999.0,1,4112,-999.0,-999.0,-999.0,-999.0,0,-999.0,-999.0,-999.0,-999.0,-999.0,0,-999.0,-999.0,-999.0,0,0,0.0317859815856015
PSO J223.9144+05.5603,-999,-999,-999,114672239144002831,3496239000028275,65296387829362,0,15189956625287,11467,1,1467,31,0.800776544772812,3496239,15203,3,310456320,0,37,-999.0,-999.0,-999.0,-999.0,223.91436953,5.56030247,0.17385999858379364,0.17385999858379364,,,,,56392.56075231,-999.0,-0.7169876477354739,-0.6903190534093031,0.09689333049717923,219.67912146990523,21.314748343089676,2.421736316262935,53.4198121122217,-999,0,1,0,1,0,0,0,-999.0,-999.0,-999.0,-999.0,0,-999.0,-999.0,-999.0,-999.0,-999.0,0,-999.0,-999.0,-999.0,0,0,0.47716599702835083,21.589500427246094,0.17321200668811798,-999.0,1,21.589500427246094,21.589500427246094,21.1156005859375,0.21930299699306488,-999.0,1,20.978700637817383,0.17321200668811798,-999.0,1,16777752,-999.0,-999.0,-999.0,-999.0,0,-999.0,-999.0,-999.0,-999.0,-999.0,0,-999.0,-999.0,-999.0,0,0,-999.0,-999.0,-999.0,-999.0,0,-999.0,-999.0,-999.0,-999.0,-999.0,0,-999.0,-999.0,-999.0,0,0,-999.0,-999.0,-999.0,-999.0,0,-999.0,-999.0,-999.0,-999.0,-999.0,0,-999.0,-999.0,-999.0,0,0,0.03171746764216434
PSO J223.8784+05.5508,-999,-999,-999,114662238783721401,3496239000022821,65296387823908,0,15189951625551,11466,1,1467,31,0.203710640039025,3496239,15203,3,268513280,0,32,-999.0,-999.0,-999.0,-999.0,223.87835875,5.55079446,0.015990000218153,0.015990000218153,,,,,55694.35231481,-999.0,-0.7174329563516118,-0.6898794209493938,0.09672816389819225,219.64565661020245,21.294674423116337,2.371075175870913,53.44135202724918,-999,0,1,0,1,0,0,0,-999.0,-999.0,-999.0,-999.0,0,-999.0,-999.0,-999.0,-999.0,-999.0,0,-999.0,-999.0,-999.0,0,0,0.9990249872207642,16.91200065612793,0.005537999793887138,-999.0,1,16.91200065612793,16.91200065612793,17.349700927734375,0.010658999904990196,-999.0,1,17.272300720214844,0.005537999793887138,-999.0,1,16,-999.0,-999.0,-999.0,-999.0,0,-999.0,-999.0,-999.0,-999.0,-999.0,0,-999.0,-999.0,-999.0,0,0,-999.0,-999.0,-999.0,-999.0,0,-999.0,-999.0,-999.0,-999.0,-999.0,0,-999.0,-999.0,-999.0,0,0,-999.0,-999.0,-999.0,-999.0,0,-999.0,-999.0,-999.0,-999.0,-999.0,0,-999.0,-999.0,-999.0,0,0,0.015784614588920793
PSO J223.8783+05.5561,-999,-999,-999,114662238783047804,3496239000022805,65296387823892,0,15189951611358,11466,1,1467,31,0.215539198569524,3496239,15203,3,302067712,0,36,-999.0,-999.0,-999.0,-999.0,223.87827722,5.55609681,0.03666999936103821,0.03666999936103821,,,,,56822.40097222,-999.0,-0.7174274825453589,-0.6898721925293193,0.09682027299805772,219.64382240173134,21.299694482360866,2.3778429613201517,53.444797640108916,-999,0,1,0,0,1,0,0,-999.0,-999.0,-999.0,-999.0,0,-999.0,-999.0,-999.0,-999.0,-999.0,0,-999.0,-999.0,-999.0,0,0,-999.0,-999.0,-999.0,-999.0,0,-999.0,-999.0,-999.0,-999.0,-999.0,0,-999.0,-999.0,-999.0,0,0,0.9412320256233215,18.581600189208984,0.03345999866724014,-999.0,1,18.581600189208984,18.581600189208984,-999.0,-999.0,-999.0,0,-999.0,-999.0,-999.0,0,272,-999.0,-999.0,-999.0,-999.0,0,-999.0,-999.0,-999.0,-999.0,-999.0,0,-999.0,-999.0,-999.0,0,0,-999.0,-999.0,-999.0,-999.0,0,-999.0,-999.0,-999.0,-999.0,-999.0,0,-999.0,-999.0,-999.0,0,0,0.010861058766913926
PSO J223.8776+05.5578,-999,-999,-999,114662238775749865,3496239000022653,65296387823740,0,15189951480755,11466,1,1467,31,0.213253629592484,3496239,15203,3,268959744,0,32,-999.0,-999.0,-999.0,-999.0,223.87756546,5.55784847,0.2873600125312805,0.2873600125312805,,,,,55694.36315972,-999.0,-0.7174339184868198,-0.6898612282284852,0.09685070155519256,219.64252035336244,21.301143117676126,2.3793488361448882,53.44646070243246,-999,0,1,0,1,0,0,0,-999.0,-999.0,-999.0,-999.0,0,-999.0,-999.0,-999.0,-999.0,-999.0,0,-999.0,-999.0,-999.0,0,0,0.8333370089530945,21.604700088500977,0.28696900606155396,-999.0,1,21.604700088500977,21.604700088500977,-999.0,-999.0,-999.0,0,21.914899826049805,0.28696900606155396,-999.0,1,4112,-999.0,-999.0,-999.0,-999.0,0,-999.0,-999.0,-999.0,-999.0,-999.0,0,-999.0,-999.0,-999.0,0,0,-999.0,-999.0,-999.0,-999.0,0,-999.0,-999.0,-999.0,-999.0,-999.0,0,-999.0,-999.0,-999.0,0,0,-999.0,-999.0,-999.0,-999.0,0,-999.0,-999.0,-999.0,-999.0,-999.0,0,-999.0,-999.0,-999.0,0,0,0.009689728335210344
PSO J223.8769+05.5561,-999,-999,-999,114662238769487761,3496239000116532,65296387919692,0,15189951483153,11466,1,1467,31,0.28547904480759,3496239,15203,3,1343750144,0,160,223.87694854,5.55608521,0.0010000000474974513,0.0010000000474974513,223.87694854,5.55608521,0.0010000000474974513,0.0010000000474974513,,,,,56125.39715278,-999.0,-0.7174434945084412,-0.6898555689011918,0.09682007149103515,219.64247572912834,21.299276468613147,2.376411329220487,53.44580854929921,-999,1,0,0,0,0,0,0,-999.0,-999.0,-999.0,-999.0,0,-999.0,-999.0,-999.0,-999.0,-999.0,0,-999.0,-999.0,-999.0,0,114720,-999.0,-999.0,-999.0,-999.0,0,-999.0,-999.0,-999.0,-999.0,-999.0,0,-999.0,-999.0,-999.0,0,16416,-999.0,-999.0,-999.0,-999.0,0,-999.0,-999.0,-999.0,-999.0,-999.0,0,-999.0,-999.0,-999.0,0,16416,-999.0,-999.0,-999.0,-999.0,0,-999.0,-999.0,-999.0,-999.0,-999.0,0,-999.0,-999.0,-999.0,0,16416,-999.0,-999.0,-999.0,-999.0,0,-999.0,-999.0,-999.0,-999.0,-999.0,0,-999.0,-999.0,-999.0,0,16416,0.011505258524602078
PSO J223.8767+05.5500,-999,-999,-999,114662238767500490,3496239000022539,65296387823626,0,15189951617772,11466,1,1467,31,0.579630783367558,3496239,15203,3,310456320,0,37,-999.0,-999.0,-999.0,-999.0,223.87673181,5.55002706,0.16547000408172607,0.16547000408172607,,,,,56721.58826389,-999.0,-0.7174534793116215,-0.6898599467240468,0.09671483303787574,219.64425644679923,21.29344594257021,2.3683484632670586,53.44210915773122,-999,0,1,1,0,0,0,0,0.9988179802894592,21.476600646972656,0.16478799283504486,-999.0,1,21.476600646972656,21.476600646972656,20.559200286865234,0.17973800003528595,-999.0,1,20.61549949645996,0.16478799283504486,-999.0,1,16777496,-999.0,-999.0,-999.0,-999.0,0,-999.0,-999.0,-999.0,-999.0,-999.0,0,-999.0,-999.0,-999.0,0,0,-999.0,-999.0,-999.0,-999.0,0,-999.0,-999.0,-999.0,-999.0,-999.0,0,-999.0,-999.0,-999.0,0,0,-999.0,-999.0,-999.0,-999.0,0,-999.0,-999.0,-999.0,-999.0,-999.0,0,-999.0,-999.0,-999.0,0,0,-999.0,-999.0,-999.0,-999.0,0,-999.0,-999.0,-999.0,-999.0,-999.0,0,-999.0,-999.0,-999.0,0,0,0.01704379841644297
PSO J223.8764+05.5522,-999,-999,-999,114662238764023113,3496239000022475,65296387823562,0,15189951625430,11466,1,1467,31,0.88154831890161,3496239,15203,3,302067712,0,36,-999.0,-999.0,-999.0,-999.0,223.87639401,5.55221944,0.19272999465465546,0.19272999465465546,,,,,56487.28100694,-999.0,-0.7174548783812553,-0.6898531513131032,0.09675291783878665,219.6431889800391,21.29542845807341,2.370822351437948,53.44376697393382,-999,0,1,0,0,0,1,0,-999.0,-999.0,-999.0,-999.0,0,-999.0,-999.0,-999.0,-999.0,-999.0,0,-999.0,-999.0,-999.0,0,0,-999.0,-999.0,-999.0,-999.0,0,-999.0,-999.0,-999.0,-999.0,-999.0,0,-999.0,-999.0,-999.0,0,0,-999.0,-999.0,-999.0,-999.0,0,-999.0,-999.0,-999.0,-999.0,-999.0,0,-999.0,-999.0,-999.0,0,0,0.8517720103263855,21.58810043334961,0.19214700162410736,-999.0,1,21.58810043334961,21.58810043334961,-999.0,-999.0,-999.0,0,21.830900192260742,0.19214700162410736,-999.0,1,280,-999.0,-999.0,-999.0,-999.0,0,-999.0,-999.0,-999.0,-999.0,-999.0,0,-999.0,-999.0,-999.0,0,0,0.015167699951009413
PSO J223.8761+05.5523,-999,-999,-999,114662238760813189,3496239000022420,65296387823507,0,15189951625270,11466,1,1467,31,0.515060320044924,3496239,15203,3,268959744,0,32,-999.0,-999.0,-999.0,-999.0,223.87605936,5.55229385,0.2895900011062622,0.2895900011062622,,,,,56143.27934028,-999.0,-0.7174588170485212,-0.6898488737400754,0.09675421044526322,219.64282426278498,21.295396752829948,2.3705617129583687,53.4440709147869,-999,0,1,0,0,0,1,0,-999.0,-999.0,-999.0,-999.0,0,-999.0,-999.0,-999.0,-999.0,-999.0,0,-999.0,-999.0,-999.0,0,0,-999.0,-999.0,-999.0,-999.0,0,-999.0,-999.0,-999.0,-999.0,-999.0,0,-999.0,-999.0,-999.0,0,0,-999.0,-999.0,-999.0,-999.0,0,-999.0,-999.0,-999.0,-999.0,-999.0,0,-999.0,-999.0,-999.0,0,0,0.6809930205345154,20.771499633789062,0.2892040014266968,-999.0,1,20.771499633789062,20.771499633789062,-999.0,-999.0,-999.0,1,22.051700592041016,0.2892040014266968,-999.0,1,4120,-999.0,-999.0,-999.0,-999.0,0,-999.0,-999.0,-999.0,-999.0,-999.0,0,-999.0,-999.0,-999.0,0,0,0.015248650283806073
PSO J223.8758+05.5574,-999,-999,-999,114662238758309315,3496239000022376,65296387823463,0,15189951483543,11466,1,1467,31,0.690135445157192,3496239,15203,3,268959744,0,32,-999.0,-999.0,-999.0,-999.0,223.87582144,5.55739032,0.21987000107765198,0.21987000107765198,,,,,55694.36315972,-999.0,-0.7174554749926347,-0.689839926756491,0.09684274291702046,219.64089901777422,21.30017299651551,2.3768969702063933,53.44750504544243,-999,0,1,0,1,0,0,0,-999.0,-999.0,-999.0,-999.0,0,-999.0,-999.0,-999.0,-999.0,-999.0,0,-999.0,-999.0,-999.0,0,0,0.8094710111618042,21.2898006439209,0.21935699880123138,-999.0,1,21.2898006439209,21.2898006439209,-999.0,-999.0,-999.0,0,-999.0,-999.0,-999.0,0,4112,-999.0,-999.0,-999.0,-999.0,0,-999.0,-999.0,-999.0,-999.0,-999.0,0,-999.0,-999.0,-999.0,0,0,-999.0,-999.0,-999.0,-999.0,0,-999.0,-999.0,-999.0,-999.0,-999.0,0,-999.0,-999.0,-999.0,0,0,-999.0,-999.0,-999.0,-999.0,0,-999.0,-999.0,-999.0,-999.0,-999.0,0,-999.0,-999.0,-999.0,0,0,0.011102173700303657
PSO J223.8754+05.5543,-999,-999,-999,114662238754095601,3496239000116499,65296387919659,0,15189951482828,11466,1,1467,31,0.948431480627909,3496239,15203,3,1343750144,0,160,223.87540921,5.5542855,0.0010000000474974513,0.0010000000474974513,223.87540921,5.5542855,0.0010000000474974513,0.0010000000474974513,,,,,56041.68789352,-999.0,-0.7174642200616996,-0.689838401039146,0.09678880814955561,219.6415055935919,21.297092597635608,2.3724432417230625,53.44583998165871,-999,1,0,0,0,0,0,0,-999.0,-999.0,-999.0,-999.0,0,-999.0,-999.0,-999.0,-999.0,-999.0,0,-999.0,-999.0,-999.0,0,114720,-999.0,-999.0,-999.0,-999.0,0,-999.0,-999.0,-999.0,-999.0,-999.0,0,-999.0,-999.0,-999.0,0,16416,-999.0,-999.0,-999.0,-999.0,0,-999.0,-999.0,-999.0,-999.0,-999.0,0,-999.0,-999.0,-999.0,0,16416,-999.0,-999.0,-999.0,-999.0,0,-999.0,-999.0,-999.0,-999.0,-999.0,0,-999.0,-999.0,-999.0,0,16416,-999.0,-999.0,-999.0,-999.0,0,-999.0,-999.0,-999.0,-999.0,-999.0,0,-999.0,-999.0,-999.0,0,16416,0.013845475253287096
PSO J223.8754+05.5570,-999,-999,-999,114662238753588839,3496239000116498,65296387919658,0,15189951483472,11466,1,1467,31,0.261176185925655,3496239,15203,3,1343750144,0,160,223.87536159,5.55700035,0.0010000000474974513,0.0010000000474974513,223.87536159,5.55700035,0.0010000000474974513,0.0010000000474974513,,,,,56041.68789352,-999.0,-0.7174614866751543,-0.6898346253373402,0.09683596864579262,219.64056043167562,21.29966109624151,2.37590244286594,53.447608667003145,-999,1,0,0,0,0,0,0,-999.0,-999.0,-999.0,-999.0,0,-999.0,-999.0,-999.0,-999.0,-999.0,0,-999.0,-999.0,-999.0,0,114720,-999.0,-999.0,-999.0,-999.0,0,-999.0,-999.0,-999.0,-999.0,-999.0,0,-999.0,-999.0,-999.0,0,16416,-999.0,-999.0,-999.0,-999.0,0,-999.0,-999.0,-999.0,-999.0,-999.0,0,-999.0,-999.0,-999.0,0,16416,-999.0,-999.0,-999.0,-999.0,0,-999.0,-999.0,-999.0,-999.0,-999.0,0,-999.0,-999.0,-999.0,0,16416,-999.0,-999.0,-999.0,-999.0,0,-999.0,-999.0,-999.0,-999.0,-999.0,0,-999.0,-999.0,-999.0,0,16416,0.01169562487423032
PSO J223.8751+05.5554,-999,-999,-999,114662238751406911,3496239000116489,65296387919649,0,15189951482510,11466,1,1467,31,0.0850628978433673,3496239,15203,3,1343750144,0,160,223.87514098,5.55537705,0.0010000000474974513,0.0010000000474974513,223.87514098,5.55537705,0.0010000000474974513,0.0010000000474974513,,,,,56125.39715278,-999.0,-0.7174661201941297,-0.6898337640871627,0.09680776982721687,219.64087240762984,21.298049008214054,2.373568440588527,53.44674201544754,-999,1,0,0,0,0,0,0,-999.0,-999.0,-999.0,-999.0,0,-999.0,-999.0,-999.0,-999.0,-999.0,0,-999.0,-999.0,-999.0,0,114720,-999.0,-999.0,-999.0,-999.0,0,-999.0,-999.0,-999.0,-999.0,-999.0,0,-999.0,-999.0,-999.0,0,16416,-999.0,-999.0,-999.0,-999.0,0,-999.0,-999.0,-999.0,-999.0,-999.0,0,-999.0,-999.0,-999.0,0,16416,-999.0,-999.0,-999.0,-999.0,0,-999.0,-999.0,-999.0,-999.0,-999.0,0,-999.0,-999.0,-999.0,0,16416,-999.0,-999.0,-999.0,-999.0,0,-999.0,-999.0,-999.0,-999.0,-999.0,0,-999.0,-999.0,-999.0,0,16416,0.013102073674956785
PSO J223.8746+05.5570,-999,-999,-999,114662238746348864,3496239000022167,65296387823254,0,15189951483470,11466,1,1467,31,0.255554689332428,3496239,15203,3,268959744,0,32,-999.0,-999.0,-999.0,-999.0,223.87462306,5.55701193,0.20837000012397766,0.20837000012397766,,,,,55694.35231481,-999.0,-0.7174703643239535,-0.689825363794588,0.09683616980507673,219.63980595013027,21.299445891619886,2.375129932476124,53.44818206080582,-999,0,1,0,1,0,0,0,-999.0,-999.0,-999.0,-999.0,0,-999.0,-999.0,-999.0,-999.0,-999.0,0,-999.0,-999.0,-999.0,0,0,0.7312560081481934,20.86440086364746,0.20782899856567383,-999.0,1,20.86440086364746,20.86440086364746,-999.0,-999.0,-999.0,0,24.950700759887695,0.20782899856567383,-999.0,1,4112,-999.0,-999.0,-999.0,-999.0,0,-999.0,-999.0,-999.0,-999.0,-999.0,0,-999.0,-999.0,-999.0,0,0,-999.0,-999.0,-999.0,-999.0,0,-999.0,-999.0,-999.0,-999.0,-999.0,0,-999.0,-999.0,-999.0,0,0,-999.0,-999.0,-999.0,-999.0,0,-999.0,-999.0,-999.0,-999.0,-999.0,0,-999.0,-999.0,-999.0,0,0,0.012177793872702217
PSO J223.8745+05.5519,-999,-999,-999,114662238745492731,3496239000106580,65296387907669,0,15189951489237,11466,1,1467,31,0.519213309995097,3496239,15203,3,268959744,0,32,-999.0,-999.0,-999.0,-999.0,223.87453934,5.55190342,0.26344001293182373,0.26344001293182373,,,,,55254.61549769,-999.0,-0.717477593294642,-0.6898302967189881,0.09674742812458137,219.64140827373404,21.29455968004743,2.368436163101202,53.4449866470977,-999,0,1,0,0,0,1,0,-999.0,-999.0,-999.0,-999.0,0,-999.0,-999.0,-999.0,-999.0,-999.0,0,-999.0,-999.0,-999.0,0,0,-999.0,-999.0,-999.0,-999.0,0,-999.0,-999.0,-999.0,-999.0,-999.0,0,-999.0,-999.0,-999.0,0,0,-999.0,-999.0,-999.0,-999.0,0,-999.0,-999.0,-999.0,-999.0,-999.0,0,-999.0,-999.0,-999.0,0,0,0.8001580238342285,21.049800872802734,0.2630169987678528,-999.0,1,21.049800872802734,21.049800872802734,-999.0,-999.0,-999.0,0,21.60849952697754,0.2630169987678528,-999.0,1,4112,-999.0,-999.0,-999.0,-999.0,0,-999.0,-999.0,-999.0,-999.0,-999.0,0,-999.0,-999.0,-999.0,0,0,0.01632420112110985
PSO J223.8741+05.5576,-999,-999,-999,114662238740929530,3496239000116473,65296387919633,0,15189951481519,11466,1,1467,31,0.282331140043522,3496239,15203,3,1343750144,0,160,223.87409294,5.55755891,0.0010000000474974513,0.0010000000474974513,223.87409294,5.55755891,0.0010000000474974513,0.0010000000474974513,,,,,55906.63571759,-999.0,-0.7174760803511224,-0.6898180847358102,0.09684567153677236,219.63908644357875,21.299803937358398,2.3752718832009814,53.448937330395125,-999,1,0,0,0,0,0,0,-999.0,-999.0,-999.0,-999.0,0,-999.0,-999.0,-999.0,-999.0,-999.0,0,-999.0,-999.0,-999.0,0,114720,-999.0,-999.0,-999.0,-999.0,0,-999.0,-999.0,-999.0,-999.0,-999.0,0,-999.0,-999.0,-999.0,0,16416,-999.0,-999.0,-999.0,-999.0,0,-999.0,-999.0,-999.0,-999.0,-999.0,0,-999.0,-999.0,-999.0,0,16416,-999.0,-999.0,-999.0,-999.0,0,-999.0,-999.0,-999.0,-999.0,-999.0,0,-999.0,-999.0,-999.0,0,16416,-999.0,-999.0,-999.0,-999.0,0,-999.0,-999.0,-999.0,-999.0,-999.0,0,-999.0,-999.0,-999.0,0,16416,0.012164055634254269
PSO J223.8740+05.5567,-999,-999,-999,114662238739838457,3496239000022016,65296387823103,0,15189951481205,11466,1,1467,31,0.47591883547224,3496239,15203,3,302067712,0,36,-999.0,-999.0,-999.0,-999.0,223.87396415,5.55667644,0.24974000453948975,0.24974000453948975,,,,,55694.32836806,-999.0,-0.7174787061005686,-0.6898175057046163,0.09683034191675349,219.63924704439884,21.29892484966245,2.3739935621245967,53.44847298589037,-999,0,1,0,0,1,0,0,-999.0,-999.0,-999.0,-999.0,0,-999.0,-999.0,-999.0,-999.0,-999.0,0,-999.0,-999.0,-999.0,0,0,-999.0,-999.0,-999.0,-999.0,0,-999.0,-999.0,-999.0,-999.0,-999.0,0,-999.0,-999.0,-999.0,0,0,0.8860620260238647,21.072999954223633,0.24928699433803558,-999.0,1,21.072999954223633,21.072999954223633,-999.0,-999.0,-999.0,0,21.216999053955078,0.24928699433803558,-999.0,1,272,-999.0,-999.0,-999.0,-999.0,0,-999.0,-999.0,-999.0,-999.0,-999.0,0,-999.0,-999.0,-999.0,0,0,-999.0,-999.0,-999.0,-999.0,0,-999.0,-999.0,-999.0,-999.0,-999.0,0,-999.0,-999.0,-999.0,0,0,0.012873718550061948
PSO J223.8738+05.5553,-999,-999,-999,114662238738186857,3496239000116467,65296387919627,0,15189951482423,11466,1,1467,31,0.20842116904298,3496239,15203,3,1343750144,0,160,223.87381884,5.55533067,0.0010000000474974513,0.0010000000474974513,223.87381884,5.55533067,0.0010000000474974513,0.0010000000474974513,,,,,55848.97178241,-999.0,-0.7174820948875378,-0.6898172621852208,0.09680696414554421,219.6395438903758,21.29759988858594,2.3720986558794577,53.44772567542813,-999,1,0,0,0,0,0,0,-999.0,-999.0,-999.0,-999.0,0,-999.0,-999.0,-999.0,-999.0,-999.0,0,-999.0,-999.0,-999.0,0,114720,-999.0,-999.0,-999.0,-999.0,0,-999.0,-999.0,-999.0,-999.0,-999.0,0,-999.0,-999.0,-999.0,0,16416,-999.0,-999.0,-999.0,-999.0,0,-999.0,-999.0,-999.0,-999.0,-999.0,0,-999.0,-999.0,-999.0,0,16416,-999.0,-999.0,-999.0,-999.0,0,-999.0,-999.0,-999.0,-999.0,-999.0,0,-999.0,-999.0,-999.0,0,16416,-999.0,-999.0,-999.0,-999.0,0,-999.0,-999.0,-999.0,-999.0,-999.0,0,-999.0,-999.0,-999.0,0,16416,0.013962788129303788
PSO J223.8736+05.5565,-999,-999,-999,114662238735458490,3496239000021942,65296387823029,0,15189951481192,11466,1,1467,31,0.995849077585944,3496239,15203,3,1343750144,0,160,223.87361147,5.55654535,0.0010000000474974513,0.0010000000474974513,223.87361147,5.55654535,0.0010000000474974513,0.0010000000474974513,,,,,55906.63571759,-999.0,-0.7174831119104637,-0.6898132428467071,0.09682806471569558,219.63893187829478,21.29869208972039,2.373447997861535,53.44865963157529,-999,1,1,0,1,0,0,0,-999.0,-999.0,-999.0,-999.0,0,-999.0,-999.0,-999.0,-999.0,-999.0,0,-999.0,-999.0,-999.0,0,114720,0.6853340268135071,20.873300552368164,0.19100500643253326,-999.0,1,20.873300552368164,20.873300552368164,-999.0,-999.0,-999.0,0,23.287700653076172,0.19100500643253326,-999.0,1,20528,-999.0,-999.0,-999.0,-999.0,0,-999.0,-999.0,-999.0,-999.0,-999.0,0,-999.0,-999.0,-999.0,0,16416,-999.0,-999.0,-999.0,-999.0,0,-999.0,-999.0,-999.0,-999.0,-999.0,0,-999.0,-999.0,-999.0,0,16416,-999.0,-999.0,-999.0,-999.0,0,-999.0,-999.0,-999.0,-999.0,-999.0,0,-999.0,-999.0,-999.0,0,16416,0.013213697612229828
PSO J223.8733+05.5523,-999,-999,-999,114662238733123248,3496239000021898,65296387822985,0,15189951489923,11466,1,1467,31,0.577866088205824,3496239,15203,3,268959744,0,32,-999.0,-999.0,-999.0,-999.0,223.87330486,5.55231942,0.3234100043773651,0.3234100043773651,,,,,55399.26950231,-999.0,-0.7174919496419476,-0.6898143511163086,0.09675465463213061,219.6400161460732,21.294577353163376,2.367657540889189,53.446198125613286,-999,0,1,0,0,0,1,0,-999.0,-999.0,-999.0,-999.0,0,-999.0,-999.0,-999.0,-999.0,-999.0,0,-999.0,-999.0,-999.0,0,0,-999.0,-999.0,-999.0,-999.0,0,-999.0,-999.0,-999.0,-999.0,-999.0,0,-999.0,-999.0,-999.0,0,0,-999.0,-999.0,-999.0,-999.0,0,-999.0,-999.0,-999.0,-999.0,-999.0,0,-999.0,-999.0,-999.0,0,0,0.6091910004615784,18.542299270629883,0.32306501269340515,-999.0,1,18.542299270629883,18.542299270629883,-999.0,-999.0,-999.0,1,18.28529930114746,0.32306501269340515,-999.0,1,4112,-999.0,-999.0,-999.0,-999.0,0,-999.0,-999.0,-999.0,-999.0,-999.0,0,-999.0,-999.0,-999.0,0,0,0.016649925519618886
PSO J223.8730+05.5522,-999,-999,-999,114662238730013145,3496239000021842,65296387822929,0,15189951489418,11466,1,1467,31,0.252902132694518,3496239,15203,3,268513280,0,32,-999.0,-999.0,-999.0,-999.0,223.87298709,5.55224705,0.023989999666810036,0.023989999666810036,,,,,55694.35231481,-999.0,-0.7174958635310235,-0.6898104564988585,0.09675339746338328,219.63971707147144,21.29441115765441,2.3672251150725394,53.44639546238045,-999,0,1,0,1,0,0,0,-999.0,-999.0,-999.0,-999.0,0,-999.0,-999.0,-999.0,-999.0,-999.0,0,-999.0,-999.0,-999.0,0,0,0.9997450113296509,18.412700653076172,0.018727000802755356,-999.0,1,18.412700653076172,18.412700653076172,18.574600219726562,0.03305700048804283,-999.0,1,18.502199172973633,0.018727000802755356,-999.0,1,16,-999.0,-999.0,-999.0,-999.0,0,-999.0,-999.0,-999.0,-999.0,-999.0,0,-999.0,-999.0,-999.0,0,0,-999.0,-999.0,-999.0,-999.0,0,-999.0,-999.0,-999.0,-999.0,-999.0,0,-999.0,-999.0,-999.0,0,0,-999.0,-999.0,-999.0,-999.0,0,-999.0,-999.0,-999.0,-999.0,-999.0,0,-999.0,-999.0,-999.0,0,0,0.01689357991830084
PSO J223.8727+05.5537,-999,-999,-999,114662238726704883,3496239000116444,65296387919604,0,15189951493946,11466,1,1467,31,0.397307438214596,3496239,15203,3,1343750144,0,160,223.8726704,5.5536864,0.0010000000474974513,0.0010000000474974513,223.8726704,5.5536864,0.0010000000474974513,0.0010000000474974513,,,,,56125.39715278,-999.0,-0.7174979239102489,-0.6898048059344531,0.0967784009695036,219.638919749231,21.29568363809509,2.3687481890512516,53.44755661111965,-999,1,0,0,0,0,0,0,-999.0,-999.0,-999.0,-999.0,0,-999.0,-999.0,-999.0,-999.0,-999.0,0,-999.0,-999.0,-999.0,0,114720,-999.0,-999.0,-999.0,-999.0,0,-999.0,-999.0,-999.0,-999.0,-999.0,0,-999.0,-999.0,-999.0,0,16416,-999.0,-999.0,-999.0,-999.0,0,-999.0,-999.0,-999.0,-999.0,-999.0,0,-999.0,-999.0,-999.0,0,16416,-999.0,-999.0,-999.0,-999.0,0,-999.0,-999.0,-999.0,-999.0,-999.0,0,-999.0,-999.0,-999.0,0,16416,-999.0,-999.0,-999.0,-999.0,0,-999.0,-999.0,-999.0,-999.0,-999.0,0,-999.0,-999.0,-999.0,0,16416,0.015955504502433906
PSO J223.8719+05.5559,-999,-999,-999,114662238718907556,3496239000021658,65296387822745,0,15189951494825,11466,1,1467,31,0.328335782818809,3496239,15203,3,268959744,0,32,-999.0,-999.0,-999.0,-999.0,223.87188141,5.55592351,0.13102999329566956,0.13102999329566956,,,,,55694.32836806,-999.0,-0.717504698197294,-0.6897923062318874,0.09681726255221244,219.63737884373845,21.297570474985534,2.370799115344739,53.44958872188008,-999,0,1,0,0,1,0,0,-999.0,-999.0,-999.0,-999.0,0,-999.0,-999.0,-999.0,-999.0,-999.0,0,-999.0,-999.0,-999.0,0,0,-999.0,-999.0,-999.0,-999.0,0,-999.0,-999.0,-999.0,-999.0,-999.0,0,-999.0,-999.0,-999.0,0,0,0.7347419857978821,20.073299407958984,0.13016900420188904,-999.0,1,20.073299407958984,20.073299407958984,-999.0,-999.0,-999.0,0,21.704299926757812,0.13016900420188904,-999.0,1,4112,-999.0,-999.0,-999.0,-999.0,0,-999.0,-999.0,-999.0,-999.0,-999.0,0,-999.0,-999.0,-999.0,0,0,-999.0,-999.0,-999.0,-999.0,0,-999.0,-999.0,-999.0,-999.0,-999.0,0,-999.0,-999.0,-999.0,0,0,0.014891381425951198
PSO J223.8718+05.5536,-999,-999,-999,114662238718164831,3496239000116428,65296387919588,0,15189951495799,11466,1,1467,31,0.154123683603596,3496239,15203,3,1343750144,0,160,223.87184011,5.55364325,0.0010000000474974513,0.0010000000474974513,223.87184011,5.55364325,0.0010000000474974513,0.0010000000474974513,,,,,56014.89693287,-999.0,-0.7175079725411371,-0.6897944589008873,0.09677765139503526,219.638090099459,21.295388246340433,2.3678069707203258,53.4481653593574,-999,1,0,0,0,0,0,0,-999.0,-999.0,-999.0,-999.0,0,-999.0,-999.0,-999.0,-999.0,-999.0,0,-999.0,-999.0,-999.0,0,114720,-999.0,-999.0,-999.0,-999.0,0,-999.0,-999.0,-999.0,-999.0,-999.0,0,-999.0,-999.0,-999.0,0,16416,-999.0,-999.0,-999.0,-999.0,0,-999.0,-999.0,-999.0,-999.0,-999.0,0,-999.0,-999.0,-999.0,0,16416,-999.0,-999.0,-999.0,-999.0,0,-999.0,-999.0,-999.0,-999.0,-999.0,0,-999.0,-999.0,-999.0,0,16416,-999.0,-999.0,-999.0,-999.0,0,-999.0,-999.0,-999.0,-999.0,-999.0,0,-999.0,-999.0,-999.0,0,16416,0.01653203016463761
PSO J223.8718+05.5546,-999,-999,-999,114662238717875951,3496239000116427,65296387919587,0,15189951496018,11466,1,1467,31,0.440955740810331,3496239,15203,3,1343750144,0,160,223.87178806,5.5545767,0.0010000000474974513,0.0010000000474974513,223.87178806,5.5545767,0.0010000000474974513,0.0010000000474974513,,,,,56014.89693287,-999.0,-0.7175074624686022,-0.6897927142802017,0.09679386668492786,219.637728854189,21.29626044331639,2.3689582776812594,53.448800882206,-999,1,0,0,0,0,0,0,-999.0,-999.0,-999.0,-999.0,0,-999.0,-999.0,-999.0,-999.0,-999.0,0,-999.0,-999.0,-999.0,0,114720,-999.0,-999.0,-999.0,-999.0,0,-999.0,-999.0,-999.0,-999.0,-999.0,0,-999.0,-999.0,-999.0,0,16416,-999.0,-999.0,-999.0,-999.0,0,-999.0,-999.0,-999.0,-999.0,-999.0,0,-999.0,-999.0,-999.0,0,16416,-999.0,-999.0,-999.0,-999.0,0,-999.0,-999.0,-999.0,-999.0,-999.0,0,-999.0,-999.0,-999.0,0,16416,-999.0,-999.0,-999.0,-999.0,0,-999.0,-999.0,-999.0,-999.0,-999.0,0,-999.0,-999.0,-999.0,0,16416,0.015889397492038215
PSO J223.8711+05.5544,-999,-999,-999,114662238711435790,3496239000021533,65296387822620,0,15189951496189,11466,1,1467,31,0.313714837947595,3496239,15203,3,302067712,0,36,-999.0,-999.0,-999.0,-999.0,223.87112761,5.55443381,0.2034599930047989,0.2034599930047989,,,,,55757.36533565,-999.0,-0.7175155876992445,-0.6897846107998948,0.09679138449389638,219.6371047759083,21.295922175565217,2.3680692121673284,53.44921583311284,-999,0,1,0,0,0,0,1,-999.0,-999.0,-999.0,-999.0,0,-999.0,-999.0,-999.0,-999.0,-999.0,0,-999.0,-999.0,-999.0,0,0,-999.0,-999.0,-999.0,-999.0,0,-999.0,-999.0,-999.0,-999.0,-999.0,0,-999.0,-999.0,-999.0,0,0,-999.0,-999.0,-999.0,-999.0,0,-999.0,-999.0,-999.0,-999.0,-999.0,0,-999.0,-999.0,-999.0,0,0,-999.0,-999.0,-999.0,-999.0,0,-999.0,-999.0,-999.0,-999.0,-999.0,0,-999.0,-999.0,-999.0,0,0,0.9980289936065674,20.114700317382812,0.20290599763393402,-999.0,1,20.114700317382812,20.114700317382812,-999.0,-999.0,-999.0,1,20.845699310302734,0.20290599763393402,-999.0,1,272,0.01645687886543727
PSO J223.8711+05.5550,-999,-999,-999,114662238711246435,3496239000021528,65296387822615,0,15189951496123,11466,1,1467,31,0.516101344037895,3496239,15203,3,268513280,0,32,-999.0,-999.0,-999.0,-999.0,223.87109675,5.554988,0.028020000085234642,0.028020000085234642,,,,,56822.41376157,-999.0,-0.7175152842757665,-0.6897835754788921,0.09680101151445453,219.63689034408162,21.296440011592512,2.368752804805431,53.449593110576856,-999,0,1,0,0,1,0,0,-999.0,-999.0,-999.0,-999.0,0,-999.0,-999.0,-999.0,-999.0,-999.0,0,-999.0,-999.0,-999.0,0,0,-999.0,-999.0,-999.0,-999.0,0,-999.0,-999.0,-999.0,-999.0,-999.0,0,-999.0,-999.0,-999.0,0,0,0.9728230237960815,18.345199584960938,0.023670999333262444,-999.0,1,18.345199584960938,18.345199584960938,19.107900619506836,0.06669300049543381,-999.0,1,18.9601993560791,0.023670999333262444,-999.0,1,16,-999.0,-999.0,-999.0,-999.0,0,-999.0,-999.0,-999.0,-999.0,-999.0,0,-999.0,-999.0,-999.0,0,0,-999.0,-999.0,-999.0,-999.0,0,-999.0,-999.0,-999.0,-999.0,-999.0,0,-999.0,-999.0,-999.0,0,0,0.01609866732229462
PSO J223.8706+05.5556,-999,-999,-999,114662238705827119,3496239000021441,65296387822528,0,15189951494501,11466,1,1467,31,0.342208799293459,3496239,15203,3,268959744,0,32,-999.0,-999.0,-999.0,-999.0,223.87057366,5.55555869,0.1352899968624115,0.1352899968624115,,,,,55694.34011574,-999.0,-0.7175208866046179,-0.6897763565513267,0.0968109251525877,219.6361701585799,21.29682276096723,2.3689328048175735,53.450358130415964,-999,0,1,0,0,1,0,0,-999.0,-999.0,-999.0,-999.0,0,-999.0,-999.0,-999.0,-999.0,-999.0,0,-999.0,-999.0,-999.0,0,0,-999.0,-999.0,-999.0,-999.0,0,-999.0,-999.0,-999.0,-999.0,-999.0,0,-999.0,-999.0,-999.0,0,0,0.8304719924926758,20.431900024414062,0.1344590038061142,-999.0,1,20.431900024414062,20.431900024414062,-999.0,-999.0,-999.0,0,21.208900451660156,0.1344590038061142,-999.0,1,4112,-999.0,-999.0,-999.0,-999.0,0,-999.0,-999.0,-999.0,-999.0,-999.0,0,-999.0,-999.0,-999.0,0,0,-999.0,-999.0,-999.0,-999.0,0,-999.0,-999.0,-999.0,-999.0,-999.0,0,-999.0,-999.0,-999.0,0,0,0.016113927662088433
PSO J223.8702+05.5559,-999,-999,-999,114662238701657499,3496239000021377,65296387822464,0,15189951494654,11466,1,1467,31,0.89317506634926,3496239,15203,3,268959744,0,32,-999.0,-999.0,-999.0,-999.0,223.87015518,5.55587436,0.16824999451637268,0.16824999451637268,,,,,55694.35231481,-999.0,-0.7175255400816261,-0.6897707462097716,0.09681640875278232,219.6356405389038,21.296994913143294,2.368894650164452,53.45088025621781,-999,0,1,0,1,0,0,0,-999.0,-999.0,-999.0,-999.0,0,-999.0,-999.0,-999.0,-999.0,-999.0,0,-999.0,-999.0,-999.0,0,0,0.8147810101509094,20.767099380493164,0.16758200526237488,-999.0,1,20.767099380493164,20.767099380493164,-999.0,-999.0,-999.0,0,21.403200149536133,0.16758200526237488,-999.0,1,4112,-999.0,-999.0,-999.0,-999.0,0,-999.0,-999.0,-999.0,-999.0,-999.0,0,-999.0,-999.0,-999.0,0,0,-999.0,-999.0,-999.0,-999.0,0,-999.0,-999.0,-999.0,-999.0,-999.0,0,-999.0,-999.0,-999.0,0,0,-999.0,-999.0,-999.0,-999.0,0,-999.0,-999.0,-999.0,-999.0,-999.0,0,-999.0,-999.0,-999.0,0,0,0.01623924542997693
PSO J223.8698+05.5544,-999,-999,-999,114662238698165779,3496239000116388,65296387919548,0,15189951495526,11466,1,1467,31,0.965391429108932,3496239,15203,3,1343750144,0,160,223.86981644,5.5544341,0.0010000000474974513,0.0010000000474974513,223.86981644,5.5544341,0.0010000000474974513,0.0010000000474974513,,,,,56041.68789352,-999.0,-0.7175313723503204,-0.689768190485478,0.09679138953158613,219.6357720170493,21.29552079914,2.366671261789474,53.450220807486176,-999,1,0,0,0,0,0,0,-999.0,-999.0,-999.0,-999.0,0,-999.0,-999.0,-999.0,-999.0,-999.0,0,-999.0,-999.0,-999.0,0,114720,-999.0,-999.0,-999.0,-999.0,0,-999.0,-999.0,-999.0,-999.0,-999.0,0,-999.0,-999.0,-999.0,0,16416,-999.0,-999.0,-999.0,-999.0,0,-999.0,-999.0,-999.0,-999.0,-999.0,0,-999.0,-999.0,-999.0,0,16416,-999.0,-999.0,-999.0,-999.0,0,-999.0,-999.0,-999.0,-999.0,-999.0,0,-999.0,-999.0,-999.0,0,16416,-999.0,-999.0,-999.0,-999.0,0,-999.0,-999.0,-999.0,-999.0,-999.0,0,-999.0,-999.0,-999.0,0,16416,0.01741741695347864
PSO J223.8697+05.5514,-999,-999,-999,114662238697572116,3496239000021316,65296387822403,0,15189951490843,11466,1,1467,31,0.366976599550784,3496239,15203,3,268959744,0,32,-999.0,-999.0,-999.0,-999.0,223.86973136,5.55138575,0.30480000376701355,0.30480000376701355,,,,,56785.40225694,-999.0,-0.717536108071043,-0.6897706928532981,0.09673843545841355,219.63669249961043,21.29259435730125,2.3626395374935387,53.44834073673064,-999,0,1,0,0,1,0,0,-999.0,-999.0,-999.0,-999.0,0,-999.0,-999.0,-999.0,-999.0,-999.0,0,-999.0,-999.0,-999.0,0,0,-999.0,-999.0,-999.0,-999.0,0,-999.0,-999.0,-999.0,-999.0,-999.0,0,-999.0,-999.0,-999.0,0,0,0.731764018535614,21.900999069213867,0.30442801117897034,-999.0,1,21.900999069213867,21.900999069213867,-999.0,-999.0,-999.0,0,23.04199981689453,0.30442801117897034,-999.0,1,4120,-999.0,-999.0,-999.0,-999.0,0,-999.0,-999.0,-999.0,-999.0,-999.0,0,-999.0,-999.0,-999.0,0,0,-999.0,-999.0,-999.0,-999.0,0,-999.0,-999.0,-999.0,-999.0,-999.0,0,-999.0,-999.0,-999.0,0,0,0.01961428487934424
PSO J223.8695+05.5557,-999,-999,-999,114662238695537301,3496239000021283,65296387822370,0,15189951494460,11466,1,1467,31,0.61651342885244,3496239,15203,3,268959744,0,32,-999.0,-999.0,-999.0,-999.0,223.86954585,5.55571255,0.15228000283241272,0.15228000283241272,,,,,55694.36315972,-999.0,-0.7175330727367534,-0.6897633049026323,0.0968135979021104,219.63507467091625,21.296654298156586,2.36803560078568,53.45124395905008,-999,0,1,0,1,0,0,0,-999.0,-999.0,-999.0,-999.0,0,-999.0,-999.0,-999.0,-999.0,-999.0,0,-999.0,-999.0,-999.0,0,0,0.7965800166130066,20.82309913635254,0.1515350043773651,-999.0,1,20.82309913635254,20.82309913635254,-999.0,-999.0,-999.0,0,21.190799713134766,0.1515350043773651,-999.0,1,4112,-999.0,-999.0,-999.0,-999.0,0,-999.0,-999.0,-999.0,-999.0,-999.0,0,-999.0,-999.0,-999.0,0,0,-999.0,-999.0,-999.0,-999.0,0,-999.0,-999.0,-999.0,-999.0,-999.0,0,-999.0,-999.0,-999.0,0,0,-999.0,-999.0,-999.0,-999.0,0,-999.0,-999.0,-999.0,-999.0,-999.0,0,-999.0,-999.0,-999.0,0,0,0.016818270206865493
PSO J223.8687+05.5562,-999,-999,-999,114662238687107952,3496239000116370,65296387919530,0,15189951486675,11466,1,1467,31,0.0267762048419343,3496239,15203,3,1343750144,0,160,223.86871072,5.55624459,0.0010000000474974513,0.0010000000474974513,223.86871072,5.55624459,0.0010000000474974513,0.0010000000474974513,,,,,56125.39715278,-999.0,-0.7175424783463601,-0.6897522231919014,0.09682284012769282,219.6340500936775,21.296904677326157,2.36783283113435,53.45222344393023,-999,1,0,0,0,0,0,0,-999.0,-999.0,-999.0,-999.0,0,-999.0,-999.0,-999.0,-999.0,-999.0,0,-999.0,-999.0,-999.0,0,114720,-999.0,-999.0,-999.0,-999.0,0,-999.0,-999.0,-999.0,-999.0,-999.0,0,-999.0,-999.0,-999.0,0,16416,-999.0,-999.0,-999.0,-999.0,0,-999.0,-999.0,-999.0,-999.0,-999.0,0,-999.0,-999.0,-999.0,0,16416,-999.0,-999.0,-999.0,-999.0,0,-999.0,-999.0,-999.0,-999.0,-999.0,0,-999.0,-999.0,-999.0,0,16416,-999.0,-999.0,-999.0,-999.0,0,-999.0,-999.0,-999.0,-999.0,-999.0,0,-999.0,-999.0,-999.0,0,16416,0.017183172409665236
PSO J223.8684+05.5569,-999,-999,-999,114662238684038710,3496239000021128,65296387822215,0,15189951486603,11466,1,1467,31,0.160698188618476,3496239,15203,3,310456320,0,37,-999.0,-999.0,-999.0,-999.0,223.86838363,5.55687524,0.17594000697135925,0.17594000697135925,,,,,55338.40309028,-999.0,-0.7175456476327183,-0.6897473882850645,0.09683379532619375,219.63350930670157,21.29740451039323,2.368299399557099,53.45287652228502,-999,0,1,0,1,0,0,0,-999.0,-999.0,-999.0,-999.0,0,-999.0,-999.0,-999.0,-999.0,-999.0,0,-999.0,-999.0,-999.0,0,0,0.9713079929351807,21.515100479125977,0.17529599368572235,-999.0,1,21.515100479125977,21.515100479125977,20.722900390625,0.17845800518989563,-999.0,1,20.88990020751953,0.17529599368572235,-999.0,1,16777496,-999.0,-999.0,-999.0,-999.0,0,-999.0,-999.0,-999.0,-999.0,-999.0,0,-999.0,-999.0,-999.0,0,0,-999.0,-999.0,-999.0,-999.0,0,-999.0,-999.0,-999.0,-999.0,-999.0,0,-999.0,-999.0,-999.0,0,0,-999.0,-999.0,-999.0,-999.0,0,-999.0,-999.0,-999.0,-999.0,-999.0,0,-999.0,-999.0,-999.0,0,0,0.017113200584389632
PSO J223.8682+05.5501,-999,-999,-999,114662238681730613,3496239000116358,65296387919518,0,15189951497959,11466,1,1467,31,0.0989319440898783,3496239,15203,3,1343750144,0,160,223.86817104,5.5501279,0.0010000000474974513,0.0010000000474974513,223.86817104,5.5501279,0.0010000000474974513,0.0010000000474974513,,,,,55928.40103009,-999.0,-0.7175564230600647,-0.689752623738606,0.09671658477714364,219.63552213130407,21.29091958768896,2.3593492772289864,53.44873364827565,-999,1,0,0,0,0,0,0,-999.0,-999.0,-999.0,-999.0,0,-999.0,-999.0,-999.0,-999.0,-999.0,0,-999.0,-999.0,-999.0,0,114720,-999.0,-999.0,-999.0,-999.0,0,-999.0,-999.0,-999.0,-999.0,-999.0,0,-999.0,-999.0,-999.0,0,16416,-999.0,-999.0,-999.0,-999.0,0,-999.0,-999.0,-999.0,-999.0,-999.0,0,-999.0,-999.0,-999.0,0,16416,-999.0,-999.0,-999.0,-999.0,0,-999.0,-999.0,-999.0,-999.0,-999.0,0,-999.0,-999.0,-999.0,0,16416,-999.0,-999.0,-999.0,-999.0,0,-999.0,-999.0,-999.0,-999.0,-999.0,0,-999.0,-999.0,-999.0,0,16416,0.02159203627894983
PSO J223.8680+05.5544,-999,-999,-999,114662238680175672,3496239000116355,65296387919515,0,15189951485372,11466,1,1467,31,0.959138012453111,3496239,15203,3,1343750144,0,160,223.86804168,5.55436237,0.0010000000474974513,0.0010000000474974513,223.86804168,5.55436237,0.0010000000474974513,0.0010000000474974513,,,,,56206.31975694,-999.0,-0.7175528252148972,-0.6897460483034825,0.09679014348501164,219.6339918701968,21.294908874478626,2.3646856918926056,53.451535063387134,-999,1,0,0,0,0,0,0,-999.0,-999.0,-999.0,-999.0,0,-999.0,-999.0,-999.0,-999.0,-999.0,0,-999.0,-999.0,-999.0,0,114720,-999.0,-999.0,-999.0,-999.0,0,-999.0,-999.0,-999.0,-999.0,-999.0,0,-999.0,-999.0,-999.0,0,16416,-999.0,-999.0,-999.0,-999.0,0,-999.0,-999.0,-999.0,-999.0,-999.0,0,-999.0,-999.0,-999.0,0,16416,-999.0,-999.0,-999.0,-999.0,0,-999.0,-999.0,-999.0,-999.0,-999.0,0,-999.0,-999.0,-999.0,0,16416,-999.0,-999.0,-999.0,-999.0,0,-999.0,-999.0,-999.0,-999.0,-999.0,0,-999.0,-999.0,-999.0,0,16416,0.01882793053623367
PSO J223.8673+05.5533,-999,-999,-999,114662238673224374,3496239000020948,65296387822035,0,15189951485154,11466,1,1467,31,0.27551665834665,3496239,15203,3,268959744,0,32,-999.0,-999.0,-999.0,-999.0,223.86729785,5.55326199,0.2665500044822693,0.2665500044822693,,,,,55607.67172454,-999.0,-0.7175631196532035,-0.6897380208302204,0.09677102838542426,219.63359935733868,21.29363404531093,2.362469679230208,53.45140285637629,-999,0,1,0,0,0,1,0,-999.0,-999.0,-999.0,-999.0,0,-999.0,-999.0,-999.0,-999.0,-999.0,0,-999.0,-999.0,-999.0,0,0,-999.0,-999.0,-999.0,-999.0,0,-999.0,-999.0,-999.0,-999.0,-999.0,0,-999.0,-999.0,-999.0,0,0,-999.0,-999.0,-999.0,-999.0,0,-999.0,-999.0,-999.0,-999.0,-999.0,0,-999.0,-999.0,-999.0,0,0,0.609749972820282,20.875,0.26612401008605957,-999.0,1,20.875,20.875,-999.0,-999.0,-999.0,0,23.25469970703125,0.26612401008605957,-999.0,1,4112,-999.0,-999.0,-999.0,-999.0,0,-999.0,-999.0,-999.0,-999.0,-999.0,0,-999.0,-999.0,-999.0,0,0,0.020091278845312262
PSO J223.8673+05.5564,-999,-999,-999,114662238673098165,3496239000116342,65296387919502,0,15189951487942,11466,1,1467,31,0.638728009200402,3496239,15203,3,1343750144,0,160,223.86730958,5.55642258,0.0010000000474974513,0.0010000000474974513,223.86730958,5.55642258,0.0010000000474974513,0.0010000000474974513,,,,,56125.39715278,-999.0,-0.7175591288311778,-0.6897344673966945,0.09682593204322525,219.63256718835402,21.296644794215066,2.3665685909980207,53.45341075501767,-999,1,0,0,0,0,0,0,-999.0,-999.0,-999.0,-999.0,0,-999.0,-999.0,-999.0,-999.0,-999.0,0,-999.0,-999.0,-999.0,0,114720,-999.0,-999.0,-999.0,-999.0,0,-999.0,-999.0,-999.0,-999.0,-999.0,0,-999.0,-999.0,-999.0,0,16416,-999.0,-999.0,-999.0,-999.0,0,-999.0,-999.0,-999.0,-999.0,-999.0,0,-999.0,-999.0,-999.0,0,16416,-999.0,-999.0,-999.0,-999.0,0,-999.0,-999.0,-999.0,-999.0,-999.0,0,-999.0,-999.0,-999.0,0,16416,-999.0,-999.0,-999.0,-999.0,0,-999.0,-999.0,-999.0,-999.0,-999.0,0,-999.0,-999.0,-999.0,0,16416,0.01826120053611907
PSO J223.8671+05.5512,-999,-999,-999,114662238670881925,3496239000116337,65296387919497,0,15189951497414,11466,1,1467,31,0.0535994209848339,3496239,15203,3,1343750144,0,160,223.86708928,5.5512186,0.0010000000474974513,0.0010000000474974513,223.86708928,5.5512186,0.0010000000474974513,0.0010000000474974513,,,,,56014.89693287,-999.0,-0.7175681181616451,-0.6897377999507537,0.09673553182284832,219.63406237860363,21.291625957051863,2.359605474077367,53.450258641473525,-999,1,0,0,0,0,0,0,-999.0,-999.0,-999.0,-999.0,0,-999.0,-999.0,-999.0,-999.0,-999.0,0,-999.0,-999.0,-999.0,0,114720,-999.0,-999.0,-999.0,-999.0,0,-999.0,-999.0,-999.0,-999.0,-999.0,0,-999.0,-999.0,-999.0,0,16416,-999.0,-999.0,-999.0,-999.0,0,-999.0,-999.0,-999.0,-999.0,-999.0,0,-999.0,-999.0,-999.0,0,16416,-999.0,-999.0,-999.0,-999.0,0,-999.0,-999.0,-999.0,-999.0,-999.0,0,-999.0,-999.0,-999.0,0,16416,-999.0,-999.0,-999.0,-999.0,0,-999.0,-999.0,-999.0,-999.0,-999.0,0,-999.0,-999.0,-999.0,0,16416,0.021586271891447066
PSO J223.8670+05.5576,-999,-999,-999,114662238670199589,3496239000116335,65296387919495,0,15189951487444,11466,1,1467,31,0.714945638286831,3496239,15203,3,1343750144,0,160,223.86701976,5.5576083,0.0010000000474974513,0.0010000000474974513,223.86701976,5.5576083,0.0010000000474974513,0.0010000000474974513,,,,,55971.37297454,-999.0,-0.7175611729320263,-0.6897294490042211,0.09684652950286037,219.63188090730787,21.297684163817177,2.367792625018026,53.45438946921032,-999,1,0,0,0,0,0,0,-999.0,-999.0,-999.0,-999.0,0,-999.0,-999.0,-999.0,-999.0,-999.0,0,-999.0,-999.0,-999.0,0,114720,-999.0,-999.0,-999.0,-999.0,0,-999.0,-999.0,-999.0,-999.0,-999.0,0,-999.0,-999.0,-999.0,0,16416,-999.0,-999.0,-999.0,-999.0,0,-999.0,-999.0,-999.0,-999.0,-999.0,0,-999.0,-999.0,-999.0,0,16416,-999.0,-999.0,-999.0,-999.0,0,-999.0,-999.0,-999.0,-999.0,-999.0,0,-999.0,-999.0,-999.0,0,16416,-999.0,-999.0,-999.0,-999.0,0,-999.0,-999.0,-999.0,-999.0,-999.0,0,-999.0,-999.0,-999.0,0,16416,0.017931056372227156
PSO J223.8669+05.5550,-999,-999,-999,114662238669356481,3496239000020878,65296387821965,0,15189951485754,11466,1,1467,31,0.203428041379366,3496239,15203,3,268959744,0,32,-999.0,-999.0,-999.0,-999.0,223.86692493,5.55502685,0.1705700010061264,0.1705700010061264,,,,,55694.35231481,-999.0,-0.7175654595706524,-0.6897312844456976,0.09680168639050865,219.63263731719417,21.295198985882887,2.36435370824382,53.4528148666295,-999,0,1,0,1,0,0,0,-999.0,-999.0,-999.0,-999.0,0,-999.0,-999.0,-999.0,-999.0,-999.0,0,-999.0,-999.0,-999.0,0,0,0.8007190227508545,20.749399185180664,0.16990700364112854,-999.0,1,20.749399185180664,20.749399185180664,-999.0,-999.0,-999.0,0,-999.0,-999.0,-999.0,0,4112,-999.0,-999.0,-999.0,-999.0,0,-999.0,-999.0,-999.0,-999.0,-999.0,0,-999.0,-999.0,-999.0,0,0,-999.0,-999.0,-999.0,-999.0,0,-999.0,-999.0,-999.0,-999.0,-999.0,0,-999.0,-999.0,-999.0,0,0,-999.0,-999.0,-999.0,-999.0,0,-999.0,-999.0,-999.0,-999.0,-999.0,0,-999.0,-999.0,-999.0,0,0,0.019337691280286954
PSO J223.8668+05.5503,-999,-999,-999,114662238667920773,3496239000020855,65296387821942,0,15189951498198,11466,1,1467,31,0.0642153360547641,3496239,15203,3,268959744,0,32,-999.0,-999.0,-999.0,-999.0,223.86677152,5.55025856,0.43735000491142273,0.43735000491142273,,,,,55758.25456019,-999.0,-0.7175731118904035,-0.6897349434889423,0.09671885453327027,219.6340565497235,21.290615178134775,2.358025432186055,53.44988943403545,-999,0,1,0,0,0,0,1,-999.0,-999.0,-999.0,-999.0,0,-999.0,-999.0,-999.0,-999.0,-999.0,0,-999.0,-999.0,-999.0,0,0,-999.0,-999.0,-999.0,-999.0,0,-999.0,-999.0,-999.0,-999.0,-999.0,0,-999.0,-999.0,-999.0,0,0,-999.0,-999.0,-999.0,-999.0,0,-999.0,-999.0,-999.0,-999.0,-999.0,0,-999.0,-999.0,-999.0,0,0,-999.0,-999.0,-999.0,-999.0,0,-999.0,-999.0,-999.0,-999.0,-999.0,0,-999.0,-999.0,-999.0,0,0,0.671218991279602,20.870500564575195,0.4370979964733124,-999.0,1,20.870500564575195,20.870500564575195,-999.0,-999.0,-999.0,0,-999.0,-999.0,-999.0,0,4120,0.022476040383471865
PSO J223.8663+05.5560,-999,-999,-999,114662238663027693,3496239000116325,65296387919485,0,15189951487582,11466,1,1467,31,0.862823624967433,3496239,15203,3,1343750144,0,160,223.86629739,5.555997,0.0010000000474974513,0.0010000000474974513,223.86629739,5.555997,0.0010000000474974513,0.0010000000474974513,,,,,56066.2419213,-999.0,-0.7175718320960385,-0.6897222892262665,0.096818539168969,219.63167900485095,21.295929790406333,2.3649387339590273,53.45391484184841,-999,1,0,0,0,0,0,0,-999.0,-999.0,-999.0,-999.0,0,-999.0,-999.0,-999.0,-999.0,-999.0,0,-999.0,-999.0,-999.0,0,114720,-999.0,-999.0,-999.0,-999.0,0,-999.0,-999.0,-999.0,-999.0,-999.0,0,-999.0,-999.0,-999.0,0,16416,-999.0,-999.0,-999.0,-999.0,0,-999.0,-999.0,-999.0,-999.0,-999.0,0,-999.0,-999.0,-999.0,0,16416,-999.0,-999.0,-999.0,-999.0,0,-999.0,-999.0,-999.0,-999.0,-999.0,0,-999.0,-999.0,-999.0,0,16416,-999.0,-999.0,-999.0,-999.0,0,-999.0,-999.0,-999.0,-999.0,-999.0,0,-999.0,-999.0,-999.0,0,16416,0.019343974091213845
PSO J223.8662+05.5572,-999,-999,-999,114662238661729111,3496239000106556,65296387907645,0,15189951487304,11466,1,1467,31,0.750587725779589,3496239,15203,3,268513280,0,32,-999.0,-999.0,-999.0,-999.0,223.86616041,5.55722489,0.018710000440478325,0.018710000440478325,,,,,55239.58606481,-999.0,-0.7175719849694288,-0.6897191356794241,0.0968398691896169,219.63113413587877,21.29705610341333,2.366380294437211,53.45480335635864,-999,0,1,0,0,0,0,1,-999.0,-999.0,-999.0,-999.0,0,-999.0,-999.0,-999.0,-999.0,-999.0,0,-999.0,-999.0,-999.0,0,0,-999.0,-999.0,-999.0,-999.0,0,-999.0,-999.0,-999.0,-999.0,-999.0,0,-999.0,-999.0,-999.0,0,0,-999.0,-999.0,-999.0,-999.0,0,-999.0,-999.0,-999.0,-999.0,-999.0,0,-999.0,-999.0,-999.0,0,0,-999.0,-999.0,-999.0,-999.0,0,-999.0,-999.0,-999.0,-999.0,-999.0,0,-999.0,-999.0,-999.0,0,0,0.9979000091552734,16.81049919128418,0.011188000440597534,-999.0,1,16.81049919128418,16.81049919128418,17.471399307250977,0.027847999706864357,-999.0,1,17.375,0.011188000440597534,-999.0,1,24,0.018866844105448855
PSO J223.8653+05.5546,-999,-999,-999,114662238652815983,3496239000020634,65296387821721,0,15189951502803,11466,1,1467,31,0.291024243730143,3496239,15203,3,268959744,0,32,-999.0,-999.0,-999.0,-999.0,223.86527172,5.55461198,0.19096000492572784,0.19096000492572784,,,,,55694.35231481,-999.0,-0.7175858660781403,-0.6897110652543919,0.09679447954577429,219.63109408434423,21.29429779358963,2.3620539509731295,53.453816968286574,-999,0,1,0,1,0,0,0,-999.0,-999.0,-999.0,-999.0,0,-999.0,-999.0,-999.0,-999.0,-999.0,0,-999.0,-999.0,-999.0,0,0,0.8182229995727539,20.912200927734375,0.19036699831485748,-999.0,1,20.912200927734375,20.912200927734375,-999.0,-999.0,-999.0,0,21.696199417114258,0.19036699831485748,-999.0,1,4112,-999.0,-999.0,-999.0,-999.0,0,-999.0,-999.0,-999.0,-999.0,-999.0,0,-999.0,-999.0,-999.0,0,0,-999.0,-999.0,-999.0,-999.0,0,-999.0,-999.0,-999.0,-999.0,-999.0,0,-999.0,-999.0,-999.0,0,0,-999.0,-999.0,-999.0,-999.0,0,-999.0,-999.0,-999.0,-999.0,-999.0,0,-999.0,-999.0,-999.0,0,0,0.020940150930980398
PSO J223.8646+05.5511,-999,-999,-999,114662238646031789,3496239000020538,65296387821625,0,15189951511326,11466,1,1467,31,0.0196452252749775,3496239,15203,3,276901888,0,33,-999.0,-999.0,-999.0,-999.0,223.8645931,5.55110481,0.020400000736117363,0.020400000736117363,,,,,56785.40225694,-999.0,-0.7175983054952395,-0.6897066704497793,0.0967335551266491,219.63156294617477,21.29075299306768,2.3567957683273457,53.45209873798166,-999,0,1,0,0,1,0,0,-999.0,-999.0,-999.0,-999.0,0,-999.0,-999.0,-999.0,-999.0,-999.0,0,-999.0,-999.0,-999.0,0,0,-999.0,-999.0,-999.0,-999.0,0,-999.0,-999.0,-999.0,-999.0,-999.0,0,-999.0,-999.0,-999.0,0,0,0.9972609877586365,18.5492000579834,0.013819999992847443,-999.0,1,18.5492000579834,18.5492000579834,18.47410011291504,0.02161099947988987,-999.0,1,18.38360023498535,0.013819999992847443,-999.0,1,16777240,-999.0,-999.0,-999.0,-999.0,0,-999.0,-999.0,-999.0,-999.0,-999.0,0,-999.0,-999.0,-999.0,0,0,-999.0,-999.0,-999.0,-999.0,0,-999.0,-999.0,-999.0,-999.0,-999.0,0,-999.0,-999.0,-999.0,0,0,0.02354098211039484
PSO J223.8634+05.5552,-999,-999,-999,114662238633996728,3496239000116274,65296387919434,0,15189951503722,11466,1,1467,31,0.547235797669027,3496239,15203,3,404226048,0,48,223.86339907,5.55523431,0.0010000000474974513,0.0010000000474974513,223.86339907,5.55523431,0.0010000000474974513,0.0010000000474974513,,,,,56016.57618056,-999.0,-0.7176076500863456,-0.6896868828084848,0.09680529024525564,219.62898518312736,21.294316204833418,2.3608610581236045,53.45564909886114,-999,1,0,0,0,0,0,0,-999.0,-999.0,-999.0,-999.0,0,-999.0,-999.0,-999.0,-999.0,-999.0,0,-999.0,-999.0,-999.0,0,114720,-999.0,-999.0,-999.0,-999.0,0,-999.0,-999.0,-999.0,-999.0,-999.0,0,-999.0,-999.0,-999.0,0,16416,-999.0,-999.0,-999.0,-999.0,0,-999.0,-999.0,-999.0,-999.0,-999.0,0,-999.0,-999.0,-999.0,0,16416,-999.0,-999.0,-999.0,-999.0,0,-999.0,-999.0,-999.0,-999.0,-999.0,0,-999.0,-999.0,-999.0,0,16416,-999.0,-999.0,-999.0,-999.0,0,-999.0,-999.0,-999.0,-999.0,-999.0,0,-999.0,-999.0,-999.0,0,16416,0.022228141474966316
PSO J223.8633+05.5548,-999,-999,-999,114662238632646044,3496239000020350,65296387821437,0,15189951503697,11466,1,1467,31,0.10142212370543,3496239,15203,3,444751872,7,53,223.86335115,5.5548332,0.0010000000474974513,0.0010000000474974513,223.86334975446857,5.554840802277859,0.03551133419779639,0.03551133419779639,223.17730155732036,417.92879819019447,42.985001810234024,42.985001810234024,56564.1387395026,11.835892677307129,-0.7176087230552158,-0.6896867258419437,0.0967984544942851,219.62906197755967,21.293925730781563,2.3602963703153206,53.45543807419187,-999,3,6,1,2,3,0,0,0.9993939995765686,21.264299392700195,0.13835899531841278,-999.0,1,21.264299392700195,21.264299392700195,21.05229949951172,0.20413100719451904,-999.0,1,21.064899444580078,0.13835899531841278,-999.0,1,16696,0.9990450143814087,21.817800521850586,0.010886999778449535,0.016357000917196274,2,21.810800552368164,21.832599639892578,-999.0,-999.0,-999.0,2,21.07270050048828,0.4691559970378876,0.8369399905204773,2,115000,0.9985790252685547,21.490100860595703,0.051371000707149506,0.08729500323534012,3,21.436800003051758,21.58970069885254,20.97610092163086,0.07317899912595749,0.19891199469566345,3,20.96980094909668,0.09373000264167786,0.1638679951429367,3,16892216,-999.0,-999.0,-999.0,-999.0,0,-999.0,-999.0,-999.0,-999.0,-999.0,0,-999.0,-999.0,-999.0,0,114720,-999.0,-999.0,-999.0,-999.0,0,-999.0,-999.0,-999.0,-999.0,-999.0,0,-999.0,-999.0,-999.0,0,16416,0.022462135116459538
PSO J223.8631+05.5566,-999,-999,-999,114662238630578391,3496239000020319,65296387821406,0,15189951501168,11466,1,1467,31,0.465325596244378,3496239,15203,3,277348352,0,33,-999.0,-999.0,-999.0,-999.0,223.86305021,5.55661309,0.09403999894857407,0.09403999894857407,,,,,55338.40309028,-999.0,-0.7176101696012803,-0.6896808990292295,0.0968292414462468,219.62817510614292,21.29552116229747,2.3622716879355505,53.45679631116042,-999,0,1,0,1,0,0,0,-999.0,-999.0,-999.0,-999.0,0,-999.0,-999.0,-999.0,-999.0,-999.0,0,-999.0,-999.0,-999.0,0,0,0.747277021408081,20.749099731445312,0.09284000098705292,-999.0,1,20.749099731445312,20.749099731445312,20.206100463867188,0.06491699814796448,-999.0,1,20.017499923706055,0.09284000098705292,-999.0,1,16781336,-999.0,-999.0,-999.0,-999.0,0,-999.0,-999.0,-999.0,-999.0,-999.0,0,-999.0,-999.0,-999.0,0,0,-999.0,-999.0,-999.0,-999.0,0,-999.0,-999.0,-999.0,-999.0,-999.0,0,-999.0,-999.0,-999.0,0,0,-999.0,-999.0,-999.0,-999.0,0,-999.0,-999.0,-999.0,-999.0,-999.0,0,-999.0,-999.0,-999.0,0,0,0.02191529854126898
PSO J223.8630+05.5534,-999,-999,-999,114662238630384595,3496239000020313,65296387821400,0,15189951503590,11466,1,1467,31,0.26284307265919,3496239,15203,3,436527104,7,52,223.86304903,5.5534405,0.0010000000474974513,0.0010000000474974513,223.86303919894476,5.553446108582663,0.005413524843134994,0.005413524843134994,1.8402659258545837,-7.848820692995177,4.175767505938291,4.175767505938291,56249.371521847184,2.110370635986328,-0.7176141599482947,-0.6896844687776617,0.09677422677850644,219.6292078779049,21.292505342068427,2.3581650010095663,53.45478592724422,-999,5,58,5,11,18,16,8,0.9995480179786682,20.786100387573242,0.049309998750686646,0.3273969888687134,5,20.233600616455078,21.1289005279541,20.865699768066406,0.11974100023508072,0.6263239979743958,5,20.768999099731445,0.10129699856042862,0.5698379874229431,5,115000,0.9993460178375244,20.29360008239746,0.018631000071763992,0.08904699981212616,8,20.16990089416504,20.4601993560791,20.348499298095703,0.04782300069928169,0.12435600161552429,8,20.221399307250977,0.04983599856495857,0.17429900169372559,8,115000,0.9990839958190918,20.124000549316406,0.011738000437617302,0.08849799633026123,13,20.018999099731445,20.316299438476562,20.216800689697266,0.03544500097632408,0.1527629941701889,13,20.146400451660156,0.028265999630093575,0.10305999964475632,13,115000,0.9992610216140747,20.01810073852539,0.029184000566601753,0.14695900678634644,15,19.882600784301758,20.400699615478516,20.14240074157715,0.029165999963879585,0.1767590045928955,15,20.062700271606445,0.028349999338388443,0.162649005651474,15,115000,0.9998850226402283,19.92259979248047,0.032189998775720596,0.1533930003643036,7,19.617599487304688,20.020700454711914,20.0408992767334,0.08438599854707718,0.18041500449180603,8,19.924699783325195,0.14383499324321747,0.2955020070075989,8,115000,0.023441298394910257
PSO J223.8630+05.5496,-999,-999,-999,114662238630120008,3496239000106538,65296387907627,0,15189951511690,11466,1,1467,31,0.659969017524243,3496239,15203,3,268513280,0,32,-999.0,-999.0,-999.0,-999.0,223.86300706,5.54963821,0.02047000080347061,0.02047000080347061,,,,,55254.61549769,-999.0,-0.7176191824398356,-0.6896885214480696,0.09670807813806256,219.6304354532988,21.28887170234725,2.353207865569808,53.45237797874567,-999,0,1,0,0,0,1,0,-999.0,-999.0,-999.0,-999.0,0,-999.0,-999.0,-999.0,-999.0,-999.0,0,-999.0,-999.0,-999.0,0,0,-999.0,-999.0,-999.0,-999.0,0,-999.0,-999.0,-999.0,-999.0,-999.0,0,-999.0,-999.0,-999.0,0,0,-999.0,-999.0,-999.0,-999.0,0,-999.0,-999.0,-999.0,-999.0,-999.0,0,-999.0,-999.0,-999.0,0,0,0.9973250031471252,17.816299438476562,0.013927999883890152,-999.0,1,17.816299438476562,17.816299438476562,18.774200439453125,0.044401999562978745,-999.0,1,18.684999465942383,0.013927999883890152,-999.0,1,16,-999.0,-999.0,-999.0,-999.0,0,-999.0,-999.0,-999.0,-999.0,-999.0,0,-999.0,-999.0,-999.0,0,0,0.025690933459871217
PSO J223.8629+05.5532,-999,-999,-999,114662238627864373,3496239000020274,65296387821361,0,15189951503382,11466,1,1467,31,0.989263768297866,3496239,15203,3,268959744,0,32,-999.0,-999.0,-999.0,-999.0,223.86291043,5.55316639,0.12161999940872192,0.12161999940872192,,,,,56822.39592593,-999.0,-0.7176160506021759,-0.6896831833506283,0.0967693676815083,219.62917170788552,21.29219898449315,2.3576661179115566,53.45470380608698,-999,0,2,0,0,2,0,0,-999.0,-999.0,-999.0,-999.0,0,-999.0,-999.0,-999.0,-999.0,-999.0,0,-999.0,-999.0,-999.0,0,0,-999.0,-999.0,-999.0,-999.0,0,-999.0,-999.0,-999.0,-999.0,-999.0,0,-999.0,-999.0,-999.0,0,0,0.7391499876976013,20.70709991455078,0.2614090144634247,0.5201119780540466,2,20.187000274658203,20.709800720214844,20.78499984741211,0.1397079974412918,0.27811399102211,2,21.32069969177246,0.02747200056910515,0.05412900075316429,2,4120,-999.0,-999.0,-999.0,-999.0,0,-999.0,-999.0,-999.0,-999.0,-999.0,0,-999.0,-999.0,-999.0,0,0,-999.0,-999.0,-999.0,-999.0,0,-999.0,-999.0,-999.0,-999.0,-999.0,0,-999.0,-999.0,-999.0,0,0,0.02369899146568505
PSO J223.8627+05.5569,-999,-999,-999,114662238627468749,3496239000020268,65296387821355,0,15189951501136,11466,1,1467,31,0.824544266634196,3496239,15203,3,268959744,0,32,-999.0,-999.0,-999.0,-999.0,223.86272932,5.5569145,0.2737399935722351,0.2737399935722351,,,,,56045.39357639,-999.0,-0.7176136649342759,-0.6896765270047346,0.09683447732230654,219.6277493839866,21.295709626996903,2.36231912104932,53.457234552220335,-999,0,1,0,0,1,0,0,-999.0,-999.0,-999.0,-999.0,0,-999.0,-999.0,-999.0,-999.0,-999.0,0,-999.0,-999.0,-999.0,0,0,-999.0,-999.0,-999.0,-999.0,0,-999.0,-999.0,-999.0,-999.0,-999.0,0,-999.0,-999.0,-999.0,0,0,0.15868300199508667,21.48240089416504,0.27332499623298645,-999.0,1,21.48240089416504,21.48240089416504,-999.0,-999.0,-999.0,0,22.712900161743164,0.27332499623298645,-999.0,1,4120,-999.0,-999.0,-999.0,-999.0,0,-999.0,-999.0,-999.0,-999.0,-999.0,0,-999.0,-999.0,-999.0,0,0,-999.0,-999.0,-999.0,-999.0,0,-999.0,-999.0,-999.0,-999.0,-999.0,0,-999.0,-999.0,-999.0,0,0,0.02208087373659478
PSO J223.8620+05.5556,-999,-999,-999,114662238619767146,3496239000116254,65296387919414,0,15189951500652,11466,1,1467,31,0.0366174392743199,3496239,15203,3,1343750144,0,160,223.86198039,5.55556568,0.0010000000474974513,0.0010000000474974513,223.86198039,5.55556568,0.0010000000474974513,0.0010000000474974513,,,,,56066.2419213,-999.0,-0.7176243232661886,-0.6896687262136857,0.09681104657804912,219.62743380844816,21.294196848015186,2.35977614513869,53.456947669614,-999,1,0,0,0,0,0,0,-999.0,-999.0,-999.0,-999.0,0,-999.0,-999.0,-999.0,-999.0,-999.0,0,-999.0,-999.0,-999.0,0,114720,-999.0,-999.0,-999.0,-999.0,0,-999.0,-999.0,-999.0,-999.0,-999.0,0,-999.0,-999.0,-999.0,0,16416,-999.0,-999.0,-999.0,-999.0,0,-999.0,-999.0,-999.0,-999.0,-999.0,0,-999.0,-999.0,-999.0,0,16416,-999.0,-999.0,-999.0,-999.0,0,-999.0,-999.0,-999.0,-999.0,-999.0,0,-999.0,-999.0,-999.0,0,16416,-999.0,-999.0,-999.0,-999.0,0,-999.0,-999.0,-999.0,-999.0,-999.0,0,-999.0,-999.0,-999.0,0,16416,0.023328645015206
PSO J223.8615+05.5521,-999,-999,-999,114662238615293003,3496239000116249,65296387919409,0,15189951509223,11466,1,1467,31,0.720923234448697,3496239,15203,3,1343750144,0,160,223.86152915,5.55213469,0.0010000000474974513,0.0010000000474974513,223.86152915,5.55213469,0.0010000000474974513,0.0010000000474974513,,,,,56016.57618056,-999.0,-0.7176339334388869,-0.6896670902319955,0.09675144561175159,219.62810866886116,21.290794198858553,2.354858716908105,53.45510375118649,-999,1,0,0,0,0,0,0,-999.0,-999.0,-999.0,-999.0,0,-999.0,-999.0,-999.0,-999.0,-999.0,0,-999.0,-999.0,-999.0,0,114720,-999.0,-999.0,-999.0,-999.0,0,-999.0,-999.0,-999.0,-999.0,-999.0,0,-999.0,-999.0,-999.0,0,16416,-999.0,-999.0,-999.0,-999.0,0,-999.0,-999.0,-999.0,-999.0,-999.0,0,-999.0,-999.0,-999.0,0,16416,-999.0,-999.0,-999.0,-999.0,0,-999.0,-999.0,-999.0,-999.0,-999.0,0,-999.0,-999.0,-999.0,0,16416,-999.0,-999.0,-999.0,-999.0,0,-999.0,-999.0,-999.0,-999.0,-999.0,0,-999.0,-999.0,-999.0,0,16416,0.025413086133562347
PSO J223.8600+05.5573,-999,-999,-999,114662238599959226,3496239000116221,65296387919381,0,15189951456037,11466,1,1467,31,0.176366214804692,3496239,15203,3,1343750144,0,160,223.8599952,5.55731024,0.0010000000474974513,0.0010000000474974513,223.8599952,5.55731024,0.0010000000474974513,0.0010000000474974513,,,,,56016.57618056,-999.0,-0.7176460927958433,-0.6896418186792617,0.09684135182668738,219.62483976159564,21.295248482098316,2.3599141402404658,53.45958220376429,-999,1,0,0,0,0,0,0,-999.0,-999.0,-999.0,-999.0,0,-999.0,-999.0,-999.0,-999.0,-999.0,0,-999.0,-999.0,-999.0,0,114720,-999.0,-999.0,-999.0,-999.0,0,-999.0,-999.0,-999.0,-999.0,-999.0,0,-999.0,-999.0,-999.0,0,16416,-999.0,-999.0,-999.0,-999.0,0,-999.0,-999.0,-999.0,-999.0,-999.0,0,-999.0,-999.0,-999.0,0,16416,-999.0,-999.0,-999.0,-999.0,0,-999.0,-999.0,-999.0,-999.0,-999.0,0,-999.0,-999.0,-999.0,0,16416,-999.0,-999.0,-999.0,-999.0,0,-999.0,-999.0,-999.0,-999.0,-999.0,0,-999.0,-999.0,-999.0,0,16416,0.024450521164277785
PSO J223.8595+05.5531,-999,-999,-999,114662238595054214,3496239000116212,65296387919372,0,15189951501560,11466,1,1467,31,0.359502967781856,3496239,15203,3,1343750144,0,160,223.85951481,5.55312742,0.0010000000474974513,0.0010000000474974513,223.85951481,5.55312742,0.0010000000474974513,0.0010000000474974513,,,,,56014.89693287,-999.0,-0.7176569707001705,-0.6896406984089846,0.09676869071875732,219.62573343419618,21.291121586996088,2.3539932197641993,53.45728079153141,-999,1,0,0,0,0,0,0,-999.0,-999.0,-999.0,-999.0,0,-999.0,-999.0,-999.0,-999.0,-999.0,0,-999.0,-999.0,-999.0,0,114720,-999.0,-999.0,-999.0,-999.0,0,-999.0,-999.0,-999.0,-999.0,-999.0,0,-999.0,-999.0,-999.0,0,16416,-999.0,-999.0,-999.0,-999.0,0,-999.0,-999.0,-999.0,-999.0,-999.0,0,-999.0,-999.0,-999.0,0,16416,-999.0,-999.0,-999.0,-999.0,0,-999.0,-999.0,-999.0,-999.0,-999.0,0,-999.0,-999.0,-999.0,0,16416,-999.0,-999.0,-999.0,-999.0,0,-999.0,-999.0,-999.0,-999.0,-999.0,0,-999.0,-999.0,-999.0,0,16416,0.026630994328672813
PSO J223.8593+05.5513,-999,-999,-999,114662238593382028,3496239000116204,65296387919364,0,15189951508596,11466,1,1467,31,0.863818260714243,3496239,15203,3,1343750144,0,160,223.85934716,5.55130744,0.0010000000474974513,0.0010000000474974513,223.85934716,5.55130744,0.0010000000474974513,0.0010000000474974513,,,,,55877.61681713,-999.0,-0.7176612046126705,-0.6896407279843089,0.09673707510134517,219.6261643084094,21.28933861371186,2.351461315637797,53.456247638943985,-999,1,0,0,0,0,0,0,-999.0,-999.0,-999.0,-999.0,0,-999.0,-999.0,-999.0,-999.0,-999.0,0,-999.0,-999.0,-999.0,0,114720,-999.0,-999.0,-999.0,-999.0,0,-999.0,-999.0,-999.0,-999.0,-999.0,0,-999.0,-999.0,-999.0,0,16416,-999.0,-999.0,-999.0,-999.0,0,-999.0,-999.0,-999.0,-999.0,-999.0,0,-999.0,-999.0,-999.0,0,16416,-999.0,-999.0,-999.0,-999.0,0,-999.0,-999.0,-999.0,-999.0,-999.0,0,-999.0,-999.0,-999.0,0,16416,-999.0,-999.0,-999.0,-999.0,0,-999.0,-999.0,-999.0,-999.0,-999.0,0,-999.0,-999.0,-999.0,0,16416,0.027691161377985322
PSO J223.8590+05.5530,-999,-999,-999,114662238590314027,3496239000019717,65296387820804,0,15189951501357,11466,1,1467,31,0.648244984120359,3496239,15203,3,268959744,0,32,-999.0,-999.0,-999.0,-999.0,223.85902675,5.55298517,0.15088999271392822,0.15088999271392822,,,,,55694.36315972,-999.0,-0.7176630184384585,-0.689634751663892,0.09676621963930819,219.62528439222444,21.29083671254417,2.353288594162246,53.457563963650195,-999,0,1,0,1,0,0,0,-999.0,-999.0,-999.0,-999.0,0,-999.0,-999.0,-999.0,-999.0,-999.0,0,-999.0,-999.0,-999.0,0,0,0.7975490093231201,20.807600021362305,0.15014399588108063,-999.0,1,20.807600021362305,20.807600021362305,-999.0,-999.0,-999.0,0,20.824499130249023,0.15014399588108063,-999.0,1,4112,-999.0,-999.0,-999.0,-999.0,0,-999.0,-999.0,-999.0,-999.0,-999.0,0,-999.0,-999.0,-999.0,0,0,-999.0,-999.0,-999.0,-999.0,0,-999.0,-999.0,-999.0,-999.0,-999.0,0,-999.0,-999.0,-999.0,0,0,-999.0,-999.0,-999.0,-999.0,0,-999.0,-999.0,-999.0,-999.0,-999.0,0,-999.0,-999.0,-999.0,0,0,0.027125740305063345
PSO J223.8590+05.5526,-999,-999,-999,114662238590143608,3496239000019714,65296387820801,0,15189951501375,11466,1,1467,31,0.202325200850447,3496239,15203,3,268959744,0,32,-999.0,-999.0,-999.0,-999.0,223.85900712,5.55263489,0.12756000459194183,0.12756000459194183,,,,,55694.32836806,-999.0,-0.7176636812594274,-0.6896349156741832,0.09676013478819295,219.62538016436545,21.290497426835717,2.352814766888335,53.45735543849888,-999,0,1,0,0,1,0,0,-999.0,-999.0,-999.0,-999.0,0,-999.0,-999.0,-999.0,-999.0,-999.0,0,-999.0,-999.0,-999.0,0,0,-999.0,-999.0,-999.0,-999.0,0,-999.0,-999.0,-999.0,-999.0,-999.0,0,-999.0,-999.0,-999.0,0,0,0.8101019859313965,20.183000564575195,0.1266700029373169,-999.0,1,20.183000564575195,20.183000564575195,-999.0,-999.0,-999.0,0,20.53350067138672,0.1266700029373169,-999.0,1,4112,-999.0,-999.0,-999.0,-999.0,0,-999.0,-999.0,-999.0,-999.0,-999.0,0,-999.0,-999.0,-999.0,0,0,-999.0,-999.0,-999.0,-999.0,0,-999.0,-999.0,-999.0,-999.0,-999.0,0,-999.0,-999.0,-999.0,0,0,0.027311183918418178
PSO J223.8587+05.5529,-999,-999,-999,114662238586713927,3496239000019666,65296387820753,0,15189951457337,11466,1,1467,31,0.794757128502016,3496239,15203,3,268959744,0,32,-999.0,-999.0,-999.0,-999.0,223.85866276,5.5528992,0.14279000461101532,0.14279000461101532,,,,,55694.35231481,-999.0,-0.717667504243494,-0.6896302930645316,0.0967647262210911,219.62494285569247,21.29064339725075,2.352789097675812,53.457787988717286,-999,0,1,0,1,0,0,0,-999.0,-999.0,-999.0,-999.0,0,-999.0,-999.0,-999.0,-999.0,-999.0,0,-999.0,-999.0,-999.0,0,0,0.8303670287132263,20.5851993560791,0.14200299978256226,-999.0,1,20.5851993560791,20.5851993560791,-999.0,-999.0,-999.0,0,21.537399291992188,0.14200299978256226,-999.0,1,4112,-999.0,-999.0,-999.0,-999.0,0,-999.0,-999.0,-999.0,-999.0,-999.0,0,-999.0,-999.0,-999.0,0,0,-999.0,-999.0,-999.0,-999.0,0,-999.0,-999.0,-999.0,-999.0,-999.0,0,-999.0,-999.0,-999.0,0,0,-999.0,-999.0,-999.0,-999.0,0,-999.0,-999.0,-999.0,-999.0,-999.0,0,-999.0,-999.0,-999.0,0,0,0.02748547386191287
PSO J223.8581+05.5568,-999,-999,-999,114662238580898654,3496239000116181,65296387919341,0,15189951459175,11466,1,1467,31,0.53456604251132,3496239,15203,3,1343750144,0,160,223.85809102,5.55684391,0.0010000000474974513,0.0010000000474974513,223.85809102,5.55684391,0.0010000000474974513,0.0010000000474974513,,,,,55928.40103009,-999.0,-0.7176695804087853,-0.6896185139918566,0.09683325108423009,219.6230584980717,21.29422138178655,2.357279637573426,53.46074369571623,-999,1,0,0,0,0,0,0,-999.0,-999.0,-999.0,-999.0,0,-999.0,-999.0,-999.0,-999.0,-999.0,0,-999.0,-999.0,-999.0,0,114720,-999.0,-999.0,-999.0,-999.0,0,-999.0,-999.0,-999.0,-999.0,-999.0,0,-999.0,-999.0,-999.0,0,16416,-999.0,-999.0,-999.0,-999.0,0,-999.0,-999.0,-999.0,-999.0,-999.0,0,-999.0,-999.0,-999.0,0,16416,-999.0,-999.0,-999.0,-999.0,0,-999.0,-999.0,-999.0,-999.0,-999.0,0,-999.0,-999.0,-999.0,0,16416,-999.0,-999.0,-999.0,-999.0,0,-999.0,-999.0,-999.0,-999.0,-999.0,0,-999.0,-999.0,-999.0,0,16416,0.02638987638722308
PSO J223.8577+05.5545,-999,-999,-999,114662238576935889,3496239000019532,65296387820619,0,15189951457887,11466,1,1467,31,0.199018892086129,3496239,15203,3,268959744,0,32,-999.0,-999.0,-999.0,-999.0,223.85767513,5.55454477,0.27667999267578125,0.27667999267578125,,,,,56394.56908565,-999.0,-0.7176773873337027,-0.6896159963765701,0.09679331201803602,219.62339542015457,21.29190646473749,2.35386303202367,53.45959500729894,-999,0,1,1,0,0,0,0,0.49623098969459534,20.31760025024414,0.27626800537109375,-999.0,1,20.31760025024414,20.31760025024414,-999.0,-999.0,-999.0,1,20.660499572753906,0.27626800537109375,-999.0,1,4120,-999.0,-999.0,-999.0,-999.0,0,-999.0,-999.0,-999.0,-999.0,-999.0,0,-999.0,-999.0,-999.0,0,0,-999.0,-999.0,-999.0,-999.0,0,-999.0,-999.0,-999.0,-999.0,-999.0,0,-999.0,-999.0,-999.0,0,0,-999.0,-999.0,-999.0,-999.0,0,-999.0,-999.0,-999.0,-999.0,-999.0,0,-999.0,-999.0,-999.0,0,0,-999.0,-999.0,-999.0,-999.0,0,-999.0,-999.0,-999.0,-999.0,-999.0,0,-999.0,-999.0,-999.0,0,0,0.02764049389133085
PSO J223.8575+05.5553,-999,-999,-999,114662238574866775,3496239000116170,65296387919330,0,15189951458002,11466,1,1467,31,0.845174703602842,3496239,15203,3,1343750144,0,160,223.85748054,5.55527649,0.0010000000474974513,0.0010000000474974513,223.85748054,5.55527649,0.0010000000474974513,0.0010000000474974513,,,,,55971.37297454,-999.0,-0.7176788380319813,-0.6896127024339657,0.09680602296752025,219.62295589793692,21.2925430316656,2.3546015417477943,53.460211116463704,-999,1,0,0,0,0,0,0,-999.0,-999.0,-999.0,-999.0,0,-999.0,-999.0,-999.0,-999.0,-999.0,0,-999.0,-999.0,-999.0,0,16416,-999.0,-999.0,-999.0,-999.0,0,-999.0,-999.0,-999.0,-999.0,-999.0,0,-999.0,-999.0,-999.0,0,16416,-999.0,-999.0,-999.0,-999.0,0,-999.0,-999.0,-999.0,-999.0,-999.0,0,-999.0,-999.0,-999.0,0,114720,-999.0,-999.0,-999.0,-999.0,0,-999.0,-999.0,-999.0,-999.0,-999.0,0,-999.0,-999.0,-999.0,0,16416,-999.0,-999.0,-999.0,-999.0,0,-999.0,-999.0,-999.0,-999.0,-999.0,0,-999.0,-999.0,-999.0,0,16416,0.027526937593550058
PSO J223.8569+05.5538,-999,-999,-999,114662238568785080,3496239000019397,65296387820484,0,15189951460280,11466,1,1467,31,0.163987468149501,3496239,15203,3,268513280,0,32,-999.0,-999.0,-999.0,-999.0,223.85686924,5.55383481,0.02710000053048134,0.02710000053048134,,,,,55764.26403935,-999.0,-0.7176879517958211,-0.6896067328126557,0.0967809790536001,219.62281092052856,21.290984063814612,2.352085214446267,53.459759363061714,-999,0,1,0,0,0,1,0,-999.0,-999.0,-999.0,-999.0,0,-999.0,-999.0,-999.0,-999.0,-999.0,0,-999.0,-999.0,-999.0,0,0,-999.0,-999.0,-999.0,-999.0,0,-999.0,-999.0,-999.0,-999.0,-999.0,0,-999.0,-999.0,-999.0,0,0,-999.0,-999.0,-999.0,-999.0,0,-999.0,-999.0,-999.0,-999.0,-999.0,0,-999.0,-999.0,-999.0,0,0,0.9983659982681274,18.19379997253418,0.022576000541448593,-999.0,1,18.19379997253418,18.19379997253418,19.151899337768555,0.07467000186443329,-999.0,1,19.098400115966797,0.022576000541448593,-999.0,1,16,-999.0,-999.0,-999.0,-999.0,0,-999.0,-999.0,-999.0,-999.0,-999.0,0,-999.0,-999.0,-999.0,0,0,0.028665074904043946
PSO J223.8562+05.5519,-999,-999,-999,114662238562402761,3496239000019308,65296387820395,0,15189951453113,11466,1,1467,31,0.171356055113819,3496239,15203,3,268959744,0,32,-999.0,-999.0,-999.0,-999.0,223.8562337,5.55192841,0.1384499967098236,0.1384499967098236,,,,,55694.32836806,-999.0,-0.7176979226713402,-0.6896010027152982,0.09674786223632069,219.62279484198558,21.288975515669488,2.348942228289452,53.459029507243464,-999,0,1,0,0,1,0,0,-999.0,-999.0,-999.0,-999.0,0,-999.0,-999.0,-999.0,-999.0,-999.0,0,-999.0,-999.0,-999.0,0,0,-999.0,-999.0,-999.0,-999.0,0,-999.0,-999.0,-999.0,-999.0,-999.0,0,-999.0,-999.0,-999.0,0,0,0.8264219760894775,20.302000045776367,0.13763299584388733,-999.0,1,20.302000045776367,20.302000045776367,-999.0,-999.0,-999.0,0,20.50469970703125,0.13763299584388733,-999.0,1,4112,-999.0,-999.0,-999.0,-999.0,0,-999.0,-999.0,-999.0,-999.0,-999.0,0,-999.0,-999.0,-999.0,0,0,-999.0,-999.0,-999.0,-999.0,0,-999.0,-999.0,-999.0,-999.0,-999.0,0,-999.0,-999.0,-999.0,0,0,0.03007627319991691
PSO J223.8553+05.5524,-999,-999,-999,114662238553383280,3496239000019179,65296387820266,0,15189951452624,11466,1,1467,31,0.35162155921722,3496239,15203,3,268513280,0,32,-999.0,-999.0,-999.0,-999.0,223.85532764,5.55235152,0.016990000382065773,0.016990000382065773,,,,,56394.56908565,-999.0,-0.7177083125421783,-0.6895891581293115,0.09675521225425598,219.62173419875208,21.289100467543317,2.3485224875622244,53.459993782711805,-999,0,1,1,0,0,0,0,0.9285150170326233,18.310800552368164,0.007969999685883522,-999.0,1,18.310800552368164,18.310800552368164,18.70599937438965,0.016008999198675156,-999.0,1,18.64109992980957,0.007969999685883522,-999.0,1,24,-999.0,-999.0,-999.0,-999.0,0,-999.0,-999.0,-999.0,-999.0,-999.0,0,-999.0,-999.0,-999.0,0,0,-999.0,-999.0,-999.0,-999.0,0,-999.0,-999.0,-999.0,-999.0,-999.0,0,-999.0,-999.0,-999.0,0,0,-999.0,-999.0,-999.0,-999.0,0,-999.0,-999.0,-999.0,-999.0,-999.0,0,-999.0,-999.0,-999.0,0,0,-999.0,-999.0,-999.0,-999.0,0,-999.0,-999.0,-999.0,-999.0,-999.0,0,-999.0,-999.0,-999.0,0,0,0.030688917381538967
PSO J223.8549+05.5520,-999,-999,-999,114662238549672821,3496239000019129,65296387820216,0,15189951452436,11466,1,1467,31,0.0125719746691845,3496239,15203,3,302067712,0,36,-999.0,-999.0,-999.0,-999.0,223.85494925,5.5519758,0.16067999601364136,0.16067999601364136,,,,,55694.36315972,-999.0,-0.7177133241813365,-0.6895848578331989,0.09674868546777579,219.6214737636835,21.288627055809375,2.3476329471845405,53.46004387542413,-999,0,1,0,1,0,0,0,-999.0,-999.0,-999.0,-999.0,0,-999.0,-999.0,-999.0,-999.0,-999.0,0,-999.0,-999.0,-999.0,0,0,0.864916980266571,20.993600845336914,0.1599770039319992,-999.0,1,20.993600845336914,20.993600845336914,19.45039939880371,0.17438599467277527,-999.0,1,20.990299224853516,0.1599770039319992,-999.0,1,272,-999.0,-999.0,-999.0,-999.0,0,-999.0,-999.0,-999.0,-999.0,-999.0,0,-999.0,-999.0,-999.0,0,0,-999.0,-999.0,-999.0,-999.0,0,-999.0,-999.0,-999.0,-999.0,-999.0,0,-999.0,-999.0,-999.0,0,0,-999.0,-999.0,-999.0,-999.0,0,-999.0,-999.0,-999.0,-999.0,-999.0,0,-999.0,-999.0,-999.0,0,0,0.031193114039601698
PSO J223.8543+05.5513,-999,-999,-999,114662238543052046,3496239000019050,65296387820137,0,15189951454458,11466,1,1467,31,0.410185126038441,3496239,15203,3,268959744,0,32,-999.0,-999.0,-999.0,-999.0,223.85430093,5.55133207,0.16474999487400055,0.16474999487400055,,,,,55694.34011574,-999.0,-0.7177219107963914,-0.6895774896876189,0.09673750295980667,219.62102754099098,21.28781594277263,2.3461088547151654,53.460129698136726,-999,0,1,0,0,1,0,0,-999.0,-999.0,-999.0,-999.0,0,-999.0,-999.0,-999.0,-999.0,-999.0,0,-999.0,-999.0,-999.0,0,0,-999.0,-999.0,-999.0,-999.0,0,-999.0,-999.0,-999.0,-999.0,-999.0,0,-999.0,-999.0,-999.0,0,0,0.8118799924850464,20.61009979248047,0.1640709936618805,-999.0,1,20.61009979248047,20.61009979248047,-999.0,-999.0,-999.0,0,21.64150047302246,0.1640709936618805,-999.0,1,4112,-999.0,-999.0,-999.0,-999.0,0,-999.0,-999.0,-999.0,-999.0,-999.0,0,-999.0,-999.0,-999.0,0,0,-999.0,-999.0,-999.0,-999.0,0,-999.0,-999.0,-999.0,-999.0,-999.0,0,-999.0,-999.0,-999.0,0,0,0.03205906801570657
PSO J223.8539+05.5543,-999,-999,-999,114662238539625554,3496239000019009,65296387820096,0,15189951463316,11466,1,1467,31,0.795116253937703,3496239,15203,3,268959744,0,32,-999.0,-999.0,-999.0,-999.0,223.85394732,5.55425327,0.27140000462532043,0.27140000462532043,,,,,56487.28100694,-999.0,-0.7177226090954325,-0.6895696421608765,0.09678824827098491,219.61970301408908,21.290486930283144,2.3495085302376686,53.46226522640087,-999,0,1,0,0,0,1,0,-999.0,-999.0,-999.0,-999.0,0,-999.0,-999.0,-999.0,-999.0,-999.0,0,-999.0,-999.0,-999.0,0,0,-999.0,-999.0,-999.0,-999.0,0,-999.0,-999.0,-999.0,-999.0,-999.0,0,-999.0,-999.0,-999.0,0,0,-999.0,-999.0,-999.0,-999.0,0,-999.0,-999.0,-999.0,-999.0,-999.0,0,-999.0,-999.0,-999.0,0,0,0.8024119734764099,22.11910057067871,0.2709810137748718,-999.0,1,22.11910057067871,22.11910057067871,-999.0,-999.0,-999.0,0,23.049100875854492,0.2709810137748718,-999.0,1,4120,-999.0,-999.0,-999.0,-999.0,0,-999.0,-999.0,-999.0,-999.0,-999.0,0,-999.0,-999.0,-999.0,0,0,0.0311689192375443
PSO J223.8539+05.5513,-999,-999,-999,114662238539001969,3496239000018997,65296387820084,0,15189951454320,11466,1,1467,31,0.425226688781033,3496239,15203,3,268959744,0,32,-999.0,-999.0,-999.0,-999.0,223.85389426,5.55126885,0.12502999603748322,0.12502999603748322,,,,,55694.32836806,-999.0,-0.7177268821841115,-0.6895724694248725,0.09673640473760522,219.62063512161012,21.287631189103784,2.3455931617872707,53.460400917904835,-999,0,1,0,0,1,0,0,-999.0,-999.0,-999.0,-999.0,0,-999.0,-999.0,-999.0,-999.0,-999.0,0,-999.0,-999.0,-999.0,0,0,-999.0,-999.0,-999.0,-999.0,0,-999.0,-999.0,-999.0,-999.0,-999.0,0,-999.0,-999.0,-999.0,0,0,0.7484959959983826,20.03619956970215,0.1241220012307167,-999.0,1,20.03619956970215,20.03619956970215,-999.0,-999.0,-999.0,0,21.782400131225586,0.1241220012307167,-999.0,1,4112,-999.0,-999.0,-999.0,-999.0,0,-999.0,-999.0,-999.0,-999.0,-999.0,0,-999.0,-999.0,-999.0,0,0,-999.0,-999.0,-999.0,-999.0,0,-999.0,-999.0,-999.0,-999.0,-999.0,0,-999.0,-999.0,-999.0,0,0,0.032448656379192094
PSO J223.8536+05.5564,-999,-999,-999,114662238535798138,3496239000018945,65296387820032,0,15189951461273,11466,1,1467,31,0.0761689358168924,3496239,15203,3,310456320,0,37,-999.0,-999.0,-999.0,-999.0,223.85356693,5.55639954,0.18119999766349792,0.18119999766349792,,,,,56384.59559028,-999.0,-0.7177245721753658,-0.6895623647543638,0.09682553180880478,219.6186072714365,21.29241240944048,2.351877895241697,53.46392657614213,-999,0,1,0,0,1,0,0,-999.0,-999.0,-999.0,-999.0,0,-999.0,-999.0,-999.0,-999.0,-999.0,0,-999.0,-999.0,-999.0,0,0,-999.0,-999.0,-999.0,-999.0,0,-999.0,-999.0,-999.0,-999.0,-999.0,0,-999.0,-999.0,-999.0,0,0,0.9929500222206116,21.31529998779297,0.18057799339294434,-999.0,1,21.31529998779297,21.31529998779297,20.126300811767578,0.14921799302101135,-999.0,1,20.32979965209961,0.18057799339294434,-999.0,1,16777496,-999.0,-999.0,-999.0,-999.0,0,-999.0,-999.0,-999.0,-999.0,-999.0,0,-999.0,-999.0,-999.0,0,0,-999.0,-999.0,-999.0,-999.0,0,-999.0,-999.0,-999.0,-999.0,-999.0,0,-999.0,-999.0,-999.0,0,0,0.030792870520159797
PSO J223.8510+05.5560,-999,-999,-999,114662238510197619,3496239000018545,65296387819632,0,15189951450364,11466,1,1467,31,0.104013777434839,3496239,15203,3,310456320,0,37,-999.0,-999.0,-999.0,-999.0,223.8510082,5.55596748,0.13375000655651093,0.13375000655651093,,,,,56384.59559028,-999.0,-0.7177558926389832,-0.6895308175507272,0.09681802636824445,219.6161495098311,21.291217299253603,2.348588731261754,53.465611290680876,-999,0,1,0,0,1,0,0,-999.0,-999.0,-999.0,-999.0,0,-999.0,-999.0,-999.0,-999.0,-999.0,0,-999.0,-999.0,-999.0,0,0,-999.0,-999.0,-999.0,-999.0,0,-999.0,-999.0,-999.0,-999.0,-999.0,0,-999.0,-999.0,-999.0,0,0,0.9003700017929077,20.99519920349121,0.1329060047864914,-999.0,1,20.99519920349121,20.99519920349121,19.944499969482422,0.12030100077390671,-999.0,1,20.194299697875977,0.1329060047864914,-999.0,1,16777496,-999.0,-999.0,-999.0,-999.0,0,-999.0,-999.0,-999.0,-999.0,-999.0,0,-999.0,-999.0,-999.0,0,0,-999.0,-999.0,-999.0,-999.0,0,-999.0,-999.0,-999.0,-999.0,-999.0,0,-999.0,-999.0,-999.0,0,0,0.033350878793871275
PSO J223.8497+05.5578,-999,-999,-999,114662238497549822,3496239000018331,65296387819418,0,15189951450399,11466,1,1467,31,0.55454918700694,3496239,15203,3,268513280,0,32,-999.0,-999.0,-999.0,-999.0,223.84974173,5.55781106,0.016429999843239784,0.016429999843239784,,,,,55225.64311343,-999.0,-0.7177688869258531,-0.6895127935343314,0.09685005169696348,219.6142531931876,21.2925832539913,2.3496212196069517,53.46775836389828,-999,0,1,0,0,0,1,0,-999.0,-999.0,-999.0,-999.0,0,-999.0,-999.0,-999.0,-999.0,-999.0,0,-999.0,-999.0,-999.0,0,0,-999.0,-999.0,-999.0,-999.0,0,-999.0,-999.0,-999.0,-999.0,-999.0,0,-999.0,-999.0,-999.0,0,0,-999.0,-999.0,-999.0,-999.0,0,-999.0,-999.0,-999.0,-999.0,-999.0,0,-999.0,-999.0,-999.0,0,0,0.877357006072998,16.965499877929688,0.006696000229567289,-999.0,1,16.965499877929688,16.965499877929688,17.819599151611328,0.017907999455928802,-999.0,1,17.735000610351562,0.006696000229567289,-999.0,1,24,-999.0,-999.0,-999.0,-999.0,0,-999.0,-999.0,-999.0,-999.0,-999.0,0,-999.0,-999.0,-999.0,0,0,0.03407285113057916
PSO J223.9026+05.5368,-999,-999,-999,114642239026224625,3496239000026602,65296387827689,0,15189951923475,11464,1,1467,31,0.419139731134418,3496239,15203,3,268959744,0,32,-999.0,-999.0,-999.0,-999.0,223.90259066,5.53681562,0.23156000673770905,0.23156000673770905,,,,,56394.56908565,-999.0,-0.7171581063395229,-0.690199124845315,0.0964853282850351,219.6749023043385,21.28879406104441,2.378837945262262,53.41386167587408,-999,0,1,1,0,0,0,0,0.779250979423523,21.593799591064453,0.23107600212097168,-999.0,1,21.593799591064453,21.593799591064453,-999.0,-999.0,-999.0,1,22.10099983215332,0.23107600212097168,-999.0,1,4120,-999.0,-999.0,-999.0,-999.0,0,-999.0,-999.0,-999.0,-999.0,-999.0,0,-999.0,-999.0,-999.0,0,0,-999.0,-999.0,-999.0,-999.0,0,-999.0,-999.0,-999.0,-999.0,-999.0,0,-999.0,-999.0,-999.0,0,0,-999.0,-999.0,-999.0,-999.0,0,-999.0,-999.0,-999.0,-999.0,-999.0,0,-999.0,-999.0,-999.0,0,0,-999.0,-999.0,-999.0,-999.0,0,-999.0,-999.0,-999.0,-999.0,-999.0,0,-999.0,-999.0,-999.0,0,0,0.03500579387603883
PSO J223.9019+05.5378,-999,-999,-999,114642239019065834,3496239000026489,65296387827576,0,15189951924954,11464,1,1467,31,0.84162458483281,3496239,15203,3,302067712,0,36,-999.0,-999.0,-999.0,-999.0,223.90189013,5.5378122,0.19439999759197235,0.19439999759197235,,,,,56394.56908565,-999.0,-0.7171653357247548,-0.69018919259043,0.09650264072122672,219.67386126179338,21.289527846625234,2.379379054662963,53.41503442042588,-999,0,1,1,0,0,0,0,0.9804149866104126,21.508100509643555,0.19382500648498535,-999.0,1,21.508100509643555,21.508100509643555,-999.0,-999.0,-999.0,1,21.929500579833984,0.19382500648498535,-999.0,1,280,-999.0,-999.0,-999.0,-999.0,0,-999.0,-999.0,-999.0,-999.0,-999.0,0,-999.0,-999.0,-999.0,0,0,-999.0,-999.0,-999.0,-999.0,0,-999.0,-999.0,-999.0,-999.0,-999.0,0,-999.0,-999.0,-999.0,0,0,-999.0,-999.0,-999.0,-999.0,0,-999.0,-999.0,-999.0,-999.0,-999.0,0,-999.0,-999.0,-999.0,0,0,-999.0,-999.0,-999.0,-999.0,0,-999.0,-999.0,-999.0,-999.0,-999.0,0,-999.0,-999.0,-999.0,0,0,0.033789755786890904
PSO J223.9019+05.5395,-999,-999,-999,114642239018958017,3496239000026488,65296387827575,0,15189951935615,11464,1,1467,31,0.754500398183708,3496239,15203,3,436527104,7,52,223.90193135,5.53949902,0.0010000000474974513,0.0010000000474974513,223.90190039723748,5.539491604614871,0.020401445958412187,0.020401445958412187,-11.693596696653689,-67.22360589447267,21.97775644931577,21.97775644931577,56377.20282909938,7.726984024047852,-0.7171631736492112,-0.6901873593821962,0.09653181501672074,219.67331014511686,21.29111689655822,2.381536811784437,53.416099724749024,-999,5,18,0,5,8,5,0,-999.0,-999.0,-999.0,-999.0,0,-999.0,-999.0,-999.0,-999.0,-999.0,0,-999.0,-999.0,-999.0,0,114720,0.998986005783081,21.54640007019043,0.06961599737405777,0.17730000615119934,4,21.431299209594727,21.825199127197266,21.002700805664062,0.09732600301504135,0.22249099612236023,5,20.980899810791016,0.10049299895763397,0.230335995554924,5,16892216,0.9996020197868347,21.41710090637207,0.06368300318717957,0.1974799931049347,8,21.148700714111328,21.71150016784668,21.03339958190918,0.10869800299406052,0.28638800978660583,8,20.99449920654297,0.05609099939465523,0.18469500541687012,8,115000,0.9993640184402466,21.29759979248047,0.176473006606102,0.4333469867706299,5,20.687599182128906,21.558799743652344,20.83329963684082,0.12963299453258514,0.3388260006904602,5,20.851200103759766,0.1464879959821701,0.3694700002670288,5,115000,-999.0,-999.0,-999.0,-999.0,0,-999.0,-999.0,-999.0,-999.0,-999.0,0,-999.0,-999.0,-999.0,0,114720,0.03241373327743832
PSO J223.9017+05.5395,-999,-999,-999,114642239016967777,3496239000026470,65296387827557,0,15189951935591,11464,1,1467,31,0.281022537761389,3496239,15203,3,302067712,7,36,-999.0,-999.0,-999.0,-999.0,223.90172894323092,5.539515255379164,0.03680465915815334,0.03680465915815334,70.94970030845566,91.28534536264576,24.942644295839536,24.942644295839536,56151.28059148552,18.312889099121094,-0.7171652102772884,-0.6901851856827984,0.09653222587267862,219.67313219534648,21.29109850251249,2.38140515459457,53.41624693974768,-999,0,4,1,2,1,0,0,0.9526389837265015,20.911100387573242,0.13947999477386475,-999.0,1,20.911100387573242,20.911100387573242,20.555700302124023,0.1554879993200302,-999.0,1,20.608299255371094,0.13947999477386475,-999.0,1,280,0.9987369775772095,21.0177001953125,0.14551900327205658,0.20592600107192993,2,20.877300262451172,21.168399810791016,20.459699630737305,0.2715120017528534,0.46092501282691956,2,20.65880012512207,0.08316999673843384,0.11768700182437897,2,280,0.9964420199394226,21.523399353027344,0.16685500741004944,-999.0,1,21.523399353027344,21.523399353027344,20.793699264526367,0.181768000125885,-999.0,1,20.89550018310547,0.16685500741004944,-999.0,1,16777496,-999.0,-999.0,-999.0,-999.0,0,-999.0,-999.0,-999.0,-999.0,-999.0,0,-999.0,-999.0,-999.0,0,0,-999.0,-999.0,-999.0,-999.0,0,-999.0,-999.0,-999.0,-999.0,-999.0,0,-999.0,-999.0,-999.0,0,0,0.032295677185671674
PSO J223.9017+05.5373,-999,-999,-999,114642239016795179,3496239000117010,65296387920170,0,15189951925355,11464,1,1467,31,0.221073674243943,3496239,15203,3,404226048,0,48,223.90168569,5.53726302,0.0010000000474974513,0.0010000000474974513,223.90168569,5.53726302,0.0010000000474974513,0.0010000000474974513,,,,,55971.37297454,-999.0,-0.7171684648614511,-0.6901872750008936,0.09649310045340175,219.6738347617578,21.288942700905753,2.3784517196304615,53.4148407166411,-999,2,0,0,0,0,0,0,-999.0,-999.0,-999.0,-999.0,0,-999.0,-999.0,-999.0,-999.0,-999.0,0,-999.0,-999.0,-999.0,0,16416,-999.0,-999.0,-999.0,-999.0,0,-999.0,-999.0,-999.0,-999.0,-999.0,0,-999.0,-999.0,-999.0,0,16416,-999.0,-999.0,-999.0,-999.0,0,-999.0,-999.0,-999.0,-999.0,-999.0,0,-999.0,-999.0,-999.0,0,114720,-999.0,-999.0,-999.0,-999.0,0,-999.0,-999.0,-999.0,-999.0,-999.0,0,-999.0,-999.0,-999.0,0,114720,-999.0,-999.0,-999.0,-999.0,0,-999.0,-999.0,-999.0,-999.0,-999.0,0,-999.0,-999.0,-999.0,0,16416,0.03413615026085708
PSO J223.9014+05.5406,-999,-999,-999,114642239014529132,3496239000026422,65296387827509,0,15189951931448,11464,1,1467,31,0.592229007363533,3496239,15203,3,268959744,0,32,-999.0,-999.0,-999.0,-999.0,223.90144276,5.54057427,0.2902199923992157,0.2902199923992157,,,,,55694.32836806,-999.0,-0.7171673719100209,-0.6901803662080566,0.09655062282857975,219.67249467447724,21.29201902481617,2.382470994358651,53.41713951302353,-999,0,1,0,0,1,0,0,-999.0,-999.0,-999.0,-999.0,0,-999.0,-999.0,-999.0,-999.0,-999.0,0,-999.0,-999.0,-999.0,0,0,-999.0,-999.0,-999.0,-999.0,0,-999.0,-999.0,-999.0,-999.0,-999.0,0,-999.0,-999.0,-999.0,0,0,0.7417050004005432,21.05699920654297,0.2898299992084503,-999.0,1,21.05699920654297,21.05699920654297,-999.0,-999.0,-999.0,0,23.420299530029297,0.2898299992084503,-999.0,1,4112,-999.0,-999.0,-999.0,-999.0,0,-999.0,-999.0,-999.0,-999.0,-999.0,0,-999.0,-999.0,-999.0,0,0,-999.0,-999.0,-999.0,-999.0,0,-999.0,-999.0,-999.0,-999.0,-999.0,0,-999.0,-999.0,-999.0,0,0,0.03126875612741887
PSO J223.9002+05.5386,-999,-999,-999,114642239001836743,3496239000116981,65296387920141,0,15189951925147,11464,1,1467,31,0.099297842103334,3496239,15203,3,1343750144,0,160,223.9001827,5.53856961,0.0010000000474974513,0.0010000000474974513,223.9001827,5.53856961,0.0010000000474974513,0.0010000000474974513,,,,,55848.97178241,-999.0,-0.7171849839693479,-0.6901669359255665,0.09651579831302719,219.6718757189946,21.289725769184646,2.3785383207678588,53.416826278070815,-999,1,0,0,0,0,0,0,-999.0,-999.0,-999.0,-999.0,0,-999.0,-999.0,-999.0,-999.0,-999.0,0,-999.0,-999.0,-999.0,0,114720,-999.0,-999.0,-999.0,-999.0,0,-999.0,-999.0,-999.0,-999.0,-999.0,0,-999.0,-999.0,-999.0,0,16416,-999.0,-999.0,-999.0,-999.0,0,-999.0,-999.0,-999.0,-999.0,-999.0,0,-999.0,-999.0,-999.0,0,16416,-999.0,-999.0,-999.0,-999.0,0,-999.0,-999.0,-999.0,-999.0,-999.0,0,-999.0,-999.0,-999.0,0,16416,-999.0,-999.0,-999.0,-999.0,0,-999.0,-999.0,-999.0,-999.0,-999.0,0,-999.0,-999.0,-999.0,0,16416,0.032230044505332796
PSO J223.8988+05.5412,-999,-999,-999,114642238988259901,3496239000116959,65296387920119,0,15189951429460,11464,1,1467,31,0.048764160879668,3496239,15203,3,1343750144,0,160,223.89882534,5.54122079,0.0010000000474974513,0.0010000000474974513,223.89882534,5.54122079,0.0010000000474974513,0.0010000000474974513,,,,,56206.31975694,-999.0,-0.717198115314741,-0.6901468479531038,0.09656185400756771,219.66962076203907,21.29183279950953,2.380517441931199,53.419558090309664,-999,1,0,0,0,0,0,0,-999.0,-999.0,-999.0,-999.0,0,-999.0,-999.0,-999.0,-999.0,-999.0,0,-999.0,-999.0,-999.0,0,114720,-999.0,-999.0,-999.0,-999.0,0,-999.0,-999.0,-999.0,-999.0,-999.0,0,-999.0,-999.0,-999.0,0,16416,-999.0,-999.0,-999.0,-999.0,0,-999.0,-999.0,-999.0,-999.0,-999.0,0,-999.0,-999.0,-999.0,0,16416,-999.0,-999.0,-999.0,-999.0,0,-999.0,-999.0,-999.0,-999.0,-999.0,0,-999.0,-999.0,-999.0,0,16416,-999.0,-999.0,-999.0,-999.0,0,-999.0,-999.0,-999.0,-999.0,-999.0,0,-999.0,-999.0,-999.0,0,16416,0.02926716750434758
PSO J223.8985+05.5367,-999,-999,-999,114642238985684320,3496239000026012,65296387827099,0,15189951922927,11464,1,1467,31,0.250959919999316,3496239,15203,3,436285440,7,52,223.8986173,5.53663073,0.0010000000474974513,0.0010000000474974513,223.89854385820058,5.536659659846447,0.04616232686085565,0.04616232686085565,39.99343298161155,212.0933641092297,52.89759184709655,52.89759184709655,56339.24243044744,13.581801414489746,-0.7172070425693942,-0.6901486523396695,0.09648261896632568,219.67083774046642,21.287404949565047,2.3743201684391977,53.416865407498236,-999,2,4,0,0,0,4,0,-999.0,-999.0,-999.0,-999.0,0,-999.0,-999.0,-999.0,-999.0,-999.0,0,-999.0,-999.0,-999.0,0,16416,-999.0,-999.0,-999.0,-999.0,0,-999.0,-999.0,-999.0,-999.0,-999.0,0,-999.0,-999.0,-999.0,0,16416,-999.0,-999.0,-999.0,-999.0,0,-999.0,-999.0,-999.0,-999.0,-999.0,0,-999.0,-999.0,-999.0,0,114720,0.9985150098800659,21.45039939880371,0.05822800099849701,0.11979500204324722,4,21.31060028076172,21.595500946044922,21.36079978942871,0.1866140067577362,0.4520150125026703,4,21.314899444580078,0.17699000239372253,0.4001759886741638,4,115000,-999.0,-999.0,-999.0,-999.0,0,-999.0,-999.0,-999.0,-999.0,-999.0,0,-999.0,-999.0,-999.0,0,16416,0.03307032510042481
PSO J223.8961+05.5406,-999,-999,-999,114642238961069141,3496239000025641,65296387826728,0,15189951427892,11464,1,1467,31,0.225521969818996,3496239,15203,3,268959744,0,32,-999.0,-999.0,-999.0,-999.0,223.89611887,5.54056065,0.26128000020980835,0.26128000020980835,,,,,56822.40097222,-999.0,-0.7172315165047262,-0.690113740373334,0.0965503862253141,219.6670877634887,21.290375978042984,2.3767804146526013,53.42121119685877,-999,0,1,0,0,1,0,0,-999.0,-999.0,-999.0,-999.0,0,-999.0,-999.0,-999.0,-999.0,-999.0,0,-999.0,-999.0,-999.0,0,0,-999.0,-999.0,-999.0,-999.0,0,-999.0,-999.0,-999.0,-999.0,-999.0,0,-999.0,-999.0,-999.0,0,0,0.4551889896392822,20.557600021362305,0.2608470022678375,-999.0,1,20.557600021362305,20.557600021362305,-999.0,-999.0,-999.0,0,20.734899520874023,0.2608470022678375,-999.0,1,4112,-999.0,-999.0,-999.0,-999.0,0,-999.0,-999.0,-999.0,-999.0,-999.0,0,-999.0,-999.0,-999.0,0,0,-999.0,-999.0,-999.0,-999.0,0,-999.0,-999.0,-999.0,-999.0,-999.0,0,-999.0,-999.0,-999.0,0,0,0.028495047453767203
PSO J223.8960+05.5389,-999,-999,-999,114642238959947108,3496239000025620,65296387826707,0,15189951418250,11464,1,1467,31,0.226965548681994,3496239,15203,3,268959744,0,32,-999.0,-999.0,-999.0,-999.0,223.89598727,5.53887827,0.2331800013780594,0.2331800013780594,,,,,56822.41376157,-999.0,-0.7172351441950967,-0.6901140583604877,0.09652116029480924,219.66750946066225,21.288734888796018,2.374466411112716,53.420238605450244,-999,0,1,0,0,1,0,0,-999.0,-999.0,-999.0,-999.0,0,-999.0,-999.0,-999.0,-999.0,-999.0,0,-999.0,-999.0,-999.0,0,0,-999.0,-999.0,-999.0,-999.0,0,-999.0,-999.0,-999.0,-999.0,-999.0,0,-999.0,-999.0,-999.0,0,0,0.543163001537323,20.56920051574707,0.232696995139122,-999.0,1,20.56920051574707,20.56920051574707,-999.0,-999.0,-999.0,0,20.817399978637695,0.232696995139122,-999.0,1,4112,-999.0,-999.0,-999.0,-999.0,0,-999.0,-999.0,-999.0,-999.0,-999.0,0,-999.0,-999.0,-999.0,0,0,-999.0,-999.0,-999.0,-999.0,0,-999.0,-999.0,-999.0,-999.0,-999.0,0,-999.0,-999.0,-999.0,0,0,0.029943541324822156
PSO J223.8959+05.5342,-999,-999,-999,114642238959401505,3496239000116907,65296387920067,0,15189951529011,11464,1,1467,31,0.797005878572358,3496239,15203,3,1343750144,0,160,223.89594087,5.53421043,0.0010000000474974513,0.0010000000474974513,223.89594087,5.53421043,0.0010000000474974513,0.0010000000474974513,,,,,56014.89693287,-999.0,-0.7172413671311803,-0.6901189273930053,0.09644007118269525,219.66900338310467,21.284279196584638,2.3683863357908135,53.41729562044462,-999,1,0,0,0,0,0,0,-999.0,-999.0,-999.0,-999.0,0,-999.0,-999.0,-999.0,-999.0,-999.0,0,-999.0,-999.0,-999.0,0,114720,-999.0,-999.0,-999.0,-999.0,0,-999.0,-999.0,-999.0,-999.0,-999.0,0,-999.0,-999.0,-999.0,0,16416,-999.0,-999.0,-999.0,-999.0,0,-999.0,-999.0,-999.0,-999.0,-999.0,0,-999.0,-999.0,-999.0,0,16416,-999.0,-999.0,-999.0,-999.0,0,-999.0,-999.0,-999.0,-999.0,-999.0,0,-999.0,-999.0,-999.0,0,16416,-999.0,-999.0,-999.0,-999.0,0,-999.0,-999.0,-999.0,-999.0,-999.0,0,-999.0,-999.0,-999.0,0,16416,0.034196024666049755
PSO J223.8957+05.5371,-999,-999,-999,114642238957094963,3496239000025580,65296387826667,0,15189951415035,11464,1,1467,31,0.973754053910965,3496239,15203,3,268959744,0,32,-999.0,-999.0,-999.0,-999.0,223.89572225,5.5370808,0.2213599979877472,0.2213599979877472,,,,,56822.40097222,-999.0,-0.7172405179515058,-0.6901128399480256,0.09648993495451473,219.66783353503496,21.286943437237415,2.3718616319687165,53.4192947805188,-999,0,1,0,0,1,0,0,-999.0,-999.0,-999.0,-999.0,0,-999.0,-999.0,-999.0,-999.0,-999.0,0,-999.0,-999.0,-999.0,0,0,-999.0,-999.0,-999.0,-999.0,0,-999.0,-999.0,-999.0,-999.0,-999.0,0,-999.0,-999.0,-999.0,0,0,0.4802899956703186,20.322399139404297,0.2208549976348877,-999.0,1,20.322399139404297,20.322399139404297,-999.0,-999.0,-999.0,0,20.62030029296875,0.2208549976348877,-999.0,1,4112,-999.0,-999.0,-999.0,-999.0,0,-999.0,-999.0,-999.0,-999.0,-999.0,0,-999.0,-999.0,-999.0,0,0,-999.0,-999.0,-999.0,-999.0,0,-999.0,-999.0,-999.0,-999.0,-999.0,0,-999.0,-999.0,-999.0,0,0,0.03146737456548855
PSO J223.8943+05.5339,-999,-999,-999,114642238943501098,3496239000025343,65296387826430,0,15189951529887,11464,1,1467,31,0.212613101315324,3496239,15203,3,436527104,7,52,223.89430002,5.53387525,0.0010000000474974513,0.0010000000474974513,223.8943098595941,5.533871797263778,0.02108684873768628,0.02108684873768628,21.9181550560822,-43.65975076913675,24.088330010298577,24.088330010298577,56335.20615686317,2.913665294647217,-0.7172614228426323,-0.6900989049369478,0.09643418847373693,219.66745463716515,21.283455718408877,2.366206075419167,53.41833113728971,-999,4,13,0,2,3,6,2,-999.0,-999.0,-999.0,-999.0,0,-999.0,-999.0,-999.0,-999.0,-999.0,0,-999.0,-999.0,-999.0,0,16416,0.9989740252494812,21.955400466918945,0.08214099705219269,0.20961399376392365,2,21.789199829101562,22.083099365234375,21.781200408935547,0.048680998384952545,0.06914400309324265,2,21.711999893188477,0.022498000413179398,0.03203900158405304,2,115000,0.9994289875030518,21.160400390625,0.014964000321924686,0.03699599951505661,3,21.12689971923828,21.20050048828125,20.95680046081543,0.059773001819849014,0.1485919952392578,3,20.802499771118164,0.05051200091838837,0.1126440018415451,3,16892216,0.9991909861564636,21.052400588989258,0.03922099992632866,0.08783800154924393,6,20.907800674438477,21.134899139404297,20.772300720214844,0.123990997672081,0.23470699787139893,6,20.784500122070312,0.0730929970741272,0.1718370020389557,6,115000,0.9985820055007935,20.430599212646484,0.23412899672985077,0.46667200326919556,2,19.963899612426758,20.432199478149414,20.313100814819336,0.31914299726486206,0.6348040103912354,2,20.322399139404297,0.38784700632095337,0.7743459939956665,2,115000,0.033937497769940116
PSO J223.8938+05.5342,-999,-999,-999,114642238938261522,3496239000025267,65296387826354,0,15189951529365,11464,1,1467,31,0.0422580270490218,3496239,15203,3,310456320,0,37,-999.0,-999.0,-999.0,-999.0,223.89380467,5.53423871,0.19109000265598297,0.19109000265598297,,,,,56396.5534375,-999.0,-0.7172670625334533,-0.6900921524816912,0.09644056246112151,219.66682281755146,21.283652018263677,2.3661461718051733,53.4189507001833,-999,0,1,0,1,0,0,0,-999.0,-999.0,-999.0,-999.0,0,-999.0,-999.0,-999.0,-999.0,-999.0,0,-999.0,-999.0,-999.0,0,0,0.9993730187416077,21.189300537109375,0.19050100445747375,-999.0,1,21.189300537109375,21.189300537109375,20.969100952148438,0.250436007976532,-999.0,1,20.434600830078125,0.19050100445747375,-999.0,1,16777496,-999.0,-999.0,-999.0,-999.0,0,-999.0,-999.0,-999.0,-999.0,-999.0,0,-999.0,-999.0,-999.0,0,0,-999.0,-999.0,-999.0,-999.0,0,-999.0,-999.0,-999.0,-999.0,-999.0,0,-999.0,-999.0,-999.0,0,0,-999.0,-999.0,-999.0,-999.0,0,-999.0,-999.0,-999.0,-999.0,-999.0,0,-999.0,-999.0,-999.0,0,0,0.03342643366963292
PSO J223.8932+05.5387,-999,-999,-999,114642238931316831,3496239000025155,65296387826242,0,15189951596360,11464,1,1467,31,0.40626792181867,3496239,15203,3,310456320,0,37,-999.0,-999.0,-999.0,-999.0,223.89315954,5.53871542,0.18111999332904816,0.18111999332904816,,,,,55225.64311343,-999.0,-0.7172694003530762,-0.6900788498721593,0.09651833129647625,219.66468907850225,21.287714085853935,2.3712423771524493,53.42230179153421,-999,0,1,0,0,0,1,0,-999.0,-999.0,-999.0,-999.0,0,-999.0,-999.0,-999.0,-999.0,-999.0,0,-999.0,-999.0,-999.0,0,0,-999.0,-999.0,-999.0,-999.0,0,-999.0,-999.0,-999.0,-999.0,-999.0,0,-999.0,-999.0,-999.0,0,0,-999.0,-999.0,-999.0,-999.0,0,-999.0,-999.0,-999.0,-999.0,-999.0,0,-999.0,-999.0,-999.0,0,0,0.9980900287628174,20.902099609375,0.1804960072040558,-999.0,1,20.902099609375,20.902099609375,19.792800903320312,0.15303200483322144,-999.0,1,20.32229995727539,0.1804960072040558,-999.0,1,16777496,-999.0,-999.0,-999.0,-999.0,0,-999.0,-999.0,-999.0,-999.0,-999.0,0,-999.0,-999.0,-999.0,0,0,0.02899308720860247
PSO J223.8931+05.5337,-999,-999,-999,114642238931240887,3496239000025153,65296387826240,0,15189951529315,11464,1,1467,31,0.967246707498326,3496239,15203,3,268959744,0,32,-999.0,-999.0,-999.0,-999.0,223.89311759,5.53369534,0.20398999750614166,0.20398999750614166,,,,,56822.41376157,-999.0,-0.7172759969969663,-0.6900841851804069,0.09643112306668251,219.66630386811661,21.2829246163164,2.364711899545985,53.41913046260563,-999,0,1,0,0,1,0,0,-999.0,-999.0,-999.0,-999.0,0,-999.0,-999.0,-999.0,-999.0,-999.0,0,-999.0,-999.0,-999.0,0,0,-999.0,-999.0,-999.0,-999.0,0,-999.0,-999.0,-999.0,-999.0,-999.0,0,-999.0,-999.0,-999.0,0,0,0.5817710161209106,20.420499801635742,0.2034360021352768,-999.0,1,20.420499801635742,20.420499801635742,20.725799560546875,0.2647959887981415,-999.0,1,20.813100814819336,0.2034360021352768,-999.0,1,4112,-999.0,-999.0,-999.0,-999.0,0,-999.0,-999.0,-999.0,-999.0,-999.0,0,-999.0,-999.0,-999.0,0,0,-999.0,-999.0,-999.0,-999.0,0,-999.0,-999.0,-999.0,-999.0,-999.0,0,-999.0,-999.0,-999.0,0,0,0.03373092883542095
PSO J223.8930+05.5334,-999,-999,-999,114642238929390419,3496239000025123,65296387826210,0,15189951532729,11464,1,1467,31,0.827033426451528,3496239,15203,3,310456320,0,37,-999.0,-999.0,-999.0,-999.0,223.89297269,5.53337551,0.10909999907016754,0.10909999907016754,,,,,55225.64311343,-999.0,-0.7172781301030219,-0.6900827443908305,0.09642556699305546,219.66626218487906,21.282575928164253,2.364144282687717,53.41903739434316,-999,0,2,0,0,0,2,0,-999.0,-999.0,-999.0,-999.0,0,-999.0,-999.0,-999.0,-999.0,-999.0,0,-999.0,-999.0,-999.0,0,0,-999.0,-999.0,-999.0,-999.0,0,-999.0,-999.0,-999.0,-999.0,-999.0,0,-999.0,-999.0,-999.0,0,0,-999.0,-999.0,-999.0,-999.0,0,-999.0,-999.0,-999.0,-999.0,-999.0,0,-999.0,-999.0,-999.0,0,0,0.9745669960975647,20.313199996948242,0.10805899649858475,-999.0,1,20.313199996948242,20.313199996948242,19.34269905090332,0.08369400352239609,-999.0,1,19.576000213623047,0.10805899649858475,-999.0,1,16777496,-999.0,-999.0,-999.0,-999.0,0,-999.0,-999.0,-999.0,-999.0,-999.0,0,-999.0,-999.0,-999.0,0,0,0.033993917211293294
PSO J223.8927+05.5404,-999,-999,-999,114642238927308983,3496239000116855,65296387920015,0,15189951416329,11464,1,1467,31,0.953453246460718,3496239,15203,3,1343750144,0,160,223.89273012,5.54043763,0.0010000000474974513,0.0010000000474974513,223.89273012,5.54043763,0.0010000000474974513,0.0010000000474974513,,,,,55971.37297454,-999.0,-0.7172724813099631,-0.6900714623436559,0.09654824915210516,219.66368398004863,21.289221278715495,2.373009967932451,53.42372980602542,-999,1,0,0,0,0,0,0,-999.0,-999.0,-999.0,-999.0,0,-999.0,-999.0,-999.0,-999.0,-999.0,0,-999.0,-999.0,-999.0,0,16416,-999.0,-999.0,-999.0,-999.0,0,-999.0,-999.0,-999.0,-999.0,-999.0,0,-999.0,-999.0,-999.0,0,16416,-999.0,-999.0,-999.0,-999.0,0,-999.0,-999.0,-999.0,-999.0,-999.0,0,-999.0,-999.0,-999.0,0,16416,-999.0,-999.0,-999.0,-999.0,0,-999.0,-999.0,-999.0,-999.0,-999.0,0,-999.0,-999.0,-999.0,0,114720,-999.0,-999.0,-999.0,-999.0,0,-999.0,-999.0,-999.0,-999.0,-999.0,0,-999.0,-999.0,-999.0,0,16416,0.027230681218063137
PSO J223.8926+05.5357,-999,-999,-999,114642238924773372,3496239000025063,65296387826150,0,15189951598027,11464,1,1467,31,0.140596082564999,3496239,15203,3,268959744,0,32,-999.0,-999.0,-999.0,-999.0,223.89259663,5.53571227,0.04261999949812889,0.04261999949812889,,,,,55225.64741898,-999.0,-0.717279824821796,-0.690075309427295,0.09646616102259326,219.66510847009422,21.284684214868676,2.366762330431205,53.4208168001211,-999,0,2,0,0,0,2,0,-999.0,-999.0,-999.0,-999.0,0,-999.0,-999.0,-999.0,-999.0,-999.0,0,-999.0,-999.0,-999.0,0,0,-999.0,-999.0,-999.0,-999.0,0,-999.0,-999.0,-999.0,-999.0,-999.0,0,-999.0,-999.0,-999.0,0,0,-999.0,-999.0,-999.0,-999.0,0,-999.0,-999.0,-999.0,-999.0,-999.0,0,-999.0,-999.0,-999.0,0,0,0.6663020253181458,19.319900512695312,0.05651300027966499,0.08007200062274933,2,19.26689910888672,19.379899978637695,-999.0,-999.0,-999.0,0,19.239200592041016,0.07852199673652649,0.11126500368118286,2,4120,-999.0,-999.0,-999.0,-999.0,0,-999.0,-999.0,-999.0,-999.0,-999.0,0,-999.0,-999.0,-999.0,0,0,0.0316513555739298
PSO J223.8918+05.5377,-999,-999,-999,114642238918055737,3496239000024947,65296387826034,0,15189951595902,11464,1,1467,31,0.0654637618600053,3496239,15203,3,277348352,0,33,-999.0,-999.0,-999.0,-999.0,223.89178748,5.53770947,0.11750999838113785,0.11750999838113785,,,,,55401.31690972,-999.0,-0.7172871465347098,-0.6900628479969207,0.09650085611264034,219.66362664442977,21.286336786683563,2.3684802706369408,53.422711361541026,-999,0,1,0,0,0,0,1,-999.0,-999.0,-999.0,-999.0,0,-999.0,-999.0,-999.0,-999.0,-999.0,0,-999.0,-999.0,-999.0,0,0,-999.0,-999.0,-999.0,-999.0,0,-999.0,-999.0,-999.0,-999.0,-999.0,0,-999.0,-999.0,-999.0,0,0,-999.0,-999.0,-999.0,-999.0,0,-999.0,-999.0,-999.0,-999.0,-999.0,0,-999.0,-999.0,-999.0,0,0,-999.0,-999.0,-999.0,-999.0,0,-999.0,-999.0,-999.0,-999.0,-999.0,0,-999.0,-999.0,-999.0,0,0,0.661873996257782,18.570100784301758,0.11654999852180481,-999.0,1,18.570100784301758,18.570100784301758,18.487899780273438,0.10219600051641464,-999.0,1,18.150400161743164,0.11654999852180481,-999.0,1,16781328,0.029504687778647867
PSO J223.8912+05.5351,-999,-999,-999,114642238911812580,3496239000024844,65296387825931,0,15189951597004,11464,1,1467,31,0.0650135754281781,3496239,15203,3,268959744,0,32,-999.0,-999.0,-999.0,-999.0,223.89116433,5.53507945,0.20630000531673431,0.20630000531673431,,,,,55401.31690972,-999.0,-0.7172978431228324,-0.6900581170225549,0.09645516773412643,219.66386162495462,21.28364350488401,2.364418119228502,53.42151055655841,-999,0,1,0,0,0,0,1,-999.0,-999.0,-999.0,-999.0,0,-999.0,-999.0,-999.0,-999.0,-999.0,0,-999.0,-999.0,-999.0,0,0,-999.0,-999.0,-999.0,-999.0,0,-999.0,-999.0,-999.0,-999.0,-999.0,0,-999.0,-999.0,-999.0,0,0,-999.0,-999.0,-999.0,-999.0,0,-999.0,-999.0,-999.0,-999.0,-999.0,0,-999.0,-999.0,-999.0,0,0,-999.0,-999.0,-999.0,-999.0,0,-999.0,-999.0,-999.0,-999.0,-999.0,0,-999.0,-999.0,-999.0,0,0,0.6431210041046143,19.256799697875977,0.20575100183486938,-999.0,1,19.256799697875977,19.256799697875977,-999.0,-999.0,-999.0,0,18.750499725341797,0.20575100183486938,-999.0,1,4112,0.03186219463114878
PSO J223.8911+05.5345,-999,-999,-999,114642238911051813,3496239000024831,65296387825918,0,15189951530606,11464,1,1467,31,0.402226075904654,3496239,15203,3,436285440,0,52,223.89123462,5.53446088,0.0010000000474974513,0.0010000000474974513,223.89107945,5.53446135,0.17659999430179596,0.17659999430179596,,,,,56043.42429398,-999.0,-0.7172996152363456,-0.690057775751478,0.09644443014873169,219.66397942713684,21.28302939068049,2.3635291051615273,53.42118114555371,-999,2,1,0,1,0,0,0,-999.0,-999.0,-999.0,-999.0,0,-999.0,-999.0,-999.0,-999.0,-999.0,0,-999.0,-999.0,-999.0,0,114720,0.9985589981079102,22.100000381469727,0.17596100270748138,-999.0,1,22.100000381469727,22.100000381469727,21.83930015563965,0.24918800592422485,-999.0,1,21.726900100708008,0.17596100270748138,-999.0,1,115000,-999.0,-999.0,-999.0,-999.0,0,-999.0,-999.0,-999.0,-999.0,-999.0,0,-999.0,-999.0,-999.0,0,16416,-999.0,-999.0,-999.0,-999.0,0,-999.0,-999.0,-999.0,-999.0,-999.0,0,-999.0,-999.0,-999.0,0,16416,-999.0,-999.0,-999.0,-999.0,0,-999.0,-999.0,-999.0,-999.0,-999.0,0,-999.0,-999.0,-999.0,0,16416,0.03243919262811726
PSO J223.8911+05.5367,-999,-999,-999,114642238910694425,3496239000106630,65296387907719,0,15189951597679,11464,1,1467,31,0.0649739876994621,3496239,15203,3,302067712,0,36,-999.0,-999.0,-999.0,-999.0,223.89105755,5.53665321,0.1840900033712387,0.1840900033712387,,,,,55254.61549769,-999.0,-0.7172972195987589,-0.6900549431851316,0.0964825069204495,219.6632334917508,21.28510824168362,2.3663375541709275,53.422596691189334,-999,0,1,0,0,0,1,0,-999.0,-999.0,-999.0,-999.0,0,-999.0,-999.0,-999.0,-999.0,-999.0,0,-999.0,-999.0,-999.0,0,0,-999.0,-999.0,-999.0,-999.0,0,-999.0,-999.0,-999.0,-999.0,-999.0,0,-999.0,-999.0,-999.0,0,0,-999.0,-999.0,-999.0,-999.0,0,-999.0,-999.0,-999.0,-999.0,-999.0,0,-999.0,-999.0,-999.0,0,0,0.9984679818153381,20.773799896240234,0.18348099291324615,-999.0,1,20.773799896240234,20.773799896240234,20.785200119018555,0.31091201305389404,-999.0,1,20.454999923706055,0.18348099291324615,-999.0,1,272,-999.0,-999.0,-999.0,-999.0,0,-999.0,-999.0,-999.0,-999.0,-999.0,0,-999.0,-999.0,-999.0,0,0,0.030314839618610583
PSO J223.8901+05.5406,-999,-999,-999,114642238901599107,3496239000024651,65296387825738,0,15189951601218,11464,1,1467,31,0.470039402572475,3496239,15203,3,268959744,0,32,-999.0,-999.0,-999.0,-999.0,223.89011809,5.54055041,0.23670999705791473,0.23670999705791473,,,,,56335.66734954,-999.0,-0.7173038029433471,-0.6900386304786068,0.09655020833856748,219.6609918449747,21.288528741966157,2.37037169507015,53.42580353676284,-999,0,1,0,0,0,0,1,-999.0,-999.0,-999.0,-999.0,0,-999.0,-999.0,-999.0,-999.0,-999.0,0,-999.0,-999.0,-999.0,0,0,-999.0,-999.0,-999.0,-999.0,0,-999.0,-999.0,-999.0,-999.0,-999.0,0,-999.0,-999.0,-999.0,0,0,-999.0,-999.0,-999.0,-999.0,0,-999.0,-999.0,-999.0,-999.0,-999.0,0,-999.0,-999.0,-999.0,0,0,-999.0,-999.0,-999.0,-999.0,0,-999.0,-999.0,-999.0,-999.0,-999.0,0,-999.0,-999.0,-999.0,0,0,0.3746950030326843,20.426599502563477,0.23623700439929962,-999.0,1,20.426599502563477,20.426599502563477,-999.0,-999.0,-999.0,0,21.274999618530273,0.23623700439929962,-999.0,1,4120,0.026309431749356987
PSO J223.8899+05.5409,-999,-999,-999,114642238898759562,3496239000024605,65296387825692,0,15189951601242,11464,1,1467,31,0.442568787785777,3496239,15203,3,268959744,0,32,-999.0,-999.0,-999.0,-999.0,223.88985853,5.54089697,0.2737500071525574,0.2737500071525574,,,,,55401.31690972,-999.0,-0.7173065080499181,-0.6900349760773871,0.09655622869143468,219.66061359502984,21.288779009133567,2.3705428471394807,53.42622359232978,-999,0,1,0,0,0,0,1,-999.0,-999.0,-999.0,-999.0,0,-999.0,-999.0,-999.0,-999.0,-999.0,0,-999.0,-999.0,-999.0,0,0,-999.0,-999.0,-999.0,-999.0,0,-999.0,-999.0,-999.0,-999.0,-999.0,0,-999.0,-999.0,-999.0,0,0,-999.0,-999.0,-999.0,-999.0,0,-999.0,-999.0,-999.0,-999.0,-999.0,0,-999.0,-999.0,-999.0,0,0,-999.0,-999.0,-999.0,-999.0,0,-999.0,-999.0,-999.0,-999.0,-999.0,0,-999.0,-999.0,-999.0,0,0,0.5411239862442017,19.42140007019043,0.2733379900455475,-999.0,1,19.42140007019043,19.42140007019043,-999.0,-999.0,-999.0,0,18.993099212646484,0.2733379900455475,-999.0,1,4112,0.025906572251836468
PSO J223.8892+05.5356,-999,-999,-999,114642238892723214,3496239000024517,65296387825604,0,15189951596682,11464,1,1467,31,0.208417849809321,3496239,15203,3,276901888,0,33,-999.0,-999.0,-999.0,-999.0,223.88924956,5.53562573,0.01696999929845333,0.01696999929845333,,,,,56335.64762731,-999.0,-0.7173202410023791,-0.6900335076437089,0.09646465765869137,219.66173511643868,21.283576959946082,2.363082881339987,53.42332647002409,-999,0,1,0,0,0,1,0,-999.0,-999.0,-999.0,-999.0,0,-999.0,-999.0,-999.0,-999.0,-999.0,0,-999.0,-999.0,-999.0,0,0,-999.0,-999.0,-999.0,-999.0,0,-999.0,-999.0,-999.0,-999.0,-999.0,0,-999.0,-999.0,-999.0,0,0,-999.0,-999.0,-999.0,-999.0,0,-999.0,-999.0,-999.0,-999.0,-999.0,0,-999.0,-999.0,-999.0,0,0,0.9979569911956787,17.71190071105957,0.007939999923110008,-999.0,1,17.71190071105957,17.71190071105957,17.551300048828125,0.010854000225663185,-999.0,1,17.40690040588379,0.007939999923110008,-999.0,1,16777240,-999.0,-999.0,-999.0,-999.0,0,-999.0,-999.0,-999.0,-999.0,-999.0,0,-999.0,-999.0,-999.0,0,0,0.030894927727257247
PSO J223.8890+05.5411,-999,-999,-999,114642238889919794,3496239000024470,65296387825557,0,15189951601375,11464,1,1467,31,0.148579289343748,3496239,15203,3,268959744,0,32,-999.0,-999.0,-999.0,-999.0,223.88898034,5.54112329,0.22937999665737152,0.22937999665737152,,,,,55694.32836806,-999.0,-0.7173168094689601,-0.6900237172033777,0.09656016026345715,219.65964626750596,21.28872542662679,2.3698992263461895,53.42704101132196,-999,0,1,0,0,1,0,0,-999.0,-999.0,-999.0,-999.0,0,-999.0,-999.0,-999.0,-999.0,-999.0,0,-999.0,-999.0,-999.0,0,0,-999.0,-999.0,-999.0,-999.0,0,-999.0,-999.0,-999.0,-999.0,-999.0,0,-999.0,-999.0,-999.0,0,0,0.7728800177574158,20.89780044555664,0.22888599336147308,-999.0,1,20.89780044555664,20.89780044555664,-999.0,-999.0,-999.0,0,21.9783992767334,0.22888599336147308,-999.0,1,4112,-999.0,-999.0,-999.0,-999.0,0,-999.0,-999.0,-999.0,-999.0,-999.0,0,-999.0,-999.0,-999.0,0,0,-999.0,-999.0,-999.0,-999.0,0,-999.0,-999.0,-999.0,-999.0,-999.0,0,-999.0,-999.0,-999.0,0,0,0.025469989732390938
PSO J223.8885+05.5360,-999,-999,-999,114642238885263591,3496239000106619,65296387907708,0,15189951607897,11464,1,1467,31,0.185533980080424,3496239,15203,3,302067712,0,36,-999.0,-999.0,-999.0,-999.0,223.88850632,5.5359521,0.23109999299049377,0.23109999299049377,,,,,55694.33935185,-999.0,-0.7173287960263522,-0.6900238215724984,0.09647032732332193,219.66087194104293,21.283659904466468,2.3627122733073236,53.42410429453156,-999,0,1,0,0,1,0,0,-999.0,-999.0,-999.0,-999.0,0,-999.0,-999.0,-999.0,-999.0,-999.0,0,-999.0,-999.0,-999.0,0,0,-999.0,-999.0,-999.0,-999.0,0,-999.0,-999.0,-999.0,-999.0,-999.0,0,-999.0,-999.0,-999.0,0,0,0.854138970375061,20.99489974975586,0.23061500489711761,-999.0,1,20.99489974975586,20.99489974975586,-999.0,-999.0,-999.0,0,20.626800537109375,0.23061500489711761,-999.0,1,272,-999.0,-999.0,-999.0,-999.0,0,-999.0,-999.0,-999.0,-999.0,-999.0,0,-999.0,-999.0,-999.0,0,0,-999.0,-999.0,-999.0,-999.0,0,-999.0,-999.0,-999.0,-999.0,-999.0,0,-999.0,-999.0,-999.0,0,0,0.030433435152989255
PSO J223.8885+05.5378,-999,-999,-999,114642238884845835,3496239000024384,65296387825471,0,15189951609992,11464,1,1467,31,0.0125225605559745,3496239,15203,3,277348352,0,33,-999.0,-999.0,-999.0,-999.0,223.88846771,5.53779117,0.09284999966621399,0.09284999966621399,,,,,55401.31690972,-999.0,-0.7173270290342648,-0.6900211911681591,0.09650227539156665,219.66022547089923,21.285397949616716,2.365047254919348,53.42530752221807,-999,0,1,0,0,0,0,1,-999.0,-999.0,-999.0,-999.0,0,-999.0,-999.0,-999.0,-999.0,-999.0,0,-999.0,-999.0,-999.0,0,0,-999.0,-999.0,-999.0,-999.0,0,-999.0,-999.0,-999.0,-999.0,-999.0,0,-999.0,-999.0,-999.0,0,0,-999.0,-999.0,-999.0,-999.0,0,-999.0,-999.0,-999.0,-999.0,-999.0,0,-999.0,-999.0,-999.0,0,0,-999.0,-999.0,-999.0,-999.0,0,-999.0,-999.0,-999.0,-999.0,-999.0,0,-999.0,-999.0,-999.0,0,0,0.5422710180282593,18.158599853515625,0.09163299947977066,-999.0,1,18.158599853515625,18.158599853515625,18.15959930419922,0.06943699717521667,-999.0,1,17.682600021362305,0.09163299947977066,-999.0,1,16781328,0.0286190126904684
PSO J223.8878+05.5353,-999,-999,-999,114642238878222879,3496239000024313,65296387825400,0,15189951608019,11464,1,1467,31,0.564818485234695,3496239,15203,3,310456320,0,37,-999.0,-999.0,-999.0,-999.0,223.88780254,5.53533438,0.15323999524116516,0.15323999524116516,,,,,55401.31690972,-999.0,-0.7173380212625946,-0.6900157313584065,0.09645959635510003,219.66036059133387,21.28285663149442,2.3611639562434803,53.42424936875154,-999,0,1,0,0,0,0,1,-999.0,-999.0,-999.0,-999.0,0,-999.0,-999.0,-999.0,-999.0,-999.0,0,-999.0,-999.0,-999.0,0,0,-999.0,-999.0,-999.0,-999.0,0,-999.0,-999.0,-999.0,-999.0,-999.0,0,-999.0,-999.0,-999.0,0,0,-999.0,-999.0,-999.0,-999.0,0,-999.0,-999.0,-999.0,-999.0,-999.0,0,-999.0,-999.0,-999.0,0,0,-999.0,-999.0,-999.0,-999.0,0,-999.0,-999.0,-999.0,-999.0,-999.0,0,-999.0,-999.0,-999.0,0,0,0.9266980290412903,19.077899932861328,0.1525000035762787,-999.0,1,19.077899932861328,19.077899932861328,18.465499877929688,0.12754899263381958,-999.0,1,18.206600189208984,0.1525000035762787,-999.0,1,16777488,0.030925269618519775
PSO J223.8866+05.5340,-999,-999,-999,114642238866261265,3496239000024103,65296387825190,0,15189951535199,11464,1,1467,31,0.967470294765635,3496239,15203,3,310456320,0,37,-999.0,-999.0,-999.0,-999.0,223.88660686,5.53398933,0.17743000388145447,0.17743000388145447,,,,,55401.31690972,-999.0,-0.7173540525517719,-0.6900023309985581,0.09643623024624018,219.65958944187057,21.281210672391644,2.35815155927971,53.42430715108503,-999,0,1,0,0,0,0,1,-999.0,-999.0,-999.0,-999.0,0,-999.0,-999.0,-999.0,-999.0,-999.0,0,-999.0,-999.0,-999.0,0,0,-999.0,-999.0,-999.0,-999.0,0,-999.0,-999.0,-999.0,-999.0,-999.0,0,-999.0,-999.0,-999.0,0,0,-999.0,-999.0,-999.0,-999.0,0,-999.0,-999.0,-999.0,-999.0,-999.0,0,-999.0,-999.0,-999.0,0,0,-999.0,-999.0,-999.0,-999.0,0,-999.0,-999.0,-999.0,-999.0,-999.0,0,-999.0,-999.0,-999.0,0,0,0.9991220235824585,19.28030014038086,0.1767980009317398,-999.0,1,19.28030014038086,19.28030014038086,18.05229949951172,0.139724001288414,-999.0,1,18.199399948120117,0.1767980009317398,-999.0,1,16777488,0.032100045221046994
PSO J223.8866+05.5330,-999,-999,-999,114642238865780080,3496239000024093,65296387825180,0,15189951535988,11464,1,1467,31,0.168771565117661,3496239,15203,3,268959744,0,32,-999.0,-999.0,-999.0,-999.0,223.8865663,5.53302805,0.2625100016593933,0.2625100016593933,,,,,55694.32836806,-999.0,-0.7173557069922383,-0.6900029447046852,0.09641953092879782,219.65986560912904,21.280283597917695,2.3568664225718505,53.42372470575981,-999,0,1,0,0,1,0,0,-999.0,-999.0,-999.0,-999.0,0,-999.0,-999.0,-999.0,-999.0,-999.0,0,-999.0,-999.0,-999.0,0,0,-999.0,-999.0,-999.0,-999.0,0,-999.0,-999.0,-999.0,-999.0,-999.0,0,-999.0,-999.0,-999.0,0,0,0.7842890024185181,21.085100173950195,0.26208600401878357,-999.0,1,21.085100173950195,21.085100173950195,-999.0,-999.0,-999.0,0,22.08209991455078,0.26208600401878357,-999.0,1,4112,-999.0,-999.0,-999.0,-999.0,0,-999.0,-999.0,-999.0,-999.0,-999.0,0,-999.0,-999.0,-999.0,0,0,-999.0,-999.0,-999.0,-999.0,0,-999.0,-999.0,-999.0,-999.0,-999.0,0,-999.0,-999.0,-999.0,0,0,0.03305110993463979
PSO J223.8860+05.5382,-999,-999,-999,114642238860456237,3496239000024011,65296387825098,0,15189951607088,11464,1,1467,31,0.724292021919314,3496239,15203,3,268513280,0,32,-999.0,-999.0,-999.0,-999.0,223.88603457,5.53815159,0.020409999415278435,0.020409999415278435,,,,,56394.55804398,-999.0,-0.7173558935105633,-0.6899903074822181,0.09650853654602526,219.65763345517226,21.28499578263219,2.3629191914456733,53.42740205460033,-999,0,1,1,0,0,0,0,0.9991670250892639,18.56089973449707,0.01384500041604042,-999.0,1,18.56089973449707,18.56089973449707,19.290700912475586,0.03799400106072426,-999.0,1,19.204700469970703,0.01384500041604042,-999.0,1,24,-999.0,-999.0,-999.0,-999.0,0,-999.0,-999.0,-999.0,-999.0,-999.0,0,-999.0,-999.0,-999.0,0,0,-999.0,-999.0,-999.0,-999.0,0,-999.0,-999.0,-999.0,-999.0,-999.0,0,-999.0,-999.0,-999.0,0,0,-999.0,-999.0,-999.0,-999.0,0,-999.0,-999.0,-999.0,-999.0,-999.0,0,-999.0,-999.0,-999.0,0,0,-999.0,-999.0,-999.0,-999.0,0,-999.0,-999.0,-999.0,-999.0,-999.0,0,-999.0,-999.0,-999.0,0,0,0.027900373792352263
PSO J223.8857+05.5363,-999,-999,-999,114642238857454026,3496239000023962,65296387825049,0,15189951604080,11464,1,1467,31,0.115904501747251,3496239,15203,3,268959744,0,32,-999.0,-999.0,-999.0,-999.0,223.88573307,5.53631582,0.3041200041770935,0.3041200041770935,,,,,55694.34011574,-999.0,-0.7173617525672376,-0.6899886758231062,0.09647664582445799,219.65793317807228,21.283156731148335,2.3602258272103827,53.4264615150978,-999,0,1,0,0,1,0,0,-999.0,-999.0,-999.0,-999.0,0,-999.0,-999.0,-999.0,-999.0,-999.0,0,-999.0,-999.0,-999.0,0,0,-999.0,-999.0,-999.0,-999.0,0,-999.0,-999.0,-999.0,-999.0,-999.0,0,-999.0,-999.0,-999.0,0,0,0.7476670145988464,21.320100784301758,0.30375000834465027,-999.0,1,21.320100784301758,21.320100784301758,-999.0,-999.0,-999.0,0,-999.0,-999.0,-999.0,0,4112,-999.0,-999.0,-999.0,-999.0,0,-999.0,-999.0,-999.0,-999.0,-999.0,0,-999.0,-999.0,-999.0,0,0,-999.0,-999.0,-999.0,-999.0,0,-999.0,-999.0,-999.0,-999.0,-999.0,0,-999.0,-999.0,-999.0,0,0,0.029697030237379823
PSO J223.8855+05.5370,-999,-999,-999,114642238855594856,3496239000023934,65296387825021,0,15189951605807,11464,1,1467,31,0.853075426866371,3496239,15203,3,268959744,0,32,-999.0,-999.0,-999.0,-999.0,223.88554734,5.53700764,0.24457000195980072,0.24457000195980072,,,,,55694.32836806,-999.0,-0.7173631495969726,-0.6899855428297798,0.09648866402954155,219.65751597293678,21.283758115206115,2.3609216901580137,53.4270453570927,-999,0,1,0,0,1,0,0,-999.0,-999.0,-999.0,-999.0,0,-999.0,-999.0,-999.0,-999.0,-999.0,0,-999.0,-999.0,-999.0,0,0,-999.0,-999.0,-999.0,-999.0,0,-999.0,-999.0,-999.0,-999.0,-999.0,0,-999.0,-999.0,-999.0,0,0,0.7248259782791138,20.906200408935547,0.2441049963235855,-999.0,1,20.906200408935547,20.906200408935547,-999.0,-999.0,-999.0,0,21.892099380493164,0.2441049963235855,-999.0,1,4112,-999.0,-999.0,-999.0,-999.0,0,-999.0,-999.0,-999.0,-999.0,-999.0,0,-999.0,-999.0,-999.0,0,0,-999.0,-999.0,-999.0,-999.0,0,-999.0,-999.0,-999.0,-999.0,-999.0,0,-999.0,-999.0,-999.0,0,0,0.02899143679938197
PSO J223.8839+05.5355,-999,-999,-999,114642238839213092,3496239000023709,65296387824796,0,15189951606524,11464,1,1467,31,0.958880428186506,3496239,15203,3,268959744,0,32,-999.0,-999.0,-999.0,-999.0,223.88389053,5.53554092,0.2551499903202057,0.2551499903202057,,,,,56045.38216435,-999.0,-0.7173848814875464,-0.689966510693491,0.0964631843479565,219.65631634614158,21.281855161541525,2.357260265651818,53.42737882598668,-999,0,1,0,0,1,0,0,-999.0,-999.0,-999.0,-999.0,0,-999.0,-999.0,-999.0,-999.0,-999.0,0,-999.0,-999.0,-999.0,0,0,-999.0,-999.0,-999.0,-999.0,0,-999.0,-999.0,-999.0,-999.0,-999.0,0,-999.0,-999.0,-999.0,0,0,0.6459580063819885,21.372800827026367,0.25471198558807373,-999.0,1,21.372800827026367,21.372800827026367,-999.0,-999.0,-999.0,1,21.571800231933594,0.25471198558807373,-999.0,1,4120,-999.0,-999.0,-999.0,-999.0,0,-999.0,-999.0,-999.0,-999.0,-999.0,0,-999.0,-999.0,-999.0,0,0,-999.0,-999.0,-999.0,-999.0,0,-999.0,-999.0,-999.0,-999.0,-999.0,0,-999.0,-999.0,-999.0,0,0,0.030360021218983704
PSO J223.8824+05.5392,-999,-999,-999,114642238823897465,3496239000023462,65296387824549,0,15189951637365,11464,1,1467,31,0.0388645772252833,3496239,15203,3,268959744,0,32,-999.0,-999.0,-999.0,-999.0,223.88237415,5.53915019,0.26405999064445496,0.26405999064445496,,,,,55401.31690972,-999.0,-0.717398760571416,-0.6899433107451881,0.09652588403410106,219.65358334329323,21.28482494931751,2.360307088357404,53.43084427517208,-999,0,1,0,0,0,0,1,-999.0,-999.0,-999.0,-999.0,0,-999.0,-999.0,-999.0,-999.0,-999.0,0,-999.0,-999.0,-999.0,0,0,-999.0,-999.0,-999.0,-999.0,0,-999.0,-999.0,-999.0,-999.0,-999.0,0,-999.0,-999.0,-999.0,0,0,-999.0,-999.0,-999.0,-999.0,0,-999.0,-999.0,-999.0,-999.0,-999.0,0,-999.0,-999.0,-999.0,0,0,-999.0,-999.0,-999.0,-999.0,0,-999.0,-999.0,-999.0,-999.0,-999.0,0,-999.0,-999.0,-999.0,0,0,0.5922939777374268,19.39459991455078,0.2636370062828064,-999.0,1,19.39459991455078,19.39459991455078,19.61680030822754,0.27642399072647095,-999.0,1,19.31570053100586,0.2636370062828064,-999.0,1,4112,0.02674506505457652
PSO J223.8817+05.5390,-999,-999,-999,114642238816847271,3496239000023368,65296387824455,0,15189951637267,11464,1,1467,31,0.674759774165936,3496239,15203,3,268959744,0,32,-999.0,-999.0,-999.0,-999.0,223.88165418,5.53901268,0.3119499981403351,0.3119499981403351,,,,,55758.26621528,-999.0,-0.7174075972107855,-0.6899344565472885,0.09652349523844009,219.65289699512968,21.28447361481694,2.359361774586994,53.43130820743753,-999,0,1,0,0,0,0,1,-999.0,-999.0,-999.0,-999.0,0,-999.0,-999.0,-999.0,-999.0,-999.0,0,-999.0,-999.0,-999.0,0,0,-999.0,-999.0,-999.0,-999.0,0,-999.0,-999.0,-999.0,-999.0,-999.0,0,-999.0,-999.0,-999.0,0,0,-999.0,-999.0,-999.0,-999.0,0,-999.0,-999.0,-999.0,-999.0,-999.0,0,-999.0,-999.0,-999.0,0,0,-999.0,-999.0,-999.0,-999.0,0,-999.0,-999.0,-999.0,-999.0,-999.0,0,-999.0,-999.0,-999.0,0,0,0.7166299819946289,20.5044002532959,0.3115920126438141,-999.0,1,20.5044002532959,20.5044002532959,-999.0,-999.0,-999.0,0,22.858600616455078,0.3115920126438141,-999.0,1,4120,0.026908680754863704
PSO J223.8805+05.5400,-999,-999,-999,114642238802888706,3496239000023149,65296387824236,0,15189951636968,11464,1,1467,31,0.738881612884702,3496239,15203,3,1343750144,0,160,223.88045406,5.54001865,0.0010000000474974513,0.0010000000474974513,223.88045406,5.54001865,0.0010000000474974513,0.0010000000474974513,,,,,55848.97178241,-999.0,-0.7174208268151834,-0.6899182547389964,0.09654097073116646,219.65134503474098,21.285063228099087,2.359382096417262,53.4328698398483,-999,1,1,1,0,0,0,0,0.5579149723052979,21.924299240112305,0.35938701033592224,-999.0,1,21.924299240112305,21.924299240112305,-999.0,-999.0,-999.0,0,-999.0,-999.0,-999.0,0,118840,-999.0,-999.0,-999.0,-999.0,0,-999.0,-999.0,-999.0,-999.0,-999.0,0,-999.0,-999.0,-999.0,0,16416,-999.0,-999.0,-999.0,-999.0,0,-999.0,-999.0,-999.0,-999.0,-999.0,0,-999.0,-999.0,-999.0,0,16416,-999.0,-999.0,-999.0,-999.0,0,-999.0,-999.0,-999.0,-999.0,-999.0,0,-999.0,-999.0,-999.0,0,16416,-999.0,-999.0,-999.0,-999.0,0,-999.0,-999.0,-999.0,-999.0,-999.0,0,-999.0,-999.0,-999.0,0,16416,0.02599316038404975
PSO J223.8793+05.5355,-999,-999,-999,114642238793023000,3496239000022996,65296387824083,0,15189951635606,11464,1,1467,31,0.839871138185143,3496239,15203,3,268959744,0,32,-999.0,-999.0,-999.0,-999.0,223.87927294,5.53545324,0.39754998683929443,0.39754998683929443,,,,,55758.26621528,-999.0,-0.7174405914441261,-0.689908795182932,0.09646166117964997,219.65165219123358,21.28035758189856,2.3522235178126896,53.430861001836995,-999,0,1,0,0,0,0,1,-999.0,-999.0,-999.0,-999.0,0,-999.0,-999.0,-999.0,-999.0,-999.0,0,-999.0,-999.0,-999.0,0,0,-999.0,-999.0,-999.0,-999.0,0,-999.0,-999.0,-999.0,-999.0,-999.0,0,-999.0,-999.0,-999.0,0,0,-999.0,-999.0,-999.0,-999.0,0,-999.0,-999.0,-999.0,-999.0,-999.0,0,-999.0,-999.0,-999.0,0,0,-999.0,-999.0,-999.0,-999.0,0,-999.0,-999.0,-999.0,-999.0,-999.0,0,-999.0,-999.0,-999.0,0,0,0.6141420006752014,20.65329933166504,0.39726701378822327,-999.0,1,20.65329933166504,20.65329933166504,-999.0,-999.0,-999.0,0,-999.0,-999.0,-999.0,0,4120,0.030660000477577984
PSO J223.8789+05.5383,-999,-999,-999,114642238789146455,3496239000022926,65296387824013,0,15189951638959,11464,1,1467,31,0.0864803084046396,3496239,15203,3,268959744,0,32,-999.0,-999.0,-999.0,-999.0,223.87890282,5.53833428,0.29701000452041626,0.29701000452041626,,,,,55608.62884259,-999.0,-0.7174415509735211,-0.689900797745749,0.09651171020393101,219.65032463923544,21.282985485947144,2.355551499215771,53.432983467681474,-999,0,1,0,0,0,0,1,-999.0,-999.0,-999.0,-999.0,0,-999.0,-999.0,-999.0,-999.0,-999.0,0,-999.0,-999.0,-999.0,0,0,-999.0,-999.0,-999.0,-999.0,0,-999.0,-999.0,-999.0,-999.0,-999.0,0,-999.0,-999.0,-999.0,0,0,-999.0,-999.0,-999.0,-999.0,0,-999.0,-999.0,-999.0,-999.0,-999.0,0,-999.0,-999.0,-999.0,0,0,-999.0,-999.0,-999.0,-999.0,0,-999.0,-999.0,-999.0,-999.0,-999.0,0,-999.0,-999.0,-999.0,0,0,0.7102699875831604,19.869300842285156,0.29662901163101196,-999.0,1,19.869300842285156,19.869300842285156,-999.0,-999.0,-999.0,0,20.9591007232666,0.29662901163101196,-999.0,1,4112,0.02785385487536705
PSO J223.8788+05.5371,-999,-999,-999,114642238788075007,3496239000022910,65296387823997,0,15189951636184,11464,1,1467,31,0.502993505916552,3496239,15203,3,268959744,0,32,-999.0,-999.0,-999.0,-999.0,223.87879662,5.53712739,0.26715999841690063,0.26715999841690063,,,,,55608.62884259,-999.0,-0.7174442949320695,-0.6899008768889072,0.09649074430919627,219.65061524855048,21.28180462636724,2.3538787685287175,53.43229453513294,-999,0,1,0,0,0,0,1,-999.0,-999.0,-999.0,-999.0,0,-999.0,-999.0,-999.0,-999.0,-999.0,0,-999.0,-999.0,-999.0,0,0,-999.0,-999.0,-999.0,-999.0,0,-999.0,-999.0,-999.0,-999.0,-999.0,0,-999.0,-999.0,-999.0,0,0,-999.0,-999.0,-999.0,-999.0,0,-999.0,-999.0,-999.0,-999.0,-999.0,0,-999.0,-999.0,-999.0,0,0,-999.0,-999.0,-999.0,-999.0,0,-999.0,-999.0,-999.0,-999.0,-999.0,0,-999.0,-999.0,-999.0,0,0,0.708935022354126,19.80780029296875,0.26673999428749084,-999.0,1,19.80780029296875,19.80780029296875,-999.0,-999.0,-999.0,0,20.295499801635742,0.26673999428749084,-999.0,1,4112,0.029063305674292546
PSO J223.8788+05.5353,-999,-999,-999,114642238787732778,3496239000022904,65296387823991,0,15189951582315,11464,1,1467,31,0.931226825277532,3496239,15203,3,268959744,0,32,-999.0,-999.0,-999.0,-999.0,223.87875334,5.53528116,0.4087100028991699,0.4087100028991699,,,,,55757.36533565,-999.0,-0.7174470568333919,-0.6899024896834317,0.09645867182221646,219.65118092213032,21.28003471537115,2.351447112411781,53.43114928661662,-999,0,1,0,0,0,0,1,-999.0,-999.0,-999.0,-999.0,0,-999.0,-999.0,-999.0,-999.0,-999.0,0,-999.0,-999.0,-999.0,0,0,-999.0,-999.0,-999.0,-999.0,0,-999.0,-999.0,-999.0,-999.0,-999.0,0,-999.0,-999.0,-999.0,0,0,-999.0,-999.0,-999.0,-999.0,0,-999.0,-999.0,-999.0,-999.0,-999.0,0,-999.0,-999.0,-999.0,0,0,-999.0,-999.0,-999.0,-999.0,0,-999.0,-999.0,-999.0,-999.0,-999.0,0,-999.0,-999.0,-999.0,0,0,0.7159320116043091,20.631500244140625,0.4084340035915375,-999.0,1,20.631500244140625,20.631500244140625,-999.0,-999.0,-999.0,0,-999.0,-999.0,-999.0,0,4112,0.030897314687471564
PSO J223.8765+05.5342,-999,-999,-999,114642238765281522,3496239000116520,65296387919680,0,15189951554015,11464,1,1467,31,0.140747624580513,3496239,15203,3,404226048,0,48,223.87652835,5.53424341,0.0010000000474974513,0.0010000000474974513,223.87652835,5.53424341,0.0010000000474974513,0.0010000000474974513,,,,,56016.57618056,-999.0,-0.7174751067875187,-0.6898758390493432,0.0964406441092311,219.6492622668936,21.278365866908608,2.347733580452542,53.43219164419729,-999,2,0,0,0,0,0,0,-999.0,-999.0,-999.0,-999.0,0,-999.0,-999.0,-999.0,-999.0,-999.0,0,-999.0,-999.0,-999.0,0,16416,-999.0,-999.0,-999.0,-999.0,0,-999.0,-999.0,-999.0,-999.0,-999.0,0,-999.0,-999.0,-999.0,0,114720,-999.0,-999.0,-999.0,-999.0,0,-999.0,-999.0,-999.0,-999.0,-999.0,0,-999.0,-999.0,-999.0,0,16416,-999.0,-999.0,-999.0,-999.0,0,-999.0,-999.0,-999.0,-999.0,-999.0,0,-999.0,-999.0,-999.0,0,114720,-999.0,-999.0,-999.0,-999.0,0,-999.0,-999.0,-999.0,-999.0,-999.0,0,-999.0,-999.0,-999.0,0,16416,0.03229350657582256
PSO J223.8762+05.5361,-999,-999,-999,114642238761903821,3496239000022434,65296387823521,0,15189951586060,11464,1,1467,31,0.196468957882811,3496239,15203,3,268513280,0,32,-999.0,-999.0,-999.0,-999.0,223.87617125,5.53613596,0.020349999889731407,0.020349999889731407,,,,,56384.59559028,-999.0,-0.717477109809971,-0.6898691590317754,0.09647352131814105,219.64827436635701,21.28005721846854,2.3497980792976207,53.43367329725743,-999,0,1,0,0,1,0,0,-999.0,-999.0,-999.0,-999.0,0,-999.0,-999.0,-999.0,-999.0,-999.0,0,-999.0,-999.0,-999.0,0,0,-999.0,-999.0,-999.0,-999.0,0,-999.0,-999.0,-999.0,-999.0,-999.0,0,-999.0,-999.0,-999.0,0,0,0.9986720085144043,18.33060073852539,0.013757999986410141,-999.0,1,18.33060073852539,18.33060073852539,19.20479965209961,0.0421999990940094,-999.0,1,19.172700881958008,0.013757999986410141,-999.0,1,24,-999.0,-999.0,-999.0,-999.0,0,-999.0,-999.0,-999.0,-999.0,-999.0,0,-999.0,-999.0,-999.0,0,0,-999.0,-999.0,-999.0,-999.0,0,-999.0,-999.0,-999.0,-999.0,-999.0,0,-999.0,-999.0,-999.0,0,0,0.03051850868655293
PSO J223.8762+05.5391,-999,-999,-999,114642238761787435,3496239000116512,65296387919672,0,15189951583372,11464,1,1467,31,0.650804445753623,3496239,15203,3,1343750144,0,160,223.87617822,5.53914631,0.0010000000474974513,0.0010000000474974513,223.87617822,5.53914631,0.0010000000474974513,0.0010000000474974513,,,,,55906.63571759,-999.0,-0.7174733711294204,-0.6898657321854733,0.09652581663154039,219.64728732302396,21.28292363470722,2.3536954102855288,53.43558942029176,-999,1,0,0,0,0,0,0,-999.0,-999.0,-999.0,-999.0,0,-999.0,-999.0,-999.0,-999.0,-999.0,0,-999.0,-999.0,-999.0,0,114720,-999.0,-999.0,-999.0,-999.0,0,-999.0,-999.0,-999.0,-999.0,-999.0,0,-999.0,-999.0,-999.0,0,16416,-999.0,-999.0,-999.0,-999.0,0,-999.0,-999.0,-999.0,-999.0,-999.0,0,-999.0,-999.0,-999.0,0,16416,-999.0,-999.0,-999.0,-999.0,0,-999.0,-999.0,-999.0,-999.0,-999.0,0,-999.0,-999.0,-999.0,0,16416,-999.0,-999.0,-999.0,-999.0,0,-999.0,-999.0,-999.0,-999.0,-999.0,0,-999.0,-999.0,-999.0,0,16416,0.027590197230014383
PSO J223.8757+05.5351,-999,-999,-999,114642238756882613,3496239000022355,65296387823442,0,15189951585566,11464,1,1467,31,0.33382691287792,3496239,15203,3,268959744,0,32,-999.0,-999.0,-999.0,-999.0,223.87568092,5.5351252,0.28336000442504883,0.28336000442504883,,,,,55399.26950231,-999.0,-0.7174842402899746,-0.6898641983998606,0.09645596249914187,219.6481098094447,21.27894532386182,2.3479691676779746,53.433403795780364,-999,0,1,0,0,0,1,0,-999.0,-999.0,-999.0,-999.0,0,-999.0,-999.0,-999.0,-999.0,-999.0,0,-999.0,-999.0,-999.0,0,0,-999.0,-999.0,-999.0,-999.0,0,-999.0,-999.0,-999.0,-999.0,-999.0,0,-999.0,-999.0,-999.0,0,0,-999.0,-999.0,-999.0,-999.0,0,-999.0,-999.0,-999.0,-999.0,-999.0,0,-999.0,-999.0,-999.0,0,0,0.5670009851455688,18.355199813842773,0.2829650044441223,-999.0,1,18.355199813842773,18.355199813842773,-999.0,-999.0,-999.0,0,19.199100494384766,0.2829650044441223,-999.0,1,4112,-999.0,-999.0,-999.0,-999.0,0,-999.0,-999.0,-999.0,-999.0,-999.0,0,-999.0,-999.0,-999.0,0,0,0.03161356729914574
PSO J223.8751+05.5357,-999,-999,-999,114642238751023308,3496239000022245,65296387823332,0,15189951585713,11464,1,1467,31,0.41379299332741,3496239,15203,3,268959744,0,32,-999.0,-999.0,-999.0,-999.0,223.8750823,5.53572204,0.4074600040912628,0.4074600040912628,,,,,55757.36533565,-999.0,-0.7174907235498783,-0.689856005737628,0.09646633074600583,219.64730431866383,21.279329857947797,2.348101934186399,53.43424342273966,-999,0,1,0,0,0,0,1,-999.0,-999.0,-999.0,-999.0,0,-999.0,-999.0,-999.0,-999.0,-999.0,0,-999.0,-999.0,-999.0,0,0,-999.0,-999.0,-999.0,-999.0,0,-999.0,-999.0,-999.0,-999.0,-999.0,0,-999.0,-999.0,-999.0,0,0,-999.0,-999.0,-999.0,-999.0,0,-999.0,-999.0,-999.0,-999.0,-999.0,0,-999.0,-999.0,-999.0,0,0,-999.0,-999.0,-999.0,-999.0,0,-999.0,-999.0,-999.0,-999.0,-999.0,0,-999.0,-999.0,-999.0,0,0,0.6896380186080933,20.641599655151367,0.40718400478363037,-999.0,1,20.641599655151367,20.641599655151367,-999.0,-999.0,-999.0,0,-999.0,-999.0,-999.0,0,4112,0.03117833484570756
PSO J223.8747+05.5349,-999,-999,-999,114642238746642325,3496239000022172,65296387823259,0,15189951584744,11464,1,1467,31,0.271007538094192,3496239,15203,3,268959744,0,32,-999.0,-999.0,-999.0,-999.0,223.87465006,5.53489268,0.31066998839378357,0.31066998839378357,,,,,56317.68130787,-999.0,-0.7174969343099877,-0.6898515606783786,0.09645192318131508,219.64713890186025,21.278408352612157,2.346569343598855,53.434045186197345,-999,0,1,0,0,0,0,1,-999.0,-999.0,-999.0,-999.0,0,-999.0,-999.0,-999.0,-999.0,-999.0,0,-999.0,-999.0,-999.0,0,0,-999.0,-999.0,-999.0,-999.0,0,-999.0,-999.0,-999.0,-999.0,-999.0,0,-999.0,-999.0,-999.0,0,0,-999.0,-999.0,-999.0,-999.0,0,-999.0,-999.0,-999.0,-999.0,-999.0,0,-999.0,-999.0,-999.0,0,0,-999.0,-999.0,-999.0,-999.0,0,-999.0,-999.0,-999.0,-999.0,-999.0,0,-999.0,-999.0,-999.0,0,0,0.598779022693634,19.924400329589844,0.31030601263046265,-999.0,1,19.924400329589844,19.924400329589844,-999.0,-999.0,-999.0,1,19.68560028076172,0.31030601263046265,-999.0,1,4120,0.032090171625877344
PSO J223.8742+05.5350,-999,-999,-999,114642238741852396,3496239000022057,65296387823144,0,15189951584709,11464,1,1467,31,0.315614344846098,3496239,15203,3,268959744,0,32,-999.0,-999.0,-999.0,-999.0,223.87417602,5.53495675,0.23179000616073608,0.23179000616073608,,,,,56392.52778935,-999.0,-0.7175025640632001,-0.6898455496489877,0.0964530362001093,219.6466359649437,21.278324122419523,2.346146561084909,53.434449277266296,-999,0,1,1,0,0,0,0,0.6310200095176697,21.493600845336914,0.23130199313163757,-999.0,1,21.493600845336914,21.493600845336914,-999.0,-999.0,-999.0,0,24.272300720214844,0.23130199313163757,-999.0,1,4120,-999.0,-999.0,-999.0,-999.0,0,-999.0,-999.0,-999.0,-999.0,-999.0,0,-999.0,-999.0,-999.0,0,0,-999.0,-999.0,-999.0,-999.0,0,-999.0,-999.0,-999.0,-999.0,-999.0,0,-999.0,-999.0,-999.0,0,0,-999.0,-999.0,-999.0,-999.0,0,-999.0,-999.0,-999.0,-999.0,-999.0,0,-999.0,-999.0,-999.0,0,0,-999.0,-999.0,-999.0,-999.0,0,-999.0,-999.0,-999.0,-999.0,-999.0,0,-999.0,-999.0,-999.0,0,0,0.03215394899603607
PSO J223.8733+05.5382,-999,-999,-999,114642238733456310,3496239000021906,65296387822993,0,15189951591144,11464,1,1467,31,0.864365397826177,3496239,15203,3,268959744,0,32,-999.0,-999.0,-999.0,-999.0,223.87333109,5.53821295,0.22213000059127808,0.22213000059127808,,,,,56317.68130787,-999.0,-0.7175087843335755,-0.6898311684992966,0.09650960248104683,219.64470190321407,21.281163521478003,2.34945294815054,53.437175156605534,-999,0,1,0,0,0,0,1,-999.0,-999.0,-999.0,-999.0,0,-999.0,-999.0,-999.0,-999.0,-999.0,0,-999.0,-999.0,-999.0,0,0,-999.0,-999.0,-999.0,-999.0,0,-999.0,-999.0,-999.0,-999.0,-999.0,0,-999.0,-999.0,-999.0,0,0,-999.0,-999.0,-999.0,-999.0,0,-999.0,-999.0,-999.0,-999.0,-999.0,0,-999.0,-999.0,-999.0,0,0,-999.0,-999.0,-999.0,-999.0,0,-999.0,-999.0,-999.0,-999.0,-999.0,0,-999.0,-999.0,-999.0,0,0,0.5148670077323914,19.26449966430664,0.22162200510501862,-999.0,1,19.26449966430664,19.26449966430664,-999.0,-999.0,-999.0,0,20.864500045776367,0.22162200510501862,-999.0,1,4120,0.029300530933129964
PSO J223.8731+05.5368,-999,-999,-999,114642238731584660,3496239000021865,65296387822952,0,15189951584796,11464,1,1467,31,0.41424713322357,3496239,15203,3,268959744,0,32,-999.0,-999.0,-999.0,-999.0,223.87314975,5.53684319,0.2900199890136719,0.2900199890136719,,,,,56392.52778935,-999.0,-0.7175126306592031,-0.6898304964614215,0.09648580722727465,219.64496996230375,21.27980468754156,2.3474895448632647,53.43643975437891,-999,0,1,1,0,0,0,0,0.5560590028762817,21.69300079345703,0.2896359860897064,-999.0,1,21.69300079345703,21.69300079345703,-999.0,-999.0,-999.0,0,-999.0,-999.0,-999.0,0,4120,-999.0,-999.0,-999.0,-999.0,0,-999.0,-999.0,-999.0,-999.0,-999.0,0,-999.0,-999.0,-999.0,0,0,-999.0,-999.0,-999.0,-999.0,0,-999.0,-999.0,-999.0,-999.0,-999.0,0,-999.0,-999.0,-999.0,0,0,-999.0,-999.0,-999.0,-999.0,0,-999.0,-999.0,-999.0,-999.0,-999.0,0,-999.0,-999.0,-999.0,0,0,-999.0,-999.0,-999.0,-999.0,0,-999.0,-999.0,-999.0,-999.0,-999.0,0,-999.0,-999.0,-999.0,0,0,0.030654859374741685
PSO J223.8729+05.5360,-999,-999,-999,114642238729663697,3496239000021834,65296387822921,0,15189951584859,11464,1,1467,31,0.831658071681539,3496239,15203,3,268959744,0,32,-999.0,-999.0,-999.0,-999.0,223.87294625,5.53604624,0.26930999755859375,0.26930999755859375,,,,,55757.36533565,-999.0,-0.7175160481492997,-0.6898288780984507,0.09647196271272196,219.64502632803112,21.278984079575448,2.3462427194230178,53.43608694906249,-999,0,1,0,0,0,0,1,-999.0,-999.0,-999.0,-999.0,0,-999.0,-999.0,-999.0,-999.0,-999.0,0,-999.0,-999.0,-999.0,0,0,-999.0,-999.0,-999.0,-999.0,0,-999.0,-999.0,-999.0,-999.0,-999.0,0,-999.0,-999.0,-999.0,0,0,-999.0,-999.0,-999.0,-999.0,0,-999.0,-999.0,-999.0,-999.0,-999.0,0,-999.0,-999.0,-999.0,0,0,-999.0,-999.0,-999.0,-999.0,0,-999.0,-999.0,-999.0,-999.0,-999.0,0,-999.0,-999.0,-999.0,0,0,0.5938199758529663,20.222400665283203,0.2688960134983063,-999.0,1,20.222400665283203,20.222400665283203,-999.0,-999.0,-999.0,0,22.280000686645508,0.2688960134983063,-999.0,1,4112,0.03147479545789531
PSO J223.8724+05.5359,-999,-999,-999,114642238723703452,3496239000021739,65296387822826,0,15189951585089,11464,1,1467,31,0.834084149295543,3496239,15203,3,268959744,0,32,-999.0,-999.0,-999.0,-999.0,223.87235357,5.53586185,0.3727099895477295,0.3727099895477295,,,,,55767.25564815,-999.0,-0.717523407658486,-0.6898216710865895,0.09646875951031607,219.64448486720897,21.278627102744583,2.345372332456021,53.436423332254115,-999,0,1,0,0,0,1,0,-999.0,-999.0,-999.0,-999.0,0,-999.0,-999.0,-999.0,-999.0,-999.0,0,-999.0,-999.0,-999.0,0,0,-999.0,-999.0,-999.0,-999.0,0,-999.0,-999.0,-999.0,-999.0,-999.0,0,-999.0,-999.0,-999.0,0,0,-999.0,-999.0,-999.0,-999.0,0,-999.0,-999.0,-999.0,-999.0,-999.0,0,-999.0,-999.0,-999.0,0,0,0.48832300305366516,21.73069953918457,0.3724049925804138,-999.0,1,21.73069953918457,21.73069953918457,-999.0,-999.0,-999.0,0,24.393699645996094,0.3724049925804138,-999.0,1,4120,-999.0,-999.0,-999.0,-999.0,0,-999.0,-999.0,-999.0,-999.0,-999.0,0,-999.0,-999.0,-999.0,0,0,0.03184109945347096
PSO J223.8722+05.5366,-999,-999,-999,114642238720754262,3496239000021696,65296387822783,0,15189951592874,11464,1,1467,31,0.906697889703045,3496239,15203,3,268513280,0,32,-999.0,-999.0,-999.0,-999.0,223.87215833,5.53660056,0.019060000777244568,0.019060000777244568,,,,,56787.40170139,-999.0,-0.7175248616031632,-0.6898183640134843,0.0964815922915938,219.64404248373702,21.279270164064013,2.3461186231145317,53.43704446937485,-999,0,2,0,0,2,0,0,-999.0,-999.0,-999.0,-999.0,0,-999.0,-999.0,-999.0,-999.0,-999.0,0,-999.0,-999.0,-999.0,0,0,-999.0,-999.0,-999.0,-999.0,0,-999.0,-999.0,-999.0,-999.0,-999.0,0,-999.0,-999.0,-999.0,0,0,0.9917870163917542,21.9143009185791,0.2391889989376068,-999.0,1,21.9143009185791,21.9143009185791,19.18400001525879,0.03022100031375885,-999.0,1,21.55120086669922,0.2391889989376068,-999.0,1,4120,-999.0,-999.0,-999.0,-999.0,0,-999.0,-999.0,-999.0,-999.0,-999.0,0,-999.0,-999.0,-999.0,0,0,-999.0,-999.0,-999.0,-999.0,0,-999.0,-999.0,-999.0,-999.0,-999.0,0,-999.0,-999.0,-999.0,0,0,0.03121211317723447
PSO J223.8715+05.5377,-999,-999,-999,114642238714935765,3496239000021593,65296387822680,0,15189951593867,11464,1,1467,31,0.211329940903308,3496239,15203,3,268959744,0,32,-999.0,-999.0,-999.0,-999.0,223.87146697,5.53770439,0.34358999133110046,0.34358999133110046,,,,,55609.57840278,-999.0,-0.7175318451413506,-0.6898084176130086,0.09650076786371163,219.64297529449505,21.28010866368041,2.3468075963699975,53.43827878094434,-999,0,1,0,0,0,1,0,-999.0,-999.0,-999.0,-999.0,0,-999.0,-999.0,-999.0,-999.0,-999.0,0,-999.0,-999.0,-999.0,0,0,-999.0,-999.0,-999.0,-999.0,0,-999.0,-999.0,-999.0,-999.0,-999.0,0,-999.0,-999.0,-999.0,0,0,-999.0,-999.0,-999.0,-999.0,0,-999.0,-999.0,-999.0,-999.0,-999.0,0,-999.0,-999.0,-999.0,0,0,0.7863879799842834,18.874900817871094,0.3432669937610626,-999.0,1,18.874900817871094,18.874900817871094,-999.0,-999.0,-999.0,1,19.269899368286133,0.3432669937610626,-999.0,1,4112,-999.0,-999.0,-999.0,-999.0,0,-999.0,-999.0,-999.0,-999.0,-999.0,0,-999.0,-999.0,-999.0,0,0,0.030431590646559845
PSO J223.8697+05.5409,-999,-999,-999,114642238696559524,3496239000021301,65296387822388,0,15189951587754,11464,1,1467,31,0.113828533435081,3496239,15203,3,436527104,7,52,223.86968651,5.54089196,0.0010000000474974513,0.0010000000474974513,223.8696707165873,5.540898376404593,0.0045090135804167816,0.0044918302626762215,-0.02989196244247916,-16.27394260355483,3.4551286970126402,3.4461503220317993,56285.416676938185,2.968153715133667,-0.717549591365267,-0.6897821930974731,0.09655625312313318,219.64010117617292,21.28259277782693,2.3490156701978053,53.44168660544097,-999,5,66,7,12,20,15,12,0.9994320273399353,21.134000778198242,0.08361099660396576,0.21992500126361847,5,20.941099166870117,21.439300537109375,21.20039939880371,0.07427199929952621,0.18858100473880768,4,21.38010025024414,0.16387100517749786,0.33139699697494507,5,115000,0.9994180202484131,20.39389991760254,0.031113000586628914,0.07431299984455109,12,20.30780029296875,20.513599395751953,20.50830078125,0.035753000527620316,0.16763100028038025,12,20.424800872802734,0.0615370012819767,0.2949410080909729,12,115000,0.9992560148239136,19.968900680541992,0.017345000058412552,0.08791399747133255,19,19.78380012512207,20.121400833129883,20.03569984436035,0.03742799907922745,0.21138499677181244,19,19.926300048828125,0.02386300079524517,0.20495299994945526,19,115000,0.9994270205497742,19.73069953918457,0.006891999859362841,0.1001409962773323,15,19.665700912475586,19.963499069213867,19.797399520874023,0.03937700018286705,0.18037599325180054,15,19.712099075317383,0.03157399967312813,0.20033299922943115,15,115000,0.9995020031929016,19.590099334716797,0.038802001625299454,0.15697099268436432,12,19.250900268554688,19.71500015258789,19.548900604248047,0.07662999629974365,0.23087599873542786,12,19.488100051879883,0.06750500202178955,0.27120399475097656,12,115000,0.02829288232472441
PSO J223.8683+05.5398,-999,-999,-999,114642238683548121,3496239000021116,65296387822203,0,15189951591631,11464,1,1467,31,0.473902585426255,3496239,15203,3,310534144,7,37,-999.0,-999.0,-999.0,-999.0,223.86831731857868,5.539813938479683,0.039718673796079705,0.039718673796079705,34.21912281898555,55.22260318833579,42.01914097651899,42.01914097651899,56279.55387978863,9.807377815246582,-0.7175672020782013,-0.689766509840565,0.09653741452943258,219.63907468447064,21.28115001951359,2.3461709262572215,53.44204059278239,-999,0,5,1,2,2,0,0,0.9988719820976257,21.369600296020508,0.17549000680446625,-999.0,1,21.369600296020508,21.369600296020508,21.362199783325195,0.2904149889945984,-999.0,1,21.0856990814209,0.17549000680446625,-999.0,1,280,0.9988570213317871,21.699800491333008,0.16427700221538544,0.23275800049304962,2,21.52549934387207,21.854000091552734,21.10569953918457,0.08091200143098831,0.11720199882984161,2,21.038799285888672,0.06500600278377533,0.09205599874258041,2,16777496,0.9985190033912659,21.47170066833496,0.002280999906361103,0.6217100024223328,2,20.850000381469727,21.47330093383789,20.705299377441406,0.008985999971628189,0.01789899915456772,2,20.714000701904297,0.09592200070619583,0.19065000116825104,2,280,-999.0,-999.0,-999.0,-999.0,0,-999.0,-999.0,-999.0,-999.0,-999.0,0,-999.0,-999.0,-999.0,0,0,-999.0,-999.0,-999.0,-999.0,0,-999.0,-999.0,-999.0,-999.0,-999.0,0,-999.0,-999.0,-999.0,0,0,0.02989012000668155
PSO J223.8681+05.5399,-999,-999,-999,114642238680058095,3496239000021060,65296387822147,0,15189951591669,11464,1,1467,31,0.274775974708401,3496239,15203,3,444915712,7,53,223.86815566,5.53982906,0.0010000000474974513,0.0010000000474974513,223.86811161829422,5.539848065811735,0.020644936134405725,0.020644936134405725,16.923402150537633,-11.174985826652446,18.29808364400136,18.29808364400136,56272.26112656374,11.255033493041992,-0.7175696369821873,-0.6897638938158601,0.09653800738172909,219.63886528611158,21.28112942019363,2.3460174480110316,53.442214198519416,-999,5,18,3,4,8,3,0,0.9987409710884094,21.81049919128418,0.1730400025844574,0.24695000052452087,2,21.614099502563477,21.960100173950195,21.158100128173828,0.16035200655460358,0.25876298546791077,2,21.149700164794922,0.09572499990463257,0.13629700243473053,2,16892216,0.9989709854125977,21.561899185180664,0.10357899963855743,0.27173200249671936,4,21.16860008239746,21.73189926147461,20.83690071105957,0.11837700009346008,0.38253000378608704,4,20.969900131225586,0.12320499867200851,0.3070859909057617,4,115000,0.9997119903564453,21.28339958190918,0.08609700202941895,0.21562999486923218,8,21.00480079650879,21.591899871826172,20.79290008544922,0.06297499686479568,0.23109599947929382,8,20.787099838256836,0.07957799732685089,0.2686460018157959,8,16892216,0.9994289875030518,21.4862003326416,0.032791998237371445,0.04637499898672104,2,21.453399658203125,21.518999099731445,21.007600784301758,0.27234598994255066,0.5725110173225403,3,20.99250030517578,0.19977499544620514,0.2825390100479126,3,115000,-999.0,-999.0,-999.0,-999.0,0,-999.0,-999.0,-999.0,-999.0,-999.0,0,-999.0,-999.0,-999.0,0,114720,0.029961084277895088
PSO J223.8647+05.5360,-999,-999,-999,114642238646623662,3496239000020545,65296387821632,0,15189951578706,11464,1,1467,31,0.0645366395493379,3496239,15203,3,268959744,0,32,-999.0,-999.0,-999.0,-999.0,223.86465327,5.53600348,0.31450000405311584,0.31450000405311584,,,,,55608.61568287,-999.0,-0.7176159382392819,-0.6897250676303708,0.09647121989088525,219.63661221611125,21.276403156754906,2.3373413476949954,53.442413137659095,-999,0,1,0,0,0,0,1,-999.0,-999.0,-999.0,-999.0,0,-999.0,-999.0,-999.0,-999.0,-999.0,0,-999.0,-999.0,-999.0,0,0,-999.0,-999.0,-999.0,-999.0,0,-999.0,-999.0,-999.0,-999.0,-999.0,0,-999.0,-999.0,-999.0,0,0,-999.0,-999.0,-999.0,-999.0,0,-999.0,-999.0,-999.0,-999.0,-999.0,0,-999.0,-999.0,-999.0,0,0,-999.0,-999.0,-999.0,-999.0,0,-999.0,-999.0,-999.0,-999.0,-999.0,0,-999.0,-999.0,-999.0,0,0,0.7349029779434204,20.10650062561035,0.3141469955444336,-999.0,1,20.10650062561035,20.10650062561035,-999.0,-999.0,-999.0,1,21.707199096679688,0.3141469955444336,-999.0,1,4112,0.03502195727998179
PSO J223.8598+05.5411,-999,-999,-999,114642238598149818,3496239000116216,65296387919376,0,15189951476942,11464,1,1467,31,0.651710521105407,3496239,15203,3,404226048,0,48,223.85981421,5.54114234,0.0010000000474974513,0.0010000000474974513,223.85981421,5.54114234,0.0010000000474974513,0.0010000000474974513,,,,,55971.37297454,-999.0,-0.717667946489101,-0.6896584590377277,0.09656049119502075,219.62999694159245,21.27981013806822,2.338819624157629,53.44940106208013,-999,3,0,0,0,0,0,0,-999.0,-999.0,-999.0,-999.0,0,-999.0,-999.0,-999.0,-999.0,-999.0,0,-999.0,-999.0,-999.0,0,16416,-999.0,-999.0,-999.0,-999.0,0,-999.0,-999.0,-999.0,-999.0,-999.0,0,-999.0,-999.0,-999.0,0,16416,-999.0,-999.0,-999.0,-999.0,0,-999.0,-999.0,-999.0,-999.0,-999.0,0,-999.0,-999.0,-999.0,0,114720,-999.0,-999.0,-999.0,-999.0,0,-999.0,-999.0,-999.0,-999.0,-999.0,0,-999.0,-999.0,-999.0,0,114720,-999.0,-999.0,-999.0,-999.0,0,-999.0,-999.0,-999.0,-999.0,-999.0,0,-999.0,-999.0,-999.0,0,114720,0.03383627984431501
PSO J223.8911+05.5320,-999,-999,-999,114632238911128841,3496239000024832,65296387825919,0,15189951532247,11463,1,1467,31,0.236889093403601,3496239,15203,3,310456320,0,37,-999.0,-999.0,-999.0,-999.0,223.89109911,5.53198835,0.1781499981880188,0.1781499981880188,,,,,56394.56908565,-999.0,-0.7173023776982465,-0.6900609072181205,0.09640146927172207,219.66481588348398,21.28068234491301,2.36035527190044,53.419587823956746,-999,0,1,1,0,0,0,0,0.9994419813156128,21.40679931640625,0.1775200068950653,-999.0,1,21.40679931640625,21.40679931640625,20.71380043029785,0.20903000235557556,-999.0,1,20.717500686645508,0.1775200068950653,-999.0,1,16777496,-999.0,-999.0,-999.0,-999.0,0,-999.0,-999.0,-999.0,-999.0,-999.0,0,-999.0,-999.0,-999.0,0,0,-999.0,-999.0,-999.0,-999.0,0,-999.0,-999.0,-999.0,-999.0,-999.0,0,-999.0,-999.0,-999.0,0,0,-999.0,-999.0,-999.0,-999.0,0,-999.0,-999.0,-999.0,-999.0,-999.0,0,-999.0,-999.0,-999.0,0,0,-999.0,-999.0,-999.0,-999.0,0,-999.0,-999.0,-999.0,-999.0,-999.0,0,-999.0,-999.0,-999.0,0,0,0.034844921088664015
PSO J223.8910+05.5316,-999,-999,-999,114632238910608335,3496239000024827,65296387825914,0,15189951532057,11463,1,1467,31,0.765506275711121,3496239,15203,3,268959744,0,32,-999.0,-999.0,-999.0,-999.0,223.89103521,5.53156861,0.23768000304698944,0.23768000304698944,,,,,56838.25114583,-999.0,-0.7173036562254212,-0.6900605968328107,0.09639417754401902,219.66488951408382,21.280263394332398,2.359744933803927,53.41936890421677,-999,0,1,0,0,0,0,1,-999.0,-999.0,-999.0,-999.0,0,-999.0,-999.0,-999.0,-999.0,-999.0,0,-999.0,-999.0,-999.0,0,0,-999.0,-999.0,-999.0,-999.0,0,-999.0,-999.0,-999.0,-999.0,-999.0,0,-999.0,-999.0,-999.0,0,0,-999.0,-999.0,-999.0,-999.0,0,-999.0,-999.0,-999.0,-999.0,-999.0,0,-999.0,-999.0,-999.0,0,0,-999.0,-999.0,-999.0,-999.0,0,-999.0,-999.0,-999.0,-999.0,-999.0,0,-999.0,-999.0,-999.0,0,0,0.7454550266265869,20.748899459838867,0.23720300197601318,-999.0,1,20.748899459838867,20.748899459838867,-999.0,-999.0,-999.0,0,20.5664005279541,0.23720300197601318,-999.0,1,4120,0.03523892007108445
PSO J223.8886+05.5323,-999,-999,-999,114632238886169214,3496239000116765,65296387919925,0,15189951544288,11463,1,1467,31,0.768892790906963,3496239,15203,3,1343750144,0,160,223.8886163,5.5322961,0.0010000000474974513,0.0010000000474974513,223.8886163,5.5322961,0.0010000000474974513,0.0010000000474974513,,,,,55971.37297454,-999.0,-0.7173319063979328,-0.6900294645794153,0.09640681550467778,219.66219082261733,21.28021490486855,2.3581062316581973,53.42168672992947,-999,1,0,0,0,0,0,0,-999.0,-999.0,-999.0,-999.0,0,-999.0,-999.0,-999.0,-999.0,-999.0,0,-999.0,-999.0,-999.0,0,16416,-999.0,-999.0,-999.0,-999.0,0,-999.0,-999.0,-999.0,-999.0,-999.0,0,-999.0,-999.0,-999.0,0,16416,-999.0,-999.0,-999.0,-999.0,0,-999.0,-999.0,-999.0,-999.0,-999.0,0,-999.0,-999.0,-999.0,0,16416,-999.0,-999.0,-999.0,-999.0,0,-999.0,-999.0,-999.0,-999.0,-999.0,0,-999.0,-999.0,-999.0,0,114720,-999.0,-999.0,-999.0,-999.0,0,-999.0,-999.0,-999.0,-999.0,-999.0,0,-999.0,-999.0,-999.0,0,16416,0.03405383422588607
PSO J223.8881+05.5315,-999,-999,-999,114632238881038181,3496239000024336,65296387825423,0,15189951544704,11463,1,1467,31,0.394845321210889,3496239,15203,3,302067712,0,36,-999.0,-999.0,-999.0,-999.0,223.88806853,5.53147043,0.22654999792575836,0.22654999792575836,,,,,55609.57840278,-999.0,-0.7173395044935342,-0.6900235696282776,0.09639247195927786,219.6619066930116,21.279261543439382,2.3564556592567563,53.421579481922265,-999,0,1,0,0,0,1,0,-999.0,-999.0,-999.0,-999.0,0,-999.0,-999.0,-999.0,-999.0,-999.0,0,-999.0,-999.0,-999.0,0,0,-999.0,-999.0,-999.0,-999.0,0,-999.0,-999.0,-999.0,-999.0,-999.0,0,-999.0,-999.0,-999.0,0,0,-999.0,-999.0,-999.0,-999.0,0,-999.0,-999.0,-999.0,-999.0,-999.0,0,-999.0,-999.0,-999.0,0,0,0.8731529712677002,18.460800170898438,0.2260569930076599,-999.0,1,18.460800170898438,18.460800170898438,-999.0,-999.0,-999.0,0,18.789899826049805,0.2260569930076599,-999.0,1,272,-999.0,-999.0,-999.0,-999.0,0,-999.0,-999.0,-999.0,-999.0,-999.0,0,-999.0,-999.0,-999.0,0,0,0.03478532648374929
PSO J223.8880+05.5308,-999,-999,-999,114632238879897454,3496239000024325,65296387825412,0,15189951545246,11463,1,1467,31,0.462896956561969,3496239,15203,3,268959744,0,32,-999.0,-999.0,-999.0,-999.0,223.88797014,5.5308349,0.32295000553131104,0.32295000553131104,,,,,56043.42429398,-999.0,-0.7173414599417633,-0.6900230789676397,0.09638143151374265,219.66201651954205,21.278626708223815,2.355529783524827,53.42124924194137,-999,0,1,0,1,0,0,0,-999.0,-999.0,-999.0,-999.0,0,-999.0,-999.0,-999.0,-999.0,-999.0,0,-999.0,-999.0,-999.0,0,0,0.5593060255050659,22.48579978942871,0.3226029872894287,-999.0,1,22.48579978942871,22.48579978942871,-999.0,-999.0,-999.0,0,22.616899490356445,0.3226029872894287,-999.0,1,4120,-999.0,-999.0,-999.0,-999.0,0,-999.0,-999.0,-999.0,-999.0,-999.0,0,-999.0,-999.0,-999.0,0,0,-999.0,-999.0,-999.0,-999.0,0,-999.0,-999.0,-999.0,-999.0,-999.0,0,-999.0,-999.0,-999.0,0,0,-999.0,-999.0,-999.0,-999.0,0,-999.0,-999.0,-999.0,-999.0,-999.0,0,-999.0,-999.0,-999.0,0,0,0.03540044052543405
PSO J223.8879+05.5317,-999,-999,-999,114632238879048440,3496239000024318,65296387825405,0,15189951543628,11463,1,1467,31,0.0562528688984484,3496239,15203,3,268959744,0,32,-999.0,-999.0,-999.0,-999.0,223.88787623,5.53165972,0.25110000371932983,0.25110000371932983,,,,,55609.56458333,-999.0,-0.7173415908798413,-0.6900209412681296,0.09639576030833871,219.6616487504841,21.279382766781964,2.3564951897466666,53.421847645035314,-999,0,1,0,0,0,1,0,-999.0,-999.0,-999.0,-999.0,0,-999.0,-999.0,-999.0,-999.0,-999.0,0,-999.0,-999.0,-999.0,0,0,-999.0,-999.0,-999.0,-999.0,0,-999.0,-999.0,-999.0,-999.0,-999.0,0,-999.0,-999.0,-999.0,0,0,-999.0,-999.0,-999.0,-999.0,0,-999.0,-999.0,-999.0,-999.0,-999.0,0,-999.0,-999.0,-999.0,0,0,0.6237170100212097,20.14109992980957,0.2506519854068756,-999.0,1,20.14109992980957,20.14109992980957,-999.0,-999.0,-999.0,0,21.475200653076172,0.2506519854068756,-999.0,1,4112,-999.0,-999.0,-999.0,-999.0,0,-999.0,-999.0,-999.0,-999.0,-999.0,0,-999.0,-999.0,-999.0,0,0,0.034570658947284734
PSO J223.8869+05.5318,-999,-999,-999,114632238869558582,3496239000024169,65296387825256,0,15189951543787,11463,1,1467,31,0.253271182303569,3496239,15203,3,268959744,0,32,-999.0,-999.0,-999.0,-999.0,223.886943,5.53178016,0.20993000268936157,0.20993000268936157,,,,,55694.32836806,-999.0,-0.717352683762093,-0.6900091166895445,0.0963978525934949,219.66066048789457,21.279211589881907,2.355655896908566,53.42263959546854,-999,0,1,0,0,1,0,0,-999.0,-999.0,-999.0,-999.0,0,-999.0,-999.0,-999.0,-999.0,-999.0,0,-999.0,-999.0,-999.0,0,0,-999.0,-999.0,-999.0,-999.0,0,-999.0,-999.0,-999.0,-999.0,-999.0,0,-999.0,-999.0,-999.0,0,0,0.7194129824638367,20.75160026550293,0.20938999950885773,-999.0,1,20.75160026550293,20.75160026550293,-999.0,-999.0,-999.0,0,21.406299591064453,0.20938999950885773,-999.0,1,4112,-999.0,-999.0,-999.0,-999.0,0,-999.0,-999.0,-999.0,-999.0,-999.0,0,-999.0,-999.0,-999.0,0,0,-999.0,-999.0,-999.0,-999.0,0,-999.0,-999.0,-999.0,-999.0,-999.0,0,-999.0,-999.0,-999.0,0,0,0.03433287979611773
PSO J223.8865+05.5321,-999,-999,-999,114632238867158977,3496239000024120,65296387825207,0,15189951535634,11463,1,1467,31,0.970650084289396,3496239,15203,3,302067712,0,36,-999.0,-999.0,-999.0,-999.0,223.886453,5.53214257,0.1838199943304062,0.1838199943304062,,,,,56487.28100694,-999.0,-0.7173581453086739,-0.6900025590779083,0.09640414838188754,219.66004281600775,21.279406371480196,2.35560169676665,53.42324636277016,-999,0,2,0,1,0,1,0,-999.0,-999.0,-999.0,-999.0,0,-999.0,-999.0,-999.0,-999.0,-999.0,0,-999.0,-999.0,-999.0,0,0,0.6998720169067383,21.124399185180664,0.23975400626659393,-999.0,1,21.124399185180664,21.124399185180664,-999.0,-999.0,-999.0,0,-999.0,-999.0,-999.0,0,4112,-999.0,-999.0,-999.0,-999.0,0,-999.0,-999.0,-999.0,-999.0,-999.0,0,-999.0,-999.0,-999.0,0,0,0.998803973197937,21.613100051879883,0.1832049936056137,-999.0,1,21.613100051879883,21.613100051879883,-999.0,-999.0,-999.0,1,21.776100158691406,0.1832049936056137,-999.0,1,280,-999.0,-999.0,-999.0,-999.0,0,-999.0,-999.0,-999.0,-999.0,-999.0,0,-999.0,-999.0,-999.0,0,0,0.03391999068753912
PSO J223.8867+05.5310,-999,-999,-999,114632238866877632,3496239000024115,65296387825202,0,15189951544606,11463,1,1467,31,0.68591405328914,3496239,15203,3,268959744,0,32,-999.0,-999.0,-999.0,-999.0,223.88666815,5.5309831,0.18570999801158905,0.18570999801158905,,,,,56043.42429398,-999.0,-0.7173569601748742,-0.6900066050890501,0.09638400604948785,219.66064430398652,21.27836902364673,2.3543332122892675,53.42234145940024,-999,0,1,0,1,0,0,0,-999.0,-999.0,-999.0,-999.0,0,-999.0,-999.0,-999.0,-999.0,-999.0,0,-999.0,-999.0,-999.0,0,0,0.7365639805793762,22.014699935913086,0.18510200083255768,-999.0,1,22.014699935913086,22.014699935913086,-999.0,-999.0,-999.0,0,22.140499114990234,0.18510200083255768,-999.0,1,4120,-999.0,-999.0,-999.0,-999.0,0,-999.0,-999.0,-999.0,-999.0,-999.0,0,-999.0,-999.0,-999.0,0,0,-999.0,-999.0,-999.0,-999.0,0,-999.0,-999.0,-999.0,-999.0,-999.0,0,-999.0,-999.0,-999.0,0,0,-999.0,-999.0,-999.0,-999.0,0,-999.0,-999.0,-999.0,-999.0,-999.0,0,-999.0,-999.0,-999.0,0,0,0.03509532137041211
PSO J223.8851+05.5312,-999,-999,-999,114632238850787895,3496239000023868,65296387824955,0,15189951534570,11463,1,1467,31,0.948185443829918,3496239,15203,3,268959744,0,32,-999.0,-999.0,-999.0,-999.0,223.88505931,5.5312029,0.2167699933052063,0.2167699933052063,,,,,56043.42429398,-999.0,-0.7173760684735482,-0.6899862054307043,0.09638782442182804,219.658936585847,21.278085490983134,2.3529019322248157,53.42371448099399,-999,0,1,0,1,0,0,0,-999.0,-999.0,-999.0,-999.0,0,-999.0,-999.0,-999.0,-999.0,-999.0,0,-999.0,-999.0,-999.0,0,0,0.6162739992141724,22.104700088500977,0.21625199913978577,-999.0,1,22.104700088500977,22.104700088500977,-999.0,-999.0,-999.0,0,23.47760009765625,0.21625199913978577,-999.0,1,4120,-999.0,-999.0,-999.0,-999.0,0,-999.0,-999.0,-999.0,-999.0,-999.0,0,-999.0,-999.0,-999.0,0,0,-999.0,-999.0,-999.0,-999.0,0,-999.0,-999.0,-999.0,-999.0,-999.0,0,-999.0,-999.0,-999.0,0,0,-999.0,-999.0,-999.0,-999.0,0,-999.0,-999.0,-999.0,-999.0,-999.0,0,-999.0,-999.0,-999.0,0,0,0.03474560797624202
PSO J223.8838+05.5313,-999,-999,-999,114632238837758023,3496239000023673,65296387824760,0,15189951534733,11463,1,1467,31,0.135774141303985,3496239,15203,3,268959744,0,32,-999.0,-999.0,-999.0,-999.0,223.88375565,5.53130936,0.2155900001525879,0.2155900001525879,,,,,56043.42429398,-999.0,-0.7173916385696172,-0.6899697585299904,0.09638967384770274,219.6575764645319,21.27778756123537,2.351649531103818,53.42478131213573,-999,0,1,0,1,0,0,0,-999.0,-999.0,-999.0,-999.0,0,-999.0,-999.0,-999.0,-999.0,-999.0,0,-999.0,-999.0,-999.0,0,0,0.5994030237197876,22.09000015258789,0.21506300568580627,-999.0,1,22.09000015258789,22.09000015258789,-999.0,-999.0,-999.0,0,22.262699127197266,0.21506300568580627,-999.0,1,4120,-999.0,-999.0,-999.0,-999.0,0,-999.0,-999.0,-999.0,-999.0,-999.0,0,-999.0,-999.0,-999.0,0,0,-999.0,-999.0,-999.0,-999.0,0,-999.0,-999.0,-999.0,-999.0,-999.0,0,-999.0,-999.0,-999.0,0,0,-999.0,-999.0,-999.0,-999.0,0,-999.0,-999.0,-999.0,-999.0,-999.0,0,-999.0,-999.0,-999.0,0,0,0.03458681848383263
PSO J223.8816+05.5306,-999,-999,-999,114632238816597220,3496239000023362,65296387824449,0,15189951564267,11463,1,1467,31,0.686918906575925,3496239,15203,3,268959744,0,32,-999.0,-999.0,-999.0,-999.0,223.88164351,5.53064027,0.3158400058746338,0.3158400058746338,,,,,56317.68130787,-999.0,-0.7174178842564559,-0.6899440924823987,0.09637805039338335,219.65565073382163,21.276504101907655,2.3485331123336644,53.42597253248956,-999,0,1,0,0,0,0,1,-999.0,-999.0,-999.0,-999.0,0,-999.0,-999.0,-999.0,-999.0,-999.0,0,-999.0,-999.0,-999.0,0,0,-999.0,-999.0,-999.0,-999.0,0,-999.0,-999.0,-999.0,-999.0,-999.0,0,-999.0,-999.0,-999.0,0,0,-999.0,-999.0,-999.0,-999.0,0,-999.0,-999.0,-999.0,-999.0,-999.0,0,-999.0,-999.0,-999.0,0,0,-999.0,-999.0,-999.0,-999.0,0,-999.0,-999.0,-999.0,-999.0,-999.0,0,-999.0,-999.0,-999.0,0,0,0.37615299224853516,19.59239959716797,0.31548500061035156,-999.0,1,19.59239959716797,19.59239959716797,-999.0,-999.0,-999.0,0,20.36199951171875,0.31548500061035156,-999.0,1,4120,0.035273578420492294
PSO J223.8806+05.5319,-999,-999,-999,114632238806078757,3496239000023190,65296387824277,0,15189951562491,11463,1,1467,31,0.871133005126503,3496239,15203,3,268959744,0,32,-999.0,-999.0,-999.0,-999.0,223.88058493,5.53192034,0.29190999269485474,0.29190999269485474,,,,,56043.43508102,-999.0,-0.7174290791456118,-0.6899293448665894,0.09640028780163663,219.65415219733103,21.27739788513511,2.3490580536272394,53.42760069847251,-999,0,1,0,1,0,0,0,-999.0,-999.0,-999.0,-999.0,0,-999.0,-999.0,-999.0,-999.0,-999.0,0,-999.0,-999.0,-999.0,0,0,0.5341870188713074,22.36680030822754,0.29152101278305054,-999.0,1,22.36680030822754,22.36680030822754,-999.0,-999.0,-999.0,0,22.417600631713867,0.29152101278305054,-999.0,1,4120,-999.0,-999.0,-999.0,-999.0,0,-999.0,-999.0,-999.0,-999.0,-999.0,0,-999.0,-999.0,-999.0,0,0,-999.0,-999.0,-999.0,-999.0,0,-999.0,-999.0,-999.0,-999.0,-999.0,0,-999.0,-999.0,-999.0,0,0,-999.0,-999.0,-999.0,-999.0,0,-999.0,-999.0,-999.0,-999.0,-999.0,0,-999.0,-999.0,-999.0,0,0,0.0340526056921043
PSO J223.8804+05.5327,-999,-999,-999,114632238803499581,3496239000023153,65296387824240,0,15189951562568,11463,1,1467,31,0.761137854085432,3496239,15203,3,268959744,0,32,-999.0,-999.0,-999.0,-999.0,223.88044956,5.53269432,0.16830000281333923,0.16830000281333923,,,,,56822.40189815,-999.0,-0.7174297705147952,-0.689926747122577,0.09641373337833244,219.65375905102994,21.278092860006733,2.349913634133829,53.42819846111882,-999,0,2,0,0,2,0,0,-999.0,-999.0,-999.0,-999.0,0,-999.0,-999.0,-999.0,-999.0,-999.0,0,-999.0,-999.0,-999.0,0,0,-999.0,-999.0,-999.0,-999.0,0,-999.0,-999.0,-999.0,-999.0,-999.0,0,-999.0,-999.0,-999.0,0,0,0.8171719908714294,21.12150001525879,0.20185500383377075,0.4006899893283844,2,20.720800399780273,21.124500274658203,-999.0,-999.0,-999.0,1,22.080799102783203,0.493710994720459,0.9847360253334045,2,4120,-999.0,-999.0,-999.0,-999.0,0,-999.0,-999.0,-999.0,-999.0,-999.0,0,-999.0,-999.0,-999.0,0,0,-999.0,-999.0,-999.0,-999.0,0,-999.0,-999.0,-999.0,-999.0,-999.0,0,-999.0,-999.0,-999.0,0,0,0.03329060390298162
PSO J223.8754+05.5328,-999,-999,-999,114632238754399855,3496239000022311,65296387823398,0,15189951557603,11463,1,1467,31,0.219065691548461,3496239,15203,3,268959744,0,32,-999.0,-999.0,-999.0,-999.0,223.87543044,5.53283979,0.2836799919605255,0.2836799919605255,,,,,56392.52778935,-999.0,-0.7174900290048633,-0.6898637278430866,0.09641626048048212,219.64860993598649,21.276694086843754,2.3447492002912984,53.43213682895845,-999,0,1,1,0,0,0,0,0.4280880093574524,21.428199768066406,0.28328800201416016,-999.0,1,21.428199768066406,21.428199768066406,-999.0,-999.0,-999.0,0,-999.0,-999.0,-999.0,0,4120,-999.0,-999.0,-999.0,-999.0,0,-999.0,-999.0,-999.0,-999.0,-999.0,0,-999.0,-999.0,-999.0,0,0,-999.0,-999.0,-999.0,-999.0,0,-999.0,-999.0,-999.0,-999.0,-999.0,0,-999.0,-999.0,-999.0,0,0,-999.0,-999.0,-999.0,-999.0,0,-999.0,-999.0,-999.0,-999.0,-999.0,0,-999.0,-999.0,-999.0,0,0,-999.0,-999.0,-999.0,-999.0,0,-999.0,-999.0,-999.0,-999.0,-999.0,0,-999.0,-999.0,-999.0,0,0,0.03389611474697753
PSO J223.8728+05.5327,-999,-999,-999,114632238727839642,3496239000021812,65296387822899,0,15189951555005,11463,1,1467,31,0.61293590405298,3496239,15203,3,268959744,0,32,-999.0,-999.0,-999.0,-999.0,223.87276214,5.5326613,0.2567499876022339,0.2567499876022339,,,,,56785.3649537,-999.0,-0.7175223721285746,-0.6898305213028486,0.09641315975541655,219.64595704364473,21.27570700202861,2.3416727497597467,53.43406717519126,-999,0,1,0,0,1,0,0,-999.0,-999.0,-999.0,-999.0,0,-999.0,-999.0,-999.0,-999.0,-999.0,0,-999.0,-999.0,-999.0,0,0,-999.0,-999.0,-999.0,-999.0,0,-999.0,-999.0,-999.0,-999.0,-999.0,0,-999.0,-999.0,-999.0,0,0,0.8119379878044128,21.968299865722656,0.2563120126724243,-999.0,1,21.968299865722656,21.968299865722656,-999.0,-999.0,-999.0,0,22.507200241088867,0.2563120126724243,-999.0,1,4120,-999.0,-999.0,-999.0,-999.0,0,-999.0,-999.0,-999.0,-999.0,-999.0,0,-999.0,-999.0,-999.0,0,0,-999.0,-999.0,-999.0,-999.0,0,-999.0,-999.0,-999.0,-999.0,-999.0,0,-999.0,-999.0,-999.0,0,0,0.034754096585054885
PSO J223.8918+05.5613,-999,-999,-999,114672238918454067,3496239000024956,65296387826043,0,15189953256633,11467,1,1467,31,0.45959714936055,3496239,15203,3,310456320,0,37,-999.0,-999.0,-999.0,-999.0,223.89181261,5.56134861,0.18434999883174896,0.18434999883174896,,,,,55305.53513889,-999.0,-0.7172580905667388,-0.6900355005883989,0.09691150315764112,219.65584602076976,21.308836960623534,2.3990604953401333,53.4377729360917,-999,0,1,1,0,0,0,0,0.8342649936676025,21.76300048828125,0.18373499810695648,-999.0,1,21.76300048828125,21.76300048828125,21.087799072265625,0.20597299933433533,-999.0,1,21.060199737548828,0.18373499810695648,-999.0,1,16777752,-999.0,-999.0,-999.0,-999.0,0,-999.0,-999.0,-999.0,-999.0,-999.0,0,-999.0,-999.0,-999.0,0,0,-999.0,-999.0,-999.0,-999.0,0,-999.0,-999.0,-999.0,-999.0,-999.0,0,-999.0,-999.0,-999.0,0,0,-999.0,-999.0,-999.0,-999.0,0,-999.0,-999.0,-999.0,-999.0,-999.0,0,-999.0,-999.0,-999.0,0,0,-999.0,-999.0,-999.0,-999.0,0,-999.0,-999.0,-999.0,-999.0,-999.0,0,-999.0,-999.0,-999.0,0,0,0.00987614160531385
PSO J223.8925+05.5645,-999,-999,-999,114672238925507887,3496239000025074,65296387826161,0,15189953280003,11467,1,1467,31,0.961133078635794,3496239,15203,3,444674048,0,53,223.89256798,5.56453581,0.0010000000474974513,0.0010000000474974513,223.89250865,5.56453183,0.1839900016784668,0.1839900016784668,,,,,56787.38965278,-999.0,-0.717245826661647,-0.690040479968788,0.09696679916804138,219.65550220322885,21.312078906139266,2.4039181385070316,53.439269512947305,-999,4,1,0,0,1,0,0,-999.0,-999.0,-999.0,-999.0,0,-999.0,-999.0,-999.0,-999.0,-999.0,0,-999.0,-999.0,-999.0,0,114720,-999.0,-999.0,-999.0,-999.0,0,-999.0,-999.0,-999.0,-999.0,-999.0,0,-999.0,-999.0,-999.0,0,114720,0.997838020324707,21.712600708007812,0.1833769977092743,-999.0,1,21.712600708007812,21.712600708007812,21.22960090637207,0.24389700591564178,-999.0,1,21.15329933166504,0.1833769977092743,-999.0,1,16892216,-999.0,-999.0,-999.0,-999.0,0,-999.0,-999.0,-999.0,-999.0,-999.0,0,-999.0,-999.0,-999.0,0,114720,-999.0,-999.0,-999.0,-999.0,0,-999.0,-999.0,-999.0,-999.0,-999.0,0,-999.0,-999.0,-999.0,0,16416,0.009560506695085343
PSO J223.8930+05.5590,-999,-999,-999,114672238930191243,3496239000116863,65296387920023,0,15189953253933,11467,1,1467,31,0.37003451340835,3496239,15203,3,404226048,0,48,223.89301246,5.5589883,0.0010000000474974513,0.0010000000474974513,223.89301246,5.5589883,0.0010000000474974513,0.0010000000474974513,,,,,55971.37297454,-999.0,-0.7172465165219967,-0.690053288100306,0.09687050180017243,219.65784519258827,21.306958599113223,2.3972874356077742,53.4353477436623,-999,2,0,0,0,0,0,0,-999.0,-999.0,-999.0,-999.0,0,-999.0,-999.0,-999.0,-999.0,-999.0,0,-999.0,-999.0,-999.0,0,16416,-999.0,-999.0,-999.0,-999.0,0,-999.0,-999.0,-999.0,-999.0,-999.0,0,-999.0,-999.0,-999.0,0,114720,-999.0,-999.0,-999.0,-999.0,0,-999.0,-999.0,-999.0,-999.0,-999.0,0,-999.0,-999.0,-999.0,0,114720,-999.0,-999.0,-999.0,-999.0,0,-999.0,-999.0,-999.0,-999.0,-999.0,0,-999.0,-999.0,-999.0,0,16416,-999.0,-999.0,-999.0,-999.0,0,-999.0,-999.0,-999.0,-999.0,-999.0,0,-999.0,-999.0,-999.0,0,16416,0.012120780567933054
PSO J223.8930+05.5620,-999,-999,-999,114672238930434838,3496239000025138,65296387826225,0,15189953255081,11467,1,1467,31,0.245612089750927,3496239,15203,3,302067712,0,36,-999.0,-999.0,-999.0,-999.0,223.89301526,5.56198603,0.17892999947071075,0.17892999947071075,,,,,56822.41376157,-999.0,-0.7172428294277564,-0.6900498082909827,0.0969225758636472,219.6568579967036,21.30981176013317,2.4011662082025715,53.43725753481349,-999,0,1,0,0,1,0,0,-999.0,-999.0,-999.0,-999.0,0,-999.0,-999.0,-999.0,-999.0,-999.0,0,-999.0,-999.0,-999.0,0,0,-999.0,-999.0,-999.0,-999.0,0,-999.0,-999.0,-999.0,-999.0,-999.0,0,-999.0,-999.0,-999.0,0,0,0.998881995677948,20.592100143432617,0.1782979965209961,-999.0,1,20.592100143432617,20.592100143432617,20.457700729370117,0.2927339971065521,-999.0,1,20.304100036621094,0.1782979965209961,-999.0,1,272,-999.0,-999.0,-999.0,-999.0,0,-999.0,-999.0,-999.0,-999.0,-999.0,0,-999.0,-999.0,-999.0,0,0,-999.0,-999.0,-999.0,-999.0,0,-999.0,-999.0,-999.0,-999.0,-999.0,0,-999.0,-999.0,-999.0,0,0,0.010704572659637882
PSO J223.8930+05.5615,-999,-999,-999,114672238931464321,3496239000025158,65296387826245,0,15189953255064,11467,1,1467,31,0.929747654059667,3496239,15203,3,444915712,7,53,223.89302834,5.5614975,0.0010000000474974513,0.0010000000474974513,223.89300163935306,5.561509155874332,0.02137393036146252,0.02137393036146252,-116.61009512302334,18.281462062247453,19.972073167211786,19.972073167211786,56447.72562573212,10.430912017822266,-0.7172435747739702,-0.6900501970489612,0.0969142920221062,219.6569988792041,21.309333071836264,2.4005011093180713,53.43695854875217,-999,5,18,1,4,9,4,0,0.5686839818954468,21.555200576782227,0.15546999871730804,-999.0,1,21.555200576782227,21.555200576782227,21.070899963378906,0.1804720014333725,-999.0,1,20.9330997467041,0.15546999871730804,-999.0,1,16892472,0.9992259740829468,21.854400634765625,0.11606299877166748,0.19826799631118774,3,21.612499237060547,21.978700637817383,21.301000595092773,0.081325002014637,0.14292100071907043,4,21.21739959716797,0.12087000161409378,0.21154600381851196,4,16892216,0.9990940093994141,21.440399169921875,0.05896700173616409,0.1932000070810318,9,21.214099884033203,21.81839942932129,20.875699996948242,0.11966200172901154,0.32280200719833374,9,20.862600326538086,0.06916099786758423,0.20513300597667694,9,16892216,0.9995419979095459,21.270099639892578,0.025512000545859337,0.09371200203895569,3,21.237499237060547,21.39080047607422,20.69540023803711,0.023003999143838882,0.08230800181627274,4,20.654699325561523,0.04751899838447571,0.08838299661874771,4,16892216,-999.0,-999.0,-999.0,-999.0,0,-999.0,-999.0,-999.0,-999.0,-999.0,0,-999.0,-999.0,-999.0,0,114720,0.010875053196709361
PSO J223.8932+05.5604,-999,-999,-999,114672238931722881,3496239000116867,65296387920027,0,15189953257272,11467,1,1467,31,0.0921700392776821,3496239,15203,3,1343750144,0,160,223.8931749,5.56036038,0.0010000000474974513,0.0010000000474974513,223.8931749,5.56036038,0.0010000000474974513,0.0010000000474974513,,,,,56016.57618056,-999.0,-0.7172428882168919,-0.690053713028161,0.09689433646163038,219.65755716912335,21.308313862534927,2.3992344609486644,53.436098341734926,-999,1,0,0,0,0,0,0,-999.0,-999.0,-999.0,-999.0,0,-999.0,-999.0,-999.0,-999.0,-999.0,0,-999.0,-999.0,-999.0,0,114720,-999.0,-999.0,-999.0,-999.0,0,-999.0,-999.0,-999.0,-999.0,-999.0,0,-999.0,-999.0,-999.0,0,16416,-999.0,-999.0,-999.0,-999.0,0,-999.0,-999.0,-999.0,-999.0,-999.0,0,-999.0,-999.0,-999.0,0,16416,-999.0,-999.0,-999.0,-999.0,0,-999.0,-999.0,-999.0,-999.0,-999.0,0,-999.0,-999.0,-999.0,0,16416,-999.0,-999.0,-999.0,-999.0,0,-999.0,-999.0,-999.0,-999.0,-999.0,0,-999.0,-999.0,-999.0,0,16416,0.011537340676139315
PSO J223.8936+05.5592,-999,-999,-999,114672238936641482,3496239000025236,65296387826323,0,15189953254086,11467,1,1467,31,0.0362323662603575,3496239,15203,3,268959744,0,32,-999.0,-999.0,-999.0,-999.0,223.89363594,5.55919108,0.2695100009441376,0.2695100009441376,,,,,56838.25114583,-999.0,-0.7172387604061868,-0.6900608552732432,0.09687402433344378,219.65841198795258,21.30734247359008,2.398213979978374,53.43499913789708,-999,0,1,0,0,0,0,1,-999.0,-999.0,-999.0,-999.0,0,-999.0,-999.0,-999.0,-999.0,-999.0,0,-999.0,-999.0,-999.0,0,0,-999.0,-999.0,-999.0,-999.0,0,-999.0,-999.0,-999.0,-999.0,-999.0,0,-999.0,-999.0,-999.0,0,0,-999.0,-999.0,-999.0,-999.0,0,-999.0,-999.0,-999.0,-999.0,-999.0,0,-999.0,-999.0,-999.0,0,0,-999.0,-999.0,-999.0,-999.0,0,-999.0,-999.0,-999.0,-999.0,-999.0,0,-999.0,-999.0,-999.0,0,0,0.6703460216522217,20.826499938964844,0.2690880000591278,-999.0,1,20.826499938964844,20.826499938964844,-999.0,-999.0,-999.0,0,22.566999435424805,0.2690880000591278,-999.0,1,4120,0.012526334989614533
PSO J223.8937+05.5610,-999,-999,-999,114672238936723651,3496239000025238,65296387826325,0,15189953257173,11467,1,1467,31,0.444717452344221,3496239,15203,3,310456320,0,37,-999.0,-999.0,-999.0,-999.0,223.89365293,5.56100657,0.18233999609947205,0.18233999609947205,,,,,56335.659375,-999.0,-0.7172363433982714,-0.6900589394051758,0.09690556153121836,219.6578296752374,21.30907509525945,2.400579307773509,53.43614402248276,-999,0,1,0,0,0,0,1,-999.0,-999.0,-999.0,-999.0,0,-999.0,-999.0,-999.0,-999.0,-999.0,0,-999.0,-999.0,-999.0,0,0,-999.0,-999.0,-999.0,-999.0,0,-999.0,-999.0,-999.0,-999.0,-999.0,0,-999.0,-999.0,-999.0,0,0,-999.0,-999.0,-999.0,-999.0,0,-999.0,-999.0,-999.0,-999.0,-999.0,0,-999.0,-999.0,-999.0,0,0,-999.0,-999.0,-999.0,-999.0,0,-999.0,-999.0,-999.0,-999.0,-999.0,0,-999.0,-999.0,-999.0,0,0,0.1347929984331131,20.3439998626709,0.18171800673007965,-999.0,1,20.3439998626709,20.3439998626709,19.682199478149414,0.19737599790096283,-999.0,1,19.70560073852539,0.18171800673007965,-999.0,1,16777752,0.01167247369615162
PSO J223.8938+05.5630,-999,-999,-999,114672238937986105,3496239000116873,65296387920033,0,15189953272710,11467,1,1467,31,0.334467055587533,3496239,15203,3,1343750144,0,160,223.89379838,5.56303928,0.0010000000474974513,0.0010000000474974513,223.89379838,5.56303928,0.0010000000474974513,0.0010000000474974513,,,,,56125.39715278,-999.0,-0.717232113686039,-0.6900583761082136,0.09694087198056332,219.65730618843136,21.311053736417215,2.403362508050789,53.43732891419362,-999,1,0,0,0,0,0,0,-999.0,-999.0,-999.0,-999.0,0,-999.0,-999.0,-999.0,-999.0,-999.0,0,-999.0,-999.0,-999.0,0,114720,-999.0,-999.0,-999.0,-999.0,0,-999.0,-999.0,-999.0,-999.0,-999.0,0,-999.0,-999.0,-999.0,0,16416,-999.0,-999.0,-999.0,-999.0,0,-999.0,-999.0,-999.0,-999.0,-999.0,0,-999.0,-999.0,-999.0,0,16416,-999.0,-999.0,-999.0,-999.0,0,-999.0,-999.0,-999.0,-999.0,-999.0,0,-999.0,-999.0,-999.0,0,16416,-999.0,-999.0,-999.0,-999.0,0,-999.0,-999.0,-999.0,-999.0,-999.0,0,-999.0,-999.0,-999.0,0,16416,0.011118626596655388
PSO J223.8942+05.5608,-999,-999,-999,114672238942273395,3496239000025332,65296387826419,0,15189953253649,11467,1,1467,31,0.980343093145958,3496239,15203,3,268513280,0,32,-999.0,-999.0,-999.0,-999.0,223.89419803,5.56078287,0.019940000027418137,0.019940000027418137,,,,,55305.54534722,-999.0,-0.7172300509306997,-0.6900660253244177,0.09690167560422246,219.65845765199393,21.309029175951782,2.400870920083895,53.43558348086803,-999,0,1,1,0,0,0,0,0.9988639950752258,18.74519920349121,0.013136000372469425,-999.0,1,18.74519920349121,18.74519920349121,19.591800689697266,0.04057199880480766,-999.0,1,19.391399383544922,0.013136000372469425,-999.0,1,24,-999.0,-999.0,-999.0,-999.0,0,-999.0,-999.0,-999.0,-999.0,-999.0,0,-999.0,-999.0,-999.0,0,0,-999.0,-999.0,-999.0,-999.0,0,-999.0,-999.0,-999.0,-999.0,-999.0,0,-999.0,-999.0,-999.0,0,0,-999.0,-999.0,-999.0,-999.0,0,-999.0,-999.0,-999.0,-999.0,-999.0,0,-999.0,-999.0,-999.0,0,0,-999.0,-999.0,-999.0,-999.0,0,-999.0,-999.0,-999.0,-999.0,-999.0,0,-999.0,-999.0,-999.0,0,0,0.012258861741331535
PSO J223.8951+05.5660,-999,-999,-999,114672238951529679,3496239000025481,65296387826568,0,15189953280648,11467,1,1467,31,0.983851299606125,3496239,15203,3,302067712,0,36,-999.0,-999.0,-999.0,-999.0,223.89513464,5.56601891,0.20590999722480774,0.20590999722480774,,,,,55693.48083333,-999.0,-0.7172123860400739,-0.6900716070017374,0.09699263127033758,219.65768042924628,21.31429803018082,2.408639119534256,53.4382046713291,-999,0,1,1,0,0,0,0,0.9975110292434692,18.48590087890625,0.20536699891090393,-999.0,1,18.48590087890625,18.48590087890625,-999.0,-999.0,-999.0,0,-999.0,-999.0,-999.0,0,272,-999.0,-999.0,-999.0,-999.0,0,-999.0,-999.0,-999.0,-999.0,-999.0,0,-999.0,-999.0,-999.0,0,0,-999.0,-999.0,-999.0,-999.0,0,-999.0,-999.0,-999.0,-999.0,-999.0,0,-999.0,-999.0,-999.0,0,0,-999.0,-999.0,-999.0,-999.0,0,-999.0,-999.0,-999.0,-999.0,-999.0,0,-999.0,-999.0,-999.0,0,0,-999.0,-999.0,-999.0,-999.0,0,-999.0,-999.0,-999.0,-999.0,-999.0,0,-999.0,-999.0,-999.0,0,0,0.012078137186172039
PSO J223.8955+05.5627,-999,-999,-999,114672238954615735,3496239000025531,65296387826618,0,15189953273222,11467,1,1467,31,0.270722623235288,3496239,15203,3,268959744,0,32,-999.0,-999.0,-999.0,-999.0,223.89546269,5.56272155,0.23262999951839447,0.23262999951839447,,,,,56822.37528935,-999.0,-0.7172124561539928,-0.6900795824698228,0.09693535266264848,219.65910292275336,21.31126108963024,2.404725039226928,53.43585039034537,-999,0,1,0,0,1,0,0,-999.0,-999.0,-999.0,-999.0,0,-999.0,-999.0,-999.0,-999.0,-999.0,0,-999.0,-999.0,-999.0,0,0,-999.0,-999.0,-999.0,-999.0,0,-999.0,-999.0,-999.0,-999.0,-999.0,0,-999.0,-999.0,-999.0,0,0,0.6811670064926147,21.24250030517578,0.23214399814605713,-999.0,1,21.24250030517578,21.24250030517578,-999.0,-999.0,-999.0,0,21.262399673461914,0.23214399814605713,-999.0,1,4120,-999.0,-999.0,-999.0,-999.0,0,-999.0,-999.0,-999.0,-999.0,-999.0,0,-999.0,-999.0,-999.0,0,0,-999.0,-999.0,-999.0,-999.0,0,-999.0,-999.0,-999.0,-999.0,-999.0,0,-999.0,-999.0,-999.0,0,0,0.0128017488462195
PSO J223.8955+05.5643,-999,-999,-999,114672238954777610,3496239000116899,65296387920059,0,15189953272558,11467,1,1467,31,0.540019317101705,3496239,15203,3,1343750144,0,160,223.89547596,5.56429142,0.0010000000474974513,0.0010000000474974513,223.89547596,5.56429142,0.0010000000474974513,0.0010000000474974513,,,,,55940.11799769,-999.0,-0.7172103821508137,-0.6900779068171937,0.09696262299403939,219.65859793635633,21.31275886808205,2.4067690242566777,53.436841367055706,-999,1,0,0,0,0,0,0,-999.0,-999.0,-999.0,-999.0,0,-999.0,-999.0,-999.0,-999.0,-999.0,0,-999.0,-999.0,-999.0,0,114720,-999.0,-999.0,-999.0,-999.0,0,-999.0,-999.0,-999.0,-999.0,-999.0,0,-999.0,-999.0,-999.0,0,16416,-999.0,-999.0,-999.0,-999.0,0,-999.0,-999.0,-999.0,-999.0,-999.0,0,-999.0,-999.0,-999.0,0,16416,-999.0,-999.0,-999.0,-999.0,0,-999.0,-999.0,-999.0,-999.0,-999.0,0,-999.0,-999.0,-999.0,0,16416,-999.0,-999.0,-999.0,-999.0,0,-999.0,-999.0,-999.0,-999.0,-999.0,0,-999.0,-999.0,-999.0,0,16416,0.012519378919969158
PSO J223.8957+05.5593,-999,-999,-999,114672238956591591,3496239000025568,65296387826655,0,15189953253480,11467,1,1467,31,0.309806739268644,3496239,15203,3,268959744,0,32,-999.0,-999.0,-999.0,-999.0,223.89565347,5.55927116,0.21994000673294067,0.21994000673294067,,,,,56822.41376157,-999.0,-0.7172143635969735,-0.6900860167671273,0.09687541541933291,219.66043636318753,21.30803649605163,2.4004672909898592,53.43350360895785,-999,0,1,0,0,1,0,0,-999.0,-999.0,-999.0,-999.0,0,-999.0,-999.0,-999.0,-999.0,-999.0,0,-999.0,-999.0,-999.0,0,0,-999.0,-999.0,-999.0,-999.0,0,-999.0,-999.0,-999.0,-999.0,-999.0,0,-999.0,-999.0,-999.0,0,0,0.7228919863700867,20.681100845336914,0.21942399442195892,-999.0,1,20.681100845336914,20.681100845336914,-999.0,-999.0,-999.0,1,20.822599411010742,0.21942399442195892,-999.0,1,4112,-999.0,-999.0,-999.0,-999.0,0,-999.0,-999.0,-999.0,-999.0,-999.0,0,-999.0,-999.0,-999.0,0,0,-999.0,-999.0,-999.0,-999.0,0,-999.0,-999.0,-999.0,-999.0,-999.0,0,-999.0,-999.0,-999.0,0,0,0.014226330535874193
PSO J223.8957+05.5646,-999,-999,-999,114672238957287923,3496239000025584,65296387826671,0,15189953280291,11467,1,1467,31,0.228446547154753,3496239,15203,3,268513280,0,32,-999.0,-999.0,-999.0,-999.0,223.89568786,5.56455794,0.01631000079214573,0.01631000079214573,,,,,56787.37760417,-999.0,-0.7172075049684019,-0.6900802465769935,0.09696725272604016,219.65872531471396,21.313077349670404,2.4073394174278877,53.43684887880253,-999,0,1,0,0,1,0,0,-999.0,-999.0,-999.0,-999.0,0,-999.0,-999.0,-999.0,-999.0,-999.0,0,-999.0,-999.0,-999.0,0,0,-999.0,-999.0,-999.0,-999.0,0,-999.0,-999.0,-999.0,-999.0,-999.0,0,-999.0,-999.0,-999.0,0,0,0.9983000159263611,17.68630027770996,0.006401000078767538,-999.0,1,17.68630027770996,17.68630027770996,18.504600524902344,0.01648000068962574,-999.0,1,18.395599365234375,0.006401000078767538,-999.0,1,24,-999.0,-999.0,-999.0,-999.0,0,-999.0,-999.0,-999.0,-999.0,-999.0,0,-999.0,-999.0,-999.0,0,0,-999.0,-999.0,-999.0,-999.0,0,-999.0,-999.0,-999.0,-999.0,-999.0,0,-999.0,-999.0,-999.0,0,0,0.01269790672324662
PSO J223.8922+05.5439,-999,-999,-999,114652238922183084,3496239000025007,65296387826094,0,15189951426376,11465,1,1467,31,0.889615464852765,3496239,15203,3,268959744,0,32,-999.0,-999.0,-999.0,-999.0,223.89219135,5.54385929,0.30990999937057495,0.30990999937057495,,,,,56838.25114583,-999.0,-0.7172748138660335,-0.6900607189055779,0.09660768922277332,219.66200657192093,21.292312005080664,2.3768572287550738,53.42632592689392,-999,0,1,0,0,0,0,1,-999.0,-999.0,-999.0,-999.0,0,-999.0,-999.0,-999.0,-999.0,-999.0,0,-999.0,-999.0,-999.0,0,0,-999.0,-999.0,-999.0,-999.0,0,-999.0,-999.0,-999.0,-999.0,-999.0,0,-999.0,-999.0,-999.0,0,0,-999.0,-999.0,-999.0,-999.0,0,-999.0,-999.0,-999.0,-999.0,-999.0,0,-999.0,-999.0,-999.0,0,0,-999.0,-999.0,-999.0,-999.0,0,-999.0,-999.0,-999.0,-999.0,-999.0,0,-999.0,-999.0,-999.0,0,0,0.5646690130233765,20.980499267578125,0.30954301357269287,-999.0,1,20.980499267578125,20.980499267578125,-999.0,-999.0,-999.0,0,23.161699295043945,0.30954301357269287,-999.0,1,4120,0.02385274381540078
PSO J223.8921+05.5424,-999,-999,-999,114652238921591273,3496239000024997,65296387826084,0,15189951424340,11465,1,1467,31,0.116023385074011,3496239,15203,3,268959744,0,32,-999.0,-999.0,-999.0,-999.0,223.89214702,5.5423556,0.2713499963283539,0.2713499963283539,,,,,55694.35231481,-999.0,-0.7172771746518192,-0.6900619215131831,0.09658156760499025,219.6624580219107,21.29086767280152,2.3748668520562433,53.425400477529806,-999,0,1,0,1,0,0,0,-999.0,-999.0,-999.0,-999.0,0,-999.0,-999.0,-999.0,-999.0,-999.0,0,-999.0,-999.0,-999.0,0,0,0.8025400042533875,21.338499069213867,0.27093300223350525,-999.0,1,21.338499069213867,21.338499069213867,-999.0,-999.0,-999.0,0,21.051799774169922,0.27093300223350525,-999.0,1,4112,-999.0,-999.0,-999.0,-999.0,0,-999.0,-999.0,-999.0,-999.0,-999.0,0,-999.0,-999.0,-999.0,0,0,-999.0,-999.0,-999.0,-999.0,0,-999.0,-999.0,-999.0,-999.0,-999.0,0,-999.0,-999.0,-999.0,0,0,-999.0,-999.0,-999.0,-999.0,0,-999.0,-999.0,-999.0,-999.0,-999.0,0,-999.0,-999.0,-999.0,0,0,0.025232083975931734
PSO J223.8921+05.5427,-999,-999,-999,114652238921231646,3496239000024991,65296387826078,0,15189951424493,11465,1,1467,31,0.487418884865398,3496239,15203,3,268959744,0,32,-999.0,-999.0,-999.0,-999.0,223.89209644,5.54266096,0.2581300139427185,0.2581300139427185,,,,,56838.25114583,-999.0,-0.7172774128772533,-0.6900609314326864,0.0965868722258238,219.6623057842202,21.291142733835137,2.375207536014087,53.42563407808134,-999,0,1,0,0,0,0,1,-999.0,-999.0,-999.0,-999.0,0,-999.0,-999.0,-999.0,-999.0,-999.0,0,-999.0,-999.0,-999.0,0,0,-999.0,-999.0,-999.0,-999.0,0,-999.0,-999.0,-999.0,-999.0,-999.0,0,-999.0,-999.0,-999.0,0,0,-999.0,-999.0,-999.0,-999.0,0,-999.0,-999.0,-999.0,-999.0,-999.0,0,-999.0,-999.0,-999.0,0,0,-999.0,-999.0,-999.0,-999.0,0,-999.0,-999.0,-999.0,-999.0,-999.0,0,-999.0,-999.0,-999.0,0,0,0.678292989730835,20.76180076599121,0.2576900124549866,-999.0,1,20.76180076599121,20.76180076599121,-999.0,-999.0,-999.0,0,23.20159912109375,0.2576900124549866,-999.0,1,4120,0.02492920870075338
PSO J223.8920+05.5493,-999,-999,-999,114652238919989570,3496239000024973,65296387826060,0,15189951434172,11465,1,1467,31,0.561239798144661,3496239,15203,3,436527232,7,52,223.89200808,5.5492725,0.0010000000474974513,0.0010000000474974513,223.89198469173135,5.549276834440106,0.002260452615074837,0.0023740730980227245,-8.7540184050833,-1.1230530561034564,1.834083548484182,1.9267177485133367,56330.61232579038,2.1350960731506348,-0.7172707167497044,-0.6900517956445564,0.09670180050592976,219.66000238828002,21.297397081572093,2.3836254787676108,53.42994284111042,-999,5,68,8,14,21,12,13,0.9993469715118408,20.151100158691406,0.011769000440835953,0.059755001217126846,5,20.14299964904785,20.26650047302246,20.296100616455078,0.03468500077724457,0.21746200323104858,7,20.22949981689453,0.04614400118589401,0.22321100533008575,7,115000,0.9997270107269287,19.334400177001953,0.00913199968636036,0.06359600275754929,13,19.175800323486328,19.40679931640625,19.412200927734375,0.018373999744653702,0.10430499911308289,14,19.310800552368164,0.018996000289916992,0.08676999807357788,14,115000,0.9995710253715515,19.07539939880371,0.00674000009894371,0.04066599905490875,20,18.993099212646484,19.131099700927734,19.172700881958008,0.01126100029796362,0.055980999022722244,21,19.068899154663086,0.009680000133812428,0.049591001123189926,21,115000,0.9998180270195007,18.921199798583984,0.008422000333666801,0.02865700051188469,12,18.87849998474121,18.971900939941406,18.975900650024414,0.02217799983918667,0.10745300352573395,12,18.889999389648438,0.016214000061154366,0.07722900062799454,12,115000,0.9991570115089417,18.796499252319336,0.023013999685645103,0.10103199630975723,12,18.64539909362793,18.997100830078125,18.878799438476562,0.07942300289869308,0.1830900013446808,12,18.7731990814209,0.0650779977440834,0.14291399717330933,12,115000,0.01886526904628874
PSO J223.8918+05.5449,-999,-999,-999,114652238917594362,3496239000116831,65296387919991,0,15189951426315,11465,1,1467,31,0.881396975257804,3496239,15203,3,1343750144,0,160,223.89175951,5.5449195,0.0010000000474974513,0.0010000000474974513,223.89175951,5.5449195,0.0010000000474974513,0.0010000000474974513,,,,,55971.37297454,-999.0,-0.717278726464186,-0.6900540732760362,0.09662610680900983,219.66121755625394,21.293188553424052,2.3777670829251196,53.42733333903576,-999,1,0,0,0,0,0,0,-999.0,-999.0,-999.0,-999.0,0,-999.0,-999.0,-999.0,-999.0,-999.0,0,-999.0,-999.0,-999.0,0,16416,-999.0,-999.0,-999.0,-999.0,0,-999.0,-999.0,-999.0,-999.0,-999.0,0,-999.0,-999.0,-999.0,0,16416,-999.0,-999.0,-999.0,-999.0,0,-999.0,-999.0,-999.0,-999.0,-999.0,0,-999.0,-999.0,-999.0,0,16416,-999.0,-999.0,-999.0,-999.0,0,-999.0,-999.0,-999.0,-999.0,-999.0,0,-999.0,-999.0,-999.0,0,114720,-999.0,-999.0,-999.0,-999.0,0,-999.0,-999.0,-999.0,-999.0,-999.0,0,-999.0,-999.0,-999.0,0,16416,0.02270876296086094
PSO J223.8917+05.5417,-999,-999,-999,114652238916850479,3496239000024925,65296387826012,0,15189951423672,11465,1,1467,31,0.955055313142999,3496239,15203,3,268959744,0,32,-999.0,-999.0,-999.0,-999.0,223.89167451,5.5416944,0.2711299955844879,0.2711299955844879,,,,,55694.34011574,-999.0,-0.7172836686320505,-0.6900567788857703,0.09657008143075067,219.6621960748973,21.290093851875735,2.373508844051329,53.42534071380696,-999,0,1,0,0,1,0,0,-999.0,-999.0,-999.0,-999.0,0,-999.0,-999.0,-999.0,-999.0,-999.0,0,-999.0,-999.0,-999.0,0,0,-999.0,-999.0,-999.0,-999.0,0,-999.0,-999.0,-999.0,-999.0,-999.0,0,-999.0,-999.0,-999.0,0,0,0.6869840025901794,21.092100143432617,0.27071601152420044,-999.0,1,21.092100143432617,21.092100143432617,-999.0,-999.0,-999.0,0,21.66790008544922,0.27071601152420044,-999.0,1,4112,-999.0,-999.0,-999.0,-999.0,0,-999.0,-999.0,-999.0,-999.0,-999.0,0,-999.0,-999.0,-999.0,0,0,-999.0,-999.0,-999.0,-999.0,0,-999.0,-999.0,-999.0,-999.0,-999.0,0,-999.0,-999.0,-999.0,0,0,0.02568798567524468
PSO J223.8915+05.5429,-999,-999,-999,114652238915631906,3496239000024901,65296387825988,0,15189951424204,11465,1,1467,31,0.291064270111792,3496239,15203,3,268959744,0,32,-999.0,-999.0,-999.0,-999.0,223.8915214,5.54288376,0.36531999707221985,0.36531999707221985,,,,,56335.66734954,-999.0,-0.7172840678545206,-0.6900534721590456,0.09659074263777394,219.66164773374675,21.291178639801235,2.3748825656056614,53.42621694208664,-999,0,1,0,0,0,0,1,-999.0,-999.0,-999.0,-999.0,0,-999.0,-999.0,-999.0,-999.0,-999.0,0,-999.0,-999.0,-999.0,0,0,-999.0,-999.0,-999.0,-999.0,0,-999.0,-999.0,-999.0,-999.0,-999.0,0,-999.0,-999.0,-999.0,0,0,-999.0,-999.0,-999.0,-999.0,0,-999.0,-999.0,-999.0,-999.0,-999.0,0,-999.0,-999.0,-999.0,0,0,-999.0,-999.0,-999.0,-999.0,0,-999.0,-999.0,-999.0,-999.0,-999.0,0,-999.0,-999.0,-999.0,0,0,0.8017299771308899,20.895700454711914,0.36500799655914307,-999.0,1,20.895700454711914,20.895700454711914,-999.0,-999.0,-999.0,0,-999.0,-999.0,-999.0,0,4120,0.024517932921308373
PSO J223.8905+05.5413,-999,-999,-999,114652238905670036,3496239000024731,65296387825818,0,15189951601613,11465,1,1467,31,0.494545363350348,3496239,15203,3,268959744,0,32,-999.0,-999.0,-999.0,-999.0,223.89053475,5.54132322,0.21770000457763672,0.21770000457763672,,,,,56335.659375,-999.0,-0.7172978463307081,-0.6900429438484764,0.09656363339402803,219.66116016667198,21.2893916584579,2.37181440699594,53.42597735176849,-999,0,1,0,0,0,0,1,-999.0,-999.0,-999.0,-999.0,0,-999.0,-999.0,-999.0,-999.0,-999.0,0,-999.0,-999.0,-999.0,0,0,-999.0,-999.0,-999.0,-999.0,0,-999.0,-999.0,-999.0,-999.0,-999.0,0,-999.0,-999.0,-999.0,0,0,-999.0,-999.0,-999.0,-999.0,0,-999.0,-999.0,-999.0,-999.0,-999.0,0,-999.0,-999.0,-999.0,0,0,-999.0,-999.0,-999.0,-999.0,0,-999.0,-999.0,-999.0,-999.0,-999.0,0,-999.0,-999.0,-999.0,0,0,0.6972690224647522,20.461999893188477,0.21717900037765503,-999.0,1,20.461999893188477,20.461999893188477,-999.0,-999.0,-999.0,0,21.111799240112305,0.21717900037765503,-999.0,1,4120,0.025684025275733272
PSO J223.8899+05.5480,-999,-999,-999,114652238898778049,3496239000106623,65296387907712,0,15189951431256,11465,1,1467,31,0.99863317981235,3496239,15203,3,268959744,0,32,-999.0,-999.0,-999.0,-999.0,223.88985924,5.54800097,0.3948099911212921,0.3948099911212921,,,,,55239.59633102,-999.0,-0.7172978661995484,-0.6900266798988535,0.09667963680806858,219.65826851554218,21.29553863655684,2.3797242053966063,53.43075576328165,-999,0,1,0,0,0,0,1,-999.0,-999.0,-999.0,-999.0,0,-999.0,-999.0,-999.0,-999.0,-999.0,0,-999.0,-999.0,-999.0,0,0,-999.0,-999.0,-999.0,-999.0,0,-999.0,-999.0,-999.0,-999.0,-999.0,0,-999.0,-999.0,-999.0,0,0,-999.0,-999.0,-999.0,-999.0,0,-999.0,-999.0,-999.0,-999.0,-999.0,0,-999.0,-999.0,-999.0,0,0,-999.0,-999.0,-999.0,-999.0,0,-999.0,-999.0,-999.0,-999.0,-999.0,0,-999.0,-999.0,-999.0,0,0,0.6139820218086243,20.65719985961914,0.39452099800109863,-999.0,1,20.65719985961914,20.65719985961914,-999.0,-999.0,-999.0,0,21.088699340820312,0.39452099800109863,-999.0,1,4120,0.01914559568975164
PSO J223.8895+05.5460,-999,-999,-999,114652238895495656,3496239000024557,65296387825644,0,15189951422662,11465,1,1467,31,0.13199024007841,3496239,15203,3,444751872,7,53,223.88945895,5.54582108,0.0010000000474974513,0.0010000000474974513,223.88954026229806,5.545981937987394,0.037714431119003175,0.037714431119003175,-4.524903892024447,-60.376070984887285,40.208829666747064,40.208829666747064,56428.19925302876,4.66557502746582,-0.7173041625225905,-0.6900250479928794,0.09664456306585135,219.65860847161008,21.293517593760182,2.376769785955863,53.42971342255574,-999,3,5,0,0,0,4,1,-999.0,-999.0,-999.0,-999.0,0,-999.0,-999.0,-999.0,-999.0,-999.0,0,-999.0,-999.0,-999.0,0,16416,-999.0,-999.0,-999.0,-999.0,0,-999.0,-999.0,-999.0,-999.0,-999.0,0,-999.0,-999.0,-999.0,0,114720,-999.0,-999.0,-999.0,-999.0,0,-999.0,-999.0,-999.0,-999.0,-999.0,0,-999.0,-999.0,-999.0,0,114720,0.998956024646759,21.287599563598633,0.025110000744462013,0.05545999854803085,4,21.206100463867188,21.32270050048828,20.703899383544922,0.08468399941921234,0.14758199453353882,4,20.757099151611328,0.031734999269247055,0.09172800183296204,4,16892216,0.9981510043144226,20.6343994140625,0.18517300486564636,-999.0,1,20.6343994140625,20.6343994140625,20.5856990814209,0.2623260021209717,-999.0,1,20.515100479125977,0.18517300486564636,-999.0,1,16696,0.020943385075371492
PSO J223.8891+05.5475,-999,-999,-999,114652238891147484,3496239000024491,65296387825578,0,15189951430841,11465,1,1467,31,0.37282620684507,3496239,15203,3,310456320,0,37,-999.0,-999.0,-999.0,-999.0,223.88909327,5.54751118,0.17958000302314758,0.17958000302314758,,,,,56721.6040625,-999.0,-0.7173076864842318,-0.6900176634291955,0.09667112840115463,219.6576516978071,21.294838038335204,2.3782747746934874,53.43103032928985,-999,0,1,1,0,0,0,0,0.9444400072097778,21.476200103759766,0.17895400524139404,-999.0,1,21.476200103759766,21.476200103759766,20.51689910888672,0.2138489931821823,-999.0,1,20.86639976501465,0.17895400524139404,-999.0,1,16777496,-999.0,-999.0,-999.0,-999.0,0,-999.0,-999.0,-999.0,-999.0,-999.0,0,-999.0,-999.0,-999.0,0,0,-999.0,-999.0,-999.0,-999.0,0,-999.0,-999.0,-999.0,-999.0,-999.0,0,-999.0,-999.0,-999.0,0,0,-999.0,-999.0,-999.0,-999.0,0,-999.0,-999.0,-999.0,-999.0,-999.0,0,-999.0,-999.0,-999.0,0,0,-999.0,-999.0,-999.0,-999.0,0,-999.0,-999.0,-999.0,-999.0,-999.0,0,-999.0,-999.0,-999.0,0,0,0.01935167521317321
PSO J223.8871+05.5464,-999,-999,-999,114652238870376087,3496239000024184,65296387825271,0,15189951627488,11465,1,1467,31,0.128386228464904,3496239,15203,3,436527232,7,52,223.8870881,5.54639257,0.0010000000474974513,0.0010000000474974513,223.8870704887016,5.546395765358839,0.003955231626832289,0.003966785876806693,-2.267819168828874,-3.896610987745605,3.3040119016051404,3.3084125482170736,56164.16510944076,2.7850253582000732,-0.7173334027616761,-0.689993643547713,0.09665175190396928,219.65596067277596,21.293155500733718,2.3746723886985763,53.43187116977756,-999,5,56,7,10,12,15,12,0.9995269775390625,21.523399353027344,0.057711999863386154,0.15681800246238708,7,21.379600524902344,21.868499755859375,21.138500213623047,0.16067400574684143,0.42660000920295715,6,21.188199996948242,0.127033993601799,0.4368770122528076,7,16892216,0.999081015586853,20.429899215698242,0.03845300152897835,0.1644439995288849,9,20.345399856567383,20.7052001953125,20.56410026550293,0.06422500312328339,0.15936900675296783,10,20.402299880981445,0.07141400128602982,0.28238001465797424,10,115000,0.999908983707428,19.61840057373047,0.009116999804973602,0.04284200072288513,11,19.53809928894043,19.658000946044922,19.694799423217773,0.03996200114488602,0.11409399658441544,11,19.568899154663086,0.03563600033521652,0.15457600355148315,11,115000,0.9993510246276855,19.22599983215332,0.019751999527215958,0.08290400356054306,15,19.092100143432617,19.351699829101562,19.279800415039062,0.025479000061750412,0.1782280057668686,15,19.205299377441406,0.02184000052511692,0.1362220048904419,15,115000,0.9996439814567566,19.06329917907715,0.025242000818252563,0.20274099707603455,10,18.831499099731445,19.58139991760254,19.102699279785156,0.04059400036931038,0.2115979939699173,10,18.98590087890625,0.058021001517772675,0.18560700118541718,10,115000,0.019908811302978658
PSO J223.8868+05.5480,-999,-999,-999,114652238868508032,3496239000024144,65296387825231,0,15189951619974,11465,1,1467,31,0.210301587553976,3496239,15203,3,310456320,0,37,-999.0,-999.0,-999.0,-999.0,223.88682564,5.54797803,0.18456999957561493,0.18456999957561493,,,,,56384.58405093,-999.0,-0.717334427456909,-0.6899887274918464,0.09667923830508289,219.6551926453237,21.29458779559497,2.3764610977263083,53.433066123703455,-999,0,1,0,0,1,0,0,-999.0,-999.0,-999.0,-999.0,0,-999.0,-999.0,-999.0,-999.0,-999.0,0,-999.0,-999.0,-999.0,0,0,-999.0,-999.0,-999.0,-999.0,0,-999.0,-999.0,-999.0,-999.0,-999.0,0,-999.0,-999.0,-999.0,0,0,0.09681499749422073,21.449800491333008,0.18395599722862244,-999.0,1,21.449800491333008,21.449800491333008,20.286399841308594,0.1539749950170517,-999.0,1,20.391799926757812,0.18395599722862244,-999.0,1,16777752,-999.0,-999.0,-999.0,-999.0,0,-999.0,-999.0,-999.0,-999.0,-999.0,0,-999.0,-999.0,-999.0,0,0,-999.0,-999.0,-999.0,-999.0,0,-999.0,-999.0,-999.0,-999.0,-999.0,0,-999.0,-999.0,-999.0,0,0,0.018310251492607423
PSO J223.8865+05.5496,-999,-999,-999,114652238865589989,3496239000024089,65296387825176,0,15189951405371,11465,1,1467,31,0.214190676076515,3496239,15203,3,277348352,0,33,-999.0,-999.0,-999.0,-999.0,223.88653718,5.54961661,0.08472000062465668,0.08472000062465668,,,,,55306.34664352,-999.0,-0.7173359082589513,-0.6899831990124166,0.09670770291397424,219.65435832117643,21.29605854076613,2.3782715026825914,53.43433265365422,-999,0,1,0,1,0,0,0,-999.0,-999.0,-999.0,-999.0,0,-999.0,-999.0,-999.0,-999.0,-999.0,0,-999.0,-999.0,-999.0,0,0,0.5498849749565125,19.683500289916992,0.08337599784135818,-999.0,1,19.683500289916992,19.683500289916992,19.757999420166016,0.06631399691104889,-999.0,1,19.324199676513672,0.08337599784135818,-999.0,1,16781328,-999.0,-999.0,-999.0,-999.0,0,-999.0,-999.0,-999.0,-999.0,-999.0,0,-999.0,-999.0,-999.0,0,0,-999.0,-999.0,-999.0,-999.0,0,-999.0,-999.0,-999.0,-999.0,-999.0,0,-999.0,-999.0,-999.0,0,0,-999.0,-999.0,-999.0,-999.0,0,-999.0,-999.0,-999.0,-999.0,-999.0,0,-999.0,-999.0,-999.0,0,0,0.016647895329780747
PSO J223.8857+05.5483,-999,-999,-999,114652238856908385,3496239000023957,65296387825044,0,15189951619443,11465,1,1467,31,0.338864889311478,3496239,15203,3,310456320,0,37,-999.0,-999.0,-999.0,-999.0,223.88567282,5.5482645,0.18574999272823334,0.18574999272823334,,,,,56721.6040625,-999.0,-0.7173479618395162,-0.6899739591225631,0.09668421472726306,219.6539262877196,21.29450731549554,2.3756025014680495,53.434132421861065,-999,0,1,1,0,0,0,0,0.9317749738693237,21.46660041809082,0.18514099717140198,-999.0,1,21.46660041809082,21.46660041809082,20.12540054321289,0.15726399421691895,-999.0,1,20.39349937438965,0.18514099717140198,-999.0,1,16777496,-999.0,-999.0,-999.0,-999.0,0,-999.0,-999.0,-999.0,-999.0,-999.0,0,-999.0,-999.0,-999.0,0,0,-999.0,-999.0,-999.0,-999.0,0,-999.0,-999.0,-999.0,-999.0,-999.0,0,-999.0,-999.0,-999.0,0,0,-999.0,-999.0,-999.0,-999.0,0,-999.0,-999.0,-999.0,-999.0,-999.0,0,-999.0,-999.0,-999.0,0,0,-999.0,-999.0,-999.0,-999.0,0,-999.0,-999.0,-999.0,-999.0,-999.0,0,-999.0,-999.0,-999.0,0,0,0.017823151423951657
PSO J223.8853+05.5445,-999,-999,-999,114652238853723827,3496239000023910,65296387824997,0,15189951630694,11465,1,1467,31,0.86058512596468,3496239,15203,3,268959744,0,32,-999.0,-999.0,-999.0,-999.0,223.88534214,5.5444752,0.4142799973487854,0.4142799973487854,,,,,55758.26621528,-999.0,-0.7173565509549313,-0.6899742500902811,0.09661838859347188,219.6548415388212,21.290800578560834,2.3703525973020283,53.43196801278101,-999,0,1,0,0,0,0,1,-999.0,-999.0,-999.0,-999.0,0,-999.0,-999.0,-999.0,-999.0,-999.0,0,-999.0,-999.0,-999.0,0,0,-999.0,-999.0,-999.0,-999.0,0,-999.0,-999.0,-999.0,-999.0,-999.0,0,-999.0,-999.0,-999.0,0,0,-999.0,-999.0,-999.0,-999.0,0,-999.0,-999.0,-999.0,-999.0,-999.0,0,-999.0,-999.0,-999.0,0,0,-999.0,-999.0,-999.0,-999.0,0,-999.0,-999.0,-999.0,-999.0,-999.0,0,-999.0,-999.0,-999.0,0,0,0.7540770173072815,20.9281005859375,0.4140099883079529,-999.0,1,20.9281005859375,20.9281005859375,-999.0,-999.0,-999.0,0,-999.0,-999.0,-999.0,0,4120,0.021539317940327034
PSO J223.8848+05.5449,-999,-999,-999,114652238847634288,3496239000023821,65296387824908,0,15189951631119,11465,1,1467,31,0.945086070285259,3496239,15203,3,268959744,0,32,-999.0,-999.0,-999.0,-999.0,223.88477368,5.54486979,0.23165999352931976,0.23165999352931976,,,,,55399.25851852,-999.0,-0.7173629169034258,-0.6899666715252881,0.0966252432655344,219.65413344782803,21.29100193394685,2.3702565563417943,53.432655440781026,-999,0,1,0,0,0,1,0,-999.0,-999.0,-999.0,-999.0,0,-999.0,-999.0,-999.0,-999.0,-999.0,0,-999.0,-999.0,-999.0,0,0,-999.0,-999.0,-999.0,-999.0,0,-999.0,-999.0,-999.0,-999.0,-999.0,0,-999.0,-999.0,-999.0,0,0,-999.0,-999.0,-999.0,-999.0,0,-999.0,-999.0,-999.0,-999.0,-999.0,0,-999.0,-999.0,-999.0,0,0,0.792913019657135,20.393199920654297,0.23117199540138245,-999.0,1,20.393199920654297,20.393199920654297,-999.0,-999.0,-999.0,0,22.69379997253418,0.23117199540138245,-999.0,1,4112,-999.0,-999.0,-999.0,-999.0,0,-999.0,-999.0,-999.0,-999.0,-999.0,0,-999.0,-999.0,-999.0,0,0,0.021092216795271273
PSO J223.8843+05.5492,-999,-999,-999,114652238843069536,3496239000023758,65296387824845,0,15189951622778,11465,1,1467,31,0.283898620199318,3496239,15203,3,310456320,0,37,-999.0,-999.0,-999.0,-999.0,223.88428951,5.54922324,0.18622000515460968,0.18622000515460968,,,,,56721.6040625,-999.0,-0.7173634537488234,-0.6899555181788036,0.09670086949029101,219.65220363985225,21.29499589169626,2.375367093488081,53.43580429831565,-999,0,1,1,0,0,0,0,0.8974469900131226,21.308300018310547,0.18561899662017822,-999.0,1,21.308300018310547,21.308300018310547,20.655399322509766,0.1692350059747696,-999.0,1,20.490400314331055,0.18561899662017822,-999.0,1,16777496,-999.0,-999.0,-999.0,-999.0,0,-999.0,-999.0,-999.0,-999.0,-999.0,0,-999.0,-999.0,-999.0,0,0,-999.0,-999.0,-999.0,-999.0,0,-999.0,-999.0,-999.0,-999.0,-999.0,0,-999.0,-999.0,-999.0,0,0,-999.0,-999.0,-999.0,-999.0,0,-999.0,-999.0,-999.0,-999.0,-999.0,0,-999.0,-999.0,-999.0,0,0,-999.0,-999.0,-999.0,-999.0,0,-999.0,-999.0,-999.0,-999.0,-999.0,0,-999.0,-999.0,-999.0,0,0,0.016714109788590652
PSO J223.8841+05.5428,-999,-999,-999,114652238840821858,3496239000023734,65296387824821,0,15189951630122,11465,1,1467,31,0.896763557472046,3496239,15203,3,268959744,0,32,-999.0,-999.0,-999.0,-999.0,223.88407118,5.54284237,0.198170006275177,0.198170006275177,,,,,55694.32836806,-999.0,-0.7173738403336727,-0.6899602456238207,0.0965900236237434,219.65408893925482,21.28885772958529,2.3668875303996657,53.43190006765008,-999,0,1,0,0,1,0,0,-999.0,-999.0,-999.0,-999.0,0,-999.0,-999.0,-999.0,-999.0,-999.0,0,-999.0,-999.0,-999.0,0,0,-999.0,-999.0,-999.0,-999.0,0,-999.0,-999.0,-999.0,-999.0,-999.0,0,-999.0,-999.0,-999.0,0,0,0.5918239951133728,20.463699340820312,0.19759899377822876,-999.0,1,20.463699340820312,20.463699340820312,-999.0,-999.0,-999.0,0,22.06570053100586,0.19759899377822876,-999.0,1,4112,-999.0,-999.0,-999.0,-999.0,0,-999.0,-999.0,-999.0,-999.0,-999.0,0,-999.0,-999.0,-999.0,0,0,-999.0,-999.0,-999.0,-999.0,0,-999.0,-999.0,-999.0,-999.0,-999.0,0,-999.0,-999.0,-999.0,0,0,0.02307027826424085
PSO J223.8838+05.5415,-999,-999,-999,114652238837830279,3496239000023676,65296387824763,0,15189951629563,11465,1,1467,31,0.745739306086432,3496239,15203,3,436527232,7,52,223.88379899,5.54153175,0.0010000000474974513,0.0010000000474974513,223.8837745962583,5.541537167546922,0.014507916851629528,0.014507916851629528,-52.42295692561224,-14.597077300996151,14.783964860879001,14.783964860879001,56220.235191194675,4.524157524108887,-0.7173789975036104,-0.6899580573110506,0.09656735003237849,219.6542159981262,21.28752335123581,2.3648806070998005,53.43129599006337,-999,5,23,1,4,7,10,1,0.9987099766731262,22.310199737548828,0.18328599631786346,-999.0,1,22.310199737548828,22.310199737548828,-999.0,-999.0,-999.0,1,22.11009979248047,0.18328599631786346,-999.0,1,115000,0.9996110200881958,21.606700897216797,0.02781200036406517,0.08228600025177002,3,21.607200622558594,21.6914005279541,21.4950008392334,0.09777999669313431,0.5890759825706482,4,21.410499572753906,0.06957399845123291,0.1458989977836609,4,115000,0.9995570182800293,21.019699096679688,0.04362500086426735,0.1215360015630722,7,20.87019920349121,21.238399505615234,21.082399368286133,0.059891000390052795,0.3021109998226166,7,21.004100799560547,0.06304600089788437,0.11620800197124481,7,115000,0.9989020228385925,20.799800872802734,0.06315799802541733,0.17969800531864166,9,20.48509979248047,21.075199127197266,20.77630043029785,0.07352200150489807,0.18499000370502472,10,20.656200408935547,0.08676599711179733,0.2374279946088791,10,115000,0.9978010058403015,20.603599548339844,0.1808999925851822,-999.0,1,20.603599548339844,20.603599548339844,20.42959976196289,0.3119949996471405,-999.0,1,20.19409942626953,0.1808999925851822,-999.0,1,115000,0.02436303390035384
PSO J223.8837+05.5438,-999,-999,-999,114652238837302997,3496239000023663,65296387824750,0,15189951631240,11465,1,1467,31,0.485272841048681,3496239,15203,3,268959744,0,32,-999.0,-999.0,-999.0,-999.0,223.88371854,5.54379122,0.27274999022483826,0.27274999022483826,,,,,55694.34011574,-999.0,-0.7173769338425329,-0.6899547214472238,0.09660650673412172,219.6534171802704,21.289652549021845,2.3677378083570835,53.4327757937527,-999,0,1,0,0,1,0,0,-999.0,-999.0,-999.0,-999.0,0,-999.0,-999.0,-999.0,-999.0,-999.0,0,-999.0,-999.0,-999.0,0,0,-999.0,-999.0,-999.0,-999.0,0,-999.0,-999.0,-999.0,-999.0,-999.0,0,-999.0,-999.0,-999.0,0,0,0.8203520178794861,21.278200149536133,0.27233898639678955,-999.0,1,21.278200149536133,21.278200149536133,-999.0,-999.0,-999.0,0,22.398000717163086,0.27233898639678955,-999.0,1,4112,-999.0,-999.0,-999.0,-999.0,0,-999.0,-999.0,-999.0,-999.0,-999.0,0,-999.0,-999.0,-999.0,0,0,-999.0,-999.0,-999.0,-999.0,0,-999.0,-999.0,-999.0,-999.0,-999.0,0,-999.0,-999.0,-999.0,0,0,0.02210835019619438
PSO J223.8834+05.5462,-999,-999,-999,114652238834655958,3496239000023626,65296387824713,0,15189951628860,11465,1,1467,31,0.847952826738314,3496239,15203,3,310456320,0,37,-999.0,-999.0,-999.0,-999.0,223.88344629,5.54624022,0.17159999907016754,0.17159999907016754,,,,,56721.6040625,-999.0,-0.7173772354365376,-0.6899484497000126,0.09664904983485274,219.65233171441704,21.291899354418838,2.37061263947878,53.434547155762175,-999,0,1,1,0,0,0,0,0.9966199994087219,21.43910026550293,0.17093999683856964,-999.0,1,21.43910026550293,21.43910026550293,20.063800811767578,0.12308099865913391,-999.0,1,20.356700897216797,0.17093999683856964,-999.0,1,16777496,-999.0,-999.0,-999.0,-999.0,0,-999.0,-999.0,-999.0,-999.0,-999.0,0,-999.0,-999.0,-999.0,0,0,-999.0,-999.0,-999.0,-999.0,0,-999.0,-999.0,-999.0,-999.0,-999.0,0,-999.0,-999.0,-999.0,0,0,-999.0,-999.0,-999.0,-999.0,0,-999.0,-999.0,-999.0,-999.0,-999.0,0,-999.0,-999.0,-999.0,0,0,-999.0,-999.0,-999.0,-999.0,0,-999.0,-999.0,-999.0,-999.0,-999.0,0,-999.0,-999.0,-999.0,0,0,0.019652800477674218
PSO J223.8834+05.5452,-999,-999,-999,114652238834004543,3496239000023614,65296387824701,0,15189951630975,11465,1,1467,31,0.811000091779046,3496239,15203,3,268959744,0,32,-999.0,-999.0,-999.0,-999.0,223.88337677,5.54520541,0.17997999489307404,0.17997999489307404,,,,,55694.33486111,-999.0,-0.7173793305885624,-0.6899487891669654,0.09663107352888232,219.6526027905328,21.290893458801694,2.3692011137526134,53.43394012105812,-999,0,2,0,0,2,0,0,-999.0,-999.0,-999.0,-999.0,0,-999.0,-999.0,-999.0,-999.0,-999.0,0,-999.0,-999.0,-999.0,0,0,-999.0,-999.0,-999.0,-999.0,0,-999.0,-999.0,-999.0,-999.0,-999.0,0,-999.0,-999.0,-999.0,0,0,0.7735310196876526,21.054500579833984,0.032280001789331436,0.02991900034248829,2,21.03569984436035,21.077800750732422,-999.0,-999.0,-999.0,0,21.303199768066406,0.041110001504421234,0.058476999402046204,2,4112,-999.0,-999.0,-999.0,-999.0,0,-999.0,-999.0,-999.0,-999.0,-999.0,0,-999.0,-999.0,-999.0,0,0,-999.0,-999.0,-999.0,-999.0,0,-999.0,-999.0,-999.0,-999.0,-999.0,0,-999.0,-999.0,-999.0,0,0,0.020685989323368167
PSO J223.8833+05.5449,-999,-999,-999,114652238832654291,3496239000116636,65296387919796,0,15189951631178,11465,1,1467,31,0.187267212371591,3496239,15203,3,1343750144,0,160,223.88326567,5.54486093,0.0010000000474974513,0.0010000000474974513,223.88326567,5.54486093,0.0010000000474974513,0.0010000000474974513,,,,,55971.37297454,-999.0,-0.717381087167436,-0.6899478008385895,0.09662508935292985,219.65260362891735,21.290531666289603,2.3686374662976637,53.43380544568932,-999,1,0,0,0,0,0,0,-999.0,-999.0,-999.0,-999.0,0,-999.0,-999.0,-999.0,-999.0,-999.0,0,-999.0,-999.0,-999.0,0,16416,-999.0,-999.0,-999.0,-999.0,0,-999.0,-999.0,-999.0,-999.0,-999.0,0,-999.0,-999.0,-999.0,0,16416,-999.0,-999.0,-999.0,-999.0,0,-999.0,-999.0,-999.0,-999.0,-999.0,0,-999.0,-999.0,-999.0,0,16416,-999.0,-999.0,-999.0,-999.0,0,-999.0,-999.0,-999.0,-999.0,-999.0,0,-999.0,-999.0,-999.0,0,114720,-999.0,-999.0,-999.0,-999.0,0,-999.0,-999.0,-999.0,-999.0,-999.0,0,-999.0,-999.0,-999.0,0,16416,0.021028732531246673
PSO J223.8823+05.5459,-999,-999,-999,114652238822925472,3496239000023449,65296387824536,0,15189951628882,11465,1,1467,31,0.485344531466574,3496239,15203,3,268959744,0,32,-999.0,-999.0,-999.0,-999.0,223.8822804,5.54585226,0.2581300139427185,0.2581300139427185,,,,,56721.6040625,-999.0,-0.7173917464590281,-0.6899343055409093,0.09664231035239522,219.6512748220444,21.29117314816483,2.368868271330665,53.43519307707552,-999,0,1,1,0,0,0,0,0.5306289792060852,21.60919952392578,0.2576889991760254,-999.0,1,21.60919952392578,21.60919952392578,-999.0,-999.0,-999.0,0,21.28809928894043,0.2576889991760254,-999.0,1,4120,-999.0,-999.0,-999.0,-999.0,0,-999.0,-999.0,-999.0,-999.0,-999.0,0,-999.0,-999.0,-999.0,0,0,-999.0,-999.0,-999.0,-999.0,0,-999.0,-999.0,-999.0,-999.0,-999.0,0,-999.0,-999.0,-999.0,0,0,-999.0,-999.0,-999.0,-999.0,0,-999.0,-999.0,-999.0,-999.0,-999.0,0,-999.0,-999.0,-999.0,0,0,-999.0,-999.0,-999.0,-999.0,0,-999.0,-999.0,-999.0,-999.0,-999.0,0,-999.0,-999.0,-999.0,0,0,0.020048537296465895
PSO J223.8809+05.5484,-999,-999,-999,114652238809098515,3496239000023252,65296387824339,0,15189951623611,11465,1,1467,31,0.0703129331304812,3496239,15203,3,276901888,0,33,-999.0,-999.0,-999.0,-999.0,223.88088845,5.54839052,0.022140000015497208,0.022140000015497208,,,,,55399.25851852,-999.0,-0.7174054209617294,-0.6899139085988785,0.09668640388669986,219.64902176874554,21.29316193776371,2.3706649495902736,53.43787945627207,-999,0,2,1,0,0,1,0,0.7503259778022766,21.331300735473633,0.183118999004364,-999.0,1,21.331300735473633,21.331300735473633,20.40570068359375,0.14358699321746826,-999.0,1,20.792699813842773,0.183118999004364,-999.0,1,16781336,-999.0,-999.0,-999.0,-999.0,0,-999.0,-999.0,-999.0,-999.0,-999.0,0,-999.0,-999.0,-999.0,0,0,-999.0,-999.0,-999.0,-999.0,0,-999.0,-999.0,-999.0,-999.0,-999.0,0,-999.0,-999.0,-999.0,0,0,0.9971209764480591,17.45479965209961,0.016287000849843025,-999.0,1,17.45479965209961,17.45479965209961,17.177900314331055,0.027679000049829483,-999.0,1,17.179100036621094,0.016287000849843025,-999.0,1,16777232,-999.0,-999.0,-999.0,-999.0,0,-999.0,-999.0,-999.0,-999.0,-999.0,0,-999.0,-999.0,-999.0,0,0,0.017623241416425555
PSO J223.8806+05.5436,-999,-999,-999,114652238806342732,3496239000023196,65296387824283,0,15189951642257,11465,1,1467,31,0.284111629504814,3496239,15203,3,268959744,0,32,-999.0,-999.0,-999.0,-999.0,223.88064615,5.5435738,0.2615799903869629,0.2615799903869629,,,,,55399.25851852,-999.0,-0.7174141947040158,-0.6899165064228848,0.09660272978767245,219.6503662321894,21.288504718861766,2.364181213523989,53.43499148068589,-999,0,1,0,0,0,1,0,-999.0,-999.0,-999.0,-999.0,0,-999.0,-999.0,-999.0,-999.0,-999.0,0,-999.0,-999.0,-999.0,0,0,-999.0,-999.0,-999.0,-999.0,0,-999.0,-999.0,-999.0,-999.0,-999.0,0,-999.0,-999.0,-999.0,0,0,-999.0,-999.0,-999.0,-999.0,0,-999.0,-999.0,-999.0,-999.0,-999.0,0,-999.0,-999.0,-999.0,0,0,0.7700049877166748,20.50819969177246,0.26114898920059204,-999.0,1,20.50819969177246,20.50819969177246,-999.0,-999.0,-999.0,0,22.761600494384766,0.26114898920059204,-999.0,1,4112,-999.0,-999.0,-999.0,-999.0,0,-999.0,-999.0,-999.0,-999.0,-999.0,0,-999.0,-999.0,-999.0,0,0,0.022436849561672717
PSO J223.8803+05.5495,-999,-999,-999,114652238803569813,3496239000023158,65296387824245,0,15189951623524,11465,1,1467,31,0.0704032062277228,3496239,15203,3,302067712,0,36,-999.0,-999.0,-999.0,-999.0,223.88033518,5.54946525,0.16378000378608704,0.16378000378608704,,,,,56392.56075231,-999.0,-0.7174107756501581,-0.6899057237968993,0.09670507356553266,219.64810447446092,21.294015064580343,2.3714642452064796,53.43898922695044,-999,0,1,0,1,0,0,0,-999.0,-999.0,-999.0,-999.0,0,-999.0,-999.0,-999.0,-999.0,-999.0,0,-999.0,-999.0,-999.0,0,0,0.0011709999525919557,21.468900680541992,0.16308699548244476,-999.0,1,21.468900680541992,21.468900680541992,21.5447998046875,0.2588930130004883,-999.0,1,21.824600219726562,0.16308699548244476,-999.0,1,536,-999.0,-999.0,-999.0,-999.0,0,-999.0,-999.0,-999.0,-999.0,-999.0,0,-999.0,-999.0,-999.0,0,0,-999.0,-999.0,-999.0,-999.0,0,-999.0,-999.0,-999.0,-999.0,-999.0,0,-999.0,-999.0,-999.0,0,0,-999.0,-999.0,-999.0,-999.0,0,-999.0,-999.0,-999.0,-999.0,-999.0,0,-999.0,-999.0,-999.0,0,0,0.01663554558664468
PSO J223.8803+05.5478,-999,-999,-999,114652238803497773,3496239000023155,65296387824242,0,15189951623292,11465,1,1467,31,0.0563748283836756,3496239,15203,3,268513280,0,32,-999.0,-999.0,-999.0,-999.0,223.88032899,5.54777217,0.019279999658465385,0.019279999658465385,,,,,55399.25851852,-999.0,-0.7174129096111879,-0.6899076267597831,0.09667566220043827,219.64865734971843,21.292402242205412,2.369269233093837,53.43791363295056,-999,0,1,0,0,0,1,0,-999.0,-999.0,-999.0,-999.0,0,-999.0,-999.0,-999.0,-999.0,-999.0,0,-999.0,-999.0,-999.0,0,0,-999.0,-999.0,-999.0,-999.0,0,-999.0,-999.0,-999.0,-999.0,-999.0,0,-999.0,-999.0,-999.0,0,0,-999.0,-999.0,-999.0,-999.0,0,-999.0,-999.0,-999.0,-999.0,-999.0,0,-999.0,-999.0,-999.0,0,0,0.9974489808082581,17.074899673461914,0.012112000025808811,-999.0,1,17.074899673461914,17.074899673461914,17.41939926147461,0.02100900001823902,-999.0,1,17.229400634765625,0.012112000025808811,-999.0,1,16,-999.0,-999.0,-999.0,-999.0,0,-999.0,-999.0,-999.0,-999.0,-999.0,0,-999.0,-999.0,-999.0,0,0,0.01830985241052356
PSO J223.8788+05.5430,-999,-999,-999,114652238788342048,3496239000022915,65296387824002,0,15189951643076,11465,1,1467,31,0.252535821173839,3496239,15203,3,268959744,0,32,-999.0,-999.0,-999.0,-999.0,223.87884738,5.54300474,0.2948099970817566,0.2948099970817566,,,,,55399.25851852,-999.0,-0.7174365454528213,-0.689894648251261,0.09659284426390234,219.64872592798193,21.287412354917272,2.3615278685398136,53.436006711197976,-999,0,1,0,0,0,1,0,-999.0,-999.0,-999.0,-999.0,0,-999.0,-999.0,-999.0,-999.0,-999.0,0,-999.0,-999.0,-999.0,0,0,-999.0,-999.0,-999.0,-999.0,0,-999.0,-999.0,-999.0,-999.0,-999.0,0,-999.0,-999.0,-999.0,0,0,-999.0,-999.0,-999.0,-999.0,0,-999.0,-999.0,-999.0,-999.0,-999.0,0,-999.0,-999.0,-999.0,0,0,0.7550070285797119,20.617900848388672,0.29443100094795227,-999.0,1,20.617900848388672,20.617900848388672,-999.0,-999.0,-999.0,0,22.64590072631836,0.29443100094795227,-999.0,1,4112,-999.0,-999.0,-999.0,-999.0,0,-999.0,-999.0,-999.0,-999.0,-999.0,0,-999.0,-999.0,-999.0,0,0,0.023253522015038712
PSO J223.8787+05.5483,-999,-999,-999,114652238786758433,3496239000022881,65296387823968,0,15189951623749,11465,1,1467,31,0.764663525637857,3496239,15203,3,310456320,0,37,-999.0,-999.0,-999.0,-999.0,223.87865881,5.54830679,0.18403999507427216,0.18403999507427216,,,,,56721.6040625,-999.0,-0.7174323699594197,-0.6898860884957116,0.09668494936905922,219.64678321333318,21.292399375458547,2.3681795056086186,53.43953470505312,-999,0,1,1,0,0,0,0,0.9994900226593018,21.505599975585938,0.18342700600624084,-999.0,1,21.505599975585938,21.505599975585938,19.951799392700195,0.12250500172376633,-999.0,1,20.298900604248047,0.18342700600624084,-999.0,1,16777496,-999.0,-999.0,-999.0,-999.0,0,-999.0,-999.0,-999.0,-999.0,-999.0,0,-999.0,-999.0,-999.0,0,0,-999.0,-999.0,-999.0,-999.0,0,-999.0,-999.0,-999.0,-999.0,-999.0,0,-999.0,-999.0,-999.0,0,0,-999.0,-999.0,-999.0,-999.0,0,-999.0,-999.0,-999.0,-999.0,-999.0,0,-999.0,-999.0,-999.0,0,0,-999.0,-999.0,-999.0,-999.0,0,-999.0,-999.0,-999.0,-999.0,-999.0,0,-999.0,-999.0,-999.0,0,0,0.01810436818077439
PSO J223.8781+05.5457,-999,-999,-999,114652238781265292,3496239000106596,65296387907685,0,15189951633568,11465,1,1467,31,0.0373747358446705,3496239,15203,3,268513280,0,32,-999.0,-999.0,-999.0,-999.0,223.8781151,5.54570781,0.01696000061929226,0.01696000061929226,,,,,55254.60542824,-999.0,-0.7174420771677568,-0.6898823195060697,0.09663980102493831,219.64708894962544,21.28975998063573,2.364240545060281,53.4382928678574,-999,0,1,0,0,0,1,0,-999.0,-999.0,-999.0,-999.0,0,-999.0,-999.0,-999.0,-999.0,-999.0,0,-999.0,-999.0,-999.0,0,0,-999.0,-999.0,-999.0,-999.0,0,-999.0,-999.0,-999.0,-999.0,-999.0,0,-999.0,-999.0,-999.0,0,0,-999.0,-999.0,-999.0,-999.0,0,-999.0,-999.0,-999.0,-999.0,-999.0,0,-999.0,-999.0,-999.0,0,0,0.9991819858551025,17.137699127197266,0.007911000400781631,-999.0,1,17.137699127197266,17.137699127197266,17.96500015258789,0.02096799947321415,-999.0,1,17.845800399780273,0.007911000400781631,-999.0,1,16,-999.0,-999.0,-999.0,-999.0,0,-999.0,-999.0,-999.0,-999.0,-999.0,0,-999.0,-999.0,-999.0,0,0,0.020757616711223312
PSO J223.9130+05.5473,-999,-999,-999,114652239130367159,3496239000028071,65296387829158,0,15189951911136,11465,1,1467,31,0.0006426908081795,3496239,15203,3,268959744,0,32,-999.0,-999.0,-999.0,-999.0,223.91302703,5.54726344,0.2720000147819519,0.2720000147819519,,,,,55694.34011574,-999.0,-0.7170196888344897,-0.6903175289763419,0.0966668247729741,219.68206157591115,21.301930426924226,2.4034542651888953,53.41252669091836,-999,0,1,0,0,1,0,0,-999.0,-999.0,-999.0,-999.0,0,-999.0,-999.0,-999.0,-999.0,-999.0,0,-999.0,-999.0,-999.0,0,0,-999.0,-999.0,-999.0,-999.0,0,-999.0,-999.0,-999.0,-999.0,-999.0,0,-999.0,-999.0,-999.0,0,0,0.7964869737625122,21.27519989013672,0.2715829908847809,-999.0,1,21.27519989013672,21.27519989013672,-999.0,-999.0,-999.0,0,21.564699172973633,0.2715829908847809,-999.0,1,4112,-999.0,-999.0,-999.0,-999.0,0,-999.0,-999.0,-999.0,-999.0,-999.0,0,-999.0,-999.0,-999.0,0,0,-999.0,-999.0,-999.0,-999.0,0,-999.0,-999.0,-999.0,-999.0,-999.0,0,-999.0,-999.0,-999.0,0,0,0.03521424919538981
PSO J223.9129+05.5487,-999,-999,-999,114652239129648903,3496239000028060,65296387829147,0,15189951918675,11465,1,1467,31,0.88048480346844,3496239,15203,3,310456320,0,37,-999.0,-999.0,-999.0,-999.0,223.91293485,5.54870632,0.16801999509334564,0.16801999509334564,,,,,56394.55804398,-999.0,-0.7170190455191429,-0.6903146867968438,0.09669188981188004,219.68149153900507,21.303275144337828,2.4052206427820217,53.41351757785621,-999,0,1,1,0,0,0,0,0.0795930027961731,21.87969970703125,0.16734600067138672,-999.0,1,21.87969970703125,21.87969970703125,21.54210090637207,0.24807199835777283,-999.0,1,21.32110023498535,0.16734600067138672,-999.0,1,16777752,-999.0,-999.0,-999.0,-999.0,0,-999.0,-999.0,-999.0,-999.0,-999.0,0,-999.0,-999.0,-999.0,0,0,-999.0,-999.0,-999.0,-999.0,0,-999.0,-999.0,-999.0,-999.0,-999.0,0,-999.0,-999.0,-999.0,0,0,-999.0,-999.0,-999.0,-999.0,0,-999.0,-999.0,-999.0,-999.0,-999.0,0,-999.0,-999.0,-999.0,0,0,-999.0,-999.0,-999.0,-999.0,0,-999.0,-999.0,-999.0,-999.0,-999.0,0,-999.0,-999.0,-999.0,0,0,0.034393336587623204
PSO J223.9118+05.5492,-999,-999,-999,114652239118339448,3496239000027888,65296387828975,0,15189951918616,11465,1,1467,31,0.62271595897406,3496239,15203,3,310456320,0,37,-999.0,-999.0,-999.0,-999.0,223.91180199,5.54915748,0.17928999662399292,0.17928999662399292,,,,,56384.58405093,-999.0,-0.717032145853218,-0.6902999815906649,0.09669972714055326,219.68019101695043,21.303357626171127,2.4045971708244243,53.41467378987218,-999,0,1,0,0,1,0,0,-999.0,-999.0,-999.0,-999.0,0,-999.0,-999.0,-999.0,-999.0,-999.0,0,-999.0,-999.0,-999.0,0,0,-999.0,-999.0,-999.0,-999.0,0,-999.0,-999.0,-999.0,-999.0,-999.0,0,-999.0,-999.0,-999.0,0,0,0.6856099963188171,21.399999618530273,0.17866499722003937,-999.0,1,21.399999618530273,21.399999618530273,20.395999908447266,0.18282799422740936,-999.0,1,20.55739974975586,0.17866499722003937,-999.0,1,16777752,-999.0,-999.0,-999.0,-999.0,0,-999.0,-999.0,-999.0,-999.0,-999.0,0,-999.0,-999.0,-999.0,0,0,-999.0,-999.0,-999.0,-999.0,0,-999.0,-999.0,-999.0,-999.0,-999.0,0,-999.0,-999.0,-999.0,0,0,0.03319163387964666
PSO J223.9108+05.5459,-999,-999,-999,114652239108835626,3496239000027754,65296387828841,0,15189951965633,11465,1,1467,31,0.890528008239835,3496239,15203,3,436285440,0,52,223.91090089,5.54592095,0.0010000000474974513,0.0010000000474974513,223.91084818,5.54593287,0.10074999928474426,0.10074999928474426,,,,,56389.57564815,0.15279999375343323,-0.7170475568449844,-0.6902918182980836,0.09664371067671315,219.68028600343402,21.29999733906912,2.399414346964026,53.41334836357818,-999,2,3,0,0,1,2,0,-999.0,-999.0,-999.0,-999.0,0,-999.0,-999.0,-999.0,-999.0,-999.0,0,-999.0,-999.0,-999.0,0,16416,-999.0,-999.0,-999.0,-999.0,0,-999.0,-999.0,-999.0,-999.0,-999.0,0,-999.0,-999.0,-999.0,0,16416,0.9989780187606812,21.679800033569336,0.16326799988746643,-999.0,1,21.679800033569336,21.679800033569336,-999.0,-999.0,-999.0,1,21.77239990234375,0.16326799988746643,-999.0,1,115000,0.9978219866752625,21.4862003326416,0.2141129970550537,0.3037030100822449,2,21.255599975585938,21.683799743652344,-999.0,-999.0,-999.0,1,21.728900909423828,0.22202099859714508,0.31494298577308655,2,115000,-999.0,-999.0,-999.0,-999.0,0,-999.0,-999.0,-999.0,-999.0,-999.0,0,-999.0,-999.0,-999.0,0,16416,0.034153461866322135
PSO J223.9105+05.5461,-999,-999,-999,114652239105175761,3496239000027708,65296387828795,0,15189951965689,11465,1,1467,31,0.164027463797505,3496239,15203,3,268513280,0,32,-999.0,-999.0,-999.0,-999.0,223.9104817,5.54609968,0.023360000923275948,0.023360000923275948,,,,,55306.34664352,-999.0,-0.7170517694252967,-0.6902870367047684,0.0966466084319607,219.6798584059071,21.30004386918876,2.399239562073603,53.41373569503017,-999,0,1,0,1,0,0,0,-999.0,-999.0,-999.0,-999.0,0,-999.0,-999.0,-999.0,-999.0,-999.0,0,-999.0,-999.0,-999.0,0,0,0.9991679787635803,18.305999755859375,0.017913000658154488,-999.0,1,18.305999755859375,18.305999755859375,19.245899200439453,0.061507999897003174,-999.0,1,19.282800674438477,0.017913000658154488,-999.0,1,16,-999.0,-999.0,-999.0,-999.0,0,-999.0,-999.0,-999.0,-999.0,-999.0,0,-999.0,-999.0,-999.0,0,0,-999.0,-999.0,-999.0,-999.0,0,-999.0,-999.0,-999.0,-999.0,-999.0,0,-999.0,-999.0,-999.0,0,0,-999.0,-999.0,-999.0,-999.0,0,-999.0,-999.0,-999.0,-999.0,-999.0,0,-999.0,-999.0,-999.0,0,0,0.03376006393057468
PSO J223.9101+05.5487,-999,-999,-999,114652239101308859,3496239000027652,65296387828739,0,15189951913135,11465,1,1467,31,0.36250539902831,3496239,15203,3,268959744,0,32,-999.0,-999.0,-999.0,-999.0,223.910131,5.54867408,0.28505998849868774,0.28505998849868774,,,,,56487.28100694,-999.0,-0.7170528653829759,-0.6902796353626622,0.09669132975429519,219.67865201443547,21.302386102436383,2.402192782277716,53.415646495694304,-999,0,1,0,0,0,1,0,-999.0,-999.0,-999.0,-999.0,0,-999.0,-999.0,-999.0,-999.0,-999.0,0,-999.0,-999.0,-999.0,0,0,-999.0,-999.0,-999.0,-999.0,0,-999.0,-999.0,-999.0,-999.0,-999.0,0,-999.0,-999.0,-999.0,0,0,-999.0,-999.0,-999.0,-999.0,0,-999.0,-999.0,-999.0,-999.0,-999.0,0,-999.0,-999.0,-999.0,0,0,0.46115800738334656,22.043399810791016,0.28466901183128357,-999.0,1,22.043399810791016,22.043399810791016,-999.0,-999.0,-999.0,0,-999.0,-999.0,-999.0,0,4120,-999.0,-999.0,-999.0,-999.0,0,-999.0,-999.0,-999.0,-999.0,-999.0,0,-999.0,-999.0,-999.0,0,0,0.03202353859707713
PSO J223.9098+05.5469,-999,-999,-999,114652239098076715,3496239000027614,65296387828701,0,15189951911478,11465,1,1467,31,0.843515338230427,3496239,15203,3,268959744,0,32,-999.0,-999.0,-999.0,-999.0,223.90979836,5.54689405,0.3355900049209595,0.3355900049209595,,,,,55694.35231481,-999.0,-0.7170590366968289,-0.6902775553627186,0.09666040789219142,219.67890153974108,21.300590531242914,2.399538225166921,53.41476619355101,-999,0,1,0,1,0,0,0,-999.0,-999.0,-999.0,-999.0,0,-999.0,-999.0,-999.0,-999.0,-999.0,0,-999.0,-999.0,-999.0,0,0,0.8226670026779175,21.609399795532227,0.3352530002593994,-999.0,1,21.609399795532227,21.609399795532227,-999.0,-999.0,-999.0,0,25.059999465942383,0.3352530002593994,-999.0,1,4112,-999.0,-999.0,-999.0,-999.0,0,-999.0,-999.0,-999.0,-999.0,-999.0,0,-999.0,-999.0,-999.0,0,0,-999.0,-999.0,-999.0,-999.0,0,-999.0,-999.0,-999.0,-999.0,-999.0,0,-999.0,-999.0,-999.0,0,0,-999.0,-999.0,-999.0,-999.0,0,-999.0,-999.0,-999.0,-999.0,-999.0,0,-999.0,-999.0,-999.0,0,0,0.03274430395128849
PSO J223.9094+05.5442,-999,-999,-999,114652239094233518,3496239000106684,65296387907773,0,15189951967088,11465,1,1467,31,0.0726151737129457,3496239,15203,3,268959744,0,32,-999.0,-999.0,-999.0,-999.0,223.90940162,5.54422566,0.2608200013637543,0.2608200013637543,,,,,55239.59633102,-999.0,-0.7170670588565293,-0.6902757113903746,0.09661405367418897,219.6793791718639,21.297930041467467,2.39566761055314,53.413368331658624,-999,0,1,0,0,0,0,1,-999.0,-999.0,-999.0,-999.0,0,-999.0,-999.0,-999.0,-999.0,-999.0,0,-999.0,-999.0,-999.0,0,0,-999.0,-999.0,-999.0,-999.0,0,-999.0,-999.0,-999.0,-999.0,-999.0,0,-999.0,-999.0,-999.0,0,0,-999.0,-999.0,-999.0,-999.0,0,-999.0,-999.0,-999.0,-999.0,-999.0,0,-999.0,-999.0,-999.0,0,0,-999.0,-999.0,-999.0,-999.0,0,-999.0,-999.0,-999.0,-999.0,-999.0,0,-999.0,-999.0,-999.0,0,0,0.6826270222663879,20.238800048828125,0.2603839933872223,-999.0,1,20.238800048828125,20.238800048828125,-999.0,-999.0,-999.0,0,20.867599487304688,0.2603839933872223,-999.0,1,4120,0.034055406655622115
PSO J223.9078+05.5457,-999,-999,-999,114652239077685292,3496239000027333,65296387828420,0,15189951963920,11465,1,1467,31,0.18485942965826,3496239,15203,3,268959744,0,32,-999.0,-999.0,-999.0,-999.0,223.90776811,5.54569481,-999.0,-999.0,,,,,-999.0,-999.0,-0.717084953368391,-0.6902535491824376,0.09663957519412286,219.6772337059553,21.298827875810076,2.3958260178881066,53.41555760753091,-999,0,1,1,0,0,0,0,-999.0,-999.0,-999.0,-999.0,0,-999.0,-999.0,18.630199432373047,0.013341999612748623,-999.0,1,-999.0,-999.0,-999.0,0,24,-999.0,-999.0,-999.0,-999.0,0,-999.0,-999.0,-999.0,-999.0,-999.0,0,-999.0,-999.0,-999.0,0,0,-999.0,-999.0,-999.0,-999.0,0,-999.0,-999.0,-999.0,-999.0,-999.0,0,-999.0,-999.0,-999.0,0,0,-999.0,-999.0,-999.0,-999.0,0,-999.0,-999.0,-999.0,-999.0,-999.0,0,-999.0,-999.0,-999.0,0,0,-999.0,-999.0,-999.0,-999.0,0,-999.0,-999.0,-999.0,-999.0,-999.0,0,-999.0,-999.0,-999.0,0,0,0.03186650514855251
PSO J223.9077+05.5457,-999,-999,-999,114652239077015257,3496239000027320,65296387828407,0,15189951963921,11465,1,1467,31,0.834701582635475,3496239,15203,3,268959744,0,32,-999.0,-999.0,-999.0,-999.0,223.90770158,5.54566598,-999.0,-999.0,,,,,-999.0,-999.0,-0.71708578990151,-0.6902527502488304,0.09663907437084286,219.67717559659297,21.29878007531896,2.395717896048488,53.415590217145144,-999,0,1,1,0,0,0,0,-999.0,-999.0,-999.0,-999.0,0,-999.0,-999.0,18.69379997253418,0.013908999972045422,-999.0,1,-999.0,-999.0,-999.0,0,24,-999.0,-999.0,-999.0,-999.0,0,-999.0,-999.0,-999.0,-999.0,-999.0,0,-999.0,-999.0,-999.0,0,0,-999.0,-999.0,-999.0,-999.0,0,-999.0,-999.0,-999.0,-999.0,-999.0,0,-999.0,-999.0,-999.0,0,0,-999.0,-999.0,-999.0,-999.0,0,-999.0,-999.0,-999.0,-999.0,-999.0,0,-999.0,-999.0,-999.0,0,0,-999.0,-999.0,-999.0,-999.0,0,-999.0,-999.0,-999.0,-999.0,-999.0,0,-999.0,-999.0,-999.0,0,0,0.03183361401189139
PSO J223.9066+05.5490,-999,-999,-999,114652239066339377,3496239000027203,65296387828290,0,15189951389993,11465,1,1467,31,0.623930231317813,3496239,15203,3,268959744,0,32,-999.0,-999.0,-999.0,-999.0,223.90655241,5.54903477,0.1494700014591217,0.1494700014591217,,,,,56822.40579861,-999.0,-0.7170955390316599,-0.6902344260673875,0.09669759548363845,219.6748952656584,21.30163371094027,2.3988471773415396,53.41861986275304,-999,0,2,0,0,2,0,0,-999.0,-999.0,-999.0,-999.0,0,-999.0,-999.0,-999.0,-999.0,-999.0,0,-999.0,-999.0,-999.0,0,0,-999.0,-999.0,-999.0,-999.0,0,-999.0,-999.0,-999.0,-999.0,-999.0,0,-999.0,-999.0,-999.0,0,0,0.5259249806404114,20.196399688720703,0.2169959992170334,0.3195500075817108,2,20.042400360107422,20.47640037536621,-999.0,-999.0,-999.0,0,21.330799102783203,0.5687320232391357,0.9724259972572327,2,4112,-999.0,-999.0,-999.0,-999.0,0,-999.0,-999.0,-999.0,-999.0,-999.0,0,-999.0,-999.0,-999.0,0,0,-999.0,-999.0,-999.0,-999.0,0,-999.0,-999.0,-999.0,-999.0,-999.0,0,-999.0,-999.0,-999.0,0,0,0.028871176421185564
PSO J223.9055+05.5492,-999,-999,-999,114652239055369468,3496239000027019,65296387828106,0,15189951390075,11465,1,1467,31,0.404813929837955,3496239,15203,3,268959744,0,32,-999.0,-999.0,-999.0,-999.0,223.90553217,5.54917217,0.2401999980211258,0.2401999980211258,,,,,56822.37528935,-999.0,-0.7171076625355635,-0.6902214961521909,0.09669998232787647,219.67381282657075,21.301452088980756,2.397937955828389,53.41948959009588,-999,0,1,0,0,1,0,0,-999.0,-999.0,-999.0,-999.0,0,-999.0,-999.0,-999.0,-999.0,-999.0,0,-999.0,-999.0,-999.0,0,0,-999.0,-999.0,-999.0,-999.0,0,-999.0,-999.0,-999.0,-999.0,-999.0,0,-999.0,-999.0,-999.0,0,0,0.6096270084381104,21.13599967956543,0.23972900211811066,-999.0,1,21.13599967956543,21.13599967956543,-999.0,-999.0,-999.0,0,22.18269920349121,0.23972900211811066,-999.0,1,4120,-999.0,-999.0,-999.0,-999.0,0,-999.0,-999.0,-999.0,-999.0,-999.0,0,-999.0,-999.0,-999.0,0,0,-999.0,-999.0,-999.0,-999.0,0,-999.0,-999.0,-999.0,-999.0,-999.0,0,-999.0,-999.0,-999.0,0,0,0.027970626634843718
PSO J223.9053+05.5454,-999,-999,-999,114652239053744957,3496239000026993,65296387828080,0,15189951930616,11465,1,1467,31,0.290058844061623,3496239,15203,3,302067712,0,36,-999.0,-999.0,-999.0,-999.0,223.90534412,5.54542661,0.2602500021457672,0.2602500021457672,,,,,55694.32836806,-999.0,-0.7171144809285687,-0.6902235248288627,0.09663491612957407,219.67485829345378,21.297830560366354,2.3928973088378807,53.41724462567975,-999,0,1,0,0,1,0,0,-999.0,-999.0,-999.0,-999.0,0,-999.0,-999.0,-999.0,-999.0,-999.0,0,-999.0,-999.0,-999.0,0,0,-999.0,-999.0,-999.0,-999.0,0,-999.0,-999.0,-999.0,-999.0,-999.0,0,-999.0,-999.0,-999.0,0,0,0.8601130247116089,21.098600387573242,0.25981900095939636,-999.0,1,21.098600387573242,21.098600387573242,-999.0,-999.0,-999.0,0,22.544200897216797,0.25981900095939636,-999.0,1,272,-999.0,-999.0,-999.0,-999.0,0,-999.0,-999.0,-999.0,-999.0,-999.0,0,-999.0,-999.0,-999.0,0,0,-999.0,-999.0,-999.0,-999.0,0,-999.0,-999.0,-999.0,-999.0,-999.0,0,-999.0,-999.0,-999.0,0,0,0.030220006105131033
PSO J223.9035+05.5434,-999,-999,-999,114652239035312583,3496239000026731,65296387827818,0,15189951934004,11465,1,1467,31,0.699461673106497,3496239,15203,3,268513280,0,32,-999.0,-999.0,-999.0,-999.0,223.90350329,5.54343795,0.01703999936580658,0.01703999936580658,,,,,56392.5383912,-999.0,-0.7171390726395613,-0.6902028100776736,0.09660036984687284,219.6736436862667,21.29537472548274,2.388366506726247,53.41738707595458,-999,0,1,1,0,0,0,0,0.9591130018234253,17.966400146484375,0.008066000416874886,-999.0,1,17.966400146484375,17.966400146484375,18.885900497436523,0.025488000363111496,-999.0,1,18.784900665283203,0.008066000416874886,-999.0,1,24,-999.0,-999.0,-999.0,-999.0,0,-999.0,-999.0,-999.0,-999.0,-999.0,0,-999.0,-999.0,-999.0,0,0,-999.0,-999.0,-999.0,-999.0,0,-999.0,-999.0,-999.0,-999.0,-999.0,0,-999.0,-999.0,-999.0,0,0,-999.0,-999.0,-999.0,-999.0,0,-999.0,-999.0,-999.0,-999.0,-999.0,0,-999.0,-999.0,-999.0,0,0,-999.0,-999.0,-999.0,-999.0,0,-999.0,-999.0,-999.0,-999.0,-999.0,0,-999.0,-999.0,-999.0,0,0,0.03033893389815508
PSO J223.9034+05.5468,-999,-999,-999,114652239034246608,3496239000026712,65296387827799,0,15189951434933,11465,1,1467,31,0.166742957352421,3496239,15203,3,310456320,0,37,-999.0,-999.0,-999.0,-999.0,223.90339994,5.54679026,0.1846799999475479,0.1846799999475479,,,,,55338.40309028,-999.0,-0.7171362440919933,-0.6901975959889732,0.09665860489719015,219.67243185281308,21.298532849402875,2.392588311526105,53.41960474416765,-999,0,1,0,1,0,0,0,-999.0,-999.0,-999.0,-999.0,0,-999.0,-999.0,-999.0,-999.0,-999.0,0,-999.0,-999.0,-999.0,0,0,0.9984520077705383,21.601499557495117,0.1840749979019165,-999.0,1,21.601499557495117,21.601499557495117,20.784900665283203,0.18106800317764282,-999.0,1,20.86280059814453,0.1840749979019165,-999.0,1,16777496,-999.0,-999.0,-999.0,-999.0,0,-999.0,-999.0,-999.0,-999.0,-999.0,0,-999.0,-999.0,-999.0,0,0,-999.0,-999.0,-999.0,-999.0,0,-999.0,-999.0,-999.0,-999.0,-999.0,0,-999.0,-999.0,-999.0,0,0,-999.0,-999.0,-999.0,-999.0,0,-999.0,-999.0,-999.0,-999.0,-999.0,0,-999.0,-999.0,-999.0,0,0,0.02787435653523582
PSO J223.9016+05.5424,-999,-999,-999,114652239016071376,3496239000026450,65296387827537,0,15189951421336,11465,1,1467,31,0.476905435767868,3496239,15203,3,268959744,0,32,-999.0,-999.0,-999.0,-999.0,223.90159731,5.54243098,0.2897300124168396,0.2897300124168396,,,,,56335.64762731,-999.0,-0.7171632554407509,-0.6901801307628854,0.0965828770836263,219.67203877947398,21.29383302652304,2.3850347053729193,53.4182055879396,-999,0,1,0,0,0,1,0,-999.0,-999.0,-999.0,-999.0,0,-999.0,-999.0,-999.0,-999.0,-999.0,0,-999.0,-999.0,-999.0,0,0,-999.0,-999.0,-999.0,-999.0,0,-999.0,-999.0,-999.0,-999.0,-999.0,0,-999.0,-999.0,-999.0,0,0,-999.0,-999.0,-999.0,-999.0,0,-999.0,-999.0,-999.0,-999.0,-999.0,0,-999.0,-999.0,-999.0,0,0,0.5719249844551086,21.93630027770996,0.28934499621391296,-999.0,1,21.93630027770996,21.93630027770996,-999.0,-999.0,-999.0,0,-999.0,-999.0,-999.0,0,4120,-999.0,-999.0,-999.0,-999.0,0,-999.0,-999.0,-999.0,-999.0,-999.0,0,-999.0,-999.0,-999.0,0,0,0.029880626279020366
PSO J223.9014+05.5417,-999,-999,-999,114652239013960463,3496239000026416,65296387827503,0,15189951420529,11465,1,1467,31,0.82301616186557,3496239,15203,3,268959744,0,32,-999.0,-999.0,-999.0,-999.0,223.90138518,5.54167791,0.3753100037574768,0.3753100037574768,,,,,56392.5383912,-999.0,-0.7171667253505319,-0.6901783557525074,0.09656979497109869,219.6720717847872,21.293051522740775,2.383835636077063,53.41788774525545,-999,0,1,1,0,0,0,0,0.46778199076652527,21.532699584960938,0.3750079870223999,-999.0,1,21.532699584960938,21.532699584960938,-999.0,-999.0,-999.0,0,22.616100311279297,0.3750079870223999,-999.0,1,4120,-999.0,-999.0,-999.0,-999.0,0,-999.0,-999.0,-999.0,-999.0,-999.0,0,-999.0,-999.0,-999.0,0,0,-999.0,-999.0,-999.0,-999.0,0,-999.0,-999.0,-999.0,-999.0,-999.0,0,-999.0,-999.0,-999.0,0,0,-999.0,-999.0,-999.0,-999.0,0,-999.0,-999.0,-999.0,-999.0,-999.0,0,-999.0,-999.0,-999.0,0,0,-999.0,-999.0,-999.0,-999.0,0,-999.0,-999.0,-999.0,-999.0,-999.0,0,-999.0,-999.0,-999.0,0,0,0.030347608136701214
PSO J223.9008+05.5476,-999,-999,-999,114652239008537548,3496239000026330,65296387827417,0,15189951438330,11465,1,1467,31,0.917993694467464,3496239,15203,3,268959744,0,32,-999.0,-999.0,-999.0,-999.0,223.90084242,5.54758177,0.36083000898361206,0.36083000898361206,,,,,56392.5383912,-999.0,-0.7171660896308673,-0.69016465841734,0.09667235465864758,219.6695708564273,21.298502922166875,2.3908864322089514,53.42207003594192,-999,0,1,1,0,0,0,0,0.5944889783859253,21.999300003051758,0.36052200198173523,-999.0,1,21.999300003051758,21.999300003051758,-999.0,-999.0,-999.0,0,21.965999603271484,0.36052200198173523,-999.0,1,4120,-999.0,-999.0,-999.0,-999.0,0,-999.0,-999.0,-999.0,-999.0,-999.0,0,-999.0,-999.0,-999.0,0,0,-999.0,-999.0,-999.0,-999.0,0,-999.0,-999.0,-999.0,-999.0,-999.0,0,-999.0,-999.0,-999.0,0,0,-999.0,-999.0,-999.0,-999.0,0,-999.0,-999.0,-999.0,-999.0,-999.0,0,-999.0,-999.0,-999.0,0,0,-999.0,-999.0,-999.0,-999.0,0,-999.0,-999.0,-999.0,-999.0,-999.0,0,-999.0,-999.0,-999.0,0,0,0.025504608178684825
PSO J223.9006+05.5454,-999,-999,-999,114652239006284976,3496239000026289,65296387827376,0,15189951422180,11465,1,1467,31,0.884234827835331,3496239,15203,3,310456320,0,37,-999.0,-999.0,-999.0,-999.0,223.90060468,5.545431,0.18538999557495117,0.18538999557495117,,,,,55338.40309028,-999.0,-0.7171715676243604,-0.6901641984606421,0.0966349923909385,219.6700393247244,21.296383655048185,2.3878537032808795,53.42088026356242,-999,0,1,0,1,0,0,0,-999.0,-999.0,-999.0,-999.0,0,-999.0,-999.0,-999.0,-999.0,-999.0,0,-999.0,-999.0,-999.0,0,0,0.9995260238647461,21.606599807739258,0.1847829967737198,-999.0,1,21.606599807739258,21.606599807739258,21.17609977722168,0.2342499941587448,-999.0,1,21.03230094909668,0.1847829967737198,-999.0,1,16777496,-999.0,-999.0,-999.0,-999.0,0,-999.0,-999.0,-999.0,-999.0,-999.0,0,-999.0,-999.0,-999.0,0,0,-999.0,-999.0,-999.0,-999.0,0,-999.0,-999.0,-999.0,-999.0,-999.0,0,-999.0,-999.0,-999.0,0,0,-999.0,-999.0,-999.0,-999.0,0,-999.0,-999.0,-999.0,-999.0,-999.0,0,-999.0,-999.0,-999.0,0,0,0.02693527006568473
PSO J223.8996+05.5445,-999,-999,-999,114652238996603835,3496239000026160,65296387827247,0,15189951421594,11465,1,1467,31,0.536668950260308,3496239,15203,3,436527104,7,52,223.89967018,5.54450508,0.0010000000474974513,0.0010000000474974513,223.89964347062104,5.544509201713278,0.006321282640092968,0.006321282640092968,-17.776824990728784,5.078748551308238,4.786549047218139,4.786549047218139,56314.76714631536,2.850578546524048,-0.7171842660608122,-0.6901532448389889,0.09661897925888478,219.6693640062184,21.295210067102605,2.3856334399593795,53.42103043538454,-999,5,48,0,8,21,14,5,-999.0,-999.0,-999.0,-999.0,0,-999.0,-999.0,-999.0,-999.0,-999.0,0,-999.0,-999.0,-999.0,0,114720,0.9996560215950012,21.29330062866211,0.03589800000190735,0.21423299610614777,7,20.883800506591797,21.49449920654297,21.207500457763672,0.12653400003910065,0.33414599299430847,7,21.05139923095703,0.1105479970574379,0.3726310133934021,7,115000,0.9994549751281738,20.362199783325195,0.01955999992787838,0.08568999916315079,20,20.1742000579834,20.47100067138672,20.460899353027344,0.04278400167822838,0.18891499936580658,20,20.38330078125,0.03622300177812576,0.24478399753570557,20,115000,0.9994609951972961,19.888599395751953,0.02415500022470951,0.12931999564170837,13,19.815200805664062,20.27120018005371,19.962099075317383,0.03833800181746483,0.1681389957666397,13,19.868999481201172,0.034669000655412674,0.1868560016155243,13,115000,0.998553991317749,19.698999404907227,0.10180199891328812,0.10815200209617615,4,19.561899185180664,19.766599655151367,19.599199295043945,0.18140099942684174,0.18649700284004211,4,19.62849998474121,0.20218299329280853,0.2786239981651306,4,115000,0.027045559198451738
PSO J223.8988+05.5493,-999,-999,-999,114652238988099569,3496239000106653,65296387907742,0,15189951437327,11465,1,1467,31,0.386834429005938,3496239,15203,3,268959744,0,32,-999.0,-999.0,-999.0,-999.0,223.89879418,5.54926996,0.34643998742103577,0.34643998742103577,,,,,55254.61549769,-999.0,-0.717188708775176,-0.6901370449993373,0.09670168108662097,219.66693145785771,21.299482093047992,2.390885890679661,53.42471693097832,-999,0,1,0,0,0,1,0,-999.0,-999.0,-999.0,-999.0,0,-999.0,-999.0,-999.0,-999.0,-999.0,0,-999.0,-999.0,-999.0,0,0,-999.0,-999.0,-999.0,-999.0,0,-999.0,-999.0,-999.0,-999.0,-999.0,0,-999.0,-999.0,-999.0,0,0,-999.0,-999.0,-999.0,-999.0,0,-999.0,-999.0,-999.0,-999.0,-999.0,0,-999.0,-999.0,-999.0,0,0,0.47044798731803894,21.11910057067871,0.3461180031299591,-999.0,1,21.11910057067871,21.11910057067871,-999.0,-999.0,-999.0,0,21.12070083618164,0.3461180031299591,-999.0,1,4112,-999.0,-999.0,-999.0,-999.0,0,-999.0,-999.0,-999.0,-999.0,-999.0,0,-999.0,-999.0,-999.0,0,0,0.02287521992739564
PSO J223.8980+05.5434,-999,-999,-999,114652238980052581,3496239000025931,65296387827018,0,15189951429917,11465,1,1467,31,0.461692233999904,3496239,15203,3,268513280,0,32,-999.0,-999.0,-999.0,-999.0,223.89798616,5.54343635,0.015990000218153,0.015990000218153,,,,,56721.58826389,-999.0,-0.7172055323253604,-0.6901337539327383,0.09660034205220432,219.66803628432166,21.293683974593215,2.3824860837239097,53.42161478585853,-999,0,1,1,0,0,0,0,0.999081015586853,17.820999145507812,0.005504000000655651,-999.0,1,17.820999145507812,17.820999145507812,18.760799407958984,0.021183999255299568,-999.0,1,18.74839973449707,0.005504000000655651,-999.0,1,24,-999.0,-999.0,-999.0,-999.0,0,-999.0,-999.0,-999.0,-999.0,-999.0,0,-999.0,-999.0,-999.0,0,0,-999.0,-999.0,-999.0,-999.0,0,-999.0,-999.0,-999.0,-999.0,-999.0,0,-999.0,-999.0,-999.0,0,0,-999.0,-999.0,-999.0,-999.0,0,-999.0,-999.0,-999.0,-999.0,-999.0,0,-999.0,-999.0,-999.0,0,0,-999.0,-999.0,-999.0,-999.0,0,-999.0,-999.0,-999.0,-999.0,-999.0,0,-999.0,-999.0,-999.0,0,0,0.026954728029908878
PSO J223.8969+05.5486,-999,-999,-999,114652238968468797,3496239000025751,65296387826838,0,15189951445980,11465,1,1467,31,0.548365354117346,3496239,15203,3,268959744,0,32,-999.0,-999.0,-999.0,-999.0,223.89685,5.54862532,0.25148001313209534,0.25148001313209534,,,,,55399.25851852,-999.0,-0.717212910283928,-0.6901134630432707,0.0966904827192545,219.6651681136409,21.298273408565,2.3879811669542175,53.42579593332486,-999,0,1,0,0,0,1,0,-999.0,-999.0,-999.0,-999.0,0,-999.0,-999.0,-999.0,-999.0,-999.0,0,-999.0,-999.0,-999.0,0,0,-999.0,-999.0,-999.0,-999.0,0,-999.0,-999.0,-999.0,-999.0,-999.0,0,-999.0,-999.0,-999.0,0,0,-999.0,-999.0,-999.0,-999.0,0,-999.0,-999.0,-999.0,-999.0,-999.0,0,-999.0,-999.0,-999.0,0,0,0.776760995388031,20.46470069885254,0.25102999806404114,-999.0,1,20.46470069885254,20.46470069885254,-999.0,-999.0,-999.0,0,22.112899780273438,0.25102999806404114,-999.0,1,4112,-999.0,-999.0,-999.0,-999.0,0,-999.0,-999.0,-999.0,-999.0,-999.0,0,-999.0,-999.0,-999.0,0,0,0.02209125833917501
PSO J223.8953+05.5468,-999,-999,-999,114652238953686632,3496239000025523,65296387826610,0,15189951431828,11465,1,1467,31,0.733327286069586,3496239,15203,3,436527232,7,52,223.89536016,5.54679821,0.0010000000474974513,0.0010000000474974513,223.89534187308166,5.546807611452524,0.004042689212498196,0.004083486464170708,-16.44238965514086,-7.870688996105924,3.028235954375118,3.06868418546708,56299.91200450031,3.776887893676758,-0.7172332851568556,-0.6900967109704929,0.09665890631914272,219.6642300710192,21.2960775734897,2.3840148648957893,53.42579520863066,-999,5,60,6,12,17,15,10,0.9998210072517395,21.46030044555664,0.11322499811649323,0.26077601313591003,6,21.088300704956055,21.69860076904297,21.482099533081055,0.16151699423789978,0.3718140125274658,6,21.73870086669922,0.20614799857139587,0.614171028137207,6,115000,0.9997460246086121,20.516799926757812,0.016401000320911407,0.16415299475193024,10,20.36840057373047,20.903900146484375,20.63479995727539,0.060763999819755554,0.2216469943523407,11,20.529699325561523,0.02522600069642067,0.08117199689149857,11,115000,0.9997119903564453,19.87809944152832,0.009882999584078789,0.04914499819278717,16,19.784700393676758,19.959400177001953,20.008800506591797,0.036107998341321945,0.11788800358772278,16,19.89940071105957,0.029665999114513397,0.10704600065946579,17,115000,0.9989650249481201,19.567800521850586,0.023327000439167023,0.0996130034327507,14,19.44379997253418,19.794099807739258,19.63909912109375,0.03489299863576889,0.17584000527858734,15,19.568599700927734,0.026131000369787216,0.13444699347019196,15,115000,0.9996529817581177,19.316099166870117,0.05519099906086922,0.12745800614356995,9,19.057899475097656,19.393400192260742,19.464099884033203,0.06776700168848038,0.24569499492645264,9,19.35219955444336,0.09540099650621414,0.21211199462413788,9,115000,0.02269262078783018
PSO J223.8953+05.5481,-999,-999,-999,114652238953178171,3496239000025518,65296387826605,0,15189951432079,11465,1,1467,31,0.300916163531054,3496239,15203,3,268959744,0,32,-999.0,-999.0,-999.0,-999.0,223.89532236,5.54810355,0.2211499959230423,0.2211499959230423,,,,,55399.25851852,-999.0,-0.7172319445553568,-0.6900949506930645,0.09668141877981769,219.66378761482443,21.297309170232623,2.385678977213907,53.42663399063824,-999,0,1,0,0,0,1,0,-999.0,-999.0,-999.0,-999.0,0,-999.0,-999.0,-999.0,-999.0,-999.0,0,-999.0,-999.0,-999.0,0,0,-999.0,-999.0,-999.0,-999.0,0,-999.0,-999.0,-999.0,-999.0,-999.0,0,-999.0,-999.0,-999.0,0,0,-999.0,-999.0,-999.0,-999.0,0,-999.0,-999.0,-999.0,-999.0,-999.0,0,-999.0,-999.0,-999.0,0,0,0.6753619909286499,20.16990089416504,0.22064200043678284,-999.0,1,20.16990089416504,20.16990089416504,-999.0,-999.0,-999.0,0,-999.0,-999.0,-999.0,0,4112,-999.0,-999.0,-999.0,-999.0,0,-999.0,-999.0,-999.0,-999.0,-999.0,0,-999.0,-999.0,-999.0,0,0,0.02160331870031518
PSO J223.8952+05.5471,-999,-999,-999,114652238951927010,3496239000025490,65296387826577,0,15189951431873,11465,1,1467,31,0.24155600298341,3496239,15203,3,268959744,0,32,-999.0,-999.0,-999.0,-999.0,223.89518245,5.54713391,0.2056400030851364,0.2056400030851364,,,,,56384.59559028,-999.0,-0.7172348086328114,-0.690094333621175,0.09666457463518256,219.6639655772938,21.29634371657896,2.3842767329896786,53.42612264372367,-999,0,1,0,0,1,0,0,-999.0,-999.0,-999.0,-999.0,0,-999.0,-999.0,-999.0,-999.0,-999.0,0,-999.0,-999.0,-999.0,0,0,-999.0,-999.0,-999.0,-999.0,0,-999.0,-999.0,-999.0,-999.0,-999.0,0,-999.0,-999.0,-999.0,0,0,0.7377910017967224,21.236000061035156,0.2050900012254715,-999.0,1,21.236000061035156,21.236000061035156,-999.0,-999.0,-999.0,0,21.13610076904297,0.2050900012254715,-999.0,1,4120,-999.0,-999.0,-999.0,-999.0,0,-999.0,-999.0,-999.0,-999.0,-999.0,0,-999.0,-999.0,-999.0,0,0,-999.0,-999.0,-999.0,-999.0,0,-999.0,-999.0,-999.0,-999.0,-999.0,0,-999.0,-999.0,-999.0,0,0,0.022332409905217617
PSO J223.8944+05.5449,-999,-999,-999,114652238944504324,3496239000025360,65296387826447,0,15189951425186,11465,1,1467,31,0.21169517954038,3496239,15203,3,268513280,0,32,-999.0,-999.0,-999.0,-999.0,223.89443548,5.54488365,0.022379999980330467,0.022379999980330467,,,,,56045.38216435,-999.0,-0.7172465406280081,-0.690087614576521,0.09662548403626328,219.66394934560233,21.293973865528987,2.3805726349886793,53.4252595400125,-999,0,1,0,0,1,0,0,-999.0,-999.0,-999.0,-999.0,0,-999.0,-999.0,-999.0,-999.0,-999.0,0,-999.0,-999.0,-999.0,0,0,-999.0,-999.0,-999.0,-999.0,0,-999.0,-999.0,-999.0,-999.0,-999.0,0,-999.0,-999.0,-999.0,0,0,0.999210000038147,18.5802001953125,0.016607999801635742,-999.0,1,18.5802001953125,18.5802001953125,19.467300415039062,0.05440400168299675,-999.0,1,19.454500198364258,0.016607999801635742,-999.0,1,24,-999.0,-999.0,-999.0,-999.0,0,-999.0,-999.0,-999.0,-999.0,-999.0,0,-999.0,-999.0,-999.0,0,0,-999.0,-999.0,-999.0,-999.0,0,-999.0,-999.0,-999.0,-999.0,-999.0,0,-999.0,-999.0,-999.0,0,0,0.023889901035665195
PSO J223.8942+05.5473,-999,-999,-999,114652238941847223,3496239000025324,65296387826411,0,15189951432675,11465,1,1467,31,0.791064313418292,3496239,15203,3,268959744,0,32,-999.0,-999.0,-999.0,-999.0,223.89415133,5.54731334,0.23558999598026276,0.23558999598026276,,,,,56335.659375,-999.0,-0.7172470096077328,-0.6900812159498866,0.09666769161354169,219.66285824620093,21.29619870293379,2.3834098018387997,53.42702742613669,-999,0,1,0,0,0,0,1,-999.0,-999.0,-999.0,-999.0,0,-999.0,-999.0,-999.0,-999.0,-999.0,0,-999.0,-999.0,-999.0,0,0,-999.0,-999.0,-999.0,-999.0,0,-999.0,-999.0,-999.0,-999.0,-999.0,0,-999.0,-999.0,-999.0,0,0,-999.0,-999.0,-999.0,-999.0,0,-999.0,-999.0,-999.0,-999.0,-999.0,0,-999.0,-999.0,-999.0,0,0,-999.0,-999.0,-999.0,-999.0,0,-999.0,-999.0,-999.0,-999.0,-999.0,0,-999.0,-999.0,-999.0,0,0,0.7630320191383362,20.471099853515625,0.23510999977588654,-999.0,1,20.471099853515625,20.471099853515625,-999.0,-999.0,-999.0,0,20.68470001220703,0.23510999977588654,-999.0,1,4120,0.02163802775886954
PSO J223.8940+05.5418,-999,-999,-999,114652238940490582,3496239000025303,65296387826390,0,15189951428478,11465,1,1467,31,0.231574525340995,3496239,15203,3,268959744,0,32,-999.0,-999.0,-999.0,-999.0,223.89404295,5.54177162,0.23767000436782837,0.23767000436782837,,,,,56822.41376157,-999.0,-0.7172550492986529,-0.690086338467529,0.09657142287481202,219.66457791196996,21.29089257112218,2.3761328500758165,53.42357483793013,-999,0,1,0,0,1,0,0,-999.0,-999.0,-999.0,-999.0,0,-999.0,-999.0,-999.0,-999.0,-999.0,0,-999.0,-999.0,-999.0,0,0,-999.0,-999.0,-999.0,-999.0,0,-999.0,-999.0,-999.0,-999.0,-999.0,0,-999.0,-999.0,-999.0,0,0,0.5658429861068726,20.56839942932129,0.23719200491905212,-999.0,1,20.56839942932129,20.56839942932129,-999.0,-999.0,-999.0,0,21.08180046081543,0.23719200491905212,-999.0,1,4112,-999.0,-999.0,-999.0,-999.0,0,-999.0,-999.0,-999.0,-999.0,-999.0,0,-999.0,-999.0,-999.0,0,0,-999.0,-999.0,-999.0,-999.0,0,-999.0,-999.0,-999.0,-999.0,-999.0,0,-999.0,-999.0,-999.0,0,0,0.026502911311271
PSO J223.8940+05.5437,-999,-999,-999,114652238940272901,3496239000025296,65296387826383,0,15189951425596,11465,1,1467,31,0.63921818289833,3496239,15203,3,268959744,0,32,-999.0,-999.0,-999.0,-999.0,223.89403972,5.54369175,0.2565799951553345,0.2565799951553345,,,,,56822.40097222,-999.0,-0.7172527556037125,-0.6900840537910388,0.09660477877521373,219.66394063323636,21.292718587205474,2.378610618393148,53.42480241855172,-999,0,1,0,0,1,0,0,-999.0,-999.0,-999.0,-999.0,0,-999.0,-999.0,-999.0,-999.0,-999.0,0,-999.0,-999.0,-999.0,0,0,-999.0,-999.0,-999.0,-999.0,0,-999.0,-999.0,-999.0,-999.0,-999.0,0,-999.0,-999.0,-999.0,0,0,0.6756389737129211,20.66550064086914,0.25614601373672485,-999.0,1,20.66550064086914,20.66550064086914,-999.0,-999.0,-999.0,1,22.257400512695312,0.25614601373672485,-999.0,1,4112,-999.0,-999.0,-999.0,-999.0,0,-999.0,-999.0,-999.0,-999.0,-999.0,0,-999.0,-999.0,-999.0,0,0,-999.0,-999.0,-999.0,-999.0,0,-999.0,-999.0,-999.0,-999.0,-999.0,0,-999.0,-999.0,-999.0,0,0,0.024767054439521173
PSO J223.8939+05.5423,-999,-999,-999,114652238939451161,3496239000025284,65296387826371,0,15189951428220,11465,1,1467,31,0.295764478198965,3496239,15203,3,268959744,0,32,-999.0,-999.0,-999.0,-999.0,223.89393391,5.54226295,0.37843000888824463,0.37843000888824463,,,,,55694.34011574,-999.0,-0.7172557658073028,-0.690084399263104,0.09657995811689138,219.66430485298596,21.291326683340728,2.3766515307484006,53.42397189596847,-999,0,1,0,0,1,0,0,-999.0,-999.0,-999.0,-999.0,0,-999.0,-999.0,-999.0,-999.0,-999.0,0,-999.0,-999.0,-999.0,0,0,-999.0,-999.0,-999.0,-999.0,0,-999.0,-999.0,-999.0,-999.0,-999.0,0,-999.0,-999.0,-999.0,0,0,0.6572279930114746,21.445199966430664,0.3781310021877289,-999.0,1,21.445199966430664,21.445199966430664,-999.0,-999.0,-999.0,0,21.784900665283203,0.3781310021877289,-999.0,1,4112,-999.0,-999.0,-999.0,-999.0,0,-999.0,-999.0,-999.0,-999.0,-999.0,0,-999.0,-999.0,-999.0,0,0,-999.0,-999.0,-999.0,-999.0,0,-999.0,-999.0,-999.0,-999.0,-999.0,0,-999.0,-999.0,-999.0,0,0,0.02601102653271113
PSO J223.8927+05.5421,-999,-999,-999,114652238926760940,3496239000025091,65296387826178,0,15189951424430,11465,1,1467,31,0.901563532558795,3496239,15203,3,268959744,0,32,-999.0,-999.0,-999.0,-999.0,223.89266533,5.54207948,0.2879599928855896,0.2879599928855896,,,,,55694.32836806,-999.0,-0.7172712675839988,-0.6900687328195263,0.0965767709301613,219.66307601525156,21.290763659082142,2.3750624564840903,53.42482706968643,-999,0,1,0,0,1,0,0,-999.0,-999.0,-999.0,-999.0,0,-999.0,-999.0,-999.0,-999.0,-999.0,0,-999.0,-999.0,-999.0,0,0,-999.0,-999.0,-999.0,-999.0,0,-999.0,-999.0,-999.0,-999.0,-999.0,0,-999.0,-999.0,-999.0,0,0,0.7135289907455444,21.131500244140625,0.2875730097293854,-999.0,1,21.131500244140625,21.131500244140625,-999.0,-999.0,-999.0,0,21.752700805664062,0.2875730097293854,-999.0,1,4112,-999.0,-999.0,-999.0,-999.0,0,-999.0,-999.0,-999.0,-999.0,-999.0,0,-999.0,-999.0,-999.0,0,0,-999.0,-999.0,-999.0,-999.0,0,-999.0,-999.0,-999.0,-999.0,-999.0,0,-999.0,-999.0,-999.0,0,0,0.025678574136460016
PSO J223.8926+05.5485,-999,-999,-999,114652238926018607,3496239000116853,65296387920013,0,15189951434740,11465,1,1467,31,0.713885620901255,3496239,15203,3,404226048,0,48,223.89260196,5.54845723,0.0010000000474974513,0.0010000000474974513,223.89260196,5.54845723,0.0010000000474974513,0.0010000000474974513,,,,,55971.37297454,-999.0,-0.7172642793176154,-0.6900604820058983,0.0966875627408672,219.66090566793153,21.296812664399877,2.383237019557983,53.42894471492452,-999,1,0,0,0,0,0,0,-999.0,-999.0,-999.0,-999.0,0,-999.0,-999.0,-999.0,-999.0,-999.0,0,-999.0,-999.0,-999.0,0,16416,-999.0,-999.0,-999.0,-999.0,0,-999.0,-999.0,-999.0,-999.0,-999.0,0,-999.0,-999.0,-999.0,0,16416,-999.0,-999.0,-999.0,-999.0,0,-999.0,-999.0,-999.0,-999.0,-999.0,0,-999.0,-999.0,-999.0,0,16416,-999.0,-999.0,-999.0,-999.0,0,-999.0,-999.0,-999.0,-999.0,-999.0,0,-999.0,-999.0,-999.0,0,114720,-999.0,-999.0,-999.0,-999.0,0,-999.0,-999.0,-999.0,-999.0,-999.0,0,-999.0,-999.0,-999.0,0,16416,0.019878751680070392
PSO J223.8926+05.5479,-999,-999,-999,114652238925857911,3496239000025077,65296387826164,0,15189951434321,11465,1,1467,31,0.95011843922559,3496239,15203,3,268959744,0,32,-999.0,-999.0,-999.0,-999.0,223.89255777,5.54788192,0.2887299954891205,0.2887299954891205,,,,,56838.25114583,-999.0,-0.7172655111288664,-0.6900606018677787,0.09667756872679949,219.66105072598774,21.296251727773758,2.382446374936836,53.42861155310768,-999,0,1,0,0,0,0,1,-999.0,-999.0,-999.0,-999.0,0,-999.0,-999.0,-999.0,-999.0,-999.0,0,-999.0,-999.0,-999.0,0,0,-999.0,-999.0,-999.0,-999.0,0,-999.0,-999.0,-999.0,-999.0,-999.0,0,-999.0,-999.0,-999.0,0,0,-999.0,-999.0,-999.0,-999.0,0,-999.0,-999.0,-999.0,-999.0,-999.0,0,-999.0,-999.0,-999.0,0,0,-999.0,-999.0,-999.0,-999.0,0,-999.0,-999.0,-999.0,-999.0,-999.0,0,-999.0,-999.0,-999.0,0,0,0.6781349778175354,20.894100189208984,0.2883389890193939,-999.0,1,20.894100189208984,20.894100189208984,-999.0,-999.0,-999.0,0,22.12299919128418,0.2883389890193939,-999.0,1,4120,0.02036451085349374
PSO J223.8762+05.5473,-999,-999,-999,114652238761517213,3496239000116509,65296387919669,0,15189951616670,11465,1,1467,31,0.488321884058716,3496239,15203,3,1343750144,0,160,223.8761955,5.54729505,0.0010000000474974513,0.0010000000474974513,223.8761955,5.54729505,0.0010000000474974513,0.0010000000474974513,,,,,55877.61681713,-999.0,-0.717463260042822,-0.6898564265949535,0.09666737388781912,219.6446136811406,21.290682244178814,2.364245196675457,53.44077676874281,-999,1,0,0,0,0,0,0,-999.0,-999.0,-999.0,-999.0,0,-999.0,-999.0,-999.0,-999.0,-999.0,0,-999.0,-999.0,-999.0,0,114720,-999.0,-999.0,-999.0,-999.0,0,-999.0,-999.0,-999.0,-999.0,-999.0,0,-999.0,-999.0,-999.0,0,16416,-999.0,-999.0,-999.0,-999.0,0,-999.0,-999.0,-999.0,-999.0,-999.0,0,-999.0,-999.0,-999.0,0,16416,-999.0,-999.0,-999.0,-999.0,0,-999.0,-999.0,-999.0,-999.0,-999.0,0,-999.0,-999.0,-999.0,0,16416,-999.0,-999.0,-999.0,-999.0,0,-999.0,-999.0,-999.0,-999.0,-999.0,0,-999.0,-999.0,-999.0,0,16416,0.019787998817310425
PSO J223.8758+05.5471,-999,-999,-999,114652238758176936,3496239000022374,65296387823461,0,15189951618578,11465,1,1467,31,0.788564092282731,3496239,15203,3,268959744,0,32,-999.0,-999.0,-999.0,-999.0,223.87580857,5.54707267,0.2592099905014038,0.2592099905014038,,,,,56384.58405093,-999.0,-0.7174681892156718,-0.6898518414436814,0.0966635108008536,219.64429385949478,21.290352140933603,2.3635451624785584,53.44093136153283,-999,0,1,0,0,1,0,0,-999.0,-999.0,-999.0,-999.0,0,-999.0,-999.0,-999.0,-999.0,-999.0,0,-999.0,-999.0,-999.0,0,0,-999.0,-999.0,-999.0,-999.0,0,-999.0,-999.0,-999.0,-999.0,-999.0,0,-999.0,-999.0,-999.0,0,0,0.22460199892520905,21.69729995727539,0.25878098607063293,-999.0,1,21.69729995727539,21.69729995727539,-999.0,-999.0,-999.0,0,23.30940055847168,0.25878098607063293,-999.0,1,4120,-999.0,-999.0,-999.0,-999.0,0,-999.0,-999.0,-999.0,-999.0,-999.0,0,-999.0,-999.0,-999.0,0,0,-999.0,-999.0,-999.0,-999.0,0,-999.0,-999.0,-999.0,-999.0,-999.0,0,-999.0,-999.0,-999.0,0,0,0.020130783409728376
PSO J223.8731+05.5451,-999,-999,-999,114652238730954639,3496239000021854,65296387822941,0,15189951632278,11465,1,1467,31,0.794276627520357,3496239,15203,3,436527104,7,52,223.87317302,5.54517916,0.0010000000474974513,0.0010000000474974513,223.8730922900962,5.545150848645616,0.03466137596166289,0.03466137596166289,64.55193849039834,221.1189010782155,53.86806679846524,53.86806679846524,56536.97250161806,7.569062232971191,-0.7175032298180984,-0.6898200736466544,0.09663012570995337,219.6421633683053,21.287687830953033,2.3581560726078576,53.44178879705756,-999,3,7,1,0,3,3,0,0.9990320205688477,21.576200485229492,0.18435600399971008,-999.0,1,21.576200485229492,21.576200485229492,-999.0,-999.0,-999.0,1,21.36210060119629,0.18435600399971008,-999.0,1,16696,-999.0,-999.0,-999.0,-999.0,0,-999.0,-999.0,-999.0,-999.0,-999.0,0,-999.0,-999.0,-999.0,0,16416,0.9992859959602356,21.055400848388672,0.06040100008249283,0.12548400461673737,3,20.907800674438477,21.146299362182617,20.865999221801758,0.18038900196552277,0.3944309949874878,3,20.66069984436035,0.19891899824142456,0.37071800231933594,3,115000,0.9981060028076172,21.300899505615234,0.18116900324821472,0.37324801087379456,3,20.820600509643555,21.51930046081543,20.751100540161133,0.15907800197601318,0.2902210056781769,3,20.884000778198242,0.16324199736118317,0.4076319932937622,3,16892216,-999.0,-999.0,-999.0,-999.0,0,-999.0,-999.0,-999.0,-999.0,-999.0,0,-999.0,-999.0,-999.0,0,114720,0.02296240749274438
PSO J223.8726+05.5445,-999,-999,-999,114652238726413845,3496239000021782,65296387822869,0,15189951631769,11465,1,1467,31,0.497787354977603,3496239,15203,3,268959744,0,32,-999.0,-999.0,-999.0,-999.0,223.87263476,5.54448405,0.2483000010251999,0.2483000010251999,,,,,55399.26950231,-999.0,-0.7175095489194141,-0.6898151234113452,0.09661854233246066,219.64192306187485,21.28691700377083,2.3568147537674764,53.44171133099023,-999,0,1,0,0,0,1,0,-999.0,-999.0,-999.0,-999.0,0,-999.0,-999.0,-999.0,-999.0,-999.0,0,-999.0,-999.0,-999.0,0,0,-999.0,-999.0,-999.0,-999.0,0,-999.0,-999.0,-999.0,-999.0,-999.0,0,-999.0,-999.0,-999.0,0,0,-999.0,-999.0,-999.0,-999.0,0,-999.0,-999.0,-999.0,-999.0,-999.0,0,-999.0,-999.0,-999.0,0,0,0.7561709880828857,18.169599533081055,0.24784399569034576,-999.0,1,18.169599533081055,18.169599533081055,-999.0,-999.0,-999.0,0,18.561500549316406,0.24784399569034576,-999.0,1,4112,-999.0,-999.0,-999.0,-999.0,0,-999.0,-999.0,-999.0,-999.0,-999.0,0,-999.0,-999.0,-999.0,0,0,0.02376048106142764
PSO J223.8719+05.5479,-999,-999,-999,114652238718887908,3496239000106573,65296387907662,0,15189951488071,11465,1,1467,31,0.659757234770579,3496239,15203,3,268959744,0,32,-999.0,-999.0,-999.0,-999.0,223.87187694,5.54788385,0.16401000320911407,0.16401000320911407,,,,,55239.58606481,-999.0,-0.7175145384430442,-0.6898016587000269,0.09667760225386579,219.64002992310094,21.289919671383533,2.36040093677777,53.4444617938235,-999,0,1,0,0,0,0,1,-999.0,-999.0,-999.0,-999.0,0,-999.0,-999.0,-999.0,-999.0,-999.0,0,-999.0,-999.0,-999.0,0,0,-999.0,-999.0,-999.0,-999.0,0,-999.0,-999.0,-999.0,-999.0,-999.0,0,-999.0,-999.0,-999.0,0,0,-999.0,-999.0,-999.0,-999.0,0,-999.0,-999.0,-999.0,-999.0,-999.0,0,-999.0,-999.0,-999.0,0,0,-999.0,-999.0,-999.0,-999.0,0,-999.0,-999.0,-999.0,-999.0,-999.0,0,-999.0,-999.0,-999.0,0,0,0.6896560192108154,18.966299057006836,0.1633179932832718,-999.0,1,18.966299057006836,18.966299057006836,18.657699584960938,0.12376599758863449,-999.0,1,18.579299926757812,0.1633179932832718,-999.0,1,4120,0.021135556692222852
PSO J223.8710+05.5422,-999,-999,-999,114652238710551031,3496239000021515,65296387822602,0,15189951590230,11465,1,1467,31,0.801557922550997,3496239,15203,3,268959744,0,32,-999.0,-999.0,-999.0,-999.0,223.87103336,5.54215136,0.2824699878692627,0.2824699878692627,,,,,56785.3649537,-999.0,-0.7175316639410727,-0.6897977945532062,0.09657801960844008,219.6410659154026,21.28420700114729,2.3520919745130575,53.4414495274353,-999,0,1,0,0,1,0,0,-999.0,-999.0,-999.0,-999.0,0,-999.0,-999.0,-999.0,-999.0,-999.0,0,-999.0,-999.0,-999.0,0,0,-999.0,-999.0,-999.0,-999.0,0,-999.0,-999.0,-999.0,-999.0,-999.0,0,-999.0,-999.0,-999.0,0,0,0.8171229958534241,22.063800811767578,0.28206899762153625,-999.0,1,22.063800811767578,22.063800811767578,-999.0,-999.0,-999.0,0,-999.0,-999.0,-999.0,0,4120,-999.0,-999.0,-999.0,-999.0,0,-999.0,-999.0,-999.0,-999.0,-999.0,0,-999.0,-999.0,-999.0,0,0,-999.0,-999.0,-999.0,-999.0,0,-999.0,-999.0,-999.0,-999.0,-999.0,0,-999.0,-999.0,-999.0,0,0,0.0265572431692316
PSO J223.8708+05.5435,-999,-999,-999,114652238708132638,3496239000021473,65296387822560,0,15189951586635,11465,1,1467,31,0.630712808697217,3496239,15203,3,268513280,0,32,-999.0,-999.0,-999.0,-999.0,223.87080094,5.54347985,0.021789999678730965,0.021789999678730965,,,,,56785.40225694,-999.0,-0.7175328475756589,-0.6897933317808383,0.09660109771972798,219.64039092210643,21.28539982226942,2.3535610559076225,53.44247554291234,-999,0,1,0,0,1,0,0,-999.0,-999.0,-999.0,-999.0,0,-999.0,-999.0,-999.0,-999.0,-999.0,0,-999.0,-999.0,-999.0,0,0,-999.0,-999.0,-999.0,-999.0,0,-999.0,-999.0,-999.0,-999.0,-999.0,0,-999.0,-999.0,-999.0,0,0,0.981777012348175,18.647499084472656,0.01580899953842163,-999.0,1,18.647499084472656,18.647499084472656,18.824399948120117,0.02485699951648712,-999.0,1,18.676000595092773,0.01580899953842163,-999.0,1,24,-999.0,-999.0,-999.0,-999.0,0,-999.0,-999.0,-999.0,-999.0,-999.0,0,-999.0,-999.0,-999.0,0,0,-999.0,-999.0,-999.0,-999.0,0,-999.0,-999.0,-999.0,-999.0,-999.0,0,-999.0,-999.0,-999.0,0,0,0.025486230023176983
PSO J223.8706+05.5469,-999,-999,-999,114652238705886679,3496239000021443,65296387822530,0,15189951496213,11465,1,1467,31,0.234802362727749,3496239,15203,3,268959744,0,32,-999.0,-999.0,-999.0,-999.0,223.87056188,5.5468556,0.2652699947357178,0.2652699947357178,,,,,56785.40225694,-999.0,-0.7175316213349484,-0.6897863923390952,0.09665973995545415,219.639032970943,21.288538502178547,2.357669300626447,53.44481324775374,-999,0,1,0,0,1,0,0,-999.0,-999.0,-999.0,-999.0,0,-999.0,-999.0,-999.0,-999.0,-999.0,0,-999.0,-999.0,-999.0,0,0,-999.0,-999.0,-999.0,-999.0,0,-999.0,-999.0,-999.0,-999.0,-999.0,0,-999.0,-999.0,-999.0,0,0,0.7287600040435791,21.730100631713867,0.2648490071296692,-999.0,1,21.730100631713867,21.730100631713867,-999.0,-999.0,-999.0,0,24.55929946899414,0.2648490071296692,-999.0,1,4120,-999.0,-999.0,-999.0,-999.0,0,-999.0,-999.0,-999.0,-999.0,-999.0,0,-999.0,-999.0,-999.0,0,0,-999.0,-999.0,-999.0,-999.0,0,-999.0,-999.0,-999.0,-999.0,-999.0,0,-999.0,-999.0,-999.0,0,0,0.022704375942715686
PSO J223.8705+05.5450,-999,-999,-999,114652238705354423,3496239000021431,65296387822518,0,15189951586375,11465,1,1467,31,0.607872482955337,3496239,15203,3,1343750144,0,160,223.87054261,5.54496318,0.0010000000474974513,0.0010000000474974513,223.87054261,5.54496318,0.0010000000474974513,0.0010000000474974513,,,,,55971.37297454,-999.0,-0.7175341544840808,-0.6897883631903629,0.09662686560152689,219.6396384429651,21.28673202927839,2.3552027068329227,53.44362021813835,-999,1,1,0,0,1,0,0,-999.0,-999.0,-999.0,-999.0,0,-999.0,-999.0,-999.0,-999.0,-999.0,0,-999.0,-999.0,-999.0,0,16416,-999.0,-999.0,-999.0,-999.0,0,-999.0,-999.0,-999.0,-999.0,-999.0,0,-999.0,-999.0,-999.0,0,16416,0.8165709972381592,21.906999588012695,0.24235799908638,-999.0,1,21.906999588012695,21.906999588012695,-999.0,-999.0,-999.0,0,23.0669002532959,0.24235799908638,-999.0,1,20536,-999.0,-999.0,-999.0,-999.0,0,-999.0,-999.0,-999.0,-999.0,-999.0,0,-999.0,-999.0,-999.0,0,114720,-999.0,-999.0,-999.0,-999.0,0,-999.0,-999.0,-999.0,-999.0,-999.0,0,-999.0,-999.0,-999.0,0,16416,0.024322423023521424
PSO J223.8702+05.5441,-999,-999,-999,114652238701813356,3496239000021378,65296387822465,0,15189951586811,11465,1,1467,31,0.980945358035104,3496239,15203,3,276901888,0,33,-999.0,-999.0,-999.0,-999.0,223.87016935,5.5440786,0.024819999933242798,0.024819999933242798,,,,,56785.40225694,-999.0,-0.7175397235505778,-0.6897847224953374,0.09661149899981247,219.63955124794896,21.28577604643109,2.3536612855111345,53.443341637946055,-999,0,1,0,0,1,0,0,-999.0,-999.0,-999.0,-999.0,0,-999.0,-999.0,-999.0,-999.0,-999.0,0,-999.0,-999.0,-999.0,0,0,-999.0,-999.0,-999.0,-999.0,0,-999.0,-999.0,-999.0,-999.0,-999.0,0,-999.0,-999.0,-999.0,0,0,0.9381049871444702,18.970699310302734,0.019773000851273537,-999.0,1,18.970699310302734,18.970699310302734,18.916500091552734,0.04030799865722656,-999.0,1,18.78890037536621,0.019773000851273537,-999.0,1,16777240,-999.0,-999.0,-999.0,-999.0,0,-999.0,-999.0,-999.0,-999.0,-999.0,0,-999.0,-999.0,-999.0,0,0,-999.0,-999.0,-999.0,-999.0,0,-999.0,-999.0,-999.0,-999.0,-999.0,0,-999.0,-999.0,-999.0,0,0,0.02527316551059942
PSO J223.8699+05.5482,-999,-999,-999,114652238699348246,3496239000106571,65296387907660,0,15189951496582,11465,1,1467,31,0.16882094290929,3496239,15203,3,302067712,0,36,-999.0,-999.0,-999.0,-999.0,223.86992474,5.54816984,0.20497000217437744,0.20497000217437744,,,,,55254.60542824,-999.0,-0.7175376932718953,-0.6897768764802044,0.09668257033850688,219.63795130782484,21.28959378262108,2.35868856584402,53.44614022049954,-999,0,1,0,0,0,1,0,-999.0,-999.0,-999.0,-999.0,0,-999.0,-999.0,-999.0,-999.0,-999.0,0,-999.0,-999.0,-999.0,0,0,-999.0,-999.0,-999.0,-999.0,0,-999.0,-999.0,-999.0,-999.0,-999.0,0,-999.0,-999.0,-999.0,0,0,-999.0,-999.0,-999.0,-999.0,0,-999.0,-999.0,-999.0,-999.0,-999.0,0,-999.0,-999.0,-999.0,0,0,0.9972090125083923,20.980199813842773,0.2044219970703125,-999.0,1,20.980199813842773,20.980199813842773,-999.0,-999.0,-999.0,1,21.524900436401367,0.2044219970703125,-999.0,1,272,-999.0,-999.0,-999.0,-999.0,0,-999.0,-999.0,-999.0,-999.0,-999.0,0,-999.0,-999.0,-999.0,0,0,0.02198391344503851
PSO J223.8694+05.5436,-999,-999,-999,114652238693852775,3496239000021250,65296387822337,0,15189951586572,11465,1,1467,31,0.465317454622423,3496239,15203,3,268959744,0,32,-999.0,-999.0,-999.0,-999.0,223.86937675,5.54360536,0.25383999943733215,0.25383999943733215,,,,,56392.52778935,-999.0,-0.7175498408556064,-0.6897753493424718,0.09660327803736754,219.63890199868987,21.2850829869935,2.3522042535199996,53.44364688858988,-999,0,1,1,0,0,0,0,0.40435200929641724,21.282800674438477,0.25339600443840027,-999.0,1,21.282800674438477,21.282800674438477,-999.0,-999.0,-999.0,0,21.962600708007812,0.25339600443840027,-999.0,1,4120,-999.0,-999.0,-999.0,-999.0,0,-999.0,-999.0,-999.0,-999.0,-999.0,0,-999.0,-999.0,-999.0,0,0,-999.0,-999.0,-999.0,-999.0,0,-999.0,-999.0,-999.0,-999.0,-999.0,0,-999.0,-999.0,-999.0,0,0,-999.0,-999.0,-999.0,-999.0,0,-999.0,-999.0,-999.0,-999.0,-999.0,0,-999.0,-999.0,-999.0,0,0,-999.0,-999.0,-999.0,-999.0,0,-999.0,-999.0,-999.0,-999.0,-999.0,0,-999.0,-999.0,-999.0,0,0,0.026083903991223303
PSO J223.8692+05.5490,-999,-999,-999,114652238691999292,3496239000106569,65296387907658,0,15189951496503,11465,1,1467,31,0.171982328567637,3496239,15203,3,268959744,0,32,-999.0,-999.0,-999.0,-999.0,223.86918801,5.54903723,0.17951999604701996,0.17951999604701996,,,,,55239.58606481,-999.0,-0.7175455073457503,-0.689766635646492,0.0966976382175358,219.63691601318595,21.29019339032877,2.359024041554929,53.44725831815088,-999,0,1,0,0,0,0,1,-999.0,-999.0,-999.0,-999.0,0,-999.0,-999.0,-999.0,-999.0,-999.0,0,-999.0,-999.0,-999.0,0,0,-999.0,-999.0,-999.0,-999.0,0,-999.0,-999.0,-999.0,-999.0,-999.0,0,-999.0,-999.0,-999.0,0,0,-999.0,-999.0,-999.0,-999.0,0,-999.0,-999.0,-999.0,-999.0,-999.0,0,-999.0,-999.0,-999.0,0,0,-999.0,-999.0,-999.0,-999.0,0,-999.0,-999.0,-999.0,-999.0,-999.0,0,-999.0,-999.0,-999.0,0,0,0.6552159786224365,19.794599533081055,0.17889000475406647,-999.0,1,19.794599533081055,19.794599533081055,-999.0,-999.0,-999.0,0,19.47920036315918,0.17889000475406647,-999.0,1,4120,0.02174696116395487
PSO J223.8676+05.5484,-999,-999,-999,114652238676518583,3496239000114194,65296387915700,0,15189951500057,11465,1,1467,31,0.313310542435675,3496239,15203,3,404226048,0,48,223.86761318,5.5484194,0.0010000000474974513,0.0010000000474974513,223.86761318,5.5484194,0.0010000000474974513,0.0010000000474974513,,,,,55947.65574074,-999.0,-0.7175652176692635,-0.6897476355025461,0.09668690557624304,219.6355194968297,21.28912312899772,2.3565456761637114,53.44807073328503,-999,2,0,0,0,0,0,0,-999.0,-999.0,-999.0,-999.0,0,-999.0,-999.0,-999.0,-999.0,-999.0,0,-999.0,-999.0,-999.0,0,16416,-999.0,-999.0,-999.0,-999.0,0,-999.0,-999.0,-999.0,-999.0,-999.0,0,-999.0,-999.0,-999.0,0,16416,-999.0,-999.0,-999.0,-999.0,0,-999.0,-999.0,-999.0,-999.0,-999.0,0,-999.0,-999.0,-999.0,0,114720,-999.0,-999.0,-999.0,-999.0,0,-999.0,-999.0,-999.0,-999.0,-999.0,0,-999.0,-999.0,-999.0,0,114720,-999.0,-999.0,-999.0,-999.0,0,-999.0,-999.0,-999.0,-999.0,-999.0,0,-999.0,-999.0,-999.0,0,16416,0.02323114286338466
PSO J223.8675+05.5470,-999,-999,-999,114652238674726854,3496239000020978,65296387822065,0,15189951496750,11465,1,1467,31,0.348209258493231,3496239,15203,3,268959744,0,32,-999.0,-999.0,-999.0,-999.0,223.86746355,5.54700492,0.24526000022888184,0.24526000022888184,,,,,56392.52778935,-999.0,-0.7175687396022553,-0.689747415475388,0.09666233387754092,219.6358346444558,21.287731472748725,2.354557655496667,53.4472826168347,-999,0,1,1,0,0,0,0,0.5035390257835388,21.386899948120117,0.2447970062494278,-999.0,1,21.386899948120117,21.386899948120117,-999.0,-999.0,-999.0,0,23.029499053955078,0.2447970062494278,-999.0,1,4120,-999.0,-999.0,-999.0,-999.0,0,-999.0,-999.0,-999.0,-999.0,-999.0,0,-999.0,-999.0,-999.0,0,0,-999.0,-999.0,-999.0,-999.0,0,-999.0,-999.0,-999.0,-999.0,-999.0,0,-999.0,-999.0,-999.0,0,0,-999.0,-999.0,-999.0,-999.0,0,-999.0,-999.0,-999.0,-999.0,-999.0,0,-999.0,-999.0,-999.0,0,0,-999.0,-999.0,-999.0,-999.0,0,-999.0,-999.0,-999.0,-999.0,-999.0,0,-999.0,-999.0,-999.0,0,0,0.024406739945023743
PSO J223.8660+05.5415,-999,-999,-999,114652238660340308,3496239000020735,65296387821822,0,15189951477879,11465,1,1467,31,0.566557101501671,3496239,15203,3,268513280,0,32,-999.0,-999.0,-999.0,-999.0,223.86602338,5.54154959,0.022379999980330467,0.022379999980330467,,,,,56487.28100694,-999.0,-0.7175927088286487,-0.6897357533615924,0.0965675658317991,219.63617286523504,21.28209977360544,2.345970314657379,53.444903988192536,-999,0,1,0,0,0,1,0,-999.0,-999.0,-999.0,-999.0,0,-999.0,-999.0,-999.0,-999.0,-999.0,0,-999.0,-999.0,-999.0,0,0,-999.0,-999.0,-999.0,-999.0,0,-999.0,-999.0,-999.0,-999.0,-999.0,0,-999.0,-999.0,-999.0,0,0,-999.0,-999.0,-999.0,-999.0,0,-999.0,-999.0,-999.0,-999.0,-999.0,0,-999.0,-999.0,-999.0,0,0,0.9990079998970032,18.759599685668945,0.016613999381661415,-999.0,1,18.759599685668945,18.759599685668945,19.347400665283203,0.04006500169634819,-999.0,1,19.229000091552734,0.016613999381661415,-999.0,1,24,-999.0,-999.0,-999.0,-999.0,0,-999.0,-999.0,-999.0,-999.0,-999.0,0,-999.0,-999.0,-999.0,0,0,0.02962877724871947
PSO J223.8658+05.5474,-999,-999,-999,114652238658577308,3496239000020709,65296387821796,0,15189951498621,11465,1,1467,31,0.388094312872825,3496239,15203,3,268959744,0,32,-999.0,-999.0,-999.0,-999.0,223.86584667,5.54738174,0.3594299852848053,0.3594299852848053,,,,,56487.25688657,-999.0,-0.7175877455557396,-0.6897267249433502,0.0966688798277477,219.63406686157035,21.287594689553163,2.3533200581583418,53.44876201469123,-999,0,1,0,0,0,0,1,-999.0,-999.0,-999.0,-999.0,0,-999.0,-999.0,-999.0,-999.0,-999.0,0,-999.0,-999.0,-999.0,0,0,-999.0,-999.0,-999.0,-999.0,0,-999.0,-999.0,-999.0,-999.0,-999.0,0,-999.0,-999.0,-999.0,0,0,-999.0,-999.0,-999.0,-999.0,0,-999.0,-999.0,-999.0,-999.0,-999.0,0,-999.0,-999.0,-999.0,0,0,-999.0,-999.0,-999.0,-999.0,0,-999.0,-999.0,-999.0,-999.0,-999.0,0,-999.0,-999.0,-999.0,0,0,0.47026899456977844,21.18589973449707,0.3591189980506897,-999.0,1,21.18589973449707,21.18589973449707,-999.0,-999.0,-999.0,0,-999.0,-999.0,-999.0,0,4120,0.025178554969382448
PSO J223.8635+05.5423,-999,-999,-999,114652238634941148,3496239000020384,65296387821471,0,15189951479736,11465,1,1467,31,0.8376237906866,3496239,15203,3,268959744,0,32,-999.0,-999.0,-999.0,-999.0,223.86347263,5.54225185,0.297870010137558,0.297870010137558,,,,,56045.38216435,-999.0,-0.7176225610293551,-0.6897029859570033,0.0965797652909932,219.63334853147728,21.28198655140856,2.344156823287952,53.44730653845842,-999,0,1,0,0,1,0,0,-999.0,-999.0,-999.0,-999.0,0,-999.0,-999.0,-999.0,-999.0,-999.0,0,-999.0,-999.0,-999.0,0,0,-999.0,-999.0,-999.0,-999.0,0,-999.0,-999.0,-999.0,-999.0,-999.0,0,-999.0,-999.0,-999.0,0,0,0.07699199765920639,21.649799346923828,0.2974950075149536,-999.0,1,21.649799346923828,21.649799346923828,-999.0,-999.0,-999.0,1,22.383899688720703,0.2974950075149536,-999.0,1,4120,-999.0,-999.0,-999.0,-999.0,0,-999.0,-999.0,-999.0,-999.0,-999.0,0,-999.0,-999.0,-999.0,0,0,-999.0,-999.0,-999.0,-999.0,0,-999.0,-999.0,-999.0,-999.0,-999.0,0,-999.0,-999.0,-999.0,0,0,0.030600879401261556
PSO J223.8630+05.5481,-999,-999,-999,114652238629758213,3496239000106537,65296387907626,0,15189951510441,11465,1,1467,31,0.540519808922447,3496239,15203,3,268513280,0,32,-999.0,-999.0,-999.0,-999.0,223.86297026,5.5481418,0.022760000079870224,0.022760000079870224,,,,,55254.60542824,-999.0,-0.7176214462338748,-0.6896898104839696,0.09668208324083606,219.6308923751591,21.28743666709479,2.3512341513449533,53.45145107139174,-999,0,1,0,0,0,1,0,-999.0,-999.0,-999.0,-999.0,0,-999.0,-999.0,-999.0,-999.0,-999.0,0,-999.0,-999.0,-999.0,0,0,-999.0,-999.0,-999.0,-999.0,0,-999.0,-999.0,-999.0,-999.0,-999.0,0,-999.0,-999.0,-999.0,0,0,-999.0,-999.0,-999.0,-999.0,0,-999.0,-999.0,-999.0,-999.0,-999.0,0,-999.0,-999.0,-999.0,0,0,0.9984089732170105,18.077800750732422,0.017115000635385513,-999.0,1,18.077800750732422,18.077800750732422,18.17770004272461,0.030107999220490456,-999.0,1,18.072999954223633,0.017115000635385513,-999.0,1,16,-999.0,-999.0,-999.0,-999.0,0,-999.0,-999.0,-999.0,-999.0,-999.0,0,-999.0,-999.0,-999.0,0,0,0.026689998700232368
PSO J223.8627+05.5482,-999,-999,-999,114652238627248315,3496239000106535,65296387907624,0,15189951510479,11465,1,1467,31,0.287954550504642,3496239,15203,3,268959744,0,32,-999.0,-999.0,-999.0,-999.0,223.86272458,5.54821402,-999.0,-999.0,,,,,-999.0,-999.0,-0.7176243156995301,-0.6896866489255787,0.09668333781260739,219.63061882426376,21.287430115284923,2.3510654177874124,53.45168540815226,-999,0,1,0,0,0,1,0,-999.0,-999.0,-999.0,-999.0,0,-999.0,-999.0,-999.0,-999.0,-999.0,0,-999.0,-999.0,-999.0,0,0,-999.0,-999.0,-999.0,-999.0,0,-999.0,-999.0,-999.0,-999.0,-999.0,0,-999.0,-999.0,-999.0,0,0,-999.0,-999.0,-999.0,-999.0,0,-999.0,-999.0,-999.0,-999.0,-999.0,0,-999.0,-999.0,-999.0,0,0,-999.0,-999.0,-999.0,-999.0,0,-999.0,-999.0,-999.0,-999.0,-999.0,1,-999.0,-999.0,-999.0,0,16,-999.0,-999.0,-999.0,-999.0,0,-999.0,-999.0,-999.0,-999.0,-999.0,0,-999.0,-999.0,-999.0,0,0,0.026825496300220342
PSO J223.8600+05.5470,-999,-999,-999,114652238600406867,3496239000019879,65296387820966,0,15189951506001,11465,1,1467,31,0.490746031041021,3496239,15203,3,268959744,0,32,-999.0,-999.0,-999.0,-999.0,223.8600302,5.54701731,0.28470999002456665,0.28470999002456665,,,,,56392.56075231,-999.0,-0.7176582038600313,-0.689654300379341,0.09666254911120185,219.62827576595575,21.285466049556202,2.3466438985046714,53.45298594176171,-999,0,1,0,1,0,0,0,-999.0,-999.0,-999.0,-999.0,0,-999.0,-999.0,-999.0,-999.0,-999.0,0,-999.0,-999.0,-999.0,0,0,0.8006389737129211,22.117300033569336,0.28431200981140137,-999.0,1,22.117300033569336,22.117300033569336,-999.0,-999.0,-999.0,0,22.481599807739258,0.28431200981140137,-999.0,1,4120,-999.0,-999.0,-999.0,-999.0,0,-999.0,-999.0,-999.0,-999.0,-999.0,0,-999.0,-999.0,-999.0,0,0,-999.0,-999.0,-999.0,-999.0,0,-999.0,-999.0,-999.0,-999.0,-999.0,0,-999.0,-999.0,-999.0,0,0,-999.0,-999.0,-999.0,-999.0,0,-999.0,-999.0,-999.0,-999.0,-999.0,0,-999.0,-999.0,-999.0,0,0,0.029644022959862168
PSO J223.8585+05.5473,-999,-999,-999,114652238584857177,3496239000116189,65296387919349,0,15189951508208,11465,1,1467,31,0.0884611477036599,3496239,15203,3,1343750144,0,160,223.85848516,5.54726571,0.0010000000474974513,0.0010000000474974513,223.85848516,5.54726571,0.0010000000474974513,0.0010000000474974513,,,,,55971.37297454,-999.0,-0.7176764986621469,-0.6896346573603608,0.09666686420640432,219.62662345160658,21.285229033458013,2.345316531728013,53.45432825181499,-999,1,0,0,0,0,0,0,-999.0,-999.0,-999.0,-999.0,0,-999.0,-999.0,-999.0,-999.0,-999.0,0,-999.0,-999.0,-999.0,0,16416,-999.0,-999.0,-999.0,-999.0,0,-999.0,-999.0,-999.0,-999.0,-999.0,0,-999.0,-999.0,-999.0,0,16416,-999.0,-999.0,-999.0,-999.0,0,-999.0,-999.0,-999.0,-999.0,-999.0,0,-999.0,-999.0,-999.0,0,16416,-999.0,-999.0,-999.0,-999.0,0,-999.0,-999.0,-999.0,-999.0,-999.0,0,-999.0,-999.0,-999.0,0,114720,-999.0,-999.0,-999.0,-999.0,0,-999.0,-999.0,-999.0,-999.0,-999.0,0,-999.0,-999.0,-999.0,0,16416,0.030694175796607197
PSO J223.8584+05.5426,-999,-999,-999,114652238583991580,3496239000116188,65296387919348,0,15189951473643,11465,1,1467,31,0.68979627144504,3496239,15203,3,404226048,0,48,223.85839331,5.54259914,0.0010000000474974513,0.0010000000474974513,223.85839331,5.54259914,0.0010000000474974513,0.0010000000474974513,,,,,55971.37297454,-999.0,-0.7176832788492458,-0.6896389597647677,0.09658579830785058,219.62807166524354,21.280760898044672,2.339186431165816,53.451419645085096,-999,3,0,0,0,0,0,0,-999.0,-999.0,-999.0,-999.0,0,-999.0,-999.0,-999.0,-999.0,-999.0,0,-999.0,-999.0,-999.0,0,16416,-999.0,-999.0,-999.0,-999.0,0,-999.0,-999.0,-999.0,-999.0,-999.0,0,-999.0,-999.0,-999.0,0,114720,-999.0,-999.0,-999.0,-999.0,0,-999.0,-999.0,-999.0,-999.0,-999.0,0,-999.0,-999.0,-999.0,0,114720,-999.0,-999.0,-999.0,-999.0,0,-999.0,-999.0,-999.0,-999.0,-999.0,0,-999.0,-999.0,-999.0,0,114720,-999.0,-999.0,-999.0,-999.0,0,-999.0,-999.0,-999.0,-999.0,-999.0,0,-999.0,-999.0,-999.0,0,16416,0.03379627202016443
PSO J223.9162+05.5706,-999,-999,-999,114682239162075194,3496239000028552,65296387829639,0,15189956684164,11468,1,1467,31,0.0664645163961356,3496239,15203,3,268959744,0,32,-999.0,-999.0,-999.0,-999.0,223.91618724,5.57061346,0.21028999984264374,0.21028999984264374,,,,,56317.67460648,-999.0,-0.7169531745472015,-0.6903296939412191,0.09707244289556498,219.67756474967305,21.325115911204474,2.437002762850421,53.42499149900642,-999,0,1,0,0,0,0,1,-999.0,-999.0,-999.0,-999.0,0,-999.0,-999.0,-999.0,-999.0,-999.0,0,-999.0,-999.0,-999.0,0,0,-999.0,-999.0,-999.0,-999.0,0,-999.0,-999.0,-999.0,-999.0,-999.0,0,-999.0,-999.0,-999.0,0,0,-999.0,-999.0,-999.0,-999.0,0,-999.0,-999.0,-999.0,-999.0,-999.0,0,-999.0,-999.0,-999.0,0,0,-999.0,-999.0,-999.0,-999.0,0,-999.0,-999.0,-999.0,-999.0,-999.0,0,-999.0,-999.0,-999.0,0,0,0.5368549823760986,19.933399200439453,0.209757998585701,-999.0,1,19.933399200439453,19.933399200439453,-999.0,-999.0,-999.0,0,20.252899169921875,0.209757998585701,-999.0,1,4120,0.03336694702782334
PSO J223.9156+05.5745,-999,-999,-999,114682239156569819,3496239000106703,65296387907792,0,15189956687602,11468,1,1467,31,0.806749841018347,3496239,15203,3,268513280,0,32,-999.0,-999.0,-999.0,-999.0,223.91562981,5.57446875,0.018929999321699142,0.018929999321699142,,,,,55239.58606481,-999.0,-0.7169551838671381,-0.6903181866966479,0.09713941240243348,219.67572495271148,21.32861361293156,2.4413948200597995,53.42787632661096,-999,0,1,0,0,0,0,1,-999.0,-999.0,-999.0,-999.0,0,-999.0,-999.0,-999.0,-999.0,-999.0,0,-999.0,-999.0,-999.0,0,0,-999.0,-999.0,-999.0,-999.0,0,-999.0,-999.0,-999.0,-999.0,-999.0,0,-999.0,-999.0,-999.0,0,0,-999.0,-999.0,-999.0,-999.0,0,-999.0,-999.0,-999.0,-999.0,-999.0,0,-999.0,-999.0,-999.0,0,0,-999.0,-999.0,-999.0,-999.0,0,-999.0,-999.0,-999.0,-999.0,-999.0,0,-999.0,-999.0,-999.0,0,0,0.9689990282058716,16.84079933166504,0.01154400035738945,-999.0,1,16.84079933166504,16.84079933166504,17.670799255371094,0.033055998384952545,-999.0,1,17.553800582885742,0.01154400035738945,-999.0,1,24,0.033590215205978186
PSO J223.9141+05.5686,-999,-999,-999,114682239140732779,3496239000028229,65296387829316,0,15189956637546,11468,1,1467,31,0.00238641165419148,3496239,15203,3,268959744,0,32,-999.0,-999.0,-999.0,-999.0,223.91407233,5.56860697,0.19832000136375427,0.19832000136375427,,,,,56487.28100694,-999.0,-0.7169811040752864,-0.6903055865650698,0.09703758836676783,219.6760772544363,21.32255922265603,2.432156480252632,53.42533431886835,-999,0,1,0,0,0,1,0,-999.0,-999.0,-999.0,-999.0,0,-999.0,-999.0,-999.0,-999.0,-999.0,0,-999.0,-999.0,-999.0,0,0,-999.0,-999.0,-999.0,-999.0,0,-999.0,-999.0,-999.0,-999.0,-999.0,0,-999.0,-999.0,-999.0,0,0,-999.0,-999.0,-999.0,-999.0,0,-999.0,-999.0,-999.0,-999.0,-999.0,0,-999.0,-999.0,-999.0,0,0,0.7153760194778442,21.839000701904297,0.1977500021457672,-999.0,1,21.839000701904297,21.839000701904297,22.05780029296875,0.2700890004634857,-999.0,1,22.421899795532227,0.1977500021457672,-999.0,1,4120,-999.0,-999.0,-999.0,-999.0,0,-999.0,-999.0,-999.0,-999.0,-999.0,0,-999.0,-999.0,-999.0,0,0,0.031045057242759164
PSO J223.9135+05.5672,-999,-999,-999,114682239134321049,3496239000028116,65296387829203,0,15189956640517,11468,1,1467,31,0.879752904064723,3496239,15203,3,436527104,7,52,223.91353973,5.56715681,0.0010000000474974513,0.0010000000474974513,223.91349303675804,5.567160834882771,0.013822193039161608,0.013822193039161608,25.093287511253777,5.037877012553086,12.527399946734286,12.527399946734286,56438.75838896339,3.302194118499756,-0.7169898475781107,-0.6903000359221803,0.09701246763047681,219.67596460288988,21.321002775298172,2.429664274571452,53.42485661444777,-999,4,26,0,3,14,8,1,-999.0,-999.0,-999.0,-999.0,0,-999.0,-999.0,-999.0,-999.0,-999.0,0,-999.0,-999.0,-999.0,0,16416,0.9987900257110596,21.90880012512207,0.1029290035367012,0.1992720067501068,3,21.665800094604492,22.047300338745117,-999.0,-999.0,-999.0,2,21.937400817871094,0.4043729901313782,0.7295070290565491,3,115000,0.9993060231208801,21.206899642944336,0.04906899854540825,0.17984700202941895,14,20.777799606323242,21.564300537109375,20.980300903320312,0.06521599739789963,0.25372201204299927,14,20.985300064086914,0.0756789967417717,0.3504759967327118,14,115000,0.9996659755706787,20.94809913635254,0.06509999930858612,0.18468500673770905,7,20.667699813842773,21.076000213623047,20.706499099731445,0.10560499876737595,0.3734920024871826,8,20.681900024414062,0.10090000182390213,0.38515299558639526,8,16892216,0.9992340207099915,20.34830093383789,0.11724799871444702,-999.0,1,20.34830093383789,20.34830093383789,20.21269989013672,0.1865600049495697,-999.0,1,20.10059928894043,0.11724799871444702,-999.0,1,115000,0.0303759183922777
PSO J223.9133+05.5717,-999,-999,-999,114682239132736503,3496239000028092,65296387829179,0,15189956686000,11468,1,1467,31,0.872970586524318,3496239,15203,3,268959744,0,32,-999.0,-999.0,-999.0,-999.0,223.91327342,5.57170944,0.27090999484062195,0.27090999484062195,,,,,56487.28100694,-999.0,-0.7169869430708072,-0.6902919438782841,0.0970914809997196,219.67424057393475,21.325266665454457,2.4353176175441718,53.427924633877495,-999,0,1,0,0,0,1,0,-999.0,-999.0,-999.0,-999.0,0,-999.0,-999.0,-999.0,-999.0,-999.0,0,-999.0,-999.0,-999.0,0,0,-999.0,-999.0,-999.0,-999.0,0,-999.0,-999.0,-999.0,-999.0,-999.0,0,-999.0,-999.0,-999.0,0,0,-999.0,-999.0,-999.0,-999.0,0,-999.0,-999.0,-999.0,-999.0,-999.0,0,-999.0,-999.0,-999.0,0,0,0.7531859874725342,22.010299682617188,0.2704949975013733,-999.0,1,22.010299682617188,22.010299682617188,-999.0,-999.0,-999.0,0,24.878700256347656,0.2704949975013733,-999.0,1,4120,-999.0,-999.0,-999.0,-999.0,0,-999.0,-999.0,-999.0,-999.0,-999.0,0,-999.0,-999.0,-999.0,0,0,0.030687761149686774
PSO J223.9129+05.5710,-999,-999,-999,114682239129615618,3496239000028061,65296387829148,0,15189956678679,11468,1,1467,31,0.0691664843532876,3496239,15203,3,268959744,0,32,-999.0,-999.0,-999.0,-999.0,223.91294111,5.57096642,0.2797200083732605,0.2797200083732605,,,,,56317.67460648,-999.0,-0.7169918536713404,-0.6902886586181187,0.09707857411464964,219.67414810598027,21.32445793297932,2.4340029511906955,53.42770583985344,-999,0,1,0,0,0,0,1,-999.0,-999.0,-999.0,-999.0,0,-999.0,-999.0,-999.0,-999.0,-999.0,0,-999.0,-999.0,-999.0,0,0,-999.0,-999.0,-999.0,-999.0,0,-999.0,-999.0,-999.0,-999.0,-999.0,0,-999.0,-999.0,-999.0,0,0,-999.0,-999.0,-999.0,-999.0,0,-999.0,-999.0,-999.0,-999.0,-999.0,0,-999.0,-999.0,-999.0,0,0,-999.0,-999.0,-999.0,-999.0,0,-999.0,-999.0,-999.0,-999.0,-999.0,0,-999.0,-999.0,-999.0,0,0,0.5076990127563477,20.218599319458008,0.2793169915676117,-999.0,1,20.218599319458008,20.218599319458008,-999.0,-999.0,-999.0,0,20.33970069885254,0.2793169915676117,-999.0,1,4120,0.03022944814054884
PSO J223.9125+05.5734,-999,-999,-999,114682239124738502,3496239000117206,65296387920366,0,15189956686545,11468,1,1467,31,0.331531157094549,3496239,15203,3,404226048,0,48,223.9124737,5.5733763,0.0010000000474974513,0.0010000000474974513,223.9124737,5.5733763,0.0010000000474974513,0.0010000000474974513,,,,,55971.37297454,-999.0,-0.7169945427725901,-0.690279976967668,0.09712043570660299,219.67287710774465,21.326607850209978,2.4366216744684523,53.42960041343756,-999,4,0,0,0,0,0,0,-999.0,-999.0,-999.0,-999.0,0,-999.0,-999.0,-999.0,-999.0,-999.0,0,-999.0,-999.0,-999.0,0,114720,-999.0,-999.0,-999.0,-999.0,0,-999.0,-999.0,-999.0,-999.0,-999.0,0,-999.0,-999.0,-999.0,0,114720,-999.0,-999.0,-999.0,-999.0,0,-999.0,-999.0,-999.0,-999.0,-999.0,0,-999.0,-999.0,-999.0,0,114720,-999.0,-999.0,-999.0,-999.0,0,-999.0,-999.0,-999.0,-999.0,-999.0,0,-999.0,-999.0,-999.0,0,114720,-999.0,-999.0,-999.0,-999.0,0,-999.0,-999.0,-999.0,-999.0,-999.0,0,-999.0,-999.0,-999.0,0,16416,0.030275248963341918
PSO J223.9119+05.5706,-999,-999,-999,114682239118955222,3496239000027905,65296387828992,0,15189956678789,11468,1,1467,31,0.0357413823117887,3496239,15203,3,436285440,0,52,223.9119087,5.57084782,0.0010000000474974513,0.0010000000474974513,223.91185965,5.57064472,0.18747000396251678,0.18747000396251678,,,,,56396.56409722,-999.0,-0.7170052754289281,-0.690275503269406,0.09707298590882729,219.67315491170524,21.32382072566919,2.4324354115273916,53.42833008864684,-999,3,1,0,1,0,0,0,-999.0,-999.0,-999.0,-999.0,0,-999.0,-999.0,-999.0,-999.0,-999.0,0,-999.0,-999.0,-999.0,0,16416,0.9998340010643005,21.637500762939453,0.18686600029468536,-999.0,1,21.637500762939453,21.637500762939453,-999.0,-999.0,-999.0,1,21.62820053100586,0.18686600029468536,-999.0,1,115000,-999.0,-999.0,-999.0,-999.0,0,-999.0,-999.0,-999.0,-999.0,-999.0,0,-999.0,-999.0,-999.0,0,114720,-999.0,-999.0,-999.0,-999.0,0,-999.0,-999.0,-999.0,-999.0,-999.0,0,-999.0,-999.0,-999.0,0,114720,-999.0,-999.0,-999.0,-999.0,0,-999.0,-999.0,-999.0,-999.0,-999.0,0,-999.0,-999.0,-999.0,0,16416,0.02911467159481411
PSO J223.9115+05.5708,-999,-999,-999,114682239115455416,3496239000027856,65296387828943,0,15189956679503,11468,1,1467,31,0.0409538168841543,3496239,15203,3,310456320,0,37,-999.0,-999.0,-999.0,-999.0,223.9115142,5.57076486,0.18199999630451202,0.18199999630451202,,,,,56822.40097222,-999.0,-0.7170092906137225,-0.6902710390896228,0.0970750728443656,219.67276404932304,21.323829273670583,2.432222923874223,53.42867157922081,-999,0,1,0,0,1,0,0,-999.0,-999.0,-999.0,-999.0,0,-999.0,-999.0,-999.0,-999.0,-999.0,0,-999.0,-999.0,-999.0,0,0,-999.0,-999.0,-999.0,-999.0,0,-999.0,-999.0,-999.0,-999.0,-999.0,0,-999.0,-999.0,-999.0,0,0,0.8947700262069702,20.338300704956055,0.18138399720191956,-999.0,1,20.338300704956055,20.338300704956055,19.567399978637695,0.19635599851608276,-999.0,1,19.868099212646484,0.18138399720191956,-999.0,1,16777488,-999.0,-999.0,-999.0,-999.0,0,-999.0,-999.0,-999.0,-999.0,-999.0,0,-999.0,-999.0,-999.0,0,0,-999.0,-999.0,-999.0,-999.0,0,-999.0,-999.0,-999.0,-999.0,-999.0,0,-999.0,-999.0,-999.0,0,0,0.028795626846897786
PSO J223.9114+05.5719,-999,-999,-999,114682239114276791,3496239000027836,65296387828923,0,15189956679456,11468,1,1467,31,0.954265123190605,3496239,15203,3,268959744,0,32,-999.0,-999.0,-999.0,-999.0,223.91140575,5.57194199,0.22809000313282013,0.22809000313282013,,,,,56043.42429398,-999.0,-0.7170091602300148,-0.6902682985827481,0.0970955205863126,219.67226506977698,21.32491611775693,2.4336296612290536,53.42950511157397,-999,0,1,0,1,0,0,0,-999.0,-999.0,-999.0,-999.0,0,-999.0,-999.0,-999.0,-999.0,-999.0,0,-999.0,-999.0,-999.0,0,0,0.672435998916626,22.106700897216797,0.2275950014591217,-999.0,1,22.106700897216797,22.106700897216797,-999.0,-999.0,-999.0,0,21.82859992980957,0.2275950014591217,-999.0,1,4120,-999.0,-999.0,-999.0,-999.0,0,-999.0,-999.0,-999.0,-999.0,-999.0,0,-999.0,-999.0,-999.0,0,0,-999.0,-999.0,-999.0,-999.0,0,-999.0,-999.0,-999.0,-999.0,-999.0,0,-999.0,-999.0,-999.0,0,0,-999.0,-999.0,-999.0,-999.0,0,-999.0,-999.0,-999.0,-999.0,-999.0,0,-999.0,-999.0,-999.0,0,0,0.02891260465156977
PSO J223.9112+05.5703,-999,-999,-999,114682239112664793,3496239000027816,65296387828903,0,15189956635019,11468,1,1467,31,0.574796375422549,3496239,15203,3,310456320,0,37,-999.0,-999.0,-999.0,-999.0,223.91121975,5.57028336,0.18456999957561493,0.18456999957561493,,,,,56394.56908565,-999.0,-0.7170134256776849,-0.6902679200472173,0.0970667087710282,219.6726237144412,21.32328097053223,2.4312867397238147,53.428590434037275,-999,0,1,1,0,0,0,0,0.9995200037956238,21.820199966430664,0.18395599722862244,-999.0,1,21.820199966430664,21.820199966430664,20.795400619506836,0.1787949949502945,-999.0,1,20.91080093383789,0.18395599722862244,-999.0,1,16777496,-999.0,-999.0,-999.0,-999.0,0,-999.0,-999.0,-999.0,-999.0,-999.0,0,-999.0,-999.0,-999.0,0,0,-999.0,-999.0,-999.0,-999.0,0,-999.0,-999.0,-999.0,-999.0,-999.0,0,-999.0,-999.0,-999.0,0,0,-999.0,-999.0,-999.0,-999.0,0,-999.0,-999.0,-999.0,-999.0,-999.0,0,-999.0,-999.0,-999.0,0,0,-999.0,-999.0,-999.0,-999.0,0,-999.0,-999.0,-999.0,-999.0,-999.0,0,-999.0,-999.0,-999.0,0,0,0.028428439505639252
PSO J223.9112+05.5744,-999,-999,-999,114682239111919730,3496239000027799,65296387828886,0,15189956688351,11468,1,1467,31,0.600523230247687,3496239,15203,3,268513280,0,32,-999.0,-999.0,-999.0,-999.0,223.91116873,5.57439802,0.015939999371767044,0.015939999371767044,,,,,56143.26857639,-999.0,-0.7170090166254031,-0.6902624452568172,0.09713818376906068,219.67121302603164,21.32718047639704,2.4365534959306476,53.43125242513434,-999,0,1,0,0,0,1,0,-999.0,-999.0,-999.0,-999.0,0,-999.0,-999.0,-999.0,-999.0,-999.0,0,-999.0,-999.0,-999.0,0,0,-999.0,-999.0,-999.0,-999.0,0,-999.0,-999.0,-999.0,-999.0,-999.0,0,-999.0,-999.0,-999.0,0,0,-999.0,-999.0,-999.0,-999.0,0,-999.0,-999.0,-999.0,-999.0,-999.0,0,-999.0,-999.0,-999.0,0,0,0.9982849955558777,16.818099975585938,0.005400000140070915,-999.0,1,16.818099975585938,16.818099975585938,17.746299743652344,0.018768999725580215,-999.0,1,17.652000427246094,0.005400000140070915,-999.0,1,24,-999.0,-999.0,-999.0,-999.0,0,-999.0,-999.0,-999.0,-999.0,-999.0,0,-999.0,-999.0,-999.0,0,0,0.029298840649768485
PSO J223.9110+05.5710,-999,-999,-999,114682239110205731,3496239000027781,65296387828868,0,15189956679261,11468,1,1467,31,0.955256663221174,3496239,15203,3,268959744,0,32,-999.0,-999.0,-999.0,-999.0,223.91103399,5.57102567,0.13377000391483307,0.13377000391483307,,,,,56449.58850694,-999.0,-0.7170147575704525,-0.6902647231620347,0.09707960333780044,219.67218973458526,21.323930409768213,2.4320488416937915,53.429206081001254,-999,0,2,0,0,1,0,1,-999.0,-999.0,-999.0,-999.0,0,-999.0,-999.0,-999.0,-999.0,-999.0,0,-999.0,-999.0,-999.0,0,0,-999.0,-999.0,-999.0,-999.0,0,-999.0,-999.0,-999.0,-999.0,-999.0,0,-999.0,-999.0,-999.0,0,0,0.8259819746017456,21.194799423217773,0.2612319886684418,-999.0,1,21.194799423217773,21.194799423217773,-999.0,-999.0,-999.0,1,21.541099548339844,0.2612319886684418,-999.0,1,4120,-999.0,-999.0,-999.0,-999.0,0,-999.0,-999.0,-999.0,-999.0,-999.0,0,-999.0,-999.0,-999.0,0,0,0.7457979917526245,19.776500701904297,0.15492600202560425,-999.0,1,19.776500701904297,19.776500701904297,-999.0,-999.0,-999.0,0,19.79949951171875,0.15492600202560425,-999.0,1,4120,0.0283707655353836
PSO J223.9109+05.5732,-999,-999,-999,114682239109148307,3496239000027765,65296387828852,0,15189956680753,11468,1,1467,31,0.427768626648717,3496239,15203,3,268959744,0,32,-999.0,-999.0,-999.0,-999.0,223.91089789,5.57320498,0.2698900103569031,0.2698900103569031,,,,,55399.26950231,-999.0,-0.717013736528197,-0.6902604585537747,0.09711745974337481,219.67133168045353,21.32596236720085,2.434722189003381,53.43069964989742,-999,0,1,0,0,0,1,0,-999.0,-999.0,-999.0,-999.0,0,-999.0,-999.0,-999.0,-999.0,-999.0,0,-999.0,-999.0,-999.0,0,0,-999.0,-999.0,-999.0,-999.0,0,-999.0,-999.0,-999.0,-999.0,-999.0,0,-999.0,-999.0,-999.0,0,0,-999.0,-999.0,-999.0,-999.0,0,-999.0,-999.0,-999.0,-999.0,-999.0,0,-999.0,-999.0,-999.0,0,0,0.8188170194625854,18.215099334716797,0.2694759964942932,-999.0,1,18.215099334716797,18.215099334716797,-999.0,-999.0,-999.0,1,19.931800842285156,0.2694759964942932,-999.0,1,4112,-999.0,-999.0,-999.0,-999.0,0,-999.0,-999.0,-999.0,-999.0,-999.0,0,-999.0,-999.0,-999.0,0,0,0.02871409702135338
PSO J223.9109+05.5683,-999,-999,-999,114682239108752372,3496239000027753,65296387828840,0,15189956635872,11468,1,1467,31,0.469729431410999,3496239,15203,3,268959744,0,32,-999.0,-999.0,-999.0,-999.0,223.91085908,5.56825969,0.23262999951839447,0.23262999951839447,,,,,55399.26950231,-999.0,-0.7170202402326847,-0.6902657837946479,0.09703155578997762,219.67292532523214,21.32124500484103,2.4282859004040125,53.42757693741273,-999,0,1,0,0,0,1,0,-999.0,-999.0,-999.0,-999.0,0,-999.0,-999.0,-999.0,-999.0,-999.0,0,-999.0,-999.0,-999.0,0,0,-999.0,-999.0,-999.0,-999.0,0,-999.0,-999.0,-999.0,-999.0,-999.0,0,-999.0,-999.0,-999.0,0,0,-999.0,-999.0,-999.0,-999.0,0,-999.0,-999.0,-999.0,-999.0,-999.0,0,-999.0,-999.0,-999.0,0,0,0.7398750185966492,18.132400512695312,0.23214100301265717,-999.0,1,18.132400512695312,18.132400512695312,-999.0,-999.0,-999.0,0,18.814899444580078,0.23214100301265717,-999.0,1,4112,-999.0,-999.0,-999.0,-999.0,0,-999.0,-999.0,-999.0,-999.0,-999.0,0,-999.0,-999.0,-999.0,0,0,0.02782892398750508
PSO J223.9103+05.5701,-999,-999,-999,114682239103134558,3496239000027681,65296387828768,0,15189956635123,11468,1,1467,31,0.592838232026285,3496239,15203,3,268959744,0,32,-999.0,-999.0,-999.0,-999.0,223.91029693,5.57008105,0.2768299877643585,0.2768299877643585,,,,,55399.26950231,-999.0,-0.7170247901252128,-0.6902566092588049,0.09706319446851168,219.67175237895486,21.322805928598797,2.4300424485980483,53.429169111577785,-999,0,1,0,0,0,1,0,-999.0,-999.0,-999.0,-999.0,0,-999.0,-999.0,-999.0,-999.0,-999.0,0,-999.0,-999.0,-999.0,0,0,-999.0,-999.0,-999.0,-999.0,0,-999.0,-999.0,-999.0,-999.0,-999.0,0,-999.0,-999.0,-999.0,0,0,-999.0,-999.0,-999.0,-999.0,0,-999.0,-999.0,-999.0,-999.0,-999.0,0,-999.0,-999.0,-999.0,0,0,0.8009390234947205,18.359100341796875,0.2764280140399933,-999.0,1,18.359100341796875,18.359100341796875,-999.0,-999.0,-999.0,0,18.525999069213867,0.2764280140399933,-999.0,1,4112,-999.0,-999.0,-999.0,-999.0,0,-999.0,-999.0,-999.0,-999.0,-999.0,0,-999.0,-999.0,-999.0,0,0,0.02748980406656921
PSO J223.9100+05.5710,-999,-999,-999,114682239099395784,3496239000027630,65296387828717,0,15189956679209,11468,1,1467,31,0.9948571631637,3496239,15203,3,436527104,7,52,223.91006073,5.57101884,0.0010000000474974513,0.0010000000474974513,223.91002717880048,5.57103045958876,0.010405390797038016,0.010405390797038016,0.37054116287222083,4.986563485964792,8.051392775024558,8.051392775024558,56356.70358468667,2.33050537109375,-0.7170268810625798,-0.6902521179218052,0.09707968653704711,219.67116323985024,21.32362279171344,2.43097601307852,53.42998094142542,-999,4,36,0,1,16,14,5,-999.0,-999.0,-999.0,-999.0,0,-999.0,-999.0,-999.0,-999.0,-999.0,0,-999.0,-999.0,-999.0,0,16416,0.9995129704475403,22.178600311279297,0.20036399364471436,-999.0,1,22.178600311279297,22.178600311279297,-999.0,-999.0,-999.0,1,23.12299919128418,0.20036399364471436,-999.0,1,115000,0.9994199872016907,21.01259994506836,0.04183800145983696,0.17965300381183624,15,20.666500091552734,21.35689926147461,21.22450065612793,0.06794500350952148,0.21573899686336517,14,21.119300842285156,0.06131599843502045,0.2939150035381317,15,115000,0.999297022819519,20.531600952148438,0.02370700053870678,0.1817149966955185,13,20.11389923095703,20.846399307250977,20.60610008239746,0.05453300103545189,0.27500399947166443,12,20.51609992980957,0.06925299763679504,0.2879529893398285,13,115000,0.9996389746665955,20.136600494384766,0.09000200033187866,0.2822290062904358,5,19.62849998474121,20.29319953918457,20.30389976501465,0.07786200195550919,0.5672280192375183,5,20.178699493408203,0.12530100345611572,0.680728018283844,5,115000,0.027386773137738116
PSO J223.9092+05.5737,-999,-999,-999,114682239091688930,3496239000027530,65296387828617,0,15189956680006,11468,1,1467,31,0.0206113988725575,3496239,15203,3,268959744,0,32,-999.0,-999.0,-999.0,-999.0,223.90915225,5.57372415,0.22714999318122864,0.22714999318122864,,,,,55399.26950231,-999.0,-0.7170341324558069,-0.6902380025317252,0.0971264781321882,219.6693855775473,21.32592187795089,2.4335347419476574,53.43236924627583,-999,0,1,0,0,0,1,0,-999.0,-999.0,-999.0,-999.0,0,-999.0,-999.0,-999.0,-999.0,-999.0,0,-999.0,-999.0,-999.0,0,0,-999.0,-999.0,-999.0,-999.0,0,-999.0,-999.0,-999.0,-999.0,-999.0,0,-999.0,-999.0,-999.0,0,0,-999.0,-999.0,-999.0,-999.0,0,-999.0,-999.0,-999.0,-999.0,-999.0,0,-999.0,-999.0,-999.0,0,0,0.7666550278663635,18.134199142456055,0.22665700316429138,-999.0,1,18.134199142456055,18.134199142456055,-999.0,-999.0,-999.0,0,18.36280059814453,0.22665700316429138,-999.0,1,4112,-999.0,-999.0,-999.0,-999.0,0,-999.0,-999.0,-999.0,-999.0,-999.0,0,-999.0,-999.0,-999.0,0,0,0.027182760695968436
PSO J223.9084+05.5703,-999,-999,-999,114682239084514842,3496239000027426,65296387828513,0,15189956633325,11468,1,1467,31,0.710230052201292,3496239,15203,3,436285440,0,52,223.90850989,5.57036688,0.0010000000474974513,0.0010000000474974513,223.90841131,5.57031585,0.1723800003528595,0.1723800003528595,,,,,56487.28100694,-999.0,-0.7170472196955919,-0.6902327355391766,0.09706727315077189,219.66975791571636,21.3224520044247,2.4283380483206747,53.430764722588684,-999,2,1,0,0,0,1,0,-999.0,-999.0,-999.0,-999.0,0,-999.0,-999.0,-999.0,-999.0,-999.0,0,-999.0,-999.0,-999.0,0,16416,-999.0,-999.0,-999.0,-999.0,0,-999.0,-999.0,-999.0,-999.0,-999.0,0,-999.0,-999.0,-999.0,0,16416,-999.0,-999.0,-999.0,-999.0,0,-999.0,-999.0,-999.0,-999.0,-999.0,0,-999.0,-999.0,-999.0,0,114720,0.9984959959983826,21.714399337768555,0.17172600328922272,-999.0,1,21.714399337768555,21.714399337768555,-999.0,-999.0,-999.0,1,22.09280014038086,0.17172600328922272,-999.0,1,115000,-999.0,-999.0,-999.0,-999.0,0,-999.0,-999.0,-999.0,-999.0,-999.0,0,-999.0,-999.0,-999.0,0,16416,0.025676082318934125
PSO J223.9080+05.5687,-999,-999,-999,114682239078962953,3496239000027353,65296387828440,0,15189956632948,11468,1,1467,31,0.1478458169362,3496239,15203,3,444915712,7,53,223.90801672,5.56870777,0.0010000000474974513,0.0010000000474974513,223.90798577401853,5.568711012660415,0.003132273861853453,0.003132273861853453,3.4413962119635624,7.726359528297451,2.338342855895904,2.338342855895904,56303.209539757976,4.539319038391113,-0.7170543045452268,-0.6902292952479362,0.09703939568391078,219.6698533259806,21.320791961964726,2.425804206936174,53.430068612069,-999,5,65,6,12,20,15,12,0.9992179870605469,21.398000717163086,0.03721499815583229,0.12558799982070923,5,21.20870018005371,21.531700134277344,21.196500778198242,0.10251999646425247,0.45839399099349976,5,21.348600387573242,0.02679000049829483,0.04142399877309799,5,115000,0.9995260238647461,20.081199645996094,0.020369000732898712,0.07077900320291519,11,19.924299240112305,20.131900787353516,19.908100128173828,0.042732998728752136,0.1362529993057251,12,19.836299896240234,0.03866799920797348,0.12147299945354462,12,16892216,0.9996640086174011,19.571300506591797,0.0194070003926754,0.08380799740552902,18,19.320999145507812,19.704999923706055,19.308300018310547,0.022342000156641006,0.10599000006914139,20,19.273700714111328,0.014639000408351421,0.06711900234222412,20,16892216,0.9996809959411621,19.316999435424805,0.030448999255895615,0.12797699868679047,14,19.103599548339844,19.425100326538086,19.01180076599121,0.02676199935376644,0.12465199828147888,14,18.98349952697754,0.019819999113678932,0.13278600573539734,14,16892216,0.9996089935302734,19.06559944152832,0.05692199990153313,0.14273999631404877,11,18.885299682617188,19.376399993896484,18.647199630737305,0.05330599844455719,0.24554400146007538,11,18.64189910888672,0.047944001853466034,0.20047299563884735,11,16892216,0.02502763607320204
PSO J223.9076+05.5715,-999,-999,-999,114682239076456235,3496239000027311,65296387828398,0,15189956678441,11468,1,1467,31,0.740261408258473,3496239,15203,3,268959744,0,32,-999.0,-999.0,-999.0,-999.0,223.90762509,5.57148059,0.1615999937057495,0.1615999937057495,,,,,56317.67460648,-999.0,-0.7170552693058172,-0.6902215274829462,0.09708750568363735,219.66857399447525,21.323319528332455,2.4290069685133724,53.43211012509588,-999,0,1,0,0,0,0,1,-999.0,-999.0,-999.0,-999.0,0,-999.0,-999.0,-999.0,-999.0,-999.0,0,-999.0,-999.0,-999.0,0,0,-999.0,-999.0,-999.0,-999.0,0,-999.0,-999.0,-999.0,-999.0,-999.0,0,-999.0,-999.0,-999.0,0,0,-999.0,-999.0,-999.0,-999.0,0,-999.0,-999.0,-999.0,-999.0,-999.0,0,-999.0,-999.0,-999.0,0,0,-999.0,-999.0,-999.0,-999.0,0,-999.0,-999.0,-999.0,-999.0,-999.0,0,-999.0,-999.0,-999.0,0,0,0.6685180068016052,19.783199310302734,0.16090400516986847,-999.0,1,19.783199310302734,19.783199310302734,-999.0,-999.0,-999.0,0,19.927099227905273,0.16090400516986847,-999.0,1,4120,0.025138853750474918
PSO J223.9065+05.5727,-999,-999,-999,114682239065167710,3496239000027185,65296387828272,0,15189956661649,11468,1,1467,31,0.947594338047872,3496239,15203,3,268959744,0,32,-999.0,-999.0,-999.0,-999.0,223.90649208,5.5727097,0.27011001110076904,0.27011001110076904,,,,,56043.43508102,-999.0,-0.7170674174176412,-0.6902059032631361,0.09710885633510788,219.66701625600967,21.324142108600473,2.4293898542058905,53.4337624829029,-999,0,1,0,1,0,0,0,-999.0,-999.0,-999.0,-999.0,0,-999.0,-999.0,-999.0,-999.0,-999.0,0,-999.0,-999.0,-999.0,0,0,0.6319559812545776,22.324399948120117,0.269692987203598,-999.0,1,22.324399948120117,22.324399948120117,-999.0,-999.0,-999.0,0,22.191499710083008,0.269692987203598,-999.0,1,4120,-999.0,-999.0,-999.0,-999.0,0,-999.0,-999.0,-999.0,-999.0,-999.0,0,-999.0,-999.0,-999.0,0,0,-999.0,-999.0,-999.0,-999.0,0,-999.0,-999.0,-999.0,-999.0,-999.0,0,-999.0,-999.0,-999.0,0,0,-999.0,-999.0,-999.0,-999.0,0,-999.0,-999.0,-999.0,-999.0,-999.0,0,-999.0,-999.0,-999.0,0,0,0.02435601531352237
PSO J223.9065+05.5706,-999,-999,-999,114682239064855162,3496239000027174,65296387828261,0,15189956677742,11468,1,1467,31,0.28205161754233,3496239,15203,3,268959744,0,32,-999.0,-999.0,-999.0,-999.0,223.9064749,5.57059275,0.36239001154899597,0.36239001154899597,,,,,56392.52778935,-999.0,-0.7170702089074444,-0.690208175966744,0.09707208314492008,219.66769792536851,21.32212256957059,2.4266338799263085,53.43242609713005,-999,0,1,1,0,0,0,0,0.755424976348877,22.550199508666992,0.3620760142803192,-999.0,1,22.550199508666992,22.550199508666992,-999.0,-999.0,-999.0,1,22.171100616455078,0.3620760142803192,-999.0,1,4120,-999.0,-999.0,-999.0,-999.0,0,-999.0,-999.0,-999.0,-999.0,-999.0,0,-999.0,-999.0,-999.0,0,0,-999.0,-999.0,-999.0,-999.0,0,-999.0,-999.0,-999.0,-999.0,-999.0,0,-999.0,-999.0,-999.0,0,0,-999.0,-999.0,-999.0,-999.0,0,-999.0,-999.0,-999.0,-999.0,-999.0,0,-999.0,-999.0,-999.0,0,0,-999.0,-999.0,-999.0,-999.0,0,-999.0,-999.0,-999.0,-999.0,-999.0,0,-999.0,-999.0,-999.0,0,0,0.023833112209212245
PSO J223.9058+05.5718,-999,-999,-999,114682239058306632,3496239000027071,65296387828158,0,15189956661322,11468,1,1467,31,0.523686851862526,3496239,15203,3,268959744,0,32,-999.0,-999.0,-999.0,-999.0,223.90581047,5.57181201,0.2869099974632263,0.2869099974632263,,,,,56317.67460648,-999.0,-0.7170767243899845,-0.6901984277520149,0.0970932627259836,219.6666198033566,21.3230792503538,2.427502997365707,53.433712875403955,-999,0,1,0,0,0,0,1,-999.0,-999.0,-999.0,-999.0,0,-999.0,-999.0,-999.0,-999.0,-999.0,0,-999.0,-999.0,-999.0,0,0,-999.0,-999.0,-999.0,-999.0,0,-999.0,-999.0,-999.0,-999.0,-999.0,0,-999.0,-999.0,-999.0,0,0,-999.0,-999.0,-999.0,-999.0,0,-999.0,-999.0,-999.0,-999.0,-999.0,0,-999.0,-999.0,-999.0,0,0,-999.0,-999.0,-999.0,-999.0,0,-999.0,-999.0,-999.0,-999.0,-999.0,0,-999.0,-999.0,-999.0,0,0,0.42805999517440796,20.168800354003906,0.28651899099349976,-999.0,1,20.168800354003906,20.168800354003906,-999.0,-999.0,-999.0,0,20.40169906616211,0.28651899099349976,-999.0,1,4120,0.023462982472952944
PSO J223.9059+05.5675,-999,-999,-999,114682239057901608,3496239000027061,65296387828148,0,15189953221273,11468,1,1467,31,0.986440125840195,3496239,15203,3,268513280,0,32,-999.0,-999.0,-999.0,-999.0,223.90588165,5.56752413,0.02184000052511692,0.02184000052511692,,,,,56785.40225694,-999.0,-0.7170811001025632,-0.690204355615258,0.09701877841647033,219.66810823511557,21.31902112456573,2.422033949579302,53.43092461769029,-999,0,2,0,0,2,0,0,-999.0,-999.0,-999.0,-999.0,0,-999.0,-999.0,-999.0,-999.0,-999.0,0,-999.0,-999.0,-999.0,0,0,-999.0,-999.0,-999.0,-999.0,0,-999.0,-999.0,-999.0,-999.0,-999.0,0,-999.0,-999.0,-999.0,0,0,0.998134970664978,21.22879981994629,0.22665099799633026,-999.0,1,21.22879981994629,21.22879981994629,19.672800064086914,0.04652800038456917,-999.0,1,22.02549934387207,0.22665099799633026,-999.0,1,4120,-999.0,-999.0,-999.0,-999.0,0,-999.0,-999.0,-999.0,-999.0,-999.0,0,-999.0,-999.0,-999.0,0,0,-999.0,-999.0,-999.0,-999.0,0,-999.0,-999.0,-999.0,-999.0,-999.0,0,-999.0,-999.0,-999.0,0,0,0.022832435147558325
PSO J223.9056+05.5715,-999,-999,-999,114682239056226318,3496239000027031,65296387828118,0,15189956661356,11468,1,1467,31,0.102565912625348,3496239,15203,3,268959744,0,32,-999.0,-999.0,-999.0,-999.0,223.90560222,5.57154959,0.18817999958992004,0.18817999958992004,,,,,56317.68130787,-999.0,-0.7170795534023495,-0.6901961298030841,0.09708870427156395,219.66649476421884,21.322765792245715,2.4269418353490724,53.433705266849834,-999,0,1,0,0,0,0,1,-999.0,-999.0,-999.0,-999.0,0,-999.0,-999.0,-999.0,-999.0,-999.0,0,-999.0,-999.0,-999.0,0,0,-999.0,-999.0,-999.0,-999.0,0,-999.0,-999.0,-999.0,-999.0,-999.0,0,-999.0,-999.0,-999.0,0,0,-999.0,-999.0,-999.0,-999.0,0,-999.0,-999.0,-999.0,-999.0,-999.0,0,-999.0,-999.0,-999.0,0,0,-999.0,-999.0,-999.0,-999.0,0,-999.0,-999.0,-999.0,-999.0,-999.0,0,-999.0,-999.0,-999.0,0,0,0.6774719953536987,19.30139923095703,0.18758200109004974,-999.0,1,19.30139923095703,19.30139923095703,-999.0,-999.0,-999.0,0,20.419599533081055,0.18758200109004974,-999.0,1,4120,0.023197054687306734
PSO J223.9053+05.5680,-999,-999,-999,114682239053342053,3496239000026988,65296387828075,0,15189953221433,11468,1,1467,31,0.950252035586398,3496239,15203,3,268959744,0,32,-999.0,-999.0,-999.0,-999.0,223.9053004,5.56800179,0.24482999742031097,0.24482999742031097,,,,,56045.38216435,-999.0,-0.717087519230525,-0.6901965200728897,0.09702707582466077,219.66735960595176,21.31929764433136,2.4220325247114998,53.43167483737092,-999,0,1,0,0,1,0,0,-999.0,-999.0,-999.0,-999.0,0,-999.0,-999.0,-999.0,-999.0,-999.0,0,-999.0,-999.0,-999.0,0,0,-999.0,-999.0,-999.0,-999.0,0,-999.0,-999.0,-999.0,-999.0,-999.0,0,-999.0,-999.0,-999.0,0,0,0.6484339833259583,21.316099166870117,0.24437500536441803,-999.0,1,21.316099166870117,21.316099166870117,-999.0,-999.0,-999.0,0,22.54490089416504,0.24437500536441803,-999.0,1,4120,-999.0,-999.0,-999.0,-999.0,0,-999.0,-999.0,-999.0,-999.0,-999.0,0,-999.0,-999.0,-999.0,0,0,-999.0,-999.0,-999.0,-999.0,0,-999.0,-999.0,-999.0,-999.0,-999.0,0,-999.0,-999.0,-999.0,0,0,0.022295648403857844
PSO J223.9052+05.5738,-999,-999,-999,114682239052208978,3496239000117076,65296387920236,0,15189956665094,11468,1,1467,31,0.78226924946743,3496239,15203,3,1343750144,0,160,223.90522412,5.57375763,0.0010000000474974513,0.0010000000474974513,223.90522412,5.57375763,0.0010000000474974513,0.0010000000474974513,,,,,55971.37297454,-999.0,-0.7170814117700733,-0.6901888025509874,0.09712705970569084,219.6653811521334,21.32475096370232,2.429394729020002,53.43540282053204,-999,1,0,0,0,0,0,0,-999.0,-999.0,-999.0,-999.0,0,-999.0,-999.0,-999.0,-999.0,-999.0,0,-999.0,-999.0,-999.0,0,16416,-999.0,-999.0,-999.0,-999.0,0,-999.0,-999.0,-999.0,-999.0,-999.0,0,-999.0,-999.0,-999.0,0,16416,-999.0,-999.0,-999.0,-999.0,0,-999.0,-999.0,-999.0,-999.0,-999.0,0,-999.0,-999.0,-999.0,0,114720,-999.0,-999.0,-999.0,-999.0,0,-999.0,-999.0,-999.0,-999.0,-999.0,0,-999.0,-999.0,-999.0,0,16416,-999.0,-999.0,-999.0,-999.0,0,-999.0,-999.0,-999.0,-999.0,-999.0,0,-999.0,-999.0,-999.0,0,16416,0.023477430540104437
PSO J223.9050+05.5673,-999,-999,-999,114682239049971162,3496239000026935,65296387828022,0,15189953224454,11468,1,1467,31,0.687611749104794,3496239,15203,3,1375809536,0,164,223.90497023,5.56728748,0.0010000000474974513,0.0010000000474974513,223.90498003,5.56725668,0.1656000018119812,0.1656000018119812,,,,,56042.37965278,-999.0,-0.7170922875160536,-0.6901933854145633,0.09701413255282856,219.66727999389738,21.318490575943578,2.4207278184035776,53.43144542211522,-999,1,1,1,0,0,0,0,0.9981949925422668,22.111600875854492,0.16492000222206116,-999.0,1,22.111600875854492,22.111600875854492,22.074499130249023,0.29439300298690796,-999.0,1,21.942399978637695,0.16492000222206116,-999.0,1,115000,-999.0,-999.0,-999.0,-999.0,0,-999.0,-999.0,-999.0,-999.0,-999.0,0,-999.0,-999.0,-999.0,0,16416,-999.0,-999.0,-999.0,-999.0,0,-999.0,-999.0,-999.0,-999.0,-999.0,0,-999.0,-999.0,-999.0,0,16416,-999.0,-999.0,-999.0,-999.0,0,-999.0,-999.0,-999.0,-999.0,-999.0,0,-999.0,-999.0,-999.0,0,16416,-999.0,-999.0,-999.0,-999.0,0,-999.0,-999.0,-999.0,-999.0,-999.0,0,-999.0,-999.0,-999.0,0,16416,0.021919149185226913
PSO J223.9040+05.5732,-999,-999,-999,114682239040368361,3496239000026806,65296387827893,0,15189956661983,11468,1,1467,31,0.663419754862245,3496239,15203,3,268513280,0,32,-999.0,-999.0,-999.0,-999.0,223.9040153,5.57324594,0.017969999462366104,0.017969999462366104,,,,,55758.25456019,-999.0,-0.717096598079923,-0.6901742749734187,0.09711817125088915,219.66432126522974,21.32389394531763,2.427445493361351,53.43600355851408,-999,0,1,0,0,0,0,1,-999.0,-999.0,-999.0,-999.0,0,-999.0,-999.0,-999.0,-999.0,-999.0,0,-999.0,-999.0,-999.0,0,0,-999.0,-999.0,-999.0,-999.0,0,-999.0,-999.0,-999.0,-999.0,-999.0,0,-999.0,-999.0,-999.0,0,0,-999.0,-999.0,-999.0,-999.0,0,-999.0,-999.0,-999.0,-999.0,-999.0,0,-999.0,-999.0,-999.0,0,0,-999.0,-999.0,-999.0,-999.0,0,-999.0,-999.0,-999.0,-999.0,-999.0,0,-999.0,-999.0,-999.0,0,0,0.999064028263092,16.510000228881836,0.009902999736368656,-999.0,1,16.510000228881836,16.510000228881836,17.195100784301758,0.02278199978172779,-999.0,1,17.099199295043945,0.009902999736368656,-999.0,1,24,0.022172551644643504
PSO J223.8876+05.5779,-999,-999,-999,114692238876213970,3496239000116746,65296387919906,0,15189953461940,11469,1,1467,31,0.380195078794095,3496239,15203,3,1343750144,0,160,223.88762104,5.57792465,0.0010000000474974513,0.0010000000474974513,223.88762104,5.57792465,0.0010000000474974513,0.0010000000474974513,,,,,55971.37297454,-999.0,-0.7172883329654872,-0.689963561005221,0.09719944380801224,219.64610983383466,21.323324943921453,2.416031497165567,53.45155694987859,-999,1,0,0,0,0,0,0,-999.0,-999.0,-999.0,-999.0,0,-999.0,-999.0,-999.0,-999.0,-999.0,0,-999.0,-999.0,-999.0,0,114720,-999.0,-999.0,-999.0,-999.0,0,-999.0,-999.0,-999.0,-999.0,-999.0,0,-999.0,-999.0,-999.0,0,16416,-999.0,-999.0,-999.0,-999.0,0,-999.0,-999.0,-999.0,-999.0,-999.0,0,-999.0,-999.0,-999.0,0,16416,-999.0,-999.0,-999.0,-999.0,0,-999.0,-999.0,-999.0,-999.0,-999.0,0,-999.0,-999.0,-999.0,0,16416,-999.0,-999.0,-999.0,-999.0,0,-999.0,-999.0,-999.0,-999.0,-999.0,0,-999.0,-999.0,-999.0,0,16416,0.01288540416907484
PSO J223.8875+05.5746,-999,-999,-999,114692238875620020,3496239000024263,65296387825350,0,15189953458105,11469,1,1467,31,0.116619941887092,3496239,15203,3,268959744,0,32,-999.0,-999.0,-999.0,-999.0,223.8875433,5.5746321,0.2757500112056732,0.2757500112056732,,,,,56043.42429398,-999.0,-0.7172932935225923,-0.6899664588580233,0.09714224991440061,219.64711851512436,21.320168371743044,2.4116895071117006,53.44951712423508,-999,0,1,0,1,0,0,0,-999.0,-999.0,-999.0,-999.0,0,-999.0,-999.0,-999.0,-999.0,-999.0,0,-999.0,-999.0,-999.0,0,0,0.5642790198326111,22.286100387573242,0.27534401416778564,-999.0,1,22.286100387573242,22.286100387573242,-999.0,-999.0,-999.0,0,23.353599548339844,0.27534401416778564,-999.0,1,4120,-999.0,-999.0,-999.0,-999.0,0,-999.0,-999.0,-999.0,-999.0,-999.0,0,-999.0,-999.0,-999.0,0,0,-999.0,-999.0,-999.0,-999.0,0,-999.0,-999.0,-999.0,-999.0,-999.0,0,-999.0,-999.0,-999.0,0,0,-999.0,-999.0,-999.0,-999.0,0,-999.0,-999.0,-999.0,-999.0,-999.0,0,-999.0,-999.0,-999.0,0,0,0.009844103690972487
PSO J223.8871+05.5758,-999,-999,-999,114692238871111444,3496239000116732,65296387919892,0,15189953456891,11469,1,1467,31,0.704638124168513,3496239,15203,3,1343750144,0,160,223.8871113,5.57581965,0.0010000000474974513,0.0010000000474974513,223.8871113,5.57581965,0.0010000000474974513,0.0010000000474974513,,,,,55971.37297454,-999.0,-0.7172970444764378,-0.6899596546336614,0.09716287852449587,219.6462870614257,21.32116597446248,2.412765272048592,53.45060556996544,-999,1,0,0,0,0,0,0,-999.0,-999.0,-999.0,-999.0,0,-999.0,-999.0,-999.0,-999.0,-999.0,0,-999.0,-999.0,-999.0,0,114720,-999.0,-999.0,-999.0,-999.0,0,-999.0,-999.0,-999.0,-999.0,-999.0,0,-999.0,-999.0,-999.0,0,16416,-999.0,-999.0,-999.0,-999.0,0,-999.0,-999.0,-999.0,-999.0,-999.0,0,-999.0,-999.0,-999.0,0,16416,-999.0,-999.0,-999.0,-999.0,0,-999.0,-999.0,-999.0,-999.0,-999.0,0,-999.0,-999.0,-999.0,0,16416,-999.0,-999.0,-999.0,-999.0,0,-999.0,-999.0,-999.0,-999.0,-999.0,0,-999.0,-999.0,-999.0,0,16416,0.010741562721427487
PSO J223.8871+05.5809,-999,-999,-999,114692238870547577,3496239000116729,65296387919889,0,15189953452608,11469,1,1467,31,0.509978559343124,3496239,15203,3,1343750144,0,160,223.88705476,5.5809312,0.0010000000474974513,0.0010000000474974513,223.88705476,5.5809312,0.0010000000474974513,0.0010000000474974513,,,,,55971.37297454,-999.0,-0.7172914752205395,-0.68995293489815,0.09725166940146207,219.6445409071432,21.32601213092751,2.419317611541471,53.45390807393683,-999,1,0,0,0,0,0,0,-999.0,-999.0,-999.0,-999.0,0,-999.0,-999.0,-999.0,-999.0,-999.0,0,-999.0,-999.0,-999.0,0,114720,-999.0,-999.0,-999.0,-999.0,0,-999.0,-999.0,-999.0,-999.0,-999.0,0,-999.0,-999.0,-999.0,0,16416,-999.0,-999.0,-999.0,-999.0,0,-999.0,-999.0,-999.0,-999.0,-999.0,0,-999.0,-999.0,-999.0,0,16416,-999.0,-999.0,-999.0,-999.0,0,-999.0,-999.0,-999.0,-999.0,-999.0,0,-999.0,-999.0,-999.0,0,16416,-999.0,-999.0,-999.0,-999.0,0,-999.0,-999.0,-999.0,-999.0,-999.0,0,-999.0,-999.0,-999.0,0,16416,0.015575103995431555
PSO J223.8869+05.5796,-999,-999,-999,114692238868785984,3496239000116720,65296387919880,0,15189953460510,11469,1,1467,31,0.0061612073389452,3496239,15203,3,1343750144,0,160,223.88687851,5.57960532,0.0010000000474974513,0.0010000000474974513,223.88687851,5.57960532,0.0010000000474974513,0.0010000000474974513,,,,,56206.31975694,-999.0,-0.7172952193750932,-0.6899522883472321,0.09722863809626803,219.64479977436258,21.324696616460496,2.417414460577746,53.45319785531069,-999,1,0,0,0,0,0,0,-999.0,-999.0,-999.0,-999.0,0,-999.0,-999.0,-999.0,-999.0,-999.0,0,-999.0,-999.0,-999.0,0,114720,-999.0,-999.0,-999.0,-999.0,0,-999.0,-999.0,-999.0,-999.0,-999.0,0,-999.0,-999.0,-999.0,0,16416,-999.0,-999.0,-999.0,-999.0,0,-999.0,-999.0,-999.0,-999.0,-999.0,0,-999.0,-999.0,-999.0,0,16416,-999.0,-999.0,-999.0,-999.0,0,-999.0,-999.0,-999.0,-999.0,-999.0,0,-999.0,-999.0,-999.0,0,16416,-999.0,-999.0,-999.0,-999.0,0,-999.0,-999.0,-999.0,-999.0,-999.0,0,-999.0,-999.0,-999.0,0,16416,0.014250117540516874
PSO J223.8867+05.5760,-999,-999,-999,114692238866941705,3496239000024119,65296387825206,0,15189953456727,11469,1,1467,31,0.596016599420474,3496239,15203,3,268959744,0,32,-999.0,-999.0,-999.0,-999.0,223.88667721,5.57603586,0.2542800009250641,0.2542800009250641,,,,,55338.39131944,-999.0,-0.7173020075416162,-0.6899539659761166,0.09716663424548033,219.6457743644055,21.321238734662394,2.4125823528844563,53.45107624608608,-999,0,1,0,1,0,0,0,-999.0,-999.0,-999.0,-999.0,0,-999.0,-999.0,-999.0,-999.0,-999.0,0,-999.0,-999.0,-999.0,0,0,0.748898983001709,21.557300567626953,0.2538380026817322,-999.0,1,21.557300567626953,21.557300567626953,-999.0,-999.0,-999.0,0,21.817399978637695,0.2538380026817322,-999.0,1,4120,-999.0,-999.0,-999.0,-999.0,0,-999.0,-999.0,-999.0,-999.0,-999.0,0,-999.0,-999.0,-999.0,0,0,-999.0,-999.0,-999.0,-999.0,0,-999.0,-999.0,-999.0,-999.0,-999.0,0,-999.0,-999.0,-999.0,0,0,-999.0,-999.0,-999.0,-999.0,0,-999.0,-999.0,-999.0,-999.0,-999.0,0,-999.0,-999.0,-999.0,0,0,0.010787655103081105
PSO J223.8860+05.5761,-999,-999,-999,114692238859951809,3496239000116699,65296387919859,0,15189953456965,11469,1,1467,31,0.973420473722201,3496239,15203,3,1343750144,0,160,223.88599501,5.57612477,0.0010000000474974513,0.0010000000474974513,223.88599501,5.57612477,0.0010000000474974513,0.0010000000474974513,,,,,55971.37297454,-999.0,-0.7173101138501461,-0.6899453207474562,0.09716817867481257,219.64505150803572,21.321114377617523,2.411970345642187,53.45165597150706,-999,1,0,0,0,0,0,0,-999.0,-999.0,-999.0,-999.0,0,-999.0,-999.0,-999.0,-999.0,-999.0,0,-999.0,-999.0,-999.0,0,114720,-999.0,-999.0,-999.0,-999.0,0,-999.0,-999.0,-999.0,-999.0,-999.0,0,-999.0,-999.0,-999.0,0,16416,-999.0,-999.0,-999.0,-999.0,0,-999.0,-999.0,-999.0,-999.0,-999.0,0,-999.0,-999.0,-999.0,0,16416,-999.0,-999.0,-999.0,-999.0,0,-999.0,-999.0,-999.0,-999.0,-999.0,0,-999.0,-999.0,-999.0,0,16416,-999.0,-999.0,-999.0,-999.0,0,-999.0,-999.0,-999.0,-999.0,-999.0,0,-999.0,-999.0,-999.0,0,16416,0.010661942007948707
PSO J223.8852+05.5793,-999,-999,-999,114692238851605567,3496239000116684,65296387919844,0,15189953451286,11469,1,1467,31,0.25251177069965,3496239,15203,3,1343750144,0,160,223.88516886,5.5792572,0.0010000000474974513,0.0010000000474974513,223.88516886,5.5792572,0.0010000000474974513,0.0010000000474974513,,,,,56041.68789352,-999.0,-0.717316232312192,-0.6899312941537599,0.09722259104117485,219.64317683317773,21.323841730281618,2.4151421582521766,53.45428670996264,-999,1,0,0,0,0,0,0,-999.0,-999.0,-999.0,-999.0,0,-999.0,-999.0,-999.0,-999.0,-999.0,0,-999.0,-999.0,-999.0,0,114720,-999.0,-999.0,-999.0,-999.0,0,-999.0,-999.0,-999.0,-999.0,-999.0,0,-999.0,-999.0,-999.0,0,16416,-999.0,-999.0,-999.0,-999.0,0,-999.0,-999.0,-999.0,-999.0,-999.0,0,-999.0,-999.0,-999.0,0,16416,-999.0,-999.0,-999.0,-999.0,0,-999.0,-999.0,-999.0,-999.0,-999.0,0,-999.0,-999.0,-999.0,0,16416,-999.0,-999.0,-999.0,-999.0,0,-999.0,-999.0,-999.0,-999.0,-999.0,0,-999.0,-999.0,-999.0,0,16416,0.013542344907683343
PSO J223.8851+05.5765,-999,-999,-999,114692238851002283,3496239000023874,65296387824961,0,15189953458275,11469,1,1467,31,0.184271419592454,3496239,15203,3,302067712,0,36,-999.0,-999.0,-999.0,-999.0,223.88507153,5.57653003,0.1752600073814392,0.1752600073814392,,,,,55306.34664352,-999.0,-0.7173207387704704,-0.6899332827698345,0.09717521832353224,219.64397887176239,21.321217111242277,2.4115104112098504,53.452622399801,-999,0,1,0,1,0,0,0,-999.0,-999.0,-999.0,-999.0,0,-999.0,-999.0,-999.0,-999.0,-999.0,0,-999.0,-999.0,-999.0,0,0,0.9995570182800293,20.849199295043945,0.17461299896240234,-999.0,1,20.849199295043945,20.849199295043945,20.54159927368164,0.20912200212478638,-999.0,1,20.54680061340332,0.17461299896240234,-999.0,1,272,-999.0,-999.0,-999.0,-999.0,0,-999.0,-999.0,-999.0,-999.0,-999.0,0,-999.0,-999.0,-999.0,0,0,-999.0,-999.0,-999.0,-999.0,0,-999.0,-999.0,-999.0,-999.0,-999.0,0,-999.0,-999.0,-999.0,0,0,-999.0,-999.0,-999.0,-999.0,0,-999.0,-999.0,-999.0,-999.0,-999.0,0,-999.0,-999.0,-999.0,0,0,0.010839907465196141
PSO J223.8849+05.5773,-999,-999,-999,114692238849193271,3496239000116679,65296387919839,0,15189953458354,11469,1,1467,31,0.420395804029327,3496239,15203,3,1343750144,0,160,223.88491989,5.57734453,0.0010000000474974513,0.0010000000474974513,223.88491989,5.57734453,0.0010000000474974513,0.0010000000474974513,,,,,55973.32822917,-999.0,-0.7173215690530615,-0.6899304266109828,0.0971893667416414,219.64355563916592,21.321945632717657,2.412402456166016,53.45325802314077,-999,1,0,0,0,0,0,0,-999.0,-999.0,-999.0,-999.0,0,-999.0,-999.0,-999.0,-999.0,-999.0,0,-999.0,-999.0,-999.0,0,114720,-999.0,-999.0,-999.0,-999.0,0,-999.0,-999.0,-999.0,-999.0,-999.0,0,-999.0,-999.0,-999.0,0,16416,-999.0,-999.0,-999.0,-999.0,0,-999.0,-999.0,-999.0,-999.0,-999.0,0,-999.0,-999.0,-999.0,0,16416,-999.0,-999.0,-999.0,-999.0,0,-999.0,-999.0,-999.0,-999.0,-999.0,0,-999.0,-999.0,-999.0,0,16416,-999.0,-999.0,-999.0,-999.0,0,-999.0,-999.0,-999.0,-999.0,-999.0,0,-999.0,-999.0,-999.0,0,16416,0.011614788486597116
PSO J223.8846+05.5764,-999,-999,-999,114692238846212110,3496239000116674,65296387919834,0,15189953456167,11469,1,1467,31,0.19272155146368,3496239,15203,3,1343750144,0,160,223.88462881,5.57637686,0.0010000000474974513,0.0010000000474974513,223.88462881,5.57637686,0.0010000000474974513,0.0010000000474974513,,,,,55947.65574074,-999.0,-0.717326257040394,-0.6899279201476892,0.09717255765442401,219.64357943272103,21.320935770683203,2.4108404420671663,53.45286415296006,-999,1,0,0,0,0,0,0,-999.0,-999.0,-999.0,-999.0,0,-999.0,-999.0,-999.0,-999.0,-999.0,0,-999.0,-999.0,-999.0,0,16416,-999.0,-999.0,-999.0,-999.0,0,-999.0,-999.0,-999.0,-999.0,-999.0,0,-999.0,-999.0,-999.0,0,16416,-999.0,-999.0,-999.0,-999.0,0,-999.0,-999.0,-999.0,-999.0,-999.0,0,-999.0,-999.0,-999.0,0,16416,-999.0,-999.0,-999.0,-999.0,0,-999.0,-999.0,-999.0,-999.0,-999.0,0,-999.0,-999.0,-999.0,0,114720,-999.0,-999.0,-999.0,-999.0,0,-999.0,-999.0,-999.0,-999.0,-999.0,0,-999.0,-999.0,-999.0,0,16416,0.0106133972827343
PSO J223.8845+05.5796,-999,-999,-999,114692238844935988,3496239000023784,65296387824871,0,15189953453241,11469,1,1467,31,0.0218610400537597,3496239,15203,3,268959744,0,32,-999.0,-999.0,-999.0,-999.0,223.88449393,5.57960831,-999.0,-999.0,,,,,-999.0,-999.0,-0.7173239300640698,-0.6899224312860391,0.09722869003436213,219.64237473412965,21.323969065464567,2.4148771083187124,53.45502805572861,-999,0,1,1,0,0,0,0,-999.0,-999.0,-999.0,-999.0,0,-999.0,-999.0,19.35650062561035,0.04241500049829483,-999.0,1,-999.0,-999.0,-999.0,0,24,-999.0,-999.0,-999.0,-999.0,0,-999.0,-999.0,-999.0,-999.0,-999.0,0,-999.0,-999.0,-999.0,0,0,-999.0,-999.0,-999.0,-999.0,0,-999.0,-999.0,-999.0,-999.0,-999.0,0,-999.0,-999.0,-999.0,0,0,-999.0,-999.0,-999.0,-999.0,0,-999.0,-999.0,-999.0,-999.0,-999.0,0,-999.0,-999.0,-999.0,0,0,-999.0,-999.0,-999.0,-999.0,0,-999.0,-999.0,-999.0,-999.0,-999.0,0,-999.0,-999.0,-999.0,0,0,0.013800640804804877
PSO J223.8843+05.5817,-999,-999,-999,114692238844078552,3496239000114212,65296387915765,0,15189953453520,11469,1,1467,31,0.7660908771363,3496239,15203,3,941096960,0,112,223.88434143,5.58166487,0.0010000000474974513,0.0010000000474974513,223.88434143,5.58166487,0.0010000000474974513,0.0010000000474974513,,,,,55974.1652662,-999.0,-0.7173232506019331,-0.6899181023734968,0.09726441365283259,219.64154025115963,21.325879092851736,2.417375298897091,53.456456245326805,-999,5,0,0,0,0,0,0,-999.0,-999.0,-999.0,-999.0,0,-999.0,-999.0,-999.0,-999.0,-999.0,0,-999.0,-999.0,-999.0,0,16416,-999.0,-999.0,-999.0,-999.0,0,-999.0,-999.0,-999.0,-999.0,-999.0,0,-999.0,-999.0,-999.0,0,16416,-999.0,-999.0,-999.0,-999.0,0,-999.0,-999.0,-999.0,-999.0,-999.0,0,-999.0,-999.0,-999.0,0,16416,-999.0,-999.0,-999.0,-999.0,0,-999.0,-999.0,-999.0,-999.0,-999.0,0,-999.0,-999.0,-999.0,0,114720,-999.0,-999.0,-999.0,-999.0,0,-999.0,-999.0,-999.0,-999.0,-999.0,0,-999.0,-999.0,-999.0,0,114720,0.015833258857636385
PSO J223.8844+05.5810,-999,-999,-999,114692238843717715,3496239000116668,65296387919828,0,15189953453476,11469,1,1467,31,0.289824927495629,3496239,15203,3,1343750144,0,160,223.88437197,5.58104669,0.0010000000474974513,0.0010000000474974513,223.88437197,5.58104669,0.0010000000474974513,0.0010000000474974513,,,,,56125.39715278,-999.0,-0.7173236391713759,-0.6899192121417973,0.09725367552733155,219.6417755368565,21.325300272919414,2.416608046237793,53.45603868303207,-999,1,0,0,0,0,0,0,-999.0,-999.0,-999.0,-999.0,0,-999.0,-999.0,-999.0,-999.0,-999.0,0,-999.0,-999.0,-999.0,0,114720,-999.0,-999.0,-999.0,-999.0,0,-999.0,-999.0,-999.0,-999.0,-999.0,0,-999.0,-999.0,-999.0,0,16416,-999.0,-999.0,-999.0,-999.0,0,-999.0,-999.0,-999.0,-999.0,-999.0,0,-999.0,-999.0,-999.0,0,16416,-999.0,-999.0,-999.0,-999.0,0,-999.0,-999.0,-999.0,-999.0,-999.0,0,-999.0,-999.0,-999.0,0,16416,-999.0,-999.0,-999.0,-999.0,0,-999.0,-999.0,-999.0,-999.0,-999.0,0,-999.0,-999.0,-999.0,0,16416,0.015220066656377464
PSO J223.8842+05.5759,-999,-999,-999,114692238841691526,3496239000116661,65296387919821,0,15189953463343,11469,1,1467,31,0.795596847120297,3496239,15203,3,1343750144,0,160,223.88417266,5.57589667,0.0010000000474974513,0.0010000000474974513,223.88417266,5.57589667,0.0010000000474974513,0.0010000000474974513,,,,,56041.68789352,-999.0,-0.7173323366968534,-0.6899227737777388,0.0971642164166587,219.6432743795803,21.32033916776802,2.409733121169255,53.45290766897177,-999,1,0,0,0,0,0,0,-999.0,-999.0,-999.0,-999.0,0,-999.0,-999.0,-999.0,-999.0,-999.0,0,-999.0,-999.0,-999.0,0,114720,-999.0,-999.0,-999.0,-999.0,0,-999.0,-999.0,-999.0,-999.0,-999.0,0,-999.0,-999.0,-999.0,0,16416,-999.0,-999.0,-999.0,-999.0,0,-999.0,-999.0,-999.0,-999.0,-999.0,0,-999.0,-999.0,-999.0,0,16416,-999.0,-999.0,-999.0,-999.0,0,-999.0,-999.0,-999.0,-999.0,-999.0,0,-999.0,-999.0,-999.0,0,16416,-999.0,-999.0,-999.0,-999.0,0,-999.0,-999.0,-999.0,-999.0,-999.0,0,-999.0,-999.0,-999.0,0,16416,0.010076489835369275
PSO J223.8836+05.5776,-999,-999,-999,114692238835693546,3496239000116650,65296387919810,0,15189953451156,11469,1,1467,31,0.333752621276074,3496239,15203,3,1343750144,0,160,223.88356911,5.57757191,0.0010000000474974513,0.0010000000474974513,223.88356911,5.57757191,0.0010000000474974513,0.0010000000474974513,,,,,56067.73321759,-999.0,-0.7173375563507338,-0.6899132477926232,0.09719331648314349,219.64210739847576,21.321748228728172,2.411256997087365,53.45443862916309,-999,1,0,0,0,0,0,0,-999.0,-999.0,-999.0,-999.0,0,-999.0,-999.0,-999.0,-999.0,-999.0,0,-999.0,-999.0,-999.0,0,114720,-999.0,-999.0,-999.0,-999.0,0,-999.0,-999.0,-999.0,-999.0,-999.0,0,-999.0,-999.0,-999.0,0,16416,-999.0,-999.0,-999.0,-999.0,0,-999.0,-999.0,-999.0,-999.0,-999.0,0,-999.0,-999.0,-999.0,0,16416,-999.0,-999.0,-999.0,-999.0,0,-999.0,-999.0,-999.0,-999.0,-999.0,0,-999.0,-999.0,-999.0,0,16416,-999.0,-999.0,-999.0,-999.0,0,-999.0,-999.0,-999.0,-999.0,-999.0,0,-999.0,-999.0,-999.0,0,16416,0.011697631634677816
PSO J223.8834+05.5748,-999,-999,-999,114692238834570259,3496239000023627,65296387824714,0,15189953464246,11469,1,1467,31,0.191359712920487,3496239,15203,3,310456320,0,37,-999.0,-999.0,-999.0,-999.0,223.88343488,5.5748292,0.1756500005722046,0.1756500005722046,,,,,56392.5383912,-999.0,-0.7173425251777079,-0.6899147915904913,0.09714567368811974,219.6428770609134,21.3190975243188,2.407565951102527,53.4527925868457,-999,0,1,1,0,0,0,0,0.9871299862861633,21.309099197387695,0.17500999569892883,-999.0,1,21.309099197387695,21.309099197387695,20.192399978637695,0.13898999989032745,-999.0,1,20.30030059814453,0.17500999569892883,-999.0,1,16777496,-999.0,-999.0,-999.0,-999.0,0,-999.0,-999.0,-999.0,-999.0,-999.0,0,-999.0,-999.0,-999.0,0,0,-999.0,-999.0,-999.0,-999.0,0,-999.0,-999.0,-999.0,-999.0,-999.0,0,-999.0,-999.0,-999.0,0,0,-999.0,-999.0,-999.0,-999.0,0,-999.0,-999.0,-999.0,-999.0,-999.0,0,-999.0,-999.0,-999.0,0,0,-999.0,-999.0,-999.0,-999.0,0,-999.0,-999.0,-999.0,-999.0,-999.0,0,-999.0,-999.0,-999.0,0,0,0.008951670018595929
PSO J223.8833+05.5801,-999,-999,-999,114692238833186621,3496239000116639,65296387919799,0,15189953453760,11469,1,1467,31,0.72141964428259,3496239,15203,3,1343750144,0,160,223.88331873,5.58013428,0.0010000000474974513,0.0010000000474974513,223.88331873,5.58013428,0.0010000000474974513,0.0010000000474974513,,,,,56034.2509375,-999.0,-0.7173374376490135,-0.6899070992934122,0.09723782644474083,219.64100631470276,21.324109532772006,2.414305108180452,53.45626445272449,-999,1,0,0,0,0,0,0,-999.0,-999.0,-999.0,-999.0,0,-999.0,-999.0,-999.0,-999.0,-999.0,0,-999.0,-999.0,-999.0,0,114720,-999.0,-999.0,-999.0,-999.0,0,-999.0,-999.0,-999.0,-999.0,-999.0,0,-999.0,-999.0,-999.0,0,16416,-999.0,-999.0,-999.0,-999.0,0,-999.0,-999.0,-999.0,-999.0,-999.0,0,-999.0,-999.0,-999.0,0,16416,-999.0,-999.0,-999.0,-999.0,0,-999.0,-999.0,-999.0,-999.0,-999.0,0,-999.0,-999.0,-999.0,0,16416,-999.0,-999.0,-999.0,-999.0,0,-999.0,-999.0,-999.0,-999.0,-999.0,0,-999.0,-999.0,-999.0,0,16416,0.014249811386532406
PSO J223.8826+05.5748,-999,-999,-999,114692238825730260,3496239000023488,65296387824575,0,15189953477199,11469,1,1467,31,0.0150940781599787,3496239,15203,3,302067712,0,36,-999.0,-999.0,-999.0,-999.0,223.88255754,5.57482911,0.13279999792575836,0.13279999792575836,,,,,55338.39131944,-999.0,-0.7173530895042886,-0.6899038073282985,0.097145672124753,219.6419852540325,21.31882870531238,2.4066307390786164,53.4534651368439,-999,0,1,0,1,0,0,0,-999.0,-999.0,-999.0,-999.0,0,-999.0,-999.0,-999.0,-999.0,-999.0,0,-999.0,-999.0,-999.0,0,0,0.9981819987297058,20.949899673461914,0.13194799423217773,-999.0,1,20.949899673461914,20.949899673461914,-999.0,-999.0,-999.0,1,21.713300704956055,0.13194799423217773,-999.0,1,280,-999.0,-999.0,-999.0,-999.0,0,-999.0,-999.0,-999.0,-999.0,-999.0,0,-999.0,-999.0,-999.0,0,0,-999.0,-999.0,-999.0,-999.0,0,-999.0,-999.0,-999.0,-999.0,-999.0,0,-999.0,-999.0,-999.0,0,0,-999.0,-999.0,-999.0,-999.0,0,-999.0,-999.0,-999.0,-999.0,-999.0,0,-999.0,-999.0,-999.0,0,0,0.008951948072419629
PSO J223.8823+05.5777,-999,-999,-999,114692238823373678,3496239000023456,65296387824543,0,15189953469375,11469,1,1467,31,0.292851850663174,3496239,15203,3,268959744,0,32,-999.0,-999.0,-999.0,-999.0,223.88233348,5.57773612,0.22787000238895416,0.22787000238895416,,,,,55609.57689815,-999.0,-0.7173522339464843,-0.6898975845728719,0.09719616891887055,219.64079708577006,21.32152598365872,2.4101524881025793,53.45549066239256,-999,0,1,0,0,0,1,0,-999.0,-999.0,-999.0,-999.0,0,-999.0,-999.0,-999.0,-999.0,-999.0,0,-999.0,-999.0,-999.0,0,0,-999.0,-999.0,-999.0,-999.0,0,-999.0,-999.0,-999.0,-999.0,-999.0,0,-999.0,-999.0,-999.0,0,0,-999.0,-999.0,-999.0,-999.0,0,-999.0,-999.0,-999.0,-999.0,-999.0,0,-999.0,-999.0,-999.0,0,0,0.7887309789657593,18.68160057067871,0.22737500071525574,-999.0,1,18.68160057067871,18.68160057067871,-999.0,-999.0,-999.0,0,19.022600173950195,0.22737500071525574,-999.0,1,4112,-999.0,-999.0,-999.0,-999.0,0,-999.0,-999.0,-999.0,-999.0,-999.0,0,-999.0,-999.0,-999.0,0,0,0.011866676386566554
PSO J223.8817+05.5772,-999,-999,-999,114692238817493116,3496239000116605,65296387919765,0,15189953469412,11469,1,1467,31,0.960210175216394,3496239,15203,3,1343750144,0,160,223.88174959,5.57721381,0.0010000000474974513,0.0010000000474974513,223.88174959,5.57721381,0.0010000000474974513,0.0010000000474974513,,,,,56125.39715278,-999.0,-0.7173599031248005,-0.6898908882936299,0.09718709604779535,219.64037610557466,21.320850173141135,2.408854458593487,53.45560524786991,-999,1,0,0,0,0,0,0,-999.0,-999.0,-999.0,-999.0,0,-999.0,-999.0,-999.0,-999.0,-999.0,0,-999.0,-999.0,-999.0,0,114720,-999.0,-999.0,-999.0,-999.0,0,-999.0,-999.0,-999.0,-999.0,-999.0,0,-999.0,-999.0,-999.0,0,16416,-999.0,-999.0,-999.0,-999.0,0,-999.0,-999.0,-999.0,-999.0,-999.0,0,-999.0,-999.0,-999.0,0,16416,-999.0,-999.0,-999.0,-999.0,0,-999.0,-999.0,-999.0,-999.0,-999.0,0,-999.0,-999.0,-999.0,0,16416,-999.0,-999.0,-999.0,-999.0,0,-999.0,-999.0,-999.0,-999.0,-999.0,0,-999.0,-999.0,-999.0,0,16416,0.011393979076046565
PSO J223.8812+05.5802,-999,-999,-999,114692238811606736,3496239000116598,65296387919758,0,15189953466976,11469,1,1467,31,0.347638710725716,3496239,15203,3,1343750144,0,160,223.88115997,5.58023033,0.0010000000474974513,0.0010000000474974513,223.88115997,5.58023033,0.0010000000474974513,0.0010000000474974513,,,,,55971.37297454,-999.0,-0.7173633135996648,-0.6898799583514477,0.0972394948892367,219.63878010831738,21.32353965781843,2.41212854962033,53.45798080154554,-999,1,0,0,0,0,0,0,-999.0,-999.0,-999.0,-999.0,0,-999.0,-999.0,-999.0,-999.0,-999.0,0,-999.0,-999.0,-999.0,0,114720,-999.0,-999.0,-999.0,-999.0,0,-999.0,-999.0,-999.0,-999.0,-999.0,0,-999.0,-999.0,-999.0,0,16416,-999.0,-999.0,-999.0,-999.0,0,-999.0,-999.0,-999.0,-999.0,-999.0,0,-999.0,-999.0,-999.0,0,16416,-999.0,-999.0,-999.0,-999.0,0,-999.0,-999.0,-999.0,-999.0,-999.0,0,-999.0,-999.0,-999.0,0,16416,-999.0,-999.0,-999.0,-999.0,0,-999.0,-999.0,-999.0,-999.0,-999.0,0,-999.0,-999.0,-999.0,0,16416,0.014458776176800121
PSO J223.8807+05.5770,-999,-999,-999,114692238806522879,3496239000023201,65296387824288,0,15189953469181,11469,1,1467,31,0.623257776371443,3496239,15203,3,436527104,7,52,223.88060669,5.57702637,0.0010000000474974513,0.0010000000474974513,223.88065564718468,5.577013350623372,0.03437019818335286,0.03437019818335286,20.36569801052539,37.30082210922203,27.471675896564182,27.471675896564182,56029.94349019589,1.4384667873382568,-0.7173733200959531,-0.6898774273719676,0.09718361393334195,219.63932671515184,21.320321753604954,2.407422991278924,53.45631824529825,-999,3,7,0,0,0,6,1,-999.0,-999.0,-999.0,-999.0,0,-999.0,-999.0,-999.0,-999.0,-999.0,0,-999.0,-999.0,-999.0,0,16416,-999.0,-999.0,-999.0,-999.0,0,-999.0,-999.0,-999.0,-999.0,-999.0,0,-999.0,-999.0,-999.0,0,16416,-999.0,-999.0,-999.0,-999.0,0,-999.0,-999.0,-999.0,-999.0,-999.0,0,-999.0,-999.0,-999.0,0,114720,0.9994300007820129,21.300399780273438,0.05874300003051758,0.2773579955101013,6,20.821500778198242,21.578699111938477,21.11590003967285,0.1643110066652298,0.38012099266052246,6,21.200700759887695,0.127252995967865,0.3112039864063263,6,115000,0.9983599781990051,20.122800827026367,0.1818619966506958,-999.0,1,20.122800827026367,20.122800827026367,20.116199493408203,0.3254390060901642,-999.0,1,19.953500747680664,0.1818619966506958,-999.0,1,115000,0.011367392490766728
PSO J223.8803+05.5786,-999,-999,-999,114692238802874754,3496239000023151,65296387824238,0,15189953470354,11469,1,1467,31,0.60058274176026,3496239,15203,3,302067712,0,36,-999.0,-999.0,-999.0,-999.0,223.88026332,5.57858559,0.23114000260829926,0.23114000260829926,,,,,55607.67020833,-999.0,-0.7173761214799804,-0.6898706664570314,0.0972109247588542,219.63841204891767,21.32170009408733,2.409044944969206,53.45761945853208,-999,0,1,0,0,0,1,0,-999.0,-999.0,-999.0,-999.0,0,-999.0,-999.0,-999.0,-999.0,-999.0,0,-999.0,-999.0,-999.0,0,0,-999.0,-999.0,-999.0,-999.0,0,-999.0,-999.0,-999.0,-999.0,-999.0,0,-999.0,-999.0,-999.0,0,0,-999.0,-999.0,-999.0,-999.0,0,-999.0,-999.0,-999.0,-999.0,-999.0,0,-999.0,-999.0,-999.0,0,0,0.8558319807052612,20.940000534057617,0.2306549996137619,-999.0,1,20.940000534057617,20.940000534057617,-999.0,-999.0,-999.0,0,21.128999710083008,0.2306549996137619,-999.0,1,272,-999.0,-999.0,-999.0,-999.0,0,-999.0,-999.0,-999.0,-999.0,-999.0,0,-999.0,-999.0,-999.0,0,0,0.012986438887085045
PSO J223.8792+05.5786,-999,-999,-999,114692238791094842,3496239000116562,65296387919722,0,15189953470304,11469,1,1467,31,0.825665237219692,3496239,15203,3,1343750144,0,160,223.87917011,5.57864687,0.0010000000474974513,0.0010000000474974513,223.87917011,5.57864687,0.0010000000474974513,0.0010000000474974513,,,,,56066.2419213,-999.0,-0.7173892092174443,-0.6898569066466738,0.09721198923102188,219.63728052463767,21.321423521779447,2.4079589563641735,53.45849665033922,-999,1,0,0,0,0,0,0,-999.0,-999.0,-999.0,-999.0,0,-999.0,-999.0,-999.0,-999.0,-999.0,0,-999.0,-999.0,-999.0,0,114720,-999.0,-999.0,-999.0,-999.0,0,-999.0,-999.0,-999.0,-999.0,-999.0,0,-999.0,-999.0,-999.0,0,16416,-999.0,-999.0,-999.0,-999.0,0,-999.0,-999.0,-999.0,-999.0,-999.0,0,-999.0,-999.0,-999.0,0,16416,-999.0,-999.0,-999.0,-999.0,0,-999.0,-999.0,-999.0,-999.0,-999.0,0,-999.0,-999.0,-999.0,0,16416,-999.0,-999.0,-999.0,-999.0,0,-999.0,-999.0,-999.0,-999.0,-999.0,0,-999.0,-999.0,-999.0,0,16416,0.01331610007564499
PSO J223.8774+05.5770,-999,-999,-999,114692238773562846,3496239000116536,65296387919696,0,15189953468325,11469,1,1467,31,0.498940294141826,3496239,15203,3,1343750144,0,160,223.87735678,5.5769892,0.0010000000474974513,0.0010000000474974513,223.87735678,5.5769892,0.0010000000474974513,0.0010000000474974513,,,,,56014.89693287,-999.0,-0.7174130688820309,-0.6898361510673839,0.09718319442065956,219.63598493483406,21.319290845198882,2.403881438136306,53.45882970980892,-999,1,0,0,0,0,0,0,-999.0,-999.0,-999.0,-999.0,0,-999.0,-999.0,-999.0,-999.0,-999.0,0,-999.0,-999.0,-999.0,0,114720,-999.0,-999.0,-999.0,-999.0,0,-999.0,-999.0,-999.0,-999.0,-999.0,0,-999.0,-999.0,-999.0,0,16416,-999.0,-999.0,-999.0,-999.0,0,-999.0,-999.0,-999.0,-999.0,-999.0,0,-999.0,-999.0,-999.0,0,16416,-999.0,-999.0,-999.0,-999.0,0,-999.0,-999.0,-999.0,-999.0,-999.0,0,-999.0,-999.0,-999.0,0,16416,-999.0,-999.0,-999.0,-999.0,0,-999.0,-999.0,-999.0,-999.0,-999.0,0,-999.0,-999.0,-999.0,0,16416,0.012441157445335218
PSO J223.8773+05.5827,-999,-999,-999,114692238773209680,3496239000022621,65296387823708,0,15189953303111,11469,1,1467,31,0.797930796442489,3496239,15203,3,268959744,0,32,-999.0,-999.0,-999.0,-999.0,223.87731096,5.58269047,0.30564001202583313,0.30564001202583313,,,,,55694.34011574,-999.0,-0.71740664639548,-0.6898288712827332,0.0972822288621157,219.6340545890304,21.324701295746603,2.411208915188673,53.46250045099669,-999,0,1,0,0,1,0,0,-999.0,-999.0,-999.0,-999.0,0,-999.0,-999.0,-999.0,-999.0,-999.0,0,-999.0,-999.0,-999.0,0,0,-999.0,-999.0,-999.0,-999.0,0,-999.0,-999.0,-999.0,-999.0,-999.0,0,-999.0,-999.0,-999.0,0,0,0.7529379725456238,21.38409996032715,0.3052699863910675,-999.0,1,21.38409996032715,21.38409996032715,-999.0,-999.0,-999.0,0,23.59670066833496,0.3052699863910675,-999.0,1,4112,-999.0,-999.0,-999.0,-999.0,0,-999.0,-999.0,-999.0,-999.0,-999.0,0,-999.0,-999.0,-999.0,0,0,-999.0,-999.0,-999.0,-999.0,0,-999.0,-999.0,-999.0,-999.0,-999.0,0,-999.0,-999.0,-999.0,0,0,0.01773084300515962
PSO J223.8766+05.5827,-999,-999,-999,114692238766369630,3496239000022518,65296387823605,0,15189953303145,11469,1,1467,31,0.956790188287189,3496239,15203,3,268959744,0,32,-999.0,-999.0,-999.0,-999.0,223.87662623,5.58265024,0.2729699909687042,0.2729699909687042,,,,,55694.32836806,-999.0,-0.7174149395836249,-0.6898203449986311,0.09728153004652766,219.6333718308492,21.32445325644987,2.410426954294169,53.462999762572544,-999,0,1,0,0,1,0,0,-999.0,-999.0,-999.0,-999.0,0,-999.0,-999.0,-999.0,-999.0,-999.0,0,-999.0,-999.0,-999.0,0,0,-999.0,-999.0,-999.0,-999.0,0,-999.0,-999.0,-999.0,-999.0,-999.0,0,-999.0,-999.0,-999.0,0,0,0.7257879972457886,21.029600143432617,0.2725540101528168,-999.0,1,21.029600143432617,21.029600143432617,-999.0,-999.0,-999.0,0,20.89859962463379,0.2725540101528168,-999.0,1,4112,-999.0,-999.0,-999.0,-999.0,0,-999.0,-999.0,-999.0,-999.0,-999.0,0,-999.0,-999.0,-999.0,0,0,-999.0,-999.0,-999.0,-999.0,0,-999.0,-999.0,-999.0,-999.0,-999.0,0,-999.0,-999.0,-999.0,0,0,0.017922452992644725
PSO J223.8762+05.5814,-999,-999,-999,114692238761698174,3496239000022433,65296387823520,0,15189953421670,11469,1,1467,31,0.41287002844072,3496239,15203,3,268959744,0,32,-999.0,-999.0,-999.0,-999.0,223.87615286,5.58142168,0.23197999596595764,0.23197999596595764,,,,,55757.36533565,-999.0,-0.7174221422331241,-0.6898158634076987,0.09726018931056093,219.6332965839941,21.32313932901549,2.408332709691256,53.46257926912115,-999,0,1,0,0,0,0,1,-999.0,-999.0,-999.0,-999.0,0,-999.0,-999.0,-999.0,-999.0,-999.0,0,-999.0,-999.0,-999.0,0,0,-999.0,-999.0,-999.0,-999.0,0,-999.0,-999.0,-999.0,-999.0,-999.0,0,-999.0,-999.0,-999.0,0,0,-999.0,-999.0,-999.0,-999.0,0,-999.0,-999.0,-999.0,-999.0,-999.0,0,-999.0,-999.0,-999.0,0,0,-999.0,-999.0,-999.0,-999.0,0,-999.0,-999.0,-999.0,-999.0,-999.0,0,-999.0,-999.0,-999.0,0,0,0.689926028251648,20.10890007019043,0.23149900138378143,-999.0,1,20.10890007019043,20.10890007019043,-999.0,-999.0,-999.0,0,20.984800338745117,0.23149900138378143,-999.0,1,4112,0.016962790892517787
PSO J223.8755+05.5763,-999,-999,-999,114692238754732012,3496239000116500,65296387919660,0,15189953472514,11469,1,1467,31,0.958628876096223,3496239,15203,3,1343750144,0,160,223.87547215,5.57629374,0.0010000000474974513,0.0010000000474974513,223.87547215,5.57629374,0.0010000000474974513,0.0010000000474974513,,,,,56067.73321759,-999.0,-0.7174366095444576,-0.6898133703602832,0.09717111380209785,219.6342989774126,21.318051815735103,2.4009726155360536,53.4598309586046,-999,1,0,0,0,0,0,0,-999.0,-999.0,-999.0,-999.0,0,-999.0,-999.0,-999.0,-999.0,-999.0,0,-999.0,-999.0,-999.0,0,114720,-999.0,-999.0,-999.0,-999.0,0,-999.0,-999.0,-999.0,-999.0,-999.0,0,-999.0,-999.0,-999.0,0,16416,-999.0,-999.0,-999.0,-999.0,0,-999.0,-999.0,-999.0,-999.0,-999.0,0,-999.0,-999.0,-999.0,0,16416,-999.0,-999.0,-999.0,-999.0,0,-999.0,-999.0,-999.0,-999.0,-999.0,0,-999.0,-999.0,-999.0,0,16416,-999.0,-999.0,-999.0,-999.0,0,-999.0,-999.0,-999.0,-999.0,-999.0,0,-999.0,-999.0,-999.0,0,16416,0.012822397135391427
PSO J223.8750+05.5786,-999,-999,-999,114692238749724790,3496239000022227,65296387823314,0,15189953424224,11469,1,1467,31,0.986418408329057,3496239,15203,3,268959744,0,32,-999.0,-999.0,-999.0,-999.0,223.87495583,5.57860628,0.20292000472545624,0.20292000472545624,,,,,56043.43508102,-999.0,-0.7174399980078545,-0.689804186339138,0.09721128415718826,219.63301004723826,21.32009391250699,2.403413974054791,53.46170157117546,-999,0,1,0,1,0,0,0,-999.0,-999.0,-999.0,-999.0,0,-999.0,-999.0,-999.0,-999.0,-999.0,0,-999.0,-999.0,-999.0,0,0,0.8238840103149414,22.016199111938477,0.20236599445343018,-999.0,1,22.016199111938477,22.016199111938477,-999.0,-999.0,-999.0,0,22.379499435424805,0.20236599445343018,-999.0,1,4120,-999.0,-999.0,-999.0,-999.0,0,-999.0,-999.0,-999.0,-999.0,-999.0,0,-999.0,-999.0,-999.0,0,0,-999.0,-999.0,-999.0,-999.0,0,-999.0,-999.0,-999.0,-999.0,-999.0,0,-999.0,-999.0,-999.0,0,0,-999.0,-999.0,-999.0,-999.0,0,-999.0,-999.0,-999.0,-999.0,-999.0,0,-999.0,-999.0,-999.0,0,0,0.015028413311936445
PSO J223.8745+05.5763,-999,-999,-999,114692238745561995,3496239000022144,65296387823231,0,15189953418270,11469,1,1467,31,0.975692536659252,3496239,15203,3,268959744,0,32,-999.0,-999.0,-999.0,-999.0,223.87454618,5.57628862,0.21940000355243683,0.21940000355243683,,,,,55694.36315972,-999.0,-0.7174477639394699,-0.6898017816337609,0.09717102486412305,219.633359420556,21.317763280055072,2.399978808822742,53.46053753418241,-999,0,1,0,1,0,0,0,-999.0,-999.0,-999.0,-999.0,0,-999.0,-999.0,-999.0,-999.0,-999.0,0,-999.0,-999.0,-999.0,0,0,0.8222740292549133,21.265300750732422,0.2188819944858551,-999.0,1,21.265300750732422,21.265300750732422,-999.0,-999.0,-999.0,0,24.725500106811523,0.2188819944858551,-999.0,1,4112,-999.0,-999.0,-999.0,-999.0,0,-999.0,-999.0,-999.0,-999.0,-999.0,0,-999.0,-999.0,-999.0,0,0,-999.0,-999.0,-999.0,-999.0,0,-999.0,-999.0,-999.0,-999.0,-999.0,0,-999.0,-999.0,-999.0,0,0,-999.0,-999.0,-999.0,-999.0,0,-999.0,-999.0,-999.0,-999.0,-999.0,0,-999.0,-999.0,-999.0,0,0,0.01337783300347848
PSO J223.8745+05.5788,-999,-999,-999,114692238744774963,3496239000022127,65296387823214,0,15189953424075,11469,1,1467,31,0.117221955319142,3496239,15203,3,268959744,0,32,-999.0,-999.0,-999.0,-999.0,223.87446764,5.57876036,0.2693600058555603,0.2693600058555603,,,,,55694.32836806,-999.0,-0.7174456870236817,-0.6897978921619132,0.0972139606234552,219.63246288693674,21.320090955956548,2.4030928626948116,53.46217408536227,-999,0,1,0,0,1,0,0,-999.0,-999.0,-999.0,-999.0,0,-999.0,-999.0,-999.0,-999.0,-999.0,0,-999.0,-999.0,-999.0,0,0,-999.0,-999.0,-999.0,-999.0,0,-999.0,-999.0,-999.0,-999.0,-999.0,0,-999.0,-999.0,-999.0,0,0,0.6712329983711243,20.929100036621094,0.2689400017261505,-999.0,1,20.929100036621094,20.929100036621094,-999.0,-999.0,-999.0,0,21.432100296020508,0.2689400017261505,-999.0,1,4112,-999.0,-999.0,-999.0,-999.0,0,-999.0,-999.0,-999.0,-999.0,-999.0,0,-999.0,-999.0,-999.0,0,0,-999.0,-999.0,-999.0,-999.0,0,-999.0,-999.0,-999.0,-999.0,-999.0,0,-999.0,-999.0,-999.0,0,0,0.015421166915693556
PSO J223.8741+05.5761,-999,-999,-999,114692238741241789,3496239000022048,65296387823135,0,15189953418344,11469,1,1467,31,0.61789540072707,3496239,15203,3,268959744,0,32,-999.0,-999.0,-999.0,-999.0,223.87411303,5.57611379,0.209089994430542,0.209089994430542,,,,,55694.35231481,-999.0,-0.7174531924826761,-0.6897965632816936,0.09716798794449044,219.63297689022644,21.317464244337664,2.3992908378746525,53.4607580798047,-999,0,1,0,1,0,0,0,-999.0,-999.0,-999.0,-999.0,0,-999.0,-999.0,-999.0,-999.0,-999.0,0,-999.0,-999.0,-999.0,0,0,0.7666230201721191,20.875999450683594,0.20855200290679932,-999.0,1,20.875999450683594,20.875999450683594,-999.0,-999.0,-999.0,0,-999.0,-999.0,-999.0,0,4112,-999.0,-999.0,-999.0,-999.0,0,-999.0,-999.0,-999.0,-999.0,-999.0,0,-999.0,-999.0,-999.0,0,0,-999.0,-999.0,-999.0,-999.0,0,-999.0,-999.0,-999.0,-999.0,-999.0,0,-999.0,-999.0,-999.0,0,0,-999.0,-999.0,-999.0,-999.0,0,-999.0,-999.0,-999.0,-999.0,-999.0,0,-999.0,-999.0,-999.0,0,0,0.013520380797319435
PSO J223.8738+05.5777,-999,-999,-999,114692238737943685,3496239000021983,65296387823070,0,15189953426365,11469,1,1467,31,0.524978897091913,3496239,15203,3,302067712,0,36,-999.0,-999.0,-999.0,-999.0,223.87377418,5.57769442,0.24036000669002533,0.24036000669002533,,,,,55694.32836806,-999.0,-0.717455339332728,-0.6897904621109627,0.09719544456251344,219.63211018789733,21.318864327483567,2.400974469062984,53.46202590180402,-999,0,1,0,0,1,0,0,-999.0,-999.0,-999.0,-999.0,0,-999.0,-999.0,-999.0,-999.0,-999.0,0,-999.0,-999.0,-999.0,0,0,-999.0,-999.0,-999.0,-999.0,0,-999.0,-999.0,-999.0,-999.0,-999.0,0,-999.0,-999.0,-999.0,0,0,0.8541550040245056,20.998300552368164,0.239887997508049,-999.0,1,20.998300552368164,20.998300552368164,-999.0,-999.0,-999.0,1,21.077299118041992,0.239887997508049,-999.0,1,272,-999.0,-999.0,-999.0,-999.0,0,-999.0,-999.0,-999.0,-999.0,-999.0,0,-999.0,-999.0,-999.0,0,0,-999.0,-999.0,-999.0,-999.0,0,-999.0,-999.0,-999.0,-999.0,-999.0,0,-999.0,-999.0,-999.0,0,0,0.014956768323390095
PSO J223.8736+05.5758,-999,-999,-999,114692238736461446,3496239000116465,65296387919625,0,15189953419182,11469,1,1467,31,0.0880677179322277,3496239,15203,3,1343750144,0,160,223.87364848,5.57582161,0.0010000000474974513,0.0010000000474974513,223.87364848,5.57582161,0.0010000000474974513,0.0010000000474974513,,,,,55877.05604167,-999.0,-0.7174591424671193,-0.6897910896141295,0.09716291257109166,219.63260121686247,21.317043936035198,2.3984175688249803,53.460927849162694,-999,1,0,0,0,0,0,0,-999.0,-999.0,-999.0,-999.0,0,-999.0,-999.0,-999.0,-999.0,-999.0,0,-999.0,-999.0,-999.0,0,16416,-999.0,-999.0,-999.0,-999.0,0,-999.0,-999.0,-999.0,-999.0,-999.0,0,-999.0,-999.0,-999.0,0,16416,-999.0,-999.0,-999.0,-999.0,0,-999.0,-999.0,-999.0,-999.0,-999.0,0,-999.0,-999.0,-999.0,0,16416,-999.0,-999.0,-999.0,-999.0,0,-999.0,-999.0,-999.0,-999.0,-999.0,0,-999.0,-999.0,-999.0,0,16416,-999.0,-999.0,-999.0,-999.0,0,-999.0,-999.0,-999.0,-999.0,-999.0,0,-999.0,-999.0,-999.0,0,114720,0.013612619413044745
PSO J223.8734+05.5824,-999,-999,-999,114692238734759280,3496239000021927,65296387823014,0,15189953422915,11469,1,1467,31,0.422003746425736,3496239,15203,3,268959744,0,32,-999.0,-999.0,-999.0,-999.0,223.87339347,5.58237215,0.18232999742031097,0.18232999742031097,,,,,55694.33917824,-999.0,-0.7174542000582548,-0.6897801929288712,0.09727669948029241,219.63017753660174,21.3231983062948,2.406620842340264,53.465300844792125,-999,0,2,0,1,1,0,0,-999.0,-999.0,-999.0,-999.0,0,-999.0,-999.0,-999.0,-999.0,-999.0,0,-999.0,-999.0,-999.0,0,0,0.7537069916725159,21.2908992767334,0.27082300186157227,-999.0,1,21.2908992767334,21.2908992767334,-999.0,-999.0,-999.0,0,-999.0,-999.0,-999.0,0,4112,0.7836120128631592,20.970500946044922,0.24581700563430786,-999.0,1,20.970500946044922,20.970500946044922,-999.0,-999.0,-999.0,0,22.82509994506836,0.24581700563430786,-999.0,1,4112,-999.0,-999.0,-999.0,-999.0,0,-999.0,-999.0,-999.0,-999.0,-999.0,0,-999.0,-999.0,-999.0,0,0,-999.0,-999.0,-999.0,-999.0,0,-999.0,-999.0,-999.0,-999.0,-999.0,0,-999.0,-999.0,-999.0,0,0,0.019056282781226785
PSO J223.8732+05.5760,-999,-999,-999,114692238730591518,3496239000021850,65296387822937,0,15189953419193,11469,1,1467,31,0.207664707868979,3496239,15203,3,1343750144,0,160,223.87320551,5.57596321,0.0010000000474974513,0.0010000000474974513,223.87320551,5.57596321,0.0010000000474974513,0.0010000000474974513,,,,,55877.61681713,-999.0,-0.7174643023132977,-0.6897853762866849,0.09716537226362867,219.63210415489263,21.317042957674158,2.398128474228388,53.46135772821073,-999,1,1,0,1,0,0,0,-999.0,-999.0,-999.0,-999.0,0,-999.0,-999.0,-999.0,-999.0,-999.0,0,-999.0,-999.0,-999.0,0,114720,0.8226649761199951,20.69729995727539,0.13197700679302216,-999.0,1,20.69729995727539,20.69729995727539,-999.0,-999.0,-999.0,0,21.394500732421875,0.13197700679302216,-999.0,1,20528,-999.0,-999.0,-999.0,-999.0,0,-999.0,-999.0,-999.0,-999.0,-999.0,0,-999.0,-999.0,-999.0,0,16416,-999.0,-999.0,-999.0,-999.0,0,-999.0,-999.0,-999.0,-999.0,-999.0,0,-999.0,-999.0,-999.0,0,16416,-999.0,-999.0,-999.0,-999.0,0,-999.0,-999.0,-999.0,-999.0,-999.0,0,-999.0,-999.0,-999.0,0,16416,0.014019194571169671
PSO J223.8728+05.5815,-999,-999,-999,114692238728188290,3496239000021821,65296387822908,0,15189953423266,11469,1,1467,31,0.204275890443731,3496239,15203,3,268959744,0,32,-999.0,-999.0,-999.0,-999.0,223.87280846,5.58153156,0.2146500051021576,0.2146500051021576,,,,,55694.34011574,-999.0,-0.7174622716472097,-0.6897738564618016,0.0972620979860064,219.62986062778396,21.322219307811228,2.4049094893646683,53.46521329000521,-999,0,1,0,0,1,0,0,-999.0,-999.0,-999.0,-999.0,0,-999.0,-999.0,-999.0,-999.0,-999.0,0,-999.0,-999.0,-999.0,0,0,-999.0,-999.0,-999.0,-999.0,0,-999.0,-999.0,-999.0,-999.0,-999.0,0,-999.0,-999.0,-999.0,0,0,0.8372319936752319,21.008800506591797,0.21412700414657593,-999.0,1,21.008800506591797,21.008800506591797,-999.0,-999.0,-999.0,0,21.177099227905273,0.21412700414657593,-999.0,1,4112,-999.0,-999.0,-999.0,-999.0,0,-999.0,-999.0,-999.0,-999.0,-999.0,0,-999.0,-999.0,-999.0,0,0,-999.0,-999.0,-999.0,-999.0,0,-999.0,-999.0,-999.0,-999.0,-999.0,0,-999.0,-999.0,-999.0,0,0,0.018644265123596276
PSO J223.8725+05.5761,-999,-999,-999,114692238725181781,3496239000116439,65296387919599,0,15189953418644,11469,1,1467,31,0.508457009222784,3496239,15203,3,1343750144,0,160,223.87251812,5.57610257,0.0010000000474974513,0.0010000000474974513,223.87251812,5.57610257,0.0010000000474974513,0.0010000000474974513,,,,,56034.2509375,-999.0,-0.7174724073959583,-0.6897766048657884,0.09716779304519581,219.6313593825535,21.316964968141736,2.3975758772404006,53.461973542969815,-999,1,0,0,0,0,0,0,-999.0,-999.0,-999.0,-999.0,0,-999.0,-999.0,-999.0,-999.0,-999.0,0,-999.0,-999.0,-999.0,0,114720,-999.0,-999.0,-999.0,-999.0,0,-999.0,-999.0,-999.0,-999.0,-999.0,0,-999.0,-999.0,-999.0,0,16416,-999.0,-999.0,-999.0,-999.0,0,-999.0,-999.0,-999.0,-999.0,-999.0,0,-999.0,-999.0,-999.0,0,16416,-999.0,-999.0,-999.0,-999.0,0,-999.0,-999.0,-999.0,-999.0,-999.0,0,-999.0,-999.0,-999.0,0,16416,-999.0,-999.0,-999.0,-999.0,0,-999.0,-999.0,-999.0,-999.0,-999.0,0,-999.0,-999.0,-999.0,0,16416,0.01460040400580158
PSO J223.8724+05.5772,-999,-999,-999,114692238723893138,3496239000021749,65296387822836,0,15189953426091,11469,1,1467,31,0.39321105405056,3496239,15203,3,302067712,0,36,-999.0,-999.0,-999.0,-999.0,223.87237147,5.57723368,0.2068600058555603,0.2068600058555603,,,,,55694.34011574,-999.0,-0.7174727899181951,-0.6897734388909237,0.09718744120302014,219.63083657385496,21.317996232725033,2.398882864355271,53.46280735931868,-999,0,1,0,0,1,0,0,-999.0,-999.0,-999.0,-999.0,0,-999.0,-999.0,-999.0,-999.0,-999.0,0,-999.0,-999.0,-999.0,0,0,-999.0,-999.0,-999.0,-999.0,0,-999.0,-999.0,-999.0,-999.0,-999.0,0,-999.0,-999.0,-999.0,0,0,0.8606979846954346,20.99139976501465,0.2063159942626953,-999.0,1,20.99139976501465,20.99139976501465,-999.0,-999.0,-999.0,1,20.629100799560547,0.2063159942626953,-999.0,1,272,-999.0,-999.0,-999.0,-999.0,0,-999.0,-999.0,-999.0,-999.0,-999.0,0,-999.0,-999.0,-999.0,0,0,-999.0,-999.0,-999.0,-999.0,0,-999.0,-999.0,-999.0,-999.0,-999.0,0,-999.0,-999.0,-999.0,0,0,0.015512100479469297
PSO J223.8720+05.5754,-999,-999,-999,114692238719990915,3496239000021680,65296387822767,0,15189953418596,11469,1,1467,31,0.948259204577896,3496239,15203,3,268959744,0,32,-999.0,-999.0,-999.0,-999.0,223.87198607,5.57537711,0.23156000673770905,0.23156000673770905,,,,,56317.68130787,-999.0,-0.7174796995052485,-0.6897707949775166,0.09715519128663816,219.6310582637301,21.316111735105334,2.3960700785241213,53.46191869869967,-999,0,1,0,0,0,0,1,-999.0,-999.0,-999.0,-999.0,0,-999.0,-999.0,-999.0,-999.0,-999.0,0,-999.0,-999.0,-999.0,0,0,-999.0,-999.0,-999.0,-999.0,0,-999.0,-999.0,-999.0,-999.0,-999.0,0,-999.0,-999.0,-999.0,0,0,-999.0,-999.0,-999.0,-999.0,0,-999.0,-999.0,-999.0,-999.0,-999.0,0,-999.0,-999.0,-999.0,0,0,-999.0,-999.0,-999.0,-999.0,0,-999.0,-999.0,-999.0,-999.0,-999.0,0,-999.0,-999.0,-999.0,0,0,0.643231987953186,19.569700241088867,0.23107199370861053,-999.0,1,19.569700241088867,19.569700241088867,-999.0,-999.0,-999.0,0,20.718000411987305,0.23107199370861053,-999.0,1,4120,0.014498509397905153
PSO J223.8715+05.5771,-999,-999,-999,114692238714852965,3496239000021596,65296387822683,0,15189953428767,11469,1,1467,31,0.673491977782447,3496239,15203,3,310456320,0,37,-999.0,-999.0,-999.0,-999.0,223.87146797,5.57709644,0.24749000370502472,0.24749000370502472,,,,,55694.32836806,-999.0,-0.7174838347175979,-0.6897622862739496,0.09718505725194887,219.62996352034946,21.31758886180353,2.3977419885227804,53.4634124308977,-999,0,1,0,0,1,0,0,-999.0,-999.0,-999.0,-999.0,0,-999.0,-999.0,-999.0,-999.0,-999.0,0,-999.0,-999.0,-999.0,0,0,-999.0,-999.0,-999.0,-999.0,0,-999.0,-999.0,-999.0,-999.0,-999.0,0,-999.0,-999.0,-999.0,0,0,0.852258026599884,21.035900115966797,0.24703499674797058,-999.0,1,21.035900115966797,21.035900115966797,-999.0,-999.0,-999.0,1,20.392099380493164,0.24703499674797058,-999.0,1,16777488,-999.0,-999.0,-999.0,-999.0,0,-999.0,-999.0,-999.0,-999.0,-999.0,0,-999.0,-999.0,-999.0,0,0,-999.0,-999.0,-999.0,-999.0,0,-999.0,-999.0,-999.0,-999.0,-999.0,0,-999.0,-999.0,-999.0,0,0,0.01604254647651262
PSO J223.8714+05.5754,-999,-999,-999,114692238714400960,3496239000021583,65296387822670,0,15189953420507,11469,1,1467,31,0.942086086554533,3496239,15203,3,268959744,0,32,-999.0,-999.0,-999.0,-999.0,223.87143014,5.57542341,0.16327999532222748,0.16327999532222748,,,,,55694.35231481,-999.0,-0.7174863355879295,-0.6897637789657144,0.09715599555118588,219.6304778714032,21.315985474409192,2.395537223992817,53.462374379855326,-999,0,1,0,1,0,0,0,-999.0,-999.0,-999.0,-999.0,0,-999.0,-999.0,-999.0,-999.0,-999.0,0,-999.0,-999.0,-999.0,0,0,0.778889000415802,20.618200302124023,0.1625870019197464,-999.0,1,20.618200302124023,20.618200302124023,-999.0,-999.0,-999.0,0,-999.0,-999.0,-999.0,0,4112,-999.0,-999.0,-999.0,-999.0,0,-999.0,-999.0,-999.0,-999.0,-999.0,0,-999.0,-999.0,-999.0,0,0,-999.0,-999.0,-999.0,-999.0,0,-999.0,-999.0,-999.0,-999.0,-999.0,0,-999.0,-999.0,-999.0,0,0,-999.0,-999.0,-999.0,-999.0,0,-999.0,-999.0,-999.0,-999.0,-999.0,0,-999.0,-999.0,-999.0,0,0,0.014950729030760626
PSO J223.8714+05.5767,-999,-999,-999,114692238714092499,3496239000116419,65296387919579,0,15189953425931,11469,1,1467,31,0.0308677749995773,3496239,15203,3,1343750144,0,160,223.87140953,5.57671275,0.0010000000474974513,0.0010000000474974513,223.87140953,5.57671275,0.0010000000474974513,0.0010000000474974513,,,,,55877.61681713,-999.0,-0.7174850074086335,-0.6897620054878724,0.09717839229572207,219.63003089713138,21.317205897955716,2.39718328172447,53.463212517003306,-999,1,0,0,0,0,0,0,-999.0,-999.0,-999.0,-999.0,0,-999.0,-999.0,-999.0,-999.0,-999.0,0,-999.0,-999.0,-999.0,0,114720,-999.0,-999.0,-999.0,-999.0,0,-999.0,-999.0,-999.0,-999.0,-999.0,0,-999.0,-999.0,-999.0,0,16416,-999.0,-999.0,-999.0,-999.0,0,-999.0,-999.0,-999.0,-999.0,-999.0,0,-999.0,-999.0,-999.0,0,16416,-999.0,-999.0,-999.0,-999.0,0,-999.0,-999.0,-999.0,-999.0,-999.0,0,-999.0,-999.0,-999.0,0,16416,-999.0,-999.0,-999.0,-999.0,0,-999.0,-999.0,-999.0,-999.0,-999.0,0,-999.0,-999.0,-999.0,0,16416,0.01581922916730266
PSO J223.8708+05.5793,-999,-999,-999,114692238708495677,3496239000116407,65296387919567,0,15189953428615,11469,1,1467,31,0.751477484359851,3496239,15203,3,1343750144,0,160,223.87084911,5.57934789,0.0010000000474974513,0.0010000000474974513,223.87084911,5.57934789,0.0010000000474974513,0.0010000000474974513,,,,,55971.37297454,-999.0,-0.7174885312788581,-0.6897518894172663,0.09722416638170901,219.6285905042571,21.31954139549549,2.3999950608065563,53.465322744326706,-999,1,0,0,0,0,0,0,-999.0,-999.0,-999.0,-999.0,0,-999.0,-999.0,-999.0,-999.0,-999.0,0,-999.0,-999.0,-999.0,0,114720,-999.0,-999.0,-999.0,-999.0,0,-999.0,-999.0,-999.0,-999.0,-999.0,0,-999.0,-999.0,-999.0,0,16416,-999.0,-999.0,-999.0,-999.0,0,-999.0,-999.0,-999.0,-999.0,-999.0,0,-999.0,-999.0,-999.0,0,16416,-999.0,-999.0,-999.0,-999.0,0,-999.0,-999.0,-999.0,-999.0,-999.0,0,-999.0,-999.0,-999.0,0,16416,-999.0,-999.0,-999.0,-999.0,0,-999.0,-999.0,-999.0,-999.0,-999.0,0,-999.0,-999.0,-999.0,0,16416,0.018094764665387484
PSO J223.8707+05.5751,-999,-999,-999,114692238706560603,3496239000116403,65296387919563,0,15189953420411,11469,1,1467,31,0.98458369354213,3496239,15203,3,1343750144,0,160,223.87066628,5.5751138,0.0010000000474974513,0.0010000000474974513,223.87066628,5.5751138,0.0010000000474974513,0.0010000000474974513,,,,,55928.40103009,-999.0,-0.7174959098340881,-0.6897545773027995,0.09715061739994446,219.62980372302746,21.31545688167734,2.3943222133188473,53.46276244189959,-999,1,0,0,0,0,0,0,-999.0,-999.0,-999.0,-999.0,0,-999.0,-999.0,-999.0,-999.0,-999.0,0,-999.0,-999.0,-999.0,0,114720,-999.0,-999.0,-999.0,-999.0,0,-999.0,-999.0,-999.0,-999.0,-999.0,0,-999.0,-999.0,-999.0,0,16416,-999.0,-999.0,-999.0,-999.0,0,-999.0,-999.0,-999.0,-999.0,-999.0,0,-999.0,-999.0,-999.0,0,16416,-999.0,-999.0,-999.0,-999.0,0,-999.0,-999.0,-999.0,-999.0,-999.0,0,-999.0,-999.0,-999.0,0,16416,-999.0,-999.0,-999.0,-999.0,0,-999.0,-999.0,-999.0,-999.0,-999.0,0,-999.0,-999.0,-999.0,0,16416,0.015355866963696972
PSO J223.8706+05.5768,-999,-999,-999,114692238706222574,3496239000021454,65296387822541,0,15189953427762,11469,1,1467,31,0.427799636896513,3496239,15203,3,268959744,0,32,-999.0,-999.0,-999.0,-999.0,223.87061336,5.57676895,0.25543999671936035,0.25543999671936035,,,,,55694.34011574,-999.0,-0.7174945234088298,-0.6897519693417292,0.09717936852821306,219.6292030306372,21.317015453368143,2.3964070752705213,53.463858675126694,-999,0,1,0,0,1,0,0,-999.0,-999.0,-999.0,-999.0,0,-999.0,-999.0,-999.0,-999.0,-999.0,0,-999.0,-999.0,-999.0,0,0,-999.0,-999.0,-999.0,-999.0,0,-999.0,-999.0,-999.0,-999.0,-999.0,0,-999.0,-999.0,-999.0,0,0,0.8433970212936401,21.212400436401367,0.25499799847602844,-999.0,1,21.212400436401367,21.212400436401367,-999.0,-999.0,-999.0,0,23.35140037536621,0.25499799847602844,-999.0,1,4112,-999.0,-999.0,-999.0,-999.0,0,-999.0,-999.0,-999.0,-999.0,-999.0,0,-999.0,-999.0,-999.0,0,0,-999.0,-999.0,-999.0,-999.0,0,-999.0,-999.0,-999.0,-999.0,-999.0,0,-999.0,-999.0,-999.0,0,0,0.01644316830130917
PSO J223.8706+05.5757,-999,-999,-999,114692238706201335,3496239000021453,65296387822540,0,15189953419984,11469,1,1467,31,0.850612600194861,3496239,15203,3,268959744,0,32,-999.0,-999.0,-999.0,-999.0,223.87058668,5.57572617,0.26249998807907104,0.26249998807907104,,,,,55225.64311343,-999.0,-0.7174961195142703,-0.6897528608603988,0.0971612547101938,219.6295204712111,21.316015131954163,2.395029556530651,53.46321403776871,-999,0,1,0,0,0,1,0,-999.0,-999.0,-999.0,-999.0,0,-999.0,-999.0,-999.0,-999.0,-999.0,0,-999.0,-999.0,-999.0,0,0,-999.0,-999.0,-999.0,-999.0,0,-999.0,-999.0,-999.0,-999.0,-999.0,0,-999.0,-999.0,-999.0,0,0,-999.0,-999.0,-999.0,-999.0,0,-999.0,-999.0,-999.0,-999.0,-999.0,0,-999.0,-999.0,-999.0,0,0,0.8134260177612305,21.221599578857422,0.26207301020622253,-999.0,1,21.221599578857422,21.221599578857422,-999.0,-999.0,-999.0,0,20.667400360107422,0.26207301020622253,-999.0,1,4120,-999.0,-999.0,-999.0,-999.0,0,-999.0,-999.0,-999.0,-999.0,-999.0,0,-999.0,-999.0,-999.0,0,0,0.015793289629866772
PSO J223.8704+05.5808,-999,-999,-999,114692238704357337,3496239000021418,65296387822505,0,15189953427340,11469,1,1467,31,0.18482124729531,3496239,15203,3,436527104,7,52,223.87044385,5.580754,0.0010000000474974513,0.0010000000474974513,223.87043116894608,5.580758462614915,0.004693679345958492,0.004672860069663568,-9.277817975631631,-8.827111694442863,3.5282340915863206,3.5074802965178993,56108.33382285228,4.287887096405029,-0.7174918368518136,-0.6897449966884801,0.0972486688557696,219.62768699610265,21.320752703567404,2.4013630182962458,53.466552591924916,-999,5,65,9,11,14,15,16,0.9995329976081848,21.233400344848633,0.03897399827837944,0.13530799746513367,7,21.070600509643555,21.48979949951172,21.42060089111328,0.08007899671792984,0.22645799815654755,7,21.206899642944336,0.1565220057964325,0.3959270119667053,7,115000,0.9998279809951782,20.241100311279297,0.016992999240756035,0.07781200110912323,11,20.114900588989258,20.356700897216797,20.310699462890625,0.04054199904203415,0.20307999849319458,11,20.250499725341797,0.03522900119423866,0.17905700206756592,11,115000,0.999405026435852,19.804800033569336,0.020747000351548195,0.0802140012383461,11,19.68440055847168,19.921499252319336,20.00349998474121,0.0795070007443428,0.18780000507831573,11,19.849899291992188,0.04334999993443489,0.10029400140047073,11,115000,0.9993659853935242,19.549100875854492,0.020198000594973564,0.07205100357532501,14,19.457300186157227,19.735700607299805,19.646099090576172,0.07307399809360504,0.18430699408054352,14,19.53689956665039,0.0412679985165596,0.12702900171279907,14,115000,0.999180018901825,19.38129997253418,0.025100000202655792,0.16440799832344055,16,19.013999938964844,19.657800674438477,19.552600860595703,0.039845000952482224,0.2063719928264618,16,19.448999404907227,0.036107998341321945,0.25384899973869324,16,115000,0.019432347127790132
PSO J223.8700+05.5805,-999,-999,-999,114692238700027032,3496239000021354,65296387822441,0,15189953426875,11469,1,1467,31,0.329278780454098,3496239,15203,3,276901888,0,33,-999.0,-999.0,-999.0,-999.0,223.86997223,5.58048099,0.02858000062406063,0.02858000062406063,,,,,56487.25688657,-999.0,-0.7174977011944368,-0.6897395759362357,0.097243848998281,219.62732473431674,21.320350825978387,2.400526179089124,53.4667175913387,-999,0,1,0,0,0,0,1,-999.0,-999.0,-999.0,-999.0,0,-999.0,-999.0,-999.0,-999.0,-999.0,0,-999.0,-999.0,-999.0,0,0,-999.0,-999.0,-999.0,-999.0,0,-999.0,-999.0,-999.0,-999.0,-999.0,0,-999.0,-999.0,-999.0,0,0,-999.0,-999.0,-999.0,-999.0,0,-999.0,-999.0,-999.0,-999.0,-999.0,0,-999.0,-999.0,-999.0,0,0,-999.0,-999.0,-999.0,-999.0,0,-999.0,-999.0,-999.0,-999.0,-999.0,0,-999.0,-999.0,-999.0,0,0,0.998790979385376,18.51919937133789,0.02432899922132492,-999.0,1,18.51919937133789,18.51919937133789,17.86050033569336,0.03512699902057648,-999.0,1,17.98080062866211,0.02432899922132492,-999.0,1,16777240,0.019521203024224693
PSO J223.8698+05.5797,-999,-999,-999,114692238697746144,3496239000116385,65296387919545,0,15189953426739,11469,1,1467,31,0.699519357364177,3496239,15203,3,1343750144,0,160,223.86977464,5.57973648,0.0010000000474974513,0.0010000000474974513,223.86977464,5.57973648,0.0010000000474974513,0.0010000000474974513,,,,,56067.73321759,-999.0,-0.7175009907141523,-0.6897379772171275,0.0972309164239193,219.62736990379213,21.31958193247359,2.3993521890423946,53.4663942447122,-999,1,0,0,0,0,0,0,-999.0,-999.0,-999.0,-999.0,0,-999.0,-999.0,-999.0,-999.0,-999.0,0,-999.0,-999.0,-999.0,0,114720,-999.0,-999.0,-999.0,-999.0,0,-999.0,-999.0,-999.0,-999.0,-999.0,0,-999.0,-999.0,-999.0,0,16416,-999.0,-999.0,-999.0,-999.0,0,-999.0,-999.0,-999.0,-999.0,-999.0,0,-999.0,-999.0,-999.0,0,16416,-999.0,-999.0,-999.0,-999.0,0,-999.0,-999.0,-999.0,-999.0,-999.0,0,-999.0,-999.0,-999.0,0,16416,-999.0,-999.0,-999.0,-999.0,0,-999.0,-999.0,-999.0,-999.0,-999.0,0,-999.0,-999.0,-999.0,0,16416,0.019106047697899625
PSO J223.8697+05.5765,-999,-999,-999,114692238697212289,3496239000021311,65296387822398,0,15189953427867,11469,1,1467,31,0.0609109970376929,3496239,15203,3,268959744,0,32,-999.0,-999.0,-999.0,-999.0,223.86971265,5.57653176,0.23005999624729156,0.23005999624729156,,,,,55694.34011574,-999.0,-0.7175056564835677,-0.6897409687827563,0.09717524837482784,219.62836584791881,21.31651383422607,2.395139803191667,53.46439783809519,-999,0,1,0,0,1,0,0,-999.0,-999.0,-999.0,-999.0,0,-999.0,-999.0,-999.0,-999.0,-999.0,0,-999.0,-999.0,-999.0,0,0,-999.0,-999.0,-999.0,-999.0,0,-999.0,-999.0,-999.0,-999.0,-999.0,0,-999.0,-999.0,-999.0,0,0,0.8376200199127197,21.09589958190918,0.22956900298595428,-999.0,1,21.09589958190918,21.09589958190918,-999.0,-999.0,-999.0,1,21.18160057067871,0.22956900298595428,-999.0,1,4112,-999.0,-999.0,-999.0,-999.0,0,-999.0,-999.0,-999.0,-999.0,-999.0,0,-999.0,-999.0,-999.0,0,0,-999.0,-999.0,-999.0,-999.0,0,-999.0,-999.0,-999.0,-999.0,-999.0,0,-999.0,-999.0,-999.0,0,0,0.0169758435907262
PSO J223.8697+05.5757,-999,-999,-999,114692238696731326,3496239000021302,65296387822389,0,15189953419968,11469,1,1467,31,0.850188364135277,3496239,15203,3,268959744,0,32,-999.0,-999.0,-999.0,-999.0,223.869659,5.5757215,0.19810999929904938,0.19810999929904938,,,,,56317.67460648,-999.0,-0.7175072929665285,-0.6897412492280428,0.09716117358895475,219.62857904643218,21.31572648097869,2.3940343393777157,53.46392216742507,-999,0,1,0,0,0,0,1,-999.0,-999.0,-999.0,-999.0,0,-999.0,-999.0,-999.0,-999.0,-999.0,0,-999.0,-999.0,-999.0,0,0,-999.0,-999.0,-999.0,-999.0,0,-999.0,-999.0,-999.0,-999.0,-999.0,0,-999.0,-999.0,-999.0,0,0,-999.0,-999.0,-999.0,-999.0,0,-999.0,-999.0,-999.0,-999.0,-999.0,0,-999.0,-999.0,-999.0,0,0,-999.0,-999.0,-999.0,-999.0,0,-999.0,-999.0,-999.0,-999.0,-999.0,0,-999.0,-999.0,-999.0,0,0,0.7024620175361633,19.977500915527344,0.19753800332546234,-999.0,1,19.977500915527344,19.977500915527344,-999.0,-999.0,-999.0,0,20.22909927368164,0.19753800332546234,-999.0,1,4120,0.01652279487286914
PSO J223.8693+05.5766,-999,-999,-999,114692238693302324,3496239000116378,65296387919538,0,15189953427855,11469,1,1467,31,0.570575047815754,3496239,15203,3,404226048,0,48,223.86933,5.57657701,0.0010000000474974513,0.0010000000474974513,223.86933,5.57657701,0.0010000000474974513,0.0010000000474974513,,,,,55971.37297454,-999.0,-0.7175102075766799,-0.6897361237182215,0.09717603439856903,219.62796193951257,21.316439655350177,2.394790324078125,53.46472001868667,-999,1,0,0,0,0,0,0,-999.0,-999.0,-999.0,-999.0,0,-999.0,-999.0,-999.0,-999.0,-999.0,0,-999.0,-999.0,-999.0,0,16416,-999.0,-999.0,-999.0,-999.0,0,-999.0,-999.0,-999.0,-999.0,-999.0,0,-999.0,-999.0,-999.0,0,16416,-999.0,-999.0,-999.0,-999.0,0,-999.0,-999.0,-999.0,-999.0,-999.0,0,-999.0,-999.0,-999.0,0,114720,-999.0,-999.0,-999.0,-999.0,0,-999.0,-999.0,-999.0,-999.0,-999.0,0,-999.0,-999.0,-999.0,0,16416,-999.0,-999.0,-999.0,-999.0,0,-999.0,-999.0,-999.0,-999.0,-999.0,0,-999.0,-999.0,-999.0,0,16416,0.017302097195713715
PSO J223.8693+05.5749,-999,-999,-999,114692238692920348,3496239000021242,65296387822329,0,15189953419602,11469,1,1467,31,0.908360884439536,3496239,15203,3,268959744,0,32,-999.0,-999.0,-999.0,-999.0,223.86928223,5.57491325,0.2025900036096573,0.2025900036096573,,,,,55694.35231481,-999.0,-0.7175128166416055,-0.6897374807628843,0.09714713369883601,219.6284631353442,21.3148420468938,2.3925869506249295,53.46369545013982,-999,0,1,0,1,0,0,0,-999.0,-999.0,-999.0,-999.0,0,-999.0,-999.0,-999.0,-999.0,-999.0,0,-999.0,-999.0,-999.0,0,0,0.8376129865646362,20.98040008544922,0.20203900337219238,-999.0,1,20.98040008544922,20.98040008544922,20.094600677490234,0.2039099931716919,-999.0,1,20.81279945373535,0.20203900337219238,-999.0,1,4112,-999.0,-999.0,-999.0,-999.0,0,-999.0,-999.0,-999.0,-999.0,-999.0,0,-999.0,-999.0,-999.0,0,0,-999.0,-999.0,-999.0,-999.0,0,-999.0,-999.0,-999.0,-999.0,-999.0,0,-999.0,-999.0,-999.0,0,0,-999.0,-999.0,-999.0,-999.0,0,-999.0,-999.0,-999.0,-999.0,-999.0,0,-999.0,-999.0,-999.0,0,0,0.016366407088249813
PSO J223.8690+05.5799,-999,-999,-999,114692238690026338,3496239000116375,65296387919535,0,15189953415740,11469,1,1467,31,0.0783645837366251,3496239,15203,3,1343750144,0,160,223.86900254,5.57989945,0.0010000000474974513,0.0010000000474974513,223.86900254,5.57989945,0.0010000000474974513,0.0010000000474974513,,,,,55940.11799769,-999.0,-0.7175100859599475,-0.6897281166734355,0.09723374730958734,219.62653121611936,21.319500437976618,2.3987397780287423,53.46709005820453,-999,1,0,0,0,0,0,0,-999.0,-999.0,-999.0,-999.0,0,-999.0,-999.0,-999.0,-999.0,-999.0,0,-999.0,-999.0,-999.0,0,114720,-999.0,-999.0,-999.0,-999.0,0,-999.0,-999.0,-999.0,-999.0,-999.0,0,-999.0,-999.0,-999.0,0,16416,-999.0,-999.0,-999.0,-999.0,0,-999.0,-999.0,-999.0,-999.0,-999.0,0,-999.0,-999.0,-999.0,0,16416,-999.0,-999.0,-999.0,-999.0,0,-999.0,-999.0,-999.0,-999.0,-999.0,0,-999.0,-999.0,-999.0,0,16416,-999.0,-999.0,-999.0,-999.0,0,-999.0,-999.0,-999.0,-999.0,-999.0,0,-999.0,-999.0,-999.0,0,16416,0.019758589525589926
PSO J223.8687+05.5767,-999,-999,-999,114692238686522445,3496239000116368,65296387919528,0,15189953427578,11469,1,1467,31,0.189455174086108,3496239,15203,3,1343750144,0,160,223.8686729,5.57665724,0.0010000000474974513,0.0010000000474974513,223.8686729,5.57665724,0.0010000000474974513,0.0010000000474974513,,,,,55973.32822917,-999.0,-0.717518019708449,-0.6897278005644432,0.09717742804891187,219.62726750034884,21.316314673622134,2.3941934416912076,53.46527488694281,-999,1,0,0,0,0,0,0,-999.0,-999.0,-999.0,-999.0,0,-999.0,-999.0,-999.0,-999.0,-999.0,0,-999.0,-999.0,-999.0,0,114720,-999.0,-999.0,-999.0,-999.0,0,-999.0,-999.0,-999.0,-999.0,-999.0,0,-999.0,-999.0,-999.0,0,16416,-999.0,-999.0,-999.0,-999.0,0,-999.0,-999.0,-999.0,-999.0,-999.0,0,-999.0,-999.0,-999.0,0,16416,-999.0,-999.0,-999.0,-999.0,0,-999.0,-999.0,-999.0,-999.0,-999.0,0,-999.0,-999.0,-999.0,0,16416,-999.0,-999.0,-999.0,-999.0,0,-999.0,-999.0,-999.0,-999.0,-999.0,0,-999.0,-999.0,-999.0,0,16416,0.01786918117611168
PSO J223.8686+05.5763,-999,-999,-999,114692238686452053,3496239000021157,65296387822244,0,15189953419397,11469,1,1467,31,0.553989812316363,3496239,15203,3,268959744,0,32,-999.0,-999.0,-999.0,-999.0,223.86863699,5.57633588,0.23524999618530273,0.23524999618530273,,,,,55694.32836806,-999.0,-0.7175188449239723,-0.6897277285727681,0.0971718458032907,219.62733718689725,21.315997916463427,2.3937393892185566,53.46509744351946,-999,0,1,0,0,1,0,0,-999.0,-999.0,-999.0,-999.0,0,-999.0,-999.0,-999.0,-999.0,-999.0,0,-999.0,-999.0,-999.0,0,0,-999.0,-999.0,-999.0,-999.0,0,-999.0,-999.0,-999.0,-999.0,-999.0,0,-999.0,-999.0,-999.0,0,0,0.82082200050354,20.953800201416016,0.2347699999809265,-999.0,1,20.953800201416016,20.953800201416016,-999.0,-999.0,-999.0,0,22.23189926147461,0.2347699999809265,-999.0,1,4112,-999.0,-999.0,-999.0,-999.0,0,-999.0,-999.0,-999.0,-999.0,-999.0,0,-999.0,-999.0,-999.0,0,0,-999.0,-999.0,-999.0,-999.0,0,-999.0,-999.0,-999.0,-999.0,-999.0,0,-999.0,-999.0,-999.0,0,0,0.017706212621478475
PSO J223.8677+05.5759,-999,-999,-999,114692238677381560,3496239000021013,65296387822100,0,15189953419499,11469,1,1467,31,0.757395904285271,3496239,15203,3,268959744,0,32,-999.0,-999.0,-999.0,-999.0,223.86772503,5.57591598,0.18243999779224396,0.18243999779224396,,,,,56317.67460648,-999.0,-0.7175303364157103,-0.6897168014394793,0.097164551845061,219.62654895247158,21.31531900602926,2.3922236722796857,53.465528665641926,-999,0,1,0,0,0,0,1,-999.0,-999.0,-999.0,-999.0,0,-999.0,-999.0,-999.0,-999.0,-999.0,0,-999.0,-999.0,-999.0,0,0,-999.0,-999.0,-999.0,-999.0,0,-999.0,-999.0,-999.0,-999.0,-999.0,0,-999.0,-999.0,-999.0,0,0,-999.0,-999.0,-999.0,-999.0,0,-999.0,-999.0,-999.0,-999.0,-999.0,0,-999.0,-999.0,-999.0,0,0,-999.0,-999.0,-999.0,-999.0,0,-999.0,-999.0,-999.0,-999.0,-999.0,0,-999.0,-999.0,-999.0,0,0,0.6420570015907288,19.80940055847168,0.18181799352169037,-999.0,1,19.80940055847168,19.80940055847168,-999.0,-999.0,-999.0,0,19.955299377441406,0.18181799352169037,-999.0,1,4120,0.018212254972514507
PSO J223.8675+05.5751,-999,-999,-999,114692238674800573,3496239000116344,65296387919504,0,15189953389749,11469,1,1467,31,0.882552811766558,3496239,15203,3,1343750144,0,160,223.86749111,5.57511232,0.0010000000474974513,0.0010000000474974513,223.86749111,5.57511232,0.0010000000474974513,0.0010000000474974513,,,,,56206.31975694,-999.0,-0.7175341347887579,-0.6897148163893443,0.09715059169125952,219.62657673659115,21.31448270376304,2.3909345097347168,53.46519536017249,-999,1,0,0,0,0,0,0,-999.0,-999.0,-999.0,-999.0,0,-999.0,-999.0,-999.0,-999.0,-999.0,0,-999.0,-999.0,-999.0,0,114720,-999.0,-999.0,-999.0,-999.0,0,-999.0,-999.0,-999.0,-999.0,-999.0,0,-999.0,-999.0,-999.0,0,16416,-999.0,-999.0,-999.0,-999.0,0,-999.0,-999.0,-999.0,-999.0,-999.0,0,-999.0,-999.0,-999.0,0,16416,-999.0,-999.0,-999.0,-999.0,0,-999.0,-999.0,-999.0,-999.0,-999.0,0,-999.0,-999.0,-999.0,0,16416,-999.0,-999.0,-999.0,-999.0,0,-999.0,-999.0,-999.0,-999.0,-999.0,0,-999.0,-999.0,-999.0,0,16416,0.017981861756912278
PSO J223.8671+05.5800,-999,-999,-999,114692238670656434,3496239000020905,65296387821992,0,15189953417085,11469,1,1467,31,0.350622956036239,3496239,15203,3,268959744,0,32,-999.0,-999.0,-999.0,-999.0,223.86705768,5.57998571,0.26855000853538513,0.26855000853538513,,,,,55694.34011574,-999.0,-0.7175333922841597,-0.6897036595172529,0.09723524569668826,219.6245257815582,21.31898664372066,2.396777532507547,53.46863594476553,-999,0,1,0,0,1,0,0,-999.0,-999.0,-999.0,-999.0,0,-999.0,-999.0,-999.0,-999.0,-999.0,0,-999.0,-999.0,-999.0,0,0,-999.0,-999.0,-999.0,-999.0,0,-999.0,-999.0,-999.0,-999.0,-999.0,0,-999.0,-999.0,-999.0,0,0,0.7301300168037415,21.141199111938477,0.2681350111961365,-999.0,1,21.141199111938477,21.141199111938477,-999.0,-999.0,-999.0,0,22.6830997467041,0.2681350111961365,-999.0,1,4112,-999.0,-999.0,-999.0,-999.0,0,-999.0,-999.0,-999.0,-999.0,-999.0,0,-999.0,-999.0,-999.0,0,0,-999.0,-999.0,-999.0,-999.0,0,-999.0,-999.0,-999.0,-999.0,-999.0,0,-999.0,-999.0,-999.0,0,0,0.0212251280145755
PSO J223.8668+05.5759,-999,-999,-999,114692238667741513,3496239000020854,65296387821941,0,15189953389594,11469,1,1467,31,0.0880762562975998,3496239,15203,3,268959744,0,32,-999.0,-999.0,-999.0,-999.0,223.86676293,5.57587461,0.2927600145339966,0.2927600145339966,,,,,56317.68130787,-999.0,-0.7175419684896168,-0.6897048013246512,0.09716383321879152,219.62558467708553,21.314984879464344,2.3911441738428105,53.466239749179586,-999,0,1,0,0,0,0,1,-999.0,-999.0,-999.0,-999.0,0,-999.0,-999.0,-999.0,-999.0,-999.0,0,-999.0,-999.0,-999.0,0,0,-999.0,-999.0,-999.0,-999.0,0,-999.0,-999.0,-999.0,-999.0,-999.0,0,-999.0,-999.0,-999.0,0,0,-999.0,-999.0,-999.0,-999.0,0,-999.0,-999.0,-999.0,-999.0,-999.0,0,-999.0,-999.0,-999.0,0,0,-999.0,-999.0,-999.0,-999.0,0,-999.0,-999.0,-999.0,-999.0,-999.0,0,-999.0,-999.0,-999.0,0,0,0.5765330195426941,19.739700317382812,0.2923789918422699,-999.0,1,19.739700317382812,19.739700317382812,-999.0,-999.0,-999.0,0,21.69179916381836,0.2923789918422699,-999.0,1,4120,0.01899711199881495
PSO J223.8656+05.5816,-999,-999,-999,114692238656248341,3496239000116312,65296387919472,0,15189953413807,11469,1,1467,31,0.708498024110215,3496239,15203,3,1343750144,0,160,223.86563784,5.58156859,0.0010000000474974513,0.0010000000474974513,223.86563784,5.58156859,0.0010000000474974513,0.0010000000474974513,,,,,55947.65574074,-999.0,-0.7175485465466346,-0.6896840164305169,0.09726274121719397,219.6225594514059,21.320057629824003,2.3973115950009887,53.47073387922582,-999,1,0,0,0,0,0,0,-999.0,-999.0,-999.0,-999.0,0,-999.0,-999.0,-999.0,-999.0,-999.0,0,-999.0,-999.0,-999.0,0,16416,-999.0,-999.0,-999.0,-999.0,0,-999.0,-999.0,-999.0,-999.0,-999.0,0,-999.0,-999.0,-999.0,0,16416,-999.0,-999.0,-999.0,-999.0,0,-999.0,-999.0,-999.0,-999.0,-999.0,0,-999.0,-999.0,-999.0,0,16416,-999.0,-999.0,-999.0,-999.0,0,-999.0,-999.0,-999.0,-999.0,-999.0,0,-999.0,-999.0,-999.0,0,114720,-999.0,-999.0,-999.0,-999.0,0,-999.0,-999.0,-999.0,-999.0,-999.0,0,-999.0,-999.0,-999.0,0,16416,0.023334133858454047
PSO J223.8649+05.5814,-999,-999,-999,114692238649178073,3496239000020580,65296387821667,0,15189953414131,11469,1,1467,31,0.631694829679741,3496239,15203,3,268959744,0,32,-999.0,-999.0,-999.0,-999.0,223.86491427,5.58136366,0.24876999855041504,0.24876999855041504,,,,,55693.48083333,-999.0,-0.7175575070957501,-0.6896751957480004,0.09725918147141639,219.62189167590205,21.319640954875137,2.3962747958194535,53.47115783961873,-999,0,1,1,0,0,0,0,0.7024189829826355,18.505399703979492,0.24831600487232208,-999.0,1,18.505399703979492,18.505399703979492,-999.0,-999.0,-999.0,0,18.936599731445312,0.24831600487232208,-999.0,1,4112,-999.0,-999.0,-999.0,-999.0,0,-999.0,-999.0,-999.0,-999.0,-999.0,0,-999.0,-999.0,-999.0,0,0,-999.0,-999.0,-999.0,-999.0,0,-999.0,-999.0,-999.0,-999.0,-999.0,0,-999.0,-999.0,-999.0,0,0,-999.0,-999.0,-999.0,-999.0,0,-999.0,-999.0,-999.0,-999.0,-999.0,0,-999.0,-999.0,-999.0,0,0,-999.0,-999.0,-999.0,-999.0,0,-999.0,-999.0,-999.0,-999.0,-999.0,0,-999.0,-999.0,-999.0,0,0,0.023738242005744342
PSO J223.8636+05.5766,-999,-999,-999,114692238635592197,3496239000020396,65296387821483,0,15189953382942,11469,1,1467,31,0.36417121008427,3496239,15203,3,1343750144,0,160,223.86357558,5.57656443,0.0010000000474974513,0.0010000000474974513,223.86357558,5.57656443,0.0010000000474974513,0.0010000000474974513,,,,,55940.11799769,-999.0,-0.7175794920061326,-0.6896640729088275,0.09717581587528973,219.62211690304616,21.314664637102343,2.388637447629599,53.46912288723454,-999,1,1,0,0,0,0,1,-999.0,-999.0,-999.0,-999.0,0,-999.0,-999.0,-999.0,-999.0,-999.0,0,-999.0,-999.0,-999.0,0,114720,-999.0,-999.0,-999.0,-999.0,0,-999.0,-999.0,-999.0,-999.0,-999.0,0,-999.0,-999.0,-999.0,0,16416,-999.0,-999.0,-999.0,-999.0,0,-999.0,-999.0,-999.0,-999.0,-999.0,0,-999.0,-999.0,-999.0,0,16416,-999.0,-999.0,-999.0,-999.0,0,-999.0,-999.0,-999.0,-999.0,-999.0,0,-999.0,-999.0,-999.0,0,16416,0.5463110208511353,19.63719940185547,0.1642719954252243,-999.0,1,19.63719940185547,19.63719940185547,-999.0,-999.0,-999.0,0,22.10460090637207,0.1642719954252243,-999.0,1,20536,0.022084792788459047
PSO J223.8631+05.5751,-999,-999,-999,114692238631300536,3496239000020334,65296387821421,0,15189953395877,11469,1,1467,31,0.943491075135294,3496239,15203,3,268959744,0,32,-999.0,-999.0,-999.0,-999.0,223.86312391,5.57505862,0.21352000534534454,0.21352000534534454,,,,,55399.26950231,-999.0,-0.7175867698093235,-0.689660185579512,0.09714965888284968,219.62215540037855,21.313093568241715,2.3862075471235134,53.46850855519996,-999,0,1,0,0,0,1,0,-999.0,-999.0,-999.0,-999.0,0,-999.0,-999.0,-999.0,-999.0,-999.0,0,-999.0,-999.0,-999.0,0,0,-999.0,-999.0,-999.0,-999.0,0,-999.0,-999.0,-999.0,-999.0,-999.0,0,-999.0,-999.0,-999.0,0,0,-999.0,-999.0,-999.0,-999.0,0,-999.0,-999.0,-999.0,-999.0,-999.0,0,-999.0,-999.0,-999.0,0,0,0.6549370288848877,18.092500686645508,0.21299099922180176,-999.0,1,18.092500686645508,18.092500686645508,-999.0,-999.0,-999.0,0,18.325899124145508,0.21299099922180176,-999.0,1,4112,-999.0,-999.0,-999.0,-999.0,0,-999.0,-999.0,-999.0,-999.0,-999.0,0,-999.0,-999.0,-999.0,0,0,0.021804512074398614
PSO J223.8629+05.5754,-999,-999,-999,114692238629160952,3496239000020294,65296387821381,0,15189953395931,11469,1,1467,31,0.453340435822811,3496239,15203,3,268959744,0,32,-999.0,-999.0,-999.0,-999.0,223.86292475,5.57542398,0.22665999829769135,0.22665999829769135,,,,,55399.25851852,-999.0,-0.7175887203900727,-0.689657261959484,0.09715600545249851,219.62183222994335,21.31338016264873,2.386467819116162,53.46889426876553,-999,0,1,0,0,0,1,0,-999.0,-999.0,-999.0,-999.0,0,-999.0,-999.0,-999.0,-999.0,-999.0,0,-999.0,-999.0,-999.0,0,0,-999.0,-999.0,-999.0,-999.0,0,-999.0,-999.0,-999.0,-999.0,-999.0,0,-999.0,-999.0,-999.0,0,0,-999.0,-999.0,-999.0,-999.0,0,-999.0,-999.0,-999.0,-999.0,-999.0,0,-999.0,-999.0,-999.0,0,0,0.6780629754066467,20.419300079345703,0.22616800665855408,-999.0,1,20.419300079345703,20.419300079345703,-999.0,-999.0,-999.0,0,20.90530014038086,0.22616800665855408,-999.0,1,4112,-999.0,-999.0,-999.0,-999.0,0,-999.0,-999.0,-999.0,-999.0,-999.0,0,-999.0,-999.0,-999.0,0,0,0.022139396511608428
PSO J223.8628+05.5788,-999,-999,-999,114692238627705020,3496239000116267,65296387919427,0,15189953384234,11469,1,1467,31,0.13078766328356,3496239,15203,3,1343750144,0,160,223.86280845,5.57880377,0.0010000000474974513,0.0010000000474974513,223.86280845,5.57880377,0.0010000000474974513,0.0010000000474974513,,,,,56066.2419213,-999.0,-0.7175859869015366,-0.6896518329213617,0.0972147146822629,219.62059712802116,21.316560172140626,2.3907166529843926,53.47113928128967,-999,1,0,0,0,0,0,0,-999.0,-999.0,-999.0,-999.0,0,-999.0,-999.0,-999.0,-999.0,-999.0,0,-999.0,-999.0,-999.0,0,114720,-999.0,-999.0,-999.0,-999.0,0,-999.0,-999.0,-999.0,-999.0,-999.0,0,-999.0,-999.0,-999.0,0,16416,-999.0,-999.0,-999.0,-999.0,0,-999.0,-999.0,-999.0,-999.0,-999.0,0,-999.0,-999.0,-999.0,0,16416,-999.0,-999.0,-999.0,-999.0,0,-999.0,-999.0,-999.0,-999.0,-999.0,0,-999.0,-999.0,-999.0,0,16416,-999.0,-999.0,-999.0,-999.0,0,-999.0,-999.0,-999.0,-999.0,-999.0,0,-999.0,-999.0,-999.0,0,16416,0.023888734856479986
PSO J223.8622+05.5775,-999,-999,-999,114692238621523442,3496239000116257,65296387919417,0,15189953383580,11469,1,1467,31,0.37438746204077,3496239,15203,3,1343750144,0,160,223.86215193,5.57748547,0.0010000000474974513,0.0010000000474974513,223.86215193,5.57748547,0.0010000000474974513,0.0010000000474974513,,,,,56034.2509375,-999.0,-0.7175955017354209,-0.6896451602043308,0.09719181496315743,219.62036545493555,21.315104740689144,2.3883107316565093,53.47080161617931,-999,1,0,0,0,0,0,0,-999.0,-999.0,-999.0,-999.0,0,-999.0,-999.0,-999.0,-999.0,-999.0,0,-999.0,-999.0,-999.0,0,114720,-999.0,-999.0,-999.0,-999.0,0,-999.0,-999.0,-999.0,-999.0,-999.0,0,-999.0,-999.0,-999.0,0,16416,-999.0,-999.0,-999.0,-999.0,0,-999.0,-999.0,-999.0,-999.0,-999.0,0,-999.0,-999.0,-999.0,0,16416,-999.0,-999.0,-999.0,-999.0,0,-999.0,-999.0,-999.0,-999.0,-999.0,0,-999.0,-999.0,-999.0,0,16416,-999.0,-999.0,-999.0,-999.0,0,-999.0,-999.0,-999.0,-999.0,-999.0,0,-999.0,-999.0,-999.0,0,16416,0.023770698363733363
PSO J223.8621+05.5749,-999,-999,-999,114692238620710295,3496239000116256,65296387919416,0,15189953396619,11469,1,1467,31,0.82734063717289,3496239,15203,3,1343750144,0,160,223.86206995,5.57486293,0.0010000000474974513,0.0010000000474974513,223.86206995,5.57486293,0.0010000000474974513,0.0010000000474974513,,,,,55848.97178241,-999.0,-0.7175996952697441,-0.6896472153165528,0.0971462596032128,219.62114877030353,21.312584452233803,2.3848302513876685,53.46919155641494,-999,1,0,0,0,0,0,0,-999.0,-999.0,-999.0,-999.0,0,-999.0,-999.0,-999.0,-999.0,-999.0,0,-999.0,-999.0,-999.0,0,114720,-999.0,-999.0,-999.0,-999.0,0,-999.0,-999.0,-999.0,-999.0,-999.0,0,-999.0,-999.0,-999.0,0,16416,-999.0,-999.0,-999.0,-999.0,0,-999.0,-999.0,-999.0,-999.0,-999.0,0,-999.0,-999.0,-999.0,0,16416,-999.0,-999.0,-999.0,-999.0,0,-999.0,-999.0,-999.0,-999.0,-999.0,0,-999.0,-999.0,-999.0,0,16416,-999.0,-999.0,-999.0,-999.0,0,-999.0,-999.0,-999.0,-999.0,-999.0,0,-999.0,-999.0,-999.0,0,16416,0.02268234513785852
PSO J223.8618+05.5789,-999,-999,-999,114692238618285190,3496239000020136,65296387821223,0,15189953384186,11469,1,1467,31,0.729675229387055,3496239,15203,3,268959744,0,32,-999.0,-999.0,-999.0,-999.0,223.86182128,5.57893652,0.22830000519752502,0.22830000519752502,,,,,55399.26950231,-999.0,-0.7175977066571164,-0.6896393131919202,0.09721702063231336,219.619549835284,21.316384002054434,2.3898355579144197,53.471980632952835,-999,0,1,0,0,0,1,0,-999.0,-999.0,-999.0,-999.0,0,-999.0,-999.0,-999.0,-999.0,-999.0,0,-999.0,-999.0,-999.0,0,0,-999.0,-999.0,-999.0,-999.0,0,-999.0,-999.0,-999.0,-999.0,-999.0,0,-999.0,-999.0,-999.0,0,0,-999.0,-999.0,-999.0,-999.0,0,-999.0,-999.0,-999.0,-999.0,-999.0,0,-999.0,-999.0,-999.0,0,0,0.6808249950408936,18.12579917907715,0.22780799865722656,-999.0,1,18.12579917907715,18.12579917907715,-999.0,-999.0,-999.0,0,18.282400131225586,0.22780799865722656,-999.0,1,4112,-999.0,-999.0,-999.0,-999.0,0,-999.0,-999.0,-999.0,-999.0,-999.0,0,-999.0,-999.0,-999.0,0,0,0.024790577438777252
PSO J223.8612+05.5782,-999,-999,-999,114692238612194294,3496239000116243,65296387919403,0,15189953382074,11469,1,1467,31,0.375022743246539,3496239,15203,3,1343750144,0,160,223.8612199,5.57819545,0.0010000000474974513,0.0010000000474974513,223.8612199,5.57819545,0.0010000000474974513,0.0010000000474974513,,,,,55971.37297454,-999.0,-0.7176058516761677,-0.6896326524278696,0.09720414777890493,219.61918345995315,21.315494658824733,2.3882352710475807,53.47196888961263,-999,1,0,0,0,0,0,0,-999.0,-999.0,-999.0,-999.0,0,-999.0,-999.0,-999.0,-999.0,-999.0,0,-999.0,-999.0,-999.0,0,114720,-999.0,-999.0,-999.0,-999.0,0,-999.0,-999.0,-999.0,-999.0,-999.0,0,-999.0,-999.0,-999.0,0,16416,-999.0,-999.0,-999.0,-999.0,0,-999.0,-999.0,-999.0,-999.0,-999.0,0,-999.0,-999.0,-999.0,0,16416,-999.0,-999.0,-999.0,-999.0,0,-999.0,-999.0,-999.0,-999.0,-999.0,0,-999.0,-999.0,-999.0,0,16416,-999.0,-999.0,-999.0,-999.0,0,-999.0,-999.0,-999.0,-999.0,-999.0,0,-999.0,-999.0,-999.0,0,16416,0.024927369532653863
PSO J223.8610+05.5814,-999,-999,-999,114692238609778160,3496239000116237,65296387919397,0,15189953889110,11469,1,1467,31,0.105862246924883,3496239,15203,3,1343750144,0,160,223.86097768,5.58142846,0.0010000000474974513,0.0010000000474974513,223.86097768,5.58142846,0.0010000000474974513,0.0010000000474974513,,,,,55973.32822917,-999.0,-0.7176048112298749,-0.6896258170674027,0.09726030708286397,219.61786880827074,21.318496418389376,2.392160279838026,53.47421673243402,-999,1,0,0,0,0,0,0,-999.0,-999.0,-999.0,-999.0,0,-999.0,-999.0,-999.0,-999.0,-999.0,0,-999.0,-999.0,-999.0,0,114720,-999.0,-999.0,-999.0,-999.0,0,-999.0,-999.0,-999.0,-999.0,-999.0,0,-999.0,-999.0,-999.0,0,16416,-999.0,-999.0,-999.0,-999.0,0,-999.0,-999.0,-999.0,-999.0,-999.0,0,-999.0,-999.0,-999.0,0,16416,-999.0,-999.0,-999.0,-999.0,0,-999.0,-999.0,-999.0,-999.0,-999.0,0,-999.0,-999.0,-999.0,0,16416,-999.0,-999.0,-999.0,-999.0,0,-999.0,-999.0,-999.0,-999.0,-999.0,0,-999.0,-999.0,-999.0,0,16416,0.026868447503551437
PSO J223.9004+05.5835,-999,-999,-999,114702239004470674,3496239000026259,65296387827346,0,15189956841110,11470,1,1467,31,0.157670991642094,3496239,15203,3,268959744,0,32,-999.0,-999.0,-999.0,-999.0,223.90044396,5.58349365,0.06266999989748001,0.06266999989748001,,,,,56822.41376157,-999.0,-0.7171270888921614,-0.690117520164218,0.09729618049771578,219.6573057690966,21.33255090907537,2.4368972517535212,53.44527462766251,-999,0,1,0,0,1,0,0,-999.0,-999.0,-999.0,-999.0,0,-999.0,-999.0,-999.0,-999.0,-999.0,0,-999.0,-999.0,-999.0,0,0,-999.0,-999.0,-999.0,-999.0,0,-999.0,-999.0,-999.0,-999.0,-999.0,0,-999.0,-999.0,-999.0,0,0,0.47619301080703735,19.042499542236328,0.060844000428915024,-999.0,1,19.042499542236328,19.042499542236328,-999.0,-999.0,-999.0,0,19.062700271606445,0.060844000428915024,-999.0,1,4112,-999.0,-999.0,-999.0,-999.0,0,-999.0,-999.0,-999.0,-999.0,-999.0,0,-999.0,-999.0,-999.0,0,0,-999.0,-999.0,-999.0,-999.0,0,-999.0,-999.0,-999.0,-999.0,-999.0,0,-999.0,-999.0,-999.0,0,0,0.024726081474996373
PSO J223.9003+05.5889,-999,-999,-999,114702239005187414,3496239000026273,65296387827360,0,15189956786204,11470,1,1467,31,0.0209010802404034,3496239,15203,3,436285440,0,52,223.90076399,5.58891308,0.0010000000474974513,0.0010000000474974513,223.90030854,5.58893573,0.1661199927330017,0.1661199927330017,,,,,56721.6040625,-999.0,-0.7171220578939309,-0.6901094140574797,0.09739071162701003,219.65537034118802,21.33768747874595,2.44379419260114,53.448847049691175,-999,10,3,1,2,0,0,0,0.9993709921836853,21.353200912475586,0.1654369980096817,-999.0,1,21.353200912475586,21.353200912475586,20.006799697875977,0.11867699772119522,-999.0,1,20.148399353027344,0.1654369980096817,-999.0,1,16892216,0.7574359774589539,21.228900909423828,0.07880699634552002,0.11147599667310715,2,21.148399353027344,21.305999755859375,-999.0,-999.0,-999.0,0,21.185100555419922,0.14328399300575256,0.2026890069246292,2,118832,-999.0,-999.0,-999.0,-999.0,0,-999.0,-999.0,-999.0,-999.0,-999.0,0,-999.0,-999.0,-999.0,0,114720,-999.0,-999.0,-999.0,-999.0,0,-999.0,-999.0,-999.0,-999.0,-999.0,0,-999.0,-999.0,-999.0,0,114720,-999.0,-999.0,-999.0,-999.0,0,-999.0,-999.0,-999.0,-999.0,-999.0,0,-999.0,-999.0,-999.0,0,114720,0.02877418158117616
PSO J223.9006+05.5885,-999,-999,-999,114702239006426706,3496239000026293,65296387827380,0,15189956786189,11470,1,1467,31,0.462152744142481,3496239,15203,3,277348352,0,33,-999.0,-999.0,-999.0,-999.0,223.90062899,5.58854592,0.14943000674247742,0.14943000674247742,,,,,56384.59559028,-999.0,-0.7171186755761614,-0.6901138842776523,0.09738394049895167,219.65582490054862,21.33741471878785,2.4436311045124635,53.44835285070492,-999,0,1,0,0,1,0,0,-999.0,-999.0,-999.0,-999.0,0,-999.0,-999.0,-999.0,-999.0,-999.0,0,-999.0,-999.0,-999.0,0,0,-999.0,-999.0,-999.0,-999.0,0,-999.0,-999.0,-999.0,-999.0,-999.0,0,-999.0,-999.0,-999.0,0,0,0.7186020016670227,20.95509910583496,0.1486700028181076,-999.0,1,20.95509910583496,20.95509910583496,20.593000411987305,0.14552100002765656,-999.0,1,20.501800537109375,0.1486700028181076,-999.0,1,16781336,-999.0,-999.0,-999.0,-999.0,0,-999.0,-999.0,-999.0,-999.0,-999.0,0,-999.0,-999.0,-999.0,0,0,-999.0,-999.0,-999.0,-999.0,0,-999.0,-999.0,-999.0,-999.0,-999.0,0,-999.0,-999.0,-999.0,0,0,0.02865706173624796
PSO J223.9007+05.5893,-999,-999,-999,114702239008387762,3496239000026327,65296387827414,0,15189956778199,11470,1,1467,31,0.154580759959836,3496239,15203,3,268959744,0,32,-999.0,-999.0,-999.0,-999.0,223.90074866,5.58926935,0.14624999463558197,0.14624999463558197,,,,,56427.32984954,-999.0,-0.7171163481479229,-0.6901145294073677,0.09739650671268583,219.65570757499276,21.338139696893197,2.4446946357383297,53.448722127720835,-999,0,3,0,0,2,0,1,-999.0,-999.0,-999.0,-999.0,0,-999.0,-999.0,-999.0,-999.0,-999.0,0,-999.0,-999.0,-999.0,0,0,-999.0,-999.0,-999.0,-999.0,0,-999.0,-999.0,-999.0,-999.0,-999.0,0,-999.0,-999.0,-999.0,0,0,0.8127149939537048,21.832700729370117,0.15738500654697418,0.22974300384521484,2,21.715599060058594,22.030399322509766,-999.0,-999.0,-999.0,0,21.64299964904785,0.3179669976234436,0.4721370041370392,2,4120,-999.0,-999.0,-999.0,-999.0,0,-999.0,-999.0,-999.0,-999.0,-999.0,0,-999.0,-999.0,-999.0,0,0,0.49548399448394775,19.406099319458008,0.28655698895454407,-999.0,1,19.406099319458008,19.406099319458008,-999.0,-999.0,-999.0,0,20.671199798583984,0.28655698895454407,-999.0,1,4112,0.029304038058731177
PSO J223.9008+05.5889,-999,-999,-999,114702239008416997,3496239000026329,65296387827416,0,15189956778039,11470,1,1467,31,0.0900543211866676,3496239,15203,3,310697984,7,37,-999.0,-999.0,-999.0,-999.0,223.90075422158822,5.588918146857768,0.008844190600994953,0.008844190600994953,-2.693701299841278,-39.35502164965796,6.910392899150382,6.910392899150382,56040.14139417904,7.9086503982543945,-0.717116711314721,-0.690115012974607,0.09739040620213668,219.65582817814766,21.337797027500837,2.4442295697331673,53.44849119290032,-999,0,43,5,5,7,12,14,0.9997159838676453,21.38629913330078,0.09840399771928787,0.21124599874019623,5,21.111099243164062,21.613399505615234,20.773399353027344,0.09181900322437286,0.4306670129299164,5,20.670900344848633,0.17263899743556976,0.45578500628471375,5,16777496,0.9982410073280334,21.056699752807617,0.04131799936294556,0.058469999581575394,2,21.01689910888672,21.09950065612793,20.284400939941406,0.026318000629544258,0.03730599954724312,2,20.350500106811523,0.02735700085759163,0.038715001195669174,2,16777496,0.9681130051612854,20.40220069885254,0.0699009969830513,0.1426980048418045,3,20.24410057067871,20.402799606323242,19.986400604248047,0.06019600108265877,-999.0,1,19.976499557495117,0.02814600057899952,0.06533099710941315,3,16777496,0.9996209740638733,20.027799606323242,0.022537000477313995,0.15230000019073486,9,19.725299835205078,20.096599578857422,19.186100006103516,0.03137499839067459,0.10141800343990326,11,19.35890007019043,0.05801500007510185,0.15711799263954163,11,16777496,0.9996299743652344,19.753599166870117,0.03634500131011009,0.11818700283765793,12,19.51300048828125,19.88789939880371,19.009300231933594,0.052021000534296036,0.26187199354171753,14,19.090299606323242,0.040219999849796295,0.14019200205802917,14,16777496,0.029027961644015027
PSO J223.9008+05.5874,-999,-999,-999,114702239008475326,3496239000116997,65296387920157,0,15189956839669,11470,1,1467,31,0.125483787735443,3496239,15203,3,1343750144,0,160,223.90084151,5.58740667,0.0010000000474974513,0.0010000000474974513,223.90084151,5.58740667,0.0010000000474974513,0.0010000000474974513,,,,,55877.70976852,-999.0,-0.7171175108962485,-0.6901178867430102,0.0973641513254778,219.6564173082489,21.33639582661545,2.442383371953822,53.447463782472305,-999,2,0,0,0,0,0,0,-999.0,-999.0,-999.0,-999.0,0,-999.0,-999.0,-999.0,-999.0,-999.0,0,-999.0,-999.0,-999.0,0,114720,-999.0,-999.0,-999.0,-999.0,0,-999.0,-999.0,-999.0,-999.0,-999.0,0,-999.0,-999.0,-999.0,0,16416,-999.0,-999.0,-999.0,-999.0,0,-999.0,-999.0,-999.0,-999.0,-999.0,0,-999.0,-999.0,-999.0,0,16416,-999.0,-999.0,-999.0,-999.0,0,-999.0,-999.0,-999.0,-999.0,-999.0,0,-999.0,-999.0,-999.0,0,16416,-999.0,-999.0,-999.0,-999.0,0,-999.0,-999.0,-999.0,-999.0,-999.0,0,-999.0,-999.0,-999.0,0,16416,0.02789922238286379
PSO J223.9010+05.5891,-999,-999,-999,114702239010157347,3496239000026363,65296387827450,0,15189956778034,11470,1,1467,31,0.258721498082133,3496239,15203,3,302067712,0,36,-999.0,-999.0,-999.0,-999.0,223.90099061,5.58906286,0.17831000685691833,0.17831000685691833,,,,,56392.52778935,-999.0,-0.7171136868211903,-0.6901178010484558,0.09739291991599713,219.6560217680139,21.338017321647634,2.4446851370623865,53.44840496746241,-999,0,3,1,0,2,0,0,0.9970690011978149,21.835800170898438,0.17767800390720367,-999.0,1,21.835800170898438,21.835800170898438,21.36989974975586,0.2198520004749298,-999.0,1,21.232099533081055,0.17767800390720367,-999.0,1,16777496,-999.0,-999.0,-999.0,-999.0,0,-999.0,-999.0,-999.0,-999.0,-999.0,0,-999.0,-999.0,-999.0,0,0,0.5571659803390503,21.263399124145508,0.2510190010070801,0.3781000077724457,2,20.920400619506836,21.422399520874023,20.84749984741211,0.19623200595378876,-999.0,1,21.290199279785156,0.36090800166130066,0.5714240074157715,2,4120,-999.0,-999.0,-999.0,-999.0,0,-999.0,-999.0,-999.0,-999.0,-999.0,0,-999.0,-999.0,-999.0,0,0,-999.0,-999.0,-999.0,-999.0,0,-999.0,-999.0,-999.0,-999.0,-999.0,0,-999.0,-999.0,-999.0,0,0,0.029286153697229683
PSO J223.9013+05.5887,-999,-999,-999,114702239013017157,3496239000026403,65296387827490,0,15189956846652,11470,1,1467,31,0.775019543035905,3496239,15203,3,268959744,0,32,-999.0,-999.0,-999.0,-999.0,223.90131917,5.5887367,0.17226000130176544,0.17226000130176544,,,,,56822.40961806,-999.0,-0.7171101288250762,-0.690122297723224,0.09738725441093578,219.65646354568753,21.33780760584818,2.444613037118376,53.447945114931656,-999,0,2,0,0,2,0,0,-999.0,-999.0,-999.0,-999.0,0,-999.0,-999.0,-999.0,-999.0,-999.0,0,-999.0,-999.0,-999.0,0,0,-999.0,-999.0,-999.0,-999.0,0,-999.0,-999.0,-999.0,-999.0,-999.0,0,-999.0,-999.0,-999.0,0,0,0.5043709874153137,20.534700393676758,0.12889300286769867,0.19425000250339508,2,20.45330047607422,20.71109962463379,21.35610008239746,0.13493900001049042,0.19903099536895752,2,21.0625,0.11093799769878387,0.1669989973306656,2,4112,-999.0,-999.0,-999.0,-999.0,0,-999.0,-999.0,-999.0,-999.0,-999.0,0,-999.0,-999.0,-999.0,0,0,-999.0,-999.0,-999.0,-999.0,0,-999.0,-999.0,-999.0,-999.0,-999.0,0,-999.0,-999.0,-999.0,0,0,0.02923157859794259
PSO J223.9021+05.5899,-999,-999,-999,114702239019888314,3496239000026510,65296387827597,0,15189956847437,11470,1,1467,31,0.775820405945015,3496239,15203,3,268959744,0,32,-999.0,-999.0,-999.0,-999.0,223.9021478,5.58992638,0.1493699997663498,0.1493699997663498,,,,,56398.56576389,-999.0,-0.7170986908273637,-0.6901312663745922,0.09740791952342934,219.65691296266075,21.339193325849937,2.4470349260737096,53.448067784652736,-999,0,2,0,0,2,0,0,-999.0,-999.0,-999.0,-999.0,0,-999.0,-999.0,-999.0,-999.0,-999.0,0,-999.0,-999.0,-999.0,0,0,-999.0,-999.0,-999.0,-999.0,0,-999.0,-999.0,-999.0,-999.0,-999.0,0,-999.0,-999.0,-999.0,0,0,0.7459030151367188,21.546100616455078,0.2628999948501587,0.39399099349975586,2,21.37540054321289,21.901199340820312,-999.0,-999.0,-999.0,0,22.482999801635742,0.011864000000059605,0.017399000003933907,2,4120,-999.0,-999.0,-999.0,-999.0,0,-999.0,-999.0,-999.0,-999.0,-999.0,0,-999.0,-999.0,-999.0,0,0,-999.0,-999.0,-999.0,-999.0,0,-999.0,-999.0,-999.0,-999.0,-999.0,0,-999.0,-999.0,-999.0,0,0,0.03067601789892508
PSO J223.9020+05.5893,-999,-999,-999,114702239020547551,3496239000026520,65296387827607,0,15189956846760,11470,1,1467,31,0.605455181193962,3496239,15203,3,268959744,0,32,-999.0,-999.0,-999.0,-999.0,223.9020467,5.58925578,0.21574999392032623,0.21574999392032623,,,,,55694.32836806,-999.0,-0.7171007299903879,-0.690130791548261,0.0973962709975275,219.6570317119871,21.3385243009057,2.4460595285855926,53.44771795317532,-999,0,1,0,0,1,0,0,-999.0,-999.0,-999.0,-999.0,0,-999.0,-999.0,-999.0,-999.0,-999.0,0,-999.0,-999.0,-999.0,0,0,-999.0,-999.0,-999.0,-999.0,0,-999.0,-999.0,-999.0,-999.0,-999.0,0,-999.0,-999.0,-999.0,0,0,0.7666190266609192,20.806100845336914,0.21522800624370575,-999.0,1,20.806100845336914,20.806100845336914,-999.0,-999.0,-999.0,0,21.34819984436035,0.21522800624370575,-999.0,1,4112,-999.0,-999.0,-999.0,-999.0,0,-999.0,-999.0,-999.0,-999.0,-999.0,0,-999.0,-999.0,-999.0,0,0,-999.0,-999.0,-999.0,-999.0,0,-999.0,-999.0,-999.0,-999.0,-999.0,0,-999.0,-999.0,-999.0,0,0,0.03008991412809828
PSO J223.9021+05.5887,-999,-999,-999,114702239020926835,3496239000026528,65296387827615,0,15189956846701,11470,1,1467,31,0.127657522566298,3496239,15203,3,268959744,0,32,-999.0,-999.0,-999.0,-999.0,223.90209886,5.5886548,0.2075899988412857,0.2075899988412857,,,,,56398.55810185,-999.0,-0.7171008377676821,-0.690132152736879,0.09738583178085786,219.65728327316916,21.337968452280716,2.4453374534206316,53.44729494157396,-999,0,1,0,0,1,0,0,-999.0,-999.0,-999.0,-999.0,0,-999.0,-999.0,-999.0,-999.0,-999.0,0,-999.0,-999.0,-999.0,0,0,-999.0,-999.0,-999.0,-999.0,0,-999.0,-999.0,-999.0,-999.0,-999.0,0,-999.0,-999.0,-999.0,0,0,0.507731020450592,21.494800567626953,0.20704899728298187,-999.0,1,21.494800567626953,21.494800567626953,-999.0,-999.0,-999.0,0,-999.0,-999.0,-999.0,0,4120,-999.0,-999.0,-999.0,-999.0,0,-999.0,-999.0,-999.0,-999.0,-999.0,0,-999.0,-999.0,-999.0,0,0,-999.0,-999.0,-999.0,-999.0,0,-999.0,-999.0,-999.0,-999.0,-999.0,0,-999.0,-999.0,-999.0,0,0,0.02965886409771118
PSO J223.9024+05.5913,-999,-999,-999,114702239023869978,3496239000026566,65296387827653,0,15189956778301,11470,1,1467,31,0.707854059252752,3496239,15203,3,268959744,0,32,-999.0,-999.0,-999.0,-999.0,223.90238984,5.59126792,0.2403700053691864,0.2403700053691864,,,,,56487.28100694,-999.0,-0.7170941319155641,-0.6901327139513812,0.09743122244108686,219.65671585157853,21.34054389949062,2.4490286372022423,53.44873708475324,-999,0,1,0,0,0,1,0,-999.0,-999.0,-999.0,-999.0,0,-999.0,-999.0,-999.0,-999.0,-999.0,0,-999.0,-999.0,-999.0,0,0,-999.0,-999.0,-999.0,-999.0,0,-999.0,-999.0,-999.0,-999.0,-999.0,0,-999.0,-999.0,-999.0,0,0,-999.0,-999.0,-999.0,-999.0,0,-999.0,-999.0,-999.0,-999.0,-999.0,0,-999.0,-999.0,-999.0,0,0,0.6207190155982971,21.99090003967285,0.2398969978094101,-999.0,1,21.99090003967285,21.99090003967285,-999.0,-999.0,-999.0,0,23.558799743652344,0.2398969978094101,-999.0,1,4120,-999.0,-999.0,-999.0,-999.0,0,-999.0,-999.0,-999.0,-999.0,-999.0,0,-999.0,-999.0,-999.0,0,0,0.0318834341576842
PSO J223.9024+05.5888,-999,-999,-999,114702239024057011,3496239000026567,65296387827654,0,15189956846717,11470,1,1467,31,0.842054903360135,3496239,15203,3,268959744,0,32,-999.0,-999.0,-999.0,-999.0,223.90240925,5.58880228,0.2140599936246872,0.2140599936246872,,,,,56398.57015046,-999.0,-0.7170969184680523,-0.6901358636703325,0.09738839355707449,219.6575501123908,21.33820383032434,2.4458588472514466,53.447150878678144,-999,0,1,0,0,1,0,0,-999.0,-999.0,-999.0,-999.0,0,-999.0,-999.0,-999.0,-999.0,-999.0,0,-999.0,-999.0,-999.0,0,0,-999.0,-999.0,-999.0,-999.0,0,-999.0,-999.0,-999.0,-999.0,-999.0,0,-999.0,-999.0,-999.0,0,0,0.5182830095291138,21.44179916381836,0.21353299915790558,-999.0,1,21.44179916381836,21.44179916381836,-999.0,-999.0,-999.0,0,21.87459945678711,0.21353299915790558,-999.0,1,4120,-999.0,-999.0,-999.0,-999.0,0,-999.0,-999.0,-999.0,-999.0,-999.0,0,-999.0,-999.0,-999.0,0,0,-999.0,-999.0,-999.0,-999.0,0,-999.0,-999.0,-999.0,-999.0,-999.0,0,-999.0,-999.0,-999.0,0,0,0.02997039882166613
PSO J223.9026+05.5876,-999,-999,-999,114702239026255486,3496239000026604,65296387827691,0,15189956851654,11470,1,1467,31,0.536470047697863,3496239,15203,3,268959744,0,32,-999.0,-999.0,-999.0,-999.0,223.90261598,5.58756394,0.3346700072288513,0.3346700072288513,,,,,55609.57689815,-999.0,-0.7170959448004232,-0.6901399104630213,0.09736688316302139,219.65816936150637,21.33708887806032,2.4444767315779847,53.44620312019388,-999,0,1,0,0,0,1,0,-999.0,-999.0,-999.0,-999.0,0,-999.0,-999.0,-999.0,-999.0,-999.0,0,-999.0,-999.0,-999.0,0,0,-999.0,-999.0,-999.0,-999.0,0,-999.0,-999.0,-999.0,-999.0,-999.0,0,-999.0,-999.0,-999.0,0,0,-999.0,-999.0,-999.0,-999.0,0,-999.0,-999.0,-999.0,-999.0,-999.0,0,-999.0,-999.0,-999.0,0,0,0.5209890007972717,18.979799270629883,0.3343369960784912,-999.0,1,18.979799270629883,18.979799270629883,-999.0,-999.0,-999.0,0,19.148700714111328,0.3343369960784912,-999.0,1,4112,-999.0,-999.0,-999.0,-999.0,0,-999.0,-999.0,-999.0,-999.0,-999.0,0,-999.0,-999.0,-999.0,0,0,0.029171891223996937
PSO J223.9028+05.5868,-999,-999,-999,114702239027844578,3496239000026620,65296387827707,0,15189956851113,11470,1,1467,31,0.398592006786346,3496239,15203,3,268959744,0,32,-999.0,-999.0,-999.0,-999.0,223.90276744,5.58675511,0.3339399993419647,0.3339399993419647,,,,,55401.31690972,-999.0,-0.7170951107124656,-0.6901427591486932,0.09735283348164901,219.65859053003325,21.336365670844174,2.4435915285200673,53.44557147356229,-999,0,1,0,0,0,0,1,-999.0,-999.0,-999.0,-999.0,0,-999.0,-999.0,-999.0,-999.0,-999.0,0,-999.0,-999.0,-999.0,0,0,-999.0,-999.0,-999.0,-999.0,0,-999.0,-999.0,-999.0,-999.0,-999.0,0,-999.0,-999.0,-999.0,0,0,-999.0,-999.0,-999.0,-999.0,0,-999.0,-999.0,-999.0,-999.0,-999.0,0,-999.0,-999.0,-999.0,0,0,-999.0,-999.0,-999.0,-999.0,0,-999.0,-999.0,-999.0,-999.0,-999.0,0,-999.0,-999.0,-999.0,0,0,0.6570039987564087,19.73419952392578,0.33359798789024353,-999.0,1,19.73419952392578,19.73419952392578,-999.0,-999.0,-999.0,0,19.44540023803711,0.33359798789024353,-999.0,1,4112,0.02867923216048484
PSO J223.9028+05.5871,-999,-999,-999,114702239028315008,3496239000026628,65296387827715,0,15189956851601,11470,1,1467,31,0.226244101511542,3496239,15203,3,268959744,0,32,-999.0,-999.0,-999.0,-999.0,223.90282161,5.58713605,0.33792001008987427,0.33792001008987427,,,,,55694.36315972,-999.0,-0.7170939918385136,-0.6901429882688811,0.09735945055517126,219.6585197634251,21.336744718219123,2.444142097026776,53.44577271163253,-999,0,1,0,1,0,0,0,-999.0,-999.0,-999.0,-999.0,0,-999.0,-999.0,-999.0,-999.0,-999.0,0,-999.0,-999.0,-999.0,0,0,0.4672270119190216,21.618999481201172,0.33758899569511414,-999.0,1,21.618999481201172,21.618999481201172,-999.0,-999.0,-999.0,0,-999.0,-999.0,-999.0,0,4112,-999.0,-999.0,-999.0,-999.0,0,-999.0,-999.0,-999.0,-999.0,-999.0,0,-999.0,-999.0,-999.0,0,0,-999.0,-999.0,-999.0,-999.0,0,-999.0,-999.0,-999.0,-999.0,-999.0,0,-999.0,-999.0,-999.0,0,0,-999.0,-999.0,-999.0,-999.0,0,-999.0,-999.0,-999.0,-999.0,-999.0,0,-999.0,-999.0,-999.0,0,0,0.02899423637480311
PSO J223.9033+05.5859,-999,-999,-999,114702239033093552,3496239000026700,65296387827787,0,15189956852772,11470,1,1467,31,0.0692132525790606,3496239,15203,3,268959744,0,32,-999.0,-999.0,-999.0,-999.0,223.90331251,5.58591396,0.1733900010585785,0.1733900010585785,,,,,56487.28100694,-999.0,-0.717089574860529,-0.6901505720437835,0.09733822236913918,219.65942253227058,21.33573224603742,2.443083730627796,53.444617351546604,-999,0,1,0,0,0,1,0,-999.0,-999.0,-999.0,-999.0,0,-999.0,-999.0,-999.0,-999.0,-999.0,0,-999.0,-999.0,-999.0,0,0,-999.0,-999.0,-999.0,-999.0,0,-999.0,-999.0,-999.0,-999.0,-999.0,0,-999.0,-999.0,-999.0,0,0,-999.0,-999.0,-999.0,-999.0,0,-999.0,-999.0,-999.0,-999.0,-999.0,0,-999.0,-999.0,-999.0,0,0,0.4735020101070404,21.440900802612305,0.17274299263954163,-999.0,1,21.440900802612305,21.440900802612305,-999.0,-999.0,-999.0,0,22.412099838256836,0.17274299263954163,-999.0,1,4120,-999.0,-999.0,-999.0,-999.0,0,-999.0,-999.0,-999.0,-999.0,-999.0,0,-999.0,-999.0,-999.0,0,0,0.02845596308787914
PSO J223.9033+05.5855,-999,-999,-999,114702239033413117,3496239000026701,65296387827788,0,15189956852742,11470,1,1467,31,0.475667691301245,3496239,15203,3,444915712,7,53,223.90330083,5.5855111,0.0010000000474974513,0.0010000000474974513,223.90327821440482,5.585507308949431,0.00850778535677508,0.00850778535677508,-15.330536987684154,-2.818303714005278,6.864708504864735,6.864708504864735,56169.31922438156,5.012722969055176,-0.7170904857105783,-0.6901506218611511,0.09733115866994166,219.65952134788125,21.33533362858642,2.4425188503350306,53.44438459905838,-999,10,38,0,6,9,12,11,-999.0,-999.0,-999.0,-999.0,0,-999.0,-999.0,-999.0,-999.0,-999.0,0,-999.0,-999.0,-999.0,0,114720,0.9997100234031677,21.2406005859375,0.08072400093078613,0.2598649859428406,6,20.77440071105957,21.37299919128418,21.001699447631836,0.09731899946928024,0.20568899810314178,6,20.927200317382812,0.08311499655246735,0.3586390018463135,6,115000,0.9994720220565796,20.351999282836914,0.03212700039148331,0.08552499860525131,6,20.267499923706055,20.502500534057617,20.25830078125,0.045609001070261,0.16905100643634796,7,20.134899139404297,0.035227999091148376,0.13804499804973602,7,16892216,0.9997050166130066,20.15679931640625,0.03471999987959862,0.10281199961900711,12,19.9237003326416,20.249000549316406,19.75189971923828,0.029656000435352325,0.18862900137901306,12,19.749099731445312,0.038412999361753464,0.1995449960231781,12,16892216,0.9994459748268127,19.930599212646484,0.06822700053453445,0.22132499516010284,10,19.52910041809082,20.162799835205078,19.664400100708008,0.05821499973535538,0.3093779981136322,10,19.55940055847168,0.03948400169610977,0.13548600673675537,10,115000,0.028146782886629897
PSO J223.9036+05.5873,-999,-999,-999,114702239036275194,3496239000106673,65296387907762,0,15189956851514,11470,1,1467,31,0.945567937517136,3496239,15203,3,268513280,0,32,-999.0,-999.0,-999.0,-999.0,223.90360354,5.587277,0.03101000003516674,0.03101000003516674,,,,,55694.32760417,-999.0,-0.7170844006460604,-0.6901526084793254,0.09736189890949855,219.6592681513073,21.337118281915796,2.445157207743166,53.445262848164695,-999,0,1,0,0,1,0,0,-999.0,-999.0,-999.0,-999.0,0,-999.0,-999.0,-999.0,-999.0,-999.0,0,-999.0,-999.0,-999.0,0,0,-999.0,-999.0,-999.0,-999.0,0,-999.0,-999.0,-999.0,-999.0,-999.0,0,-999.0,-999.0,-999.0,0,0,0.9645140171051025,18.633499145507812,0.02714099921286106,-999.0,1,18.633499145507812,18.633499145507812,18.645200729370117,0.037516999989748,-999.0,1,18.65239906311035,0.02714099921286106,-999.0,1,16,-999.0,-999.0,-999.0,-999.0,0,-999.0,-999.0,-999.0,-999.0,-999.0,0,-999.0,-999.0,-999.0,0,0,-999.0,-999.0,-999.0,-999.0,0,-999.0,-999.0,-999.0,-999.0,-999.0,0,-999.0,-999.0,-999.0,0,0,0.02963083668477169
PSO J223.9038+05.5898,-999,-999,-999,114702239038368172,3496239000026778,65296387827865,0,15189956847369,11470,1,1467,31,0.800694927387587,3496239,15203,3,268959744,0,32,-999.0,-999.0,-999.0,-999.0,223.90382932,5.58977341,0.21938000619411469,0.21938000619411469,,,,,55694.32836806,-999.0,-0.7170786238782171,-0.6901524918710468,0.09740526238919216,219.65867302956164,21.33956272048803,2.4486277529565617,53.44668063227936,-999,0,1,0,0,1,0,0,-999.0,-999.0,-999.0,-999.0,0,-999.0,-999.0,-999.0,-999.0,-999.0,0,-999.0,-999.0,-999.0,0,0,-999.0,-999.0,-999.0,-999.0,0,-999.0,-999.0,-999.0,-999.0,-999.0,0,-999.0,-999.0,-999.0,0,0,0.8384940028190613,20.869699478149414,0.21886800229549408,-999.0,1,20.869699478149414,20.869699478149414,20.748300552368164,0.2693929970264435,-999.0,1,21.07990074157715,0.21886800229549408,-999.0,1,4112,-999.0,-999.0,-999.0,-999.0,0,-999.0,-999.0,-999.0,-999.0,-999.0,0,-999.0,-999.0,-999.0,0,0,-999.0,-999.0,-999.0,-999.0,0,-999.0,-999.0,-999.0,-999.0,-999.0,0,-999.0,-999.0,-999.0,0,0,0.03162711677287467
PSO J223.9041+05.5888,-999,-999,-999,114702239040666936,3496239000117046,65296387920206,0,15189956847071,11470,1,1467,31,0.806013940652845,3496239,15203,3,1343750144,0,160,223.90407834,5.58875405,0.0010000000474974513,0.0010000000474974513,223.90407834,5.58875405,0.0010000000474974513,0.0010000000474974513,,,,,55999.1331713,-999.0,-0.7170768728015271,-0.6901568100592669,0.09738755578614652,219.65926293539258,21.338669072230548,2.4475739687038383,53.44584002278929,-999,2,0,0,0,0,0,0,-999.0,-999.0,-999.0,-999.0,0,-999.0,-999.0,-999.0,-999.0,-999.0,0,-999.0,-999.0,-999.0,0,16416,-999.0,-999.0,-999.0,-999.0,0,-999.0,-999.0,-999.0,-999.0,-999.0,0,-999.0,-999.0,-999.0,0,16416,-999.0,-999.0,-999.0,-999.0,0,-999.0,-999.0,-999.0,-999.0,-999.0,0,-999.0,-999.0,-999.0,0,114720,-999.0,-999.0,-999.0,-999.0,0,-999.0,-999.0,-999.0,-999.0,-999.0,0,-999.0,-999.0,-999.0,0,16416,-999.0,-999.0,-999.0,-999.0,0,-999.0,-999.0,-999.0,-999.0,-999.0,0,-999.0,-999.0,-999.0,0,16416,0.031031531800069352
PSO J223.9043+05.5891,-999,-999,-999,114702239042747365,3496239000026834,65296387827921,0,15189956847084,11470,1,1467,31,0.635853108610821,3496239,15203,3,268959744,0,32,-999.0,-999.0,-999.0,-999.0,223.90427079,5.5890843,0.37303000688552856,0.37303000688552856,,,,,56394.55804398,-999.0,-0.7170741501844463,-0.6901588293612403,0.09739329233564534,219.65934949713318,21.339042234371824,2.4482062284876966,53.44590288334175,-999,0,1,1,0,0,0,0,0.4653019905090332,22.249399185180664,0.3727239966392517,-999.0,1,22.249399185180664,22.249399185180664,-999.0,-999.0,-999.0,0,25.104000091552734,0.3727239966392517,-999.0,1,4120,-999.0,-999.0,-999.0,-999.0,0,-999.0,-999.0,-999.0,-999.0,-999.0,0,-999.0,-999.0,-999.0,0,0,-999.0,-999.0,-999.0,-999.0,0,-999.0,-999.0,-999.0,-999.0,-999.0,0,-999.0,-999.0,-999.0,0,0,-999.0,-999.0,-999.0,-999.0,0,-999.0,-999.0,-999.0,-999.0,-999.0,0,-999.0,-999.0,-999.0,0,0,-999.0,-999.0,-999.0,-999.0,0,-999.0,-999.0,-999.0,-999.0,-999.0,0,-999.0,-999.0,-999.0,0,0,0.03140447278986606
PSO J223.9044+05.5908,-999,-999,-999,114702239044659463,3496239000117053,65296387920213,0,15189956849233,11470,1,1467,31,0.908549907532101,3496239,15203,3,1343750144,0,160,223.9043904,5.59075319,0.0010000000474974513,0.0010000000474974513,223.9043904,5.59075319,0.0010000000474974513,0.0010000000474974513,,,,,56083.15268519,-999.0,-0.7170706651770699,-0.6901583587991525,0.09742228144615993,219.6589197946447,21.340666787075723,2.450493057756806,53.44687467631021,-999,2,0,0,0,0,0,0,-999.0,-999.0,-999.0,-999.0,0,-999.0,-999.0,-999.0,-999.0,-999.0,0,-999.0,-999.0,-999.0,0,114720,-999.0,-999.0,-999.0,-999.0,0,-999.0,-999.0,-999.0,-999.0,-999.0,0,-999.0,-999.0,-999.0,0,16416,-999.0,-999.0,-999.0,-999.0,0,-999.0,-999.0,-999.0,-999.0,-999.0,0,-999.0,-999.0,-999.0,0,16416,-999.0,-999.0,-999.0,-999.0,0,-999.0,-999.0,-999.0,-999.0,-999.0,0,-999.0,-999.0,-999.0,0,16416,-999.0,-999.0,-999.0,-999.0,0,-999.0,-999.0,-999.0,-999.0,-999.0,0,-999.0,-999.0,-999.0,0,16416,0.032733827525492705
PSO J223.9045+05.5912,-999,-999,-999,114702239045369896,3496239000026873,65296387827960,0,15189956849342,11470,1,1467,31,0.319294838532149,3496239,15203,3,268959744,0,32,-999.0,-999.0,-999.0,-999.0,223.9045485,5.59119813,0.25707000494003296,0.25707000494003296,,,,,56396.5534375,-999.0,-0.7170682156628795,-0.6901598128000059,0.09743001017096706,219.6589335456638,21.341138555992245,2.451237165181978,53.447036954407764,-999,0,1,0,1,0,0,0,-999.0,-999.0,-999.0,-999.0,0,-999.0,-999.0,-999.0,-999.0,-999.0,0,-999.0,-999.0,-999.0,0,0,0.5927749872207642,21.73940086364746,0.256632000207901,-999.0,1,21.73940086364746,21.73940086364746,-999.0,-999.0,-999.0,0,22.55340003967285,0.256632000207901,-999.0,1,4120,-999.0,-999.0,-999.0,-999.0,0,-999.0,-999.0,-999.0,-999.0,-999.0,0,-999.0,-999.0,-999.0,0,0,-999.0,-999.0,-999.0,-999.0,0,-999.0,-999.0,-999.0,-999.0,-999.0,0,-999.0,-999.0,-999.0,0,0,-999.0,-999.0,-999.0,-999.0,0,-999.0,-999.0,-999.0,-999.0,-999.0,0,-999.0,-999.0,-999.0,0,0,0.03317457785518595
PSO J223.9047+05.5856,-999,-999,-999,114702239046633219,3496239000117059,65296387920219,0,15189956852853,11470,1,1467,31,0.524033854272248,3496239,15203,3,1343750144,0,160,223.90466603,5.58563624,0.0010000000474974513,0.0010000000474974513,223.90466603,5.58563624,0.0010000000474974513,0.0010000000474974513,,,,,55974.1652662,-999.0,-0.7170736108996536,-0.6901678391051724,0.09733339825686275,219.6608903217149,21.335882482178032,2.444165875400078,53.44340229453314,-999,2,0,0,0,0,0,0,-999.0,-999.0,-999.0,-999.0,0,-999.0,-999.0,-999.0,-999.0,-999.0,0,-999.0,-999.0,-999.0,0,16416,-999.0,-999.0,-999.0,-999.0,0,-999.0,-999.0,-999.0,-999.0,-999.0,0,-999.0,-999.0,-999.0,0,16416,-999.0,-999.0,-999.0,-999.0,0,-999.0,-999.0,-999.0,-999.0,-999.0,0,-999.0,-999.0,-999.0,0,114720,-999.0,-999.0,-999.0,-999.0,0,-999.0,-999.0,-999.0,-999.0,-999.0,0,-999.0,-999.0,-999.0,0,16416,-999.0,-999.0,-999.0,-999.0,0,-999.0,-999.0,-999.0,-999.0,-999.0,0,-999.0,-999.0,-999.0,0,16416,0.0292400126015776
PSO J223.9050+05.5832,-999,-999,-999,114702239050490321,3496239000117073,65296387920233,0,15189956851752,11470,1,1467,31,0.101970805881518,3496239,15203,3,1343750144,0,160,223.90504921,5.58321884,0.0010000000474974513,0.0010000000474974513,223.90504921,5.58321884,0.0010000000474974513,0.0010000000474974513,,,,,56043.69774306,-999.0,-0.7170719533744218,-0.6901754819062714,0.09729140691364851,219.66207838779493,21.333699688464563,2.4414464832408687,53.44156771848076,-999,2,0,0,0,0,0,0,-999.0,-999.0,-999.0,-999.0,0,-999.0,-999.0,-999.0,-999.0,-999.0,0,-999.0,-999.0,-999.0,0,16416,-999.0,-999.0,-999.0,-999.0,0,-999.0,-999.0,-999.0,-999.0,-999.0,0,-999.0,-999.0,-999.0,0,16416,-999.0,-999.0,-999.0,-999.0,0,-999.0,-999.0,-999.0,-999.0,-999.0,0,-999.0,-999.0,-999.0,0,114720,-999.0,-999.0,-999.0,-999.0,0,-999.0,-999.0,-999.0,-999.0,-999.0,0,-999.0,-999.0,-999.0,0,16416,-999.0,-999.0,-999.0,-999.0,0,-999.0,-999.0,-999.0,-999.0,-999.0,0,-999.0,-999.0,-999.0,0,16416,0.02796315475952963
PSO J223.9060+05.5837,-999,-999,-999,114702239060160866,3496239000027092,65296387828179,0,15189956843652,11470,1,1467,31,0.979138286764862,3496239,15203,3,268959744,0,32,-999.0,-999.0,-999.0,-999.0,223.90600019,5.58367074,0.2898699939250946,0.2898699939250946,,,,,55399.26950231,-999.0,-0.7170599450455268,-0.6901868514172859,0.0972992566364173,219.66289592717462,21.33442087254575,2.443043830082577,53.44112640891545,-999,0,1,0,0,0,1,0,-999.0,-999.0,-999.0,-999.0,0,-999.0,-999.0,-999.0,-999.0,-999.0,0,-999.0,-999.0,-999.0,0,0,-999.0,-999.0,-999.0,-999.0,0,-999.0,-999.0,-999.0,-999.0,-999.0,0,-999.0,-999.0,-999.0,0,0,-999.0,-999.0,-999.0,-999.0,0,-999.0,-999.0,-999.0,-999.0,-999.0,0,-999.0,-999.0,-999.0,0,0,0.7522619962692261,18.356599807739258,0.28947800397872925,-999.0,1,18.356599807739258,18.356599807739258,-999.0,-999.0,-999.0,0,19.15850067138672,0.28947800397872925,-999.0,1,4112,-999.0,-999.0,-999.0,-999.0,0,-999.0,-999.0,-999.0,-999.0,-999.0,0,-999.0,-999.0,-999.0,0,0,0.02898693260590993
PSO J223.9062+05.5890,-999,-999,-999,114702239061907180,3496239000027125,65296387828212,0,15189956848382,11470,1,1467,31,0.712310552329114,3496239,15203,3,268959744,0,32,-999.0,-999.0,-999.0,-999.0,223.90619295,5.58895209,0.25161999464035034,0.25161999464035034,,,,,55338.40309028,-999.0,-0.7170511582325025,-0.6901830412386557,0.09739099580549855,219.6613473625124,21.339505052326746,2.4500820569075756,53.44434438008699,-999,0,1,0,1,0,0,0,-999.0,-999.0,-999.0,-999.0,0,-999.0,-999.0,-999.0,-999.0,-999.0,0,-999.0,-999.0,-999.0,0,0,0.8339290022850037,21.8435001373291,0.2511729896068573,-999.0,1,21.8435001373291,21.8435001373291,-999.0,-999.0,-999.0,1,22.63479995727539,0.2511729896068573,-999.0,1,4120,-999.0,-999.0,-999.0,-999.0,0,-999.0,-999.0,-999.0,-999.0,-999.0,0,-999.0,-999.0,-999.0,0,0,-999.0,-999.0,-999.0,-999.0,0,-999.0,-999.0,-999.0,-999.0,-999.0,0,-999.0,-999.0,-999.0,0,0,-999.0,-999.0,-999.0,-999.0,0,-999.0,-999.0,-999.0,-999.0,-999.0,0,-999.0,-999.0,-999.0,0,0,0.03263102862571793
PSO J223.9068+05.5836,-999,-999,-999,114702239068110829,3496239000027228,65296387828315,0,15189956844373,11470,1,1467,31,0.527729541554795,3496239,15203,3,276901888,0,33,-999.0,-999.0,-999.0,-999.0,223.90678156,5.58362797,0.019169999286532402,0.019169999286532402,,,,,55767.25564815,-999.0,-0.717050584898716,-0.690196680612121,0.09729851370097663,219.66370443137708,21.33461944228352,2.4438205806691164,53.44049989365385,-999,0,1,0,0,0,1,0,-999.0,-999.0,-999.0,-999.0,0,-999.0,-999.0,-999.0,-999.0,-999.0,0,-999.0,-999.0,-999.0,0,0,-999.0,-999.0,-999.0,-999.0,0,-999.0,-999.0,-999.0,-999.0,-999.0,0,-999.0,-999.0,-999.0,0,0,-999.0,-999.0,-999.0,-999.0,0,-999.0,-999.0,-999.0,-999.0,-999.0,0,-999.0,-999.0,-999.0,0,0,0.99795001745224,18.086999893188477,0.011938000097870827,-999.0,1,18.086999893188477,18.086999893188477,17.9419002532959,0.017165999859571457,-999.0,1,17.827600479125977,0.011938000097870827,-999.0,1,16777240,-999.0,-999.0,-999.0,-999.0,0,-999.0,-999.0,-999.0,-999.0,-999.0,0,-999.0,-999.0,-999.0,0,0,0.02957924761089524
PSO J223.9069+05.5873,-999,-999,-999,114702239069215212,3496239000027240,65296387828327,0,15189956850483,11470,1,1467,31,0.0506733963737948,3496239,15203,3,268513280,0,32,-999.0,-999.0,-999.0,-999.0,223.90688715,5.58729272,0.017550000920891762,0.017550000920891762,,,,,55305.53513889,-999.0,-0.717044827710764,-0.6901936847886856,0.0973621719717538,219.66260126458766,21.338138755354816,2.448674292026485,53.44275447585906,-999,0,1,1,0,0,0,0,0.9986439943313599,18.407400131225586,0.009100999683141708,-999.0,1,18.407400131225586,18.407400131225586,19.205699920654297,0.027817999944090843,-999.0,1,19.200000762939453,0.009100999683141708,-999.0,1,24,-999.0,-999.0,-999.0,-999.0,0,-999.0,-999.0,-999.0,-999.0,-999.0,0,-999.0,-999.0,-999.0,0,0,-999.0,-999.0,-999.0,-999.0,0,-999.0,-999.0,-999.0,-999.0,-999.0,0,-999.0,-999.0,-999.0,0,0,-999.0,-999.0,-999.0,-999.0,0,-999.0,-999.0,-999.0,-999.0,-999.0,0,-999.0,-999.0,-999.0,0,0,-999.0,-999.0,-999.0,-999.0,0,-999.0,-999.0,-999.0,-999.0,-999.0,0,-999.0,-999.0,-999.0,0,0,0.03199015004299253
PSO J223.9084+05.5894,-999,-999,-999,114702239083867727,3496239000027418,65296387828505,0,15189956847722,11470,1,1467,31,0.872982748665831,3496239,15203,3,277348352,0,33,-999.0,-999.0,-999.0,-999.0,223.90838603,5.58939781,0.039319999516010284,0.039319999516010284,,,,,55330.32076389,-999.0,-0.7170241940816398,-0.6902099614737044,0.09739873810292668,219.6634297736183,21.340600707369656,2.452993999237323,53.442946334723125,-999,0,1,1,0,0,0,0,0.7004910111427307,19.488800048828125,0.03634500131011009,-999.0,1,19.488800048828125,19.488800048828125,18.37700080871582,0.01934799924492836,-999.0,1,18.9689998626709,0.03634500131011009,-999.0,1,16781336,-999.0,-999.0,-999.0,-999.0,0,-999.0,-999.0,-999.0,-999.0,-999.0,0,-999.0,-999.0,-999.0,0,0,-999.0,-999.0,-999.0,-999.0,0,-999.0,-999.0,-999.0,-999.0,-999.0,0,-999.0,-999.0,-999.0,0,0,-999.0,-999.0,-999.0,-999.0,0,-999.0,-999.0,-999.0,-999.0,-999.0,0,-999.0,-999.0,-999.0,0,0,-999.0,-999.0,-999.0,-999.0,0,-999.0,-999.0,-999.0,-999.0,-999.0,0,-999.0,-999.0,-999.0,0,0,0.03451193552223483
PSO J223.9086+05.5903,-999,-999,-999,114702239086358816,3496239000117134,65296387920294,0,15189956880247,11470,1,1467,31,0.445231732395693,3496239,15203,3,1343750144,0,160,223.90863592,5.59029821,0.0010000000474974513,0.0010000000474974513,223.90863592,5.59029821,0.0010000000474974513,0.0010000000474974513,,,,,56034.2509375,-999.0,-0.7170200809753873,-0.6902120271155803,0.0974143783178371,219.6633864071085,21.341533949624107,2.4544251061582103,53.4433284253498,-999,1,0,0,0,0,0,0,-999.0,-999.0,-999.0,-999.0,0,-999.0,-999.0,-999.0,-999.0,-999.0,0,-999.0,-999.0,-999.0,0,114720,-999.0,-999.0,-999.0,-999.0,0,-999.0,-999.0,-999.0,-999.0,-999.0,0,-999.0,-999.0,-999.0,0,16416,-999.0,-999.0,-999.0,-999.0,0,-999.0,-999.0,-999.0,-999.0,-999.0,0,-999.0,-999.0,-999.0,0,16416,-999.0,-999.0,-999.0,-999.0,0,-999.0,-999.0,-999.0,-999.0,-999.0,0,-999.0,-999.0,-999.0,0,16416,-999.0,-999.0,-999.0,-999.0,0,-999.0,-999.0,-999.0,-999.0,-999.0,0,-999.0,-999.0,-999.0,0,16416,0.035310753451235515
PSO J223.9089+05.5895,-999,-999,-999,114702239089347875,3496239000027500,65296387828587,0,15189956879510,11470,1,1467,31,0.52056184087001,3496239,15203,3,277348352,0,33,-999.0,-999.0,-999.0,-999.0,223.90892997,5.58951663,0.03847000002861023,0.03847000002861023,,,,,55330.33247685,-999.0,-0.7170174959901306,-0.6902166284619906,0.09740080204292687,219.66394353700252,21.34088032381396,2.4537269074124537,53.442604843799145,-999,0,1,1,0,0,0,0,0.5671179890632629,19.32900047302246,0.03542099893093109,-999.0,1,19.32900047302246,19.32900047302246,18.36359977722168,0.01876799948513508,-999.0,1,19.017900466918945,0.03542099893093109,-999.0,1,16781336,-999.0,-999.0,-999.0,-999.0,0,-999.0,-999.0,-999.0,-999.0,-999.0,0,-999.0,-999.0,-999.0,0,0,-999.0,-999.0,-999.0,-999.0,0,-999.0,-999.0,-999.0,-999.0,-999.0,0,-999.0,-999.0,-999.0,0,0,-999.0,-999.0,-999.0,-999.0,0,-999.0,-999.0,-999.0,-999.0,-999.0,0,-999.0,-999.0,-999.0,0,0,-999.0,-999.0,-999.0,-999.0,0,-999.0,-999.0,-999.0,-999.0,-999.0,0,-999.0,-999.0,-999.0,0,0,0.03499033704114603
PSO J223.9090+05.5890,-999,-999,-999,114702239090347217,3496239000106682,65296387907771,0,15189956847640,11470,1,1467,31,0.828190419662921,3496239,15203,3,268959744,0,32,-999.0,-999.0,-999.0,-999.0,223.90901878,5.5889812,0.45792001485824585,0.45792001485824585,,,,,55254.61549769,-999.0,-0.7170170818585956,-0.6902183710733946,0.097391501455589,219.6642106918183,21.340398060526603,2.4531286873611897,53.44219553335186,-999,0,1,0,0,0,1,0,-999.0,-999.0,-999.0,-999.0,0,-999.0,-999.0,-999.0,-999.0,-999.0,0,-999.0,-999.0,-999.0,0,0,-999.0,-999.0,-999.0,-999.0,0,-999.0,-999.0,-999.0,-999.0,-999.0,0,-999.0,-999.0,-999.0,0,0,-999.0,-999.0,-999.0,-999.0,0,-999.0,-999.0,-999.0,-999.0,-999.0,0,-999.0,-999.0,-999.0,0,0,0.5843909978866577,21.40570068359375,0.4576779901981354,-999.0,1,21.40570068359375,21.40570068359375,-999.0,-999.0,-999.0,0,22.420000076293945,0.4576779901981354,-999.0,1,4112,-999.0,-999.0,-999.0,-999.0,0,-999.0,-999.0,-999.0,-999.0,-999.0,0,-999.0,-999.0,-999.0,0,0,0.0346969453028267
PSO J223.9103+05.5873,-999,-999,-999,114702239103195193,3496239000027682,65296387828769,0,15189956872265,11470,1,1467,31,0.93136082676366,3496239,15203,3,277348352,0,33,-999.0,-999.0,-999.0,-999.0,223.9103195,5.58728649,0.05618000030517578,0.05618000030517578,,,,,55330.32076389,-999.0,-0.7170034874402376,-0.6902366460425252,0.09736206375433419,219.6660928886369,21.33918383926226,2.4523209532823786,53.440117940926456,-999,0,1,1,0,0,0,0,0.7909749746322632,20.386199951171875,0.05414300039410591,-999.0,1,20.386199951171875,20.386199951171875,20.011899948120117,0.03842899948358536,-999.0,1,19.64699935913086,0.05414300039410591,-999.0,1,16781336,-999.0,-999.0,-999.0,-999.0,0,-999.0,-999.0,-999.0,-999.0,-999.0,0,-999.0,-999.0,-999.0,0,0,-999.0,-999.0,-999.0,-999.0,0,-999.0,-999.0,-999.0,-999.0,-999.0,0,-999.0,-999.0,-999.0,0,0,-999.0,-999.0,-999.0,-999.0,0,-999.0,-999.0,-999.0,-999.0,-999.0,0,-999.0,-999.0,-999.0,0,0,-999.0,-999.0,-999.0,-999.0,0,-999.0,-999.0,-999.0,-999.0,-999.0,0,-999.0,-999.0,-999.0,0,0,0.03460061347956578
PSO J223.8604+05.5929,-999,-999,-999,114712238604411919,3496239000116225,65296387919385,0,15189953784483,11471,1,1467,31,0.295520098223835,3496239,15203,3,1343750144,0,160,223.86044043,5.59288597,0.0010000000474974513,0.0010000000474974513,223.86044043,5.59288597,0.0010000000474974513,0.0010000000474974513,,,,,55995.96274306,-999.0,-0.7175972398214495,-0.6896055979469163,0.09745932834220027,219.61353584497522,21.32923273496494,2.406416057139286,53.48193563196294,-999,2,0,0,0,0,0,0,-999.0,-999.0,-999.0,-999.0,0,-999.0,-999.0,-999.0,-999.0,-999.0,0,-999.0,-999.0,-999.0,0,16416,-999.0,-999.0,-999.0,-999.0,0,-999.0,-999.0,-999.0,-999.0,-999.0,0,-999.0,-999.0,-999.0,0,16416,-999.0,-999.0,-999.0,-999.0,0,-999.0,-999.0,-999.0,-999.0,-999.0,0,-999.0,-999.0,-999.0,0,16416,-999.0,-999.0,-999.0,-999.0,0,-999.0,-999.0,-999.0,-999.0,-999.0,0,-999.0,-999.0,-999.0,0,114720,-999.0,-999.0,-999.0,-999.0,0,-999.0,-999.0,-999.0,-999.0,-999.0,0,-999.0,-999.0,-999.0,0,16416,0.035114296030598284
PSO J223.8628+05.5926,-999,-999,-999,114712238627891629,3496239000106536,65296387907625,0,15189953786825,11471,1,1467,31,0.680876685940546,3496239,15203,3,268513280,0,32,-999.0,-999.0,-999.0,-999.0,223.86277824,5.59264395,0.027170000597834587,0.027170000597834587,,,,,55694.33935185,-999.0,-0.7175693984144449,-0.6896351623768401,0.09745512440400947,219.61599226946888,21.329718840667287,2.408595914681738,53.47998902897926,-999,0,1,0,0,1,0,0,-999.0,-999.0,-999.0,-999.0,0,-999.0,-999.0,-999.0,-999.0,-999.0,0,-999.0,-999.0,-999.0,0,0,-999.0,-999.0,-999.0,-999.0,0,-999.0,-999.0,-999.0,-999.0,-999.0,0,-999.0,-999.0,-999.0,0,0,0.9982399940490723,18.404199600219727,0.02265400066971779,-999.0,1,18.404199600219727,18.404199600219727,18.935199737548828,0.050783999264240265,-999.0,1,18.878700256347656,0.02265400066971779,-999.0,1,16,-999.0,-999.0,-999.0,-999.0,0,-999.0,-999.0,-999.0,-999.0,-999.0,0,-999.0,-999.0,-999.0,0,0,-999.0,-999.0,-999.0,-999.0,0,-999.0,-999.0,-999.0,-999.0,-999.0,0,-999.0,-999.0,-999.0,0,0,0.03348037059783521
PSO J223.8687+05.5913,-999,-999,-999,114712238686830227,3496239000114196,65296387915704,0,15189953779983,11471,1,1467,31,0.480354521870943,3496239,15203,3,404226048,0,48,223.86874931,5.59131412,0.0010000000474974513,0.0010000000474974513,223.86874931,5.59131412,0.0010000000474974513,0.0010000000474974513,,,,,55995.96274306,-999.0,-0.7174991548001922,-0.6897115073534551,0.0974320249468038,219.62250157424853,21.33028318356478,2.4132415529592195,53.47456322058881,-999,10,0,0,0,0,0,0,-999.0,-999.0,-999.0,-999.0,0,-999.0,-999.0,-999.0,-999.0,-999.0,0,-999.0,-999.0,-999.0,0,114720,-999.0,-999.0,-999.0,-999.0,0,-999.0,-999.0,-999.0,-999.0,-999.0,0,-999.0,-999.0,-999.0,0,114720,-999.0,-999.0,-999.0,-999.0,0,-999.0,-999.0,-999.0,-999.0,-999.0,0,-999.0,-999.0,-999.0,0,114720,-999.0,-999.0,-999.0,-999.0,0,-999.0,-999.0,-999.0,-999.0,-999.0,0,-999.0,-999.0,-999.0,0,114720,-999.0,-999.0,-999.0,-999.0,0,-999.0,-999.0,-999.0,-999.0,-999.0,0,-999.0,-999.0,-999.0,0,114720,0.029114439898177524
PSO J223.8691+05.5917,-999,-999,-999,114712238690840569,3496239000021207,65296387822294,0,15189953778188,11471,1,1467,31,0.83657547723183,3496239,15203,3,268513280,0,32,-999.0,-999.0,-999.0,-999.0,223.86906358,5.59174598,0.023019999265670776,0.023019999265670776,,,,,56678.66599537,-999.0,-0.717494842234803,-0.6897149339034355,0.09743952646146549,219.62267831402588,21.330790359200588,2.414135595606226,53.47459762820727,-999,0,1,0,0,0,1,0,-999.0,-999.0,-999.0,-999.0,0,-999.0,-999.0,-999.0,-999.0,-999.0,0,-999.0,-999.0,-999.0,0,0,-999.0,-999.0,-999.0,-999.0,0,-999.0,-999.0,-999.0,-999.0,-999.0,0,-999.0,-999.0,-999.0,0,0,-999.0,-999.0,-999.0,-999.0,0,-999.0,-999.0,-999.0,-999.0,-999.0,0,-999.0,-999.0,-999.0,0,0,0.9980000257492065,18.869400024414062,0.017467999830842018,-999.0,1,18.869400024414062,18.869400024414062,19.626399993896484,0.044854000210762024,-999.0,1,19.481599807739258,0.017467999830842018,-999.0,1,24,-999.0,-999.0,-999.0,-999.0,0,-999.0,-999.0,-999.0,-999.0,-999.0,0,-999.0,-999.0,-999.0,0,0,0.029343199706618778
PSO J223.8698+05.5964,-999,-999,-999,114712238697816127,3496239000021320,65296387822407,0,15189953794459,11471,1,1467,31,0.484582731020248,3496239,15203,3,268959744,0,32,-999.0,-999.0,-999.0,-999.0,223.86977094,5.59639574,0.22834999859333038,0.22834999859333038,,,,,55694.32836806,-999.0,-0.7174806240609921,-0.6897183094825938,0.09752029358816659,219.62186060936946,21.33543101870153,2.4209085298220008,53.47701980885423,-999,0,1,0,0,1,0,0,-999.0,-999.0,-999.0,-999.0,0,-999.0,-999.0,-999.0,-999.0,-999.0,0,-999.0,-999.0,-999.0,0,0,-999.0,-999.0,-999.0,-999.0,0,-999.0,-999.0,-999.0,-999.0,-999.0,0,-999.0,-999.0,-999.0,0,0,0.7069820165634155,20.802400588989258,0.22786100208759308,-999.0,1,20.802400588989258,20.802400588989258,-999.0,-999.0,-999.0,0,21.049999237060547,0.22786100208759308,-999.0,1,4112,-999.0,-999.0,-999.0,-999.0,0,-999.0,-999.0,-999.0,-999.0,-999.0,0,-999.0,-999.0,-999.0,0,0,-999.0,-999.0,-999.0,-999.0,0,-999.0,-999.0,-999.0,-999.0,-999.0,0,-999.0,-999.0,-999.0,0,0,0.033227622445937945
PSO J223.8698+05.5975,-999,-999,-999,114712238697957496,3496239000116387,65296387919547,0,15189953752349,11471,1,1467,31,0.278301414361504,3496239,15203,3,1075314688,0,128,223.86979581,5.59751106,0.0010000000474974513,0.0010000000474974513,223.86979581,5.59751106,0.0010000000474974513,0.0010000000474974513,,,,,56240.23631944,-999.0,-0.7174789560055541,-0.6897173051992432,0.09753966679189575,219.62151725926824,21.33649978800839,2.422378867845059,53.47771178130224,-999,1,0,0,0,0,0,0,-999.0,-999.0,-999.0,-999.0,0,-999.0,-999.0,-999.0,-999.0,-999.0,0,-999.0,-999.0,-999.0,0,32800,-999.0,-999.0,-999.0,-999.0,0,-999.0,-999.0,-999.0,-999.0,-999.0,0,-999.0,-999.0,-999.0,0,32,-999.0,-999.0,-999.0,-999.0,0,-999.0,-999.0,-999.0,-999.0,-999.0,0,-999.0,-999.0,-999.0,0,32,-999.0,-999.0,-999.0,-999.0,0,-999.0,-999.0,-999.0,-999.0,-999.0,0,-999.0,-999.0,-999.0,0,32,-999.0,-999.0,-999.0,-999.0,0,-999.0,-999.0,-999.0,-999.0,-999.0,0,-999.0,-999.0,-999.0,0,32,0.03424498666300821
PSO J223.8701+05.5984,-999,-999,-999,114712238701358521,3496239000021373,65296387822460,0,15189953752510,11471,1,1467,41,0.458256793635205,3496239,15203,3,268513280,0,32,-999.0,-999.0,-999.0,-999.0,223.87011507,5.59837167,0.01558000035583973,0.01558000035583973,,,,,56678.66599537,-999.0,-0.7174740565096409,-0.6897202876556077,0.09755461563589164,219.62155736072756,21.3374164184736,2.4238333522187494,53.47801562719022,-999,0,1,0,0,0,1,0,-999.0,-999.0,-999.0,-999.0,0,-999.0,-999.0,-999.0,-999.0,-999.0,0,-999.0,-999.0,-999.0,0,0,-999.0,-999.0,-999.0,-999.0,0,-999.0,-999.0,-999.0,-999.0,-999.0,0,-999.0,-999.0,-999.0,0,0,-999.0,-999.0,-999.0,-999.0,0,-999.0,-999.0,-999.0,-999.0,-999.0,0,-999.0,-999.0,-999.0,0,0,0.999144971370697,17.193899154663086,0.004201000090688467,-999.0,1,17.193899154663086,17.193899154663086,17.974599838256836,0.011474999599158764,-999.0,1,17.88909912109375,0.004201000090688467,-999.0,1,24,-999.0,-999.0,-999.0,-999.0,0,-999.0,-999.0,-999.0,-999.0,-999.0,0,-999.0,-999.0,-999.0,0,0,0.03492333530673872
PSO J223.8706+05.5938,-999,-999,-999,114712238705623036,3496239000021439,65296387822526,0,15189953777698,11471,1,1467,31,0.807462788938976,3496239,15203,3,268959744,0,32,-999.0,-999.0,-999.0,-999.0,223.87055149,5.59382137,0.28384000062942505,0.28384000062942505,,,,,55694.36315972,-999.0,-0.7174743859271803,-0.6897311197415801,0.09747557642015611,219.6235049341061,21.33322083503269,2.4184082565574614,53.47478005197025,-999,0,1,0,1,0,0,0,-999.0,-999.0,-999.0,-999.0,0,-999.0,-999.0,-999.0,-999.0,-999.0,0,-999.0,-999.0,-999.0,0,0,0.7461169958114624,21.528600692749023,0.2834460139274597,-999.0,1,21.528600692749023,21.528600692749023,-999.0,-999.0,-999.0,0,22.406600952148438,0.2834460139274597,-999.0,1,4112,-999.0,-999.0,-999.0,-999.0,0,-999.0,-999.0,-999.0,-999.0,-999.0,0,-999.0,-999.0,-999.0,0,0,-999.0,-999.0,-999.0,-999.0,0,-999.0,-999.0,-999.0,-999.0,-999.0,0,-999.0,-999.0,-999.0,0,0,-999.0,-999.0,-999.0,-999.0,0,-999.0,-999.0,-999.0,-999.0,-999.0,0,-999.0,-999.0,-999.0,0,0,0.03055770730827046
PSO J223.8714+05.5965,-999,-999,-999,114712238713736237,3496239000021568,65296387822655,0,15189953749978,11471,1,1467,31,0.663740563824531,3496239,15203,3,268513280,0,32,-999.0,-999.0,-999.0,-999.0,223.87135277,5.59648781,0.018479999154806137,0.018479999154806137,,,,,56317.67460648,-999.0,-0.717461468975539,-0.6897380089206075,0.09752189285333547,219.6234382162696,21.336003277572804,2.422714078314876,53.475865621536606,-999,0,1,0,0,0,0,1,-999.0,-999.0,-999.0,-999.0,0,-999.0,-999.0,-999.0,-999.0,-999.0,0,-999.0,-999.0,-999.0,0,0,-999.0,-999.0,-999.0,-999.0,0,-999.0,-999.0,-999.0,-999.0,-999.0,0,-999.0,-999.0,-999.0,0,0,-999.0,-999.0,-999.0,-999.0,0,-999.0,-999.0,-999.0,-999.0,-999.0,0,-999.0,-999.0,-999.0,0,0,-999.0,-999.0,-999.0,-999.0,0,-999.0,-999.0,-999.0,-999.0,-999.0,0,-999.0,-999.0,-999.0,0,0,0.9970070123672485,16.766000747680664,0.010797999799251556,-999.0,1,16.766000747680664,16.766000747680664,17.70709991455078,0.03217199817299843,-999.0,1,17.622299194335938,0.010797999799251556,-999.0,1,24,0.03272190672948077
PSO J223.8714+05.5956,-999,-999,-999,114712238713795222,3496239000021570,65296387822657,0,15189953749192,11471,1,1467,31,0.54064566878662,3496239,15203,3,268959744,0,32,-999.0,-999.0,-999.0,-999.0,223.8713757,5.59559729,0.34283000230789185,0.34283000230789185,,,,,56822.41376157,-999.0,-0.7174622855421107,-0.6897393464355767,0.09750642442072424,219.62375584877043,21.335163032771675,2.4215857556916087,53.475280316044426,-999,0,1,0,0,1,0,0,-999.0,-999.0,-999.0,-999.0,0,-999.0,-999.0,-999.0,-999.0,-999.0,0,-999.0,-999.0,-999.0,0,0,-999.0,-999.0,-999.0,-999.0,0,-999.0,-999.0,-999.0,-999.0,-999.0,0,-999.0,-999.0,-999.0,0,0,0.7043539881706238,21.15839958190918,0.3425000011920929,-999.0,1,21.15839958190918,21.15839958190918,-999.0,-999.0,-999.0,1,22.78529930114746,0.3425000011920929,-999.0,1,4112,-999.0,-999.0,-999.0,-999.0,0,-999.0,-999.0,-999.0,-999.0,-999.0,0,-999.0,-999.0,-999.0,0,0,-999.0,-999.0,-999.0,-999.0,0,-999.0,-999.0,-999.0,-999.0,-999.0,0,-999.0,-999.0,-999.0,0,0,0.03188241450896099
PSO J223.8721+05.5955,-999,-999,-999,114712238721205095,3496239000021706,65296387822793,0,15189953286331,11471,1,1467,31,0.418329569900715,3496239,15203,3,268959744,0,32,-999.0,-999.0,-999.0,-999.0,223.87210389,5.5955387,0.3834500014781952,0.3834500014781952,,,,,55608.62884259,-999.0,-0.7174535912495341,-0.689748533935693,0.09750540670500517,219.62451546778755,21.33533039527653,2.4222861989721447,53.474684615956285,-999,0,1,0,0,0,0,1,-999.0,-999.0,-999.0,-999.0,0,-999.0,-999.0,-999.0,-999.0,-999.0,0,-999.0,-999.0,-999.0,0,0,-999.0,-999.0,-999.0,-999.0,0,-999.0,-999.0,-999.0,-999.0,-999.0,0,-999.0,-999.0,-999.0,0,0,-999.0,-999.0,-999.0,-999.0,0,-999.0,-999.0,-999.0,-999.0,-999.0,0,-999.0,-999.0,-999.0,0,0,-999.0,-999.0,-999.0,-999.0,0,-999.0,-999.0,-999.0,-999.0,-999.0,0,-999.0,-999.0,-999.0,0,0,0.3260740041732788,19.712499618530273,0.38315701484680176,-999.0,1,19.712499618530273,19.712499618530273,-999.0,-999.0,-999.0,0,-999.0,-999.0,-999.0,0,4112,0.03157160779292064
PSO J223.8728+05.5913,-999,-999,-999,114712238727850043,3496239000021815,65296387822902,0,15189953310011,11471,1,1467,31,0.978682833703871,3496239,15203,3,436527104,7,52,223.87278543,5.59131792,0.0010000000474974513,0.0010000000474974513,223.87276621990415,5.591318430003273,0.0019886791874209973,0.001991364528623794,-2.6253740034748043,-3.3282523772120447,1.5777505757436923,1.5789704970532565,56141.53333795087,2.56251859664917,-0.7174507932496909,-0.6897618032273801,0.09743209981265051,219.62658162357417,21.331516207908614,2.4175257536523587,53.47148715186281,-999,10,67,10,12,12,15,18,0.999688982963562,19.94860076904297,0.02402600087225437,0.08749999850988388,10,19.859399795532227,20.14069938659668,20.075599670410156,0.02096799947321415,0.08754800260066986,9,20.06049919128418,0.04963500052690506,0.16837599873542786,9,115000,0.9992210268974304,18.947999954223633,0.008190000429749489,0.06999099999666214,10,18.856000900268555,19.124900817871094,19.020599365234375,0.016912000253796577,0.08815000206232071,10,18.92639923095703,0.013195999898016453,0.0804309993982315,10,115000,0.9998729825019836,18.54290008544922,0.010747999884188175,0.032186999917030334,9,18.509199142456055,18.61009979248047,18.646099090576172,0.01774599961936474,0.06988000124692917,10,18.55579948425293,0.021226000040769577,0.05690699815750122,10,115000,0.9998369812965393,18.31999969482422,0.005369000136852264,0.02868499979376793,15,18.29010009765625,18.394500732421875,18.420799255371094,0.013074000366032124,0.047936998307704926,15,18.338699340820312,0.009856999851763248,0.05215400084853172,15,115000,0.9994450211524963,18.17490005493164,0.009123999625444412,0.04832800105214119,18,18.13990020751953,18.28380012512207,18.28809928894043,0.018806999549269676,0.06991700083017349,18,18.176000595092773,0.018689999356865883,0.07482299953699112,18,115000,0.02739429356791417
PSO J223.8733+05.5956,-999,-999,-999,114712238733335272,3496239000021908,65296387822995,0,15189953287148,11471,1,1467,31,0.0823432524524101,3496239,15203,3,436527248,7,52,223.8733474,5.59564845,0.0010000000474974513,0.0010000000474974513,223.87332661497337,5.595649132096829,0.007891608003558162,0.007891608003558162,-2.118972751424125,-26.536963254610846,7.152076705712818,7.152076705712818,55941.55445606988,3.2573869228363037,-0.7174387359779216,-0.6897637144011596,0.09750732492442576,219.6257298388273,21.335806907875973,2.4237321853361244,53.47380947470235,-999,10,47,8,11,9,15,4,0.9998679757118225,20.873699188232422,0.043776001781225204,0.22187300026416779,8,20.707799911499023,21.262699127197266,20.8656005859375,0.07213400304317474,0.26211100816726685,7,20.981700897216797,0.1291310042142868,0.3996430039405823,8,115000,0.9996569752693176,20.62980079650879,0.028884999454021454,0.18357400596141815,10,20.33139991760254,20.802200317382812,20.73110008239746,0.0401809997856617,0.21907199919223785,10,20.697200775146484,0.03717600181698799,0.2286050021648407,10,115000,0.9996740221977234,20.6781005859375,0.07582399994134903,0.23795999586582184,7,20.34320068359375,20.74970054626465,20.45400047302246,0.11437799781560898,0.41060999035835266,8,20.404199600219727,0.12542399764060974,0.3360710144042969,8,115000,0.9994300007820129,20.583599090576172,0.050988998264074326,0.2398100048303604,14,20.198299407958984,20.900100708007812,20.39739990234375,0.08187299966812134,0.42904600501060486,14,20.3799991607666,0.060141000896692276,0.38158300518989563,15,115000,0.999364972114563,20.397499084472656,0.10878200083971024,0.3505620062351227,4,19.98069953918457,20.647600173950195,20.149200439453125,0.1827850043773651,0.2952120006084442,4,20.11319923400879,0.15363900363445282,0.6071199774742126,4,115000,0.031279616284710716
PSO J223.8733+05.5991,-999,-999,-999,114712238734169363,3496239000114199,65296387915719,0,15189953751009,11471,1,1467,41,0.285903674816623,3496239,15203,3,404226048,0,48,223.87331401,5.59910228,0.0010000000474974513,0.0010000000474974513,223.87331401,5.59910228,0.0010000000474974513,0.0010000000474974513,,,,,55995.96274306,-999.0,-0.7174346500979685,-0.6897594824062755,0.09756730635531852,219.6245678649191,21.33909166894391,2.4281893278832047,53.47602844981725,-999,5,0,0,0,0,0,0,-999.0,-999.0,-999.0,-999.0,0,-999.0,-999.0,-999.0,-999.0,-999.0,0,-999.0,-999.0,-999.0,0,114720,-999.0,-999.0,-999.0,-999.0,0,-999.0,-999.0,-999.0,-999.0,-999.0,0,-999.0,-999.0,-999.0,0,16416,-999.0,-999.0,-999.0,-999.0,0,-999.0,-999.0,-999.0,-999.0,-999.0,0,-999.0,-999.0,-999.0,0,16416,-999.0,-999.0,-999.0,-999.0,0,-999.0,-999.0,-999.0,-999.0,-999.0,0,-999.0,-999.0,-999.0,0,114720,-999.0,-999.0,-999.0,-999.0,0,-999.0,-999.0,-999.0,-999.0,-999.0,0,-999.0,-999.0,-999.0,0,16416,0.034584953026578436
PSO J223.8735+05.5933,-999,-999,-999,114712238735122538,3496239000021937,65296387823024,0,15189953340200,11471,1,1467,31,0.2370120335715,3496239,15203,3,436527104,7,52,223.87358223,5.59327253,0.0010000000474974513,0.0010000000474974513,223.87354805185402,5.593283897926907,0.030221537074229917,0.030221537074229917,0.8037769620167885,3.399548326139503,22.847545890296512,22.847545890296512,56188.412016965696,5.714056968688965,-0.7174389712198399,-0.6897692763174185,0.09746624043002053,219.62672133896945,21.33362270632965,2.4208952068437157,53.472144421369336,-999,8,8,0,0,2,5,1,-999.0,-999.0,-999.0,-999.0,0,-999.0,-999.0,-999.0,-999.0,-999.0,0,-999.0,-999.0,-999.0,0,16416,-999.0,-999.0,-999.0,-999.0,0,-999.0,-999.0,-999.0,-999.0,-999.0,0,-999.0,-999.0,-999.0,0,114720,0.9982830286026001,21.27400016784668,0.24825400114059448,0.49426698684692383,2,20.779800415039062,21.27630043029785,-999.0,-999.0,-999.0,2,21.073299407958984,0.4483810067176819,0.8949739933013916,2,115000,0.9991070032119751,21.203500747680664,0.11510500311851501,0.2776069939136505,5,20.756500244140625,21.31920051574707,21.01180076599121,0.18691200017929077,0.4426400065422058,5,20.903400421142578,0.1123099997639656,0.3589150011539459,5,115000,0.9993739724159241,20.6299991607666,0.17421600222587585,-999.0,1,20.6299991607666,20.6299991607666,20.02750015258789,0.21919099986553192,-999.0,1,19.940000534057617,0.17421600222587585,-999.0,1,16892216,0.028966014396220777
PSO J223.8742+05.5915,-999,-999,-999,114712238742420307,3496239000022077,65296387823164,0,15189953342993,11471,1,1467,31,0.981356300396245,3496239,15203,3,268959744,0,32,-999.0,-999.0,-999.0,-999.0,223.87424293,5.59154026,-999.0,-999.0,,,,,-999.0,-999.0,-0.7174327435354478,-0.6897800327317803,0.097435953055042,219.62801137828868,21.332181480899358,2.41939097208506,53.47049535355048,-999,0,1,1,0,0,0,0,-999.0,-999.0,-999.0,-999.0,0,-999.0,-999.0,-999.0,-999.0,-999.0,0,-999.0,-999.0,-999.0,0,24,-999.0,-999.0,-999.0,-999.0,0,-999.0,-999.0,-999.0,-999.0,-999.0,0,-999.0,-999.0,-999.0,0,0,-999.0,-999.0,-999.0,-999.0,0,-999.0,-999.0,-999.0,-999.0,-999.0,0,-999.0,-999.0,-999.0,0,0,-999.0,-999.0,-999.0,-999.0,0,-999.0,-999.0,-999.0,-999.0,-999.0,0,-999.0,-999.0,-999.0,0,0,-999.0,-999.0,-999.0,-999.0,0,-999.0,-999.0,-999.0,-999.0,-999.0,0,-999.0,-999.0,-999.0,0,0,0.027092434386115003
PSO J223.8749+05.5915,-999,-999,-999,114712238748640255,3496239000022209,65296387823296,0,15189953343092,11471,1,1467,31,0.960625791885542,3496239,15203,3,268513280,0,32,-999.0,-999.0,-999.0,-999.0,223.87485265,5.59149714,0.019899999722838402,0.019899999722838402,,,,,56396.56409722,-999.0,-0.7174254559761402,-0.6897877181634672,0.09743520404999757,219.62864544635823,21.33232725296213,2.4199851143630453,53.47000036370356,-999,0,1,0,1,0,0,0,-999.0,-999.0,-999.0,-999.0,0,-999.0,-999.0,-999.0,-999.0,-999.0,0,-999.0,-999.0,-999.0,0,0,0.9987760186195374,17.459199905395508,0.013067999854683876,-999.0,1,17.459199905395508,17.459199905395508,18.451499938964844,0.04541400074958801,-999.0,1,18.363800048828125,0.013067999854683876,-999.0,1,24,-999.0,-999.0,-999.0,-999.0,0,-999.0,-999.0,-999.0,-999.0,-999.0,0,-999.0,-999.0,-999.0,0,0,-999.0,-999.0,-999.0,-999.0,0,-999.0,-999.0,-999.0,-999.0,-999.0,0,-999.0,-999.0,-999.0,0,0,-999.0,-999.0,-999.0,-999.0,0,-999.0,-999.0,-999.0,-999.0,-999.0,0,-999.0,-999.0,-999.0,0,0,0.026862242206317236
PSO J223.8750+05.5962,-999,-999,-999,114712238749935887,3496239000022230,65296387823317,0,15189953290034,11471,1,1467,31,0.289652042360652,3496239,15203,3,268959744,0,32,-999.0,-999.0,-999.0,-999.0,223.87499368,5.5961904,-999.0,-999.0,,,,,-999.0,-999.0,-0.7174180024243375,-0.6897839500811711,0.0975167268107875,219.6272377748777,21.336835814587566,2.4262102583274614,53.472884243446906,-999,0,1,0,1,0,0,0,-999.0,-999.0,-999.0,-999.0,0,-999.0,-999.0,-999.0,-999.0,-999.0,0,-999.0,-999.0,-999.0,0,0,-999.0,-999.0,-999.0,-999.0,0,-999.0,-999.0,18.752300262451172,0.014960000291466713,-999.0,1,-999.0,-999.0,-999.0,0,24,-999.0,-999.0,-999.0,-999.0,0,-999.0,-999.0,-999.0,-999.0,-999.0,0,-999.0,-999.0,-999.0,0,0,-999.0,-999.0,-999.0,-999.0,0,-999.0,-999.0,-999.0,-999.0,-999.0,0,-999.0,-999.0,-999.0,0,0,-999.0,-999.0,-999.0,-999.0,0,-999.0,-999.0,-999.0,-999.0,-999.0,0,-999.0,-999.0,-999.0,0,0,0.031332576007236726
PSO J223.8750+05.5962,-999,-999,-999,114712238749945886,3496239000022231,65296387823318,0,15189953290034,11471,1,1467,31,0.767438564232959,3496239,15203,3,268959744,0,32,-999.0,-999.0,-999.0,-999.0,223.87499435,5.59618948,-999.0,-999.0,,,,,-999.0,-999.0,-0.7174179954869399,-0.6897839595557027,0.097516710830288,219.62723876004085,21.336835144533474,2.42620978159373,53.47288314321274,-999,0,1,0,1,0,0,0,-999.0,-999.0,-999.0,-999.0,0,-999.0,-999.0,-999.0,-999.0,-999.0,0,-999.0,-999.0,-999.0,0,0,-999.0,-999.0,-999.0,-999.0,0,-999.0,-999.0,18.752500534057617,0.015027999877929688,-999.0,1,-999.0,-999.0,-999.0,0,24,-999.0,-999.0,-999.0,-999.0,0,-999.0,-999.0,-999.0,-999.0,-999.0,0,-999.0,-999.0,-999.0,0,0,-999.0,-999.0,-999.0,-999.0,0,-999.0,-999.0,-999.0,-999.0,-999.0,0,-999.0,-999.0,-999.0,0,0,-999.0,-999.0,-999.0,-999.0,0,-999.0,-999.0,-999.0,-999.0,-999.0,0,-999.0,-999.0,-999.0,0,0,0.03133151667614442
PSO J223.8752+05.5951,-999,-999,-999,114712238751924610,3496239000116493,65296387919653,0,15189953289773,11471,1,1467,31,0.122475908251922,3496239,15203,3,1343750144,0,160,223.87518545,5.5951186,0.0010000000474974513,0.0010000000474974513,223.87518545,5.5951186,0.0010000000474974513,0.0010000000474974513,,,,,55988.15394676,-999.0,-0.7174170085458937,-0.6897876154952925,0.0974981095118227,219.6277869429811,21.33587481511186,2.4250272918153195,53.472053937955096,-999,2,0,0,0,0,0,0,-999.0,-999.0,-999.0,-999.0,0,-999.0,-999.0,-999.0,-999.0,-999.0,0,-999.0,-999.0,-999.0,0,16416,-999.0,-999.0,-999.0,-999.0,0,-999.0,-999.0,-999.0,-999.0,-999.0,0,-999.0,-999.0,-999.0,0,16416,-999.0,-999.0,-999.0,-999.0,0,-999.0,-999.0,-999.0,-999.0,-999.0,0,-999.0,-999.0,-999.0,0,16416,-999.0,-999.0,-999.0,-999.0,0,-999.0,-999.0,-999.0,-999.0,-999.0,0,-999.0,-999.0,-999.0,0,114720,-999.0,-999.0,-999.0,-999.0,0,-999.0,-999.0,-999.0,-999.0,-999.0,0,-999.0,-999.0,-999.0,0,16416,0.030247606324866037
PSO J223.8756+05.5918,-999,-999,-999,114712238756650627,3496239000022354,65296387823441,0,15189953343300,11471,1,1467,31,0.370601403872111,3496239,15203,3,268959744,0,32,-999.0,-999.0,-999.0,-999.0,223.87564419,5.59180707,0.2132200002670288,0.2132200002670288,,,,,56042.3678588,-999.0,-0.7174155465680186,-0.6897972640050481,0.09744058760937842,219.62934767513653,21.33286463281503,2.4212299988381307,53.46959104309399,-999,0,1,1,0,0,0,0,0.5221449732780457,21.749399185180664,0.2126920074224472,-999.0,1,21.749399185180664,21.749399185180664,-999.0,-999.0,-999.0,0,-999.0,-999.0,-999.0,0,4120,-999.0,-999.0,-999.0,-999.0,0,-999.0,-999.0,-999.0,-999.0,-999.0,0,-999.0,-999.0,-999.0,0,0,-999.0,-999.0,-999.0,-999.0,0,-999.0,-999.0,-999.0,-999.0,-999.0,0,-999.0,-999.0,-999.0,0,0,-999.0,-999.0,-999.0,-999.0,0,-999.0,-999.0,-999.0,-999.0,-999.0,0,-999.0,-999.0,-999.0,0,0,-999.0,-999.0,-999.0,-999.0,0,-999.0,-999.0,-999.0,-999.0,-999.0,0,-999.0,-999.0,-999.0,0,0,0.026933153612721937
PSO J223.8761+05.5919,-999,-999,-999,114712238761500704,3496239000022431,65296387823518,0,15189953342632,11471,1,1467,31,0.122310675794548,3496239,15203,3,268959744,0,32,-999.0,-999.0,-999.0,-999.0,223.87612836,5.59187881,0.3299899995326996,0.3299899995326996,,,,,56042.37965278,-999.0,-0.7174096295599115,-0.689803241837924,0.09744183375019745,219.62981615900256,21.333081220404623,2.421838943175041,53.46926553849906,-999,0,1,1,0,0,0,0,0.5494430065155029,22.250099182128906,0.32964399456977844,-999.0,1,22.250099182128906,22.250099182128906,-999.0,-999.0,-999.0,0,-999.0,-999.0,-999.0,0,4120,-999.0,-999.0,-999.0,-999.0,0,-999.0,-999.0,-999.0,-999.0,-999.0,0,-999.0,-999.0,-999.0,0,0,-999.0,-999.0,-999.0,-999.0,0,-999.0,-999.0,-999.0,-999.0,-999.0,0,-999.0,-999.0,-999.0,0,0,-999.0,-999.0,-999.0,-999.0,0,-999.0,-999.0,-999.0,-999.0,-999.0,0,-999.0,-999.0,-999.0,0,0,-999.0,-999.0,-999.0,-999.0,0,-999.0,-999.0,-999.0,-999.0,-999.0,0,-999.0,-999.0,-999.0,0,0,0.026875553398184295
PSO J223.8765+05.5928,-999,-999,-999,114712238765201811,3496239000116521,65296387919681,0,15189953342531,11471,1,1467,31,0.376422789298392,3496239,15203,3,1343750144,0,160,223.87653023,5.59283794,0.0010000000474974513,0.0010000000474974513,223.87653023,5.59283794,0.0010000000474974513,0.0010000000474974513,,,,,55954.56858796,-999.0,-0.7174036153856287,-0.6898071430254322,0.0974584940511589,219.62990772508675,21.334116894811714,2.4235087019862935,53.46956886256033,-999,2,0,0,0,0,0,0,-999.0,-999.0,-999.0,-999.0,0,-999.0,-999.0,-999.0,-999.0,-999.0,0,-999.0,-999.0,-999.0,0,114720,-999.0,-999.0,-999.0,-999.0,0,-999.0,-999.0,-999.0,-999.0,-999.0,0,-999.0,-999.0,-999.0,0,16416,-999.0,-999.0,-999.0,-999.0,0,-999.0,-999.0,-999.0,-999.0,-999.0,0,-999.0,-999.0,-999.0,0,16416,-999.0,-999.0,-999.0,-999.0,0,-999.0,-999.0,-999.0,-999.0,-999.0,0,-999.0,-999.0,-999.0,0,16416,-999.0,-999.0,-999.0,-999.0,0,-999.0,-999.0,-999.0,-999.0,-999.0,0,-999.0,-999.0,-999.0,0,16416,0.0277085099437024
PSO J223.8767+05.5922,-999,-999,-999,114712238767351101,3496239000022537,65296387823624,0,15189953342569,11471,1,1467,31,0.821741511879248,3496239,15203,3,268959744,0,32,-999.0,-999.0,-999.0,-999.0,223.87671341,5.5922018,0.20317000150680542,0.20317000150680542,,,,,56042.3678588,-999.0,-0.7174021899409685,-0.6898101865689915,0.09744744416122882,219.63030416585156,21.33356776265871,2.422880595835072,53.46902285678156,-999,0,1,1,0,0,0,0,0.7241520285606384,21.817399978637695,0.2026199996471405,-999.0,1,21.817399978637695,21.817399978637695,21.955299377441406,0.2383739948272705,-999.0,1,23.27429962158203,0.2026199996471405,-999.0,1,4120,-999.0,-999.0,-999.0,-999.0,0,-999.0,-999.0,-999.0,-999.0,-999.0,0,-999.0,-999.0,-999.0,0,0,-999.0,-999.0,-999.0,-999.0,0,-999.0,-999.0,-999.0,-999.0,-999.0,0,-999.0,-999.0,-999.0,0,0,-999.0,-999.0,-999.0,-999.0,0,-999.0,-999.0,-999.0,-999.0,-999.0,0,-999.0,-999.0,-999.0,0,0,-999.0,-999.0,-999.0,-999.0,0,-999.0,-999.0,-999.0,-999.0,-999.0,0,-999.0,-999.0,-999.0,0,0,0.027047435150285765
PSO J223.8777+05.5938,-999,-999,-999,114712238777363002,3496239000116542,65296387919702,0,15189953342377,11471,1,1467,31,0.740289233383061,3496239,15203,3,1343750144,0,160,223.87773667,5.59378606,0.0010000000474974513,0.0010000000474974513,223.87773667,5.59378606,0.0010000000474974513,0.0010000000474974513,,,,,55940.11799769,-999.0,-0.7173879278222077,-0.6898211308648642,0.09747496307913488,219.63082084051348,21.335388580048825,2.426021793345131,53.46924820964569,-999,1,0,0,0,0,0,0,-999.0,-999.0,-999.0,-999.0,0,-999.0,-999.0,-999.0,-999.0,-999.0,0,-999.0,-999.0,-999.0,0,114720,-999.0,-999.0,-999.0,-999.0,0,-999.0,-999.0,-999.0,-999.0,-999.0,0,-999.0,-999.0,-999.0,0,16416,-999.0,-999.0,-999.0,-999.0,0,-999.0,-999.0,-999.0,-999.0,-999.0,0,-999.0,-999.0,-999.0,0,16416,-999.0,-999.0,-999.0,-999.0,0,-999.0,-999.0,-999.0,-999.0,-999.0,0,-999.0,-999.0,-999.0,0,16416,-999.0,-999.0,-999.0,-999.0,0,-999.0,-999.0,-999.0,-999.0,-999.0,0,-999.0,-999.0,-999.0,0,16416,0.028385603531128595
PSO J223.8786+05.5994,-999,-999,-999,114712238786339792,3496239000022875,65296387823962,0,15189953297087,11471,1,1467,41,0.945761408606322,3496239,15203,3,268513280,0,32,-999.0,-999.0,-999.0,-999.0,223.87861637,5.59944181,0.019770000129938126,0.019770000129938126,,,,,55758.26621528,-999.0,-0.7173703974052383,-0.6898254727019012,0.09757320399704557,219.62984602528522,21.34103920596888,2.434280453223611,53.47217884395116,-999,0,1,0,0,0,0,1,-999.0,-999.0,-999.0,-999.0,0,-999.0,-999.0,-999.0,-999.0,-999.0,0,-999.0,-999.0,-999.0,0,0,-999.0,-999.0,-999.0,-999.0,0,-999.0,-999.0,-999.0,-999.0,-999.0,0,-999.0,-999.0,-999.0,0,0,-999.0,-999.0,-999.0,-999.0,0,-999.0,-999.0,-999.0,-999.0,-999.0,0,-999.0,-999.0,-999.0,0,0,-999.0,-999.0,-999.0,-999.0,0,-999.0,-999.0,-999.0,-999.0,-999.0,0,-999.0,-999.0,-999.0,0,0,0.998956024646759,16.96739959716797,0.012880999594926834,-999.0,1,16.96739959716797,16.96739959716797,17.197099685668945,0.023970000445842743,-999.0,1,17.106300354003906,0.012880999594926834,-999.0,1,24,0.03383626042563001
PSO J223.8788+05.5924,-999,-999,-999,114712238787631335,3496239000116557,65296387919717,0,15189953343909,11471,1,1467,31,0.960805416070675,3496239,15203,3,1343750144,0,160,223.87876402,5.59239343,0.0010000000474974513,0.0010000000474974513,223.87876402,5.59239343,0.0010000000474974513,0.0010000000474974513,,,,,55904.10259259,-999.0,-0.717377266316607,-0.6898356359665987,0.09745077281720328,219.6323254415715,21.334378300508693,2.4253142844491533,53.46757265949102,-999,2,0,0,0,0,0,0,-999.0,-999.0,-999.0,-999.0,0,-999.0,-999.0,-999.0,-999.0,-999.0,0,-999.0,-999.0,-999.0,0,114720,-999.0,-999.0,-999.0,-999.0,0,-999.0,-999.0,-999.0,-999.0,-999.0,0,-999.0,-999.0,-999.0,0,16416,-999.0,-999.0,-999.0,-999.0,0,-999.0,-999.0,-999.0,-999.0,-999.0,0,-999.0,-999.0,-999.0,0,16416,-999.0,-999.0,-999.0,-999.0,0,-999.0,-999.0,-999.0,-999.0,-999.0,0,-999.0,-999.0,-999.0,0,16416,-999.0,-999.0,-999.0,-999.0,0,-999.0,-999.0,-999.0,-999.0,-999.0,0,-999.0,-999.0,-999.0,0,16416,0.02683862415250302
PSO J223.8789+05.5931,-999,-999,-999,114712238787722286,3496239000022905,65296387823992,0,15189953343567,11471,1,1467,31,0.821658120324517,3496239,15203,3,1343750144,0,160,223.87886135,5.59305962,0.0010000000474974513,0.0010000000474974513,223.87886135,5.59305962,0.0010000000474974513,0.0010000000474974513,,,,,56028.92931713,-999.0,-0.7173752776910827,-0.689836069169694,0.09746234467807137,219.63220423561643,21.335041961490884,2.4262802638444976,53.46792271686706,-999,2,1,1,0,0,0,0,0.6030939817428589,21.673999786376953,0.31592699885368347,-999.0,1,21.673999786376953,21.673999786376953,21.07110023498535,0.22318099439144135,-999.0,1,21.076400756835938,0.31592699885368347,-999.0,1,118840,-999.0,-999.0,-999.0,-999.0,0,-999.0,-999.0,-999.0,-999.0,-999.0,0,-999.0,-999.0,-999.0,0,16416,-999.0,-999.0,-999.0,-999.0,0,-999.0,-999.0,-999.0,-999.0,-999.0,0,-999.0,-999.0,-999.0,0,16416,-999.0,-999.0,-999.0,-999.0,0,-999.0,-999.0,-999.0,-999.0,-999.0,0,-999.0,-999.0,-999.0,0,16416,-999.0,-999.0,-999.0,-999.0,0,-999.0,-999.0,-999.0,-999.0,-999.0,0,-999.0,-999.0,-999.0,0,16416,0.027482056737964233
PSO J223.8792+05.5922,-999,-999,-999,114712238791781133,3496239000116565,65296387919725,0,15189953344464,11471,1,1467,31,0.332119376707933,3496239,15203,3,404226048,0,48,223.87917208,5.59222975,0.0010000000474974513,0.0010000000474974513,223.87917208,5.59222975,0.0010000000474974513,0.0010000000474974513,,,,,55995.96274306,-999.0,-0.7173725539591356,-0.6898409380656615,0.09744792965905014,219.63279435725178,21.334347576248803,2.425537354800729,53.46715541879403,-999,3,0,0,0,0,0,0,-999.0,-999.0,-999.0,-999.0,0,-999.0,-999.0,-999.0,-999.0,-999.0,0,-999.0,-999.0,-999.0,0,16416,-999.0,-999.0,-999.0,-999.0,0,-999.0,-999.0,-999.0,-999.0,-999.0,0,-999.0,-999.0,-999.0,0,16416,-999.0,-999.0,-999.0,-999.0,0,-999.0,-999.0,-999.0,-999.0,-999.0,0,-999.0,-999.0,-999.0,0,114720,-999.0,-999.0,-999.0,-999.0,0,-999.0,-999.0,-999.0,-999.0,-999.0,0,-999.0,-999.0,-999.0,0,16416,-999.0,-999.0,-999.0,-999.0,0,-999.0,-999.0,-999.0,-999.0,-999.0,0,-999.0,-999.0,-999.0,0,16416,0.026615827450076106
PSO J223.8796+05.5925,-999,-999,-999,114712238796631453,3496239000023056,65296387824143,0,15189953344508,11471,1,1467,31,0.294370115077468,3496239,15203,3,310456320,0,37,-999.0,-999.0,-999.0,-999.0,223.87964354,5.59248884,0.15759000182151794,0.15759000182151794,,,,,56721.58826389,-999.0,-0.7173665599267474,-0.6898465355168136,0.0974524301098434,219.63318801742395,21.334738516868736,2.4263751693279683,53.46695907365278,-999,0,1,1,0,0,0,0,0.9991329908370972,21.41830062866211,0.1568720042705536,-999.0,1,21.41830062866211,21.41830062866211,19.69930076599121,0.10038699954748154,-999.0,1,20.296600341796875,0.1568720042705536,-999.0,1,16777496,-999.0,-999.0,-999.0,-999.0,0,-999.0,-999.0,-999.0,-999.0,-999.0,0,-999.0,-999.0,-999.0,0,0,-999.0,-999.0,-999.0,-999.0,0,-999.0,-999.0,-999.0,-999.0,-999.0,0,-999.0,-999.0,-999.0,0,0,-999.0,-999.0,-999.0,-999.0,0,-999.0,-999.0,-999.0,-999.0,-999.0,0,-999.0,-999.0,-999.0,0,0,-999.0,-999.0,-999.0,-999.0,0,-999.0,-999.0,-999.0,-999.0,-999.0,0,-999.0,-999.0,-999.0,0,0,0.026809774852959798
PSO J223.8798+05.5951,-999,-999,-999,114712238798554606,3496239000023090,65296387824177,0,15189953294359,11471,1,1467,31,0.213185222086669,3496239,15203,3,268959744,0,32,-999.0,-999.0,-999.0,-999.0,223.87984015,5.59512074,0.26910001039505005,0.26910001039505005,,,,,56317.67460648,-999.0,-0.7173609653176982,-0.6898458935383037,0.09749814668392216,219.63251814651903,21.33730286085043,2.429991241999731,53.468486055279456,-999,0,1,0,0,0,0,1,-999.0,-999.0,-999.0,-999.0,0,-999.0,-999.0,-999.0,-999.0,-999.0,0,-999.0,-999.0,-999.0,0,0,-999.0,-999.0,-999.0,-999.0,0,-999.0,-999.0,-999.0,-999.0,-999.0,0,-999.0,-999.0,-999.0,0,0,-999.0,-999.0,-999.0,-999.0,0,-999.0,-999.0,-999.0,-999.0,-999.0,0,-999.0,-999.0,-999.0,0,0,-999.0,-999.0,-999.0,-999.0,0,-999.0,-999.0,-999.0,-999.0,-999.0,0,-999.0,-999.0,-999.0,0,0,0.7727140188217163,20.381900787353516,0.2686780095100403,-999.0,1,20.381900787353516,20.381900787353516,-999.0,-999.0,-999.0,0,-999.0,-999.0,-999.0,0,4120,0.029401416979376684
PSO J223.8801+05.5980,-999,-999,-999,114712238801408070,3496239000023124,65296387824211,0,15189953298094,11471,1,1467,41,0.125561736641044,3496239,15203,3,268959744,0,32,-999.0,-999.0,-999.0,-999.0,223.8801257,5.59800605,0.2555600106716156,0.2555600106716156,,,,,56317.68130787,-999.0,-0.7173539873915712,-0.6898460645739624,0.09754826479866258,219.63185492111856,21.34013555422159,2.434030392527364,53.470106249774076,-999,0,1,0,0,0,0,1,-999.0,-999.0,-999.0,-999.0,0,-999.0,-999.0,-999.0,-999.0,-999.0,0,-999.0,-999.0,-999.0,0,0,-999.0,-999.0,-999.0,-999.0,0,-999.0,-999.0,-999.0,-999.0,-999.0,0,-999.0,-999.0,-999.0,0,0,-999.0,-999.0,-999.0,-999.0,0,-999.0,-999.0,-999.0,-999.0,-999.0,0,-999.0,-999.0,-999.0,0,0,-999.0,-999.0,-999.0,-999.0,0,-999.0,-999.0,-999.0,-999.0,-999.0,0,-999.0,-999.0,-999.0,0,0,0.68715900182724,19.64189910888672,0.25512099266052246,-999.0,1,19.64189910888672,19.64189910888672,-999.0,-999.0,-999.0,0,20.777999877929688,0.25512099266052246,-999.0,1,4120,0.03224519453235561
PSO J223.8807+05.5926,-999,-999,-999,114712238806701569,3496239000106602,65296387907691,0,15189953344069,11471,1,1467,31,0.500193170737655,3496239,15203,3,268959744,0,32,-999.0,-999.0,-999.0,-999.0,223.8806543,5.59260566,0.32368001341819763,0.32368001341819763,,,,,55239.58606481,-999.0,-0.7173542469523342,-0.689859052808821,0.09745445929851453,219.63417693886237,21.335159304771924,2.4276036048684575,53.466258492288446,-999,0,1,0,0,0,0,1,-999.0,-999.0,-999.0,-999.0,0,-999.0,-999.0,-999.0,-999.0,-999.0,0,-999.0,-999.0,-999.0,0,0,-999.0,-999.0,-999.0,-999.0,0,-999.0,-999.0,-999.0,-999.0,-999.0,0,-999.0,-999.0,-999.0,0,0,-999.0,-999.0,-999.0,-999.0,0,-999.0,-999.0,-999.0,-999.0,-999.0,0,-999.0,-999.0,-999.0,0,0,-999.0,-999.0,-999.0,-999.0,0,-999.0,-999.0,-999.0,-999.0,-999.0,0,-999.0,-999.0,-999.0,0,0,0.5304059982299805,20.11709976196289,0.3233329951763153,-999.0,1,20.11709976196289,20.11709976196289,-999.0,-999.0,-999.0,0,19.45560073852539,0.3233329951763153,-999.0,1,4120,0.026819464113948414
PSO J223.8808+05.5940,-999,-999,-999,114712238808493341,3496239000023245,65296387824332,0,15189953336571,11471,1,1467,31,0.862234880088116,3496239,15203,3,268959744,0,32,-999.0,-999.0,-999.0,-999.0,223.8808307,5.59400798,0.2034900039434433,0.2034900039434433,,,,,55947.81960648,-999.0,-0.7173504036057234,-0.6898596078287499,0.0974788178686485,219.633892861168,21.33654757899127,2.429606617937887,53.46701715176986,-999,0,2,1,0,0,0,1,0.5705959796905518,21.896900177001953,0.22962699830532074,-999.0,1,21.896900177001953,21.896900177001953,-999.0,-999.0,-999.0,1,-999.0,-999.0,-999.0,0,4120,-999.0,-999.0,-999.0,-999.0,0,-999.0,-999.0,-999.0,-999.0,-999.0,0,-999.0,-999.0,-999.0,0,0,-999.0,-999.0,-999.0,-999.0,0,-999.0,-999.0,-999.0,-999.0,-999.0,0,-999.0,-999.0,-999.0,0,0,-999.0,-999.0,-999.0,-999.0,0,-999.0,-999.0,-999.0,-999.0,-999.0,0,-999.0,-999.0,-999.0,0,0,0.39783599972724915,20.052499771118164,0.43557798862457275,-999.0,1,20.052499771118164,20.052499771118164,-999.0,-999.0,-999.0,0,22.548500061035156,0.43557798862457275,-999.0,1,4112,0.028202741811900096
PSO J223.8811+05.5942,-999,-999,-999,114712238811663460,3496239000023285,65296387824372,0,15189953336499,11471,1,1467,31,0.378603743741851,3496239,15203,3,268959744,0,32,-999.0,-999.0,-999.0,-999.0,223.88114262,5.59416722,0.16913999617099762,0.16913999617099762,,,,,56042.3678588,-999.0,-0.7173464527022795,-0.6898633253020874,0.09748158389461357,219.63415733573183,21.33679464183312,2.43014514739468,53.466879471436236,-999,0,1,1,0,0,0,0,0.6822019815444946,21.62070083618164,0.1684730052947998,-999.0,1,21.62070083618164,21.62070083618164,-999.0,-999.0,-999.0,1,21.742900848388672,0.1684730052947998,-999.0,1,4120,-999.0,-999.0,-999.0,-999.0,0,-999.0,-999.0,-999.0,-999.0,-999.0,0,-999.0,-999.0,-999.0,0,0,-999.0,-999.0,-999.0,-999.0,0,-999.0,-999.0,-999.0,-999.0,-999.0,0,-999.0,-999.0,-999.0,0,0,-999.0,-999.0,-999.0,-999.0,0,-999.0,-999.0,-999.0,-999.0,-999.0,0,-999.0,-999.0,-999.0,0,0,-999.0,-999.0,-999.0,-999.0,0,-999.0,-999.0,-999.0,-999.0,-999.0,0,-999.0,-999.0,-999.0,0,0,0.028339575267488364
PSO J223.8814+05.5913,-999,-999,-999,114712238813690058,3496239000116601,65296387919761,0,15189953346821,11471,1,1467,31,0.027970125924768,3496239,15203,3,1343750144,0,160,223.88137114,5.59132748,0.0010000000474974513,0.0010000000474974513,223.88137114,5.59132748,0.0010000000474974513,0.0010000000474974513,,,,,56056.84939815,-999.0,-0.7173471827504241,-0.6898695345449807,0.09743225701338028,219.63532804240972,21.334162776337134,2.426713301050378,53.464894006511926,-999,2,0,0,0,0,0,0,-999.0,-999.0,-999.0,-999.0,0,-999.0,-999.0,-999.0,-999.0,-999.0,0,-999.0,-999.0,-999.0,0,114720,-999.0,-999.0,-999.0,-999.0,0,-999.0,-999.0,-999.0,-999.0,-999.0,0,-999.0,-999.0,-999.0,0,16416,-999.0,-999.0,-999.0,-999.0,0,-999.0,-999.0,-999.0,-999.0,-999.0,0,-999.0,-999.0,-999.0,0,16416,-999.0,-999.0,-999.0,-999.0,0,-999.0,-999.0,-999.0,-999.0,-999.0,0,-999.0,-999.0,-999.0,0,16416,-999.0,-999.0,-999.0,-999.0,0,-999.0,-999.0,-999.0,-999.0,-999.0,0,-999.0,-999.0,-999.0,0,16416,0.025491081868484124
PSO J223.8821+05.5946,-999,-999,-999,114712238821304021,3496239000023429,65296387824516,0,15189953292684,11471,1,1467,31,0.336533387505015,3496239,15203,3,268959744,0,32,-999.0,-999.0,-999.0,-999.0,223.88211598,5.59461325,0.1910499930381775,0.1910499930381775,,,,,56369.22244213,-999.0,-0.7173341859819107,-0.6898749856777191,0.09748933150779436,219.6349994598022,21.337517195358963,2.4317597671606803,53.46641738405573,-999,0,2,1,0,1,0,0,0.5646939873695374,21.939300537109375,0.250203013420105,-999.0,1,21.939300537109375,21.939300537109375,-999.0,-999.0,-999.0,0,23.322399139404297,0.250203013420105,-999.0,1,4120,-999.0,-999.0,-999.0,-999.0,0,-999.0,-999.0,-999.0,-999.0,-999.0,0,-999.0,-999.0,-999.0,0,0,0.6623939871788025,20.945100784301758,0.2947629988193512,-999.0,1,20.945100784301758,20.945100784301758,-999.0,-999.0,-999.0,1,21.19659996032715,0.2947629988193512,-999.0,1,4112,-999.0,-999.0,-999.0,-999.0,0,-999.0,-999.0,-999.0,-999.0,-999.0,0,-999.0,-999.0,-999.0,0,0,-999.0,-999.0,-999.0,-999.0,0,-999.0,-999.0,-999.0,-999.0,-999.0,0,-999.0,-999.0,-999.0,0,0,0.028738721082295055
PSO J223.8822+05.5965,-999,-999,-999,114712238822006311,3496239000116615,65296387919775,0,15189953292958,11471,1,1467,31,0.963686812635219,3496239,15203,3,1075314688,0,128,223.88221521,5.59651607,0.0010000000474974513,0.0010000000474974513,223.88221521,5.59651607,0.0010000000474974513,0.0010000000474974513,,,,,56100.06346065,-999.0,-0.7173306571962711,-0.6898739833603889,0.09752238373232995,219.6344715329756,21.339358030116795,2.4343284665481373,53.46755417696451,-999,1,0,0,0,0,0,0,-999.0,-999.0,-999.0,-999.0,0,-999.0,-999.0,-999.0,-999.0,-999.0,0,-999.0,-999.0,-999.0,0,32800,-999.0,-999.0,-999.0,-999.0,0,-999.0,-999.0,-999.0,-999.0,-999.0,0,-999.0,-999.0,-999.0,0,32,-999.0,-999.0,-999.0,-999.0,0,-999.0,-999.0,-999.0,-999.0,-999.0,0,-999.0,-999.0,-999.0,0,32,-999.0,-999.0,-999.0,-999.0,0,-999.0,-999.0,-999.0,-999.0,-999.0,0,-999.0,-999.0,-999.0,0,32,-999.0,-999.0,-999.0,-999.0,0,-999.0,-999.0,-999.0,-999.0,-999.0,0,-999.0,-999.0,-999.0,0,32,0.030638027704501324
PSO J223.8825+05.5951,-999,-999,-999,114712238824964573,3496239000023480,65296387824567,0,15189953292737,11471,1,1467,31,0.631464352488019,3496239,15203,3,268959744,0,32,-999.0,-999.0,-999.0,-999.0,223.88246734,5.59510043,0.25095000863075256,0.25095000863075256,,,,,56045.39357639,-999.0,-0.7173293578901973,-0.6898788100051904,0.09749779389637445,219.63519566239728,21.338088357377423,2.4327647788463684,53.46645848667648,-999,0,1,0,0,1,0,0,-999.0,-999.0,-999.0,-999.0,0,-999.0,-999.0,-999.0,-999.0,-999.0,0,-999.0,-999.0,-999.0,0,0,-999.0,-999.0,-999.0,-999.0,0,-999.0,-999.0,-999.0,-999.0,-999.0,0,-999.0,-999.0,-999.0,0,0,0.5343989729881287,21.22909927368164,0.25050199031829834,-999.0,1,21.22909927368164,21.22909927368164,-999.0,-999.0,-999.0,0,-999.0,-999.0,-999.0,0,4120,-999.0,-999.0,-999.0,-999.0,0,-999.0,-999.0,-999.0,-999.0,-999.0,0,-999.0,-999.0,-999.0,0,0,-999.0,-999.0,-999.0,-999.0,0,-999.0,-999.0,-999.0,-999.0,-999.0,0,-999.0,-999.0,-999.0,0,0,0.029217239947302114
PSO J223.8829+05.5949,-999,-999,-999,114712238829454277,3496239000023551,65296387824638,0,15189953292786,11471,1,1467,31,0.340388174485777,3496239,15203,3,268959744,0,32,-999.0,-999.0,-999.0,-999.0,223.88292012,5.59485647,0.19212999939918518,0.19212999939918518,,,,,56042.37965278,-999.0,-0.7173242053055355,-0.6898847664410619,0.09749355627601082,219.63573657907713,21.33799494413907,2.4329315189749225,53.46595576907334,-999,0,1,1,0,0,0,0,0.6485660076141357,21.714399337768555,0.19154100120067596,-999.0,1,21.714399337768555,21.714399337768555,-999.0,-999.0,-999.0,1,-999.0,-999.0,-999.0,0,4120,-999.0,-999.0,-999.0,-999.0,0,-999.0,-999.0,-999.0,-999.0,-999.0,0,-999.0,-999.0,-999.0,0,0,-999.0,-999.0,-999.0,-999.0,0,-999.0,-999.0,-999.0,-999.0,-999.0,0,-999.0,-999.0,-999.0,0,0,-999.0,-999.0,-999.0,-999.0,0,-999.0,-999.0,-999.0,-999.0,-999.0,0,-999.0,-999.0,-999.0,0,0,-999.0,-999.0,-999.0,-999.0,0,-999.0,-999.0,-999.0,-999.0,-999.0,0,-999.0,-999.0,-999.0,0,0,0.02896857909215045
PSO J223.8830+05.5960,-999,-999,-999,114712238830065641,3496239000023558,65296387824645,0,15189953294209,11471,1,1467,31,0.207469233504934,3496239,15203,3,436285440,0,52,223.88292456,5.59598518,0.0010000000474974513,0.0010000000474974513,223.88298125,5.59597267,0.20268000662326813,0.20268000662326813,,,,,56335.64762731,-999.0,-0.7173221001780038,-0.6898842150603565,0.0975129448164382,219.6354298699976,21.339075679500734,2.434441422840721,53.46662036808716,-999,5,1,0,0,0,1,0,-999.0,-999.0,-999.0,-999.0,0,-999.0,-999.0,-999.0,-999.0,-999.0,0,-999.0,-999.0,-999.0,0,16416,-999.0,-999.0,-999.0,-999.0,0,-999.0,-999.0,-999.0,-999.0,-999.0,0,-999.0,-999.0,-999.0,0,16416,-999.0,-999.0,-999.0,-999.0,0,-999.0,-999.0,-999.0,-999.0,-999.0,0,-999.0,-999.0,-999.0,0,114720,0.9976930022239685,21.618600845336914,0.2021230012178421,-999.0,1,21.618600845336914,21.618600845336914,-999.0,-999.0,-999.0,0,-999.0,-999.0,-999.0,0,115000,-999.0,-999.0,-999.0,-999.0,0,-999.0,-999.0,-999.0,-999.0,-999.0,0,-999.0,-999.0,-999.0,0,114720,0.03008467578762251
PSO J223.8831+05.5916,-999,-999,-999,114712238831200370,3496239000023574,65296387824661,0,15189953338479,11471,1,1467,31,0.965682364968287,3496239,15203,3,310456320,0,37,-999.0,-999.0,-999.0,-999.0,223.88309965,5.5915859,0.18866999447345734,0.18866999447345734,,,,,56721.58826389,-999.0,-0.7173260535673431,-0.6898908706708381,0.09743674583304839,219.63699983544285,21.334938149311764,2.4288898330485647,53.46373330817732,-999,0,1,1,0,0,0,0,0.9553490281105042,21.585500717163086,0.18806999921798706,-999.0,1,21.585500717163086,21.585500717163086,21.119800567626953,0.20464499294757843,-999.0,1,20.882099151611328,0.18806999921798706,-999.0,1,16777496,-999.0,-999.0,-999.0,-999.0,0,-999.0,-999.0,-999.0,-999.0,-999.0,0,-999.0,-999.0,-999.0,0,0,-999.0,-999.0,-999.0,-999.0,0,-999.0,-999.0,-999.0,-999.0,-999.0,0,-999.0,-999.0,-999.0,0,0,-999.0,-999.0,-999.0,-999.0,0,-999.0,-999.0,-999.0,-999.0,-999.0,0,-999.0,-999.0,-999.0,0,0,-999.0,-999.0,-999.0,-999.0,0,-999.0,-999.0,-999.0,-999.0,-999.0,0,-999.0,-999.0,-999.0,0,0,0.02569809138220129
PSO J223.8835+05.5952,-999,-999,-999,114712238832954584,3496239000023597,65296387824684,0,15189953293603,11471,1,1467,31,0.641964030118626,3496239,15203,3,404226048,0,48,223.88348584,5.59517629,0.0010000000474974513,0.0010000000474974513,223.88348584,5.59517629,0.0010000000474974513,0.0010000000474974513,,,,,55995.96274306,-999.0,-0.7173170013273018,-0.6898914717873852,0.09749911159514842,219.63620600931117,21.338472536139804,2.433948326920021,53.4657258030903,-999,4,2,1,0,0,1,0,0.6437979936599731,22.113000869750977,0.2753399908542633,-999.0,1,22.113000869750977,22.113000869750977,-999.0,-999.0,-999.0,1,23.000200271606445,0.2753399908542633,-999.0,1,20536,-999.0,-999.0,-999.0,-999.0,0,-999.0,-999.0,-999.0,-999.0,-999.0,0,-999.0,-999.0,-999.0,0,16416,-999.0,-999.0,-999.0,-999.0,0,-999.0,-999.0,-999.0,-999.0,-999.0,0,-999.0,-999.0,-999.0,0,114720,0.7175989747047424,20.542499542236328,0.2242330014705658,-999.0,1,20.542499542236328,20.542499542236328,20.62579917907715,0.2672500014305115,-999.0,1,21.3080997467041,0.2242330014705658,-999.0,1,118840,-999.0,-999.0,-999.0,-999.0,0,-999.0,-999.0,-999.0,-999.0,-999.0,0,-999.0,-999.0,-999.0,0,16416,0.02929228122728383
PSO J223.8833+05.5956,-999,-999,-999,114712238833175126,3496239000023599,65296387824686,0,15189953293722,11471,1,1467,31,0.298302211145221,3496239,15203,3,268959744,0,32,-999.0,-999.0,-999.0,-999.0,223.88329439,5.59555807,0.2508000135421753,0.2508000135421753,,,,,56045.38216435,-999.0,-0.7173188382833737,-0.6898886245574393,0.09750574316436922,219.6358852187408,21.33877713373559,2.43423846985382,53.46611596667006,-999,0,1,0,0,1,0,0,-999.0,-999.0,-999.0,-999.0,0,-999.0,-999.0,-999.0,-999.0,-999.0,0,-999.0,-999.0,-999.0,0,0,-999.0,-999.0,-999.0,-999.0,0,-999.0,-999.0,-999.0,-999.0,-999.0,0,-999.0,-999.0,-999.0,0,0,0.5402219891548157,21.177600860595703,0.25035300850868225,-999.0,1,21.177600860595703,21.177600860595703,-999.0,-999.0,-999.0,1,22.34320068359375,0.25035300850868225,-999.0,1,4120,-999.0,-999.0,-999.0,-999.0,0,-999.0,-999.0,-999.0,-999.0,-999.0,0,-999.0,-999.0,-999.0,0,0,-999.0,-999.0,-999.0,-999.0,0,-999.0,-999.0,-999.0,-999.0,-999.0,0,-999.0,-999.0,-999.0,0,0,0.029671516639088687
PSO J223.8836+05.5923,-999,-999,-999,114712238835941186,3496239000023648,65296387824735,0,15189953339329,11471,1,1467,31,0.624486317508376,3496239,15203,3,277348352,0,33,-999.0,-999.0,-999.0,-999.0,223.88358346,5.59228184,0.13955999910831451,0.13955999910831451,,,,,56721.6040625,-999.0,-0.7173193749823507,-0.6898961073484726,0.09744883447406918,219.63726170905653,21.335748508407942,2.430306108445246,53.46380594237234,-999,0,1,1,0,0,0,0,0.8364769816398621,20.844499588012695,0.13874700665473938,-999.0,1,20.844499588012695,20.844499588012695,20.534299850463867,0.12264599651098251,-999.0,1,20.4375,0.13874700665473938,-999.0,1,16781336,-999.0,-999.0,-999.0,-999.0,0,-999.0,-999.0,-999.0,-999.0,-999.0,0,-999.0,-999.0,-999.0,0,0,-999.0,-999.0,-999.0,-999.0,0,-999.0,-999.0,-999.0,-999.0,-999.0,0,-999.0,-999.0,-999.0,0,0,-999.0,-999.0,-999.0,-999.0,0,-999.0,-999.0,-999.0,-999.0,-999.0,0,-999.0,-999.0,-999.0,0,0,-999.0,-999.0,-999.0,-999.0,0,-999.0,-999.0,-999.0,-999.0,-999.0,0,-999.0,-999.0,-999.0,0,0,0.02640022723250052
PSO J223.8837+05.5936,-999,-999,-999,114712238836832788,3496239000023657,65296387824744,0,15189953339117,11471,1,1467,31,0.0705621969611963,3496239,15203,3,268959744,0,32,-999.0,-999.0,-999.0,-999.0,223.88367396,5.59361913,0.19092999398708344,0.19092999398708344,,,,,56721.58826389,-999.0,-0.7173166457603731,-0.6898956635296973,0.0974720634746496,219.6369118145867,21.337048599883964,2.4321333429973455,53.46458898241247,-999,0,1,1,0,0,0,0,0.5013250112533569,20.867900848388672,0.19033999741077423,-999.0,1,20.867900848388672,20.867900848388672,21.003999710083008,0.1529950052499771,-999.0,1,20.699499130249023,0.19033999741077423,-999.0,1,4120,-999.0,-999.0,-999.0,-999.0,0,-999.0,-999.0,-999.0,-999.0,-999.0,0,-999.0,-999.0,-999.0,0,0,-999.0,-999.0,-999.0,-999.0,0,-999.0,-999.0,-999.0,-999.0,-999.0,0,-999.0,-999.0,-999.0,0,0,-999.0,-999.0,-999.0,-999.0,0,-999.0,-999.0,-999.0,-999.0,-999.0,0,-999.0,-999.0,-999.0,0,0,-999.0,-999.0,-999.0,-999.0,0,-999.0,-999.0,-999.0,-999.0,-999.0,0,-999.0,-999.0,-999.0,0,0,0.027739241139138827
PSO J223.8838+05.5944,-999,-999,-999,114712238838133813,3496239000023685,65296387824772,0,15189953336832,11471,1,1467,31,0.148960098762959,3496239,15203,3,268959744,0,32,-999.0,-999.0,-999.0,-999.0,223.88380996,5.59442921,0.2529299855232239,0.2529299855232239,,,,,56822.41376157,-999.0,-0.7173140148451199,-0.6898964108090829,0.09748613470396846,219.63678238515573,21.33786101341297,2.4333267511877166,53.4650010534573,-999,0,1,0,0,1,0,0,-999.0,-999.0,-999.0,-999.0,0,-999.0,-999.0,-999.0,-999.0,-999.0,0,-999.0,-999.0,-999.0,0,0,-999.0,-999.0,-999.0,-999.0,0,-999.0,-999.0,-999.0,-999.0,-999.0,0,-999.0,-999.0,-999.0,0,0,0.5948129892349243,20.64889907836914,0.25248900055885315,-999.0,1,20.64889907836914,20.64889907836914,-999.0,-999.0,-999.0,1,21.523399353027344,0.25248900055885315,-999.0,1,4112,-999.0,-999.0,-999.0,-999.0,0,-999.0,-999.0,-999.0,-999.0,-999.0,0,-999.0,-999.0,-999.0,0,0,-999.0,-999.0,-999.0,-999.0,0,-999.0,-999.0,-999.0,-999.0,-999.0,0,-999.0,-999.0,-999.0,0,0,0.028552591834320715
PSO J223.8843+05.5931,-999,-999,-999,114712238842142124,3496239000116664,65296387919824,0,15189953339045,11471,1,1467,31,0.581550496240659,3496239,15203,3,1343750144,0,160,223.88425651,5.59305675,0.0010000000474974513,0.0010000000474974513,223.88425651,5.59305675,0.0010000000474974513,0.0010000000474974513,,,,,55903.57239583,-999.0,-0.7173103207847945,-0.6899036199230616,0.09746229482559406,219.63768987144257,21.33669197258193,2.432026253223418,53.46378378220146,-999,2,0,0,0,0,0,0,-999.0,-999.0,-999.0,-999.0,0,-999.0,-999.0,-999.0,-999.0,-999.0,0,-999.0,-999.0,-999.0,0,114720,-999.0,-999.0,-999.0,-999.0,0,-999.0,-999.0,-999.0,-999.0,-999.0,0,-999.0,-999.0,-999.0,0,16416,-999.0,-999.0,-999.0,-999.0,0,-999.0,-999.0,-999.0,-999.0,-999.0,0,-999.0,-999.0,-999.0,0,16416,-999.0,-999.0,-999.0,-999.0,0,-999.0,-999.0,-999.0,-999.0,-999.0,0,-999.0,-999.0,-999.0,0,16416,-999.0,-999.0,-999.0,-999.0,0,-999.0,-999.0,-999.0,-999.0,-999.0,0,-999.0,-999.0,-999.0,0,16416,0.027197515868484182
PSO J223.8843+05.5954,-999,-999,-999,114712238842804915,3496239000023756,65296387824843,0,15189953293806,11471,1,1467,31,0.425187299424025,3496239,15203,3,268959744,0,32,-999.0,-999.0,-999.0,-999.0,223.88425376,5.59538763,0.25213000178337097,0.25213000178337097,,,,,56042.37965278,-999.0,-0.7173074956246229,-0.6899008364294721,0.09750278259950523,219.63691684832636,21.33890885347777,2.435040177277924,53.4652716245568,-999,0,1,1,0,0,0,0,0.7370240092277527,22.060300827026367,0.251679003238678,-999.0,1,22.060300827026367,22.060300827026367,-999.0,-999.0,-999.0,0,-999.0,-999.0,-999.0,0,4120,-999.0,-999.0,-999.0,-999.0,0,-999.0,-999.0,-999.0,-999.0,-999.0,0,-999.0,-999.0,-999.0,0,0,-999.0,-999.0,-999.0,-999.0,0,-999.0,-999.0,-999.0,-999.0,-999.0,0,-999.0,-999.0,-999.0,0,0,-999.0,-999.0,-999.0,-999.0,0,-999.0,-999.0,-999.0,-999.0,-999.0,0,-999.0,-999.0,-999.0,0,0,-999.0,-999.0,-999.0,-999.0,0,-999.0,-999.0,-999.0,-999.0,-999.0,0,-999.0,-999.0,-999.0,0,0,0.02952600919207702
PSO J223.8846+05.5915,-999,-999,-999,114712238845810270,3496239000023803,65296387824890,0,15189953338779,11471,1,1467,31,0.829581030485761,3496239,15203,3,268513280,0,32,-999.0,-999.0,-999.0,-999.0,223.8845578,5.5915103,0.021159999072551727,0.021159999072551727,,,,,56822.41376157,-999.0,-0.7173085886054565,-0.6899092151715513,0.09743543264245205,219.63850716595388,21.33531288778746,2.4303458643225073,53.462566975753475,-999,0,1,0,0,1,0,0,-999.0,-999.0,-999.0,-999.0,0,-999.0,-999.0,-999.0,-999.0,-999.0,0,-999.0,-999.0,-999.0,0,0,-999.0,-999.0,-999.0,-999.0,0,-999.0,-999.0,-999.0,-999.0,-999.0,0,-999.0,-999.0,-999.0,0,0,0.9990779757499695,17.851900100708008,0.014921999536454678,-999.0,1,17.851900100708008,17.851900100708008,18.792299270629883,0.05013599991798401,-999.0,1,18.64430046081543,0.014921999536454678,-999.0,1,16,-999.0,-999.0,-999.0,-999.0,0,-999.0,-999.0,-999.0,-999.0,-999.0,0,-999.0,-999.0,-999.0,0,0,-999.0,-999.0,-999.0,-999.0,0,-999.0,-999.0,-999.0,-999.0,-999.0,0,-999.0,-999.0,-999.0,0,0,0.025669165637876752
PSO J223.8850+05.5942,-999,-999,-999,114712238850243514,3496239000116680,65296387919840,0,15189953335773,11471,1,1467,31,0.728766044349192,3496239,15203,3,1343750144,0,160,223.88503497,5.5942427,0.0010000000474974513,0.0010000000474974513,223.88503497,5.5942427,0.0010000000474974513,0.0010000000474974513,,,,,55903.57239583,-999.0,-0.7172994930920751,-0.6899119671329667,0.0974828949948268,219.6380893737014,21.338058811275648,2.434390721030563,53.46394276513252,-999,2,0,0,0,0,0,0,-999.0,-999.0,-999.0,-999.0,0,-999.0,-999.0,-999.0,-999.0,-999.0,0,-999.0,-999.0,-999.0,0,114720,-999.0,-999.0,-999.0,-999.0,0,-999.0,-999.0,-999.0,-999.0,-999.0,0,-999.0,-999.0,-999.0,0,16416,-999.0,-999.0,-999.0,-999.0,0,-999.0,-999.0,-999.0,-999.0,-999.0,0,-999.0,-999.0,-999.0,0,16416,-999.0,-999.0,-999.0,-999.0,0,-999.0,-999.0,-999.0,-999.0,-999.0,0,-999.0,-999.0,-999.0,0,16416,-999.0,-999.0,-999.0,-999.0,0,-999.0,-999.0,-999.0,-999.0,-999.0,0,-999.0,-999.0,-999.0,0,16416,0.028426940759320733
PSO J223.8851+05.5983,-999,-999,-999,114712238851508426,3496239000116683,65296387919843,0,15189953291883,11471,1,1467,41,0.486652007779714,3496239,15203,3,1343750144,0,160,223.88514969,5.59830499,0.0010000000474974513,0.0010000000474974513,223.88514969,5.59830499,0.0010000000474974513,0.0010000000474974513,,,,,55995.96274306,-999.0,-0.7172931285358267,-0.6899086104001977,0.09755345740133624,219.63686361576512,21.341959031589884,2.4397710702353383,53.466443994322155,-999,2,0,0,0,0,0,0,-999.0,-999.0,-999.0,-999.0,0,-999.0,-999.0,-999.0,-999.0,-999.0,0,-999.0,-999.0,-999.0,0,16416,-999.0,-999.0,-999.0,-999.0,0,-999.0,-999.0,-999.0,-999.0,-999.0,0,-999.0,-999.0,-999.0,0,16416,-999.0,-999.0,-999.0,-999.0,0,-999.0,-999.0,-999.0,-999.0,-999.0,0,-999.0,-999.0,-999.0,0,16416,-999.0,-999.0,-999.0,-999.0,0,-999.0,-999.0,-999.0,-999.0,-999.0,0,-999.0,-999.0,-999.0,0,114720,-999.0,-999.0,-999.0,-999.0,0,-999.0,-999.0,-999.0,-999.0,-999.0,0,-999.0,-999.0,-999.0,0,16416,0.0324875158015722
PSO J223.8858+05.5919,-999,-999,-999,114712238858460694,3496239000116695,65296387919855,0,15189953335860,11471,1,1467,31,0.903130420393432,3496239,15203,3,1343750144,0,160,223.88584587,5.59186272,0.0010000000474974513,0.0010000000474974513,223.88584587,5.59186272,0.0010000000474974513,0.0010000000474974513,,,,,55906.63571759,-999.0,-0.7172926465790204,-0.6899249253842459,0.09744155426309367,219.63970016998405,21.33604276089074,2.4321745248412685,53.46180388547538,-999,1,0,0,0,0,0,0,-999.0,-999.0,-999.0,-999.0,0,-999.0,-999.0,-999.0,-999.0,-999.0,0,-999.0,-999.0,-999.0,0,114720,-999.0,-999.0,-999.0,-999.0,0,-999.0,-999.0,-999.0,-999.0,-999.0,0,-999.0,-999.0,-999.0,0,16416,-999.0,-999.0,-999.0,-999.0,0,-999.0,-999.0,-999.0,-999.0,-999.0,0,-999.0,-999.0,-999.0,0,16416,-999.0,-999.0,-999.0,-999.0,0,-999.0,-999.0,-999.0,-999.0,-999.0,0,-999.0,-999.0,-999.0,0,16416,-999.0,-999.0,-999.0,-999.0,0,-999.0,-999.0,-999.0,-999.0,-999.0,0,-999.0,-999.0,-999.0,0,16416,0.02612869135713597
PSO J223.8862+05.5914,-999,-999,-999,114712238862010151,3496239000116705,65296387919865,0,15189953322498,11471,1,1467,31,0.368186421103949,3496239,15203,3,1075314688,0,128,223.88623525,5.59142665,0.0010000000474974513,0.0010000000474974513,223.88623525,5.59142665,0.0010000000474974513,0.0010000000474974513,,,,,56051.53681713,-999.0,-0.7172884923315325,-0.6899303141505938,0.09743397962117786,219.6402401045577,21.335747131989482,2.4320250808273016,53.46122732836618,-999,1,0,0,0,0,0,0,-999.0,-999.0,-999.0,-999.0,0,-999.0,-999.0,-999.0,-999.0,-999.0,0,-999.0,-999.0,-999.0,0,32800,-999.0,-999.0,-999.0,-999.0,0,-999.0,-999.0,-999.0,-999.0,-999.0,0,-999.0,-999.0,-999.0,0,32,-999.0,-999.0,-999.0,-999.0,0,-999.0,-999.0,-999.0,-999.0,-999.0,0,-999.0,-999.0,-999.0,0,32,-999.0,-999.0,-999.0,-999.0,0,-999.0,-999.0,-999.0,-999.0,-999.0,0,-999.0,-999.0,-999.0,0,32,-999.0,-999.0,-999.0,-999.0,0,-999.0,-999.0,-999.0,-999.0,-999.0,0,-999.0,-999.0,-999.0,0,32,0.02574083472594299
PSO J223.8864+05.5918,-999,-999,-999,114712238863890683,3496239000024068,65296387825155,0,15189953319204,11471,1,1467,31,0.701971614455778,3496239,15203,3,310456320,0,37,-999.0,-999.0,-999.0,-999.0,223.88637445,5.59184218,0.1472100019454956,0.1472100019454956,,,,,56721.6040625,-999.0,-0.7172863068486768,-0.689931566926283,0.09744119747842674,219.64024431443946,21.33618513025487,2.4327111764452733,53.46138545441319,-999,0,1,1,0,0,0,0,0.9630150198936462,21.113500595092773,0.1464419960975647,-999.0,1,21.113500595092773,21.113500595092773,20.296499252319336,0.12512299418449402,-999.0,1,20.13909912109375,0.1464419960975647,-999.0,1,16777496,-999.0,-999.0,-999.0,-999.0,0,-999.0,-999.0,-999.0,-999.0,-999.0,0,-999.0,-999.0,-999.0,0,0,-999.0,-999.0,-999.0,-999.0,0,-999.0,-999.0,-999.0,-999.0,-999.0,0,-999.0,-999.0,-999.0,0,0,-999.0,-999.0,-999.0,-999.0,0,-999.0,-999.0,-999.0,-999.0,-999.0,0,-999.0,-999.0,-999.0,0,0,-999.0,-999.0,-999.0,-999.0,0,-999.0,-999.0,-999.0,-999.0,-999.0,0,-999.0,-999.0,-999.0,0,0,0.026170570406716043
PSO J223.8866+05.5969,-999,-999,-999,114712238866736778,3496239000024117,65296387825204,0,15189956760094,11471,1,1467,31,0.251012779074733,3496239,15203,3,436527104,7,52,223.88667222,5.59693497,0.0010000000474974513,0.0010000000474974513,223.88664584065376,5.596929402145176,0.004738944834183226,0.004719840046436042,-11.435904057652063,-7.5431976322193774,3.5431953507706395,3.5344715315955124,56297.34358999077,1.5150768756866455,-0.7172768006626535,-0.6899289640998811,0.09752956334985273,219.63883670872792,21.341105715450887,2.4395788167261343,53.46442099304967,-999,9,54,0,6,15,15,18,-999.0,-999.0,-999.0,-999.0,0,-999.0,-999.0,-999.0,-999.0,-999.0,0,-999.0,-999.0,-999.0,0,16416,0.9977110028266907,21.0625,0.031592998653650284,0.10905800014734268,6,20.976699829101562,21.2101993560791,21.06559944152832,0.13065500557422638,0.3333609998226166,6,20.930200576782227,0.12393199652433395,0.43919798731803894,6,115000,0.9996950030326843,20.04330062866211,0.016860999166965485,0.06053899973630905,14,19.979400634765625,20.170499801635742,20.202699661254883,0.02671400085091591,0.11073599755764008,14,20.10700035095215,0.01739099994301796,0.12060599774122238,14,115000,0.9991009831428528,19.517499923706055,0.011952999979257584,0.10945100337266922,15,19.408199310302734,19.783899307250977,19.648300170898438,0.0362670011818409,0.20457400381565094,15,19.555700302124023,0.03437500074505806,0.12329400330781937,15,115000,0.9996190071105957,19.324399948120117,0.0181099995970726,0.11747399717569351,17,19.13330078125,19.570199966430664,19.435699462890625,0.0683320015668869,0.42745500802993774,17,19.36370086669922,0.07030099630355835,0.47398099303245544,17,115000,0.03125276089788988
PSO J223.8870+05.5920,-999,-999,-999,114712238869200896,3496239000116724,65296387919884,0,15189953319417,11471,1,1467,31,0.684896219228298,3496239,15203,3,1343750144,0,160,223.88695383,5.59203154,0.0010000000474974513,0.0010000000474974513,223.88695383,5.59203154,0.0010000000474974513,0.0010000000474974513,,,,,55954.56858796,-999.0,-0.7172790980626716,-0.689938596900478,0.09744448670602109,219.64077074759157,21.336542770144426,2.433573596444621,53.46106185919492,-999,2,0,0,0,0,0,0,-999.0,-999.0,-999.0,-999.0,0,-999.0,-999.0,-999.0,-999.0,-999.0,0,-999.0,-999.0,-999.0,0,114720,-999.0,-999.0,-999.0,-999.0,0,-999.0,-999.0,-999.0,-999.0,-999.0,0,-999.0,-999.0,-999.0,0,16416,-999.0,-999.0,-999.0,-999.0,0,-999.0,-999.0,-999.0,-999.0,-999.0,0,-999.0,-999.0,-999.0,0,16416,-999.0,-999.0,-999.0,-999.0,0,-999.0,-999.0,-999.0,-999.0,-999.0,0,-999.0,-999.0,-999.0,0,16416,-999.0,-999.0,-999.0,-999.0,0,-999.0,-999.0,-999.0,-999.0,-999.0,0,-999.0,-999.0,-999.0,0,16416,0.026438035218990835
PSO J223.8870+05.5970,-999,-999,-999,114712238869976861,3496239000024180,65296387825267,0,15189956760307,11471,1,1467,31,0.877900645954442,3496239,15203,3,302067712,0,36,-999.0,-999.0,-999.0,-999.0,223.88695427,5.59700934,0.1784999966621399,0.1784999966621399,,,,,55306.35479167,-999.0,-0.7172729886219943,-0.689932730937736,0.09753095187718559,219.63912635582423,21.341279067495947,2.4400167583733365,53.46423427899811,-999,0,1,0,1,0,0,0,-999.0,-999.0,-999.0,-999.0,0,-999.0,-999.0,-999.0,-999.0,-999.0,0,-999.0,-999.0,-999.0,0,0,0.9994779825210571,20.84600067138672,0.17786699533462524,-999.0,1,20.84600067138672,20.84600067138672,21.07390022277832,0.32532599568367004,-999.0,1,20.988000869750977,0.17786699533462524,-999.0,1,272,-999.0,-999.0,-999.0,-999.0,0,-999.0,-999.0,-999.0,-999.0,-999.0,0,-999.0,-999.0,-999.0,0,0,-999.0,-999.0,-999.0,-999.0,0,-999.0,-999.0,-999.0,-999.0,-999.0,0,-999.0,-999.0,-999.0,0,0,-999.0,-999.0,-999.0,-999.0,0,-999.0,-999.0,-999.0,-999.0,-999.0,0,-999.0,-999.0,-999.0,0,0,0.03136919095222819
PSO J223.8871+05.5949,-999,-999,-999,114712238870764362,3496239000116730,65296387919890,0,15189953290493,11471,1,1467,31,0.288832560450614,3496239,15203,3,1343750144,0,160,223.88707564,5.59491772,0.0010000000474974513,0.0010000000474974513,223.88707564,5.59491772,0.0010000000474974513,0.0010000000474974513,,,,,55928.40103009,-999.0,-0.7172740926833194,-0.6899367181110634,0.09749462019750539,219.6399409005065,21.33932616056356,2.4374388078966347,53.46280808494013,-999,1,0,0,0,0,0,0,-999.0,-999.0,-999.0,-999.0,0,-999.0,-999.0,-999.0,-999.0,-999.0,0,-999.0,-999.0,-999.0,0,114720,-999.0,-999.0,-999.0,-999.0,0,-999.0,-999.0,-999.0,-999.0,-999.0,0,-999.0,-999.0,-999.0,0,16416,-999.0,-999.0,-999.0,-999.0,0,-999.0,-999.0,-999.0,-999.0,-999.0,0,-999.0,-999.0,-999.0,0,16416,-999.0,-999.0,-999.0,-999.0,0,-999.0,-999.0,-999.0,-999.0,-999.0,0,-999.0,-999.0,-999.0,0,16416,-999.0,-999.0,-999.0,-999.0,0,-999.0,-999.0,-999.0,-999.0,-999.0,0,-999.0,-999.0,-999.0,0,16416,0.02931174526553472
PSO J223.8872+05.5956,-999,-999,-999,114712238872095242,3496239000024212,65296387825299,0,15189953290315,11471,1,1467,31,0.143800858542138,3496239,15203,3,268513280,0,32,-999.0,-999.0,-999.0,-999.0,223.88718256,5.5956406,0.01696000061929226,0.01696000061929226,,,,,56335.64762731,-999.0,-0.7172719186222455,-0.6899372038409678,0.09750717672084294,219.6398107312865,21.340046700928543,2.4384883634254915,53.46318683066549,-999,0,1,0,0,0,1,0,-999.0,-999.0,-999.0,-999.0,0,-999.0,-999.0,-999.0,-999.0,-999.0,0,-999.0,-999.0,-999.0,0,0,-999.0,-999.0,-999.0,-999.0,0,-999.0,-999.0,-999.0,-999.0,-999.0,0,-999.0,-999.0,-999.0,0,0,-999.0,-999.0,-999.0,-999.0,0,-999.0,-999.0,-999.0,-999.0,-999.0,0,-999.0,-999.0,-999.0,0,0,0.9982119798660278,17.859100341796875,0.007921000011265278,-999.0,1,17.859100341796875,17.859100341796875,18.555700302124023,0.021341999992728233,-999.0,1,18.4596004486084,0.007921000011265278,-999.0,1,24,-999.0,-999.0,-999.0,-999.0,0,-999.0,-999.0,-999.0,-999.0,-999.0,0,-999.0,-999.0,-999.0,0,0,0.0300423962079147
PSO J223.8878+05.5921,-999,-999,-999,114712238877920963,3496239000116749,65296387919909,0,15189953319713,11471,1,1467,31,0.482718464436679,3496239,15203,3,1343750144,0,160,223.88776758,5.59207728,0.0010000000474974513,0.0010000000474974513,223.88776758,5.59207728,0.0010000000474974513,0.0010000000474974513,,,,,56057.55630787,-999.0,-0.7172692429925087,-0.6899487301421995,0.09744528122038497,219.64158290144985,21.336835549866024,2.4344998543383216,53.460466985028006,-999,2,0,0,0,0,0,0,-999.0,-999.0,-999.0,-999.0,0,-999.0,-999.0,-999.0,-999.0,-999.0,0,-999.0,-999.0,-999.0,0,16416,-999.0,-999.0,-999.0,-999.0,0,-999.0,-999.0,-999.0,-999.0,-999.0,0,-999.0,-999.0,-999.0,0,16416,-999.0,-999.0,-999.0,-999.0,0,-999.0,-999.0,-999.0,-999.0,-999.0,0,-999.0,-999.0,-999.0,0,114720,-999.0,-999.0,-999.0,-999.0,0,-999.0,-999.0,-999.0,-999.0,-999.0,0,-999.0,-999.0,-999.0,0,16416,-999.0,-999.0,-999.0,-999.0,0,-999.0,-999.0,-999.0,-999.0,-999.0,0,-999.0,-999.0,-999.0,0,16416,0.02661566041115406
PSO J223.8879+05.5978,-999,-999,-999,114712238879037849,3496239000106617,65296387907706,0,15189956763400,11471,1,1467,41,0.159703703745924,3496239,15203,3,302067712,0,36,-999.0,-999.0,-999.0,-999.0,223.8878864,5.59782571,0.19181999564170837,0.19181999564170837,,,,,55694.33935185,-999.0,-0.7172607625988708,-0.6899434365250932,0.09754513228260561,219.63980422495845,21.342341335517443,2.442066611761037,53.464039719797654,-999,0,1,0,0,1,0,0,-999.0,-999.0,-999.0,-999.0,0,-999.0,-999.0,-999.0,-999.0,-999.0,0,-999.0,-999.0,-999.0,0,0,-999.0,-999.0,-999.0,-999.0,0,-999.0,-999.0,-999.0,-999.0,-999.0,0,-999.0,-999.0,-999.0,0,0,0.9985989928245544,20.8346004486084,0.19123700261116028,-999.0,1,20.8346004486084,20.8346004486084,-999.0,-999.0,-999.0,1,21.427200317382812,0.19123700261116028,-999.0,1,272,-999.0,-999.0,-999.0,-999.0,0,-999.0,-999.0,-999.0,-999.0,-999.0,0,-999.0,-999.0,-999.0,0,0,-999.0,-999.0,-999.0,-999.0,0,-999.0,-999.0,-999.0,-999.0,-999.0,0,-999.0,-999.0,-999.0,0,0,0.032305855887443787
PSO J223.8882+05.5924,-999,-999,-999,114712238882561368,3496239000024360,65296387825447,0,15189953319934,11471,1,1467,31,0.00183483772150691,3496239,15203,3,310456320,0,37,-999.0,-999.0,-999.0,-999.0,223.88823533,5.59241927,0.15800000727176666,0.15800000727176666,,,,,56721.58826389,-999.0,-0.7172631911862904,-0.6899541825117892,0.0974512216637012,219.64194542221387,21.33730421507611,2.435440835815159,53.46032626979715,-999,0,1,1,0,0,0,0,0.9972699880599976,21.402700424194336,0.1572829931974411,-999.0,1,21.402700424194336,21.402700424194336,19.900400161743164,0.10948000103235245,-999.0,1,20.430299758911133,0.1572829931974411,-999.0,1,16777496,-999.0,-999.0,-999.0,-999.0,0,-999.0,-999.0,-999.0,-999.0,-999.0,0,-999.0,-999.0,-999.0,0,0,-999.0,-999.0,-999.0,-999.0,0,-999.0,-999.0,-999.0,-999.0,-999.0,0,-999.0,-999.0,-999.0,0,0,-999.0,-999.0,-999.0,-999.0,0,-999.0,-999.0,-999.0,-999.0,-999.0,0,-999.0,-999.0,-999.0,0,0,-999.0,-999.0,-999.0,-999.0,0,-999.0,-999.0,-999.0,-999.0,-999.0,0,-999.0,-999.0,-999.0,0,0,0.02703808247453716
PSO J223.8888+05.5942,-999,-999,-999,114712238888303461,3496239000024447,65296387825534,0,15189956780083,11471,1,1467,31,0.398563687129471,3496239,15203,3,268513280,0,32,-999.0,-999.0,-999.0,-999.0,223.88879919,5.59415557,0.025830000638961792,0.025830000638961792,,,,,56838.25114583,-999.0,-0.7172542725208184,-0.6899591935797469,0.0974813815321517,219.6419449402165,21.33912894937946,2.438288765644745,53.461000545196974,-999,0,1,0,0,0,0,1,-999.0,-999.0,-999.0,-999.0,0,-999.0,-999.0,-999.0,-999.0,-999.0,0,-999.0,-999.0,-999.0,0,0,-999.0,-999.0,-999.0,-999.0,0,-999.0,-999.0,-999.0,-999.0,-999.0,0,-999.0,-999.0,-999.0,0,0,-999.0,-999.0,-999.0,-999.0,0,-999.0,-999.0,-999.0,-999.0,-999.0,0,-999.0,-999.0,-999.0,0,0,-999.0,-999.0,-999.0,-999.0,0,-999.0,-999.0,-999.0,-999.0,-999.0,0,-999.0,-999.0,-999.0,0,0,0.9993579983711243,18.197599411010742,0.021026000380516052,-999.0,1,18.197599411010742,18.197599411010742,18.491500854492188,0.04307999834418297,-999.0,1,18.376699447631836,0.021026000380516052,-999.0,1,24,0.02885079109009761
PSO J223.8892+05.5935,-999,-999,-999,114712238891732695,3496239000116777,65296387919937,0,15189956780158,11471,1,1467,31,0.341865292137363,3496239,15203,3,404226048,0,48,223.88919505,5.59353203,0.0010000000474974513,0.0010000000474974513,223.88919505,5.59353203,0.0010000000474974513,0.0010000000474974513,,,,,55995.96274306,-999.0,-0.7172502700433668,-0.6899648845425468,0.09747055053146683,219.64255341356898,21.338656929856736,2.4379035193976115,53.46029953904778,-999,6,0,0,0,0,0,0,-999.0,-999.0,-999.0,-999.0,0,-999.0,-999.0,-999.0,-999.0,-999.0,0,-999.0,-999.0,-999.0,0,114720,-999.0,-999.0,-999.0,-999.0,0,-999.0,-999.0,-999.0,-999.0,-999.0,0,-999.0,-999.0,-999.0,0,114720,-999.0,-999.0,-999.0,-999.0,0,-999.0,-999.0,-999.0,-999.0,-999.0,0,-999.0,-999.0,-999.0,0,16416,-999.0,-999.0,-999.0,-999.0,0,-999.0,-999.0,-999.0,-999.0,-999.0,0,-999.0,-999.0,-999.0,0,114720,-999.0,-999.0,-999.0,-999.0,0,-999.0,-999.0,-999.0,-999.0,-999.0,0,-999.0,-999.0,-999.0,0,16416,0.028323280456621015
PSO J223.8892+05.5965,-999,-999,-999,114712238892376298,3496239000024515,65296387825602,0,15189956759986,11471,1,1467,31,0.374728907248684,3496239,15203,3,268959744,0,32,-999.0,-999.0,-999.0,-999.0,223.8892272,5.59653801,0.23675000667572021,0.23675000667572021,,,,,56392.52778935,-999.0,-0.7172461965380745,-0.689961740889401,0.09752276483228312,219.64159283903834,21.341526847198153,2.44182836584538,53.46219074808884,-999,0,1,1,0,0,0,0,0.6622999906539917,21.00029945373535,0.23627500236034393,-999.0,1,21.00029945373535,21.00029945373535,20.955900192260742,0.2256779968738556,-999.0,1,20.604400634765625,0.23627500236034393,-999.0,1,4120,-999.0,-999.0,-999.0,-999.0,0,-999.0,-999.0,-999.0,-999.0,-999.0,0,-999.0,-999.0,-999.0,0,0,-999.0,-999.0,-999.0,-999.0,0,-999.0,-999.0,-999.0,-999.0,-999.0,0,-999.0,-999.0,-999.0,0,0,-999.0,-999.0,-999.0,-999.0,0,-999.0,-999.0,-999.0,-999.0,-999.0,0,-999.0,-999.0,-999.0,0,0,-999.0,-999.0,-999.0,-999.0,0,-999.0,-999.0,-999.0,-999.0,-999.0,0,-999.0,-999.0,-999.0,0,0,0.031270342768152055
PSO J223.8893+05.5947,-999,-999,-999,114712238893074060,3496239000024525,65296387825612,0,15189956813038,11471,1,1467,31,0.682977403218837,3496239,15203,3,268513280,0,32,-999.0,-999.0,-999.0,-999.0,223.88927378,5.59467114,0.022609999403357506,0.022609999403357506,,,,,56487.25688657,-999.0,-0.717247925262182,-0.6899645265416549,0.09749033706601654,219.64225706370488,21.339764863509988,2.4394616912763953,53.460965189283534,-999,0,1,0,0,0,0,1,-999.0,-999.0,-999.0,-999.0,0,-999.0,-999.0,-999.0,-999.0,-999.0,0,-999.0,-999.0,-999.0,0,0,-999.0,-999.0,-999.0,-999.0,0,-999.0,-999.0,-999.0,-999.0,-999.0,0,-999.0,-999.0,-999.0,0,0,-999.0,-999.0,-999.0,-999.0,0,-999.0,-999.0,-999.0,-999.0,-999.0,0,-999.0,-999.0,-999.0,0,0,-999.0,-999.0,-999.0,-999.0,0,-999.0,-999.0,-999.0,-999.0,-999.0,0,-999.0,-999.0,-999.0,0,0,0.9983609914779663,18.04360008239746,0.016920000314712524,-999.0,1,18.04360008239746,18.04360008239746,18.735700607299805,0.039983998984098434,-999.0,1,18.692399978637695,0.016920000314712524,-999.0,1,24,0.029452627796707338
PSO J223.8900+05.5952,-999,-999,-999,114712238899754721,3496239000024621,65296387825708,0,15189956813761,11471,1,1467,31,0.113741797500981,3496239,15203,3,268959744,0,32,-999.0,-999.0,-999.0,-999.0,223.88996463,5.59522425,0.2554599940776825,0.2554599940776825,,,,,56392.52778935,-999.0,-0.7172389276075658,-0.6899725222893239,0.09749994466694525,219.64277664191468,21.34050273623395,2.440913604168416,53.46078789675021,-999,0,1,1,0,0,0,0,0.6647740006446838,21.08340072631836,0.2550230026245117,-999.0,1,21.08340072631836,21.08340072631836,-999.0,-999.0,-999.0,1,22.124300003051758,0.2550230026245117,-999.0,1,4120,-999.0,-999.0,-999.0,-999.0,0,-999.0,-999.0,-999.0,-999.0,-999.0,0,-999.0,-999.0,-999.0,0,0,-999.0,-999.0,-999.0,-999.0,0,-999.0,-999.0,-999.0,-999.0,-999.0,0,-999.0,-999.0,-999.0,0,0,-999.0,-999.0,-999.0,-999.0,0,-999.0,-999.0,-999.0,-999.0,-999.0,0,-999.0,-999.0,-999.0,0,0,-999.0,-999.0,-999.0,-999.0,0,-999.0,-999.0,-999.0,-999.0,-999.0,0,-999.0,-999.0,-999.0,0,0,0.030144036400878163
PSO J223.8902+05.5933,-999,-999,-999,114712238902172344,3496239000024668,65296387825755,0,15189956781017,11471,1,1467,31,0.821388882418525,3496239,15203,3,268959744,0,32,-999.0,-999.0,-999.0,-999.0,223.89019179,5.59325162,0.23865999281406403,0.23865999281406403,,,,,55607.67020833,-999.0,-0.7172386108047262,-0.6899776927122938,0.09746567975613808,219.64365937748354,21.33869543365135,2.4386025517855017,53.45935642477669,-999,0,1,0,0,0,1,0,-999.0,-999.0,-999.0,-999.0,0,-999.0,-999.0,-999.0,-999.0,-999.0,0,-999.0,-999.0,-999.0,0,0,-999.0,-999.0,-999.0,-999.0,0,-999.0,-999.0,-999.0,-999.0,-999.0,0,-999.0,-999.0,-999.0,0,0,-999.0,-999.0,-999.0,-999.0,0,-999.0,-999.0,-999.0,-999.0,-999.0,0,-999.0,-999.0,-999.0,0,0,0.7726259827613831,20.925199508666992,0.23818400502204895,-999.0,1,20.925199508666992,20.925199508666992,-999.0,-999.0,-999.0,0,21.416900634765625,0.23818400502204895,-999.0,1,4112,-999.0,-999.0,-999.0,-999.0,0,-999.0,-999.0,-999.0,-999.0,-999.0,0,-999.0,-999.0,-999.0,0,0,0.0282842818614513
PSO J223.8574+05.5465,-999,-999,-999,114652238574496203,3496239000019495,65296387820582,0,15189951504848,11465,1,1467,31,0.640788795091946,3496239,15203,3,268959744,0,32,-999.0,-999.0,-999.0,-999.0,223.85743224,5.54646042,0.2989400029182434,0.2989400029182434,,,,,56396.5534375,-999.0,-0.717690151507297,-0.6896224098538307,0.09665287505722713,219.62581938247283,21.284140254130214,2.3431520744772745,53.45462089246618,-999,0,1,0,1,0,0,0,-999.0,-999.0,-999.0,-999.0,0,-999.0,-999.0,-999.0,-999.0,-999.0,0,-999.0,-999.0,-999.0,0,0,0.7701089978218079,22.002599716186523,0.2985660135746002,-999.0,1,22.002599716186523,22.002599716186523,-999.0,-999.0,-999.0,0,21.702499389648438,0.2985660135746002,-999.0,1,4120,-999.0,-999.0,-999.0,-999.0,0,-999.0,-999.0,-999.0,-999.0,-999.0,0,-999.0,-999.0,-999.0,0,0,-999.0,-999.0,-999.0,-999.0,0,-999.0,-999.0,-999.0,-999.0,-999.0,0,-999.0,-999.0,-999.0,0,0,-999.0,-999.0,-999.0,-999.0,0,-999.0,-999.0,-999.0,-999.0,-999.0,0,-999.0,-999.0,-999.0,0,0,0.03201582500147455
PSO J223.8570+05.5470,-999,-999,-999,114652238570256830,3496239000019421,65296387820508,0,15189951504802,11465,1,1467,31,0.0278707919901896,3496239,15203,3,268959744,0,32,-999.0,-999.0,-999.0,-999.0,223.85701483,5.54698772,0.29721999168395996,0.29721999168395996,,,,,56396.56409722,-999.0,-0.7176945340818234,-0.6896165649996964,0.09666203508665626,219.62522096816636,21.284514064809382,2.343388329048072,53.45527729026206,-999,0,1,0,1,0,0,0,-999.0,-999.0,-999.0,-999.0,0,-999.0,-999.0,-999.0,-999.0,-999.0,0,-999.0,-999.0,-999.0,0,0,0.6917200088500977,21.888099670410156,0.29684001207351685,-999.0,1,21.888099670410156,21.888099670410156,-999.0,-999.0,-999.0,0,-999.0,-999.0,-999.0,0,4120,-999.0,-999.0,-999.0,-999.0,0,-999.0,-999.0,-999.0,-999.0,-999.0,0,-999.0,-999.0,-999.0,0,0,-999.0,-999.0,-999.0,-999.0,0,-999.0,-999.0,-999.0,-999.0,-999.0,0,-999.0,-999.0,-999.0,0,0,-999.0,-999.0,-999.0,-999.0,0,-999.0,-999.0,-999.0,-999.0,-999.0,0,-999.0,-999.0,-999.0,0,0,0.03203309467105518
PSO J223.8569+05.5419,-999,-999,-999,114652238569590685,3496239000019410,65296387820497,0,15189951748996,11465,1,1467,31,0.53741024577749,3496239,15203,3,436527248,7,52,223.85695973,5.54185835,0.0010000000474974513,0.0010000000474974513,223.85694830775404,5.541860861028718,0.00275117100467391,0.0028935901639695195,1.4776431684753666,-1.672824891487855,2.069801275857854,2.164996978338048,56203.01616172977,2.6463849544525146,-0.7177015686958903,-0.689621721779031,0.09657297314457543,219.62684862252897,21.279616446353433,2.3366923222837173,53.45205418001692,-999,5,70,8,12,20,15,15,0.9994779825210571,19.388200759887695,0.01230200007557869,0.03286600112915039,6,19.331499099731445,19.427200317382812,19.4822998046875,0.029830999672412872,0.09265799820423126,8,19.335899353027344,0.022832000628113747,0.07856199890375137,8,115000,0.9998350143432617,19.485300064086914,0.011512000113725662,0.0636880025267601,12,19.356599807739258,19.555400848388672,19.532800674438477,0.029815999791026115,0.09534800052642822,12,19.435400009155273,0.02317900024354458,0.10426300019025803,12,115000,0.9996209740638733,19.383899688720703,0.02135000005364418,0.09772399812936783,18,19.19260025024414,19.462099075317383,19.4197998046875,0.01361900009214878,0.14865100383758545,19,19.316499710083008,0.015300000086426735,0.11113599687814713,19,115000,0.9997159838676453,19.352800369262695,0.015985000878572464,0.06222299858927727,13,19.26289939880371,19.497100830078125,19.32670021057129,0.03315100073814392,0.1308480054140091,13,19.273300170898438,0.026393000036478043,0.1310809999704361,13,115000,0.9996950030326843,18.745399475097656,0.025040000677108765,0.08094999939203262,13,18.586999893188477,18.850000381469727,18.71339988708496,0.03501499816775322,0.20169800519943237,13,18.62969970703125,0.03250600025057793,0.11355900019407272,13,115000,0.0353502048072775
PSO J223.8566+05.5450,-999,-999,-999,114652238565974441,3496239000116146,65296387919306,0,15189951472430,11465,1,1467,31,0.25951373601287,3496239,15203,3,1343750144,0,160,223.85659726,5.5449849,0.0010000000474974513,0.0010000000474974513,223.85659726,5.5449849,0.0010000000474974513,0.0010000000474974513,,,,,55940.11799769,-999.0,-0.7177019959736713,-0.689613675112673,0.0966272429131697,219.62545822606694,21.28248055810996,2.3403537682658144,53.4543186680904,-999,1,0,0,0,0,0,0,-999.0,-999.0,-999.0,-999.0,0,-999.0,-999.0,-999.0,-999.0,-999.0,0,-999.0,-999.0,-999.0,0,114720,-999.0,-999.0,-999.0,-999.0,0,-999.0,-999.0,-999.0,-999.0,-999.0,0,-999.0,-999.0,-999.0,0,16416,-999.0,-999.0,-999.0,-999.0,0,-999.0,-999.0,-999.0,-999.0,-999.0,0,-999.0,-999.0,-999.0,0,16416,-999.0,-999.0,-999.0,-999.0,0,-999.0,-999.0,-999.0,-999.0,-999.0,0,-999.0,-999.0,-999.0,0,16416,-999.0,-999.0,-999.0,-999.0,0,-999.0,-999.0,-999.0,-999.0,-999.0,0,-999.0,-999.0,-999.0,0,16416,0.0335784310987025
PSO J223.8560+05.5475,-999,-999,-999,114652238559907420,3496239000019272,65296387820359,0,15189951505239,11465,1,1467,31,0.415390991992681,3496239,15203,3,268959744,0,32,-999.0,-999.0,-999.0,-999.0,223.85598326,5.54747823,0.28810998797416687,0.28810998797416687,,,,,56384.58405093,-999.0,-0.7177063532831054,-0.6896030699308462,0.09667055600863533,219.62401052779225,21.284664700944994,2.342921693049677,53.45638073474725,-999,0,1,0,0,1,0,0,-999.0,-999.0,-999.0,-999.0,0,-999.0,-999.0,-999.0,-999.0,-999.0,0,-999.0,-999.0,-999.0,0,0,-999.0,-999.0,-999.0,-999.0,0,-999.0,-999.0,-999.0,-999.0,-999.0,0,-999.0,-999.0,-999.0,0,0,0.7961969971656799,21.887399673461914,0.28772199153900146,-999.0,1,21.887399673461914,21.887399673461914,-999.0,-999.0,-999.0,0,21.61199951171875,0.28772199153900146,-999.0,1,4120,-999.0,-999.0,-999.0,-999.0,0,-999.0,-999.0,-999.0,-999.0,-999.0,0,-999.0,-999.0,-999.0,0,0,-999.0,-999.0,-999.0,-999.0,0,-999.0,-999.0,-999.0,-999.0,-999.0,0,-999.0,-999.0,-999.0,0,0,0.03258803741541148
PSO J223.8556+05.5463,-999,-999,-999,114652238555865988,3496239000019211,65296387820298,0,15189951471772,11465,1,1467,31,0.819668264891643,3496239,15203,3,268513280,0,32,-999.0,-999.0,-999.0,-999.0,223.85559325,5.54625111,0.01720000058412552,0.01720000058412552,,,,,55764.25229167,-999.0,-0.7177125401576572,-0.6895996188361457,0.09664923901141517,219.62401955030708,21.283377673574982,2.3409192033127586,53.45589618192704,-999,0,1,0,0,0,1,0,-999.0,-999.0,-999.0,-999.0,0,-999.0,-999.0,-999.0,-999.0,-999.0,0,-999.0,-999.0,-999.0,0,0,-999.0,-999.0,-999.0,-999.0,0,-999.0,-999.0,-999.0,-999.0,-999.0,0,-999.0,-999.0,-999.0,0,0,-999.0,-999.0,-999.0,-999.0,0,-999.0,-999.0,-999.0,-999.0,-999.0,0,-999.0,-999.0,-999.0,0,0,0.9988179802894592,16.823400497436523,0.008426000364124775,-999.0,1,16.823400497436523,16.823400497436523,17.724199295043945,0.024984000250697136,-999.0,1,17.646900177001953,0.008426000364124775,-999.0,1,16,-999.0,-999.0,-999.0,-999.0,0,-999.0,-999.0,-999.0,-999.0,-999.0,0,-999.0,-999.0,-999.0,0,0,0.03361095415831862
PSO J223.8553+05.5470,-999,-999,-999,114652238553626808,3496239000019183,65296387820270,0,15189951504636,11465,1,1467,31,0.497546193653295,3496239,15203,3,268959744,0,32,-999.0,-999.0,-999.0,-999.0,223.85534817,5.5469662,0.22543999552726746,0.22543999552726746,,,,,56487.28100694,-999.0,-0.7177146200103847,-0.6895957130577467,0.09666166125060692,219.62353423656603,21.283982950707134,2.3415820863113788,53.4565404371246,-999,0,1,0,0,0,1,0,-999.0,-999.0,-999.0,-999.0,0,-999.0,-999.0,-999.0,-999.0,-999.0,0,-999.0,-999.0,-999.0,0,0,-999.0,-999.0,-999.0,-999.0,0,-999.0,-999.0,-999.0,-999.0,-999.0,0,-999.0,-999.0,-999.0,0,0,-999.0,-999.0,-999.0,-999.0,0,-999.0,-999.0,-999.0,-999.0,-999.0,0,-999.0,-999.0,-999.0,0,0,0.6874330043792725,21.67449951171875,0.22493599355220795,-999.0,1,21.67449951171875,21.67449951171875,-999.0,-999.0,-999.0,0,23.260000228881836,0.22493599355220795,-999.0,1,4120,-999.0,-999.0,-999.0,-999.0,0,-999.0,-999.0,-999.0,-999.0,-999.0,0,-999.0,-999.0,-999.0,0,0,0.033398946867838876
PSO J223.8547+05.5475,-999,-999,-999,114652238546827398,3496239000019098,65296387820185,0,15189951451243,11465,1,1467,31,0.708159764025509,3496239,15203,3,268959744,0,32,-999.0,-999.0,-999.0,-999.0,223.85467539,5.54746057,0.213919997215271,0.213919997215271,,,,,56384.58405093,-999.0,-0.7177221159016052,-0.6895867075720772,0.09667024922707768,219.622687163896,21.284247181233752,2.3415032549496235,53.45737146172222,-999,0,1,0,0,1,0,0,-999.0,-999.0,-999.0,-999.0,0,-999.0,-999.0,-999.0,-999.0,-999.0,0,-999.0,-999.0,-999.0,0,0,-999.0,-999.0,-999.0,-999.0,0,-999.0,-999.0,-999.0,-999.0,-999.0,0,-999.0,-999.0,-999.0,0,0,0.7377930283546448,21.482999801635742,0.21339499950408936,-999.0,1,21.482999801635742,21.482999801635742,-999.0,-999.0,-999.0,0,22.058799743652344,0.21339499950408936,-999.0,1,4120,-999.0,-999.0,-999.0,-999.0,0,-999.0,-999.0,-999.0,-999.0,-999.0,0,-999.0,-999.0,-999.0,0,0,-999.0,-999.0,-999.0,-999.0,0,-999.0,-999.0,-999.0,-999.0,-999.0,0,-999.0,-999.0,-999.0,0,0,0.03367983675627638
PSO J223.8546+05.5486,-999,-999,-999,114652238546238762,3496239000019088,65296387820175,0,15189951452115,11465,1,1467,31,0.142095912380233,3496239,15203,3,268959744,0,32,-999.0,-999.0,-999.0,-999.0,223.8546106,5.5485934,0.30112001299858093,0.30112001299858093,,,,,56398.57015046,-999.0,-0.7177215172865766,-0.6895845716114688,0.09668992822047787,219.62224706373334,21.285305149462253,2.342898610162192,53.458144253672465,-999,0,1,0,0,1,0,0,-999.0,-999.0,-999.0,-999.0,0,-999.0,-999.0,-999.0,-999.0,-999.0,0,-999.0,-999.0,-999.0,0,0,-999.0,-999.0,-999.0,-999.0,0,-999.0,-999.0,-999.0,-999.0,-999.0,0,-999.0,-999.0,-999.0,0,0,0.6207889914512634,21.87350082397461,0.30074501037597656,-999.0,1,21.87350082397461,21.87350082397461,-999.0,-999.0,-999.0,0,21.999000549316406,0.30074501037597656,-999.0,1,4120,-999.0,-999.0,-999.0,-999.0,0,-999.0,-999.0,-999.0,-999.0,-999.0,0,-999.0,-999.0,-999.0,0,0,-999.0,-999.0,-999.0,-999.0,0,-999.0,-999.0,-999.0,-999.0,-999.0,0,-999.0,-999.0,-999.0,0,0,0.03312858176650658
PSO J223.9147+05.5583,-999,-999,-999,114672239146780382,3496239000028314,65296387829401,0,15189950071007,11467,1,1467,31,0.0182205783372937,3496239,15203,3,268959744,0,32,-999.0,-999.0,-999.0,-999.0,223.91465943,5.55828082,0.31345000863075256,0.31345000863075256,,,,,55609.57840278,-999.0,-0.7169866172996292,-0.690325051971584,0.0968582120094362,219.68008366137616,21.312913452578243,2.419431694357709,53.418300842355485,-999,0,1,0,0,0,1,0,-999.0,-999.0,-999.0,-999.0,0,-999.0,-999.0,-999.0,-999.0,-999.0,0,-999.0,-999.0,-999.0,0,0,-999.0,-999.0,-999.0,-999.0,0,-999.0,-999.0,-999.0,-999.0,-999.0,0,-999.0,-999.0,-999.0,0,0,-999.0,-999.0,-999.0,-999.0,0,-999.0,-999.0,-999.0,-999.0,-999.0,0,-999.0,-999.0,-999.0,0,0,0.790710985660553,18.778600692749023,0.3130890130996704,-999.0,1,18.778600692749023,18.778600692749023,-999.0,-999.0,-999.0,0,18.246599197387695,0.3130890130996704,-999.0,1,4112,-999.0,-999.0,-999.0,-999.0,0,-999.0,-999.0,-999.0,-999.0,-999.0,0,-999.0,-999.0,-999.0,0,0,0.032415622569308515
PSO J223.9155+05.5606,-999,-999,-999,114672239155133195,3496239000106702,65296387907791,0,15189954527980,11467,1,1467,31,0.00093860272405539,3496239,15203,3,310456320,0,37,-999.0,-999.0,-999.0,-999.0,223.91548593,5.56061282,0.18577000498771667,0.18577000498771667,,,,,55694.33935185,-999.0,-0.7169738187494081,-0.6903326596451114,0.09689872163861353,219.6801539120074,21.315385421815684,2.423326254953087,53.419153965517154,-999,0,1,0,0,1,0,0,-999.0,-999.0,-999.0,-999.0,0,-999.0,-999.0,-999.0,-999.0,-999.0,0,-999.0,-999.0,-999.0,0,0,-999.0,-999.0,-999.0,-999.0,0,-999.0,-999.0,-999.0,-999.0,-999.0,0,-999.0,-999.0,-999.0,0,0,0.24664799869060516,20.810100555419922,0.18516400456428528,-999.0,1,20.810100555419922,20.810100555419922,20.484899520874023,0.32745999097824097,-999.0,1,20.302499771118164,0.18516400456428528,-999.0,1,16777744,-999.0,-999.0,-999.0,-999.0,0,-999.0,-999.0,-999.0,-999.0,-999.0,0,-999.0,-999.0,-999.0,0,0,-999.0,-999.0,-999.0,-999.0,0,-999.0,-999.0,-999.0,-999.0,-999.0,0,-999.0,-999.0,-999.0,0,0,0.032760416195746676
PSO J223.9165+05.5652,-999,-999,-999,114672239165098712,3496239000028590,65296387829677,0,15189956638927,11467,1,1467,31,0.381003898923289,3496239,15203,3,436527104,7,52,223.91649696,5.56518824,0.0010000000474974513,0.0010000000474974513,223.91646190586937,5.565190102294105,0.0028530537026718495,0.0029776619882233056,-11.365304202806097,-9.896875810824238,2.151930676099158,2.240741469694823,56341.727583609725,3.1774349212646484,-0.7169564809149161,-0.6903395009678964,0.09697823403988684,219.6796290841178,21.32003515647585,2.4302727106137914,53.42132701147829,-999,5,63,6,13,20,13,11,0.999301016330719,21.354999542236328,0.05341700091958046,0.18954700231552124,6,21.209699630737305,21.69770050048828,21.200300216674805,0.1019430011510849,0.6182559728622437,4,21.223499298095703,0.16176199913024902,0.48697999119758606,5,115000,0.999737024307251,20.24679946899414,0.027660999447107315,0.07802499830722809,13,20.155799865722656,20.3966007232666,20.317399978637695,0.02558800019323826,0.1323390007019043,12,20.24650001525879,0.025270000100135803,0.15663400292396545,13,115000,0.9995099902153015,19.474599838256836,0.01027199998497963,0.06244400143623352,20,19.319900512695312,19.57670021057129,19.5398006439209,0.015231999568641186,0.10964799672365189,20,19.44930076599121,0.008488999679684639,0.05318000167608261,20,115000,0.9992120265960693,19.098899841308594,0.01541099976748228,0.056453999131917953,13,19.001399993896484,19.14859962463379,19.19070053100586,0.02653600089251995,0.12354999780654907,13,19.100000381469727,0.024143999442458153,0.09632600098848343,13,115000,0.9995319843292236,18.901199340820312,0.016157999634742737,0.06664899736642838,11,18.77050018310547,19.00429916381836,19.051300048828125,0.02727299928665161,0.15803299844264984,11,18.962299346923828,0.024233000352978706,0.16604599356651306,11,115000,0.03331147500648061
PSO J223.9168+05.5618,-999,-999,-999,114672239167864673,3496239000106706,65296387907795,0,15189954529772,11467,1,1467,31,0.579287977497362,3496239,15203,3,310456320,0,37,-999.0,-999.0,-999.0,-999.0,223.91675868,5.56184408,0.17118999361991882,0.17118999361991882,,,,,55694.33935185,-999.0,-0.7169569835918086,-0.6903471416252713,0.09692011003271032,219.68104124924622,21.31694662582201,2.426273101224396,53.418963030469875,-999,0,1,0,0,1,0,0,-999.0,-999.0,-999.0,-999.0,0,-999.0,-999.0,-999.0,-999.0,-999.0,0,-999.0,-999.0,-999.0,0,0,-999.0,-999.0,-999.0,-999.0,0,-999.0,-999.0,-999.0,-999.0,-999.0,0,-999.0,-999.0,-999.0,0,0,0.2477400004863739,20.72100067138672,0.17053399980068207,-999.0,1,20.72100067138672,20.72100067138672,19.98870086669922,0.20490099489688873,-999.0,1,20.184600830078125,0.17053399980068207,-999.0,1,16777744,-999.0,-999.0,-999.0,-999.0,0,-999.0,-999.0,-999.0,-999.0,-999.0,0,-999.0,-999.0,-999.0,0,0,-999.0,-999.0,-999.0,-999.0,0,-999.0,-999.0,-999.0,-999.0,-999.0,0,-999.0,-999.0,-999.0,0,0,0.03384211438714813
PSO J223.9179+05.5656,-999,-999,-999,114672239179509210,3496239000028790,65296387829877,0,15189956630773,11467,1,1467,31,0.0105810435587364,3496239,15203,3,268959744,0,32,-999.0,-999.0,-999.0,-999.0,223.9179423,5.56563651,0.2959200143814087,0.2959200143814087,,,,,55764.26403935,-999.0,-0.7169380995596434,-0.6903575011656394,0.09698598859701872,219.68099235098046,21.320917549866124,2.4324361819345635,53.42047308754032,-999,0,1,0,0,0,1,0,-999.0,-999.0,-999.0,-999.0,0,-999.0,-999.0,-999.0,-999.0,-999.0,0,-999.0,-999.0,-999.0,0,0,-999.0,-999.0,-999.0,-999.0,0,-999.0,-999.0,-999.0,-999.0,-999.0,0,-999.0,-999.0,-999.0,0,0,-999.0,-999.0,-999.0,-999.0,0,-999.0,-999.0,-999.0,-999.0,-999.0,0,-999.0,-999.0,-999.0,0,0,0.5898969769477844,20.52899932861328,0.2955380082130432,-999.0,1,20.52899932861328,20.52899932861328,-999.0,-999.0,-999.0,0,20.958499908447266,0.2955380082130432,-999.0,1,4112,-999.0,-999.0,-999.0,-999.0,0,-999.0,-999.0,-999.0,-999.0,-999.0,0,-999.0,-999.0,-999.0,0,0,0.034778475010482215
PSO J223.9186+05.5643,-999,-999,-999,114672239185777647,3496239000028894,65296387829981,0,15189954540586,11467,1,1467,31,0.879357680566011,3496239,15203,3,302067712,0,36,-999.0,-999.0,-999.0,-999.0,223.9185515,5.56432652,0.21505999565124512,0.21505999565124512,,,,,55608.62835648,-999.0,-0.7169323563639848,-0.6903666619263005,0.09696323271798206,219.68204420090535,21.31985756108586,2.43139113980357,53.419170842866706,-999,0,1,0,0,0,0,1,-999.0,-999.0,-999.0,-999.0,0,-999.0,-999.0,-999.0,-999.0,-999.0,0,-999.0,-999.0,-999.0,0,0,-999.0,-999.0,-999.0,-999.0,0,-999.0,-999.0,-999.0,-999.0,-999.0,0,-999.0,-999.0,-999.0,0,0,-999.0,-999.0,-999.0,-999.0,0,-999.0,-999.0,-999.0,-999.0,-999.0,0,-999.0,-999.0,-999.0,0,0,-999.0,-999.0,-999.0,-999.0,0,-999.0,-999.0,-999.0,-999.0,-999.0,0,-999.0,-999.0,-999.0,0,0,0.8836359977722168,19.793500900268555,0.2145339995622635,-999.0,1,19.793500900268555,19.793500900268555,20.071399688720703,0.32517001032829285,-999.0,1,19.944900512695312,0.2145339995622635,-999.0,1,272,0.03541837008558108
PSO J223.8478+05.5669,-999,-999,-999,114682238477910790,3496239000018016,65296387819103,0,15189953886524,11468,1,1467,31,0.128261832639819,3496239,15203,3,436527104,7,52,223.84785472,5.5669226,0.0010000000474974513,0.0010000000474974513,223.84783752398783,5.566930878116804,0.01191981446160852,0.01191981446160852,9.026729011088769,-10.785518629729633,10.308820200136324,10.308820200136324,56327.62695511582,6.28662633895874,-0.717780675632498,-0.6894782504499374,0.09700847305801692,219.6093012893773,21.300672495187527,2.35937655981144,53.47503887038766,-999,5,35,1,7,14,11,2,0.9977579712867737,22.290599822998047,0.19514699280261993,-999.0,1,22.290599822998047,22.290599822998047,-999.0,-999.0,-999.0,1,22.861400604248047,0.19514699280261993,-999.0,1,115000,0.9993839859962463,21.679500579833984,0.07504700124263763,0.22529299557209015,7,21.250699996948242,21.940000534057617,21.528200149536133,0.13597600162029266,0.29012200236320496,6,21.592100143432617,0.15937800705432892,0.4354569911956787,7,115000,0.9992790222167969,21.05270004272461,0.041113000363111496,0.16671599447727203,14,20.753299713134766,21.383399963378906,20.806800842285156,0.03849000111222267,0.15254700183868408,14,20.724300384521484,0.049956999719142914,0.18111500144004822,14,16892216,0.9994080066680908,20.855499267578125,0.0501989983022213,0.17518800497055054,11,20.576000213623047,21.073200225830078,20.49519920349121,0.06527700275182724,0.18456299602985382,11,20.495899200439453,0.06627199798822403,0.21085600554943085,11,115000,0.9993839859962463,20.486600875854492,0.18459400534629822,0.2631550133228302,2,20.278600692749023,20.64780044555664,19.969999313354492,0.06019899994134903,0.08649399876594543,2,19.886999130249023,0.07301100343465805,0.10384999960660934,2,16892216,0.03501220028791014
PSO J223.8863+05.5882,-999,-999,-999,114702238862706253,3496239000024052,65296387825139,0,15189953327684,11470,1,1467,31,0.0312382271804272,3496239,15203,3,310456320,0,37,-999.0,-999.0,-999.0,-999.0,223.88625509,5.58815105,0.14466999471187592,0.14466999471187592,,,,,56721.6040625,-999.0,-0.7172922668679432,-0.6899344228949291,0.09737708147243138,219.64134258980522,21.332636610112598,2.4278072420167995,53.45912406757989,-999,0,1,1,0,0,0,0,0.9903510212898254,21.21380043029785,0.1438940018415451,-999.0,1,21.21380043029785,21.21380043029785,20.513099670410156,0.1474359929561615,-999.0,1,20.361400604248047,0.1438940018415451,-999.0,1,16777496,-999.0,-999.0,-999.0,-999.0,0,-999.0,-999.0,-999.0,-999.0,-999.0,0,-999.0,-999.0,-999.0,0,0,-999.0,-999.0,-999.0,-999.0,0,-999.0,-999.0,-999.0,-999.0,-999.0,0,-999.0,-999.0,-999.0,0,0,-999.0,-999.0,-999.0,-999.0,0,-999.0,-999.0,-999.0,-999.0,-999.0,0,-999.0,-999.0,-999.0,0,0,-999.0,-999.0,-999.0,-999.0,0,-999.0,-999.0,-999.0,-999.0,-999.0,0,-999.0,-999.0,-999.0,0,0,0.022497531730526734
PSO J223.8856+05.5859,-999,-999,-999,114702238856273522,3496239000023951,65296387825038,0,15189953325595,11470,1,1467,31,0.773303641726546,3496239,15203,3,310456320,0,37,-999.0,-999.0,-999.0,-999.0,223.88560965,5.58587834,0.17629000544548035,0.17629000544548035,,,,,56721.58826389,-999.0,-0.7173028222691717,-0.6899290195978682,0.09733760363500488,219.64143736456975,21.330276512405188,2.424178559931268,53.4581701410898,-999,0,1,1,0,0,0,0,0.9820849895477295,21.60260009765625,0.17564800381660461,-999.0,1,21.60260009765625,21.60260009765625,20.907499313354492,0.18196900188922882,-999.0,1,20.792699813842773,0.17564800381660461,-999.0,1,16777496,-999.0,-999.0,-999.0,-999.0,0,-999.0,-999.0,-999.0,-999.0,-999.0,0,-999.0,-999.0,-999.0,0,0,-999.0,-999.0,-999.0,-999.0,0,-999.0,-999.0,-999.0,-999.0,-999.0,0,-999.0,-999.0,-999.0,0,0,-999.0,-999.0,-999.0,-999.0,0,-999.0,-999.0,-999.0,-999.0,-999.0,0,-999.0,-999.0,-999.0,0,0,-999.0,-999.0,-999.0,-999.0,0,-999.0,-999.0,-999.0,-999.0,-999.0,0,-999.0,-999.0,-999.0,0,0,0.020158364806523752
PSO J223.8855+05.5908,-999,-999,-999,114702238855339452,3496239000023929,65296387825016,0,15189953337635,11470,1,1467,31,0.743229624576149,3496239,15203,3,310456320,0,37,-999.0,-999.0,-999.0,-999.0,223.88551333,5.59082272,0.17079000174999237,0.17079000174999237,,,,,56721.58826389,-999.0,-0.7172979254673462,-0.6899219882509599,0.09742348920093175,219.63970575283182,21.33495138284647,2.4304742359994633,53.46139595237028,-999,0,1,1,0,0,0,0,0.8585709929466248,21.48710060119629,0.17013199627399445,-999.0,1,21.48710060119629,21.48710060119629,20.660600662231445,0.13578000664710999,-999.0,1,20.627599716186523,0.17013199627399445,-999.0,1,16777496,-999.0,-999.0,-999.0,-999.0,0,-999.0,-999.0,-999.0,-999.0,-999.0,0,-999.0,-999.0,-999.0,0,0,-999.0,-999.0,-999.0,-999.0,0,-999.0,-999.0,-999.0,-999.0,-999.0,0,-999.0,-999.0,-999.0,0,0,-999.0,-999.0,-999.0,-999.0,0,-999.0,-999.0,-999.0,-999.0,-999.0,0,-999.0,-999.0,-999.0,0,0,-999.0,-999.0,-999.0,-999.0,0,-999.0,-999.0,-999.0,-999.0,-999.0,0,-999.0,-999.0,-999.0,0,0,0.025059876300244407
PSO J223.8854+05.5882,-999,-999,-999,114702238854476291,3496239000023921,65296387825008,0,15189953327295,11470,1,1467,31,0.820803811606768,3496239,15203,3,268513280,0,32,-999.0,-999.0,-999.0,-999.0,223.88543737,5.58819724,0.01867000013589859,0.01867000013589859,,,,,56042.37965278,-999.0,-0.7173020568954216,-0.6899241312771522,0.0973778838087175,219.64049604250744,21.332430081061588,2.4269956480702377,53.459780543872306,-999,0,1,1,0,0,0,0,0.9915680289268494,18.95330047607422,0.011122999712824821,-999.0,1,18.95330047607422,18.95330047607422,19.124399185180664,0.020438000559806824,-999.0,1,19.0531005859375,0.011122999712824821,-999.0,1,24,-999.0,-999.0,-999.0,-999.0,0,-999.0,-999.0,-999.0,-999.0,-999.0,0,-999.0,-999.0,-999.0,0,0,-999.0,-999.0,-999.0,-999.0,0,-999.0,-999.0,-999.0,-999.0,-999.0,0,-999.0,-999.0,-999.0,0,0,-999.0,-999.0,-999.0,-999.0,0,-999.0,-999.0,-999.0,-999.0,-999.0,0,-999.0,-999.0,-999.0,0,0,-999.0,-999.0,-999.0,-999.0,0,-999.0,-999.0,-999.0,-999.0,-999.0,0,-999.0,-999.0,-999.0,0,0,0.02244074091212298
PSO J223.8854+05.5875,-999,-999,-999,114702238854125482,3496239000116689,65296387919849,0,15189953328046,11470,1,1467,31,0.298719235974102,3496239,15203,3,1343750144,0,160,223.88541228,5.5875196,0.0010000000474974513,0.0010000000474974513,223.88541228,5.5875196,0.0010000000474974513,0.0010000000474974513,,,,,55995.17969907,-999.0,-0.7173031890220875,-0.6899246154947662,0.09736611296104386,219.6406944372539,21.331777648963246,2.4260920180466385,53.45936779397262,-999,2,0,0,0,0,0,0,-999.0,-999.0,-999.0,-999.0,0,-999.0,-999.0,-999.0,-999.0,-999.0,0,-999.0,-999.0,-999.0,0,114720,-999.0,-999.0,-999.0,-999.0,0,-999.0,-999.0,-999.0,-999.0,-999.0,0,-999.0,-999.0,-999.0,0,16416,-999.0,-999.0,-999.0,-999.0,0,-999.0,-999.0,-999.0,-999.0,-999.0,0,-999.0,-999.0,-999.0,0,16416,-999.0,-999.0,-999.0,-999.0,0,-999.0,-999.0,-999.0,-999.0,-999.0,0,-999.0,-999.0,-999.0,0,16416,-999.0,-999.0,-999.0,-999.0,0,-999.0,-999.0,-999.0,-999.0,-999.0,0,-999.0,-999.0,-999.0,0,16416,0.0217644264805585
PSO J223.8850+05.5912,-999,-999,-999,114702238850349910,3496239000023860,65296387824947,0,15189953337839,11470,1,1467,31,0.260582328085399,3496239,15203,3,310456320,0,37,-999.0,-999.0,-999.0,-999.0,223.88500182,5.5911948,0.11979000270366669,0.11979000270366669,,,,,56787.40170139,-999.0,-0.7173036287393758,-0.689915145932226,0.09742995232801319,219.63906280695022,21.335148716055706,2.4304107037558955,53.46202537417528,-999,0,1,0,0,1,0,0,-999.0,-999.0,-999.0,-999.0,0,-999.0,-999.0,-999.0,-999.0,-999.0,0,-999.0,-999.0,-999.0,0,0,-999.0,-999.0,-999.0,-999.0,0,-999.0,-999.0,-999.0,-999.0,-999.0,0,-999.0,-999.0,-999.0,0,0,0.997564971446991,21.272499084472656,0.11885199695825577,-999.0,1,21.272499084472656,21.272499084472656,20.521699905395508,0.12225399911403656,-999.0,1,20.546199798583984,0.11885199695825577,-999.0,1,16777496,-999.0,-999.0,-999.0,-999.0,0,-999.0,-999.0,-999.0,-999.0,-999.0,0,-999.0,-999.0,-999.0,0,0,-999.0,-999.0,-999.0,-999.0,0,-999.0,-999.0,-999.0,-999.0,-999.0,0,-999.0,-999.0,-999.0,0,0,0.025385104715196376
PSO J223.8848+05.5900,-999,-999,-999,114702238847998417,3496239000106607,65296387907696,0,15189953338242,11470,1,1467,31,0.742219454368781,3496239,15203,3,268959744,0,32,-999.0,-999.0,-999.0,-999.0,223.88478395,5.58997874,0.3158800005912781,0.3158800005912781,,,,,55239.58606481,-999.0,-0.7173077424010211,-0.6899138516642256,0.09740882903198829,219.639243139835,21.33392495008446,2.4286047721355426,53.461417254878874,-999,0,1,0,0,0,0,1,-999.0,-999.0,-999.0,-999.0,0,-999.0,-999.0,-999.0,-999.0,-999.0,0,-999.0,-999.0,-999.0,0,0,-999.0,-999.0,-999.0,-999.0,0,-999.0,-999.0,-999.0,-999.0,-999.0,0,-999.0,-999.0,-999.0,0,0,-999.0,-999.0,-999.0,-999.0,0,-999.0,-999.0,-999.0,-999.0,-999.0,0,-999.0,-999.0,-999.0,0,0,-999.0,-999.0,-999.0,-999.0,0,-999.0,-999.0,-999.0,-999.0,-999.0,0,-999.0,-999.0,-999.0,0,0,0.7432330250740051,20.43779945373535,0.3155190050601959,-999.0,1,20.43779945373535,20.43779945373535,-999.0,-999.0,-999.0,0,-999.0,-999.0,-999.0,0,4120,0.024156079235123876
PSO J223.8840+05.5912,-999,-999,-999,114702238840019947,3496239000023726,65296387824813,0,15189953338125,11470,1,1467,31,0.933888624360681,3496239,15203,3,310456320,0,37,-999.0,-999.0,-999.0,-999.0,223.88396835,5.59122882,0.09503000229597092,0.09503000229597092,,,,,56787.38965278,-999.0,-0.7173160312402412,-0.6899021673868024,0.09743054326412108,219.63800094305856,21.33486450999458,2.429353439314143,53.462839549536895,-999,0,1,0,0,1,0,0,-999.0,-999.0,-999.0,-999.0,0,-999.0,-999.0,-999.0,-999.0,-999.0,0,-999.0,-999.0,-999.0,0,0,-999.0,-999.0,-999.0,-999.0,0,-999.0,-999.0,-999.0,-999.0,-999.0,0,-999.0,-999.0,-999.0,0,0,0.9979959726333618,21.000200271606445,0.09383899718523026,-999.0,1,21.000200271606445,21.000200271606445,19.974199295043945,0.09538699686527252,-999.0,1,20.153499603271484,0.09383899718523026,-999.0,1,16777496,-999.0,-999.0,-999.0,-999.0,0,-999.0,-999.0,-999.0,-999.0,-999.0,0,-999.0,-999.0,-999.0,0,0,-999.0,-999.0,-999.0,-999.0,0,-999.0,-999.0,-999.0,-999.0,-999.0,0,-999.0,-999.0,-999.0,0,0,0.025359140340672888
PSO J223.8840+05.5844,-999,-999,-999,114702238839781762,3496239000023721,65296387824808,0,15189953327094,11470,1,1467,31,0.201472831146301,3496239,15203,3,268959744,0,32,-999.0,-999.0,-999.0,-999.0,223.88397089,5.58443146,0.34327998757362366,0.34327998757362366,,,,,55609.57840278,-999.0,-0.7173243265563432,-0.6899102068942923,0.0973124706991012,219.64024950006853,21.328397892724702,2.42056000408179,53.458504248059164,-999,0,1,0,0,0,1,0,-999.0,-999.0,-999.0,-999.0,0,-999.0,-999.0,-999.0,-999.0,-999.0,0,-999.0,-999.0,-999.0,0,0,-999.0,-999.0,-999.0,-999.0,0,-999.0,-999.0,-999.0,-999.0,-999.0,0,-999.0,-999.0,-999.0,0,0,-999.0,-999.0,-999.0,-999.0,0,-999.0,-999.0,-999.0,-999.0,-999.0,0,-999.0,-999.0,-999.0,0,0,0.3880159854888916,18.60650062561035,0.3429509997367859,-999.0,1,18.60650062561035,18.60650062561035,-999.0,-999.0,-999.0,0,19.325700759887695,0.3429509997367859,-999.0,1,4112,-999.0,-999.0,-999.0,-999.0,0,-999.0,-999.0,-999.0,-999.0,-999.0,0,-999.0,-999.0,-999.0,0,0,0.01856861974577865
PSO J223.8838+05.5855,-999,-999,-999,114702238837872996,3496239000023680,65296387824767,0,15189953326467,11470,1,1467,31,0.782874808444525,3496239,15203,3,268959744,0,32,-999.0,-999.0,-999.0,-999.0,223.88377137,5.58545657,0.3719100058078766,0.3719100058078766,,,,,55608.62884259,-999.0,-0.7173254740262118,-0.6899065019488424,0.09733027731277857,219.63970797101152,21.32931212642411,2.4216738067764596,53.459310786492814,-999,0,1,0,0,0,0,1,-999.0,-999.0,-999.0,-999.0,0,-999.0,-999.0,-999.0,-999.0,-999.0,0,-999.0,-999.0,-999.0,0,0,-999.0,-999.0,-999.0,-999.0,0,-999.0,-999.0,-999.0,-999.0,-999.0,0,-999.0,-999.0,-999.0,0,0,-999.0,-999.0,-999.0,-999.0,0,-999.0,-999.0,-999.0,-999.0,-999.0,0,-999.0,-999.0,-999.0,0,0,-999.0,-999.0,-999.0,-999.0,0,-999.0,-999.0,-999.0,-999.0,-999.0,0,-999.0,-999.0,-999.0,0,0,0.47709599137306213,20.174299240112305,0.3716070055961609,-999.0,1,20.174299240112305,20.174299240112305,-999.0,-999.0,-999.0,0,23.822999954223633,0.3716070055961609,-999.0,1,4112,0.019583623937610806
PSO J223.8837+05.5866,-999,-999,-999,114702238837704337,3496239000023677,65296387824764,0,15189953326020,11470,1,1467,31,0.326333348943231,3496239,15203,3,436285440,0,52,223.88377066,5.58658115,0.0010000000474974513,0.0010000000474974513,223.88374295,5.5865893,0.14190000295639038,0.14190000295639038,,,,,56509.39778935,0.3817000091075897,-0.7173244292273124,-0.6899048121492906,0.09734995329717688,219.63930481260155,21.330381165661176,2.4231092545535624,53.46005473053211,-999,4,2,0,0,0,2,0,-999.0,-999.0,-999.0,-999.0,0,-999.0,-999.0,-999.0,-999.0,-999.0,0,-999.0,-999.0,-999.0,0,16416,-999.0,-999.0,-999.0,-999.0,0,-999.0,-999.0,-999.0,-999.0,-999.0,0,-999.0,-999.0,-999.0,0,16416,-999.0,-999.0,-999.0,-999.0,0,-999.0,-999.0,-999.0,-999.0,-999.0,0,-999.0,-999.0,-999.0,0,114720,0.9986400008201599,21.66189956665039,0.03412200137972832,0.04826100170612335,2,21.627399444580078,21.695600509643555,-999.0,-999.0,-999.0,1,22.64940071105957,0.3305850028991699,0.46756699681282043,2,115000,-999.0,-999.0,-999.0,-999.0,0,-999.0,-999.0,-999.0,-999.0,-999.0,0,-999.0,-999.0,-999.0,0,16416,0.02071450179510701
PSO J223.8837+05.5848,-999,-999,-999,114702238836882212,3496239000023658,65296387824745,0,15189953327006,11470,1,1467,31,0.571627881910305,3496239,15203,3,268959744,0,32,-999.0,-999.0,-999.0,-999.0,223.88367951,5.58480093,0.27312999963760376,0.27312999963760376,,,,,55694.35231481,-999.0,-0.7173273828168353,-0.6899061238970299,0.0973188885598539,219.6398312177829,21.32866017405553,2.4207275453556805,53.458963220174596,-999,0,1,0,1,0,0,0,-999.0,-999.0,-999.0,-999.0,0,-999.0,-999.0,-999.0,-999.0,-999.0,0,-999.0,-999.0,-999.0,0,0,0.7273539900779724,21.273099899291992,0.27271899580955505,-999.0,1,21.273099899291992,21.273099899291992,-999.0,-999.0,-999.0,1,21.51409912109375,0.27271899580955505,-999.0,1,4112,-999.0,-999.0,-999.0,-999.0,0,-999.0,-999.0,-999.0,-999.0,-999.0,0,-999.0,-999.0,-999.0,0,0,-999.0,-999.0,-999.0,-999.0,0,-999.0,-999.0,-999.0,-999.0,-999.0,0,-999.0,-999.0,-999.0,0,0,-999.0,-999.0,-999.0,-999.0,0,-999.0,-999.0,-999.0,-999.0,-999.0,0,-999.0,-999.0,-999.0,0,0,0.018925017746500402
PSO J223.8835+05.5897,-999,-999,-999,114702238835068155,3496239000116648,65296387919808,0,15189953337521,11470,1,1467,31,0.0788238505635633,3496239,15203,3,1343750144,0,160,223.88350106,5.58974654,0.0010000000474974513,0.0010000000474974513,223.88350106,5.58974654,0.0010000000474974513,0.0010000000474974513,,,,,55889.97292824,-999.0,-0.717323474364658,-0.68989806414422,0.09740479564925675,219.63801569146452,21.33331104517808,2.4269371624155016,53.46225296213845,-999,2,0,0,0,0,0,0,-999.0,-999.0,-999.0,-999.0,0,-999.0,-999.0,-999.0,-999.0,-999.0,0,-999.0,-999.0,-999.0,0,114720,-999.0,-999.0,-999.0,-999.0,0,-999.0,-999.0,-999.0,-999.0,-999.0,0,-999.0,-999.0,-999.0,0,16416,-999.0,-999.0,-999.0,-999.0,0,-999.0,-999.0,-999.0,-999.0,-999.0,0,-999.0,-999.0,-999.0,0,16416,-999.0,-999.0,-999.0,-999.0,0,-999.0,-999.0,-999.0,-999.0,-999.0,0,-999.0,-999.0,-999.0,0,16416,-999.0,-999.0,-999.0,-999.0,0,-999.0,-999.0,-999.0,-999.0,-999.0,0,-999.0,-999.0,-999.0,0,16416,0.023863751175880778
PSO J223.8834+05.5869,-999,-999,-999,114702238833694687,3496239000116640,65296387919800,0,15189953326007,11470,1,1467,31,0.158120585752763,3496239,15203,3,1343750144,0,160,223.88336879,5.58685593,0.0010000000474974513,0.0010000000474974513,223.88336879,5.58685593,0.0010000000474974513,0.0010000000474974513,,,,,55906.63571759,-999.0,-0.7173286079873497,-0.6898998137326562,0.09735458476403477,219.6388363521693,21.33052024011374,2.4230555347054765,53.460511608524705,-999,1,0,0,0,0,0,0,-999.0,-999.0,-999.0,-999.0,0,-999.0,-999.0,-999.0,-999.0,-999.0,0,-999.0,-999.0,-999.0,0,114720,-999.0,-999.0,-999.0,-999.0,0,-999.0,-999.0,-999.0,-999.0,-999.0,0,-999.0,-999.0,-999.0,0,16416,-999.0,-999.0,-999.0,-999.0,0,-999.0,-999.0,-999.0,-999.0,-999.0,0,-999.0,-999.0,-999.0,0,16416,-999.0,-999.0,-999.0,-999.0,0,-999.0,-999.0,-999.0,-999.0,-999.0,0,-999.0,-999.0,-999.0,0,16416,-999.0,-999.0,-999.0,-999.0,0,-999.0,-999.0,-999.0,-999.0,-999.0,0,-999.0,-999.0,-999.0,0,16416,0.020971142322524707
PSO J223.8832+05.5835,-999,-999,-999,114702238832180641,3496239000023584,65296387824671,0,15189953326747,11470,1,1467,31,0.287580086186137,3496239,15203,3,268959744,0,32,-999.0,-999.0,-999.0,-999.0,223.88320307,5.58349907,0.32420000433921814,0.32420000433921814,,,,,55608.61568287,-999.0,-0.717334713256004,-0.6899016916184412,0.09729627464574335,219.6397770273345,21.327275566881827,2.418535293984694,53.45849851031047,-999,0,1,0,0,0,0,1,-999.0,-999.0,-999.0,-999.0,0,-999.0,-999.0,-999.0,-999.0,-999.0,0,-999.0,-999.0,-999.0,0,0,-999.0,-999.0,-999.0,-999.0,0,-999.0,-999.0,-999.0,-999.0,-999.0,0,-999.0,-999.0,-999.0,0,0,-999.0,-999.0,-999.0,-999.0,0,-999.0,-999.0,-999.0,-999.0,-999.0,0,-999.0,-999.0,-999.0,0,0,-999.0,-999.0,-999.0,-999.0,0,-999.0,-999.0,-999.0,-999.0,-999.0,0,-999.0,-999.0,-999.0,0,0,0.7040989995002747,20.141700744628906,0.32385098934173584,-999.0,1,20.141700744628906,20.141700744628906,-999.0,-999.0,-999.0,1,22.037500381469727,0.32385098934173584,-999.0,1,4112,0.017612229694708156
PSO J223.8831+05.5877,-999,-999,-999,114702238831805715,3496239000023579,65296387824666,0,15189953332369,11470,1,1467,31,0.749795496230754,3496239,15203,3,436285440,0,52,223.88312466,5.58769809,0.0010000000474974513,0.0010000000474974513,223.88312412,5.58769078,0.13627000153064728,0.13627000153064728,,,,,56335.64165509,0.34150001406669617,-0.7173305315600673,-0.6898957671282882,0.09736908641977718,219.63831177590416,21.33123961560042,2.4238751155274136,53.46123144894311,-999,7,2,0,0,0,2,0,-999.0,-999.0,-999.0,-999.0,0,-999.0,-999.0,-999.0,-999.0,-999.0,0,-999.0,-999.0,-999.0,0,16416,-999.0,-999.0,-999.0,-999.0,0,-999.0,-999.0,-999.0,-999.0,-999.0,0,-999.0,-999.0,-999.0,0,16416,-999.0,-999.0,-999.0,-999.0,0,-999.0,-999.0,-999.0,-999.0,-999.0,0,-999.0,-999.0,-999.0,0,114720,0.9985560178756714,21.576200485229492,0.008944000117480755,0.012651000171899796,2,21.5674991607666,21.585399627685547,21.583799362182617,0.32541799545288086,0.5243099927902222,2,21.710500717163086,0.34110501408576965,0.4826819896697998,2,115000,-999.0,-999.0,-999.0,-999.0,0,-999.0,-999.0,-999.0,-999.0,-999.0,0,-999.0,-999.0,-999.0,0,114720,0.021803129959069186
PSO J223.8829+05.5911,-999,-999,-999,114702238829129787,3496239000116627,65296387919787,0,15189953338074,11470,1,1467,31,0.0523916977014315,3496239,15203,3,1343750144,0,160,223.8828501,5.591092,0.0010000000474974513,0.0010000000474974513,223.8828501,5.591092,0.0010000000474974513,0.0010000000474974513,,,,,56083.15268519,-999.0,-0.7173296637136104,-0.6898883285697185,0.09742816666549133,219.63690934816157,21.334391782175363,2.427984688214314,53.463609821460665,-999,2,0,0,0,0,0,0,-999.0,-999.0,-999.0,-999.0,0,-999.0,-999.0,-999.0,-999.0,-999.0,0,-999.0,-999.0,-999.0,0,114720,-999.0,-999.0,-999.0,-999.0,0,-999.0,-999.0,-999.0,-999.0,-999.0,0,-999.0,-999.0,-999.0,0,16416,-999.0,-999.0,-999.0,-999.0,0,-999.0,-999.0,-999.0,-999.0,-999.0,0,-999.0,-999.0,-999.0,0,16416,-999.0,-999.0,-999.0,-999.0,0,-999.0,-999.0,-999.0,-999.0,-999.0,0,-999.0,-999.0,-999.0,0,16416,-999.0,-999.0,-999.0,-999.0,0,-999.0,-999.0,-999.0,-999.0,-999.0,0,-999.0,-999.0,-999.0,0,16416,0.025204441546602962
PSO J223.8825+05.5905,-999,-999,-999,114702238825369073,3496239000023486,65296387824573,0,15189953337958,11470,1,1467,31,0.49388529406291,3496239,15203,3,268959744,0,32,-999.0,-999.0,-999.0,-999.0,223.88252018,5.59052055,0.33059000968933105,0.33059000968933105,,,,,55608.62884259,-999.0,-0.7173343365521312,-0.6898848715805026,0.0974182404258429,219.63676278330246,21.33374701005565,2.4268935348630087,53.463498519373054,-999,0,1,0,0,0,0,1,-999.0,-999.0,-999.0,-999.0,0,-999.0,-999.0,-999.0,-999.0,-999.0,0,-999.0,-999.0,-999.0,0,0,-999.0,-999.0,-999.0,-999.0,0,-999.0,-999.0,-999.0,-999.0,-999.0,0,-999.0,-999.0,-999.0,0,0,-999.0,-999.0,-999.0,-999.0,0,-999.0,-999.0,-999.0,-999.0,-999.0,0,-999.0,-999.0,-999.0,0,0,-999.0,-999.0,-999.0,-999.0,0,-999.0,-999.0,-999.0,-999.0,-999.0,0,-999.0,-999.0,-999.0,0,0,0.5420669913291931,19.871700286865234,0.33024799823760986,-999.0,1,19.871700286865234,19.871700286865234,-999.0,-999.0,-999.0,0,21.685699462890625,0.33024799823760986,-999.0,1,4112,0.024637178641003735
PSO J223.8818+05.5848,-999,-999,-999,114702238817892180,3496239000116608,65296387919768,0,15189953323568,11470,1,1467,31,0.0297796586805765,3496239,15203,3,1343750144,0,160,223.88178997,5.58480392,0.0010000000474974513,0.0010000000474974513,223.88178997,5.58480392,0.0010000000474974513,0.0010000000474974513,,,,,55995.96274306,-999.0,-0.7173501309694146,-0.6898824634809978,0.09731894049748767,219.6379093915826,21.32808421410886,2.4187176400858115,53.46041391902441,-999,3,0,0,0,0,0,0,-999.0,-999.0,-999.0,-999.0,0,-999.0,-999.0,-999.0,-999.0,-999.0,0,-999.0,-999.0,-999.0,0,16416,-999.0,-999.0,-999.0,-999.0,0,-999.0,-999.0,-999.0,-999.0,-999.0,0,-999.0,-999.0,-999.0,0,16416,-999.0,-999.0,-999.0,-999.0,0,-999.0,-999.0,-999.0,-999.0,-999.0,0,-999.0,-999.0,-999.0,0,16416,-999.0,-999.0,-999.0,-999.0,0,-999.0,-999.0,-999.0,-999.0,-999.0,0,-999.0,-999.0,-999.0,0,114720,-999.0,-999.0,-999.0,-999.0,0,-999.0,-999.0,-999.0,-999.0,-999.0,0,-999.0,-999.0,-999.0,0,16416,0.018954218044288918
PSO J223.8818+05.5890,-999,-999,-999,114702238817467225,3496239000116606,65296387919766,0,15189953346431,11470,1,1467,31,0.246951459205664,3496239,15203,3,1343750144,0,160,223.88175392,5.58897214,0.0010000000474974513,0.0010000000474974513,223.88175392,5.58897214,0.0010000000474974513,0.0010000000474974513,,,,,56150.90420139,-999.0,-0.717345460166635,-0.6898771027338987,0.09739134408046908,219.63649546507017,21.332039041950843,2.424073047170843,53.46309897182832,-999,2,0,0,0,0,0,0,-999.0,-999.0,-999.0,-999.0,0,-999.0,-999.0,-999.0,-999.0,-999.0,0,-999.0,-999.0,-999.0,0,114720,-999.0,-999.0,-999.0,-999.0,0,-999.0,-999.0,-999.0,-999.0,-999.0,0,-999.0,-999.0,-999.0,0,16416,-999.0,-999.0,-999.0,-999.0,0,-999.0,-999.0,-999.0,-999.0,-999.0,0,-999.0,-999.0,-999.0,0,16416,-999.0,-999.0,-999.0,-999.0,0,-999.0,-999.0,-999.0,-999.0,-999.0,0,-999.0,-999.0,-999.0,0,16416,-999.0,-999.0,-999.0,-999.0,0,-999.0,-999.0,-999.0,-999.0,-999.0,0,-999.0,-999.0,-999.0,0,16416,0.023117429957487303
PSO J223.8817+05.5854,-999,-999,-999,114702238817312904,3496239000116604,65296387919764,0,15189953323520,11470,1,1467,31,0.85136648253665,3496239,15203,3,1343750144,0,160,223.88173168,5.58538006,0.0010000000474974513,0.0010000000474974513,223.88173168,5.58538006,0.0010000000474974513,0.0010000000474974513,,,,,56018.74771991,-999.0,-0.7173501274427023,-0.6898810553135175,0.09732894830134606,219.6376597702329,21.32861452996327,2.419401021611284,53.46082593961283,-999,2,0,0,0,0,0,0,-999.0,-999.0,-999.0,-999.0,0,-999.0,-999.0,-999.0,-999.0,-999.0,0,-999.0,-999.0,-999.0,0,114720,-999.0,-999.0,-999.0,-999.0,0,-999.0,-999.0,-999.0,-999.0,-999.0,0,-999.0,-999.0,-999.0,0,16416,-999.0,-999.0,-999.0,-999.0,0,-999.0,-999.0,-999.0,-999.0,-999.0,0,-999.0,-999.0,-999.0,0,16416,-999.0,-999.0,-999.0,-999.0,0,-999.0,-999.0,-999.0,-999.0,-999.0,0,-999.0,-999.0,-999.0,0,16416,-999.0,-999.0,-999.0,-999.0,0,-999.0,-999.0,-999.0,-999.0,-999.0,0,-999.0,-999.0,-999.0,0,16416,0.01953289157120738
PSO J223.8815+05.5902,-999,-999,-999,114702238815418655,3496239000023339,65296387824426,0,15189953345879,11470,1,1467,31,0.987259926262554,3496239,15203,3,268959744,0,32,-999.0,-999.0,-999.0,-999.0,223.88153355,5.5901749,0.3942500054836273,0.3942500054836273,,,,,55609.57840278,-999.0,-0.7173466398079607,-0.6898729263843562,0.0974122363880053,219.63587400633037,21.333115904382236,2.4253947311558854,53.46403471305632,-999,0,1,0,0,0,1,0,-999.0,-999.0,-999.0,-999.0,0,-999.0,-999.0,-999.0,-999.0,-999.0,0,-999.0,-999.0,-999.0,0,0,-999.0,-999.0,-999.0,-999.0,0,-999.0,-999.0,-999.0,-999.0,-999.0,0,-999.0,-999.0,-999.0,0,0,-999.0,-999.0,-999.0,-999.0,0,-999.0,-999.0,-999.0,-999.0,-999.0,0,-999.0,-999.0,-999.0,0,0,0.609063982963562,18.899799346923828,0.39396899938583374,-999.0,1,18.899799346923828,18.899799346923828,-999.0,-999.0,-999.0,0,20.6742000579834,0.39396899938583374,-999.0,1,4112,-999.0,-999.0,-999.0,-999.0,0,-999.0,-999.0,-999.0,-999.0,-999.0,0,-999.0,-999.0,-999.0,0,0,0.02433071452479973
PSO J223.8815+05.5858,-999,-999,-999,114702238814763349,3496239000023326,65296387824413,0,15189953334840,11470,1,1467,31,0.4580592293833,3496239,15203,3,268959744,0,32,-999.0,-999.0,-999.0,-999.0,223.88146646,5.58577031,0.3089900016784668,0.3089900016784668,,,,,56721.58762731,-999.0,-0.7173528430340185,-0.6898772751868085,0.0973357271089879,219.63726121141127,21.328904591272863,2.419623333140738,53.4612781031217,-999,0,1,1,0,0,0,0,0.5050849914550781,21.953699111938477,0.30862900614738464,-999.0,1,21.953699111938477,21.953699111938477,-999.0,-999.0,-999.0,1,22.606000900268555,0.30862900614738464,-999.0,1,4120,-999.0,-999.0,-999.0,-999.0,0,-999.0,-999.0,-999.0,-999.0,-999.0,0,-999.0,-999.0,-999.0,0,0,-999.0,-999.0,-999.0,-999.0,0,-999.0,-999.0,-999.0,-999.0,-999.0,0,-999.0,-999.0,-999.0,0,0,-999.0,-999.0,-999.0,-999.0,0,-999.0,-999.0,-999.0,-999.0,-999.0,0,-999.0,-999.0,-999.0,0,0,-999.0,-999.0,-999.0,-999.0,0,-999.0,-999.0,-999.0,-999.0,-999.0,0,-999.0,-999.0,-999.0,0,0,0.019940807251119685
PSO J223.8809+05.5902,-999,-999,-999,114702238808948744,3496239000023251,65296387824338,0,15189953346950,11470,1,1467,31,0.0852132356587921,3496239,15203,3,436527104,7,52,223.8808447,5.5902482,0.0010000000474974513,0.0010000000474974513,223.88087300150326,5.5902374648645194,0.03012013133652644,0.03012013133652644,-3.2669206650639637,43.837374611565714,28.066469523883196,28.066469523883196,56275.785741592,1.728987216949463,-0.7173545164596625,-0.6898645824988554,0.09741332315758351,219.6351777249287,21.332968928583885,2.4247628606923874,53.46458311746192,-999,7,7,0,1,1,5,0,-999.0,-999.0,-999.0,-999.0,0,-999.0,-999.0,-999.0,-999.0,-999.0,0,-999.0,-999.0,-999.0,0,16416,0.9953160285949707,22.17329978942871,0.18743400275707245,-999.0,1,22.17329978942871,22.17329978942871,22.113500595092773,0.25357699394226074,-999.0,1,22.24449920654297,0.18743400275707245,-999.0,1,16696,0.9996659755706787,20.957700729370117,0.15149100124835968,-999.0,1,20.957700729370117,20.957700729370117,20.94610023498535,0.23582500219345093,-999.0,1,20.99220085144043,0.15149100124835968,-999.0,1,115000,0.9979940056800842,21.148000717163086,0.08432500064373016,0.3479759991168976,5,20.532800674438477,21.34950065612793,20.837200164794922,0.15026800334453583,0.4381600022315979,5,20.857999801635742,0.08861999958753586,0.21150200068950653,5,16892216,-999.0,-999.0,-999.0,-999.0,0,-999.0,-999.0,-999.0,-999.0,-999.0,0,-999.0,-999.0,-999.0,0,114720,0.02444131373141403
PSO J223.8807+05.5850,-999,-999,-999,114702238806732413,3496239000023207,65296387824294,0,15189953331708,11470,1,1467,31,0.501077590045591,3496239,15203,3,276901888,0,33,-999.0,-999.0,-999.0,-999.0,223.88065795,5.58495511,0.021059999242424965,0.021059999242424965,,,,,55608.62884259,-999.0,-0.7173635760644418,-0.6898681123115512,0.0973215667348849,219.636708670962,21.327881295824128,2.4177067646334502,53.46137826945268,-999,0,1,0,0,0,0,1,-999.0,-999.0,-999.0,-999.0,0,-999.0,-999.0,-999.0,-999.0,-999.0,0,-999.0,-999.0,-999.0,0,0,-999.0,-999.0,-999.0,-999.0,0,-999.0,-999.0,-999.0,-999.0,-999.0,0,-999.0,-999.0,-999.0,0,0,-999.0,-999.0,-999.0,-999.0,0,-999.0,-999.0,-999.0,-999.0,-999.0,0,-999.0,-999.0,-999.0,0,0,-999.0,-999.0,-999.0,-999.0,0,-999.0,-999.0,-999.0,-999.0,-999.0,0,-999.0,-999.0,-999.0,0,0,0.9968879818916321,16.563400268554688,0.014789000153541565,-999.0,1,16.563400268554688,16.563400268554688,16.10810089111328,0.01682399958372116,-999.0,1,16.0492000579834,0.014789000153541565,-999.0,1,16777232,0.019209063110282622
PSO J223.8806+05.5905,-999,-999,-999,114702238806269131,3496239000023197,65296387824284,0,15189953346993,11470,1,1467,31,0.355978162359426,3496239,15203,3,310456320,0,37,-999.0,-999.0,-999.0,-999.0,223.88061041,5.59054699,0.13455000519752502,0.13455000519752502,,,,,56721.6040625,-999.0,-0.7173572988375048,-0.6898609300098903,0.09741869969594265,219.634812605727,21.3331871386984,2.424892438196501,53.46497977135826,-999,0,2,1,0,0,0,1,0.9993379712104797,21.101299285888672,0.13371199369430542,-999.0,1,21.101299285888672,21.101299285888672,19.733999252319336,0.10555800050497055,-999.0,1,19.979400634765625,0.13371199369430542,-999.0,1,16777496,-999.0,-999.0,-999.0,-999.0,0,-999.0,-999.0,-999.0,-999.0,-999.0,0,-999.0,-999.0,-999.0,0,0,-999.0,-999.0,-999.0,-999.0,0,-999.0,-999.0,-999.0,-999.0,-999.0,0,-999.0,-999.0,-999.0,0,0,-999.0,-999.0,-999.0,-999.0,0,-999.0,-999.0,-999.0,-999.0,-999.0,0,-999.0,-999.0,-999.0,0,0,0.8002390265464783,19.25749969482422,0.14230400323867798,-999.0,1,19.25749969482422,19.25749969482422,-999.0,-999.0,-999.0,0,18.261199951171875,0.14230400323867798,-999.0,1,16781336,0.02477341265503221
PSO J223.8793+05.5853,-999,-999,-999,114702238792562838,3496239000116566,65296387919726,0,15189953331845,11470,1,1467,31,0.875380945275892,3496239,15203,3,404226048,0,48,223.87925605,5.58533333,0.0010000000474974513,0.0010000000474974513,223.87925605,5.58533333,0.0010000000474974513,0.0010000000474974513,,,,,56038.45731481,-999.0,-0.7173799922985437,-0.6898501145026933,0.09732813658116864,219.63515858936412,21.327811705384928,2.416701966084974,53.462694286335555,-999,4,0,0,0,0,0,0,-999.0,-999.0,-999.0,-999.0,0,-999.0,-999.0,-999.0,-999.0,-999.0,0,-999.0,-999.0,-999.0,0,114720,-999.0,-999.0,-999.0,-999.0,0,-999.0,-999.0,-999.0,-999.0,-999.0,0,-999.0,-999.0,-999.0,0,16416,-999.0,-999.0,-999.0,-999.0,0,-999.0,-999.0,-999.0,-999.0,-999.0,0,-999.0,-999.0,-999.0,0,16416,-999.0,-999.0,-999.0,-999.0,0,-999.0,-999.0,-999.0,-999.0,-999.0,0,-999.0,-999.0,-999.0,0,114720,-999.0,-999.0,-999.0,-999.0,0,-999.0,-999.0,-999.0,-999.0,-999.0,0,-999.0,-999.0,-999.0,0,16416,0.019799133804206615
PSO J223.8791+05.5904,-999,-999,-999,114702238791369122,3496239000022971,65296387824058,0,15189953347436,11470,1,1467,31,0.222220715342295,3496239,15203,3,1343750144,0,160,223.87912971,5.59039634,0.0010000000474974513,0.0010000000474974513,223.87912971,5.59039634,0.0010000000474974513,0.0010000000474974513,,,,,56171.3328125,-999.0,-0.717375311365239,-0.689842568593113,0.09741608286357255,219.63335714198277,21.33259020275308,2.423119337516889,53.46601909756856,-999,2,1,0,0,0,0,1,-999.0,-999.0,-999.0,-999.0,0,-999.0,-999.0,-999.0,-999.0,-999.0,0,-999.0,-999.0,-999.0,0,114720,-999.0,-999.0,-999.0,-999.0,0,-999.0,-999.0,-999.0,-999.0,-999.0,0,-999.0,-999.0,-999.0,0,16416,-999.0,-999.0,-999.0,-999.0,0,-999.0,-999.0,-999.0,-999.0,-999.0,0,-999.0,-999.0,-999.0,0,16416,-999.0,-999.0,-999.0,-999.0,0,-999.0,-999.0,-999.0,-999.0,-999.0,0,-999.0,-999.0,-999.0,0,16416,0.6003199815750122,20.007099151611328,0.2914550006389618,-999.0,1,20.007099151611328,20.007099151611328,-999.0,-999.0,-999.0,0,20.16360092163086,0.2914550006389618,-999.0,1,20528,0.02480919877911254
PSO J223.8779+05.5833,-999,-999,-999,114702238779090453,3496239000022725,65296387823812,0,15189953303502,11470,1,1467,31,0.0377178266995752,3496239,15203,3,268959744,0,32,-999.0,-999.0,-999.0,-999.0,223.87789889,5.58333402,0.225040003657341,0.225040003657341,,,,,55694.35231481,-999.0,-0.7173987801372979,-0.6898354753750949,0.09729340764683778,219.63443959724353,21.325493708904656,2.4126683245151246,53.46246004733661,-999,0,1,0,1,0,0,0,-999.0,-999.0,-999.0,-999.0,0,-999.0,-999.0,-999.0,-999.0,-999.0,0,-999.0,-999.0,-999.0,0,0,0.767117977142334,21.083799362182617,0.22454099357128143,-999.0,1,21.083799362182617,21.083799362182617,-999.0,-999.0,-999.0,0,22.862199783325195,0.22454099357128143,-999.0,1,4112,-999.0,-999.0,-999.0,-999.0,0,-999.0,-999.0,-999.0,-999.0,-999.0,0,-999.0,-999.0,-999.0,0,0,-999.0,-999.0,-999.0,-999.0,0,-999.0,-999.0,-999.0,-999.0,-999.0,0,-999.0,-999.0,-999.0,0,0,-999.0,-999.0,-999.0,-999.0,0,-999.0,-999.0,-999.0,-999.0,-999.0,0,-999.0,-999.0,-999.0,0,0,0.0181697381782419
PSO J223.8776+05.5903,-999,-999,-999,114702238776068761,3496239000106593,65296387907682,0,15189953345221,11470,1,1467,31,0.799856077693269,3496239,15203,3,277348352,0,33,-999.0,-999.0,-999.0,-999.0,223.87758973,5.59026487,0.12861000001430511,0.12861000001430511,,,,,55239.58606481,-999.0,-0.7173940136255911,-0.6898234418610552,0.09741379919258282,219.6318350878036,21.331993345795205,2.4213077912534997,53.467116081733295,-999,0,1,0,0,0,0,1,-999.0,-999.0,-999.0,-999.0,0,-999.0,-999.0,-999.0,-999.0,-999.0,0,-999.0,-999.0,-999.0,0,0,-999.0,-999.0,-999.0,-999.0,0,-999.0,-999.0,-999.0,-999.0,-999.0,0,-999.0,-999.0,-999.0,0,0,-999.0,-999.0,-999.0,-999.0,0,-999.0,-999.0,-999.0,-999.0,-999.0,0,-999.0,-999.0,-999.0,0,0,-999.0,-999.0,-999.0,-999.0,0,-999.0,-999.0,-999.0,-999.0,-999.0,0,-999.0,-999.0,-999.0,0,0,0.8466560244560242,19.671300888061523,0.12772999703884125,-999.0,1,19.671300888061523,19.671300888061523,-999.0,-999.0,-999.0,0,19.126699447631836,0.12772999703884125,-999.0,1,16781336,0.02496449983985229
PSO J223.8767+05.5911,-999,-999,-999,114702238766859817,3496239000022525,65296387823612,0,15189953340904,11470,1,1467,31,0.0597079843838774,3496239,15203,3,268513280,0,32,-999.0,-999.0,-999.0,-999.0,223.87666255,5.59113602,0.01727999933063984,0.01727999933063984,,,,,56043.42429398,-999.0,-0.7174041087665778,-0.6898108059966419,0.09742893130428665,219.63060466660238,21.332538151528542,2.4214469780774013,53.46838239181415,-999,0,1,0,1,0,0,0,-999.0,-999.0,-999.0,-999.0,0,-999.0,-999.0,-999.0,-999.0,-999.0,0,-999.0,-999.0,-999.0,0,0,0.9220079779624939,18.575899124145508,0.008577999658882618,-999.0,1,18.575899124145508,18.575899124145508,19.37030029296875,0.023970000445842743,-999.0,1,19.298500061035156,0.008577999658882618,-999.0,1,24,-999.0,-999.0,-999.0,-999.0,0,-999.0,-999.0,-999.0,-999.0,-999.0,0,-999.0,-999.0,-999.0,0,0,-999.0,-999.0,-999.0,-999.0,0,-999.0,-999.0,-999.0,-999.0,-999.0,0,-999.0,-999.0,-999.0,0,0,-999.0,-999.0,-999.0,-999.0,0,-999.0,-999.0,-999.0,-999.0,-999.0,0,-999.0,-999.0,-999.0,0,0,0.026023955392411507
PSO J223.8765+05.5897,-999,-999,-999,114702238764898155,3496239000022488,65296387823575,0,15189953344655,11470,1,1467,31,0.101823918616235,3496239,15203,3,302067712,0,36,-999.0,-999.0,-999.0,-999.0,223.87647502,5.58974439,0.18363000452518463,0.18363000452518463,,,,,55607.67172454,-999.0,-0.7174080721022812,-0.6898100978837584,0.09740475830311286,219.63087390927853,21.33115664189658,2.419446007629801,53.46763895430482,-999,0,1,0,0,0,1,0,-999.0,-999.0,-999.0,-999.0,0,-999.0,-999.0,-999.0,-999.0,-999.0,0,-999.0,-999.0,-999.0,0,0,-999.0,-999.0,-999.0,-999.0,0,-999.0,-999.0,-999.0,-999.0,-999.0,0,-999.0,-999.0,-999.0,0,0,-999.0,-999.0,-999.0,-999.0,0,-999.0,-999.0,-999.0,-999.0,-999.0,0,-999.0,-999.0,-999.0,0,0,0.9983969926834106,20.628999710083008,0.18301600217819214,-999.0,1,20.628999710083008,20.628999710083008,20.241899490356445,0.25955501198768616,-999.0,1,20.215099334716797,0.18301600217819214,-999.0,1,272,-999.0,-999.0,-999.0,-999.0,0,-999.0,-999.0,-999.0,-999.0,-999.0,0,-999.0,-999.0,-999.0,0,0,0.02472449154532055
PSO J223.8485+05.5695,-999,-999,-999,114682238484833852,3496239000018140,65296387819227,0,15189953877778,11468,1,1467,31,0.432334120787991,3496239,15203,3,268959744,0,32,-999.0,-999.0,-999.0,-999.0,223.8484799,5.56950493,0.17072999477386475,0.17072999477386475,,,,,55694.36315972,-999.0,-0.7177698017234222,-0.6894832780244732,0.0970531867511122,219.60910636902497,21.30332237743672,2.3633998662603837,53.4761882521705,-999,0,1,0,1,0,0,0,-999.0,-999.0,-999.0,-999.0,0,-999.0,-999.0,-999.0,-999.0,-999.0,0,-999.0,-999.0,-999.0,0,0,0.7895990014076233,20.92639923095703,0.17006699740886688,-999.0,1,20.92639923095703,20.92639923095703,19.63249969482422,0.2037999927997589,-999.0,1,20.91699981689453,0.17006699740886688,-999.0,1,4112,-999.0,-999.0,-999.0,-999.0,0,-999.0,-999.0,-999.0,-999.0,-999.0,0,-999.0,-999.0,-999.0,0,0,-999.0,-999.0,-999.0,-999.0,0,-999.0,-999.0,-999.0,-999.0,-999.0,0,-999.0,-999.0,-999.0,0,0,-999.0,-999.0,-999.0,-999.0,0,-999.0,-999.0,-999.0,-999.0,-999.0,0,-999.0,-999.0,-999.0,0,0,0.034547103159733576
PSO J223.8493+05.5699,-999,-999,-999,114682238493264380,3496239000018265,65296387819352,0,15189953877547,11468,1,1467,31,0.300984738674932,3496239,15203,3,268959744,0,32,-999.0,-999.0,-999.0,-999.0,223.84931472,5.56993978,0.31828999519348145,0.31828999519348145,,,,,56487.25688657,-999.0,-0.717759224405231,-0.6894932258100523,0.09706074048372756,219.60981114809357,21.30399193243048,2.3648532682453514,53.47582601070401,-999,0,1,0,0,0,0,1,-999.0,-999.0,-999.0,-999.0,0,-999.0,-999.0,-999.0,-999.0,-999.0,0,-999.0,-999.0,-999.0,0,0,-999.0,-999.0,-999.0,-999.0,0,-999.0,-999.0,-999.0,-999.0,-999.0,0,-999.0,-999.0,-999.0,0,0,-999.0,-999.0,-999.0,-999.0,0,-999.0,-999.0,-999.0,-999.0,-999.0,0,-999.0,-999.0,-999.0,0,0,-999.0,-999.0,-999.0,-999.0,0,-999.0,-999.0,-999.0,-999.0,-999.0,0,-999.0,-999.0,-999.0,0,0,0.5353419780731201,21.20549964904785,0.3179340064525604,-999.0,1,21.20549964904785,21.20549964904785,-999.0,-999.0,-999.0,0,-999.0,-999.0,-999.0,0,4120,0.0337702977464596
PSO J223.8505+05.5701,-999,-999,-999,114682238505364593,3496239000018454,65296387819541,0,15189953876285,11468,1,1467,31,0.511938614316227,3496239,15203,3,310456320,0,37,-999.0,-999.0,-999.0,-999.0,223.85052088,5.57011716,0.2268500030040741,0.2268500030040741,,,,,55694.36315972,-999.0,-0.7177444927053479,-0.689508127364796,0.0970638217310386,219.61097844554646,21.30453031864645,2.3663698041855015,53.47501489700526,-999,0,1,0,1,0,0,0,-999.0,-999.0,-999.0,-999.0,0,-999.0,-999.0,-999.0,-999.0,-999.0,0,-999.0,-999.0,-999.0,0,0,0.894569993019104,21.422300338745117,0.22635500133037567,-999.0,1,21.422300338745117,21.422300338745117,20.04759979248047,0.17256200313568115,-999.0,1,20.647899627685547,0.22635500133037567,-999.0,1,16777488,-999.0,-999.0,-999.0,-999.0,0,-999.0,-999.0,-999.0,-999.0,-999.0,0,-999.0,-999.0,-999.0,0,0,-999.0,-999.0,-999.0,-999.0,0,-999.0,-999.0,-999.0,-999.0,-999.0,0,-999.0,-999.0,-999.0,0,0,-999.0,-999.0,-999.0,-999.0,0,-999.0,-999.0,-999.0,-999.0,-999.0,0,-999.0,-999.0,-999.0,0,0,0.032601349580072436
PSO J223.8511+05.5728,-999,-999,-999,114682238510967801,3496239000018563,65296387819650,0,15189953933051,11468,1,1467,31,0.825446807616806,3496239,15203,3,268959744,0,32,-999.0,-999.0,-999.0,-999.0,223.85107217,5.572783,0.23476000130176544,0.23476000130176544,,,,,56838.25114583,-999.0,-0.7177346007748172,-0.6895119038687993,0.09711012961497495,219.61065774689837,21.307235589292638,2.3704068975068995,53.47629342309516,-999,0,1,0,0,0,0,1,-999.0,-999.0,-999.0,-999.0,0,-999.0,-999.0,-999.0,-999.0,-999.0,0,-999.0,-999.0,-999.0,0,0,-999.0,-999.0,-999.0,-999.0,0,-999.0,-999.0,-999.0,-999.0,-999.0,0,-999.0,-999.0,-999.0,0,0,-999.0,-999.0,-999.0,-999.0,0,-999.0,-999.0,-999.0,-999.0,-999.0,0,-999.0,-999.0,-999.0,0,0,-999.0,-999.0,-999.0,-999.0,0,-999.0,-999.0,-999.0,-999.0,-999.0,0,-999.0,-999.0,-999.0,0,0,0.6945750117301941,20.69809913635254,0.23428000509738922,-999.0,1,20.69809913635254,20.69809913635254,-999.0,-999.0,-999.0,0,21.130800247192383,0.23428000509738922,-999.0,1,4120,0.03251654974392912
PSO J223.8512+05.5744,-999,-999,-999,114682238512129718,3496239000018585,65296387819672,0,15189953930870,11468,1,1467,31,0.606446662551208,3496239,15203,3,268959744,0,32,-999.0,-999.0,-999.0,-999.0,223.85118728,5.57438068,0.26447999477386475,0.26447999477386475,,,,,56838.25114583,-999.0,-0.7177312624563096,-0.6895114695671111,0.09713788256017784,219.6102467204342,21.30879092597234,2.372596797591803,53.477224590642216,-999,0,1,0,0,0,0,1,-999.0,-999.0,-999.0,-999.0,0,-999.0,-999.0,-999.0,-999.0,-999.0,0,-999.0,-999.0,-999.0,0,0,-999.0,-999.0,-999.0,-999.0,0,-999.0,-999.0,-999.0,-999.0,-999.0,0,-999.0,-999.0,-999.0,0,0,-999.0,-999.0,-999.0,-999.0,0,-999.0,-999.0,-999.0,-999.0,-999.0,0,-999.0,-999.0,-999.0,0,0,-999.0,-999.0,-999.0,-999.0,0,-999.0,-999.0,-999.0,-999.0,-999.0,0,-999.0,-999.0,-999.0,0,0,0.8034089803695679,20.94890022277832,0.26405400037765503,-999.0,1,20.94890022277832,20.94890022277832,-999.0,-999.0,-999.0,0,21.53230094909668,0.26405400037765503,-999.0,1,4120,0.03278169918426169
PSO J223.8515+05.5700,-999,-999,-999,114682238514754403,3496239000018621,65296387819708,0,15189953876395,11468,1,1467,31,0.762752292456806,3496239,15203,3,268959744,0,32,-999.0,-999.0,-999.0,-999.0,223.85147024,5.56996215,0.1441500037908554,0.1441500037908554,,,,,55694.32836806,-999.0,-0.7177332571991579,-0.6895202018315768,0.09706112907044219,219.61199458901334,21.30467376252466,2.367182275400284,53.47418846766277,-999,0,1,0,0,1,0,0,-999.0,-999.0,-999.0,-999.0,0,-999.0,-999.0,-999.0,-999.0,-999.0,0,-999.0,-999.0,-999.0,0,0,-999.0,-999.0,-999.0,-999.0,0,-999.0,-999.0,-999.0,-999.0,-999.0,0,-999.0,-999.0,-999.0,0,0,0.84232497215271,20.368999481201172,0.14336200058460236,-999.0,1,20.368999481201172,20.368999481201172,19.261699676513672,0.22392700612545013,-999.0,1,20.398099899291992,0.14336200058460236,-999.0,1,4112,-999.0,-999.0,-999.0,-999.0,0,-999.0,-999.0,-999.0,-999.0,-999.0,0,-999.0,-999.0,-999.0,0,0,-999.0,-999.0,-999.0,-999.0,0,-999.0,-999.0,-999.0,-999.0,-999.0,0,-999.0,-999.0,-999.0,0,0,0.031644363927668326
PSO J223.8523+05.5671,-999,-999,-999,114682238523370907,3496239000018752,65296387819839,0,15189953357320,11468,1,1467,31,0.00407384522638642,3496239,15203,3,268959744,0,32,-999.0,-999.0,-999.0,-999.0,223.85233351,5.56705102,0.14485999941825867,0.14485999941825867,,,,,55694.36315972,-999.0,-0.7177264235412452,-0.6895344314764302,0.09701056003945756,219.61383404122452,21.30216858446915,2.3643375762184373,53.47166932813197,-999,0,1,0,1,0,0,0,-999.0,-999.0,-999.0,-999.0,0,-999.0,-999.0,-999.0,-999.0,-999.0,0,-999.0,-999.0,-999.0,0,0,0.6969190239906311,20.725900650024414,0.1440819948911667,-999.0,1,20.725900650024414,20.725900650024414,-999.0,-999.0,-999.0,0,21.548099517822266,0.1440819948911667,-999.0,1,4112,-999.0,-999.0,-999.0,-999.0,0,-999.0,-999.0,-999.0,-999.0,-999.0,0,-999.0,-999.0,-999.0,0,0,-999.0,-999.0,-999.0,-999.0,0,-999.0,-999.0,-999.0,-999.0,-999.0,0,-999.0,-999.0,-999.0,0,0,-999.0,-999.0,-999.0,-999.0,0,-999.0,-999.0,-999.0,-999.0,-999.0,0,-999.0,-999.0,-999.0,0,0,0.030544027250800125
PSO J223.8524+05.5705,-999,-999,-999,114682238524495058,3496239000018774,65296387819861,0,15189953929349,11468,1,1467,31,0.300389553700005,3496239,15203,3,268959744,0,32,-999.0,-999.0,-999.0,-999.0,223.85244245,5.57050621,0.14780999720096588,0.14780999720096588,,,,,55694.35231481,-999.0,-0.7177208924701312,-0.6895317418622445,0.09707057986999719,219.61280293430053,21.30548931466809,2.368923453076585,53.47379058126241,-999,0,1,0,1,0,0,0,-999.0,-999.0,-999.0,-999.0,0,-999.0,-999.0,-999.0,-999.0,-999.0,0,-999.0,-999.0,-999.0,0,0,0.7783989906311035,20.509300231933594,0.14705100655555725,-999.0,1,20.509300231933594,20.509300231933594,19.368099212646484,0.18647100031375885,-999.0,1,21.628000259399414,0.14705100655555725,-999.0,1,4112,-999.0,-999.0,-999.0,-999.0,0,-999.0,-999.0,-999.0,-999.0,-999.0,0,-999.0,-999.0,-999.0,0,0,-999.0,-999.0,-999.0,-999.0,0,-999.0,-999.0,-999.0,-999.0,-999.0,0,-999.0,-999.0,-999.0,0,0,-999.0,-999.0,-999.0,-999.0,0,-999.0,-999.0,-999.0,-999.0,-999.0,0,-999.0,-999.0,-999.0,0,0,0.030761996366343473
PSO J223.8529+05.5728,-999,-999,-999,114682238529427765,3496239000018853,65296387819940,0,15189953897199,11468,1,1467,31,0.674850343423756,3496239,15203,3,268959744,0,32,-999.0,-999.0,-999.0,-999.0,223.85293586,5.57276264,0.24467000365257263,0.24467000365257263,,,,,56392.52778935,-999.0,-0.7177121971626098,-0.6895352735428737,0.09710977594543982,219.61255873133436,21.30778732976466,2.3723690672321327,53.47485217126511,-999,0,1,1,0,0,0,0,0.5842649936676025,21.450300216674805,0.2442059963941574,-999.0,1,21.450300216674805,21.450300216674805,-999.0,-999.0,-999.0,1,27.15489959716797,0.2442059963941574,-999.0,1,4120,-999.0,-999.0,-999.0,-999.0,0,-999.0,-999.0,-999.0,-999.0,-999.0,0,-999.0,-999.0,-999.0,0,0,-999.0,-999.0,-999.0,-999.0,0,-999.0,-999.0,-999.0,-999.0,-999.0,0,-999.0,-999.0,-999.0,0,0,-999.0,-999.0,-999.0,-999.0,0,-999.0,-999.0,-999.0,-999.0,-999.0,0,-999.0,-999.0,-999.0,0,0,-999.0,-999.0,-999.0,-999.0,0,-999.0,-999.0,-999.0,-999.0,-999.0,0,-999.0,-999.0,-999.0,0,0,0.030701792425316076
PSO J223.8531+05.5724,-999,-999,-999,114682238530747307,3496239000018870,65296387819957,0,15189953897079,11468,1,1467,31,0.409968730444059,3496239,15203,3,268513280,0,32,-999.0,-999.0,-999.0,-999.0,223.85306548,5.57237348,0.016189999878406525,0.016189999878406525,,,,,56721.6040625,-999.0,-0.7177111128482054,-0.6895373541680752,0.09710301592165392,219.61281908804804,21.30745679487012,2.3720038910232524,53.47450453691871,-999,0,1,1,0,0,0,0,0.9992210268974304,17.71619987487793,0.006045999936759472,-999.0,1,17.71619987487793,17.71619987487793,18.336000442504883,0.01644499972462654,-999.0,1,18.386699676513672,0.006045999936759472,-999.0,1,24,-999.0,-999.0,-999.0,-999.0,0,-999.0,-999.0,-999.0,-999.0,-999.0,0,-999.0,-999.0,-999.0,0,0,-999.0,-999.0,-999.0,-999.0,0,-999.0,-999.0,-999.0,-999.0,-999.0,0,-999.0,-999.0,-999.0,0,0,-999.0,-999.0,-999.0,-999.0,0,-999.0,-999.0,-999.0,-999.0,-999.0,0,-999.0,-999.0,-999.0,0,0,-999.0,-999.0,-999.0,-999.0,0,-999.0,-999.0,-999.0,-999.0,-999.0,0,-999.0,-999.0,-999.0,0,0,0.030490943657461616
PSO J223.8531+05.5703,-999,-999,-999,114682238531434789,3496239000018882,65296387819969,0,15189953876195,11468,1,1467,31,0.0908731129866774,3496239,15203,3,268959744,0,32,-999.0,-999.0,-999.0,-999.0,223.85313902,5.57028327,0.12178000062704086,0.12178000062704086,,,,,55694.34011574,-999.0,-0.7177127818409279,-0.6895407291335451,0.09706670720764937,219.61358459946666,21.305490657370875,2.3693782624204154,53.47311451799822,-999,0,1,0,0,1,0,0,-999.0,-999.0,-999.0,-999.0,0,-999.0,-999.0,-999.0,-999.0,-999.0,0,-999.0,-999.0,-999.0,0,0,-999.0,-999.0,-999.0,-999.0,0,-999.0,-999.0,-999.0,-999.0,-999.0,0,-999.0,-999.0,-999.0,0,0,0.8070110082626343,20.261499404907227,0.12085600197315216,-999.0,1,20.261499404907227,20.261499404907227,-999.0,-999.0,-999.0,0,20.820600509643555,0.12085600197315216,-999.0,1,4112,-999.0,-999.0,-999.0,-999.0,0,-999.0,-999.0,-999.0,-999.0,-999.0,0,-999.0,-999.0,-999.0,0,0,-999.0,-999.0,-999.0,-999.0,0,-999.0,-999.0,-999.0,-999.0,-999.0,0,-999.0,-999.0,-999.0,0,0,0.03004333184601024
PSO J223.8537+05.5708,-999,-999,-999,114682238537035461,3496239000018973,65296387820060,0,15189953929244,11468,1,1467,31,0.956880464178399,3496239,15203,3,268959744,0,32,-999.0,-999.0,-999.0,-999.0,223.85369905,5.57084592,0.13560999929904938,0.13560999929904938,,,,,55694.36315972,-999.0,-0.7177053545813015,-0.6895470838574336,0.09707648092631806,219.61396787202085,21.306197586621042,2.3707036614749493,53.473044341924144,-999,0,1,0,1,0,0,0,-999.0,-999.0,-999.0,-999.0,0,-999.0,-999.0,-999.0,-999.0,-999.0,0,-999.0,-999.0,-999.0,0,0,0.7724570035934448,20.62529945373535,0.13477900624275208,-999.0,1,20.62529945373535,20.62529945373535,20.20989990234375,0.1678670048713684,-999.0,1,21.17729949951172,0.13477900624275208,-999.0,1,4112,-999.0,-999.0,-999.0,-999.0,0,-999.0,-999.0,-999.0,-999.0,-999.0,0,-999.0,-999.0,-999.0,0,0,-999.0,-999.0,-999.0,-999.0,0,-999.0,-999.0,-999.0,-999.0,-999.0,0,-999.0,-999.0,-999.0,0,0,-999.0,-999.0,-999.0,-999.0,0,-999.0,-999.0,-999.0,-999.0,-999.0,0,-999.0,-999.0,-999.0,0,0,0.02958112603517521
PSO J223.8543+05.5745,-999,-999,-999,114682238543509902,3496239000019055,65296387820142,0,15189953900491,11468,1,1467,31,0.817810642363327,3496239,15203,3,268959744,0,32,-999.0,-999.0,-999.0,-999.0,223.8543453,5.57454661,0.37419000267982483,0.37419000267982483,,,,,55694.36315972,-999.0,-0.7176930541192366,-0.6895508334167701,0.09714076488910534,219.61340172664688,21.309916539464712,2.376180873109554,53.47491019425875,-999,0,1,0,1,0,0,0,-999.0,-999.0,-999.0,-999.0,0,-999.0,-999.0,-999.0,-999.0,-999.0,0,-999.0,-999.0,-999.0,0,0,0.5957260131835938,21.85930061340332,0.37389400601387024,-999.0,1,21.85930061340332,21.85930061340332,-999.0,-999.0,-999.0,0,21.646299362182617,0.37389400601387024,-999.0,1,4112,-999.0,-999.0,-999.0,-999.0,0,-999.0,-999.0,-999.0,-999.0,-999.0,0,-999.0,-999.0,-999.0,0,0,-999.0,-999.0,-999.0,-999.0,0,-999.0,-999.0,-999.0,-999.0,-999.0,0,-999.0,-999.0,-999.0,0,0,-999.0,-999.0,-999.0,-999.0,0,-999.0,-999.0,-999.0,-999.0,-999.0,0,-999.0,-999.0,-999.0,0,0,0.029804819367158144
PSO J223.8550+05.5736,-999,-999,-999,114682238549648728,3496239000116125,65296387919285,0,15189953900188,11468,1,1467,31,0.0396474581581051,3496239,15203,3,1343750144,0,160,223.85496452,5.57356807,0.0010000000474974513,0.0010000000474974513,223.85496452,5.57356807,0.0010000000474974513,0.0010000000474974513,,,,,55928.40103009,-999.0,-0.7176867980304656,-0.6895597391348056,0.09712376690139526,219.61435450127308,21.30917528235804,2.375575477186585,53.47381131977624,-999,1,0,0,0,0,0,0,-999.0,-999.0,-999.0,-999.0,0,-999.0,-999.0,-999.0,-999.0,-999.0,0,-999.0,-999.0,-999.0,0,114720,-999.0,-999.0,-999.0,-999.0,0,-999.0,-999.0,-999.0,-999.0,-999.0,0,-999.0,-999.0,-999.0,0,16416,-999.0,-999.0,-999.0,-999.0,0,-999.0,-999.0,-999.0,-999.0,-999.0,0,-999.0,-999.0,-999.0,0,16416,-999.0,-999.0,-999.0,-999.0,0,-999.0,-999.0,-999.0,-999.0,-999.0,0,-999.0,-999.0,-999.0,0,16416,-999.0,-999.0,-999.0,-999.0,0,-999.0,-999.0,-999.0,-999.0,-999.0,0,-999.0,-999.0,-999.0,0,16416,0.028940759264044776
PSO J223.8550+05.5741,-999,-999,-999,114682238550039423,3496239000116126,65296387919286,0,15189953900237,11468,1,1467,31,0.414104009432815,3496239,15203,3,1343750144,0,160,223.85501264,5.5741369,0.0010000000474974513,0.0010000000474974513,223.85501264,5.5741369,0.0010000000474974513,0.0010000000474974513,,,,,55947.65574074,-999.0,-0.7176855235570767,-0.6895596737911796,0.09713364791670684,219.61421542454244,21.309731225998725,2.3763627522914517,53.474137352350674,-999,1,0,0,0,0,0,0,-999.0,-999.0,-999.0,-999.0,0,-999.0,-999.0,-999.0,-999.0,-999.0,0,-999.0,-999.0,-999.0,0,16416,-999.0,-999.0,-999.0,-999.0,0,-999.0,-999.0,-999.0,-999.0,-999.0,0,-999.0,-999.0,-999.0,0,16416,-999.0,-999.0,-999.0,-999.0,0,-999.0,-999.0,-999.0,-999.0,-999.0,0,-999.0,-999.0,-999.0,0,16416,-999.0,-999.0,-999.0,-999.0,0,-999.0,-999.0,-999.0,-999.0,-999.0,0,-999.0,-999.0,-999.0,0,114720,-999.0,-999.0,-999.0,-999.0,0,-999.0,-999.0,-999.0,-999.0,-999.0,0,-999.0,-999.0,-999.0,0,16416,0.029050942276279277
PSO J223.8552+05.5713,-999,-999,-999,114682238552525964,3496239000019172,65296387820259,0,15189953384627,11468,1,1467,31,0.320281469561422,3496239,15203,3,268959744,0,32,-999.0,-999.0,-999.0,-999.0,223.8552454,5.57126097,0.16443000733852386,0.16443000733852386,,,,,55694.35231481,-999.0,-0.7176862370971824,-0.6895659664466935,0.09708369069892556,219.61540242469314,21.307066319676014,2.3728904018772585,53.47212409191951,-999,0,1,0,1,0,0,0,-999.0,-999.0,-999.0,-999.0,0,-999.0,-999.0,-999.0,-999.0,-999.0,0,-999.0,-999.0,-999.0,0,0,0.8167830109596252,20.712400436401367,0.16374799609184265,-999.0,1,20.712400436401367,20.712400436401367,-999.0,-999.0,-999.0,0,21.118000030517578,0.16374799609184265,-999.0,1,4112,-999.0,-999.0,-999.0,-999.0,0,-999.0,-999.0,-999.0,-999.0,-999.0,0,-999.0,-999.0,-999.0,0,0,-999.0,-999.0,-999.0,-999.0,0,-999.0,-999.0,-999.0,-999.0,-999.0,0,-999.0,-999.0,-999.0,0,0,-999.0,-999.0,-999.0,-999.0,0,-999.0,-999.0,-999.0,-999.0,-999.0,0,-999.0,-999.0,-999.0,0,0,0.028141307231401288
PSO J223.8558+05.5710,-999,-999,-999,114682238557645700,3496239000019238,65296387820325,0,15189953384529,11468,1,1467,31,0.132865400177301,3496239,15203,3,268959744,0,32,-999.0,-999.0,-999.0,-999.0,223.85575833,5.57104264,0.12019000202417374,0.12019000202417374,,,,,55694.32836806,-999.0,-0.7176803306120746,-0.6895726476835659,0.09707989812118838,219.61599592082786,21.307015768417642,2.373155181844578,53.47159169429991,-999,0,1,0,0,1,0,0,-999.0,-999.0,-999.0,-999.0,0,-999.0,-999.0,-999.0,-999.0,-999.0,0,-999.0,-999.0,-999.0,0,0,-999.0,-999.0,-999.0,-999.0,0,-999.0,-999.0,-999.0,-999.0,-999.0,0,-999.0,-999.0,-999.0,0,0,0.8020640015602112,20.092899322509766,0.1192459985613823,-999.0,1,20.092899322509766,20.092899322509766,-999.0,-999.0,-999.0,0,20.347999572753906,0.1192459985613823,-999.0,1,4112,-999.0,-999.0,-999.0,-999.0,0,-999.0,-999.0,-999.0,-999.0,-999.0,0,-999.0,-999.0,-999.0,0,0,-999.0,-999.0,-999.0,-999.0,0,-999.0,-999.0,-999.0,-999.0,-999.0,0,-999.0,-999.0,-999.0,0,0,0.027598756120173106
PSO J223.8557+05.5727,-999,-999,-999,114682238558947627,3496239000019259,65296387820346,0,15189953896912,11468,1,1467,31,0.572961202424915,3496239,15203,3,404226048,0,48,223.85573322,5.57271079,0.0010000000474974513,0.0010000000474974513,223.85573322,5.57271079,0.0010000000474974513,0.0010000000474974513,,,,,55947.65574074,-999.0,-0.7176785943970502,-0.6895703745726094,0.09710887526928443,219.61541912868455,21.308595195313,2.3752864641172367,53.47267524553639,-999,2,1,0,0,0,1,0,-999.0,-999.0,-999.0,-999.0,0,-999.0,-999.0,-999.0,-999.0,-999.0,0,-999.0,-999.0,-999.0,0,16416,-999.0,-999.0,-999.0,-999.0,0,-999.0,-999.0,-999.0,-999.0,-999.0,0,-999.0,-999.0,-999.0,0,114720,-999.0,-999.0,-999.0,-999.0,0,-999.0,-999.0,-999.0,-999.0,-999.0,0,-999.0,-999.0,-999.0,0,16416,0.6284859776496887,21.62339973449707,0.22991499304771423,-999.0,1,21.62339973449707,21.62339973449707,-999.0,-999.0,-999.0,0,22.476900100708008,0.22991499304771423,-999.0,1,118840,-999.0,-999.0,-999.0,-999.0,0,-999.0,-999.0,-999.0,-999.0,-999.0,0,-999.0,-999.0,-999.0,0,16416,0.02798258776197088
PSO J223.8564+05.5707,-999,-999,-999,114682238563615314,3496239000116142,65296387919302,0,15189953385356,11468,1,1467,31,0.891731171767908,3496239,15203,3,1343750144,0,160,223.85636233,5.57071278,0.0010000000474974513,0.0010000000474974513,223.85636233,5.57071278,0.0010000000474974513,0.0010000000474974513,,,,,56041.68789352,-999.0,-0.7176734642442948,-0.6895806005056443,0.09707416816984805,219.61671883738182,21.306887008474288,2.3733728329766075,53.47091834298652,-999,1,0,0,0,0,0,0,-999.0,-999.0,-999.0,-999.0,0,-999.0,-999.0,-999.0,-999.0,-999.0,0,-999.0,-999.0,-999.0,0,114720,-999.0,-999.0,-999.0,-999.0,0,-999.0,-999.0,-999.0,-999.0,-999.0,0,-999.0,-999.0,-999.0,0,16416,-999.0,-999.0,-999.0,-999.0,0,-999.0,-999.0,-999.0,-999.0,-999.0,0,-999.0,-999.0,-999.0,0,16416,-999.0,-999.0,-999.0,-999.0,0,-999.0,-999.0,-999.0,-999.0,-999.0,0,-999.0,-999.0,-999.0,0,16416,-999.0,-999.0,-999.0,-999.0,0,-999.0,-999.0,-999.0,-999.0,-999.0,0,-999.0,-999.0,-999.0,0,16416,0.026947415853770636
PSO J223.8571+05.5715,-999,-999,-999,114682238570476268,3496239000116160,65296387919320,0,15189953385252,11468,1,1467,31,0.0950333868107138,3496239,15203,3,1343750144,0,160,223.85706436,5.57150752,0.0010000000474974513,0.0010000000474974513,223.85706436,5.57150752,0.0010000000474974513,0.0010000000474974513,,,,,55928.40103009,-999.0,-0.7176640439521388,-0.6895884609125496,0.09708797348036226,219.61716975817197,21.30785826056791,2.3751498892781395,53.47088737584139,-999,1,0,0,0,0,0,0,-999.0,-999.0,-999.0,-999.0,0,-999.0,-999.0,-999.0,-999.0,-999.0,0,-999.0,-999.0,-999.0,0,114720,-999.0,-999.0,-999.0,-999.0,0,-999.0,-999.0,-999.0,-999.0,-999.0,0,-999.0,-999.0,-999.0,0,16416,-999.0,-999.0,-999.0,-999.0,0,-999.0,-999.0,-999.0,-999.0,-999.0,0,-999.0,-999.0,-999.0,0,16416,-999.0,-999.0,-999.0,-999.0,0,-999.0,-999.0,-999.0,-999.0,-999.0,0,-999.0,-999.0,-999.0,0,16416,-999.0,-999.0,-999.0,-999.0,0,-999.0,-999.0,-999.0,-999.0,-999.0,0,-999.0,-999.0,-999.0,0,16416,0.026417840202153747
PSO J223.8579+05.5677,-999,-999,-999,114682238578171747,3496239000116175,65296387919335,0,15189953404530,11468,1,1467,31,0.65510211014664,3496239,15203,3,1343750144,0,160,223.85785083,5.56774242,0.0010000000474974513,0.0010000000474974513,223.85785083,5.56774242,0.0010000000474974513,0.0010000000474974513,,,,,56066.2419213,-999.0,-0.7176591770600954,-0.6896027308744678,0.09702257032208005,219.6192133139406,21.304517015753785,2.371118412122784,53.46788239549258,-999,1,0,0,0,0,0,0,-999.0,-999.0,-999.0,-999.0,0,-999.0,-999.0,-999.0,-999.0,-999.0,0,-999.0,-999.0,-999.0,0,114720,-999.0,-999.0,-999.0,-999.0,0,-999.0,-999.0,-999.0,-999.0,-999.0,0,-999.0,-999.0,-999.0,0,16416,-999.0,-999.0,-999.0,-999.0,0,-999.0,-999.0,-999.0,-999.0,-999.0,0,-999.0,-999.0,-999.0,0,16416,-999.0,-999.0,-999.0,-999.0,0,-999.0,-999.0,-999.0,-999.0,-999.0,0,-999.0,-999.0,-999.0,0,16416,-999.0,-999.0,-999.0,-999.0,0,-999.0,-999.0,-999.0,-999.0,-999.0,0,-999.0,-999.0,-999.0,0,16416,0.02509915975769196
PSO J223.8586+05.5671,-999,-999,-999,114682238585730992,3496239000019652,65296387820739,0,15189953402635,11468,1,1467,31,0.368569496430987,3496239,15203,3,268513280,0,32,-999.0,-999.0,-999.0,-999.0,223.85855904,5.56710365,0.01744999922811985,0.01744999922811985,,,,,55757.36533565,-999.0,-0.7176514330002792,-0.6896123509421067,0.09701147427364597,219.62014421372024,21.30412626868723,2.3710476834220384,53.466932082399516,-999,0,1,0,0,0,0,1,-999.0,-999.0,-999.0,-999.0,0,-999.0,-999.0,-999.0,-999.0,-999.0,0,-999.0,-999.0,-999.0,0,0,-999.0,-999.0,-999.0,-999.0,0,-999.0,-999.0,-999.0,-999.0,-999.0,0,-999.0,-999.0,-999.0,0,0,-999.0,-999.0,-999.0,-999.0,0,-999.0,-999.0,-999.0,-999.0,-999.0,0,-999.0,-999.0,-999.0,0,0,-999.0,-999.0,-999.0,-999.0,0,-999.0,-999.0,-999.0,-999.0,-999.0,0,-999.0,-999.0,-999.0,0,0,0.997734010219574,16.216699600219727,0.00890900008380413,-999.0,1,16.216699600219727,16.216699600219727,16.912599563598633,0.018588999286293983,-999.0,1,16.84040069580078,0.00890900008380413,-999.0,1,16,0.024356060010304537
PSO J223.8586+05.5686,-999,-999,-999,114682238586282725,3496239000106517,65296387907606,0,15189953404888,11468,1,1467,31,0.880210600681799,3496239,15203,3,268959744,0,32,-999.0,-999.0,-999.0,-999.0,223.85862331,5.56856358,0.26429998874664307,0.26429998874664307,,,,,55694.36246528,-999.0,-0.7176488768385239,-0.6896114429843891,0.09703683464228255,219.6197271205479,21.30553498644784,2.373004676343763,53.467814327521076,-999,0,1,0,1,0,0,0,-999.0,-999.0,-999.0,-999.0,0,-999.0,-999.0,-999.0,-999.0,-999.0,0,-999.0,-999.0,-999.0,0,0,0.6531239748001099,21.44729995727539,0.26387500762939453,-999.0,1,21.44729995727539,21.44729995727539,-999.0,-999.0,-999.0,0,23.127899169921875,0.26387500762939453,-999.0,1,4112,-999.0,-999.0,-999.0,-999.0,0,-999.0,-999.0,-999.0,-999.0,-999.0,0,-999.0,-999.0,-999.0,0,0,-999.0,-999.0,-999.0,-999.0,0,-999.0,-999.0,-999.0,-999.0,-999.0,0,-999.0,-999.0,-999.0,0,0,-999.0,-999.0,-999.0,-999.0,0,-999.0,-999.0,-999.0,-999.0,-999.0,0,-999.0,-999.0,-999.0,0,0,0.02440879209845827
PSO J223.8595+05.5694,-999,-999,-999,114682238595363764,3496239000019825,65296387820912,0,15189953403263,11468,1,1467,31,0.986128134640053,3496239,15203,3,436527232,7,52,223.85954229,5.56942624,0.0010000000474974513,0.0010000000474974513,223.85952889308817,5.5694259186721595,0.0020319644978402406,0.002110324323702119,0.3230765882392497,-11.250349067701864,1.4616480689591282,1.502392156537022,56347.00066697762,3.8105216026306152,-0.7176369240219691,-0.6896217736052448,0.09705181425322769,219.62035912449423,21.30663040675398,2.3750802477722814,53.467672585710744,-999,5,70,9,10,19,15,17,0.9997140169143677,20.583999633789062,0.039965998381376266,0.1745470017194748,9,20.36829948425293,20.899700164794922,20.609399795532227,0.08196000009775162,0.3239400088787079,8,20.559900283813477,0.05729899927973747,0.2789570093154907,8,115000,0.9996910095214844,19.524200439453125,0.015812000259757042,0.12000799924135208,10,19.456199645996094,19.791900634765625,19.637399673461914,0.009762999601662159,0.16609500348567963,10,19.537700653076172,0.009513000026345253,0.15550200641155243,10,115000,0.9996269941329956,18.83449935913086,0.007501999847590923,0.05097400024533272,18,18.783899307250977,18.975799560546875,18.936100006103516,0.012873000465333462,0.07751400023698807,18,18.831499099731445,0.009806999936699867,0.07585600018501282,18,115000,0.9992150068283081,18.479999542236328,0.01001800037920475,0.06257999688386917,13,18.4419002532959,18.60569953918457,18.58930015563965,0.025673000141978264,0.07979799807071686,13,18.50749969482422,0.02154799923300743,0.0828540027141571,13,115000,0.9998869895935059,18.277299880981445,0.012408999726176262,0.044491998851299286,17,18.218599319458008,18.37380027770996,18.361299514770508,0.02600800059735775,0.11963900178670883,17,18.277700424194336,0.023615000769495964,0.1309719979763031,17,115000,0.023626767093303132
PSO J223.8599+05.5733,-999,-999,-999,114682238599348441,3496239000019872,65296387820959,0,15189953387547,11468,1,1467,31,0.503811596430663,3496239,15203,3,503635968,7,60,223.85993733,5.57333429,0.0010000000474974513,0.0010000000474974513,223.85992382270572,5.573336519513291,0.0004615593313008792,0.0004609104759292984,4.542568489247027,8.425790343686199,0.32919191131226966,0.33030114361015717,56108.56291627935,16.207048416137695,-0.7176273927049844,-0.689622128727843,0.09711974468831917,219.61947172888918,21.310480049687367,2.3805748374353737,53.469864767850574,-999,5,72,13,13,15,16,15,0.9996830224990845,18.435400009155273,0.007615999784320593,0.08207699656486511,13,18.213899612426758,18.583499908447266,18.526100158691406,0.010214000009000301,0.24514800310134888,13,18.452499389648438,0.008894000202417374,0.22285300493240356,13,115000,0.9996470212936401,17.27389907836914,0.0037350000347942114,0.013756999745965004,11,17.248300552368164,17.287900924682617,17.344999313354492,0.007321999873965979,0.02178500033915043,13,17.281400680541992,0.004511000122874975,0.017044000327587128,13,115000,0.9996569752693176,16.424699783325195,0.0034650000743567944,0.013539000414311886,12,16.40559959411621,16.44700050354004,16.49410057067871,0.0034370000939816236,0.046167001128196716,14,16.42329978942871,0.0036100000143051147,0.12720799446105957,14,115000,0.9988729953765869,16.022600173950195,0.0025909999385476112,0.01147099956870079,11,16.002700805664062,16.033700942993164,16.087799072265625,0.004027999937534332,0.012287000194191933,14,16.029600143432617,0.0025569999124854803,0.008081000298261642,14,115000,0.999193012714386,15.828800201416016,0.0043750000186264515,0.024423999711871147,11,15.793399810791016,15.883999824523926,15.866100311279297,0.009103000164031982,0.02447899989783764,13,15.822999954223633,0.004013000056147575,0.016009999439120293,13,115000,0.024144861267898197
PSO J223.8608+05.5680,-999,-999,-999,114682238607962070,3496239000116231,65296387919391,0,15189953403420,11468,1,1467,31,0.601408736409069,3496239,15203,3,1343750144,0,160,223.86079624,5.56800849,0.0010000000474974513,0.0010000000474974513,223.86079624,5.56800849,0.0010000000474974513,0.0010000000474974513,,,,,55848.97178241,-999.0,-0.7176234007656718,-0.6896393105423729,0.09702719220998081,219.62211913082186,21.305672640571494,2.374604601488274,53.46579487298231,-999,1,0,0,0,0,0,0,-999.0,-999.0,-999.0,-999.0,0,-999.0,-999.0,-999.0,-999.0,-999.0,0,-999.0,-999.0,-999.0,0,114720,-999.0,-999.0,-999.0,-999.0,0,-999.0,-999.0,-999.0,-999.0,-999.0,0,-999.0,-999.0,-999.0,0,16416,-999.0,-999.0,-999.0,-999.0,0,-999.0,-999.0,-999.0,-999.0,-999.0,0,-999.0,-999.0,-999.0,0,16416,-999.0,-999.0,-999.0,-999.0,0,-999.0,-999.0,-999.0,-999.0,-999.0,0,-999.0,-999.0,-999.0,0,16416,-999.0,-999.0,-999.0,-999.0,0,-999.0,-999.0,-999.0,-999.0,-999.0,0,-999.0,-999.0,-999.0,0,16416,0.022200538149131154
PSO J223.8612+05.5710,-999,-999,-999,114682238612115710,3496239000116242,65296387919402,0,15189953385665,11468,1,1467,31,0.723357269282786,3496239,15203,3,1343750144,0,160,223.86121145,5.57104203,0.0010000000474974513,0.0010000000474974513,223.86121145,5.57104203,0.0010000000474974513,0.0010000000474974513,,,,,55971.37297454,-999.0,-0.7176146981001685,-0.6896409504290937,0.09707988752496774,219.6215387679538,21.30868607580743,2.3789715371944835,53.46741203954974,-999,1,0,0,0,0,0,0,-999.0,-999.0,-999.0,-999.0,0,-999.0,-999.0,-999.0,-999.0,-999.0,0,-999.0,-999.0,-999.0,0,114720,-999.0,-999.0,-999.0,-999.0,0,-999.0,-999.0,-999.0,-999.0,-999.0,0,-999.0,-999.0,-999.0,0,16416,-999.0,-999.0,-999.0,-999.0,0,-999.0,-999.0,-999.0,-999.0,-999.0,0,-999.0,-999.0,-999.0,0,16416,-999.0,-999.0,-999.0,-999.0,0,-999.0,-999.0,-999.0,-999.0,-999.0,0,-999.0,-999.0,-999.0,0,16416,-999.0,-999.0,-999.0,-999.0,0,-999.0,-999.0,-999.0,-999.0,-999.0,0,-999.0,-999.0,-999.0,0,16416,0.02228979280691577
PSO J223.8621+05.5729,-999,-999,-999,114682238621447597,3496239000020185,65296387821272,0,15189953393314,11468,1,1467,31,0.488195878908221,3496239,15203,3,1343750144,0,160,223.86212702,5.57286056,0.0010000000474974513,0.0010000000474974513,223.86212702,5.57286056,0.0010000000474974513,0.0010000000474974513,,,,,55971.37297454,-999.0,-0.7176014557732447,-0.6896502821920176,0.09711147689429013,219.62186846178344,21.310696815531617,2.382300635625434,53.46787045490294,-999,1,1,0,0,1,0,0,-999.0,-999.0,-999.0,-999.0,0,-999.0,-999.0,-999.0,-999.0,-999.0,0,-999.0,-999.0,-999.0,0,114720,-999.0,-999.0,-999.0,-999.0,0,-999.0,-999.0,-999.0,-999.0,-999.0,0,-999.0,-999.0,-999.0,0,16416,0.8217499852180481,20.463199615478516,0.14029699563980103,-999.0,1,20.463199615478516,20.463199615478516,-999.0,-999.0,-999.0,0,21.34980010986328,0.14029699563980103,-999.0,1,20528,-999.0,-999.0,-999.0,-999.0,0,-999.0,-999.0,-999.0,-999.0,-999.0,0,-999.0,-999.0,-999.0,0,16416,-999.0,-999.0,-999.0,-999.0,0,-999.0,-999.0,-999.0,-999.0,-999.0,0,-999.0,-999.0,-999.0,0,16416,0.02191333512683603
PSO J223.8622+05.5665,-999,-999,-999,114682238622430190,3496239000020194,65296387821281,0,15189953412909,11468,1,1467,31,0.477974463699362,3496239,15203,3,268959744,0,32,-999.0,-999.0,-999.0,-999.0,223.86223755,5.56645063,0.16283999383449554,0.16283999383449554,,,,,55694.34011574,-999.0,-0.7176079541054005,-0.6896591903639011,0.09700013067656066,219.62409885080655,21.30463203770625,2.3741269919955634,53.463696324034935,-999,0,1,0,0,1,0,0,-999.0,-999.0,-999.0,-999.0,0,-999.0,-999.0,-999.0,-999.0,-999.0,0,-999.0,-999.0,-999.0,0,0,-999.0,-999.0,-999.0,-999.0,0,-999.0,-999.0,-999.0,-999.0,-999.0,0,-999.0,-999.0,-999.0,0,0,0.8100389838218689,20.733400344848633,0.16214700043201447,-999.0,1,20.733400344848633,20.733400344848633,20.63409996032715,0.17044100165367126,-999.0,1,21.247800827026367,0.16214700043201447,-999.0,1,4112,-999.0,-999.0,-999.0,-999.0,0,-999.0,-999.0,-999.0,-999.0,-999.0,0,-999.0,-999.0,-999.0,0,0,-999.0,-999.0,-999.0,-999.0,0,-999.0,-999.0,-999.0,-999.0,-999.0,0,-999.0,-999.0,-999.0,0,0,0.020672209722047728
PSO J223.8623+05.5731,-999,-999,-999,114682238623468162,3496239000020208,65296387821295,0,15189953393335,11468,1,1467,31,0.258137419128918,3496239,15203,3,268959744,0,32,-999.0,-999.0,-999.0,-999.0,223.86233989,5.57309609,0.18254999816417694,0.18254999816417694,,,,,55694.36315972,-999.0,-0.7175986056884006,-0.6896526716542811,0.09711556823792747,219.62200700133153,21.310986129352806,2.38283238223703,53.467857553428914,-999,0,1,0,1,0,0,0,-999.0,-999.0,-999.0,-999.0,0,-999.0,-999.0,-999.0,-999.0,-999.0,0,-999.0,-999.0,-999.0,0,0,0.7919129729270935,20.996599197387695,0.18193699419498444,-999.0,1,20.996599197387695,20.996599197387695,19.66119956970215,0.20946000516414642,-999.0,1,20.899999618530273,0.18193699419498444,-999.0,1,4112,-999.0,-999.0,-999.0,-999.0,0,-999.0,-999.0,-999.0,-999.0,-999.0,0,-999.0,-999.0,-999.0,0,0,-999.0,-999.0,-999.0,-999.0,0,-999.0,-999.0,-999.0,-999.0,-999.0,0,-999.0,-999.0,-999.0,0,0,-999.0,-999.0,-999.0,-999.0,0,-999.0,-999.0,-999.0,-999.0,-999.0,0,-999.0,-999.0,-999.0,0,0,0.02178935933479165
PSO J223.8626+05.5706,-999,-999,-999,114682238626025156,3496239000116263,65296387919423,0,15189953392642,11468,1,1467,31,0.87775620341092,3496239,15203,3,1343750144,0,160,223.86260206,5.57058062,0.0010000000474974513,0.0010000000474974513,223.86260206,5.57058062,0.0010000000474974513,0.0010000000474974513,,,,,55971.37297454,-999.0,-0.7175985234589268,-0.6896589089624509,0.09707187243630372,219.62310469147957,21.308673148118977,2.379857930838276,53.46605187562432,-999,1,0,0,0,0,0,0,-999.0,-999.0,-999.0,-999.0,0,-999.0,-999.0,-999.0,-999.0,-999.0,0,-999.0,-999.0,-999.0,0,114720,-999.0,-999.0,-999.0,-999.0,0,-999.0,-999.0,-999.0,-999.0,-999.0,0,-999.0,-999.0,-999.0,0,16416,-999.0,-999.0,-999.0,-999.0,0,-999.0,-999.0,-999.0,-999.0,-999.0,0,-999.0,-999.0,-999.0,0,16416,-999.0,-999.0,-999.0,-999.0,0,-999.0,-999.0,-999.0,-999.0,-999.0,0,-999.0,-999.0,-999.0,0,16416,-999.0,-999.0,-999.0,-999.0,0,-999.0,-999.0,-999.0,-999.0,-999.0,0,-999.0,-999.0,-999.0,0,16416,0.02083696877665515
PSO J223.8626+05.5687,-999,-999,-999,114682238626112856,3496239000020246,65296387821333,0,15189953412038,11468,1,1467,31,0.544992272318334,3496239,15203,3,1375809536,0,164,223.86271931,5.56869654,0.0010000000474974513,0.0010000000474974513,223.86259593,5.56866347,0.16306999325752258,0.16306999325752258,,,,,56394.56908565,-999.0,-0.7176009387211826,-0.6896610824984893,0.09703856982401142,219.62373194416148,21.30684722170843,2.3773714807589976,53.46483347415507,-999,1,1,1,0,0,0,0,0.9998210072517395,20.179800033569336,0.16238200664520264,-999.0,1,20.179800033569336,20.179800033569336,-999.0,-999.0,-999.0,1,20.15760040283203,0.16238200664520264,-999.0,1,115000,-999.0,-999.0,-999.0,-999.0,0,-999.0,-999.0,-999.0,-999.0,-999.0,0,-999.0,-999.0,-999.0,0,16416,-999.0,-999.0,-999.0,-999.0,0,-999.0,-999.0,-999.0,-999.0,-999.0,0,-999.0,-999.0,-999.0,0,16416,-999.0,-999.0,-999.0,-999.0,0,-999.0,-999.0,-999.0,-999.0,-999.0,0,-999.0,-999.0,-999.0,0,16416,-999.0,-999.0,-999.0,-999.0,0,-999.0,-999.0,-999.0,-999.0,-999.0,0,-999.0,-999.0,-999.0,0,16416,0.020496607667551115
PSO J223.8631+05.5745,-999,-999,-999,114682238630659840,3496239000020323,65296387821410,0,15189953396584,11468,1,1467,31,0.935294565684436,3496239,15203,3,1375809536,0,164,223.86293001,5.57463945,0.0010000000474974513,0.0010000000474974513,223.86306407,5.57450488,0.18953999876976013,0.18953999876976013,,,,,56721.60342593,-999.0,-0.7175881670130857,-0.6896600867022133,0.09714004000768897,219.62227755927356,21.31254838609756,2.385427330697203,53.468201189873795,-999,1,1,1,0,0,0,0,0.9990170001983643,21.676599502563477,0.18894299864768982,-999.0,1,21.676599502563477,21.676599502563477,21.479700088500977,0.23434799909591675,-999.0,1,21.319299697875977,0.18894299864768982,-999.0,1,16696,-999.0,-999.0,-999.0,-999.0,0,-999.0,-999.0,-999.0,-999.0,-999.0,0,-999.0,-999.0,-999.0,0,16416,-999.0,-999.0,-999.0,-999.0,0,-999.0,-999.0,-999.0,-999.0,-999.0,0,-999.0,-999.0,-999.0,0,16416,-999.0,-999.0,-999.0,-999.0,0,-999.0,-999.0,-999.0,-999.0,-999.0,0,-999.0,-999.0,-999.0,0,114720,-999.0,-999.0,-999.0,-999.0,0,-999.0,-999.0,-999.0,-999.0,-999.0,0,-999.0,-999.0,-999.0,0,16416,0.02163209123273243
PSO J223.8633+05.5733,-999,-999,-999,114682238632678458,3496239000020351,65296387821438,0,15189953393012,11468,1,1467,31,0.505339880013224,3496239,15203,3,268959744,0,32,-999.0,-999.0,-999.0,-999.0,223.86325915,5.57333903,0.13109000027179718,0.13109000027179718,,,,,55694.35231481,-999.0,-0.7175872438321539,-0.689663899454243,0.09711978829744554,219.622861097903,21.311498926139482,2.3841271315805455,53.46730795736493,-999,0,1,0,1,0,0,0,-999.0,-999.0,-999.0,-999.0,0,-999.0,-999.0,-999.0,-999.0,-999.0,0,-999.0,-999.0,-999.0,0,0,0.8201969861984253,20.457300186157227,0.13022799789905548,-999.0,1,20.457300186157227,20.457300186157227,-999.0,-999.0,-999.0,1,20.471399307250977,0.13022799789905548,-999.0,1,4112,-999.0,-999.0,-999.0,-999.0,0,-999.0,-999.0,-999.0,-999.0,-999.0,0,-999.0,-999.0,-999.0,0,0,-999.0,-999.0,-999.0,-999.0,0,-999.0,-999.0,-999.0,-999.0,-999.0,0,-999.0,-999.0,-999.0,0,0,-999.0,-999.0,-999.0,-999.0,0,-999.0,-999.0,-999.0,-999.0,-999.0,0,-999.0,-999.0,-999.0,0,0,0.021013046975066108
PSO J223.8634+05.5666,-999,-999,-999,114682238634250334,3496239000020374,65296387821461,0,15189953412257,11468,1,1467,31,0.0678098453840333,3496239,15203,3,268959744,0,32,-999.0,-999.0,-999.0,-999.0,223.86341901,5.56657281,0.16617000102996826,0.16617000102996826,,,,,55694.36315972,-999.0,-0.7175935837900319,-0.6896738442219802,0.09700225306380399,219.62525933364623,21.305110264259024,2.3755452128900454,53.462868818934425,-999,0,1,0,1,0,0,0,-999.0,-999.0,-999.0,-999.0,0,-999.0,-999.0,-999.0,-999.0,-999.0,0,-999.0,-999.0,-999.0,0,0,0.8081340193748474,20.991199493408203,0.16548700630664825,-999.0,1,20.991199493408203,20.991199493408203,-999.0,-999.0,-999.0,0,21.492900848388672,0.16548700630664825,-999.0,1,4112,-999.0,-999.0,-999.0,-999.0,0,-999.0,-999.0,-999.0,-999.0,-999.0,0,-999.0,-999.0,-999.0,0,0,-999.0,-999.0,-999.0,-999.0,0,-999.0,-999.0,-999.0,-999.0,-999.0,0,-999.0,-999.0,-999.0,0,0,-999.0,-999.0,-999.0,-999.0,0,-999.0,-999.0,-999.0,-999.0,-999.0,0,-999.0,-999.0,-999.0,0,0,0.019500688592367962
PSO J223.8635+05.5727,-999,-999,-999,114682238634517713,3496239000116276,65296387919436,0,15189953393089,11468,1,1467,31,0.0890773656676313,3496239,15203,3,1343750144,0,160,223.86345157,5.57271086,0.0010000000474974513,0.0010000000474974513,223.86345157,5.57271086,0.0010000000474974513,0.0010000000474974513,,,,,55940.11799769,-999.0,-0.7175856953470389,-0.6896670471619483,0.0971088764852407,219.62326425518367,21.310960218036914,2.383519716801984,53.46675975112831,-999,1,0,0,0,0,0,0,-999.0,-999.0,-999.0,-999.0,0,-999.0,-999.0,-999.0,-999.0,-999.0,0,-999.0,-999.0,-999.0,0,114720,-999.0,-999.0,-999.0,-999.0,0,-999.0,-999.0,-999.0,-999.0,-999.0,0,-999.0,-999.0,-999.0,0,16416,-999.0,-999.0,-999.0,-999.0,0,-999.0,-999.0,-999.0,-999.0,-999.0,0,-999.0,-999.0,-999.0,0,16416,-999.0,-999.0,-999.0,-999.0,0,-999.0,-999.0,-999.0,-999.0,-999.0,0,-999.0,-999.0,-999.0,0,16416,-999.0,-999.0,-999.0,-999.0,0,-999.0,-999.0,-999.0,-999.0,-999.0,0,-999.0,-999.0,-999.0,0,16416,0.020617790581852823
PSO J223.8636+05.5704,-999,-999,-999,114682238636384948,3496239000116281,65296387919441,0,15189953397795,11468,1,1467,31,0.241607688592381,3496239,15203,3,1343750144,0,160,223.86363697,5.57040759,0.0010000000474974513,0.0010000000474974513,223.86363697,5.57040759,0.0010000000474974513,0.0010000000474974513,,,,,55928.40103009,-999.0,-0.7175862776742116,-0.6896720736702511,0.09706886675471806,219.62421378174722,21.30882560470783,2.3807379310151067,53.46514830074433,-999,1,0,0,0,0,0,0,-999.0,-999.0,-999.0,-999.0,0,-999.0,-999.0,-999.0,-999.0,-999.0,0,-999.0,-999.0,-999.0,0,114720,-999.0,-999.0,-999.0,-999.0,0,-999.0,-999.0,-999.0,-999.0,-999.0,0,-999.0,-999.0,-999.0,0,16416,-999.0,-999.0,-999.0,-999.0,0,-999.0,-999.0,-999.0,-999.0,-999.0,0,-999.0,-999.0,-999.0,0,16416,-999.0,-999.0,-999.0,-999.0,0,-999.0,-999.0,-999.0,-999.0,-999.0,0,-999.0,-999.0,-999.0,0,16416,-999.0,-999.0,-999.0,-999.0,0,-999.0,-999.0,-999.0,-999.0,-999.0,0,-999.0,-999.0,-999.0,0,16416,0.019794539212633022
PSO J223.8637+05.5666,-999,-999,-999,114682238637130382,3496239000020413,65296387821500,0,15189953412264,11468,1,1467,31,0.322765306870234,3496239,15203,3,268959744,0,32,-999.0,-999.0,-999.0,-999.0,223.86370401,5.56660985,0.14663000404834747,0.14663000404834747,,,,,55694.35231481,-999.0,-0.7175901080007839,-0.68967737020503,0.097002896485091,219.62553677413652,21.30523282396589,2.375897105217801,53.46267402790806,-999,0,1,0,1,0,0,0,-999.0,-999.0,-999.0,-999.0,0,-999.0,-999.0,-999.0,-999.0,-999.0,0,-999.0,-999.0,-999.0,0,0,0.7791129946708679,20.575199127197266,0.1458580046892166,-999.0,1,20.575199127197266,20.575199127197266,-999.0,-999.0,-999.0,0,20.678600311279297,0.1458580046892166,-999.0,1,4112,-999.0,-999.0,-999.0,-999.0,0,-999.0,-999.0,-999.0,-999.0,-999.0,0,-999.0,-999.0,-999.0,0,0,-999.0,-999.0,-999.0,-999.0,0,-999.0,-999.0,-999.0,-999.0,-999.0,0,-999.0,-999.0,-999.0,0,0,-999.0,-999.0,-999.0,-999.0,0,-999.0,-999.0,-999.0,-999.0,-999.0,0,-999.0,-999.0,-999.0,0,0,0.019218564955107213
PSO J223.8644+05.5682,-999,-999,-999,114682238644102359,3496239000020513,65296387821600,0,15189953398227,11468,1,1467,31,0.571790418188824,3496239,15203,3,503635968,7,60,223.86442112,5.56822906,0.0010000000474974513,0.0010000000474974513,223.86440591178487,5.568230640880145,0.0006903549186359567,0.0007008246069827614,7.585080408699796,-41.29644669965824,0.47318414736382053,0.48378267268875363,56182.321566193874,11.185384750366211,-0.7175796803727297,-0.6896842592253057,0.0970310511795701,219.6257114910875,21.30698814819616,2.378737476191512,53.46317222109531,-999,5,74,10,11,20,16,17,0.9998019933700562,20.28730010986328,0.020197000354528427,0.12391500174999237,9,20.033300399780273,20.4768009185791,20.47010040283203,0.04993100091814995,0.1959259957075119,9,20.35569953918457,0.11247999966144562,0.2797439992427826,9,115000,0.9997940063476562,18.94770050048828,0.011230000294744968,0.03197000175714493,9,18.917699813842773,19.005699157714844,18.995500564575195,0.02853200025856495,0.13397499918937683,10,18.913999557495117,0.014833999797701836,0.10469000041484833,10,115000,0.9996610283851624,17.444000244140625,0.0033340000081807375,0.016096999868750572,14,17.416799545288086,17.476600646972656,17.518699645996094,0.003766000038012862,0.022823000326752663,14,17.445199966430664,0.0050940001383423805,0.023065000772476196,14,115000,0.9995750188827515,16.74180030822754,0.0031270000617951155,0.011150999926030636,13,16.73080062866211,16.770599365234375,16.802000045776367,0.006322000175714493,0.01860000006854534,16,16.75,0.0034209999721497297,0.017405999824404716,16,115000,0.9994900226593018,16.40690040588379,0.0077309999614953995,0.03256300091743469,17,16.346900939941406,16.46419906616211,16.486499786376953,0.010281999595463276,0.03966899961233139,17,16.416200637817383,0.005555000156164169,0.021883999928832054,17,115000,0.01865406915397242
PSO J223.8645+05.5665,-999,-999,-999,114682238645010213,3496239000116297,65296387919457,0,15189953410534,11468,1,1467,31,0.352903680273242,3496239,15203,3,1343750144,0,160,223.86450135,5.56646172,0.0010000000474974513,0.0010000000474974513,223.86450135,5.56646172,0.0010000000474974513,0.0010000000474974513,,,,,55940.11799769,-999.0,-0.7175806910475745,-0.6896875300535308,0.09700032332082938,219.6263961495198,21.30533617405563,2.3765559495444157,53.46196843852437,-999,1,0,0,0,0,0,0,-999.0,-999.0,-999.0,-999.0,0,-999.0,-999.0,-999.0,-999.0,-999.0,0,-999.0,-999.0,-999.0,0,114720,-999.0,-999.0,-999.0,-999.0,0,-999.0,-999.0,-999.0,-999.0,-999.0,0,-999.0,-999.0,-999.0,0,16416,-999.0,-999.0,-999.0,-999.0,0,-999.0,-999.0,-999.0,-999.0,-999.0,0,-999.0,-999.0,-999.0,0,16416,-999.0,-999.0,-999.0,-999.0,0,-999.0,-999.0,-999.0,-999.0,-999.0,0,-999.0,-999.0,-999.0,0,16416,-999.0,-999.0,-999.0,-999.0,0,-999.0,-999.0,-999.0,-999.0,-999.0,0,-999.0,-999.0,-999.0,0,16416,0.018420362523017295
PSO J223.8646+05.5686,-999,-999,-999,114682238646492713,3496239000020544,65296387821631,0,15189953398264,11468,1,1467,31,0.609389369943542,3496239,15203,3,268959744,0,32,-999.0,-999.0,-999.0,-999.0,223.86464269,5.56855556,0.17782999575138092,0.17782999575138092,,,,,55694.36315972,-999.0,-0.7175764334722015,-0.689686843346488,0.0970366953274488,219.62584798016687,21.307371643994124,2.379414955672095,53.46319595712417,-999,0,1,0,1,0,0,0,-999.0,-999.0,-999.0,-999.0,0,-999.0,-999.0,-999.0,-999.0,-999.0,0,-999.0,-999.0,-999.0,0,0,0.5450549721717834,21.013099670410156,0.17720000445842743,-999.0,1,21.013099670410156,21.013099670410156,-999.0,-999.0,-999.0,0,21.747299194335938,0.17720000445842743,-999.0,1,4112,-999.0,-999.0,-999.0,-999.0,0,-999.0,-999.0,-999.0,-999.0,-999.0,0,-999.0,-999.0,-999.0,0,0,-999.0,-999.0,-999.0,-999.0,0,-999.0,-999.0,-999.0,-999.0,-999.0,0,-999.0,-999.0,-999.0,0,0,-999.0,-999.0,-999.0,-999.0,0,-999.0,-999.0,-999.0,-999.0,-999.0,0,-999.0,-999.0,-999.0,0,0,0.01846442730270977
PSO J223.8650+05.5734,-999,-999,-999,114682238649918519,3496239000020595,65296387821682,0,15189953391619,11468,1,1467,31,0.0218805643002322,3496239,15203,3,302067712,0,36,-999.0,-999.0,-999.0,-999.0,223.86497671,5.57338448,0.14496999979019165,0.14496999979019165,,,,,55694.34011574,-999.0,-0.7175665138573752,-0.6896853569262156,0.0971205777996189,219.62459188936603,21.312068407948953,2.3860177571541157,53.46602049199224,-999,0,1,0,0,1,0,0,-999.0,-999.0,-999.0,-999.0,0,-999.0,-999.0,-999.0,-999.0,-999.0,0,-999.0,-999.0,-999.0,0,0,-999.0,-999.0,-999.0,-999.0,0,-999.0,-999.0,-999.0,-999.0,-999.0,0,-999.0,-999.0,-999.0,0,0,0.8645110130310059,20.572999954223633,0.1441890001296997,-999.0,1,20.572999954223633,20.572999954223633,20.58989906311035,0.17911599576473236,-999.0,1,21.638399124145508,0.1441890001296997,-999.0,1,272,-999.0,-999.0,-999.0,-999.0,0,-999.0,-999.0,-999.0,-999.0,-999.0,0,-999.0,-999.0,-999.0,0,0,-999.0,-999.0,-999.0,-999.0,0,-999.0,-999.0,-999.0,-999.0,-999.0,0,-999.0,-999.0,-999.0,0,0,0.019441612274335517
PSO J223.8650+05.5701,-999,-999,-999,114682238650114579,3496239000020597,65296387821684,0,15189953398600,11468,1,1467,31,0.277702938092596,3496239,15203,3,268959744,0,32,-999.0,-999.0,-999.0,-999.0,223.86500412,5.57010866,0.19183999300003052,0.19183999300003052,,,,,55694.32836806,-999.0,-0.7175701861387254,-0.6896895469261572,0.09706367407855028,219.62570217562234,21.30896006116444,2.38180938453471,53.463909759275786,-999,0,1,0,0,1,0,0,-999.0,-999.0,-999.0,-999.0,0,-999.0,-999.0,-999.0,-999.0,-999.0,0,-999.0,-999.0,-999.0,0,0,-999.0,-999.0,-999.0,-999.0,0,-999.0,-999.0,-999.0,-999.0,-999.0,0,-999.0,-999.0,-999.0,0,0,0.8096320033073425,20.722200393676758,0.19125400483608246,-999.0,1,20.722200393676758,20.722200393676758,19.242700576782227,0.13325999677181244,-999.0,1,20.790000915527344,0.19125400483608246,-999.0,1,4112,-999.0,-999.0,-999.0,-999.0,0,-999.0,-999.0,-999.0,-999.0,-999.0,0,-999.0,-999.0,-999.0,0,0,-999.0,-999.0,-999.0,-999.0,0,-999.0,-999.0,-999.0,-999.0,-999.0,0,-999.0,-999.0,-999.0,0,0,0.01840154475743977
PSO J223.8651+05.5683,-999,-999,-999,114682238651012422,3496239000020610,65296387821697,0,15189953398255,11468,1,1467,31,0.655329248546929,3496239,15203,3,268959744,0,32,-999.0,-999.0,-999.0,-999.0,223.86511179,5.5683161,0.22474999725818634,0.22474999725818634,,,,,55399.25851852,-999.0,-0.7175710791335208,-0.6896929993916183,0.09703253568441711,219.6264039086962,21.307287533221036,2.37960553753591,53.46268365797846,-999,0,1,0,0,0,1,0,-999.0,-999.0,-999.0,-999.0,0,-999.0,-999.0,-999.0,-999.0,-999.0,0,-999.0,-999.0,-999.0,0,0,-999.0,-999.0,-999.0,-999.0,0,-999.0,-999.0,-999.0,-999.0,-999.0,0,-999.0,-999.0,-999.0,0,0,-999.0,-999.0,-999.0,-999.0,0,-999.0,-999.0,-999.0,-999.0,-999.0,0,-999.0,-999.0,-999.0,0,0,0.7917969822883606,20.38409996032715,0.22424399852752686,-999.0,1,20.38409996032715,20.38409996032715,-999.0,-999.0,-999.0,0,20.881900787353516,0.22424399852752686,-999.0,1,4112,-999.0,-999.0,-999.0,-999.0,0,-999.0,-999.0,-999.0,-999.0,-999.0,0,-999.0,-999.0,-999.0,0,0,0.017968646256775363
PSO J223.8652+05.5707,-999,-999,-999,114682238652105283,3496239000116305,65296387919465,0,15189953391029,11468,1,1467,31,0.0654234281419063,3496239,15203,3,1343750144,0,160,223.86521689,5.57069459,0.0010000000474974513,0.0010000000474974513,223.86521689,5.57069459,0.0010000000474974513,0.0010000000474974513,,,,,55973.32822917,-999.0,-0.7175669092626763,-0.6896915237636739,0.09707385219384078,219.6257248388325,21.3095827269547,2.382794236730076,53.46412047115372,-999,1,0,0,0,0,0,0,-999.0,-999.0,-999.0,-999.0,0,-999.0,-999.0,-999.0,-999.0,-999.0,0,-999.0,-999.0,-999.0,0,114720,-999.0,-999.0,-999.0,-999.0,0,-999.0,-999.0,-999.0,-999.0,-999.0,0,-999.0,-999.0,-999.0,0,16416,-999.0,-999.0,-999.0,-999.0,0,-999.0,-999.0,-999.0,-999.0,-999.0,0,-999.0,-999.0,-999.0,0,16416,-999.0,-999.0,-999.0,-999.0,0,-999.0,-999.0,-999.0,-999.0,-999.0,0,-999.0,-999.0,-999.0,0,16416,-999.0,-999.0,-999.0,-999.0,0,-999.0,-999.0,-999.0,-999.0,-999.0,0,-999.0,-999.0,-999.0,0,16416,0.018340252063659947
PSO J223.8655+05.5734,-999,-999,-999,114682238655008563,3496239000116310,65296387919470,0,15189953389849,11468,1,1467,31,0.0626257723780589,3496239,15203,3,1343750144,0,160,223.86552039,5.57344508,0.0010000000474974513,0.0010000000474974513,223.86552039,5.57344508,0.0010000000474974513,0.0010000000474974513,,,,,56041.68789352,-999.0,-0.7175598953372021,-0.6896920947050861,0.09712163046908831,219.62512448968567,21.312292639198013,2.3866759812788914,53.46564242867409,-999,1,0,0,0,0,0,0,-999.0,-999.0,-999.0,-999.0,0,-999.0,-999.0,-999.0,-999.0,-999.0,0,-999.0,-999.0,-999.0,0,114720,-999.0,-999.0,-999.0,-999.0,0,-999.0,-999.0,-999.0,-999.0,-999.0,0,-999.0,-999.0,-999.0,0,16416,-999.0,-999.0,-999.0,-999.0,0,-999.0,-999.0,-999.0,-999.0,-999.0,0,-999.0,-999.0,-999.0,0,16416,-999.0,-999.0,-999.0,-999.0,0,-999.0,-999.0,-999.0,-999.0,-999.0,0,-999.0,-999.0,-999.0,0,16416,-999.0,-999.0,-999.0,-999.0,0,-999.0,-999.0,-999.0,-999.0,-999.0,0,-999.0,-999.0,-999.0,0,16416,0.01896755408636502
PSO J223.8655+05.5698,-999,-999,-999,114682238655424219,3496239000020671,65296387821758,0,15189953398477,11468,1,1467,31,0.232807293751098,3496239,15203,3,268959744,0,32,-999.0,-999.0,-999.0,-999.0,223.86553547,5.5698102,0.17949999868869781,0.17949999868869781,,,,,55694.36315972,-999.0,-0.7175641545829067,-0.6896965518699233,0.09705848956405867,219.6263408770124,21.308838887672657,2.38199001239662,53.46331210731388,-999,0,1,0,1,0,0,0,-999.0,-999.0,-999.0,-999.0,0,-999.0,-999.0,-999.0,-999.0,-999.0,0,-999.0,-999.0,-999.0,0,0,0.7466139793395996,21.11440086364746,0.17887400090694427,-999.0,1,21.11440086364746,21.11440086364746,-999.0,-999.0,-999.0,0,21.681100845336914,0.17887400090694427,-999.0,1,4112,-999.0,-999.0,-999.0,-999.0,0,-999.0,-999.0,-999.0,-999.0,-999.0,0,-999.0,-999.0,-999.0,0,0,-999.0,-999.0,-999.0,-999.0,0,-999.0,-999.0,-999.0,-999.0,-999.0,0,-999.0,-999.0,-999.0,0,0,-999.0,-999.0,-999.0,-999.0,0,-999.0,-999.0,-999.0,-999.0,-999.0,0,-999.0,-999.0,-999.0,0,0,0.017819152004782488
PSO J223.8655+05.5690,-999,-999,-999,114682238655563296,3496239000020674,65296387821761,0,15189953398539,11468,1,1467,31,0.893707926286112,3496239,15203,3,268959744,0,32,-999.0,-999.0,-999.0,-999.0,223.86554909,5.56902384,0.2698799967765808,0.2698799967765808,,,,,55401.30572917,-999.0,-0.7175649509562493,-0.6896976454735474,0.09704482978191269,219.6266145472801,21.308094884686707,2.3809873770084735,53.46280000934367,-999,0,1,0,0,0,0,1,-999.0,-999.0,-999.0,-999.0,0,-999.0,-999.0,-999.0,-999.0,-999.0,0,-999.0,-999.0,-999.0,0,0,-999.0,-999.0,-999.0,-999.0,0,-999.0,-999.0,-999.0,-999.0,-999.0,0,-999.0,-999.0,-999.0,0,0,-999.0,-999.0,-999.0,-999.0,0,-999.0,-999.0,-999.0,-999.0,-999.0,0,-999.0,-999.0,-999.0,0,0,-999.0,-999.0,-999.0,-999.0,0,-999.0,-999.0,-999.0,-999.0,-999.0,0,-999.0,-999.0,-999.0,0,0,0.5934630036354065,20.087499618530273,0.269461989402771,-999.0,1,20.087499618530273,20.087499618530273,-999.0,-999.0,-999.0,0,20.94179916381836,0.269461989402771,-999.0,1,4112,0.017649400836000008
PSO J223.8660+05.5718,-999,-999,-999,114682238659636634,3496239000116316,65296387919476,0,15189953390914,11468,1,1467,31,0.68230294220364,3496239,15203,3,1343750144,0,160,223.8659638,5.57181286,0.0010000000474974513,0.0010000000474974513,223.8659638,5.57181286,0.0010000000474974513,0.0010000000474974513,,,,,56125.39715278,-999.0,-0.7175565522557342,-0.6896995648692862,0.0970932774911897,219.62611452774223,21.31087553125967,2.3850373808263963,53.464261365846696,-999,1,0,0,0,0,0,0,-999.0,-999.0,-999.0,-999.0,0,-999.0,-999.0,-999.0,-999.0,-999.0,0,-999.0,-999.0,-999.0,0,114720,-999.0,-999.0,-999.0,-999.0,0,-999.0,-999.0,-999.0,-999.0,-999.0,0,-999.0,-999.0,-999.0,0,16416,-999.0,-999.0,-999.0,-999.0,0,-999.0,-999.0,-999.0,-999.0,-999.0,0,-999.0,-999.0,-999.0,0,16416,-999.0,-999.0,-999.0,-999.0,0,-999.0,-999.0,-999.0,-999.0,-999.0,0,-999.0,-999.0,-999.0,0,16416,-999.0,-999.0,-999.0,-999.0,0,-999.0,-999.0,-999.0,-999.0,-999.0,0,-999.0,-999.0,-999.0,0,16416,0.01796115049785773
PSO J223.8660+05.5695,-999,-999,-999,114682238659903814,3496239000116317,65296387919477,0,15189953398461,11468,1,1467,31,0.986037584940007,3496239,15203,3,1343750144,0,160,223.86599068,5.56946152,0.0010000000474974513,0.0010000000474974513,223.86599068,5.56946152,0.0010000000474974513,0.0010000000474974513,,,,,55848.97178241,-999.0,-0.7175591008117896,-0.6897026621327482,0.09705243268036069,219.62691877953932,21.308646603684164,2.3820244736272698,53.46274077462158,-999,1,0,0,0,0,0,0,-999.0,-999.0,-999.0,-999.0,0,-999.0,-999.0,-999.0,-999.0,-999.0,0,-999.0,-999.0,-999.0,0,114720,-999.0,-999.0,-999.0,-999.0,0,-999.0,-999.0,-999.0,-999.0,-999.0,0,-999.0,-999.0,-999.0,0,16416,-999.0,-999.0,-999.0,-999.0,0,-999.0,-999.0,-999.0,-999.0,-999.0,0,-999.0,-999.0,-999.0,0,16416,-999.0,-999.0,-999.0,-999.0,0,-999.0,-999.0,-999.0,-999.0,-999.0,0,-999.0,-999.0,-999.0,0,16416,-999.0,-999.0,-999.0,-999.0,0,-999.0,-999.0,-999.0,-999.0,-999.0,0,-999.0,-999.0,-999.0,0,16416,0.017302127834928228
PSO J223.8664+05.5704,-999,-999,-999,114682238663674988,3496239000020788,65296387821875,0,15189953390884,11468,1,1467,31,0.901034145523826,3496239,15203,3,268959744,0,32,-999.0,-999.0,-999.0,-999.0,223.86635991,5.57044946,0.25231000781059265,0.25231000781059265,,,,,55694.32836806,-999.0,-0.7175534495618564,-0.6897061264976275,0.09706959407311394,219.62696764863477,21.309699693937258,2.383696173355107,53.46308802066058,-999,0,1,0,0,1,0,0,-999.0,-999.0,-999.0,-999.0,0,-999.0,-999.0,-999.0,-999.0,-999.0,0,-999.0,-999.0,-999.0,0,0,-999.0,-999.0,-999.0,-999.0,0,-999.0,-999.0,-999.0,-999.0,-999.0,0,-999.0,-999.0,-999.0,0,0,0.7939969897270203,21.011999130249023,0.2518639862537384,-999.0,1,21.011999130249023,21.011999130249023,20.311199188232422,0.2735689878463745,-999.0,1,21.011699676513672,0.2518639862537384,-999.0,1,4112,-999.0,-999.0,-999.0,-999.0,0,-999.0,-999.0,-999.0,-999.0,-999.0,0,-999.0,-999.0,-999.0,0,0,-999.0,-999.0,-999.0,-999.0,0,-999.0,-999.0,-999.0,-999.0,-999.0,0,-999.0,-999.0,-999.0,0,0,0.017178260083173812
PSO J223.8664+05.5687,-999,-999,-999,114682238663992898,3496239000020795,65296387821882,0,15189953400703,11468,1,1467,31,0.0388848809887514,3496239,15203,3,268959744,0,32,-999.0,-999.0,-999.0,-999.0,223.86639187,5.56870754,0.25982001423835754,0.25982001423835754,,,,,55694.32836806,-999.0,-0.7175551921491996,-0.6897085715086474,0.09703933536059592,219.62757568851654,21.30805214803958,2.381477076648224,53.461952284312375,-999,0,1,0,0,1,0,0,-999.0,-999.0,-999.0,-999.0,0,-999.0,-999.0,-999.0,-999.0,-999.0,0,-999.0,-999.0,-999.0,0,0,-999.0,-999.0,-999.0,-999.0,0,-999.0,-999.0,-999.0,-999.0,-999.0,0,-999.0,-999.0,-999.0,0,0,0.8173729777336121,21.07710075378418,0.25938498973846436,-999.0,1,21.07710075378418,21.07710075378418,-999.0,-999.0,-999.0,0,21.9242000579834,0.25938498973846436,-999.0,1,4112,-999.0,-999.0,-999.0,-999.0,0,-999.0,-999.0,-999.0,-999.0,-999.0,0,-999.0,-999.0,-999.0,0,0,-999.0,-999.0,-999.0,-999.0,0,-999.0,-999.0,-999.0,-999.0,-999.0,0,-999.0,-999.0,-999.0,0,0,0.016768533299920105
PSO J223.8664+05.5742,-999,-999,-999,114682238664039441,3496239000020796,65296387821883,0,15189953390016,11468,1,1467,31,0.153374207348911,3496239,15203,3,268959744,0,32,-999.0,-999.0,-999.0,-999.0,223.8663943,5.57415807,0.13771000504493713,0.13771000504493713,,,,,55694.35231481,-999.0,-0.7175485042580106,-0.6897022017071455,0.09713401565573088,219.62577718514285,21.3132387546086,2.3885303456377946,53.46542739120804,-999,0,1,0,1,0,0,0,-999.0,-999.0,-999.0,-999.0,0,-999.0,-999.0,-999.0,-999.0,-999.0,0,-999.0,-999.0,-999.0,0,0,0.8288819789886475,20.533000946044922,0.1368899941444397,-999.0,1,20.533000946044922,20.533000946044922,20.368499755859375,0.18805499374866486,-999.0,1,20.499300003051758,0.1368899941444397,-999.0,1,4112,-999.0,-999.0,-999.0,-999.0,0,-999.0,-999.0,-999.0,-999.0,-999.0,0,-999.0,-999.0,-999.0,0,0,-999.0,-999.0,-999.0,-999.0,0,-999.0,-999.0,-999.0,-999.0,-999.0,0,-999.0,-999.0,-999.0,0,0,-999.0,-999.0,-999.0,-999.0,0,-999.0,-999.0,-999.0,-999.0,-999.0,0,-999.0,-999.0,-999.0,0,0,0.018480949031882212
PSO J223.8665+05.5718,-999,-999,-999,114682238664686654,3496239000020806,65296387821893,0,15189953392055,11468,1,1467,31,0.366764445199412,3496239,15203,3,268959744,0,32,-999.0,-999.0,-999.0,-999.0,223.8664586,5.57183564,0.16439999639987946,0.16439999639987946,,,,,55694.35231481,-999.0,-0.7175505682288914,-0.6897057348312959,0.09709367319870559,219.62660993965622,21.31104879987369,2.385594536939843,53.46389664708576,-999,0,1,0,1,0,0,0,-999.0,-999.0,-999.0,-999.0,0,-999.0,-999.0,-999.0,-999.0,-999.0,0,-999.0,-999.0,-999.0,0,0,0.8039389848709106,20.75200080871582,0.16371500492095947,-999.0,1,20.75200080871582,20.75200080871582,20.54199981689453,0.21300700306892395,-999.0,1,20.97640037536621,0.16371500492095947,-999.0,1,4112,-999.0,-999.0,-999.0,-999.0,0,-999.0,-999.0,-999.0,-999.0,-999.0,0,-999.0,-999.0,-999.0,0,0,-999.0,-999.0,-999.0,-999.0,0,-999.0,-999.0,-999.0,-999.0,-999.0,0,-999.0,-999.0,-999.0,0,0,-999.0,-999.0,-999.0,-999.0,0,-999.0,-999.0,-999.0,-999.0,-999.0,0,-999.0,-999.0,-999.0,0,0,0.017504731748121945
PSO J223.8667+05.5681,-999,-999,-999,114682238666882159,3496239000116328,65296387919488,0,15189953400749,11468,1,1467,31,0.533586052743332,3496239,15203,3,1343750144,0,160,223.86670769,5.56809858,0.0010000000474974513,0.0010000000474974513,223.86670769,5.56809858,0.0010000000474974513,0.0010000000474974513,,,,,56041.68789352,-999.0,-0.7175521339252366,-0.6897132414153634,0.09702875715813286,219.62809790463857,21.307569514276626,2.3810262306222545,53.461321738339905,-999,1,0,0,0,0,0,0,-999.0,-999.0,-999.0,-999.0,0,-999.0,-999.0,-999.0,-999.0,-999.0,0,-999.0,-999.0,-999.0,0,114720,-999.0,-999.0,-999.0,-999.0,0,-999.0,-999.0,-999.0,-999.0,-999.0,0,-999.0,-999.0,-999.0,0,16416,-999.0,-999.0,-999.0,-999.0,0,-999.0,-999.0,-999.0,-999.0,-999.0,0,-999.0,-999.0,-999.0,0,16416,-999.0,-999.0,-999.0,-999.0,0,-999.0,-999.0,-999.0,-999.0,-999.0,0,-999.0,-999.0,-999.0,0,16416,-999.0,-999.0,-999.0,-999.0,0,-999.0,-999.0,-999.0,-999.0,-999.0,0,-999.0,-999.0,-999.0,0,16416,0.01636545196019997
PSO J223.8669+05.5691,-999,-999,-999,114682238668983397,3496239000020869,65296387821956,0,15189953400514,11468,1,1467,31,0.759234139471533,3496239,15203,3,268959744,0,32,-999.0,-999.0,-999.0,-999.0,223.86688842,5.56912143,0.22338999807834625,0.22338999807834625,,,,,55694.35231481,-999.0,-0.7175487094128665,-0.6897143043344617,0.09704652500918892,219.6279436476988,21.30859806897551,2.3825419934166487,53.4618357453319,-999,0,1,0,1,0,0,0,-999.0,-999.0,-999.0,-999.0,0,-999.0,-999.0,-999.0,-999.0,-999.0,0,-999.0,-999.0,-999.0,0,0,0.7941250205039978,21.122299194335938,0.2228810042142868,-999.0,1,21.122299194335938,21.122299194335938,-999.0,-999.0,-999.0,0,21.310699462890625,0.2228810042142868,-999.0,1,4112,-999.0,-999.0,-999.0,-999.0,0,-999.0,-999.0,-999.0,-999.0,-999.0,0,-999.0,-999.0,-999.0,0,0,-999.0,-999.0,-999.0,-999.0,0,-999.0,-999.0,-999.0,-999.0,-999.0,0,-999.0,-999.0,-999.0,0,0,-999.0,-999.0,-999.0,-999.0,0,-999.0,-999.0,-999.0,-999.0,-999.0,0,-999.0,-999.0,-999.0,0,0,0.016358323088425074
PSO J223.8904+05.5924,-999,-999,-999,114712238904161389,3496239000116810,65296387919970,0,15189956780534,11471,1,1467,31,0.854148142835263,3496239,15203,3,1075314688,0,128,223.89041205,5.59244143,0.0010000000474974513,0.0010000000474974513,223.89041205,5.59244143,0.0010000000474974513,0.0010000000474974513,,,,,56240.23631944,-999.0,-0.7172369515044961,-0.6899814053798836,0.09745160658777187,219.64415099736146,21.337992033109675,2.437788677431447,53.45867111842169,-999,1,0,0,0,0,0,0,-999.0,-999.0,-999.0,-999.0,0,-999.0,-999.0,-999.0,-999.0,-999.0,0,-999.0,-999.0,-999.0,0,32,-999.0,-999.0,-999.0,-999.0,0,-999.0,-999.0,-999.0,-999.0,-999.0,0,-999.0,-999.0,-999.0,0,32,-999.0,-999.0,-999.0,-999.0,0,-999.0,-999.0,-999.0,-999.0,-999.0,0,-999.0,-999.0,-999.0,0,32800,-999.0,-999.0,-999.0,-999.0,0,-999.0,-999.0,-999.0,-999.0,-999.0,0,-999.0,-999.0,-999.0,0,32,-999.0,-999.0,-999.0,-999.0,0,-999.0,-999.0,-999.0,-999.0,-999.0,0,-999.0,-999.0,-999.0,0,32,0.02755909749623397
PSO J223.8905+05.5952,-999,-999,-999,114712238904634585,3496239000116812,65296387919972,0,15189956813718,11471,1,1467,31,0.846214830732173,3496239,15203,3,1343750144,0,160,223.89046695,5.59515127,0.0010000000474974513,0.0010000000474974513,223.89046695,5.59515127,0.0010000000474974513,0.0010000000474974513,,,,,55903.57239583,-999.0,-0.7172329679945276,-0.6899788964933102,0.0974986769942798,219.64331143227585,21.34058716020488,2.441354309870532,53.46035614836469,-999,2,0,0,0,0,0,0,-999.0,-999.0,-999.0,-999.0,0,-999.0,-999.0,-999.0,-999.0,-999.0,0,-999.0,-999.0,-999.0,0,114720,-999.0,-999.0,-999.0,-999.0,0,-999.0,-999.0,-999.0,-999.0,-999.0,0,-999.0,-999.0,-999.0,0,16416,-999.0,-999.0,-999.0,-999.0,0,-999.0,-999.0,-999.0,-999.0,-999.0,0,-999.0,-999.0,-999.0,0,16416,-999.0,-999.0,-999.0,-999.0,0,-999.0,-999.0,-999.0,-999.0,-999.0,0,-999.0,-999.0,-999.0,0,16416,-999.0,-999.0,-999.0,-999.0,0,-999.0,-999.0,-999.0,-999.0,-999.0,0,-999.0,-999.0,-999.0,0,16416,0.030192168884449515
PSO J223.8904+05.5928,-999,-999,-999,114712238904751845,3496239000024720,65296387825807,0,15189956780382,11471,1,1467,31,0.429575996873505,3496239,15203,3,310456320,0,37,-999.0,-999.0,-999.0,-999.0,223.890438,5.59281305,0.08928000181913376,0.08928000181913376,,,,,56785.37768519,-999.0,-0.7172361834756653,-0.6899812920084419,0.09745806170668017,219.64405459093467,21.338353564311173,2.438297267564122,53.45888807804234,-999,0,1,0,0,1,0,0,-999.0,-999.0,-999.0,-999.0,0,-999.0,-999.0,-999.0,-999.0,-999.0,0,-999.0,-999.0,-999.0,0,0,-999.0,-999.0,-999.0,-999.0,0,-999.0,-999.0,-999.0,-999.0,-999.0,0,-999.0,-999.0,-999.0,0,0,0.9971550107002258,20.773000717163086,0.08800599724054337,-999.0,1,20.773000717163086,20.773000717163086,20.07110023498535,0.10579899698495865,-999.0,1,20.031700134277344,0.08800599724054337,-999.0,1,16777496,-999.0,-999.0,-999.0,-999.0,0,-999.0,-999.0,-999.0,-999.0,-999.0,0,-999.0,-999.0,-999.0,0,0,-999.0,-999.0,-999.0,-999.0,0,-999.0,-999.0,-999.0,-999.0,-999.0,0,-999.0,-999.0,-999.0,0,0,0.02792416890803681
PSO J223.8922+05.5963,-999,-999,-999,114712238922735946,3496239000025023,65296387826110,0,15189956816873,11471,1,1467,31,0.341423440111264,3496239,15203,3,268959744,0,32,-999.0,-999.0,-999.0,-999.0,223.89224864,5.59625249,0.25644001364707947,0.25644001364707947,,,,,55607.67020833,-999.0,-0.7172101612571455,-0.689999900170228,0.09751780532074462,219.64475890474463,21.342180657302535,2.444677705523306,53.459691551416974,-999,0,1,0,0,0,1,0,-999.0,-999.0,-999.0,-999.0,0,-999.0,-999.0,-999.0,-999.0,-999.0,0,-999.0,-999.0,-999.0,0,0,-999.0,-999.0,-999.0,-999.0,0,-999.0,-999.0,-999.0,-999.0,-999.0,0,-999.0,-999.0,-999.0,0,0,-999.0,-999.0,-999.0,-999.0,0,-999.0,-999.0,-999.0,-999.0,-999.0,0,-999.0,-999.0,-999.0,0,0,0.7706289887428284,21.01740074157715,0.2560020089149475,-999.0,1,21.01740074157715,21.01740074157715,-999.0,-999.0,-999.0,0,22.711200714111328,0.2560020089149475,-999.0,1,4112,-999.0,-999.0,-999.0,-999.0,0,-999.0,-999.0,-999.0,-999.0,-999.0,0,-999.0,-999.0,-999.0,0,0,0.031729017476946446
PSO J223.8926+05.5929,-999,-999,-999,114712238926112087,3496239000025085,65296387826172,0,15189956784018,11471,1,1467,31,0.343875800579671,3496239,15203,3,310456320,0,37,-999.0,-999.0,-999.0,-999.0,223.89258797,5.59293086,0.042100001126527786,0.042100001126527786,,,,,56785.39645833,21.520000457763672,-0.7172101476634045,-0.6900080661989254,0.0974601080907298,219.64620138935774,21.339124176625926,2.440740217292051,53.45731435406364,-999,0,2,0,0,2,0,0,-999.0,-999.0,-999.0,-999.0,0,-999.0,-999.0,-999.0,-999.0,-999.0,0,-999.0,-999.0,-999.0,0,0,-999.0,-999.0,-999.0,-999.0,0,-999.0,-999.0,-999.0,-999.0,-999.0,0,-999.0,-999.0,-999.0,0,0,0.9976900219917297,20.314699172973633,0.03318199887871742,0.04700100049376488,2,20.283300399780273,20.349700927734375,18.866899490356445,0.034883998334407806,0.04936600103974342,2,19.296899795532227,0.033796001225709915,0.047871001064777374,2,16777496,-999.0,-999.0,-999.0,-999.0,0,-999.0,-999.0,-999.0,-999.0,-999.0,0,-999.0,-999.0,-999.0,0,0,-999.0,-999.0,-999.0,-999.0,0,-999.0,-999.0,-999.0,-999.0,-999.0,0,-999.0,-999.0,-999.0,0,0,0.02867710691197724
PSO J223.8929+05.5915,-999,-999,-999,114712238929220213,3496239000025122,65296387826209,0,15189956781428,11471,1,1467,31,0.415682346947195,3496239,15203,3,310456320,0,37,-999.0,-999.0,-999.0,-999.0,223.89290316,5.59145341,0.16227999329566956,0.16227999329566956,,,,,56721.58826389,-999.0,-0.7172081626716542,-0.6900137537991948,0.0974344444490462,219.647009972196,21.33781497011437,2.4391639652589245,53.45613097390812,-999,0,1,1,0,0,0,0,0.9989129900932312,21.47480010986328,0.1615860015153885,-999.0,1,21.47480010986328,21.47480010986328,19.84589958190918,0.10168299823999405,-999.0,1,20.36240005493164,0.1615860015153885,-999.0,1,16777496,-999.0,-999.0,-999.0,-999.0,0,-999.0,-999.0,-999.0,-999.0,-999.0,0,-999.0,-999.0,-999.0,0,0,-999.0,-999.0,-999.0,-999.0,0,-999.0,-999.0,-999.0,-999.0,-999.0,0,-999.0,-999.0,-999.0,0,0,-999.0,-999.0,-999.0,-999.0,0,-999.0,-999.0,-999.0,-999.0,-999.0,0,-999.0,-999.0,-999.0,0,0,-999.0,-999.0,-999.0,-999.0,0,-999.0,-999.0,-999.0,-999.0,-999.0,0,-999.0,-999.0,-999.0,0,0,0.027399561205993656
PSO J223.8940+05.5941,-999,-999,-999,114712238939283416,3496239000116879,65296387920039,0,15189956782518,11471,1,1467,31,0.336148725204308,3496239,15203,3,1477967872,0,176,223.89399529,5.59413069,0.0010000000474974513,0.0010000000474974513,223.89399529,5.59413069,0.0010000000474974513,0.0010000000474974513,,,,,55904.10259259,-999.0,-0.7171917283293359,-0.6900242672018103,0.0974809493623484,219.64723569713053,21.34069681717309,2.443792220222112,53.45699973883811,-999,2,0,0,0,0,0,0,-999.0,-999.0,-999.0,-999.0,0,-999.0,-999.0,-999.0,-999.0,-999.0,0,-999.0,-999.0,-999.0,0,114720,-999.0,-999.0,-999.0,-999.0,0,-999.0,-999.0,-999.0,-999.0,-999.0,0,-999.0,-999.0,-999.0,0,16416,-999.0,-999.0,-999.0,-999.0,0,-999.0,-999.0,-999.0,-999.0,-999.0,0,-999.0,-999.0,-999.0,0,16416,-999.0,-999.0,-999.0,-999.0,0,-999.0,-999.0,-999.0,-999.0,-999.0,0,-999.0,-999.0,-999.0,0,16416,-999.0,-999.0,-999.0,-999.0,0,-999.0,-999.0,-999.0,-999.0,-999.0,0,-999.0,-999.0,-999.0,0,16416,0.030288659430570023
PSO J223.8941+05.5948,-999,-999,-999,114712238941274249,3496239000106637,65296387907726,0,15189956814459,11471,1,1467,31,0.104741821163094,3496239,15203,3,268959744,0,32,-999.0,-999.0,-999.0,-999.0,223.8941162,5.59482896,0.26166999340057373,0.26166999340057373,,,,,55694.32760417,-999.0,-0.7171894160244099,-0.6900249569415057,0.09749307842323474,219.64712790777938,21.341398231075214,2.4448247332182285,53.45735202257949,-999,0,1,0,0,1,0,0,-999.0,-999.0,-999.0,-999.0,0,-999.0,-999.0,-999.0,-999.0,-999.0,0,-999.0,-999.0,-999.0,0,0,-999.0,-999.0,-999.0,-999.0,0,-999.0,-999.0,-999.0,-999.0,-999.0,0,-999.0,-999.0,-999.0,0,0,0.6763880252838135,21.11009979248047,0.26124000549316406,-999.0,1,21.11009979248047,21.11009979248047,-999.0,-999.0,-999.0,1,20.892799377441406,0.26124000549316406,-999.0,1,4112,-999.0,-999.0,-999.0,-999.0,0,-999.0,-999.0,-999.0,-999.0,-999.0,0,-999.0,-999.0,-999.0,0,0,-999.0,-999.0,-999.0,-999.0,0,-999.0,-999.0,-999.0,-999.0,-999.0,0,-999.0,-999.0,-999.0,0,0,0.03098355361121873
PSO J223.8944+05.5933,-999,-999,-999,114712238944312449,3496239000025357,65296387826444,0,15189956783083,11471,1,1467,31,0.332406624529889,3496239,15203,3,310456320,0,37,-999.0,-999.0,-999.0,-999.0,223.8943941,5.59331605,0.07154999673366547,0.07154999673366547,,,,,56785.37768519,-999.0,-0.717187924069709,-0.6900302201188764,0.09746679891776698,219.64791030283808,21.3400438615021,2.443162755728273,53.45617469385709,-999,0,1,0,0,1,0,0,-999.0,-999.0,-999.0,-999.0,0,-999.0,-999.0,-999.0,-999.0,-999.0,0,-999.0,-999.0,-999.0,0,0,-999.0,-999.0,-999.0,-999.0,0,-999.0,-999.0,-999.0,-999.0,-999.0,0,-999.0,-999.0,-999.0,0,0,0.10604800283908844,20.52429962158203,0.06996099650859833,-999.0,1,20.52429962158203,20.52429962158203,18.665800094604492,0.036017000675201416,-999.0,1,19.21619987487793,0.06996099650859833,-999.0,1,16777752,-999.0,-999.0,-999.0,-999.0,0,-999.0,-999.0,-999.0,-999.0,-999.0,0,-999.0,-999.0,-999.0,0,0,-999.0,-999.0,-999.0,-999.0,0,-999.0,-999.0,-999.0,-999.0,-999.0,0,-999.0,-999.0,-999.0,0,0,0.02967989465881012
PSO J223.8948+05.5916,-999,-999,-999,114712238948330360,3496239000106639,65296387907728,0,15189956784399,11471,1,1467,31,0.250487912679546,3496239,15203,3,436285440,0,52,223.89480969,5.59156269,0.0010000000474974513,0.0010000000474974513,223.89481627,5.59159069,0.1862500011920929,0.1862500011920929,,,,,55239.58606481,-999.0,-0.7171849544347512,-0.6900375391815519,0.09743682903652093,219.64890954651412,21.338531535536394,2.441379623221278,53.454751295077,-999,6,1,0,0,0,0,1,-999.0,-999.0,-999.0,-999.0,0,-999.0,-999.0,-999.0,-999.0,-999.0,0,-999.0,-999.0,-999.0,0,16416,-999.0,-999.0,-999.0,-999.0,0,-999.0,-999.0,-999.0,-999.0,-999.0,0,-999.0,-999.0,-999.0,0,16416,-999.0,-999.0,-999.0,-999.0,0,-999.0,-999.0,-999.0,-999.0,-999.0,0,-999.0,-999.0,-999.0,0,114720,-999.0,-999.0,-999.0,-999.0,0,-999.0,-999.0,-999.0,-999.0,-999.0,0,-999.0,-999.0,-999.0,0,114720,0.9987969994544983,20.019100189208984,0.18564699590206146,-999.0,1,20.019100189208984,20.019100189208984,19.7189998626709,0.2868489921092987,-999.0,1,19.67919921875,0.18564699590206146,-999.0,1,115000,0.028265402722402817
PSO J223.8949+05.5934,-999,-999,-999,114712238948862574,3496239000025436,65296387826523,0,15189956782932,11471,1,1467,31,0.323218874003011,3496239,15203,3,310456320,0,37,-999.0,-999.0,-999.0,-999.0,223.8948541,5.59342243,0.023490000516176224,0.023490000516176224,,,,,56787.37760417,-999.0,-0.7171822537220487,-0.6900358525795411,0.09746864675878361,219.64834281110086,21.340285967331155,2.443790439036888,53.455889703719514,-999,0,1,0,0,1,0,0,-999.0,-999.0,-999.0,-999.0,0,-999.0,-999.0,-999.0,-999.0,-999.0,0,-999.0,-999.0,-999.0,0,0,-999.0,-999.0,-999.0,-999.0,0,-999.0,-999.0,-999.0,-999.0,-999.0,0,-999.0,-999.0,-999.0,0,0,0.0,18.94219970703125,0.018079999834299088,-999.0,1,18.94219970703125,18.94219970703125,15.834699630737305,0.008466999977827072,-999.0,1,17.493900299072266,0.018079999834299088,-999.0,1,16777752,-999.0,-999.0,-999.0,-999.0,0,-999.0,-999.0,-999.0,-999.0,-999.0,0,-999.0,-999.0,-999.0,0,0,-999.0,-999.0,-999.0,-999.0,0,-999.0,-999.0,-999.0,-999.0,-999.0,0,-999.0,-999.0,-999.0,0,0,0.029955568862074487
PSO J223.8949+05.5941,-999,-999,-999,114712238948863407,3496239000025435,65296387826522,0,15189956782200,11471,1,1467,31,0.639102255589424,3496239,15203,3,268959744,0,32,-999.0,-999.0,-999.0,-999.0,223.89487242,5.59412244,0.18791000545024872,0.18791000545024872,,,,,55609.56458333,-999.0,-0.7171811749120292,-0.6900352562021714,0.09748080605845055,219.6481301536085,21.340957616206666,2.4447158952730734,53.45632177764912,-999,0,1,0,0,0,1,0,-999.0,-999.0,-999.0,-999.0,0,-999.0,-999.0,-999.0,-999.0,-999.0,0,-999.0,-999.0,-999.0,0,0,-999.0,-999.0,-999.0,-999.0,0,-999.0,-999.0,-999.0,-999.0,-999.0,0,-999.0,-999.0,-999.0,0,0,-999.0,-999.0,-999.0,-999.0,0,-999.0,-999.0,-999.0,-999.0,-999.0,0,-999.0,-999.0,-999.0,0,0,0.6864820122718811,19.988399505615234,0.1873140037059784,-999.0,1,19.988399505615234,19.988399505615234,-999.0,-999.0,-999.0,0,20.05389976501465,0.1873140037059784,-999.0,1,4112,-999.0,-999.0,-999.0,-999.0,0,-999.0,-999.0,-999.0,-999.0,-999.0,0,-999.0,-999.0,-999.0,0,0,0.030607274730021894
PSO J223.8949+05.5966,-999,-999,-999,114712238949226382,3496239000025441,65296387826528,0,15189956814290,11471,1,1467,31,0.686766987374767,3496239,15203,3,268959744,0,32,-999.0,-999.0,-999.0,-999.0,223.89490931,5.59660888,0.2315800040960312,0.2315800040960312,,,,,55609.57840278,-999.0,-0.7171776815248985,-0.6900327842616012,0.09752399585104053,219.64734612449539,21.343334683147752,2.4479732534322065,53.45787806470031,-999,0,1,0,0,0,1,0,-999.0,-999.0,-999.0,-999.0,0,-999.0,-999.0,-999.0,-999.0,-999.0,0,-999.0,-999.0,-999.0,0,0,-999.0,-999.0,-999.0,-999.0,0,-999.0,-999.0,-999.0,-999.0,-999.0,0,-999.0,-999.0,-999.0,0,0,-999.0,-999.0,-999.0,-999.0,0,-999.0,-999.0,-999.0,-999.0,-999.0,0,-999.0,-999.0,-999.0,0,0,0.6831200122833252,18.312999725341797,0.2310969978570938,-999.0,1,18.312999725341797,18.312999725341797,-999.0,-999.0,-999.0,0,18.5044002532959,0.2310969978570938,-999.0,1,4112,-999.0,-999.0,-999.0,-999.0,0,-999.0,-999.0,-999.0,-999.0,-999.0,0,-999.0,-999.0,-999.0,0,0,0.03292814220802765
PSO J223.8953+05.5933,-999,-999,-999,114712238952052481,3496239000025497,65296387826584,0,15189956782916,11471,1,1467,31,0.962573955732001,3496239,15203,3,310456320,0,37,-999.0,-999.0,-999.0,-999.0,223.89525309,5.59328597,0.019300000742077827,0.019300000742077827,,,,,56787.39474537,232.0229949951172,-0.7171776157886043,-0.6900410077467414,0.09746627642233303,219.64879352815927,21.340278331460905,2.4440388504061077,53.455496736607365,-999,0,2,0,0,2,0,0,-999.0,-999.0,-999.0,-999.0,0,-999.0,-999.0,-999.0,-999.0,-999.0,0,-999.0,-999.0,-999.0,0,0,-999.0,-999.0,-999.0,-999.0,0,-999.0,-999.0,-999.0,-999.0,-999.0,0,-999.0,-999.0,-999.0,0,0,0.0,19.17840003967285,3.999999989900971e-06,-999.0,1,19.17009925842285,19.17009925842285,16.57939910888672,0.2922160029411316,0.41325899958610535,2,18.114599227905273,0.012768999673426151,0.018521999940276146,2,16777752,-999.0,-999.0,-999.0,-999.0,0,-999.0,-999.0,-999.0,-999.0,-999.0,0,-999.0,-999.0,-999.0,0,0,-999.0,-999.0,-999.0,-999.0,0,-999.0,-999.0,-999.0,-999.0,-999.0,0,-999.0,-999.0,-999.0,0,0,0.029989459202162526
PSO J223.8954+05.5937,-999,-999,-999,114712238953733046,3496239000025524,65296387826611,0,15189956782249,11471,1,1467,31,0.177343349137663,3496239,15203,3,1343750144,0,160,223.89536809,5.59373428,0.0010000000474974513,0.0010000000474974513,223.89536809,5.59373428,0.0010000000474974513,0.0010000000474974513,,,,,56049.1580787,-999.0,-0.7171756812121974,-0.6900419184318752,0.09747406365119818,219.6487623227838,21.34074010672536,2.444741538703213,53.45569425132236,-999,2,1,0,0,0,1,0,-999.0,-999.0,-999.0,-999.0,0,-999.0,-999.0,-999.0,-999.0,-999.0,0,-999.0,-999.0,-999.0,0,16416,-999.0,-999.0,-999.0,-999.0,0,-999.0,-999.0,-999.0,-999.0,-999.0,0,-999.0,-999.0,-999.0,0,16416,-999.0,-999.0,-999.0,-999.0,0,-999.0,-999.0,-999.0,-999.0,-999.0,0,-999.0,-999.0,-999.0,0,114720,0.6544240117073059,20.53059959411621,0.29170098900794983,-999.0,1,20.53059959411621,20.53059959411621,-999.0,-999.0,-999.0,0,21.45549964904785,0.29170098900794983,-999.0,1,20528,-999.0,-999.0,-999.0,-999.0,0,-999.0,-999.0,-999.0,-999.0,-999.0,0,-999.0,-999.0,-999.0,0,16416,0.03044566908669093
PSO J223.8955+05.5924,-999,-999,-999,114712238954971353,3496239000025540,65296387826627,0,15189956784562,11471,1,1467,31,0.463321949786806,3496239,15203,3,277348352,0,33,-999.0,-999.0,-999.0,-999.0,223.89548655,5.59241789,0.05621999874711037,0.05621999874711037,,,,,55306.34664352,-999.0,-0.7171758681443001,-0.6900449537672954,0.0974511976927974,219.64931768119965,21.339523882102164,2.4431641160692124,53.45476444491939,-999,0,1,0,1,0,0,0,-999.0,-999.0,-999.0,-999.0,0,-999.0,-999.0,-999.0,-999.0,-999.0,0,-999.0,-999.0,-999.0,0,0,0.5787379741668701,19.216899871826172,0.05417700111865997,-999.0,1,19.216899871826172,19.216899871826172,19.14889907836914,0.04489099979400635,-999.0,1,18.940799713134766,0.05417700111865997,-999.0,1,16781328,-999.0,-999.0,-999.0,-999.0,0,-999.0,-999.0,-999.0,-999.0,-999.0,0,-999.0,-999.0,-999.0,0,0,-999.0,-999.0,-999.0,-999.0,0,-999.0,-999.0,-999.0,-999.0,-999.0,0,-999.0,-999.0,-999.0,0,0,-999.0,-999.0,-999.0,-999.0,0,-999.0,-999.0,-999.0,-999.0,-999.0,0,-999.0,-999.0,-999.0,0,0,0.029296336147931937
PSO J223.8960+05.5930,-999,-999,-999,114712238960372064,3496239000025631,65296387826718,0,15189956784196,11471,1,1467,31,0.265082775862033,3496239,15203,3,268959744,0,32,-999.0,-999.0,-999.0,-999.0,223.89600745,5.59302036,0.055969998240470886,0.055969998240470886,,,,,55306.35479167,-999.0,-0.7171688561827287,-0.6900507633650144,0.09746166272395275,219.64964820112888,21.340256652697622,2.4444986575785395,53.45474891353836,-999,0,1,0,1,0,0,0,-999.0,-999.0,-999.0,-999.0,0,-999.0,-999.0,-999.0,-999.0,-999.0,0,-999.0,-999.0,-999.0,0,0,0.4891909956932068,19.045400619506836,0.05392099916934967,-999.0,1,19.045400619506836,19.045400619506836,19.219100952148438,0.045534998178482056,-999.0,1,18.89590072631836,0.05392099916934967,-999.0,1,4112,-999.0,-999.0,-999.0,-999.0,0,-999.0,-999.0,-999.0,-999.0,-999.0,0,-999.0,-999.0,-999.0,0,0,-999.0,-999.0,-999.0,-999.0,0,-999.0,-999.0,-999.0,-999.0,-999.0,0,-999.0,-999.0,-999.0,0,0,-999.0,-999.0,-999.0,-999.0,0,-999.0,-999.0,-999.0,-999.0,-999.0,0,-999.0,-999.0,-999.0,0,0,0.030062590377532325
PSO J223.8963+05.5944,-999,-999,-999,114712238963453758,3496239000025677,65296387826764,0,15189956782094,11471,1,1467,31,0.624935053870953,3496239,15203,3,277348352,0,33,-999.0,-999.0,-999.0,-999.0,223.89632636,5.59442555,0.07325000315904617,0.07325000315904617,,,,,55305.54534722,-999.0,-0.7171632926979301,-0.6900530976254358,0.09748607112918102,219.64950815606548,21.341691323746186,2.44665690772356,53.45539985197551,-999,0,1,1,0,0,0,0,0.5579230189323425,20.345399856567383,0.0716949999332428,-999.0,1,20.345399856567383,20.345399856567383,19.763399124145508,0.0489949993789196,-999.0,1,19.650699615478516,0.0716949999332428,-999.0,1,16781336,-999.0,-999.0,-999.0,-999.0,0,-999.0,-999.0,-999.0,-999.0,-999.0,0,-999.0,-999.0,-999.0,0,0,-999.0,-999.0,-999.0,-999.0,0,-999.0,-999.0,-999.0,-999.0,-999.0,0,-999.0,-999.0,-999.0,0,0,-999.0,-999.0,-999.0,-999.0,0,-999.0,-999.0,-999.0,-999.0,-999.0,0,-999.0,-999.0,-999.0,0,0,-999.0,-999.0,-999.0,-999.0,0,-999.0,-999.0,-999.0,-999.0,-999.0,0,-999.0,-999.0,-999.0,0,0,0.031469103067259925
PSO J223.8969+05.5939,-999,-999,-999,114712238968603136,3496239000025757,65296387826844,0,15189956784175,11471,1,1467,31,0.265795924948338,3496239,15203,3,1343750144,0,160,223.896857,5.59386878,0.0010000000474974513,0.0010000000474974513,223.896857,5.59386878,0.0010000000474974513,0.0010000000474974513,,,,,56038.45731481,-999.0,-0.7171575843921323,-0.690060396344786,0.0974763999402853,219.65023158634955,21.341324093100287,2.4465015622512323,53.45463805182267,-999,2,1,0,0,0,0,1,-999.0,-999.0,-999.0,-999.0,0,-999.0,-999.0,-999.0,-999.0,-999.0,0,-999.0,-999.0,-999.0,0,16416,-999.0,-999.0,-999.0,-999.0,0,-999.0,-999.0,-999.0,-999.0,-999.0,0,-999.0,-999.0,-999.0,0,16416,-999.0,-999.0,-999.0,-999.0,0,-999.0,-999.0,-999.0,-999.0,-999.0,0,-999.0,-999.0,-999.0,0,114720,-999.0,-999.0,-999.0,-999.0,0,-999.0,-999.0,-999.0,-999.0,-999.0,0,-999.0,-999.0,-999.0,0,16416,0.6799880266189575,21.359699249267578,0.3941879868507385,-999.0,1,21.359699249267578,21.359699249267578,-999.0,-999.0,-999.0,0,-999.0,-999.0,-999.0,0,20536,0.03119495323838812
PSO J223.8970+05.5929,-999,-999,-999,114712238971022010,3496239000025797,65296387826884,0,15189956784985,11471,1,1467,31,0.333943002236954,3496239,15203,3,436527104,7,52,223.89699925,5.59292707,0.0010000000474974513,0.0010000000474974513,223.89697196067894,5.59292375362519,0.005512178865192054,0.005603432091387623,-9.875588799986838,-19.303827303032985,4.636453169367123,4.736657462215879,56255.64408985934,2.743593215942383,-0.7171573582577244,-0.6900629499462516,0.09745998465154224,219.65065985713736,21.34045647645938,2.4453948171566453,53.453946989143724,-999,10,52,6,7,14,11,14,0.9987350106239319,20.79829978942871,0.023181000724434853,0.08008299767971039,4,20.756099700927734,20.92889976501465,20.802200317382812,0.04232700169086456,0.09428899735212326,4,20.75629997253418,0.0552930012345314,0.13135099411010742,4,115000,0.9991570115089417,20.204299926757812,0.02759700082242489,0.09398999810218811,6,20.059099197387695,20.33769989013672,20.24799919128418,0.06779800355434418,0.27598199248313904,6,20.133399963378906,0.05840500071644783,0.181099995970726,6,115000,0.9991359710693359,19.90130043029785,0.019128000363707542,0.09920699894428253,9,19.69659996032715,20.00149917602539,19.989599227905273,0.040091998875141144,0.27108100056648254,9,19.866199493408203,0.026200000196695328,0.12756000459194183,9,115000,0.999638020992279,19.73110008239746,0.027403999119997025,0.1015549972653389,11,19.59440040588379,19.961999893188477,19.797500610351562,0.036963000893592834,0.14923399686813354,11,19.723600387573242,0.024792000651359558,0.08001799881458282,11,115000,0.999098002910614,19.59869956970215,0.042233001440763474,0.15286999940872192,12,19.247400283813477,19.831100463867188,19.585399627685547,0.05928400158882141,0.22946999967098236,12,19.485200881958008,0.07824700325727463,0.18783600628376007,12,115000,0.030402340922598373
PSO J223.8973+05.5971,-999,-999,-999,114712238972277011,3496239000116929,65296387920089,0,15189956818290,11471,1,1467,31,0.0740022306088379,3496239,15203,3,1075314688,0,128,223.89725267,5.59714452,0.0010000000474974513,0.0010000000474974513,223.89725267,5.59714452,0.0010000000474974513,0.0010000000474974513,,,,,55928.96719907,-999.0,-0.717148802031326,-0.6900614835962096,0.0975332999648437,219.64955155382833,21.344562047648566,2.4511625651045987,53.45642209674964,-999,1,0,0,0,0,0,0,-999.0,-999.0,-999.0,-999.0,0,-999.0,-999.0,-999.0,-999.0,-999.0,0,-999.0,-999.0,-999.0,0,32800,-999.0,-999.0,-999.0,-999.0,0,-999.0,-999.0,-999.0,-999.0,-999.0,0,-999.0,-999.0,-999.0,0,32,-999.0,-999.0,-999.0,-999.0,0,-999.0,-999.0,-999.0,-999.0,-999.0,0,-999.0,-999.0,-999.0,0,32,-999.0,-999.0,-999.0,-999.0,0,-999.0,-999.0,-999.0,-999.0,-999.0,0,-999.0,-999.0,-999.0,0,32,-999.0,-999.0,-999.0,-999.0,0,-999.0,-999.0,-999.0,-999.0,-999.0,0,-999.0,-999.0,-999.0,0,32,0.03432472834481833
PSO J223.8974+05.5937,-999,-999,-999,114712238973902868,3496239000025835,65296387826922,0,15189956777058,11471,1,1467,31,0.225560979196393,3496239,15203,3,310456320,0,37,-999.0,-999.0,-999.0,-999.0,223.89735711,5.59366131,0.026590000838041306,0.026590000838041306,,,,,56787.38965278,-999.0,-0.717151815463226,-0.6900669008065039,0.09747279614900549,219.65080857121794,21.341279859264922,2.446765751707877,53.4541222713952,-999,0,1,0,0,1,0,0,-999.0,-999.0,-999.0,-999.0,0,-999.0,-999.0,-999.0,-999.0,-999.0,0,-999.0,-999.0,-999.0,0,0,-999.0,-999.0,-999.0,-999.0,0,-999.0,-999.0,-999.0,-999.0,-999.0,0,-999.0,-999.0,-999.0,0,0,0.0,19.243099212646484,0.021959999576210976,-999.0,1,19.243099212646484,19.243099212646484,16.854299545288086,0.014546000398695469,-999.0,1,18.136899948120117,0.021959999576210976,-999.0,1,16777752,-999.0,-999.0,-999.0,-999.0,0,-999.0,-999.0,-999.0,-999.0,-999.0,0,-999.0,-999.0,-999.0,0,0,-999.0,-999.0,-999.0,-999.0,0,-999.0,-999.0,-999.0,-999.0,-999.0,0,-999.0,-999.0,-999.0,0,0,0.0312335498294329
PSO J223.8978+05.5974,-999,-999,-999,114712238977437379,3496239000116934,65296387920094,0,15189956818192,11471,1,1467,31,0.625371756614532,3496239,15203,3,1343750144,0,160,223.89776004,5.59743774,0.0010000000474974513,0.0010000000474974513,223.89776004,5.59743774,0.0010000000474974513,0.0010000000474974513,,,,,55878.17760417,-999.0,-0.7171423316375596,-0.6900674880197041,0.09753839321836383,219.64997050120127,21.344996431216444,2.4520824769426093,53.456219796564426,-999,1,0,0,0,0,0,0,-999.0,-999.0,-999.0,-999.0,0,-999.0,-999.0,-999.0,-999.0,-999.0,0,-999.0,-999.0,-999.0,0,114720,-999.0,-999.0,-999.0,-999.0,0,-999.0,-999.0,-999.0,-999.0,-999.0,0,-999.0,-999.0,-999.0,0,16416,-999.0,-999.0,-999.0,-999.0,0,-999.0,-999.0,-999.0,-999.0,-999.0,0,-999.0,-999.0,-999.0,0,16416,-999.0,-999.0,-999.0,-999.0,0,-999.0,-999.0,-999.0,-999.0,-999.0,0,-999.0,-999.0,-999.0,0,16416,-999.0,-999.0,-999.0,-999.0,0,-999.0,-999.0,-999.0,-999.0,-999.0,0,-999.0,-999.0,-999.0,0,16416,0.0348020667041888
PSO J223.8980+05.5961,-999,-999,-999,114712238979775751,3496239000025929,65296387827016,0,15189956807247,11471,1,1467,31,0.467874767694506,3496239,15203,3,277348352,0,33,-999.0,-999.0,-999.0,-999.0,223.89795808,5.59608599,0.026909999549388885,0.026909999549388885,,,,,55305.54534722,-999.0,-0.717141604419797,-0.6900715621689224,0.09751491319763474,219.65061845943532,21.343770933308004,2.4505438752151405,53.455206513759165,-999,0,1,1,0,0,0,0,0.65448397397995,18.719900131225586,0.02233700081706047,-999.0,1,18.719900131225586,18.719900131225586,-999.0,-999.0,-999.0,0,18.437299728393555,0.02233700081706047,-999.0,1,16781336,-999.0,-999.0,-999.0,-999.0,0,-999.0,-999.0,-999.0,-999.0,-999.0,0,-999.0,-999.0,-999.0,0,0,-999.0,-999.0,-999.0,-999.0,0,-999.0,-999.0,-999.0,-999.0,-999.0,0,-999.0,-999.0,-999.0,0,0,-999.0,-999.0,-999.0,-999.0,0,-999.0,-999.0,-999.0,-999.0,-999.0,0,-999.0,-999.0,-999.0,0,0,-999.0,-999.0,-999.0,-999.0,0,-999.0,-999.0,-999.0,-999.0,-999.0,0,-999.0,-999.0,-999.0,0,0,0.03366818324258511
PSO J223.8983+05.5963,-999,-999,-999,114712238983545972,3496239000025980,65296387827067,0,15189956807282,11471,1,1467,31,0.128166622601605,3496239,15203,3,277348352,0,33,-999.0,-999.0,-999.0,-999.0,223.89833068,5.5962651,0.028459999710321426,0.028459999710321426,,,,,55305.53513889,-999.0,-0.7171368971418848,-0.6900760144238203,0.09751802435778263,219.6509380928752,21.344055466868546,2.451172538188494,53.45503487047046,-999,0,1,1,0,0,0,0,0.669497013092041,18.87019920349121,0.024181000888347626,-999.0,1,18.87019920349121,18.87019920349121,-999.0,-999.0,-999.0,0,18.624399185180664,0.024181000888347626,-999.0,1,16781336,-999.0,-999.0,-999.0,-999.0,0,-999.0,-999.0,-999.0,-999.0,-999.0,0,-999.0,-999.0,-999.0,0,0,-999.0,-999.0,-999.0,-999.0,0,-999.0,-999.0,-999.0,-999.0,-999.0,0,-999.0,-999.0,-999.0,0,0,-999.0,-999.0,-999.0,-999.0,0,-999.0,-999.0,-999.0,-999.0,-999.0,0,-999.0,-999.0,-999.0,0,0,-999.0,-999.0,-999.0,-999.0,0,-999.0,-999.0,-999.0,-999.0,-999.0,0,-999.0,-999.0,-999.0,0,0,0.033993748657225105
PSO J223.8984+05.5922,-999,-999,-999,114712238984051084,3496239000025990,65296387827077,0,15189956777250,11471,1,1467,31,0.478090972153555,3496239,15203,3,277348352,0,33,-999.0,-999.0,-999.0,-999.0,223.8983948,5.59219344,0.0853400006890297,0.0853400006890297,,,,,55306.34664352,-999.0,-0.7171411166229895,-0.6900816203731518,0.09744729894613358,219.65234850123653,21.3402010264157,2.4459714163473816,53.45239094909876,-999,0,1,0,1,0,0,0,-999.0,-999.0,-999.0,-999.0,0,-999.0,-999.0,-999.0,-999.0,-999.0,0,-999.0,-999.0,-999.0,0,0,0.5586280226707458,19.616300582885742,0.08400700241327286,-999.0,1,19.616300582885742,19.616300582885742,19.672300338745117,0.06857699900865555,-999.0,1,19.106399536132812,0.08400700241327286,-999.0,1,16781328,-999.0,-999.0,-999.0,-999.0,0,-999.0,-999.0,-999.0,-999.0,-999.0,0,-999.0,-999.0,-999.0,0,0,-999.0,-999.0,-999.0,-999.0,0,-999.0,-999.0,-999.0,-999.0,-999.0,0,-999.0,-999.0,-999.0,0,0,-999.0,-999.0,-999.0,-999.0,0,-999.0,-999.0,-999.0,-999.0,-999.0,0,-999.0,-999.0,-999.0,0,0,0.030442339461510773
PSO J223.8985+05.5927,-999,-999,-999,114712238984661598,3496239000026001,65296387827088,0,15189956777384,11471,1,1467,31,0.937160042056032,3496239,15203,3,276901888,0,33,-999.0,-999.0,-999.0,-999.0,223.89847556,5.59268864,0.042739998549222946,0.042739998549222946,,,,,55609.57689815,-999.0,-0.7171395370249404,-0.6900820471933279,0.0974559006788191,219.65226700291262,21.340696930535184,2.4466982722075907,53.45264459763599,-999,0,1,0,0,0,1,0,-999.0,-999.0,-999.0,-999.0,0,-999.0,-999.0,-999.0,-999.0,-999.0,0,-999.0,-999.0,-999.0,0,0,-999.0,-999.0,-999.0,-999.0,0,-999.0,-999.0,-999.0,-999.0,-999.0,0,-999.0,-999.0,-999.0,0,0,-999.0,-999.0,-999.0,-999.0,0,-999.0,-999.0,-999.0,-999.0,-999.0,0,-999.0,-999.0,-999.0,0,0,0.9991469979286194,16.81100082397461,0.04002099856734276,-999.0,1,16.81100082397461,16.81100082397461,16.484600067138672,0.047784000635147095,-999.0,1,16.352500915527344,0.04002099856734276,-999.0,1,16777232,-999.0,-999.0,-999.0,-999.0,0,-999.0,-999.0,-999.0,-999.0,-999.0,0,-999.0,-999.0,-999.0,0,0,0.03091121946868233
PSO J223.8985+05.5948,-999,-999,-999,114712238985114257,3496239000116951,65296387920111,0,15189956807560,11471,1,1467,31,0.0498759281354732,3496239,15203,3,404226048,0,48,223.8985073,5.59483334,0.0010000000474974513,0.0010000000474974513,223.8985073,5.59483334,0.0010000000474974513,0.0010000000474974513,,,,,55995.96274306,-999.0,-0.7171365256198028,-0.6900799145365141,0.0974931545044852,219.65159069796493,21.342747278371217,2.4495076407623957,53.45398701641314,-999,4,0,0,0,0,0,0,-999.0,-999.0,-999.0,-999.0,0,-999.0,-999.0,-999.0,-999.0,-999.0,0,-999.0,-999.0,-999.0,0,16416,-999.0,-999.0,-999.0,-999.0,0,-999.0,-999.0,-999.0,-999.0,-999.0,0,-999.0,-999.0,-999.0,0,16416,-999.0,-999.0,-999.0,-999.0,0,-999.0,-999.0,-999.0,-999.0,-999.0,0,-999.0,-999.0,-999.0,0,114720,-999.0,-999.0,-999.0,-999.0,0,-999.0,-999.0,-999.0,-999.0,-999.0,0,-999.0,-999.0,-999.0,0,114720,-999.0,-999.0,-999.0,-999.0,0,-999.0,-999.0,-999.0,-999.0,-999.0,0,-999.0,-999.0,-999.0,0,16416,0.032802974271818025
PSO J223.8987+05.5929,-999,-999,-999,114712238986721962,3496239000026031,65296387827118,0,15189956777379,11471,1,1467,31,0.176501590922942,3496239,15203,3,277348352,0,33,-999.0,-999.0,-999.0,-999.0,223.89865908,5.59291786,0.18949000537395477,0.18949000537395477,,,,,55401.30572917,-999.0,-0.7171370457238755,-0.6900840738611334,0.09745988227806313,219.6523778500456,21.34097123265458,2.4471903756645634,53.45264992440364,-999,0,1,0,0,0,0,1,-999.0,-999.0,-999.0,-999.0,0,-999.0,-999.0,-999.0,-999.0,-999.0,0,-999.0,-999.0,-999.0,0,0,-999.0,-999.0,-999.0,-999.0,0,-999.0,-999.0,-999.0,-999.0,-999.0,0,-999.0,-999.0,-999.0,0,0,-999.0,-999.0,-999.0,-999.0,0,-999.0,-999.0,-999.0,-999.0,-999.0,0,-999.0,-999.0,-999.0,0,0,-999.0,-999.0,-999.0,-999.0,0,-999.0,-999.0,-999.0,-999.0,-999.0,0,-999.0,-999.0,-999.0,0,0,0.7312459945678711,19.764400482177734,0.18889200687408447,-999.0,1,19.764400482177734,19.764400482177734,19.04330062866211,0.15303300321102142,-999.0,1,19.241500854492188,0.18889200687408447,-999.0,1,16781328,0.031200997439738854
PSO J223.8987+05.5923,-999,-999,-999,114712238987491169,3496239000026046,65296387827133,0,15189956777456,11471,1,1467,31,0.129552159579054,3496239,15203,3,268959744,0,32,-999.0,-999.0,-999.0,-999.0,223.89874904,5.59225899,-999.0,-999.0,,,,,-999.0,-999.0,-0.7171367697397237,-0.6900859768923899,0.09744843756443838,219.65268698430407,21.340371885185455,2.446433546815583,53.452161038613916,-999,0,1,0,0,0,1,0,-999.0,-999.0,-999.0,-999.0,0,-999.0,-999.0,-999.0,-999.0,-999.0,0,-999.0,-999.0,-999.0,0,0,-999.0,-999.0,-999.0,-999.0,0,-999.0,-999.0,-999.0,-999.0,-999.0,0,-999.0,-999.0,-999.0,0,0,-999.0,-999.0,-999.0,-999.0,0,-999.0,-999.0,-999.0,-999.0,-999.0,0,-999.0,-999.0,-999.0,0,0,-999.0,-999.0,-999.0,-999.0,0,-999.0,-999.0,18.000499725341797,0.1597670018672943,-999.0,1,-999.0,-999.0,-999.0,0,16,-999.0,-999.0,-999.0,-999.0,0,-999.0,-999.0,-999.0,-999.0,-999.0,0,-999.0,-999.0,-999.0,0,0,0.030677631352475396
PSO J223.8830+05.6009,-999,-999,-999,114722238830281550,3496239000023563,65296387824650,0,15189953284339,11472,1,1467,41,0.772540645462033,3496239,15203,3,268513280,0,32,-999.0,-999.0,-999.0,-999.0,223.88300511,5.60091892,0.019349999725818634,0.019349999725818634,,,,,56143.27934028,-999.0,-0.7173157427875779,-0.6898786758597306,0.09759886138234485,219.63381954785126,21.34378909164599,2.440869641840112,53.46975464637866,-999,0,1,0,0,0,1,0,-999.0,-999.0,-999.0,-999.0,0,-999.0,-999.0,-999.0,-999.0,-999.0,0,-999.0,-999.0,-999.0,0,0,-999.0,-999.0,-999.0,-999.0,0,-999.0,-999.0,-999.0,-999.0,-999.0,0,-999.0,-999.0,-999.0,0,0,-999.0,-999.0,-999.0,-999.0,0,-999.0,-999.0,-999.0,-999.0,-999.0,0,-999.0,-999.0,-999.0,0,0,0.961667001247406,17.352500915527344,0.012218000367283821,-999.0,1,17.352500915527344,17.352500915527344,17.524099349975586,0.020725000649690628,-999.0,1,17.287500381469727,0.012218000367283821,-999.0,1,24,-999.0,-999.0,-999.0,-999.0,0,-999.0,-999.0,-999.0,-999.0,-999.0,0,-999.0,-999.0,-999.0,0,0,0.03503092036917251
PSO J223.8837+05.6014,-999,-999,-999,114722238837552092,3496239000023675,65296387824762,0,15189956756700,11472,1,1467,41,0.134121070740857,3496239,15203,3,268959744,0,32,-999.0,-999.0,-999.0,-999.0,223.88374009,5.60136594,0.3425999879837036,0.3425999879837036,,,,,56392.5502662,-999.0,-0.7173063442434394,-0.689887349535443,0.09760662610229899,219.63441902340557,21.344439562583794,2.442231519278349,53.46947587591456,-999,0,1,0,1,0,0,0,-999.0,-999.0,-999.0,-999.0,0,-999.0,-999.0,-999.0,-999.0,-999.0,0,-999.0,-999.0,-999.0,0,0,0.6548659801483154,22.047800064086914,0.34226900339126587,-999.0,1,22.047800064086914,22.047800064086914,-999.0,-999.0,-999.0,0,22.156200408935547,0.34226900339126587,-999.0,1,4120,-999.0,-999.0,-999.0,-999.0,0,-999.0,-999.0,-999.0,-999.0,-999.0,0,-999.0,-999.0,-999.0,0,0,-999.0,-999.0,-999.0,-999.0,0,-999.0,-999.0,-999.0,-999.0,-999.0,0,-999.0,-999.0,-999.0,0,0,-999.0,-999.0,-999.0,-999.0,0,-999.0,-999.0,-999.0,-999.0,-999.0,0,-999.0,-999.0,-999.0,0,0,0.03548558544599412
PSO J223.8669+05.5706,-999,-999,-999,114682238669375128,3496239000116334,65296387919494,0,15189953391875,11468,1,1467,31,0.845013653715154,3496239,15203,3,1343750144,0,160,223.86693794,5.57055727,0.0010000000474974513,0.0010000000474974513,223.86693794,5.57055727,0.0010000000474974513,0.0010000000474974513,,,,,55971.37297454,-999.0,-0.717546359723709,-0.6897132389445604,0.09707146682654769,219.62751956219586,21.3099793611725,2.384452077615876,53.462713757127894,-999,1,0,0,0,0,0,0,-999.0,-999.0,-999.0,-999.0,0,-999.0,-999.0,-999.0,-999.0,-999.0,0,-999.0,-999.0,-999.0,0,16416,-999.0,-999.0,-999.0,-999.0,0,-999.0,-999.0,-999.0,-999.0,-999.0,0,-999.0,-999.0,-999.0,0,16416,-999.0,-999.0,-999.0,-999.0,0,-999.0,-999.0,-999.0,-999.0,-999.0,0,-999.0,-999.0,-999.0,0,16416,-999.0,-999.0,-999.0,-999.0,0,-999.0,-999.0,-999.0,-999.0,-999.0,0,-999.0,-999.0,-999.0,0,114720,-999.0,-999.0,-999.0,-999.0,0,-999.0,-999.0,-999.0,-999.0,-999.0,0,-999.0,-999.0,-999.0,0,16416,0.016654215095807043
PSO J223.8671+05.5675,-999,-999,-999,114682238671561387,3496239000020922,65296387822009,0,15189953400193,11468,1,1467,31,0.774734270549132,3496239,15203,3,268959744,0,32,-999.0,-999.0,-999.0,-999.0,223.86714941,5.56745006,0.16234999895095825,0.16234999895095825,,,,,55694.36315972,-999.0,-0.7175476083172757,-0.6897195343708776,0.09701749174956684,219.62876115769006,21.30708781150821,2.3806585006133774,53.46056945833074,-999,0,1,0,1,0,0,0,-999.0,-999.0,-999.0,-999.0,0,-999.0,-999.0,-999.0,-999.0,-999.0,0,-999.0,-999.0,-999.0,0,0,0.6784520149230957,20.699399948120117,0.16165199875831604,-999.0,1,20.699399948120117,20.699399948120117,-999.0,-999.0,-999.0,0,21.670400619506836,0.16165199875831604,-999.0,1,4112,-999.0,-999.0,-999.0,-999.0,0,-999.0,-999.0,-999.0,-999.0,-999.0,0,-999.0,-999.0,-999.0,0,0,-999.0,-999.0,-999.0,-999.0,0,-999.0,-999.0,-999.0,-999.0,-999.0,0,-999.0,-999.0,-999.0,0,0,-999.0,-999.0,-999.0,-999.0,0,-999.0,-999.0,-999.0,-999.0,-999.0,0,-999.0,-999.0,-999.0,0,0,0.015852984419098513
PSO J223.8671+05.5665,-999,-999,-999,114682238671580285,3496239000020923,65296387822010,0,15189953399770,11468,1,1467,31,0.844926861901699,3496239,15203,3,268959744,0,32,-999.0,-999.0,-999.0,-999.0,223.86711139,5.56647524,0.13827000558376312,0.13827000558376312,,,,,56063.00403935,-999.0,-0.7175492559191855,-0.6897202019973403,0.0970005581765966,219.6290445929672,21.30614867516635,2.3793571248278296,53.45997669314556,-999,0,2,0,1,1,0,0,-999.0,-999.0,-999.0,-999.0,0,-999.0,-999.0,-999.0,-999.0,-999.0,0,-999.0,-999.0,-999.0,0,0,0.6869950294494629,20.597200393676758,0.1692589968442917,-999.0,1,20.597200393676758,20.597200393676758,-999.0,-999.0,-999.0,0,-999.0,-999.0,-999.0,0,4112,0.6151300072669983,21.42959976196289,0.23739099502563477,-999.0,1,21.42959976196289,21.42959976196289,-999.0,-999.0,-999.0,0,22.81290054321289,0.23739099502563477,-999.0,1,4120,-999.0,-999.0,-999.0,-999.0,0,-999.0,-999.0,-999.0,-999.0,-999.0,0,-999.0,-999.0,-999.0,0,0,-999.0,-999.0,-999.0,-999.0,0,-999.0,-999.0,-999.0,-999.0,-999.0,0,-999.0,-999.0,-999.0,0,0,0.01582459220437035
PSO J223.8674+05.5667,-999,-999,-999,114682238674540373,3496239000020975,65296387822062,0,15189953399587,11468,1,1467,31,0.690482257577108,3496239,15203,3,1343750144,0,160,223.8673666,5.56673244,0.0010000000474974513,0.0010000000474974513,223.8673666,5.56673244,0.0010000000474974513,0.0010000000474974513,,,,,56066.2419213,-999.0,-0.7175458697907936,-0.6897230963786145,0.09700502599386168,219.62921901810248,21.30647157417366,2.3799619582225433,53.4599451798253,-999,1,1,0,1,0,0,0,-999.0,-999.0,-999.0,-999.0,0,-999.0,-999.0,-999.0,-999.0,-999.0,0,-999.0,-999.0,-999.0,0,114720,0.6365309953689575,20.78230094909668,0.17625799775123596,-999.0,1,20.78230094909668,20.78230094909668,-999.0,-999.0,-999.0,0,22.707700729370117,0.17625799775123596,-999.0,1,20528,-999.0,-999.0,-999.0,-999.0,0,-999.0,-999.0,-999.0,-999.0,-999.0,0,-999.0,-999.0,-999.0,0,16416,-999.0,-999.0,-999.0,-999.0,0,-999.0,-999.0,-999.0,-999.0,-999.0,0,-999.0,-999.0,-999.0,0,16416,-999.0,-999.0,-999.0,-999.0,0,-999.0,-999.0,-999.0,-999.0,-999.0,0,-999.0,-999.0,-999.0,0,16416,0.015582579832546859
PSO J223.8676+05.5697,-999,-999,-999,114682238674794274,3496239000020979,65296387822066,0,15189953397219,11468,1,1467,31,0.201675455273758,3496239,15203,3,436285440,0,52,223.86756771,5.56976068,0.0010000000474974513,0.0010000000474974513,223.86761036,5.56972426,0.19426000118255615,0.19426000118255615,,,,,55767.26805556,-999.0,-0.7175392826296693,-0.6897226379299138,0.09705699670966891,219.62847827767368,21.30939280726077,2.384091662392611,53.46166697526385,-999,4,2,0,0,1,1,0,-999.0,-999.0,-999.0,-999.0,0,-999.0,-999.0,-999.0,-999.0,-999.0,0,-999.0,-999.0,-999.0,0,16416,-999.0,-999.0,-999.0,-999.0,0,-999.0,-999.0,-999.0,-999.0,-999.0,0,-999.0,-999.0,-999.0,0,114720,0.7688310146331787,21.060699462890625,0.22614100575447083,-999.0,1,21.060699462890625,21.060699462890625,-999.0,-999.0,-999.0,0,22.220800399780273,0.22614100575447083,-999.0,1,118832,0.9976469874382019,21.349700927734375,0.193681001663208,-999.0,1,21.349700927734375,21.349700927734375,21.44420051574707,0.32434898614883423,-999.0,1,21.397899627685547,0.193681001663208,-999.0,1,115000,-999.0,-999.0,-999.0,-999.0,0,-999.0,-999.0,-999.0,-999.0,-999.0,0,-999.0,-999.0,-999.0,0,114720,0.015790135681462127
PSO J223.8675+05.5731,-999,-999,-999,114682238675548134,3496239000020990,65296387822077,0,15189953392242,11468,1,1467,31,0.3362701510417,3496239,15203,3,302067712,0,36,-999.0,-999.0,-999.0,-999.0,223.86753433,5.57306931,0.19291000068187714,0.19291000068187714,,,,,55694.36315972,-999.0,-0.7175361114973076,-0.6897177578236497,0.09711510304808699,219.62729573667454,21.312552140261722,2.388337619622983,53.46385906631247,-999,0,1,0,1,0,0,0,-999.0,-999.0,-999.0,-999.0,0,-999.0,-999.0,-999.0,-999.0,-999.0,0,-999.0,-999.0,-999.0,0,0,0.7864310145378113,21.283199310302734,0.19232399761676788,-999.0,1,21.283199310302734,21.283199310302734,-999.0,-999.0,-999.0,1,21.15730094909668,0.19232399761676788,-999.0,1,528,-999.0,-999.0,-999.0,-999.0,0,-999.0,-999.0,-999.0,-999.0,-999.0,0,-999.0,-999.0,-999.0,0,0,-999.0,-999.0,-999.0,-999.0,0,-999.0,-999.0,-999.0,-999.0,-999.0,0,-999.0,-999.0,-999.0,0,0,-999.0,-999.0,-999.0,-999.0,0,-999.0,-999.0,-999.0,-999.0,-999.0,0,-999.0,-999.0,-999.0,0,0,0.016985440943992222
PSO J223.8676+05.5690,-999,-999,-999,114682238675793249,3496239000020992,65296387822079,0,15189953400459,11468,1,1467,31,0.233087648854673,3496239,15203,3,268959744,0,32,-999.0,-999.0,-999.0,-999.0,223.86757119,5.56900018,0.17737999558448792,0.17737999558448792,,,,,55694.32836806,-999.0,-0.7175406383823739,-0.6897229973346427,0.09704441878609862,219.6286777052768,21.308691884686937,2.3831133032920526,53.46123508458332,-999,0,1,0,0,1,0,0,-999.0,-999.0,-999.0,-999.0,0,-999.0,-999.0,-999.0,-999.0,-999.0,0,-999.0,-999.0,-999.0,0,0,-999.0,-999.0,-999.0,-999.0,0,-999.0,-999.0,-999.0,-999.0,-999.0,0,-999.0,-999.0,-999.0,0,0,0.7946630120277405,20.623300552368164,0.17674000561237335,-999.0,1,20.623300552368164,20.623300552368164,-999.0,-999.0,-999.0,0,21.265399932861328,0.17674000561237335,-999.0,1,4112,-999.0,-999.0,-999.0,-999.0,0,-999.0,-999.0,-999.0,-999.0,-999.0,0,-999.0,-999.0,-999.0,0,0,-999.0,-999.0,-999.0,-999.0,0,-999.0,-999.0,-999.0,-999.0,-999.0,0,-999.0,-999.0,-999.0,0,0,0.015668224019128353
PSO J223.8678+05.5673,-999,-999,-999,114682238677621256,3496239000021017,65296387822104,0,15189953399151,11468,1,1467,31,0.740868526269559,3496239,15203,3,268959744,0,32,-999.0,-999.0,-999.0,-999.0,223.86775414,5.56733979,0.28951001167297363,0.28951001167297363,,,,,55694.32836806,-999.0,-0.7175404632230212,-0.68972723710309,0.09701557625366167,219.62941225972187,21.30716816294875,2.381160798359731,53.46003562293377,-999,0,1,0,0,1,0,0,-999.0,-999.0,-999.0,-999.0,0,-999.0,-999.0,-999.0,-999.0,-999.0,0,-999.0,-999.0,-999.0,0,0,-999.0,-999.0,-999.0,-999.0,0,-999.0,-999.0,-999.0,-999.0,-999.0,0,-999.0,-999.0,-999.0,0,0,0.5812180042266846,21.137100219726562,0.28912100195884705,-999.0,1,21.137100219726562,21.137100219726562,-999.0,-999.0,-999.0,0,22.171199798583984,0.28912100195884705,-999.0,1,4112,-999.0,-999.0,-999.0,-999.0,0,-999.0,-999.0,-999.0,-999.0,-999.0,0,-999.0,-999.0,-999.0,0,0,-999.0,-999.0,-999.0,-999.0,0,-999.0,-999.0,-999.0,-999.0,-999.0,0,-999.0,-999.0,-999.0,0,0,0.015243254734120405
PSO J223.8678+05.5722,-999,-999,-999,114682238678227057,3496239000021028,65296387822115,0,15189953392390,11468,1,1467,31,0.332735611435711,3496239,15203,3,268959744,0,32,-999.0,-999.0,-999.0,-999.0,223.86781404,5.57217501,0.1911800056695938,0.1911800056695938,,,,,55694.36315972,-999.0,-0.7175338371109111,-0.6897223111005865,0.0970995683355915,219.62787554596744,21.311786959749202,2.387479027979488,53.46307421076176,-999,0,1,0,1,0,0,0,-999.0,-999.0,-999.0,-999.0,0,-999.0,-999.0,-999.0,-999.0,-999.0,0,-999.0,-999.0,-999.0,0,0,0.7717329859733582,21.076400756835938,0.19059200584888458,-999.0,1,21.076400756835938,21.076400756835938,-999.0,-999.0,-999.0,1,22.074800491333008,0.19059200584888458,-999.0,1,4112,-999.0,-999.0,-999.0,-999.0,0,-999.0,-999.0,-999.0,-999.0,-999.0,0,-999.0,-999.0,-999.0,0,0,-999.0,-999.0,-999.0,-999.0,0,-999.0,-999.0,-999.0,-999.0,-999.0,0,-999.0,-999.0,-999.0,0,0,-999.0,-999.0,-999.0,-999.0,0,-999.0,-999.0,-999.0,-999.0,-999.0,0,-999.0,-999.0,-999.0,0,0,0.01636972883856951
PSO J223.8679+05.5746,-999,-999,-999,114682238679119919,3496239000021051,65296387822138,0,15189953390202,11468,1,1467,31,0.440043487995903,3496239,15203,3,268959744,0,32,-999.0,-999.0,-999.0,-999.0,223.86790315,5.57455996,0.17784999310970306,0.17784999310970306,,,,,55694.36315972,-999.0,-0.7175298499017444,-0.689720625502018,0.09714099678861302,219.62717807844334,21.314083403703474,2.390659316951404,53.46452720065026,-999,0,1,0,1,0,0,0,-999.0,-999.0,-999.0,-999.0,0,-999.0,-999.0,-999.0,-999.0,-999.0,0,-999.0,-999.0,-999.0,0,0,0.8245959877967834,21.032899856567383,0.17722000181674957,-999.0,1,21.032899856567383,21.032899856567383,-999.0,-999.0,-999.0,0,21.60420036315918,0.17722000181674957,-999.0,1,4112,-999.0,-999.0,-999.0,-999.0,0,-999.0,-999.0,-999.0,-999.0,-999.0,0,-999.0,-999.0,-999.0,0,0,-999.0,-999.0,-999.0,-999.0,0,-999.0,-999.0,-999.0,-999.0,-999.0,0,-999.0,-999.0,-999.0,0,0,-999.0,-999.0,-999.0,-999.0,0,-999.0,-999.0,-999.0,-999.0,-999.0,0,-999.0,-999.0,-999.0,0,0,0.017348498888027208
PSO J223.8680+05.5719,-999,-999,-999,114682238679306689,3496239000021053,65296387822140,0,15189953389184,11468,1,1467,31,0.303099836505111,3496239,15203,3,268959744,0,32,-999.0,-999.0,-999.0,-999.0,223.86797121,5.57185241,0.11448000371456146,0.11448000371456146,,,,,55694.33296296,-999.0,-0.7175323392423029,-0.6897246582497112,0.09709396450752114,219.6281418951826,21.311528175987384,2.387229324147719,53.46274795832419,-999,0,2,0,0,2,0,0,-999.0,-999.0,-999.0,-999.0,0,-999.0,-999.0,-999.0,-999.0,-999.0,0,-999.0,-999.0,-999.0,0,0,-999.0,-999.0,-999.0,-999.0,0,-999.0,-999.0,-999.0,-999.0,-999.0,0,-999.0,-999.0,-999.0,0,0,0.8126360177993774,20.526100158691406,0.21554100513458252,0.3179900050163269,2,20.37459945678711,20.805700302124023,21.064699172973633,0.324288010597229,-999.0,1,21.037500381469727,0.021307000890374184,-999.0,2,4112,-999.0,-999.0,-999.0,-999.0,0,-999.0,-999.0,-999.0,-999.0,-999.0,0,-999.0,-999.0,-999.0,0,0,-999.0,-999.0,-999.0,-999.0,0,-999.0,-999.0,-999.0,-999.0,-999.0,0,-999.0,-999.0,-999.0,0,0,0.016103158328121366
PSO J223.8681+05.5705,-999,-999,-999,114682238680765077,3496239000116356,65296387919516,0,15189953389152,11468,1,1467,31,0.113000088476576,3496239,15203,3,1343750144,0,160,223.86807631,5.57051463,0.0010000000474974513,0.0010000000474974513,223.86807631,5.57051463,0.0010000000474974513,0.0010000000474974513,,,,,55971.37297454,-999.0,-0.7175327082306872,-0.6897275453011884,0.09707072613271608,219.62869074541305,21.310287551916403,2.3856109157212377,53.46181403021895,-999,1,0,0,0,0,0,0,-999.0,-999.0,-999.0,-999.0,0,-999.0,-999.0,-999.0,-999.0,-999.0,0,-999.0,-999.0,-999.0,0,114720,-999.0,-999.0,-999.0,-999.0,0,-999.0,-999.0,-999.0,-999.0,-999.0,0,-999.0,-999.0,-999.0,0,16416,-999.0,-999.0,-999.0,-999.0,0,-999.0,-999.0,-999.0,-999.0,-999.0,0,-999.0,-999.0,-999.0,0,16416,-999.0,-999.0,-999.0,-999.0,0,-999.0,-999.0,-999.0,-999.0,-999.0,0,-999.0,-999.0,-999.0,0,16416,-999.0,-999.0,-999.0,-999.0,0,-999.0,-999.0,-999.0,-999.0,-999.0,0,-999.0,-999.0,-999.0,0,16416,0.015557164543891406
PSO J223.8681+05.5695,-999,-999,-999,114682238680873798,3496239000021073,65296387822160,0,15189953397117,11468,1,1467,31,0.790912603764713,3496239,15203,3,268959744,0,32,-999.0,-999.0,-999.0,-999.0,223.86808003,5.56945919,0.23987999558448792,0.23987999558448792,,,,,55694.36315972,-999.0,-0.7175339524574522,-0.6897288309457912,0.09705239220616306,219.62904325293064,21.30928449827245,2.3842496660043317,53.46113789584113,-999,0,1,0,1,0,0,0,-999.0,-999.0,-999.0,-999.0,0,-999.0,-999.0,-999.0,-999.0,-999.0,0,-999.0,-999.0,-999.0,0,0,0.7538490295410156,21.354900360107422,0.23940899968147278,-999.0,1,21.354900360107422,21.354900360107422,-999.0,-999.0,-999.0,0,21.560100555419922,0.23940899968147278,-999.0,1,4112,-999.0,-999.0,-999.0,-999.0,0,-999.0,-999.0,-999.0,-999.0,-999.0,0,-999.0,-999.0,-999.0,0,0,-999.0,-999.0,-999.0,-999.0,0,-999.0,-999.0,-999.0,-999.0,-999.0,0,-999.0,-999.0,-999.0,0,0,-999.0,-999.0,-999.0,-999.0,0,-999.0,-999.0,-999.0,-999.0,-999.0,0,-999.0,-999.0,-999.0,0,0,0.015272965800960762
PSO J223.8682+05.5664,-999,-999,-999,114682238681740106,3496239000021084,65296387822171,0,15189953399227,11468,1,1467,31,0.282605837362451,3496239,15203,3,268959744,0,32,-999.0,-999.0,-999.0,-999.0,223.86816625,5.56638136,0.18170000612735748,0.18170000612735748,,,,,55694.32836806,-999.0,-0.7175366720929703,-0.689733522664594,0.09699892738806594,219.63014780371236,21.306382521883197,2.380360674301014,53.45910832517488,-999,0,1,0,0,1,0,0,-999.0,-999.0,-999.0,-999.0,0,-999.0,-999.0,-999.0,-999.0,-999.0,0,-999.0,-999.0,-999.0,0,0,-999.0,-999.0,-999.0,-999.0,0,-999.0,-999.0,-999.0,-999.0,-999.0,0,-999.0,-999.0,-999.0,0,0,0.5873169898986816,20.196699142456055,0.18107600510120392,-999.0,1,20.196699142456055,20.196699142456055,-999.0,-999.0,-999.0,0,-999.0,-999.0,-999.0,0,4112,-999.0,-999.0,-999.0,-999.0,0,-999.0,-999.0,-999.0,-999.0,-999.0,0,-999.0,-999.0,-999.0,0,0,-999.0,-999.0,-999.0,-999.0,0,-999.0,-999.0,-999.0,-999.0,-999.0,0,-999.0,-999.0,-999.0,0,0,0.014772048408149384
PSO J223.8692+05.5698,-999,-999,-999,114682238692124210,3496239000021225,65296387822312,0,15189953397674,11468,1,1467,31,0.696564778402974,3496239,15203,3,268959744,0,32,-999.0,-999.0,-999.0,-999.0,223.86920255,5.56979918,0.2612999975681305,0.2612999975681305,,,,,55694.35231481,-999.0,-0.7175200241849925,-0.6897424893801645,0.09705829813684985,219.63007190280825,21.309951877646153,2.3858864926493424,53.460494402999316,-999,0,1,0,1,0,0,0,-999.0,-999.0,-999.0,-999.0,0,-999.0,-999.0,-999.0,-999.0,-999.0,0,-999.0,-999.0,-999.0,0,0,0.823809027671814,21.336299896240234,0.2608659863471985,-999.0,1,21.336299896240234,21.336299896240234,-999.0,-999.0,-999.0,0,21.776100158691406,0.2608659863471985,-999.0,1,4112,-999.0,-999.0,-999.0,-999.0,0,-999.0,-999.0,-999.0,-999.0,-999.0,0,-999.0,-999.0,-999.0,0,0,-999.0,-999.0,-999.0,-999.0,0,-999.0,-999.0,-999.0,-999.0,-999.0,0,-999.0,-999.0,-999.0,0,0,-999.0,-999.0,-999.0,-999.0,0,-999.0,-999.0,-999.0,-999.0,-999.0,0,-999.0,-999.0,-999.0,0,0,0.014278475724603938
PSO J223.8693+05.5718,-999,-999,-999,114682238693326671,3496239000106570,65296387907659,0,15189953389471,11468,1,1467,31,0.736953579575712,3496239,15203,3,268513280,0,32,-999.0,-999.0,-999.0,-999.0,223.86931333,5.57184469,0.016349999234080315,0.016349999234080315,,,,,55694.32760417,-999.0,-0.7175161920816038,-0.6897414749006001,0.0970938304047162,219.62950865469338,21.311932009381774,2.3886505461410614,53.46171430861004,-999,0,1,0,0,1,0,0,-999.0,-999.0,-999.0,-999.0,0,-999.0,-999.0,-999.0,-999.0,-999.0,0,-999.0,-999.0,-999.0,0,0,-999.0,-999.0,-999.0,-999.0,0,-999.0,-999.0,-999.0,-999.0,-999.0,0,-999.0,-999.0,-999.0,0,0,0.9974910020828247,16.863500595092773,0.0065020001493394375,-999.0,1,16.863500595092773,16.863500595092773,17.393999099731445,0.012697000056505203,-999.0,1,17.28420066833496,0.0065020001493394375,-999.0,1,16,-999.0,-999.0,-999.0,-999.0,0,-999.0,-999.0,-999.0,-999.0,-999.0,0,-999.0,-999.0,-999.0,0,0,-999.0,-999.0,-999.0,-999.0,0,-999.0,-999.0,-999.0,-999.0,-999.0,0,-999.0,-999.0,-999.0,0,0,0.014867515625521943
PSO J223.8697+05.5746,-999,-999,-999,114682238696859940,3496239000021305,65296387822392,0,15189953419638,11468,1,1467,31,0.255212246678036,3496239,15203,3,268959744,0,32,-999.0,-999.0,-999.0,-999.0,223.86967734,5.57457478,0.1595900058746338,0.1595900058746338,,,,,55694.34011574,-999.0,-0.7175084739293246,-0.6897428263980507,0.09714125422311647,219.62897659235554,21.314641059628215,2.3925703942357117,53.46317669829837,-999,0,1,0,0,1,0,0,-999.0,-999.0,-999.0,-999.0,0,-999.0,-999.0,-999.0,-999.0,-999.0,0,-999.0,-999.0,-999.0,0,0,-999.0,-999.0,-999.0,-999.0,0,-999.0,-999.0,-999.0,-999.0,-999.0,0,-999.0,-999.0,-999.0,0,0,0.8205360174179077,20.605499267578125,0.15888699889183044,-999.0,1,20.605499267578125,20.605499267578125,-999.0,-999.0,-999.0,0,21.295400619506836,0.15888699889183044,-999.0,1,4112,-999.0,-999.0,-999.0,-999.0,0,-999.0,-999.0,-999.0,-999.0,-999.0,0,-999.0,-999.0,-999.0,0,0,-999.0,-999.0,-999.0,-999.0,0,-999.0,-999.0,-999.0,-999.0,-999.0,0,-999.0,-999.0,-999.0,0,0,0.015851848945956225
PSO J223.8698+05.5711,-999,-999,-999,114682238697895837,3496239000116386,65296387919546,0,15189953388738,11468,1,1467,31,0.475371891144078,3496239,15203,3,1343750144,0,160,223.86978868,5.57114802,0.0010000000474974513,0.0010000000474974513,223.86978868,5.57114802,0.0010000000474974513,0.0010000000474974513,,,,,56067.73321759,-999.0,-0.7175113207182208,-0.6897482458123955,0.09708172866156473,219.6302220148402,21.311414793629556,2.3882562576318755,53.460905561892694,-999,1,0,0,0,0,0,0,-999.0,-999.0,-999.0,-999.0,0,-999.0,-999.0,-999.0,-999.0,-999.0,0,-999.0,-999.0,-999.0,0,114720,-999.0,-999.0,-999.0,-999.0,0,-999.0,-999.0,-999.0,-999.0,-999.0,0,-999.0,-999.0,-999.0,0,16416,-999.0,-999.0,-999.0,-999.0,0,-999.0,-999.0,-999.0,-999.0,-999.0,0,-999.0,-999.0,-999.0,0,16416,-999.0,-999.0,-999.0,-999.0,0,-999.0,-999.0,-999.0,-999.0,-999.0,0,-999.0,-999.0,-999.0,0,16416,-999.0,-999.0,-999.0,-999.0,0,-999.0,-999.0,-999.0,-999.0,-999.0,0,-999.0,-999.0,-999.0,0,16416,0.01416203828973229
PSO J223.8698+05.5682,-999,-999,-999,114682238698082244,3496239000021324,65296387822411,0,15189953368530,11468,1,1467,31,0.486780197812971,3496239,15203,3,268959744,0,32,-999.0,-999.0,-999.0,-999.0,223.86979791,5.5681604,0.23902000486850739,0.23902000486850739,,,,,55694.35231481,-999.0,-0.7175148580599402,-0.6897518686843751,0.09702983102961978,219.63121850610054,21.308575056456913,2.3844016845603093,53.45899267215079,-999,0,1,0,1,0,0,0,-999.0,-999.0,-999.0,-999.0,0,-999.0,-999.0,-999.0,-999.0,-999.0,0,-999.0,-999.0,-999.0,0,0,0.5515099763870239,20.979700088500977,0.23854699730873108,-999.0,1,20.979700088500977,20.979700088500977,-999.0,-999.0,-999.0,0,-999.0,-999.0,-999.0,0,4112,-999.0,-999.0,-999.0,-999.0,0,-999.0,-999.0,-999.0,-999.0,-999.0,0,-999.0,-999.0,-999.0,0,0,-999.0,-999.0,-999.0,-999.0,0,-999.0,-999.0,-999.0,-999.0,-999.0,0,-999.0,-999.0,-999.0,0,0,-999.0,-999.0,-999.0,-999.0,0,-999.0,-999.0,-999.0,-999.0,-999.0,0,-999.0,-999.0,-999.0,0,0,0.013334867731358691
PSO J223.8699+05.5678,-999,-999,-999,114682238698631819,3496239000116390,65296387919550,0,15189953368340,11468,1,1467,31,0.0640904093758114,3496239,15203,3,1343750144,0,160,223.86986376,5.56779893,0.0010000000474974513,0.0010000000474974513,223.86986376,5.56779893,0.0010000000474974513,0.0010000000474974513,,,,,55971.37297454,-999.0,-0.7175145066194001,-0.6897531175405123,0.09702355195447691,219.63140486610237,21.308251309573883,2.384004375879254,53.45871160902491,-999,1,0,0,0,0,0,0,-999.0,-999.0,-999.0,-999.0,0,-999.0,-999.0,-999.0,-999.0,-999.0,0,-999.0,-999.0,-999.0,0,114720,-999.0,-999.0,-999.0,-999.0,0,-999.0,-999.0,-999.0,-999.0,-999.0,0,-999.0,-999.0,-999.0,0,16416,-999.0,-999.0,-999.0,-999.0,0,-999.0,-999.0,-999.0,-999.0,-999.0,0,-999.0,-999.0,-999.0,0,16416,-999.0,-999.0,-999.0,-999.0,0,-999.0,-999.0,-999.0,-999.0,-999.0,0,-999.0,-999.0,-999.0,0,16416,-999.0,-999.0,-999.0,-999.0,0,-999.0,-999.0,-999.0,-999.0,-999.0,0,-999.0,-999.0,-999.0,0,16416,0.013213197848134876
PSO J223.8699+05.5694,-999,-999,-999,114682238699043659,3496239000116392,65296387919552,0,15189953396900,11468,1,1467,31,0.529195192762832,3496239,15203,3,1343750144,0,160,223.8698655,5.56939042,0.0010000000474974513,0.0010000000474974513,223.8698655,5.56939042,0.0010000000474974513,0.0010000000474974513,,,,,56066.2419213,-999.0,-0.7175125425292764,-0.6897512713694538,0.09705119760927902,219.63088081425175,21.309766063739918,2.3860647193120994,53.4597255158027,-999,1,0,0,0,0,0,0,-999.0,-999.0,-999.0,-999.0,0,-999.0,-999.0,-999.0,-999.0,-999.0,0,-999.0,-999.0,-999.0,0,114720,-999.0,-999.0,-999.0,-999.0,0,-999.0,-999.0,-999.0,-999.0,-999.0,0,-999.0,-999.0,-999.0,0,16416,-999.0,-999.0,-999.0,-999.0,0,-999.0,-999.0,-999.0,-999.0,-999.0,0,-999.0,-999.0,-999.0,0,16416,-999.0,-999.0,-999.0,-999.0,0,-999.0,-999.0,-999.0,-999.0,-999.0,0,-999.0,-999.0,-999.0,0,16416,-999.0,-999.0,-999.0,-999.0,0,-999.0,-999.0,-999.0,-999.0,-999.0,0,-999.0,-999.0,-999.0,0,16416,0.013533593244507808
PSO J223.8701+05.5705,-999,-999,-999,114682238700995028,3496239000116396,65296387919556,0,15189953388688,11468,1,1467,31,0.317253381309336,3496239,15203,3,1343750144,0,160,223.8700998,5.5704744,0.0010000000474974513,0.0010000000474974513,223.8700998,5.5704744,0.0010000000474974513,0.0010000000474974513,,,,,55947.65574074,-999.0,-0.7175083981126644,-0.6897529328950077,0.0970700273026282,219.63076082232897,21.31086919360651,2.387716676814798,53.460237397502524,-999,1,0,0,0,0,0,0,-999.0,-999.0,-999.0,-999.0,0,-999.0,-999.0,-999.0,-999.0,-999.0,0,-999.0,-999.0,-999.0,0,16416,-999.0,-999.0,-999.0,-999.0,0,-999.0,-999.0,-999.0,-999.0,-999.0,0,-999.0,-999.0,-999.0,0,114720,-999.0,-999.0,-999.0,-999.0,0,-999.0,-999.0,-999.0,-999.0,-999.0,0,-999.0,-999.0,-999.0,0,16416,-999.0,-999.0,-999.0,-999.0,0,-999.0,-999.0,-999.0,-999.0,-999.0,0,-999.0,-999.0,-999.0,0,16416,-999.0,-999.0,-999.0,-999.0,0,-999.0,-999.0,-999.0,-999.0,-999.0,0,-999.0,-999.0,-999.0,0,16416,0.013633908088492751
PSO J223.8703+05.5697,-999,-999,-999,114682238703034123,3496239000021402,65296387822489,0,15189953396953,11468,1,1467,31,0.635724672708404,3496239,15203,3,268959744,0,32,-999.0,-999.0,-999.0,-999.0,223.87029499,5.56972823,0.2424899935722351,0.2424899935722351,,,,,55694.32836806,-999.0,-0.7175069596032819,-0.6897562532692065,0.0970570656721118,219.63120575915602,21.31021904899634,2.386959652004217,53.45961180952683,-999,0,1,0,0,1,0,0,-999.0,-999.0,-999.0,-999.0,0,-999.0,-999.0,-999.0,-999.0,-999.0,0,-999.0,-999.0,-999.0,0,0,-999.0,-999.0,-999.0,-999.0,0,-999.0,-999.0,-999.0,-999.0,-999.0,0,-999.0,-999.0,-999.0,0,0,0.8237429857254028,21.009899139404297,0.24202300608158112,-999.0,1,21.009899139404297,21.009899139404297,20.112199783325195,0.24094100296497345,-999.0,1,21.034500122070312,0.24202300608158112,-999.0,1,4112,-999.0,-999.0,-999.0,-999.0,0,-999.0,-999.0,-999.0,-999.0,-999.0,0,-999.0,-999.0,-999.0,0,0,-999.0,-999.0,-999.0,-999.0,0,-999.0,-999.0,-999.0,-999.0,-999.0,0,-999.0,-999.0,-999.0,0,0,0.0132153368361009
PSO J223.8703+05.5728,-999,-999,-999,114682238703437853,3496239000021406,65296387822493,0,15189953417932,11468,1,1467,31,0.886121893195549,3496239,15203,3,268959744,0,32,-999.0,-999.0,-999.0,-999.0,223.87033277,5.572834,0.16354000568389893,0.16354000568389893,,,,,55694.35231481,-999.0,-0.7175027109778779,-0.6897530792993504,0.09711101552583917,219.6302180000428,21.31318560067111,2.391017359067397,53.46156394753071,-999,0,1,0,1,0,0,0,-999.0,-999.0,-999.0,-999.0,0,-999.0,-999.0,-999.0,-999.0,-999.0,0,-999.0,-999.0,-999.0,0,0,0.7973949909210205,20.729999542236328,0.16284899413585663,-999.0,1,20.729999542236328,20.729999542236328,20.988000869750977,0.23611199855804443,-999.0,1,23.437299728393555,0.16284899413585663,-999.0,1,4112,-999.0,-999.0,-999.0,-999.0,0,-999.0,-999.0,-999.0,-999.0,-999.0,0,-999.0,-999.0,-999.0,0,0,-999.0,-999.0,-999.0,-999.0,0,-999.0,-999.0,-999.0,-999.0,-999.0,0,-999.0,-999.0,-999.0,0,0,-999.0,-999.0,-999.0,-999.0,0,-999.0,-999.0,-999.0,-999.0,-999.0,0,-999.0,-999.0,-999.0,0,0,0.01439424528677109
PSO J223.8706+05.5694,-999,-999,-999,114682238705713699,3496239000116402,65296387919562,0,15189953368165,11468,1,1467,31,0.568221954226701,3496239,15203,3,1343750144,0,160,223.87057681,5.56937276,0.0010000000474974513,0.0010000000474974513,223.87057681,5.56937276,0.0010000000474974513,0.0010000000474974513,,,,,55947.65574074,-999.0,-0.7175040009827455,-0.6897601997513932,0.09705089083913908,219.63160966268444,21.309967173997197,2.386800377968122,53.459169044937006,-999,1,0,0,0,0,0,0,-999.0,-999.0,-999.0,-999.0,0,-999.0,-999.0,-999.0,-999.0,-999.0,0,-999.0,-999.0,-999.0,0,16416,-999.0,-999.0,-999.0,-999.0,0,-999.0,-999.0,-999.0,-999.0,-999.0,0,-999.0,-999.0,-999.0,0,16416,-999.0,-999.0,-999.0,-999.0,0,-999.0,-999.0,-999.0,-999.0,-999.0,0,-999.0,-999.0,-999.0,0,16416,-999.0,-999.0,-999.0,-999.0,0,-999.0,-999.0,-999.0,-999.0,-999.0,0,-999.0,-999.0,-999.0,0,114720,-999.0,-999.0,-999.0,-999.0,0,-999.0,-999.0,-999.0,-999.0,-999.0,0,-999.0,-999.0,-999.0,0,16416,0.012846261723873579
PSO J223.8708+05.5714,-999,-999,-999,114682238708456308,3496239000021478,65296387822565,0,15189953417374,11468,1,1467,31,0.59623463507391,3496239,15203,3,1343750144,0,160,223.87075242,5.57139471,0.0010000000474974513,0.0010000000474974513,223.87075242,5.57139471,0.0010000000474974513,0.0010000000474974513,,,,,56067.73321759,-999.0,-0.7174994174123198,-0.6897600248801756,0.09708601387574303,219.6311201120376,21.31194475452813,2.3896030197543605,53.46032421244188,-999,1,1,0,0,1,0,0,-999.0,-999.0,-999.0,-999.0,0,-999.0,-999.0,-999.0,-999.0,-999.0,0,-999.0,-999.0,-999.0,0,114720,-999.0,-999.0,-999.0,-999.0,0,-999.0,-999.0,-999.0,-999.0,-999.0,0,-999.0,-999.0,-999.0,0,16416,0.8472269773483276,21.128400802612305,0.23385100066661835,-999.0,1,21.128400802612305,21.128400802612305,19.39430046081543,0.17504200339317322,-999.0,1,21.154800415039062,0.23385100066661835,-999.0,1,20528,-999.0,-999.0,-999.0,-999.0,0,-999.0,-999.0,-999.0,-999.0,-999.0,0,-999.0,-999.0,-999.0,0,16416,-999.0,-999.0,-999.0,-999.0,0,-999.0,-999.0,-999.0,-999.0,-999.0,0,-999.0,-999.0,-999.0,0,16416,0.01337589544871108
PSO J223.8710+05.5694,-999,-999,-999,114682238709593749,3496239000116412,65296387919572,0,15189953368292,11468,1,1467,31,0.351392386808426,3496239,15203,3,1343750144,0,160,223.87095979,5.56940926,0.0010000000474974513,0.0010000000474974513,223.87095979,5.56940926,0.0010000000474974513,0.0010000000474974513,,,,,56034.2509375,-999.0,-0.7174993458583264,-0.6897649528730119,0.09705152487707386,219.63198688546987,21.310119228517518,2.3872559699561684,53.458898779574305,-999,1,0,0,0,0,0,0,-999.0,-999.0,-999.0,-999.0,0,-999.0,-999.0,-999.0,-999.0,-999.0,0,-999.0,-999.0,-999.0,0,114720,-999.0,-999.0,-999.0,-999.0,0,-999.0,-999.0,-999.0,-999.0,-999.0,0,-999.0,-999.0,-999.0,0,16416,-999.0,-999.0,-999.0,-999.0,0,-999.0,-999.0,-999.0,-999.0,-999.0,0,-999.0,-999.0,-999.0,0,16416,-999.0,-999.0,-999.0,-999.0,0,-999.0,-999.0,-999.0,-999.0,-999.0,0,-999.0,-999.0,-999.0,0,16416,-999.0,-999.0,-999.0,-999.0,0,-999.0,-999.0,-999.0,-999.0,-999.0,0,-999.0,-999.0,-999.0,0,16416,0.012490049980087755
PSO J223.8710+05.5726,-999,-999,-999,114682238709827563,3496239000021503,65296387822590,0,15189953418223,11468,1,1467,31,0.0443691686209004,3496239,15203,3,268959744,0,32,-999.0,-999.0,-999.0,-999.0,223.87097361,5.57259332,0.15518000721931458,0.15518000721931458,,,,,55694.34011574,-999.0,-0.717495290276339,-0.6897613870620734,0.09710683472071686,219.63094891703454,21.31315293229295,2.3913893448107686,53.460919213447234,-999,0,1,0,0,1,0,0,-999.0,-999.0,-999.0,-999.0,0,-999.0,-999.0,-999.0,-999.0,-999.0,0,-999.0,-999.0,-999.0,0,0,-999.0,-999.0,-999.0,-999.0,0,-999.0,-999.0,-999.0,-999.0,-999.0,0,-999.0,-999.0,-999.0,0,0,0.828432023525238,20.64389991760254,0.15445299446582794,-999.0,1,20.64389991760254,20.64389991760254,19.992000579833984,0.21235400438308716,-999.0,1,20.971399307250977,0.15445299446582794,-999.0,1,4112,-999.0,-999.0,-999.0,-999.0,0,-999.0,-999.0,-999.0,-999.0,-999.0,0,-999.0,-999.0,-999.0,0,0,-999.0,-999.0,-999.0,-999.0,0,-999.0,-999.0,-999.0,-999.0,-999.0,0,-999.0,-999.0,-999.0,0,0,0.013719808556380737
PSO J223.8710+05.5734,-999,-999,-999,114682238709938586,3496239000116413,65296387919573,0,15189953417857,11468,1,1467,31,0.740444024783041,3496239,15203,3,1343750144,0,160,223.87099294,5.57343899,0.0010000000474974513,0.0010000000474974513,223.87099294,5.57343899,0.0010000000474974513,0.0010000000474974513,,,,,55971.37297454,-999.0,-0.7174940242443725,-0.6897606357405801,0.09712152468102278,219.63068914815335,21.313963464760395,2.3925039114315605,53.46144380292317,-999,1,0,0,0,0,0,0,-999.0,-999.0,-999.0,-999.0,0,-999.0,-999.0,-999.0,-999.0,-999.0,0,-999.0,-999.0,-999.0,0,114720,-999.0,-999.0,-999.0,-999.0,0,-999.0,-999.0,-999.0,-999.0,-999.0,0,-999.0,-999.0,-999.0,0,16416,-999.0,-999.0,-999.0,-999.0,0,-999.0,-999.0,-999.0,-999.0,-999.0,0,-999.0,-999.0,-999.0,0,16416,-999.0,-999.0,-999.0,-999.0,0,-999.0,-999.0,-999.0,-999.0,-999.0,0,-999.0,-999.0,-999.0,0,16416,-999.0,-999.0,-999.0,-999.0,0,-999.0,-999.0,-999.0,-999.0,-999.0,0,-999.0,-999.0,-999.0,0,16416,0.014136084458355841
PSO J223.8711+05.5683,-999,-999,-999,114682238710982390,3496239000116414,65296387919574,0,15189953369047,11468,1,1467,31,0.648042994223575,3496239,15203,3,1343750144,0,160,223.8710981,5.56828344,0.0010000000474974513,0.0010000000474974513,223.8710981,5.56828344,0.0010000000474974513,0.0010000000474974513,,,,,56016.57618056,-999.0,-0.717499055400825,-0.6897680063739604,0.09703196834969371,219.63249943241888,21.30909043803995,2.3859472792457534,53.458074603699124,-999,1,0,0,0,0,0,0,-999.0,-999.0,-999.0,-999.0,0,-999.0,-999.0,-999.0,-999.0,-999.0,0,-999.0,-999.0,-999.0,0,114720,-999.0,-999.0,-999.0,-999.0,0,-999.0,-999.0,-999.0,-999.0,-999.0,0,-999.0,-999.0,-999.0,0,16416,-999.0,-999.0,-999.0,-999.0,0,-999.0,-999.0,-999.0,-999.0,-999.0,0,-999.0,-999.0,-999.0,0,16416,-999.0,-999.0,-999.0,-999.0,0,-999.0,-999.0,-999.0,-999.0,-999.0,0,-999.0,-999.0,-999.0,0,16416,-999.0,-999.0,-999.0,-999.0,0,-999.0,-999.0,-999.0,-999.0,-999.0,0,-999.0,-999.0,-999.0,0,16416,0.01208553745578804
PSO J223.8712+05.5677,-999,-999,-999,114682238711761714,3496239000021541,65296387822628,0,15189953368847,11468,1,1467,31,0.979751132409788,3496239,15203,3,268959744,0,32,-999.0,-999.0,-999.0,-999.0,223.87116602,5.56771897,0.2774600088596344,0.2774600088596344,,,,,55694.35231481,-999.0,-0.7174989268364413,-0.6897695193907477,0.09702216297326968,219.63275496348504,21.30857417968836,2.3852896185718877,53.457662461696856,-999,0,1,0,1,0,0,0,-999.0,-999.0,-999.0,-999.0,0,-999.0,-999.0,-999.0,-999.0,-999.0,0,-999.0,-999.0,-999.0,0,0,0.6066489815711975,21.38479995727539,0.27705100178718567,-999.0,1,21.38479995727539,21.38479995727539,-999.0,-999.0,-999.0,0,22.507699966430664,0.27705100178718567,-999.0,1,4112,-999.0,-999.0,-999.0,-999.0,0,-999.0,-999.0,-999.0,-999.0,-999.0,0,-999.0,-999.0,-999.0,0,0,-999.0,-999.0,-999.0,-999.0,0,-999.0,-999.0,-999.0,-999.0,-999.0,0,-999.0,-999.0,-999.0,0,0,-999.0,-999.0,-999.0,-999.0,0,-999.0,-999.0,-999.0,-999.0,-999.0,0,-999.0,-999.0,-999.0,0,0,0.011919634990958558
PSO J223.8713+05.5708,-999,-999,-999,114682238713485406,3496239000021564,65296387822651,0,15189953417220,11468,1,1467,31,0.325486648199602,3496239,15203,3,268959744,0,32,-999.0,-999.0,-999.0,-999.0,223.87133847,5.57079482,0.23819999396800995,0.23819999396800995,,,,,55694.35231481,-999.0,-0.717493094913406,-0.6897680682242527,0.09707559327536894,219.63191401481723,21.311553528094986,2.3894519537700236,53.45949234945944,-999,0,1,0,1,0,0,0,-999.0,-999.0,-999.0,-999.0,0,-999.0,-999.0,-999.0,-999.0,-999.0,0,-999.0,-999.0,-999.0,0,0,0.6668189764022827,21.1781005859375,0.2377229928970337,-999.0,1,21.1781005859375,21.1781005859375,21.013099670410156,0.23445700109004974,-999.0,1,20.71150016784668,0.2377229928970337,-999.0,1,4112,-999.0,-999.0,-999.0,-999.0,0,-999.0,-999.0,-999.0,-999.0,-999.0,0,-999.0,-999.0,-999.0,0,0,-999.0,-999.0,-999.0,-999.0,0,-999.0,-999.0,-999.0,-999.0,-999.0,0,-999.0,-999.0,-999.0,0,0,-999.0,-999.0,-999.0,-999.0,0,-999.0,-999.0,-999.0,-999.0,-999.0,0,-999.0,-999.0,-999.0,0,0,0.012601101232790833
PSO J223.8714+05.5667,-999,-999,-999,114682238713810483,3496239000116417,65296387919577,0,15189953372118,11468,1,1467,31,0.694779676100965,3496239,15203,3,1343750144,0,160,223.87138153,5.56668746,0.0010000000474974513,0.0010000000474974513,223.87138153,5.56668746,0.0010000000474974513,0.0010000000474974513,,,,,56034.2509375,-999.0,-0.7174975914456619,-0.6897734285909521,0.09700424464711087,219.63331481191932,21.307658768472756,2.3841853009524754,53.45683925608753,-999,1,0,0,0,0,0,0,-999.0,-999.0,-999.0,-999.0,0,-999.0,-999.0,-999.0,-999.0,-999.0,0,-999.0,-999.0,-999.0,0,114720,-999.0,-999.0,-999.0,-999.0,0,-999.0,-999.0,-999.0,-999.0,-999.0,0,-999.0,-999.0,-999.0,0,16416,-999.0,-999.0,-999.0,-999.0,0,-999.0,-999.0,-999.0,-999.0,-999.0,0,-999.0,-999.0,-999.0,0,16416,-999.0,-999.0,-999.0,-999.0,0,-999.0,-999.0,-999.0,-999.0,-999.0,0,-999.0,-999.0,-999.0,0,16416,-999.0,-999.0,-999.0,-999.0,0,-999.0,-999.0,-999.0,-999.0,-999.0,0,-999.0,-999.0,-999.0,0,16416,0.011591287334195092
PSO J223.8720+05.5733,-999,-999,-999,114682238720058358,3496239000021682,65296387822769,0,15189953417581,11468,1,1467,31,0.0511018122090975,3496239,15203,3,268959744,0,32,-999.0,-999.0,-999.0,-999.0,223.87199664,5.57325895,0.1430400013923645,0.1430400013923645,,,,,55694.36315972,-999.0,-0.717482160997921,-0.6897734161058588,0.09711839724484267,219.63176887071631,21.314099653890388,2.3933412175857023,53.46055959884303,-999,0,1,0,1,0,0,0,-999.0,-999.0,-999.0,-999.0,0,-999.0,-999.0,-999.0,-999.0,-999.0,0,-999.0,-999.0,-999.0,0,0,0.7759130001068115,20.754600524902344,0.14224599301815033,-999.0,1,20.754600524902344,20.754600524902344,20.079200744628906,0.15560300648212433,-999.0,1,20.512300491333008,0.14224599301815033,-999.0,1,4112,-999.0,-999.0,-999.0,-999.0,0,-999.0,-999.0,-999.0,-999.0,-999.0,0,-999.0,-999.0,-999.0,0,0,-999.0,-999.0,-999.0,-999.0,0,-999.0,-999.0,-999.0,-999.0,-999.0,0,-999.0,-999.0,-999.0,0,0,-999.0,-999.0,-999.0,-999.0,0,-999.0,-999.0,-999.0,-999.0,-999.0,0,-999.0,-999.0,-999.0,0,0,0.013200923180063025
PSO J223.8722+05.5742,-999,-999,-999,114682238721849539,3496239000116433,65296387919593,0,15189953420884,11468,1,1467,31,0.205005518351687,3496239,15203,3,1343750144,0,160,223.87218456,5.57423379,0.0010000000474974513,0.0010000000474974513,223.87218456,5.57423379,0.0010000000474974513,0.0010000000474974513,,,,,55971.37297454,-999.0,-0.7174787073690754,-0.6897746240254194,0.09713533096969411,219.63163779258664,21.315084733796276,2.394802651654623,53.461037326296804,-999,1,0,0,0,0,0,0,-999.0,-999.0,-999.0,-999.0,0,-999.0,-999.0,-999.0,-999.0,-999.0,0,-999.0,-999.0,-999.0,0,114720,-999.0,-999.0,-999.0,-999.0,0,-999.0,-999.0,-999.0,-999.0,-999.0,0,-999.0,-999.0,-999.0,0,16416,-999.0,-999.0,-999.0,-999.0,0,-999.0,-999.0,-999.0,-999.0,-999.0,0,-999.0,-999.0,-999.0,0,16416,-999.0,-999.0,-999.0,-999.0,0,-999.0,-999.0,-999.0,-999.0,-999.0,0,-999.0,-999.0,-999.0,0,16416,-999.0,-999.0,-999.0,-999.0,0,-999.0,-999.0,-999.0,-999.0,-999.0,0,-999.0,-999.0,-999.0,0,16416,0.01362071658832385
PSO J223.8722+05.5706,-999,-999,-999,114682238722445136,3496239000021722,65296387822809,0,15189953470691,11468,1,1467,31,0.542362450195814,3496239,15203,3,268959744,0,32,-999.0,-999.0,-999.0,-999.0,223.8722353,5.57057409,0.23785999417304993,0.23785999417304993,,,,,55694.36315972,-999.0,-0.7174825677290511,-0.6897795579811656,0.0970717590045406,219.63289853926736,21.31161825756908,2.3901227075978886,53.4586641257859,-999,0,1,0,1,0,0,0,-999.0,-999.0,-999.0,-999.0,0,-999.0,-999.0,-999.0,-999.0,-999.0,0,-999.0,-999.0,-999.0,0,0,0.8124989867210388,21.424400329589844,0.23738500475883484,-999.0,1,21.424400329589844,21.424400329589844,-999.0,-999.0,-999.0,1,21.68000030517578,0.23738500475883484,-999.0,1,4112,-999.0,-999.0,-999.0,-999.0,0,-999.0,-999.0,-999.0,-999.0,-999.0,0,-999.0,-999.0,-999.0,0,0,-999.0,-999.0,-999.0,-999.0,0,-999.0,-999.0,-999.0,-999.0,-999.0,0,-999.0,-999.0,-999.0,0,0,-999.0,-999.0,-999.0,-999.0,0,-999.0,-999.0,-999.0,-999.0,-999.0,0,-999.0,-999.0,-999.0,0,0,0.011693896009656198
PSO J223.8726+05.5725,-999,-999,-999,114682238725937421,3496239000116440,65296387919600,0,15189953417625,11468,1,1467,31,0.748918218304327,3496239,15203,3,1343750144,0,160,223.87259784,5.57246849,0.0010000000474974513,0.0010000000474974513,223.87259784,5.57246849,0.0010000000474974513,0.0010000000474974513,,,,,55928.40103009,-999.0,-0.7174758890336285,-0.6897818730829236,0.09710466632257064,219.63264114648214,21.313531748725982,2.392959717409803,53.45959457663185,-999,1,0,0,0,0,0,0,-999.0,-999.0,-999.0,-999.0,0,-999.0,-999.0,-999.0,-999.0,-999.0,0,-999.0,-999.0,-999.0,0,114720,-999.0,-999.0,-999.0,-999.0,0,-999.0,-999.0,-999.0,-999.0,-999.0,0,-999.0,-999.0,-999.0,0,16416,-999.0,-999.0,-999.0,-999.0,0,-999.0,-999.0,-999.0,-999.0,-999.0,0,-999.0,-999.0,-999.0,0,16416,-999.0,-999.0,-999.0,-999.0,0,-999.0,-999.0,-999.0,-999.0,-999.0,0,-999.0,-999.0,-999.0,0,16416,-999.0,-999.0,-999.0,-999.0,0,-999.0,-999.0,-999.0,-999.0,-999.0,0,-999.0,-999.0,-999.0,0,16416,0.01226738290621288
PSO J223.8727+05.5690,-999,-999,-999,114682238726613260,3496239000021787,65296387822874,0,15189953438599,11468,1,1467,31,0.296922080495322,3496239,15203,3,268959744,0,32,-999.0,-999.0,-999.0,-999.0,223.87265297,5.56901016,0.20760999619960785,0.20760999619960785,,,,,55694.36315972,-999.0,-0.717479449226007,-0.689786624307263,0.09704459214781766,219.63383979157908,21.310258204743647,2.3885451754343205,53.457346388105854,-999,0,1,0,1,0,0,0,-999.0,-999.0,-999.0,-999.0,0,-999.0,-999.0,-999.0,-999.0,-999.0,0,-999.0,-999.0,-999.0,0,0,0.7783809900283813,21.24690055847168,0.207069993019104,-999.0,1,21.24690055847168,21.24690055847168,-999.0,-999.0,-999.0,0,21.43400001525879,0.207069993019104,-999.0,1,4112,-999.0,-999.0,-999.0,-999.0,0,-999.0,-999.0,-999.0,-999.0,-999.0,0,-999.0,-999.0,-999.0,0,0,-999.0,-999.0,-999.0,-999.0,0,-999.0,-999.0,-999.0,-999.0,-999.0,0,-999.0,-999.0,-999.0,0,0,-999.0,-999.0,-999.0,-999.0,0,-999.0,-999.0,-999.0,-999.0,-999.0,0,-999.0,-999.0,-999.0,0,0,0.010761097186070946
PSO J223.8730+05.5745,-999,-999,-999,114682238730289810,3496239000116452,65296387919612,0,15189953418971,11468,1,1467,31,0.448796254069355,3496239,15203,3,1343750144,0,160,223.87302847,5.57445938,0.0010000000474974513,0.0010000000474974513,223.87302847,5.57445938,0.0010000000474974513,0.0010000000474974513,,,,,55906.63571759,-999.0,-0.7174682718902367,-0.6897849266333018,0.09713924963848465,219.6324210760209,21.315557903663624,2.3959942692664837,53.4605343092488,-999,1,0,0,0,0,0,0,-999.0,-999.0,-999.0,-999.0,0,-999.0,-999.0,-999.0,-999.0,-999.0,0,-999.0,-999.0,-999.0,0,114720,-999.0,-999.0,-999.0,-999.0,0,-999.0,-999.0,-999.0,-999.0,-999.0,0,-999.0,-999.0,-999.0,0,16416,-999.0,-999.0,-999.0,-999.0,0,-999.0,-999.0,-999.0,-999.0,-999.0,0,-999.0,-999.0,-999.0,0,16416,-999.0,-999.0,-999.0,-999.0,0,-999.0,-999.0,-999.0,-999.0,-999.0,0,-999.0,-999.0,-999.0,0,16416,-999.0,-999.0,-999.0,-999.0,0,-999.0,-999.0,-999.0,-999.0,-999.0,0,-999.0,-999.0,-999.0,0,16416,0.013113472646533375
PSO J223.8732+05.5720,-999,-999,-999,114682238731656898,3496239000021868,65296387822955,0,15189953471057,11468,1,1467,31,0.984197821453398,3496239,15203,3,268959744,0,32,-999.0,-999.0,-999.0,-999.0,223.87315626,5.5720416,0.20184999704360962,0.20184999704360962,,,,,55694.36315972,-999.0,-0.7174696877285164,-0.6897893671690856,0.09709725089423239,219.6333498103471,21.31329665392461,2.3930029135277358,53.458894243590315,-999,0,1,0,1,0,0,0,-999.0,-999.0,-999.0,-999.0,0,-999.0,-999.0,-999.0,-999.0,-999.0,0,-999.0,-999.0,-999.0,0,0,0.570963978767395,21.16200065612793,0.20129500329494476,-999.0,1,21.16200065612793,21.16200065612793,20.474000930786133,0.16044199466705322,-999.0,1,21.198299407958984,0.20129500329494476,-999.0,1,4112,-999.0,-999.0,-999.0,-999.0,0,-999.0,-999.0,-999.0,-999.0,-999.0,0,-999.0,-999.0,-999.0,0,0,-999.0,-999.0,-999.0,-999.0,0,-999.0,-999.0,-999.0,-999.0,-999.0,0,-999.0,-999.0,-999.0,0,0,-999.0,-999.0,-999.0,-999.0,0,-999.0,-999.0,-999.0,-999.0,-999.0,0,-999.0,-999.0,-999.0,0,0,0.011569505680002375
PSO J223.8733+05.5711,-999,-999,-999,114682238733165830,3496239000116459,65296387919619,0,15189953471408,11468,1,1467,31,0.70723351622674,3496239,15203,3,1343750144,0,160,223.87331676,5.57114216,0.0010000000474974513,0.0010000000474974513,223.87331676,5.57114216,0.0010000000474974513,0.0010000000474974513,,,,,55971.37297454,-999.0,-0.7174688541553311,-0.6897924333026745,0.09708162686838105,219.63381012387393,21.31249004839554,2.3920105972346235,53.45819751519672,-999,1,0,0,0,0,0,0,-999.0,-999.0,-999.0,-999.0,0,-999.0,-999.0,-999.0,-999.0,-999.0,0,-999.0,-999.0,-999.0,0,114720,-999.0,-999.0,-999.0,-999.0,0,-999.0,-999.0,-999.0,-999.0,-999.0,0,-999.0,-999.0,-999.0,0,16416,-999.0,-999.0,-999.0,-999.0,0,-999.0,-999.0,-999.0,-999.0,-999.0,0,-999.0,-999.0,-999.0,0,16416,-999.0,-999.0,-999.0,-999.0,0,-999.0,-999.0,-999.0,-999.0,-999.0,0,-999.0,-999.0,-999.0,0,16416,-999.0,-999.0,-999.0,-999.0,0,-999.0,-999.0,-999.0,-999.0,-999.0,0,-999.0,-999.0,-999.0,0,16416,0.010976722786288461
PSO J223.8734+05.5736,-999,-999,-999,114682238734558771,3496239000021921,65296387823008,0,15189953472770,11468,1,1467,31,0.288722668111997,3496239,15203,3,268959744,0,32,-999.0,-999.0,-999.0,-999.0,223.87344431,5.57359866,0.19214999675750732,0.19214999675750732,,,,,55694.35231481,-999.0,-0.7174643174285955,-0.6897911451313353,0.09712429827350455,219.63312815635337,21.31486636303566,2.395324194438675,53.45966657159044,-999,0,1,0,1,0,0,0,-999.0,-999.0,-999.0,-999.0,0,-999.0,-999.0,-999.0,-999.0,-999.0,0,-999.0,-999.0,-999.0,0,0,0.736615002155304,20.797399520874023,0.19156800210475922,-999.0,1,20.797399520874023,20.797399520874023,-999.0,-999.0,-999.0,1,24.68709945678711,0.19156800210475922,-999.0,1,4112,-999.0,-999.0,-999.0,-999.0,0,-999.0,-999.0,-999.0,-999.0,-999.0,0,-999.0,-999.0,-999.0,0,0,-999.0,-999.0,-999.0,-999.0,0,-999.0,-999.0,-999.0,-999.0,-999.0,0,-999.0,-999.0,-999.0,0,0,-999.0,-999.0,-999.0,-999.0,0,-999.0,-999.0,-999.0,-999.0,-999.0,0,-999.0,-999.0,-999.0,0,0,0.012243583047965594
PSO J223.8736+05.5701,-999,-999,-999,114682238735524612,3496239000116463,65296387919623,0,15189953438276,11468,1,1467,31,0.829429527585795,3496239,15203,3,1343750144,0,160,223.87355291,5.57012789,0.0010000000474974513,0.0010000000474974513,223.87355291,5.57012789,0.0010000000474974513,0.0010000000474974513,,,,,55906.63571759,-999.0,-0.7174672498613927,-0.689796581394759,0.09706400812058848,219.63438526702006,21.311597361121567,2.390950445068229,53.4573695459236,-999,1,0,0,0,0,0,0,-999.0,-999.0,-999.0,-999.0,0,-999.0,-999.0,-999.0,-999.0,-999.0,0,-999.0,-999.0,-999.0,0,114720,-999.0,-999.0,-999.0,-999.0,0,-999.0,-999.0,-999.0,-999.0,-999.0,0,-999.0,-999.0,-999.0,0,16416,-999.0,-999.0,-999.0,-999.0,0,-999.0,-999.0,-999.0,-999.0,-999.0,0,-999.0,-999.0,-999.0,0,16416,-999.0,-999.0,-999.0,-999.0,0,-999.0,-999.0,-999.0,-999.0,-999.0,0,-999.0,-999.0,-999.0,0,16416,-999.0,-999.0,-999.0,-999.0,0,-999.0,-999.0,-999.0,-999.0,-999.0,0,-999.0,-999.0,-999.0,0,16416,0.010314260812701554
PSO J223.8737+05.5734,-999,-999,-999,114682238736838492,3496239000116466,65296387919626,0,15189953473803,11468,1,1467,31,0.494524858421204,3496239,15203,3,1343750144,0,160,223.87368397,5.57336093,0.0010000000474974513,0.0010000000474974513,223.87368397,5.57336093,0.0010000000474974513,0.0010000000474974513,,,,,56125.39715278,-999.0,-0.7174617226189045,-0.6897944254667261,0.09712016871764231,219.63345031280082,21.31471359328635,2.395272191116805,53.45933123292955,-999,1,0,0,0,0,0,0,-999.0,-999.0,-999.0,-999.0,0,-999.0,-999.0,-999.0,-999.0,-999.0,0,-999.0,-999.0,-999.0,0,114720,-999.0,-999.0,-999.0,-999.0,0,-999.0,-999.0,-999.0,-999.0,-999.0,0,-999.0,-999.0,-999.0,0,16416,-999.0,-999.0,-999.0,-999.0,0,-999.0,-999.0,-999.0,-999.0,-999.0,0,-999.0,-999.0,-999.0,0,16416,-999.0,-999.0,-999.0,-999.0,0,-999.0,-999.0,-999.0,-999.0,-999.0,0,-999.0,-999.0,-999.0,0,16416,-999.0,-999.0,-999.0,-999.0,0,-999.0,-999.0,-999.0,-999.0,-999.0,0,-999.0,-999.0,-999.0,0,16416,0.011908634459681468
PSO J223.8741+05.5738,-999,-999,-999,114682238740749032,3496239000022036,65296387823123,0,15189953472816,11468,1,1467,31,0.796094503063797,3496239,15203,3,268959744,0,32,-999.0,-999.0,-999.0,-999.0,223.87406498,5.57381958,0.16951000690460205,0.16951000690460205,,,,,55694.36315972,-999.0,-0.7174565750996948,-0.6897986576366832,0.09712813582503257,219.63368606574716,21.315266696563874,2.396271719566298,53.4593316983738,-999,0,1,0,1,0,0,0,-999.0,-999.0,-999.0,-999.0,0,-999.0,-999.0,-999.0,-999.0,-999.0,0,-999.0,-999.0,-999.0,0,0,0.8119810223579407,21.005199432373047,0.16884799301624298,-999.0,1,21.005199432373047,21.005199432373047,-999.0,-999.0,-999.0,1,21.947799682617188,0.16884799301624298,-999.0,1,4112,-999.0,-999.0,-999.0,-999.0,0,-999.0,-999.0,-999.0,-999.0,-999.0,0,-999.0,-999.0,-999.0,0,0,-999.0,-999.0,-999.0,-999.0,0,-999.0,-999.0,-999.0,-999.0,-999.0,0,-999.0,-999.0,-999.0,0,0,-999.0,-999.0,-999.0,-999.0,0,-999.0,-999.0,-999.0,-999.0,-999.0,0,-999.0,-999.0,-999.0,0,0,0.011916058999979506
PSO J223.8742+05.5688,-999,-999,-999,114682238741853047,3496239000116477,65296387919637,0,15189953438018,11468,1,1467,31,0.280753867030846,3496239,15203,3,1343750144,0,160,223.87419942,5.56883023,0.0010000000474974513,0.0010000000474974513,223.87419942,5.56883023,0.0010000000474974513,0.0010000000474974513,,,,,56206.31975694,-999.0,-0.7174610508631897,-0.6898062005046274,0.09704146659885834,219.63547114712662,21.310560747853312,2.3899613256558894,53.45604625611096,-999,1,0,0,0,0,0,0,-999.0,-999.0,-999.0,-999.0,0,-999.0,-999.0,-999.0,-999.0,-999.0,0,-999.0,-999.0,-999.0,0,114720,-999.0,-999.0,-999.0,-999.0,0,-999.0,-999.0,-999.0,-999.0,-999.0,0,-999.0,-999.0,-999.0,0,16416,-999.0,-999.0,-999.0,-999.0,0,-999.0,-999.0,-999.0,-999.0,-999.0,0,-999.0,-999.0,-999.0,0,16416,-999.0,-999.0,-999.0,-999.0,0,-999.0,-999.0,-999.0,-999.0,-999.0,0,-999.0,-999.0,-999.0,0,16416,-999.0,-999.0,-999.0,-999.0,0,-999.0,-999.0,-999.0,-999.0,-999.0,0,-999.0,-999.0,-999.0,0,16416,0.009240019349466234
PSO J223.8748+05.5695,-999,-999,-999,114682238747673876,3496239000022191,65296387823278,0,15189953438365,11468,1,1467,31,0.206412957242143,3496239,15203,3,268959744,0,32,-999.0,-999.0,-999.0,-999.0,223.8747578,5.56952382,0.17960000038146973,0.17960000038146973,,,,,55694.36315972,-999.0,-0.7174534814115201,-0.6898123783018779,0.09705351488738817,219.6358095756527,21.311391718804572,2.391453765183222,53.456060665061784,-999,0,1,0,1,0,0,0,-999.0,-999.0,-999.0,-999.0,0,-999.0,-999.0,-999.0,-999.0,-999.0,0,-999.0,-999.0,-999.0,0,0,0.8037819862365723,21.081600189208984,0.17896899580955505,-999.0,1,21.081600189208984,21.081600189208984,21.159400939941406,0.21798400580883026,-999.0,1,21.20439910888672,0.17896899580955505,-999.0,1,4112,-999.0,-999.0,-999.0,-999.0,0,-999.0,-999.0,-999.0,-999.0,-999.0,0,-999.0,-999.0,-999.0,0,0,-999.0,-999.0,-999.0,-999.0,0,-999.0,-999.0,-999.0,-999.0,-999.0,0,-999.0,-999.0,-999.0,0,0,-999.0,-999.0,-999.0,-999.0,0,-999.0,-999.0,-999.0,-999.0,-999.0,0,-999.0,-999.0,-999.0,0,0,0.008972935364716429
PSO J223.8753+05.5737,-999,-999,-999,114682238752478846,3496239000116494,65296387919654,0,15189953473289,11468,1,1467,31,0.391605883270135,3496239,15203,3,1343750144,0,160,223.87528429,5.57368882,0.0010000000474974513,0.0010000000474974513,223.87528429,5.57368882,0.0010000000474974513,0.0010000000474974513,,,,,55928.40103009,-999.0,-0.7174420551353247,-0.6898140792875582,0.09712586442271828,219.6349686827466,21.315515808804076,2.3974025276027766,53.45831362214384,-999,1,0,0,0,0,0,0,-999.0,-999.0,-999.0,-999.0,0,-999.0,-999.0,-999.0,-999.0,-999.0,0,-999.0,-999.0,-999.0,0,114720,-999.0,-999.0,-999.0,-999.0,0,-999.0,-999.0,-999.0,-999.0,-999.0,0,-999.0,-999.0,-999.0,0,16416,-999.0,-999.0,-999.0,-999.0,0,-999.0,-999.0,-999.0,-999.0,-999.0,0,-999.0,-999.0,-999.0,0,16416,-999.0,-999.0,-999.0,-999.0,0,-999.0,-999.0,-999.0,-999.0,-999.0,0,-999.0,-999.0,-999.0,0,16416,-999.0,-999.0,-999.0,-999.0,0,-999.0,-999.0,-999.0,-999.0,-999.0,0,-999.0,-999.0,-999.0,0,16416,0.010946422418011015
PSO J223.8753+05.5665,-999,-999,-999,114682238752950229,3496239000116495,65296387919655,0,15189953439734,11468,1,1467,31,0.590601722328553,3496239,15203,3,404226048,0,48,223.87529277,5.56648173,0.0010000000474974513,0.0010000000474974513,223.87529277,5.56648173,0.0010000000474974513,0.0010000000474974513,,,,,55971.37297454,-999.0,-0.7174507541442211,-0.6898226476566727,0.09700067091431135,219.63735837271503,21.308661179750178,2.3880896102465905,53.4537101372719,-999,2,0,0,0,0,0,0,-999.0,-999.0,-999.0,-999.0,0,-999.0,-999.0,-999.0,-999.0,-999.0,0,-999.0,-999.0,-999.0,0,114720,-999.0,-999.0,-999.0,-999.0,0,-999.0,-999.0,-999.0,-999.0,-999.0,0,-999.0,-999.0,-999.0,0,16416,-999.0,-999.0,-999.0,-999.0,0,-999.0,-999.0,-999.0,-999.0,-999.0,0,-999.0,-999.0,-999.0,0,114720,-999.0,-999.0,-999.0,-999.0,0,-999.0,-999.0,-999.0,-999.0,-999.0,0,-999.0,-999.0,-999.0,0,16416,-999.0,-999.0,-999.0,-999.0,0,-999.0,-999.0,-999.0,-999.0,-999.0,0,-999.0,-999.0,-999.0,0,16416,0.007693832176500847
PSO J223.8753+05.5726,-999,-999,-999,114682238753437567,3496239000022297,65296387823384,0,15189953474522,11468,1,1467,31,0.787483977887299,3496239,15203,3,268959744,0,32,-999.0,-999.0,-999.0,-999.0,223.87533356,5.5725992,0.17610999941825867,0.17610999941825867,,,,,55694.36315972,-999.0,-0.7174427932896223,-0.6898159763083522,0.09710693686106518,219.63537876671253,21.31449417899467,2.3960455651788037,53.45758089501463,-999,0,1,0,1,0,0,0,-999.0,-999.0,-999.0,-999.0,0,-999.0,-999.0,-999.0,-999.0,-999.0,0,-999.0,-999.0,-999.0,0,0,0.5846279859542847,21.022199630737305,0.17546799778938293,-999.0,1,21.022199630737305,21.022199630737305,20.19230079650879,0.13201700150966644,-999.0,1,21.071399688720703,0.17546799778938293,-999.0,1,4112,-999.0,-999.0,-999.0,-999.0,0,-999.0,-999.0,-999.0,-999.0,-999.0,0,-999.0,-999.0,-999.0,0,0,-999.0,-999.0,-999.0,-999.0,0,-999.0,-999.0,-999.0,-999.0,-999.0,0,-999.0,-999.0,-999.0,0,0,-999.0,-999.0,-999.0,-999.0,0,-999.0,-999.0,-999.0,-999.0,-999.0,0,-999.0,-999.0,-999.0,0,0,0.010161739290575206
PSO J223.8757+05.5714,-999,-999,-999,114682238756516137,3496239000022349,65296387823436,0,15189953474284,11468,1,1467,31,0.323964187245783,3496239,15203,3,436527104,7,52,223.87562689,5.57136124,0.0010000000474974513,0.0010000000474974513,223.87562362648342,5.571361879057555,0.014169466996185206,0.014169466996185206,7.52679553956468,-37.63731369902889,10.729938730477633,10.729938730477633,56321.51827754626,6.8723554611206055,-0.7174408124946945,-0.6898210617347662,0.09708544357457785,219.63611305200857,21.3134222168914,2.3947976967679057,53.45654891783322,-999,5,19,8,6,2,3,0,0.9997599720954895,20.81450080871582,0.05519099906086922,0.19757500290870667,8,20.691699981689453,21.262800216674805,20.85689926147461,0.11898200213909149,0.23535600304603577,7,20.749900817871094,0.0691709965467453,0.21323999762535095,8,115000,0.9989489912986755,20.863800048828125,0.10977300256490707,0.2008810043334961,3,20.68720054626465,21.068899154663086,20.723600387573242,0.19869300723075867,0.3202340006828308,3,20.619199752807617,0.17520000040531158,0.31035301089286804,3,115000,0.9901589751243591,21.06399917602539,0.040970999747514725,0.05823399871587753,2,21.01889991760254,21.100799560546875,21.285400390625,0.15220500528812408,0.2356880009174347,2,21.374300003051758,0.4155940115451813,0.690097987651825,2,115000,0.9985600113868713,21.344100952148438,0.04177499935030937,0.06508799642324448,3,21.28070068359375,21.40049934387207,-999.0,-999.0,-999.0,3,21.534500122070312,0.19440299272537231,0.3779909908771515,3,115000,-999.0,-999.0,-999.0,-999.0,0,-999.0,-999.0,-999.0,-999.0,-999.0,0,-999.0,-999.0,-999.0,0,114720,0.009157613552485299
PSO J223.8757+05.5744,-999,-999,-999,114682238756999741,3496239000022361,65296387823448,0,15189953473511,11468,1,1467,31,0.295869221255061,3496239,15203,3,268959744,0,32,-999.0,-999.0,-999.0,-999.0,223.87568968,5.57441072,0.32686999440193176,0.32686999440193176,,,,,55694.36315972,-999.0,-0.71743629222913,-0.6898183072284216,0.09713840437763704,219.635142246462,21.31632684913578,2.398768564204031,53.458463277885045,-999,0,1,0,1,0,0,0,-999.0,-999.0,-999.0,-999.0,0,-999.0,-999.0,-999.0,-999.0,-999.0,0,-999.0,-999.0,-999.0,0,0,0.6935849785804749,21.715999603271484,0.32652801275253296,-999.0,1,21.715999603271484,21.715999603271484,-999.0,-999.0,-999.0,0,22.302000045776367,0.32652801275253296,-999.0,1,4112,-999.0,-999.0,-999.0,-999.0,0,-999.0,-999.0,-999.0,-999.0,-999.0,0,-999.0,-999.0,-999.0,0,0,-999.0,-999.0,-999.0,-999.0,0,-999.0,-999.0,-999.0,-999.0,-999.0,0,-999.0,-999.0,-999.0,0,0,-999.0,-999.0,-999.0,-999.0,0,-999.0,-999.0,-999.0,-999.0,-999.0,0,-999.0,-999.0,-999.0,0,0,0.01120598244788743
PSO J223.8765+05.5708,-999,-999,-999,114682238765245478,3496239000022498,65296387823585,0,15189953472229,11468,1,1467,31,0.226262801537535,3496239,15203,3,268959744,0,32,-999.0,-999.0,-999.0,-999.0,223.87651155,5.57082743,0.09707999974489212,0.09707999974489212,,,,,55694.3334375,-999.0,-0.7174307748805968,-0.6898328076168386,0.09707615973912444,219.63716153812862,21.313169274602217,2.395009653926099,53.45554784611852,-999,0,2,0,0,2,0,0,-999.0,-999.0,-999.0,-999.0,0,-999.0,-999.0,-999.0,-999.0,-999.0,0,-999.0,-999.0,-999.0,0,0,-999.0,-999.0,-999.0,-999.0,0,-999.0,-999.0,-999.0,-999.0,-999.0,0,-999.0,-999.0,-999.0,0,0,0.5084900259971619,20.269100189208984,0.17133300006389618,0.24623200297355652,2,20.128799438476562,20.471399307250977,-999.0,-999.0,-999.0,0,21.45509910583496,0.4646889865398407,0.8238959908485413,2,4112,-999.0,-999.0,-999.0,-999.0,0,-999.0,-999.0,-999.0,-999.0,-999.0,0,-999.0,-999.0,-999.0,0,0,-999.0,-999.0,-999.0,-999.0,0,-999.0,-999.0,-999.0,-999.0,-999.0,0,-999.0,-999.0,-999.0,0,0,0.008130286690786043
PSO J223.8767+05.5699,-999,-999,-999,114682238767304348,3496239000116525,65296387919685,0,15189953440197,11468,1,1467,31,0.84385159783424,3496239,15203,3,1343750144,0,160,223.87673064,5.56991417,0.0010000000474974513,0.0010000000474974513,223.87673064,5.56991417,0.0010000000474974513,0.0010000000474974513,,,,,55973.32822917,-999.0,-0.7174292523423653,-0.6898366233381209,0.09706029561532487,219.63768595687253,21.312367459728776,2.394061977821622,53.45479740429782,-999,1,0,0,0,0,0,0,-999.0,-999.0,-999.0,-999.0,0,-999.0,-999.0,-999.0,-999.0,-999.0,0,-999.0,-999.0,-999.0,0,114720,-999.0,-999.0,-999.0,-999.0,0,-999.0,-999.0,-999.0,-999.0,-999.0,0,-999.0,-999.0,-999.0,0,16416,-999.0,-999.0,-999.0,-999.0,0,-999.0,-999.0,-999.0,-999.0,-999.0,0,-999.0,-999.0,-999.0,0,16416,-999.0,-999.0,-999.0,-999.0,0,-999.0,-999.0,-999.0,-999.0,-999.0,0,-999.0,-999.0,-999.0,0,16416,-999.0,-999.0,-999.0,-999.0,0,-999.0,-999.0,-999.0,-999.0,-999.0,0,-999.0,-999.0,-999.0,0,16416,0.007425961685298202
PSO J223.8768+05.5705,-999,-999,-999,114682238768295110,3496239000022553,65296387823640,0,15189953472110,11468,1,1467,31,0.253966142659975,3496239,15203,3,268959744,0,32,-999.0,-999.0,-999.0,-999.0,223.87681192,5.57054003,0.28374001383781433,0.28374001383781433,,,,,56043.42429398,-999.0,-0.7174275094536342,-0.6898369061944452,0.09707116735278173,219.63756180903584,21.312987837261883,2.3949581393442383,53.45513428863356,-999,0,1,0,1,0,0,0,-999.0,-999.0,-999.0,-999.0,0,-999.0,-999.0,-999.0,-999.0,-999.0,0,-999.0,-999.0,-999.0,0,0,0.4824889898300171,22.32430076599121,0.28334298729896545,-999.0,1,22.32430076599121,22.32430076599121,-999.0,-999.0,-999.0,0,23.533700942993164,0.28334298729896545,-999.0,1,4120,-999.0,-999.0,-999.0,-999.0,0,-999.0,-999.0,-999.0,-999.0,-999.0,0,-999.0,-999.0,-999.0,0,0,-999.0,-999.0,-999.0,-999.0,0,-999.0,-999.0,-999.0,-999.0,-999.0,0,-999.0,-999.0,-999.0,0,0,-999.0,-999.0,-999.0,-999.0,0,-999.0,-999.0,-999.0,-999.0,-999.0,0,-999.0,-999.0,-999.0,0,0,0.007718367447417034
PSO J223.8770+05.5694,-999,-999,-999,114682238770463734,3496239000022581,65296387823668,0,15189953440556,11468,1,1467,31,0.0582766654512628,3496239,15203,3,268959744,0,32,-999.0,-999.0,-999.0,-999.0,223.87703665,5.56940399,0.3045699894428253,0.3045699894428253,,,,,55694.32836806,-999.0,-0.7174261909484151,-0.6898410540330077,0.09705143333242104,219.63816555807796,21.31197578314717,2.393728342226682,53.45423742650796,-999,0,1,0,0,1,0,0,-999.0,-999.0,-999.0,-999.0,0,-999.0,-999.0,-999.0,-999.0,-999.0,0,-999.0,-999.0,-999.0,0,0,-999.0,-999.0,-999.0,-999.0,0,-999.0,-999.0,-999.0,-999.0,-999.0,0,-999.0,-999.0,-999.0,0,0,0.26475200057029724,20.723899841308594,0.3041970133781433,-999.0,1,20.723899841308594,20.723899841308594,-999.0,-999.0,-999.0,0,23.645200729370117,0.3041970133781433,-999.0,1,4112,-999.0,-999.0,-999.0,-999.0,0,-999.0,-999.0,-999.0,-999.0,-999.0,0,-999.0,-999.0,-999.0,0,0,-999.0,-999.0,-999.0,-999.0,0,-999.0,-999.0,-999.0,-999.0,-999.0,0,-999.0,-999.0,-999.0,0,0,0.006898477089890546
PSO J223.8770+05.5686,-999,-999,-999,114682238770973046,3496239000022589,65296387823676,0,15189953440441,11468,1,1467,31,0.0173302469936481,3496239,15203,3,1343750144,0,160,223.87699342,5.56860681,0.0010000000474974513,0.0010000000474974513,223.87699342,5.56860681,0.0010000000474974513,0.0010000000474974513,,,,,56206.31975694,-999.0,-0.7174276847161318,-0.6898414485852636,0.09703758558741976,219.63838497778332,21.31120405678667,2.392651194034823,53.453762090921046,-999,1,1,0,0,1,0,0,-999.0,-999.0,-999.0,-999.0,0,-999.0,-999.0,-999.0,-999.0,-999.0,0,-999.0,-999.0,-999.0,0,114720,-999.0,-999.0,-999.0,-999.0,0,-999.0,-999.0,-999.0,-999.0,-999.0,0,-999.0,-999.0,-999.0,0,16416,0.5569649934768677,21.300899505615234,0.3060159981250763,-999.0,1,21.300899505615234,21.300899505615234,-999.0,-999.0,-999.0,0,22.978300094604492,0.3060159981250763,-999.0,1,20528,-999.0,-999.0,-999.0,-999.0,0,-999.0,-999.0,-999.0,-999.0,-999.0,0,-999.0,-999.0,-999.0,0,16416,-999.0,-999.0,-999.0,-999.0,0,-999.0,-999.0,-999.0,-999.0,-999.0,0,-999.0,-999.0,-999.0,0,16416,0.006567447446762295
PSO J223.8774+05.5667,-999,-999,-999,114682238773790546,3496239000116537,65296387919697,0,15189953443350,11468,1,1467,31,0.999397735110855,3496239,15203,3,1343750144,0,160,223.87738181,5.56674606,0.0010000000474974513,0.0010000000474974513,223.87738181,5.56674606,0.0010000000474974513,0.0010000000474974513,,,,,56014.89693287,-999.0,-0.7174252797208137,-0.689848495720628,0.09700526258661882,219.63939448398597,21.309552599337785,2.39065869208066,53.452277490383,-999,1,0,0,0,0,0,0,-999.0,-999.0,-999.0,-999.0,0,-999.0,-999.0,-999.0,-999.0,-999.0,0,-999.0,-999.0,-999.0,0,114720,-999.0,-999.0,-999.0,-999.0,0,-999.0,-999.0,-999.0,-999.0,-999.0,0,-999.0,-999.0,-999.0,0,16416,-999.0,-999.0,-999.0,-999.0,0,-999.0,-999.0,-999.0,-999.0,-999.0,0,-999.0,-999.0,-999.0,0,16416,-999.0,-999.0,-999.0,-999.0,0,-999.0,-999.0,-999.0,-999.0,-999.0,0,-999.0,-999.0,-999.0,0,16416,-999.0,-999.0,-999.0,-999.0,0,-999.0,-999.0,-999.0,-999.0,-999.0,0,-999.0,-999.0,-999.0,0,16416,0.005657150609621016
PSO J223.8777+05.5669,-999,-999,-999,114682238776680730,3496239000022670,65296387823757,0,15189953443390,11468,1,1467,31,0.539110456164098,3496239,15203,3,268959744,0,32,-999.0,-999.0,-999.0,-999.0,223.87765781,5.56689967,0.23792999982833862,0.23792999982833862,,,,,55694.34011574,-999.0,-0.7174217691698457,-0.6898517713650139,0.09700793094258456,219.63962428373614,21.30978329694207,2.391151599487695,53.452163914335905,-999,0,1,0,0,1,0,0,-999.0,-999.0,-999.0,-999.0,0,-999.0,-999.0,-999.0,-999.0,-999.0,0,-999.0,-999.0,-999.0,0,0,-999.0,-999.0,-999.0,-999.0,0,-999.0,-999.0,-999.0,-999.0,-999.0,0,-999.0,-999.0,-999.0,0,0,0.6499990224838257,20.907100677490234,0.23745599389076233,-999.0,1,20.907100677490234,20.907100677490234,-999.0,-999.0,-999.0,0,-999.0,-999.0,-999.0,0,4112,-999.0,-999.0,-999.0,-999.0,0,-999.0,-999.0,-999.0,-999.0,-999.0,0,-999.0,-999.0,-999.0,0,0,-999.0,-999.0,-999.0,-999.0,0,-999.0,-999.0,-999.0,-999.0,-999.0,0,-999.0,-999.0,-999.0,0,0,0.005412388708207399
PSO J223.8784+05.5717,-999,-999,-999,114682238783546545,3496239000116549,65296387919709,0,15189953472393,11468,1,1467,31,0.521843805463839,3496239,15203,3,1343750144,0,160,223.87836998,5.57174051,0.0010000000474974513,0.0010000000474974513,223.87836998,5.57174051,0.0010000000474974513,0.0010000000474974513,,,,,55878.17760417,-999.0,-0.7174072840674444,-0.6898550052591697,0.09709202071151049,219.63874895133358,21.314607314633445,2.3981719014118994,53.45470561153906,-999,1,0,0,0,0,0,0,-999.0,-999.0,-999.0,-999.0,0,-999.0,-999.0,-999.0,-999.0,-999.0,0,-999.0,-999.0,-999.0,0,114720,-999.0,-999.0,-999.0,-999.0,0,-999.0,-999.0,-999.0,-999.0,-999.0,0,-999.0,-999.0,-999.0,0,16416,-999.0,-999.0,-999.0,-999.0,0,-999.0,-999.0,-999.0,-999.0,-999.0,0,-999.0,-999.0,-999.0,0,16416,-999.0,-999.0,-999.0,-999.0,0,-999.0,-999.0,-999.0,-999.0,-999.0,0,-999.0,-999.0,-999.0,0,16416,-999.0,-999.0,-999.0,-999.0,0,-999.0,-999.0,-999.0,-999.0,-999.0,0,-999.0,-999.0,-999.0,0,16416,0.007448965405590405
PSO J223.8789+05.5734,-999,-999,-999,114682238788728571,3496239000116561,65296387919721,0,15189953476253,11468,1,1467,31,0.971304227571286,3496239,15203,3,1343750144,0,160,223.87887192,5.57342661,0.0010000000474974513,0.0010000000474974513,223.87887192,5.57342661,0.0010000000474974513,0.0010000000474974513,,,,,55906.63571759,-999.0,-0.717399180744495,-0.6898593093397659,0.09712130963073184,219.63870212584888,21.316365324392752,2.4008879604143747,53.455396181453196,-999,1,0,0,0,0,0,0,-999.0,-999.0,-999.0,-999.0,0,-999.0,-999.0,-999.0,-999.0,-999.0,0,-999.0,-999.0,-999.0,0,114720,-999.0,-999.0,-999.0,-999.0,0,-999.0,-999.0,-999.0,-999.0,-999.0,0,-999.0,-999.0,-999.0,0,16416,-999.0,-999.0,-999.0,-999.0,0,-999.0,-999.0,-999.0,-999.0,-999.0,0,-999.0,-999.0,-999.0,0,16416,-999.0,-999.0,-999.0,-999.0,0,-999.0,-999.0,-999.0,-999.0,-999.0,0,-999.0,-999.0,-999.0,0,16416,-999.0,-999.0,-999.0,-999.0,0,-999.0,-999.0,-999.0,-999.0,-999.0,0,-999.0,-999.0,-999.0,0,16416,0.008585520448345511
PSO J223.8794+05.5718,-999,-999,-999,114682238794086568,3496239000116570,65296387919730,0,15189953475755,11468,1,1467,31,0.376788036317367,3496239,15203,3,1343750144,0,160,223.87940894,5.57175734,0.0010000000474974513,0.0010000000474974513,223.87940894,5.57175734,0.0010000000474974513,0.0010000000474974513,,,,,55906.63571759,-999.0,-0.7173947540634557,-0.6898679943194811,0.09709231306262316,219.63979948925825,21.314941580572476,2.399301209886033,53.45391990157531,-999,1,0,0,0,0,0,0,-999.0,-999.0,-999.0,-999.0,0,-999.0,-999.0,-999.0,-999.0,-999.0,0,-999.0,-999.0,-999.0,0,114720,-999.0,-999.0,-999.0,-999.0,0,-999.0,-999.0,-999.0,-999.0,-999.0,0,-999.0,-999.0,-999.0,0,16416,-999.0,-999.0,-999.0,-999.0,0,-999.0,-999.0,-999.0,-999.0,-999.0,0,-999.0,-999.0,-999.0,0,16416,-999.0,-999.0,-999.0,-999.0,0,-999.0,-999.0,-999.0,-999.0,-999.0,0,-999.0,-999.0,-999.0,0,16416,-999.0,-999.0,-999.0,-999.0,0,-999.0,-999.0,-999.0,-999.0,-999.0,0,-999.0,-999.0,-999.0,0,16416,0.006871930206355683
PSO J223.8797+05.5742,-999,-999,-999,114682238797499514,3496239000023075,65296387824162,0,15189953478600,11468,1,1467,31,0.914795422847192,3496239,15203,3,268959744,0,32,-999.0,-999.0,-999.0,-999.0,223.87973979,5.57421891,0.24872000515460968,0.24872000515460968,,,,,56384.58405093,-999.0,-0.7173877631225531,-0.6898692448673437,0.09713507249279554,219.63932256195196,21.31738501128975,2.4028379674812803,53.45523615838931,-999,0,1,0,0,1,0,0,-999.0,-999.0,-999.0,-999.0,0,-999.0,-999.0,-999.0,-999.0,-999.0,0,-999.0,-999.0,-999.0,0,0,-999.0,-999.0,-999.0,-999.0,0,-999.0,-999.0,-999.0,-999.0,-999.0,0,-999.0,-999.0,-999.0,0,0,0.6263689994812012,21.55579948425293,0.24826499819755554,-999.0,1,21.55579948425293,21.55579948425293,-999.0,-999.0,-999.0,0,22.09429931640625,0.24826499819755554,-999.0,1,4120,-999.0,-999.0,-999.0,-999.0,0,-999.0,-999.0,-999.0,-999.0,-999.0,0,-999.0,-999.0,-999.0,0,0,-999.0,-999.0,-999.0,-999.0,0,-999.0,-999.0,-999.0,-999.0,-999.0,0,-999.0,-999.0,-999.0,0,0,0.008940519745511398
PSO J223.8798+05.5707,-999,-999,-999,114682238798295235,3496239000116579,65296387919739,0,15189953464329,11468,1,1467,31,0.721939380953032,3496239,15203,3,1343750144,0,160,223.87981233,5.57065616,0.0010000000474974513,0.0010000000474974513,223.87981233,5.57065616,0.0010000000474974513,0.0010000000474974513,,,,,56206.31975694,-999.0,-0.7173912419405492,-0.6898743384214915,0.09707318463152388,219.64057332556362,21.314017414701606,2.398306900432429,53.45290835845877,-999,1,0,0,0,0,0,0,-999.0,-999.0,-999.0,-999.0,0,-999.0,-999.0,-999.0,-999.0,-999.0,0,-999.0,-999.0,-999.0,0,114720,-999.0,-999.0,-999.0,-999.0,0,-999.0,-999.0,-999.0,-999.0,-999.0,0,-999.0,-999.0,-999.0,0,16416,-999.0,-999.0,-999.0,-999.0,0,-999.0,-999.0,-999.0,-999.0,-999.0,0,-999.0,-999.0,-999.0,0,16416,-999.0,-999.0,-999.0,-999.0,0,-999.0,-999.0,-999.0,-999.0,-999.0,0,-999.0,-999.0,-999.0,0,16416,-999.0,-999.0,-999.0,-999.0,0,-999.0,-999.0,-999.0,-999.0,-999.0,0,-999.0,-999.0,-999.0,0,16416,0.0057272087495980045
PSO J223.8799+05.5710,-999,-999,-999,114682238799505694,3496239000023100,65296387824187,0,15189953475615,11468,1,1467,31,0.531039714376479,3496239,15203,3,268959744,0,32,-999.0,-999.0,-999.0,-999.0,223.87994031,5.57103483,0.3636400103569031,0.3636400103569031,,,,,56384.59559028,-999.0,-0.717389238537064,-0.6898754961244288,0.09707976245482174,219.64057831806792,21.314416906710683,2.3989331078179488,53.45305176180474,-999,0,1,0,0,1,0,0,-999.0,-999.0,-999.0,-999.0,0,-999.0,-999.0,-999.0,-999.0,-999.0,0,-999.0,-999.0,-999.0,0,0,-999.0,-999.0,-999.0,-999.0,0,-999.0,-999.0,-999.0,-999.0,-999.0,0,-999.0,-999.0,-999.0,0,0,0.6295419931411743,21.769100189208984,0.36333099007606506,-999.0,1,21.769100189208984,21.769100189208984,-999.0,-999.0,-999.0,0,23.82309913635254,0.36333099007606506,-999.0,1,4120,-999.0,-999.0,-999.0,-999.0,0,-999.0,-999.0,-999.0,-999.0,-999.0,0,-999.0,-999.0,-999.0,0,0,-999.0,-999.0,-999.0,-999.0,0,-999.0,-999.0,-999.0,-999.0,-999.0,0,-999.0,-999.0,-999.0,0,0,0.00598025200053041
PSO J223.8801+05.5746,-999,-999,-999,114682238800979981,3496239000116583,65296387919743,0,15189953478577,11468,1,1467,31,0.977203930706907,3496239,15203,3,1343750144,0,160,223.88009786,5.57460287,0.0010000000474974513,0.0010000000474974513,223.88009786,5.57460287,0.0010000000474974513,0.0010000000474974513,,,,,56041.68789352,-999.0,-0.7173829825636449,-0.6898732769550963,0.09714174216744424,219.6395596918167,21.317860017014244,2.403716329264349,53.45520652145538,-999,1,0,0,0,0,0,0,-999.0,-999.0,-999.0,-999.0,0,-999.0,-999.0,-999.0,-999.0,-999.0,0,-999.0,-999.0,-999.0,0,114720,-999.0,-999.0,-999.0,-999.0,0,-999.0,-999.0,-999.0,-999.0,-999.0,0,-999.0,-999.0,-999.0,0,16416,-999.0,-999.0,-999.0,-999.0,0,-999.0,-999.0,-999.0,-999.0,-999.0,0,-999.0,-999.0,-999.0,0,16416,-999.0,-999.0,-999.0,-999.0,0,-999.0,-999.0,-999.0,-999.0,-999.0,0,-999.0,-999.0,-999.0,0,16416,-999.0,-999.0,-999.0,-999.0,0,-999.0,-999.0,-999.0,-999.0,-999.0,0,-999.0,-999.0,-999.0,0,16416,0.009181068630792622
PSO J223.8804+05.5694,-999,-999,-999,114682238803763785,3496239000023161,65296387824248,0,15189953441945,11468,1,1467,31,0.110137730008119,3496239,15203,3,302067712,0,36,-999.0,-999.0,-999.0,-999.0,223.88035735,5.56944117,0.18827000260353088,0.18827000260353088,,,,,55694.34011574,-999.0,-0.7173861631291484,-0.6898825891970212,0.09705207918253472,219.64152871698423,21.31302834252833,2.397316415788237,53.45171564933182,-999,0,1,0,0,1,0,0,-999.0,-999.0,-999.0,-999.0,0,-999.0,-999.0,-999.0,-999.0,-999.0,0,-999.0,-999.0,-999.0,0,0,-999.0,-999.0,-999.0,-999.0,0,-999.0,-999.0,-999.0,-999.0,-999.0,0,-999.0,-999.0,-999.0,0,0,0.9982849955558777,20.94529914855957,0.1876710057258606,-999.0,1,20.94529914855957,20.94529914855957,-999.0,-999.0,-999.0,0,21.64240074157715,0.1876710057258606,-999.0,1,272,-999.0,-999.0,-999.0,-999.0,0,-999.0,-999.0,-999.0,-999.0,-999.0,0,-999.0,-999.0,-999.0,0,0,-999.0,-999.0,-999.0,-999.0,0,-999.0,-999.0,-999.0,-999.0,-999.0,0,-999.0,-999.0,-999.0,0,0,0.00442073281663203
PSO J223.8804+05.5735,-999,-999,-999,114682238804068686,3496239000106599,65296387907688,0,15189953477785,11468,1,1467,31,0.393866368004928,3496239,15203,3,268513280,0,32,-999.0,-999.0,-999.0,-999.0,223.88039716,5.5735338,0.07146000117063522,0.07146000117063522,,,,,55254.61549769,-999.0,-0.7173806851523867,-0.6898782806464624,0.09712317160478881,219.64021712756406,21.316934519645294,2.4026524664800926,53.454295290021754,-999,0,1,0,0,0,1,0,-999.0,-999.0,-999.0,-999.0,0,-999.0,-999.0,-999.0,-999.0,-999.0,0,-999.0,-999.0,-999.0,0,0,-999.0,-999.0,-999.0,-999.0,0,-999.0,-999.0,-999.0,-999.0,-999.0,0,-999.0,-999.0,-999.0,0,0,-999.0,-999.0,-999.0,-999.0,0,-999.0,-999.0,-999.0,-999.0,-999.0,0,-999.0,-999.0,-999.0,0,0,0.9993799924850464,19.693500518798828,0.06986299902200699,-999.0,1,19.693500518798828,19.693500518798828,20.527700424194336,0.204244002699852,-999.0,1,20.640899658203125,0.06986299902200699,-999.0,1,16,-999.0,-999.0,-999.0,-999.0,0,-999.0,-999.0,-999.0,-999.0,-999.0,0,-999.0,-999.0,-999.0,0,0,0.008072745208385017
PSO J223.8806+05.5667,-999,-999,-999,114682238806000514,3496239000116587,65296387919747,0,15189953445319,11468,1,1467,31,0.703866396754856,3496239,15203,3,1343750144,0,160,223.8806002,5.5667364,0.0010000000474974513,0.0010000000474974513,223.8806002,5.5667364,0.0010000000474974513,0.0010000000474974513,,,,,56041.68789352,-999.0,-0.7173865405511968,-0.6898888048244716,0.09700509478294583,219.64266908786686,21.31052923616765,2.3940771629313113,53.4498043436741,-999,1,0,0,0,0,0,0,-999.0,-999.0,-999.0,-999.0,0,-999.0,-999.0,-999.0,-999.0,-999.0,0,-999.0,-999.0,-999.0,0,114720,-999.0,-999.0,-999.0,-999.0,0,-999.0,-999.0,-999.0,-999.0,-999.0,0,-999.0,-999.0,-999.0,0,16416,-999.0,-999.0,-999.0,-999.0,0,-999.0,-999.0,-999.0,-999.0,-999.0,0,-999.0,-999.0,-999.0,0,16416,-999.0,-999.0,-999.0,-999.0,0,-999.0,-999.0,-999.0,-999.0,-999.0,0,-999.0,-999.0,-999.0,0,16416,-999.0,-999.0,-999.0,-999.0,0,-999.0,-999.0,-999.0,-999.0,-999.0,0,-999.0,-999.0,-999.0,0,16416,0.0025346870285659967
PSO J223.8807+05.5713,-999,-999,-999,114682238807265989,3496239000116589,65296387919749,0,15189953464496,11468,1,1467,31,0.347761106069909,3496239,15203,3,1343750144,0,160,223.88072627,5.5712746,0.0010000000474974513,0.0010000000474974513,223.88072627,5.5712746,0.0010000000474974513,0.0010000000474974513,,,,,56125.39715278,-999.0,-0.7173794822105083,-0.6898850553038757,0.09708392746356784,219.64129803403253,21.314885787292322,2.400081037925866,53.45260217686157,-999,1,0,0,0,0,0,0,-999.0,-999.0,-999.0,-999.0,0,-999.0,-999.0,-999.0,-999.0,-999.0,0,-999.0,-999.0,-999.0,0,114720,-999.0,-999.0,-999.0,-999.0,0,-999.0,-999.0,-999.0,-999.0,-999.0,0,-999.0,-999.0,-999.0,0,16416,-999.0,-999.0,-999.0,-999.0,0,-999.0,-999.0,-999.0,-999.0,-999.0,0,-999.0,-999.0,-999.0,0,16416,-999.0,-999.0,-999.0,-999.0,0,-999.0,-999.0,-999.0,-999.0,-999.0,0,-999.0,-999.0,-999.0,0,16416,-999.0,-999.0,-999.0,-999.0,0,-999.0,-999.0,-999.0,-999.0,-999.0,0,-999.0,-999.0,-999.0,0,16416,0.005842655843797897
PSO J223.8807+05.5687,-999,-999,-999,114682238807362908,3496239000116590,65296387919750,0,15189953442383,11468,1,1467,31,0.26318940172269,3496239,15203,3,1343750144,0,160,223.88073653,5.56870694,0.0010000000474974513,0.0010000000474974513,223.88073653,5.56870694,0.0010000000474974513,0.0010000000474974513,,,,,55971.37297454,-999.0,-0.717382493889959,-0.6898881988233978,0.0970393249380424,219.64215670461616,21.312445894700975,2.396770990730968,53.45095668967668,-999,1,0,0,0,0,0,0,-999.0,-999.0,-999.0,-999.0,0,-999.0,-999.0,-999.0,-999.0,-999.0,0,-999.0,-999.0,-999.0,0,114720,-999.0,-999.0,-999.0,-999.0,0,-999.0,-999.0,-999.0,-999.0,-999.0,0,-999.0,-999.0,-999.0,0,16416,-999.0,-999.0,-999.0,-999.0,0,-999.0,-999.0,-999.0,-999.0,-999.0,0,-999.0,-999.0,-999.0,0,16416,-999.0,-999.0,-999.0,-999.0,0,-999.0,-999.0,-999.0,-999.0,-999.0,0,-999.0,-999.0,-999.0,0,16416,-999.0,-999.0,-999.0,-999.0,0,-999.0,-999.0,-999.0,-999.0,-999.0,0,-999.0,-999.0,-999.0,0,16416,0.0036085314624279058
PSO J223.8808+05.5670,-999,-999,-999,114682238808580898,3496239000023246,65296387824333,0,15189953445363,11468,1,1467,31,0.873322383382658,3496239,15203,3,268959744,0,32,-999.0,-999.0,-999.0,-999.0,223.88084372,5.56703912,0.24426999688148499,0.24426999688148499,,,,,55608.62884259,-999.0,-0.7173832389339779,-0.6898914986027689,0.09701035332489476,219.64281662024408,21.31089185485045,2.3947282500853824,53.44981075919823,-999,0,1,0,0,0,0,1,-999.0,-999.0,-999.0,-999.0,0,-999.0,-999.0,-999.0,-999.0,-999.0,0,-999.0,-999.0,-999.0,0,0,-999.0,-999.0,-999.0,-999.0,0,-999.0,-999.0,-999.0,-999.0,-999.0,0,-999.0,-999.0,-999.0,0,0,-999.0,-999.0,-999.0,-999.0,0,-999.0,-999.0,-999.0,-999.0,-999.0,0,-999.0,-999.0,-999.0,0,0,-999.0,-999.0,-999.0,-999.0,0,-999.0,-999.0,-999.0,-999.0,-999.0,0,-999.0,-999.0,-999.0,0,0,0.838674008846283,19.81570053100586,0.24381199479103088,-999.0,1,19.81570053100586,19.81570053100586,-999.0,-999.0,-999.0,0,20.816099166870117,0.24381199479103088,-999.0,1,4112,0.0024353383374782784
PSO J223.8810+05.5737,-999,-999,-999,114682238810048910,3496239000116596,65296387919756,0,15189953477675,11468,1,1467,31,0.954769638324873,3496239,15203,3,1343750144,0,160,223.88102938,5.57372509,0.0010000000474974513,0.0010000000474974513,223.88102938,5.57372509,0.0010000000474974513,0.0010000000474974513,,,,,56206.31975694,-999.0,-0.7173728390467358,-0.6898859716444439,0.09712649446071589,219.64079658873834,21.31731018203684,2.4035738045930493,53.45393261500445,-999,1,0,0,0,0,0,0,-999.0,-999.0,-999.0,-999.0,0,-999.0,-999.0,-999.0,-999.0,-999.0,0,-999.0,-999.0,-999.0,0,114720,-999.0,-999.0,-999.0,-999.0,0,-999.0,-999.0,-999.0,-999.0,-999.0,0,-999.0,-999.0,-999.0,0,16416,-999.0,-999.0,-999.0,-999.0,0,-999.0,-999.0,-999.0,-999.0,-999.0,0,-999.0,-999.0,-999.0,0,16416,-999.0,-999.0,-999.0,-999.0,0,-999.0,-999.0,-999.0,-999.0,-999.0,0,-999.0,-999.0,-999.0,0,16416,-999.0,-999.0,-999.0,-999.0,0,-999.0,-999.0,-999.0,-999.0,-999.0,0,-999.0,-999.0,-999.0,0,16416,0.008078783351515571
PSO J223.8811+05.5698,-999,-999,-999,114682238810974165,3496239000023275,65296387824362,0,15189953434818,11468,1,1467,31,0.191671586773984,3496239,15203,3,268959744,0,32,-999.0,-999.0,-999.0,-999.0,223.88108272,5.56976193,0.25753000378608704,0.25753000378608704,,,,,55608.62884259,-999.0,-0.71737703746118,-0.6898912946921191,0.09705765107116732,219.64216008625525,21.31355572023612,2.398504494533628,53.45136417999059,-999,0,1,0,0,0,0,1,-999.0,-999.0,-999.0,-999.0,0,-999.0,-999.0,-999.0,-999.0,-999.0,0,-999.0,-999.0,-999.0,0,0,-999.0,-999.0,-999.0,-999.0,0,-999.0,-999.0,-999.0,-999.0,-999.0,0,-999.0,-999.0,-999.0,0,0,-999.0,-999.0,-999.0,-999.0,0,-999.0,-999.0,-999.0,-999.0,-999.0,0,-999.0,-999.0,-999.0,0,0,-999.0,-999.0,-999.0,-999.0,0,-999.0,-999.0,-999.0,-999.0,-999.0,0,-999.0,-999.0,-999.0,0,0,0.7336739897727966,19.73819923400879,0.25709599256515503,-999.0,1,19.73819923400879,19.73819923400879,-999.0,-999.0,-999.0,0,20.013999938964844,0.25709599256515503,-999.0,1,4112,0.00431841313326026
PSO J223.8815+05.5709,-999,-999,-999,114682238815375598,3496239000116603,65296387919763,0,15189953465252,11468,1,1467,31,0.4322074227335,3496239,15203,3,1343750144,0,160,223.88149881,5.57091203,0.0010000000474974513,0.0010000000474974513,223.88149881,5.57091203,0.0010000000474974513,0.0010000000474974513,,,,,56066.2419213,-999.0,-0.7173706229666506,-0.6898951537670485,0.09707762931376208,219.64220309984464,21.314777450120452,2.4004355553476433,53.45177871973512,-999,1,0,0,0,0,0,0,-999.0,-999.0,-999.0,-999.0,0,-999.0,-999.0,-999.0,-999.0,-999.0,0,-999.0,-999.0,-999.0,0,114720,-999.0,-999.0,-999.0,-999.0,0,-999.0,-999.0,-999.0,-999.0,-999.0,0,-999.0,-999.0,-999.0,0,16416,-999.0,-999.0,-999.0,-999.0,0,-999.0,-999.0,-999.0,-999.0,-999.0,0,-999.0,-999.0,-999.0,0,16416,-999.0,-999.0,-999.0,-999.0,0,-999.0,-999.0,-999.0,-999.0,-999.0,0,-999.0,-999.0,-999.0,0,16416,-999.0,-999.0,-999.0,-999.0,0,-999.0,-999.0,-999.0,-999.0,-999.0,0,-999.0,-999.0,-999.0,0,16416,0.005241491213180759
PSO J223.8826+05.5725,-999,-999,-999,114682238825547516,3496239000116624,65296387919784,0,15189953465454,11468,1,1467,31,0.226883322211805,3496239,15203,3,1343750144,0,160,223.88255451,5.57254785,0.0010000000474974513,0.0010000000474974513,223.88255451,5.57254785,0.0010000000474974513,0.0010000000474974513,,,,,56125.39715278,-999.0,-0.7173559132587304,-0.6899064500078442,0.09710604487006362,219.64273582020465,21.316657240455587,2.4036766627386443,53.45201266034058,-999,1,0,0,0,0,0,0,-999.0,-999.0,-999.0,-999.0,0,-999.0,-999.0,-999.0,-999.0,-999.0,0,-999.0,-999.0,-999.0,0,114720,-999.0,-999.0,-999.0,-999.0,0,-999.0,-999.0,-999.0,-999.0,-999.0,0,-999.0,-999.0,-999.0,0,16416,-999.0,-999.0,-999.0,-999.0,0,-999.0,-999.0,-999.0,-999.0,-999.0,0,-999.0,-999.0,-999.0,0,16416,-999.0,-999.0,-999.0,-999.0,0,-999.0,-999.0,-999.0,-999.0,-999.0,0,-999.0,-999.0,-999.0,0,16416,-999.0,-999.0,-999.0,-999.0,0,-999.0,-999.0,-999.0,-999.0,-999.0,0,-999.0,-999.0,-999.0,0,16416,0.0066745931848603245
PSO J223.8827+05.5712,-999,-999,-999,114682238826825844,3496239000023507,65296387824594,0,15189953464777,11468,1,1467,31,0.886708738176812,3496239,15203,3,268959744,0,32,-999.0,-999.0,-999.0,-999.0,223.88266756,5.57116179,0.3709299862384796,0.3709299862384796,,,,,55608.62884259,-999.0,-0.717356244952155,-0.689909493589506,0.09708196785817154,219.64330862976072,21.315373079971547,2.402004367865625,53.451042045618685,-999,0,1,0,0,0,0,1,-999.0,-999.0,-999.0,-999.0,0,-999.0,-999.0,-999.0,-999.0,-999.0,0,-999.0,-999.0,-999.0,0,0,-999.0,-999.0,-999.0,-999.0,0,-999.0,-999.0,-999.0,-999.0,-999.0,0,-999.0,-999.0,-999.0,0,0,-999.0,-999.0,-999.0,-999.0,0,-999.0,-999.0,-999.0,-999.0,-999.0,0,-999.0,-999.0,-999.0,0,0,-999.0,-999.0,-999.0,-999.0,0,-999.0,-999.0,-999.0,-999.0,-999.0,0,-999.0,-999.0,-999.0,0,0,0.22507700324058533,19.578800201416016,0.37063100934028625,-999.0,1,19.578800201416016,19.578800201416016,-999.0,-999.0,-999.0,0,-999.0,-999.0,-999.0,0,4112,0.005284159033734446
PSO J223.8827+05.5695,-999,-999,-999,114682238826903848,3496239000116625,65296387919785,0,15189953435301,11468,1,1467,31,0.384347333930756,3496239,15203,3,1343750144,0,160,223.88269168,5.56950012,0.0010000000474974513,0.0010000000474974513,223.88269168,5.56950012,0.0010000000474974513,0.0010000000474974513,,,,,56041.68789352,-999.0,-0.7173579835424047,-0.6899117469704299,0.09705310319708788,219.64388207905935,21.31379944484142,2.3998808984765083,53.44996380348772,-999,1,0,0,0,0,0,0,-999.0,-999.0,-999.0,-999.0,0,-999.0,-999.0,-999.0,-999.0,-999.0,0,-999.0,-999.0,-999.0,0,114720,-999.0,-999.0,-999.0,-999.0,0,-999.0,-999.0,-999.0,-999.0,-999.0,0,-999.0,-999.0,-999.0,0,16416,-999.0,-999.0,-999.0,-999.0,0,-999.0,-999.0,-999.0,-999.0,-999.0,0,-999.0,-999.0,-999.0,0,16416,-999.0,-999.0,-999.0,-999.0,0,-999.0,-999.0,-999.0,-999.0,-999.0,0,-999.0,-999.0,-999.0,0,16416,-999.0,-999.0,-999.0,-999.0,0,-999.0,-999.0,-999.0,-999.0,-999.0,0,-999.0,-999.0,-999.0,0,16416,0.003625131347269268
PSO J223.8830+05.5742,-999,-999,-999,114682238830149549,3496239000116630,65296387919790,0,15189953463721,11468,1,1467,31,0.0654877145453242,3496239,15203,3,1343750144,0,160,223.88301467,5.57424198,0.0010000000474974513,0.0010000000474974513,223.88301467,5.57424198,0.0010000000474974513,0.0010000000474974513,,,,,56067.73321759,-999.0,-0.7173483026020128,-0.6899102206759867,0.09713547323621007,219.64264390464,21.318410093688666,2.4063584865690153,53.45274026833897,-999,1,0,0,0,0,0,0,-999.0,-999.0,-999.0,-999.0,0,-999.0,-999.0,-999.0,-999.0,-999.0,0,-999.0,-999.0,-999.0,0,114720,-999.0,-999.0,-999.0,-999.0,0,-999.0,-999.0,-999.0,-999.0,-999.0,0,-999.0,-999.0,-999.0,0,16416,-999.0,-999.0,-999.0,-999.0,0,-999.0,-999.0,-999.0,-999.0,-999.0,0,-999.0,-999.0,-999.0,0,16416,-999.0,-999.0,-999.0,-999.0,0,-999.0,-999.0,-999.0,-999.0,-999.0,0,-999.0,-999.0,-999.0,0,16416,-999.0,-999.0,-999.0,-999.0,0,-999.0,-999.0,-999.0,-999.0,-999.0,0,-999.0,-999.0,-999.0,0,16416,0.008353992759259764
PSO J223.8831+05.5736,-999,-999,-999,114682238831238788,3496239000116632,65296387919792,0,15189953463663,11468,1,1467,31,0.39598199110104,3496239,15203,3,1343750144,0,160,223.88313618,5.57360762,0.0010000000474974513,0.0010000000474974513,223.88313618,5.57360762,0.0010000000474974513,0.0010000000474974513,,,,,55928.40103009,-999.0,-0.7173476145671903,-0.6899124874405043,0.0971244539156732,219.6429769909594,21.317843741484786,2.4056674385235413,53.45224257746842,-999,1,0,0,0,0,0,0,-999.0,-999.0,-999.0,-999.0,0,-999.0,-999.0,-999.0,-999.0,-999.0,0,-999.0,-999.0,-999.0,0,114720,-999.0,-999.0,-999.0,-999.0,0,-999.0,-999.0,-999.0,-999.0,-999.0,0,-999.0,-999.0,-999.0,0,16416,-999.0,-999.0,-999.0,-999.0,0,-999.0,-999.0,-999.0,-999.0,-999.0,0,-999.0,-999.0,-999.0,0,16416,-999.0,-999.0,-999.0,-999.0,0,-999.0,-999.0,-999.0,-999.0,-999.0,0,-999.0,-999.0,-999.0,0,16416,-999.0,-999.0,-999.0,-999.0,0,-999.0,-999.0,-999.0,-999.0,-999.0,0,-999.0,-999.0,-999.0,0,16416,0.00772080975289201
PSO J223.8835+05.5725,-999,-999,-999,114682238835267506,3496239000116649,65296387919809,0,15189953466318,11468,1,1467,31,0.114044828446624,3496239,15203,3,1343750144,0,160,223.8835266,5.57253944,0.0010000000474974513,0.0010000000474974513,223.8835266,5.57253944,0.0010000000474974513,0.0010000000474974513,,,,,56033.50321759,-999.0,-0.7173442183577575,-0.6899186305721302,0.09710589878155912,219.64372674161214,21.31694699093209,2.404701886495894,53.451262072451264,-999,1,0,0,0,0,0,0,-999.0,-999.0,-999.0,-999.0,0,-999.0,-999.0,-999.0,-999.0,-999.0,0,-999.0,-999.0,-999.0,0,16416,-999.0,-999.0,-999.0,-999.0,0,-999.0,-999.0,-999.0,-999.0,-999.0,0,-999.0,-999.0,-999.0,0,16416,-999.0,-999.0,-999.0,-999.0,0,-999.0,-999.0,-999.0,-999.0,-999.0,0,-999.0,-999.0,-999.0,0,16416,-999.0,-999.0,-999.0,-999.0,0,-999.0,-999.0,-999.0,-999.0,-999.0,0,-999.0,-999.0,-999.0,0,16416,-999.0,-999.0,-999.0,-999.0,0,-999.0,-999.0,-999.0,-999.0,-999.0,0,-999.0,-999.0,-999.0,0,114720,0.006672057393083366
PSO J223.8840+05.5697,-999,-999,-999,114682238839774103,3496239000116655,65296387919815,0,15189953437396,11468,1,1467,31,0.47162529218162,3496239,15203,3,1343750144,0,160,223.88397741,5.56970364,0.0010000000474974513,0.0010000000474974513,223.88397741,5.56970364,0.0010000000474974513,0.0010000000474974513,,,,,55971.37297454,-999.0,-0.7173422531137511,-0.6899276054895355,0.09705663852185989,219.64512179578546,21.314386900924205,2.4015145369601325,53.449107969575586,-999,1,0,0,0,0,0,0,-999.0,-999.0,-999.0,-999.0,0,-999.0,-999.0,-999.0,-999.0,-999.0,0,-999.0,-999.0,-999.0,0,114720,-999.0,-999.0,-999.0,-999.0,0,-999.0,-999.0,-999.0,-999.0,-999.0,0,-999.0,-999.0,-999.0,0,16416,-999.0,-999.0,-999.0,-999.0,0,-999.0,-999.0,-999.0,-999.0,-999.0,0,-999.0,-999.0,-999.0,0,16416,-999.0,-999.0,-999.0,-999.0,0,-999.0,-999.0,-999.0,-999.0,-999.0,0,-999.0,-999.0,-999.0,0,16416,-999.0,-999.0,-999.0,-999.0,0,-999.0,-999.0,-999.0,-999.0,-999.0,0,-999.0,-999.0,-999.0,0,16416,0.00393769550104302
PSO J223.8842+05.5702,-999,-999,-999,114682238841794639,3496239000116662,65296387919822,0,15189953433860,11468,1,1467,31,0.341613773574693,3496239,15203,3,404226048,0,48,223.88417966,5.57015076,0.0010000000474974513,0.0010000000474974513,223.88417966,5.57015076,0.0010000000474974513,0.0010000000474974513,,,,,55971.37297454,-999.0,-0.7173392718002083,-0.6899296125974912,0.09706440539261861,219.6451796819895,21.314874269277762,2.402308387696099,53.449238076902766,-999,2,0,0,0,0,0,0,-999.0,-999.0,-999.0,-999.0,0,-999.0,-999.0,-999.0,-999.0,-999.0,0,-999.0,-999.0,-999.0,0,16416,-999.0,-999.0,-999.0,-999.0,0,-999.0,-999.0,-999.0,-999.0,-999.0,0,-999.0,-999.0,-999.0,0,16416,-999.0,-999.0,-999.0,-999.0,0,-999.0,-999.0,-999.0,-999.0,-999.0,0,-999.0,-999.0,-999.0,0,16416,-999.0,-999.0,-999.0,-999.0,0,-999.0,-999.0,-999.0,-999.0,-999.0,0,-999.0,-999.0,-999.0,0,114720,-999.0,-999.0,-999.0,-999.0,0,-999.0,-999.0,-999.0,-999.0,-999.0,0,-999.0,-999.0,-999.0,0,114720,0.0044214951765673355
PSO J223.8843+05.5739,-999,-999,-999,114682238843349102,3496239000023760,65296387824847,0,15189953463975,11468,1,1467,31,0.567388365573611,3496239,15203,3,268959744,0,32,-999.0,-999.0,-999.0,-999.0,223.88431736,5.57386789,0.28431999683380127,0.28431999683380127,,,,,56317.68130787,-999.0,-0.7173330735433306,-0.68992696991419,0.09712897500696183,219.64409170321352,21.318453174682457,2.407263017683782,53.45150301432469,-999,0,1,0,0,0,0,1,-999.0,-999.0,-999.0,-999.0,0,-999.0,-999.0,-999.0,-999.0,-999.0,0,-999.0,-999.0,-999.0,0,0,-999.0,-999.0,-999.0,-999.0,0,-999.0,-999.0,-999.0,-999.0,-999.0,0,-999.0,-999.0,-999.0,0,0,-999.0,-999.0,-999.0,-999.0,0,-999.0,-999.0,-999.0,-999.0,-999.0,0,-999.0,-999.0,-999.0,0,0,-999.0,-999.0,-999.0,-999.0,0,-999.0,-999.0,-999.0,-999.0,-999.0,0,-999.0,-999.0,-999.0,0,0,0.7054380178451538,19.83449935913086,0.28392601013183594,-999.0,1,19.83449935913086,19.83449935913086,-999.0,-999.0,-999.0,0,20.384899139404297,0.28392601013183594,-999.0,1,4120,0.00808688648085951
PSO J223.8844+05.5674,-999,-999,-999,114682238844681384,3496239000023779,65296387824866,0,15189953436020,11468,1,1467,31,0.788453722175633,3496239,15203,3,268513280,0,32,-999.0,-999.0,-999.0,-999.0,223.8844451,5.56744989,0.018300000578165054,0.018300000578165054,,,,,56143.27934028,-999.0,-0.7173393724499536,-0.6899361068973902,0.0970174887965037,219.64634169654735,21.312385774869195,2.39909824077691,53.447312064306466,-999,0,1,0,0,0,1,0,-999.0,-999.0,-999.0,-999.0,0,-999.0,-999.0,-999.0,-999.0,-999.0,0,-999.0,-999.0,-999.0,0,0,-999.0,-999.0,-999.0,-999.0,0,-999.0,-999.0,-999.0,-999.0,-999.0,0,-999.0,-999.0,-999.0,0,0,-999.0,-999.0,-999.0,-999.0,0,-999.0,-999.0,-999.0,-999.0,-999.0,0,-999.0,-999.0,-999.0,0,0,0.9998220205307007,17.152000427246094,0.010486000217497349,-999.0,1,17.152000427246094,17.152000427246094,17.906200408935547,0.02865700051188469,-999.0,1,17.849599838256836,0.010486000217497349,-999.0,1,24,-999.0,-999.0,-999.0,-999.0,0,-999.0,-999.0,-999.0,-999.0,-999.0,0,-999.0,-999.0,-999.0,0,0,0.0021232437085769236
PSO J223.8849+05.5693,-999,-999,-999,114682238849213568,3496239000116678,65296387919838,0,15189953433932,11468,1,1467,31,0.791071002177029,3496239,15203,3,404226048,0,48,223.88492184,5.56925847,0.0010000000474974513,0.0010000000474974513,223.88492184,5.56925847,0.0010000000474974513,0.0010000000474974513,,,,,55971.37297454,-999.0,-0.717331424137582,-0.6899399523744206,0.09704890551845782,219.64622887157952,21.314252605042363,2.401945381416877,53.44810005779344,-999,3,0,0,0,0,0,0,-999.0,-999.0,-999.0,-999.0,0,-999.0,-999.0,-999.0,-999.0,-999.0,0,-999.0,-999.0,-999.0,0,114720,-999.0,-999.0,-999.0,-999.0,0,-999.0,-999.0,-999.0,-999.0,-999.0,0,-999.0,-999.0,-999.0,0,114720,-999.0,-999.0,-999.0,-999.0,0,-999.0,-999.0,-999.0,-999.0,-999.0,0,-999.0,-999.0,-999.0,0,16416,-999.0,-999.0,-999.0,-999.0,0,-999.0,-999.0,-999.0,-999.0,-999.0,0,-999.0,-999.0,-999.0,0,114720,-999.0,-999.0,-999.0,-999.0,0,-999.0,-999.0,-999.0,-999.0,-999.0,0,-999.0,-999.0,-999.0,0,16416,0.003875405925530346
PSO J223.8852+05.5721,-999,-999,-999,114682238851536940,3496239000116682,65296387919842,0,15189953462607,11468,1,1467,31,0.726916099644188,3496239,15203,3,1343750144,0,160,223.88517497,5.5720677,0.0010000000474974513,0.0010000000474974513,223.88517497,5.5720677,0.0010000000474974513,0.0010000000474974513,,,,,56016.57618056,-999.0,-0.7173249456673293,-0.6899398221209797,0.09709770427272724,219.64555817871482,21.31700303299707,2.4058485561680856,53.44969754596409,-999,1,0,0,0,0,0,0,-999.0,-999.0,-999.0,-999.0,0,-999.0,-999.0,-999.0,-999.0,-999.0,0,-999.0,-999.0,-999.0,0,114720,-999.0,-999.0,-999.0,-999.0,0,-999.0,-999.0,-999.0,-999.0,-999.0,0,-999.0,-999.0,-999.0,0,16416,-999.0,-999.0,-999.0,-999.0,0,-999.0,-999.0,-999.0,-999.0,-999.0,0,-999.0,-999.0,-999.0,0,16416,-999.0,-999.0,-999.0,-999.0,0,-999.0,-999.0,-999.0,-999.0,-999.0,0,-999.0,-999.0,-999.0,0,16416,-999.0,-999.0,-999.0,-999.0,0,-999.0,-999.0,-999.0,-999.0,-999.0,0,-999.0,-999.0,-999.0,0,16416,0.006547872703893144
PSO J223.8858+05.5732,-999,-999,-999,114682238858588352,3496239000023994,65296387825081,0,15189953465865,11468,1,1467,31,0.42954526881645,3496239,15203,3,268959744,0,32,-999.0,-999.0,-999.0,-999.0,223.88584171,5.57324324,0.23236000537872314,0.23236000537872314,,,,,55338.39131944,-999.0,-0.7173154809775306,-0.6899467882907769,0.09711812434976058,219.64584759918264,21.318325738783482,2.4080796414742305,53.449936038450026,-999,0,1,0,1,0,0,0,-999.0,-999.0,-999.0,-999.0,0,-999.0,-999.0,-999.0,-999.0,-999.0,0,-999.0,-999.0,-999.0,0,0,0.7093160152435303,21.399700164794922,0.23187999427318573,-999.0,1,21.399700164794922,21.399700164794922,-999.0,-999.0,-999.0,0,21.20050048828125,0.23187999427318573,-999.0,1,4120,-999.0,-999.0,-999.0,-999.0,0,-999.0,-999.0,-999.0,-999.0,-999.0,0,-999.0,-999.0,-999.0,0,0,-999.0,-999.0,-999.0,-999.0,0,-999.0,-999.0,-999.0,-999.0,-999.0,0,-999.0,-999.0,-999.0,0,0,-999.0,-999.0,-999.0,-999.0,0,-999.0,-999.0,-999.0,-999.0,-999.0,0,-999.0,-999.0,-999.0,0,0,0.007880279533507697
PSO J223.8859+05.5699,-999,-999,-999,114682238859164288,3496239000116696,65296387919856,0,15189953434517,11468,1,1467,31,0.764000287991017,3496239,15203,3,1343750144,0,160,223.88591624,5.56985767,0.0010000000474974513,0.0010000000474974513,223.88591624,5.56985767,0.0010000000474974513,0.0010000000474974513,,,,,55973.32822917,-999.0,-0.7173187182119847,-0.6899516983365377,0.09705931416017033,219.64704175307764,21.31512729726076,2.4037801667613152,53.44771987767553,-999,1,0,0,0,0,0,0,-999.0,-999.0,-999.0,-999.0,0,-999.0,-999.0,-999.0,-999.0,-999.0,0,-999.0,-999.0,-999.0,0,114720,-999.0,-999.0,-999.0,-999.0,0,-999.0,-999.0,-999.0,-999.0,-999.0,0,-999.0,-999.0,-999.0,0,16416,-999.0,-999.0,-999.0,-999.0,0,-999.0,-999.0,-999.0,-999.0,-999.0,0,-999.0,-999.0,-999.0,0,16416,-999.0,-999.0,-999.0,-999.0,0,-999.0,-999.0,-999.0,-999.0,-999.0,0,-999.0,-999.0,-999.0,0,16416,-999.0,-999.0,-999.0,-999.0,0,-999.0,-999.0,-999.0,-999.0,-999.0,0,-999.0,-999.0,-999.0,0,16416,0.004917588457561698
PSO J223.8859+05.5682,-999,-999,-999,114682238859422268,3496239000116697,65296387919857,0,15189953434152,11468,1,1467,31,0.110610209508436,3496239,15203,3,1343750144,0,160,223.88594114,5.56817474,0.0010000000474974513,0.0010000000474974513,223.88594114,5.56817474,0.0010000000474974513,0.0010000000474974513,,,,,56067.73321759,-999.0,-0.717320472756248,-0.6899539860852582,0.0970300801288777,219.64762298637518,21.31353366302962,2.401630164750534,53.446627503308555,-999,1,0,0,0,0,0,0,-999.0,-999.0,-999.0,-999.0,0,-999.0,-999.0,-999.0,-999.0,-999.0,0,-999.0,-999.0,-999.0,0,114720,-999.0,-999.0,-999.0,-999.0,0,-999.0,-999.0,-999.0,-999.0,-999.0,0,-999.0,-999.0,-999.0,0,16416,-999.0,-999.0,-999.0,-999.0,0,-999.0,-999.0,-999.0,-999.0,-999.0,0,-999.0,-999.0,-999.0,0,16416,-999.0,-999.0,-999.0,-999.0,0,-999.0,-999.0,-999.0,-999.0,-999.0,0,-999.0,-999.0,-999.0,0,16416,-999.0,-999.0,-999.0,-999.0,0,-999.0,-999.0,-999.0,-999.0,-999.0,0,-999.0,-999.0,-999.0,0,16416,0.003714576215577338
PSO J223.8861+05.5665,-999,-999,-999,114682238861130317,3496239000116703,65296387919863,0,15189953259250,11468,1,1467,31,0.729666456328394,3496239,15203,3,1343750144,0,160,223.88611273,5.56654827,0.0010000000474974513,0.0010000000474974513,223.88611273,5.56654827,0.0010000000474974513,0.0010000000474974513,,,,,55940.11799769,-999.0,-0.7173203913442595,-0.6899580434802528,0.09700182677980802,219.64833466778066,21.312038675097014,2.3997096294878193,53.44545864909748,-999,1,0,0,0,0,0,0,-999.0,-999.0,-999.0,-999.0,0,-999.0,-999.0,-999.0,-999.0,-999.0,0,-999.0,-999.0,-999.0,0,114720,-999.0,-999.0,-999.0,-999.0,0,-999.0,-999.0,-999.0,-999.0,-999.0,0,-999.0,-999.0,-999.0,0,16416,-999.0,-999.0,-999.0,-999.0,0,-999.0,-999.0,-999.0,-999.0,-999.0,0,-999.0,-999.0,-999.0,0,16416,-999.0,-999.0,-999.0,-999.0,0,-999.0,-999.0,-999.0,-999.0,-999.0,0,-999.0,-999.0,-999.0,0,16416,-999.0,-999.0,-999.0,-999.0,0,-999.0,-999.0,-999.0,-999.0,-999.0,0,-999.0,-999.0,-999.0,0,16416,0.0031676311719798025
PSO J223.8862+05.5744,-999,-999,-999,114682238861919792,3496239000024041,65296387825128,0,15189953456630,11468,1,1467,31,0.122070274429461,3496239,15203,3,268959744,0,32,-999.0,-999.0,-999.0,-999.0,223.8861749,5.57444285,0.2510499954223633,0.2510499954223633,,,,,55338.39131944,-999.0,-0.7173100030948376,-0.6899495499125415,0.09713896249994317,219.64579000541738,21.31956918311349,2.4099864163200886,53.45044556268914,-999,0,1,0,1,0,0,0,-999.0,-999.0,-999.0,-999.0,0,-999.0,-999.0,-999.0,-999.0,-999.0,0,-999.0,-999.0,-999.0,0,0,0.6929709911346436,21.464500427246094,0.2505970001220703,-999.0,1,21.464500427246094,21.464500427246094,-999.0,-999.0,-999.0,0,21.593599319458008,0.2505970001220703,-999.0,1,4120,-999.0,-999.0,-999.0,-999.0,0,-999.0,-999.0,-999.0,-999.0,-999.0,0,-999.0,-999.0,-999.0,0,0,-999.0,-999.0,-999.0,-999.0,0,-999.0,-999.0,-999.0,-999.0,-999.0,0,-999.0,-999.0,-999.0,0,0,-999.0,-999.0,-999.0,-999.0,0,-999.0,-999.0,-999.0,-999.0,-999.0,0,-999.0,-999.0,-999.0,0,0,0.00911978505234233
PSO J223.8867+05.5737,-999,-999,-999,114682238866798888,3496239000116715,65296387919875,0,15189953457458,11468,1,1467,31,0.760654939115657,3496239,15203,3,1343750144,0,160,223.88667966,5.57371108,0.0010000000474974513,0.0010000000474974513,223.88667966,5.57371108,0.0010000000474974513,0.0010000000474974513,,,,,56016.57618056,-999.0,-0.7173048188872201,-0.6899567291860964,0.09712625109616724,219.64654485044164,21.319027528356145,2.4095778040265285,53.449591951166205,-999,1,0,0,0,0,0,0,-999.0,-999.0,-999.0,-999.0,0,-999.0,-999.0,-999.0,-999.0,-999.0,0,-999.0,-999.0,-999.0,0,114720,-999.0,-999.0,-999.0,-999.0,0,-999.0,-999.0,-999.0,-999.0,-999.0,0,-999.0,-999.0,-999.0,0,16416,-999.0,-999.0,-999.0,-999.0,0,-999.0,-999.0,-999.0,-999.0,-999.0,0,-999.0,-999.0,-999.0,0,16416,-999.0,-999.0,-999.0,-999.0,0,-999.0,-999.0,-999.0,-999.0,-999.0,0,-999.0,-999.0,-999.0,0,16416,-999.0,-999.0,-999.0,-999.0,0,-999.0,-999.0,-999.0,-999.0,-999.0,0,-999.0,-999.0,-999.0,0,16416,0.008637877533641885
PSO J223.8867+05.5723,-999,-999,-999,114682238867417231,3496239000116718,65296387919878,0,15189953462712,11468,1,1467,31,0.669496223954015,3496239,15203,3,1343750144,0,160,223.88674032,5.57230914,0.0010000000474974513,0.0010000000474974513,223.88674032,5.57230914,0.0010000000474974513,0.0010000000474974513,,,,,55940.11799769,-999.0,-0.7173058009964858,-0.6899591358961397,0.09710189828341173,219.6470696353101,21.317712203056136,2.407829108301321,53.448651450271065,-999,1,0,0,0,0,0,0,-999.0,-999.0,-999.0,-999.0,0,-999.0,-999.0,-999.0,-999.0,-999.0,0,-999.0,-999.0,-999.0,0,114720,-999.0,-999.0,-999.0,-999.0,0,-999.0,-999.0,-999.0,-999.0,-999.0,0,-999.0,-999.0,-999.0,0,16416,-999.0,-999.0,-999.0,-999.0,0,-999.0,-999.0,-999.0,-999.0,-999.0,0,-999.0,-999.0,-999.0,0,16416,-999.0,-999.0,-999.0,-999.0,0,-999.0,-999.0,-999.0,-999.0,-999.0,0,-999.0,-999.0,-999.0,0,16416,-999.0,-999.0,-999.0,-999.0,0,-999.0,-999.0,-999.0,-999.0,-999.0,0,-999.0,-999.0,-999.0,0,16416,0.007422215000427068
PSO J223.8869+05.5704,-999,-999,-999,114682238869034930,3496239000116722,65296387919882,0,15189953433698,11468,1,1467,31,0.0915972004566316,3496239,15203,3,1343750144,0,160,223.88691264,5.5703673,0.0010000000474974513,0.0010000000474974513,223.88691264,5.5703673,0.0010000000474974513,0.0010000000474974513,,,,,56206.31975694,-999.0,-0.7173060972975592,-0.6899635742253819,0.09706816688225044,219.64788626250905,21.315917375709848,2.4055012054378313,53.44728101832991,-999,1,0,0,0,0,0,0,-999.0,-999.0,-999.0,-999.0,0,-999.0,-999.0,-999.0,-999.0,-999.0,0,-999.0,-999.0,-999.0,0,114720,-999.0,-999.0,-999.0,-999.0,0,-999.0,-999.0,-999.0,-999.0,-999.0,0,-999.0,-999.0,-999.0,0,16416,-999.0,-999.0,-999.0,-999.0,0,-999.0,-999.0,-999.0,-999.0,-999.0,0,-999.0,-999.0,-999.0,0,16416,-999.0,-999.0,-999.0,-999.0,0,-999.0,-999.0,-999.0,-999.0,-999.0,0,-999.0,-999.0,-999.0,0,16416,-999.0,-999.0,-999.0,-999.0,0,-999.0,-999.0,-999.0,-999.0,-999.0,0,-999.0,-999.0,-999.0,0,16416,0.005935381477818721
PSO J223.8871+05.5715,-999,-999,-999,114682238871066206,3496239000116731,65296387919891,0,15189953462399,11468,1,1467,31,0.914227154957342,3496239,15203,3,1343750144,0,160,223.88711444,5.5714558,0.0010000000474974513,0.0010000000474974513,223.88711444,5.5714558,0.0010000000474974513,0.0010000000474974513,,,,,56014.89693287,-999.0,-0.7173023380103837,-0.6899648221040228,0.09708707506049136,219.64773182854515,21.31701486080112,2.4071240983794624,53.44782045902553,-999,1,0,0,0,0,0,0,-999.0,-999.0,-999.0,-999.0,0,-999.0,-999.0,-999.0,-999.0,-999.0,0,-999.0,-999.0,-999.0,0,114720,-999.0,-999.0,-999.0,-999.0,0,-999.0,-999.0,-999.0,-999.0,-999.0,0,-999.0,-999.0,-999.0,0,16416,-999.0,-999.0,-999.0,-999.0,0,-999.0,-999.0,-999.0,-999.0,-999.0,0,-999.0,-999.0,-999.0,0,16416,-999.0,-999.0,-999.0,-999.0,0,-999.0,-999.0,-999.0,-999.0,-999.0,0,-999.0,-999.0,-999.0,0,16416,-999.0,-999.0,-999.0,-999.0,0,-999.0,-999.0,-999.0,-999.0,-999.0,0,-999.0,-999.0,-999.0,0,16416,0.006911555889346614
PSO J223.8649+05.5773,-999,-999,-999,114692238648923242,3496239000020577,65296387821664,0,15189953383370,11469,1,1467,31,0.221143732984684,3496239,15203,3,436285440,7,52,223.86494491,5.57721921,0.0010000000474974513,0.0010000000474974513,223.86494657949098,5.577287884994548,0.051838939049503756,0.051838939049503756,-105.33739023709295,-1393.8240881477034,135.19896721709594,135.19896721709594,56273.72430368733,0.27705883979797363,-0.7175621045059545,-0.6896803929571879,0.09718838278006574,219.62326848715145,21.31577182103154,2.391032058533701,53.46853554947156,-999,4,4,0,1,2,1,0,-999.0,-999.0,-999.0,-999.0,0,-999.0,-999.0,-999.0,-999.0,-999.0,0,-999.0,-999.0,-999.0,0,114720,0.6135879755020142,21.495800018310547,0.14053699374198914,-999.0,1,21.495800018310547,21.495800018310547,-999.0,-999.0,-999.0,0,22.361099243164062,0.14053699374198914,-999.0,1,118840,0.9992820024490356,21.310800552368164,0.0820000022649765,0.11656100302934647,2,21.220500946044922,21.38450050354004,21.39459991455078,0.25420400500297546,0.41582798957824707,2,21.055500030517578,0.055153001099824905,0.07838500291109085,2,115000,0.9984999895095825,21.295900344848633,0.15025700628757477,-999.0,1,21.295900344848633,21.295900344848633,21.02239990234375,0.23852600157260895,-999.0,1,21.031600952148438,0.15025700628757477,-999.0,1,115000,-999.0,-999.0,-999.0,-999.0,0,-999.0,-999.0,-999.0,-999.0,-999.0,0,-999.0,-999.0,-999.0,0,16416,0.021279358019401375
PSO J223.8646+05.5798,-999,-999,-999,114692238645716246,3496239000020536,65296387821623,0,15189953413412,11469,1,1467,31,0.134601845531354,3496239,15203,3,268959744,0,32,-999.0,-999.0,-999.0,-999.0,223.86456335,5.57983184,0.23345999419689178,0.23345999419689178,,,,,55694.36315972,-999.0,-0.7175636056164428,-0.6896726025188469,0.09723257288383746,219.62204118991755,21.31807600981228,2.393918465084801,53.470449837939704,-999,0,1,0,1,0,0,0,-999.0,-999.0,-999.0,-999.0,0,-999.0,-999.0,-999.0,-999.0,-999.0,0,-999.0,-999.0,-999.0,0,0,0.8065980076789856,21.396499633789062,0.2329780012369156,-999.0,1,21.396499633789062,21.396499633789062,-999.0,-999.0,-999.0,0,21.46269989013672,0.2329780012369156,-999.0,1,4112,-999.0,-999.0,-999.0,-999.0,0,-999.0,-999.0,-999.0,-999.0,-999.0,0,-999.0,-999.0,-999.0,0,0,-999.0,-999.0,-999.0,-999.0,0,-999.0,-999.0,-999.0,-999.0,-999.0,0,-999.0,-999.0,-999.0,0,0,-999.0,-999.0,-999.0,-999.0,0,-999.0,-999.0,-999.0,-999.0,-999.0,0,-999.0,-999.0,-999.0,0,0,0.0230463699329378
PSO J223.8645+05.5817,-999,-999,-999,114692238645228462,3496239000020530,65296387821617,0,15189953414082,11469,1,1467,31,0.953752092042707,3496239,15203,3,268959744,0,32,-999.0,-999.0,-999.0,-999.0,223.86447768,5.58167036,0.23611000180244446,0.23611000180244446,,,,,56785.38998843,-999.0,-0.7175623869855651,-0.6896693672110152,0.09726450901709163,219.62134653349383,21.319798989507206,2.3962060664717795,53.47168812161127,-999,0,1,0,0,1,0,0,-999.0,-999.0,-999.0,-999.0,0,-999.0,-999.0,-999.0,-999.0,-999.0,0,-999.0,-999.0,-999.0,0,0,-999.0,-999.0,-999.0,-999.0,0,-999.0,-999.0,-999.0,-999.0,-999.0,0,-999.0,-999.0,-999.0,0,0,0.7258419990539551,21.86009979248047,0.23563100397586823,-999.0,1,21.86009979248047,21.86009979248047,-999.0,-999.0,-999.0,0,22.925800323486328,0.23563100397586823,-999.0,1,4120,-999.0,-999.0,-999.0,-999.0,0,-999.0,-999.0,-999.0,-999.0,-999.0,0,-999.0,-999.0,-999.0,0,0,-999.0,-999.0,-999.0,-999.0,0,-999.0,-999.0,-999.0,-999.0,-999.0,0,-999.0,-999.0,-999.0,0,0,0.024267730233252606
PSO J223.8640+05.5762,-999,-999,-999,114692238640481945,3496239000020463,65296387821550,0,15189953394069,11469,1,1467,31,0.304850187436538,3496239,15203,3,268959744,0,32,-999.0,-999.0,-999.0,-999.0,223.86403752,5.57623388,0.28964000940322876,0.28964000940322876,,,,,56317.68130787,-999.0,-0.7175743358443459,-0.6896702467541458,0.09717007399205488,219.62269567769508,21.314491675686714,2.388702449228383,53.46855796264564,-999,0,1,0,0,0,0,1,-999.0,-999.0,-999.0,-999.0,0,-999.0,-999.0,-999.0,-999.0,-999.0,0,-999.0,-999.0,-999.0,0,0,-999.0,-999.0,-999.0,-999.0,0,-999.0,-999.0,-999.0,-999.0,-999.0,0,-999.0,-999.0,-999.0,0,0,-999.0,-999.0,-999.0,-999.0,0,-999.0,-999.0,-999.0,-999.0,-999.0,0,-999.0,-999.0,-999.0,0,0,-999.0,-999.0,-999.0,-999.0,0,-999.0,-999.0,-999.0,-999.0,-999.0,0,-999.0,-999.0,-999.0,0,0,0.5903509855270386,19.75,0.289247989654541,-999.0,1,19.75,19.75,-999.0,-999.0,-999.0,0,-999.0,-999.0,-999.0,0,4120,0.02152264004330617
PSO J223.8640+05.5780,-999,-999,-999,114692238640394062,3496239000020460,65296387821547,0,15189953382734,11469,1,1467,31,0.559043258949223,3496239,15203,3,268959744,0,32,-999.0,-999.0,-999.0,-999.0,223.86400776,5.57799967,0.3012700080871582,0.3012700080871582,,,,,55225.65130787,-999.0,-0.7175725346083748,-0.6896677985575965,0.09720074695408037,219.62208191203388,21.31616259123439,2.390955323209481,53.46970709859631,-999,0,1,0,0,0,1,0,-999.0,-999.0,-999.0,-999.0,0,-999.0,-999.0,-999.0,-999.0,-999.0,0,-999.0,-999.0,-999.0,0,0,-999.0,-999.0,-999.0,-999.0,0,-999.0,-999.0,-999.0,-999.0,-999.0,0,-999.0,-999.0,-999.0,0,0,-999.0,-999.0,-999.0,-999.0,0,-999.0,-999.0,-999.0,-999.0,-999.0,0,-999.0,-999.0,-999.0,0,0,0.5594019889831543,21.07979965209961,0.3008979856967926,-999.0,1,21.07979965209961,21.07979965209961,-999.0,-999.0,-999.0,0,20.970699310302734,0.3008979856967926,-999.0,1,4120,-999.0,-999.0,-999.0,-999.0,0,-999.0,-999.0,-999.0,-999.0,-999.0,0,-999.0,-999.0,-999.0,0,0,0.022449881162412044
PSO J223.8638+05.5791,-999,-999,-999,114692238637545425,3496239000116284,65296387919444,0,15189953383916,11469,1,1467,31,0.610219463343005,3496239,15203,3,1343750144,0,160,223.86375449,5.57913786,0.0010000000474974513,0.0010000000474974513,223.86375449,5.57913786,0.0010000000474974513,0.0010000000474974513,,,,,55906.63571759,-999.0,-0.7175741908990296,-0.6896632884452603,0.09722051803232043,219.62144834170263,21.31716790238123,2.392157891009322,53.4706272184959,-999,1,0,0,0,0,0,0,-999.0,-999.0,-999.0,-999.0,0,-999.0,-999.0,-999.0,-999.0,-999.0,0,-999.0,-999.0,-999.0,0,114720,-999.0,-999.0,-999.0,-999.0,0,-999.0,-999.0,-999.0,-999.0,-999.0,0,-999.0,-999.0,-999.0,0,16416,-999.0,-999.0,-999.0,-999.0,0,-999.0,-999.0,-999.0,-999.0,-999.0,0,-999.0,-999.0,-999.0,0,16416,-999.0,-999.0,-999.0,-999.0,0,-999.0,-999.0,-999.0,-999.0,-999.0,0,-999.0,-999.0,-999.0,0,16416,-999.0,-999.0,-999.0,-999.0,0,-999.0,-999.0,-999.0,-999.0,-999.0,0,-999.0,-999.0,-999.0,0,16416,0.02329068197269348
PSO J223.9165+05.5686,-999,-999,-999,114682239164772828,3496239000117285,65296387920445,0,15189956629860,11468,1,1467,31,0.726992008953348,3496239,15203,3,1343750144,0,160,223.9164773,5.56864013,0.0010000000474974513,0.0010000000474974513,223.9164773,5.56864013,0.0010000000474974513,0.0010000000474974513,,,,,55848.97178241,-999.0,-0.7169520876562887,-0.690335642030571,0.09703816438664119,219.67851123679603,21.323327057028884,2.434759968484478,53.42351120123498,-999,1,0,0,0,0,0,0,-999.0,-999.0,-999.0,-999.0,0,-999.0,-999.0,-999.0,-999.0,-999.0,0,-999.0,-999.0,-999.0,0,114720,-999.0,-999.0,-999.0,-999.0,0,-999.0,-999.0,-999.0,-999.0,-999.0,0,-999.0,-999.0,-999.0,0,16416,-999.0,-999.0,-999.0,-999.0,0,-999.0,-999.0,-999.0,-999.0,-999.0,0,-999.0,-999.0,-999.0,0,16416,-999.0,-999.0,-999.0,-999.0,0,-999.0,-999.0,-999.0,-999.0,-999.0,0,-999.0,-999.0,-999.0,0,16416,-999.0,-999.0,-999.0,-999.0,0,-999.0,-999.0,-999.0,-999.0,-999.0,0,-999.0,-999.0,-999.0,0,16416,0.03343285492620857
PSO J223.9163+05.5729,-999,-999,-999,114682239162887921,3496239000028564,65296387829651,0,15189956684819,11468,1,1467,31,0.87007064918994,3496239,15203,3,268959744,0,32,-999.0,-999.0,-999.0,-999.0,223.9162679,5.57288549,0.5054100155830383,0.5054100155830383,,,,,56317.67460648,-999.0,-0.7169494292533017,-0.6903280327782979,0.09711190994831793,219.67689649215185,21.327302474846825,2.4400266730231963,53.42637783604596,-999,0,1,0,0,0,0,1,-999.0,-999.0,-999.0,-999.0,0,-999.0,-999.0,-999.0,-999.0,-999.0,0,-999.0,-999.0,-999.0,0,0,-999.0,-999.0,-999.0,-999.0,0,-999.0,-999.0,-999.0,-999.0,-999.0,0,-999.0,-999.0,-999.0,0,0,-999.0,-999.0,-999.0,-999.0,0,-999.0,-999.0,-999.0,-999.0,-999.0,0,-999.0,-999.0,-999.0,0,0,-999.0,-999.0,-999.0,-999.0,0,-999.0,-999.0,-999.0,-999.0,-999.0,0,-999.0,-999.0,-999.0,0,0,0.695605993270874,21.00040054321289,-999.0,-999.0,1,21.00040054321289,21.00040054321289,-999.0,-999.0,-999.0,0,-999.0,-999.0,-999.0,0,4120,0.03384218687682157
PSO J223.9063+05.5762,-999,-999,-999,114692239063201954,3496239000027148,65296387828235,0,15189956662745,11469,1,1467,31,0.132315396454479,3496239,15203,3,310456320,0,37,-999.0,-999.0,-999.0,-999.0,223.90628655,5.57624628,0.0847100019454956,0.0847100019454956,,,,,56398.55810185,-999.0,-0.7170655733798366,-0.6901991729447063,0.09717028938873136,219.66563929317175,21.32744422563681,2.433744927019472,53.43617453095776,-999,0,1,0,0,1,0,0,-999.0,-999.0,-999.0,-999.0,0,-999.0,-999.0,-999.0,-999.0,-999.0,0,-999.0,-999.0,-999.0,0,0,-999.0,-999.0,-999.0,-999.0,0,-999.0,-999.0,-999.0,-999.0,-999.0,0,-999.0,-999.0,-999.0,0,0,0.09162499755620956,20.812599182128906,0.0833669975399971,-999.0,1,20.812599182128906,20.812599182128906,20.307899475097656,0.11774999648332596,-999.0,1,20.25550079345703,0.0833669975399971,-999.0,1,16777752,-999.0,-999.0,-999.0,-999.0,0,-999.0,-999.0,-999.0,-999.0,-999.0,0,-999.0,-999.0,-999.0,0,0,-999.0,-999.0,-999.0,-999.0,0,-999.0,-999.0,-999.0,-999.0,-999.0,0,-999.0,-999.0,-999.0,0,0,0.0253859560381615
PSO J223.9062+05.5770,-999,-999,-999,114692239062472882,3496239000027137,65296387828224,0,15189956670204,11469,1,1467,31,0.129304795646393,3496239,15203,3,310456320,0,37,-999.0,-999.0,-999.0,-999.0,223.90621609,5.577025,0.09318000078201294,0.09318000078201294,,,,,56398.57015046,-999.0,-0.7170654705854691,-0.6901973752088434,0.09718381629089656,219.66531046838824,21.328163600165272,2.434677096053109,53.436724946823645,-999,0,1,0,0,1,0,0,-999.0,-999.0,-999.0,-999.0,0,-999.0,-999.0,-999.0,-999.0,-999.0,0,-999.0,-999.0,-999.0,0,0,-999.0,-999.0,-999.0,-999.0,0,-999.0,-999.0,-999.0,-999.0,-999.0,0,-999.0,-999.0,-999.0,0,0,0.06327500194311142,20.842100143432617,0.0919639989733696,-999.0,1,20.842100143432617,20.842100143432617,19.849300384521484,0.08177399635314941,-999.0,1,19.9552001953125,0.0919639989733696,-999.0,1,16777752,-999.0,-999.0,-999.0,-999.0,0,-999.0,-999.0,-999.0,-999.0,-999.0,0,-999.0,-999.0,-999.0,0,0,-999.0,-999.0,-999.0,-999.0,0,-999.0,-999.0,-999.0,-999.0,-999.0,0,-999.0,-999.0,-999.0,0,0,0.02565032484651584
PSO J223.9060+05.5789,-999,-999,-999,114692239060335176,3496239000027094,65296387828181,0,15189956673228,11469,1,1467,31,0.796926909868537,3496239,15203,3,268959744,0,32,-999.0,-999.0,-999.0,-999.0,223.90602043,5.57894023,0.29297998547554016,0.29297998547554016,,,,,56785.37768519,-999.0,-0.7170654866192837,-0.6901926732938567,0.09721708507731291,219.66447898599645,21.329926021180217,2.43694601193092,53.438095793097936,-999,0,1,0,0,1,0,0,-999.0,-999.0,-999.0,-999.0,0,-999.0,-999.0,-999.0,-999.0,-999.0,0,-999.0,-999.0,-999.0,0,0,-999.0,-999.0,-999.0,-999.0,0,-999.0,-999.0,-999.0,-999.0,-999.0,0,-999.0,-999.0,-999.0,0,0,0.4136419892311096,21.737300872802734,0.29259800910949707,-999.0,1,21.737300872802734,21.737300872802734,-999.0,-999.0,-999.0,0,22.50629997253418,0.29259800910949707,-999.0,1,4120,-999.0,-999.0,-999.0,-999.0,0,-999.0,-999.0,-999.0,-999.0,-999.0,0,-999.0,-999.0,-999.0,0,0,-999.0,-999.0,-999.0,-999.0,0,-999.0,-999.0,-999.0,-999.0,-999.0,0,-999.0,-999.0,-999.0,0,0,0.026368618213065128
PSO J223.9057+05.5776,-999,-999,-999,114692239057713611,3496239000027058,65296387828145,0,15189956672869,11469,1,1467,31,0.146874569493229,3496239,15203,3,302067712,7,36,-999.0,-999.0,-999.0,-999.0,223.90568818775253,5.577595770527296,0.0537169332905535,0.0537169332905535,-232.56288122510568,-173.26821772488753,101.29647913084756,101.29647913084756,56635.05319976519,0.5951850414276123,-0.7170711322251352,-0.6901900969965934,0.09719373095624906,219.66458268283534,21.328544436121224,2.434850711303755,53.43749562376333,-999,0,3,1,0,1,0,1,0.9987840056419373,21.555999755859375,0.1750349998474121,-999.0,1,21.555999755859375,21.555999755859375,21.254899978637695,0.22099600732326508,-999.0,1,21.195499420166016,0.1750349998474121,-999.0,1,280,-999.0,-999.0,-999.0,-999.0,0,-999.0,-999.0,-999.0,-999.0,-999.0,0,-999.0,-999.0,-999.0,0,0,0.9992460012435913,21.583200454711914,0.15769000351428986,-999.0,1,21.583200454711914,21.583200454711914,21.06999969482422,0.19798900187015533,-999.0,1,21.187700271606445,0.15769000351428986,-999.0,1,280,-999.0,-999.0,-999.0,-999.0,0,-999.0,-999.0,-999.0,-999.0,-999.0,0,-999.0,-999.0,-999.0,0,0,0.9984639883041382,20.197500228881836,0.18283599615097046,-999.0,1,20.197500228881836,20.197500228881836,19.87700080871582,0.21703000366687775,-999.0,1,19.635900497436523,0.18283599615097046,-999.0,1,16777496,0.025435668599070215
PSO J223.9055+05.5774,-999,-999,-999,114692239055793334,3496239000027025,65296387828112,0,15189956672993,11469,1,1467,31,0.20173522662533,3496239,15203,3,444915712,7,53,223.90555707,5.57743401,0.0010000000474974513,0.0010000000474974513,223.90550633121762,5.5773739118655365,0.011811715432047698,0.011811715432047698,5.564522756172917,-33.195186923584,10.843197227762046,10.843197227762046,56388.925969031836,12.417481422424316,-0.7170735940306581,-0.6901880819954311,0.09718987712423134,219.66447169642342,21.328279749780094,2.4343736996451626,53.43749390489057,-999,5,32,2,5,12,10,3,0.9994779825210571,21.65959930419922,0.0570949986577034,0.0809599980711937,2,21.606700897216797,21.72089958190918,21.085599899291992,0.007147999946027994,0.010166999883949757,2,21.02680015563965,0.12029200047254562,0.17061300575733185,2,16892216,0.9991639852523804,21.346599578857422,0.03485599905252457,0.10111899673938751,5,21.227100372314453,21.461999893188477,20.68280029296875,0.0753059983253479,0.1696300059556961,5,20.702699661254883,0.04796599969267845,0.1298000067472458,5,16892216,0.9995120167732239,21.024700164794922,0.06852400302886963,0.2534579932689667,12,20.591100692749023,21.197099685668945,20.199499130249023,0.05096700042486191,0.20734700560569763,12,20.237300872802734,0.05064300075173378,0.20772799849510193,12,16892216,0.9985179901123047,20.883100509643555,0.052011001855134964,0.31494998931884766,10,20.395599365234375,21.17449951171875,19.999799728393555,0.028085000813007355,0.21076500415802002,10,20.114500045776367,0.038093000650405884,0.2754400074481964,10,16892216,0.9980790019035339,20.283199310302734,0.15473799407482147,0.29486900568008423,3,20.023799896240234,20.6028995513916,19.782100677490234,0.23244400322437286,0.40816399455070496,3,19.804899215698242,0.19939300417900085,0.45968198776245117,3,16892216,0.02517312589642836
PSO J223.9054+05.5773,-999,-999,-999,114692239053763096,3496239000026998,65296387828085,0,15189956672798,11469,1,1467,31,0.925588176516432,3496239,15203,3,310697984,7,37,-999.0,-999.0,-999.0,-999.0,223.9053763707256,5.577249537556107,0.033485550503643415,0.033485550503643415,-55.256971405813424,-14.272421833810895,19.54511804210583,19.54511804210583,56082.64969560444,7.864204406738281,-0.7170753115421656,-0.6901866018021786,0.09718771665939537,219.66437787261123,21.32812248233614,2.434074168828411,53.43751701554444,-999,0,7,1,1,1,4,0,0.9993860125541687,21.36370086669922,0.15985499322414398,-999.0,1,21.36370086669922,21.36370086669922,20.589099884033203,0.17059999704360962,-999.0,1,20.59149932861328,0.15985499322414398,-999.0,1,16777496,0.9972720146179199,21.07349967956543,0.1703830063343048,-999.0,1,21.07349967956543,21.07349967956543,21.107999801635742,0.2853110134601593,-999.0,1,21.281299591064453,0.1703830063343048,-999.0,1,272,0.9991329908370972,20.735700607299805,0.1244020015001297,-999.0,1,20.735700607299805,20.735700607299805,19.86199951171875,0.12750400602817535,-999.0,1,19.969499588012695,0.1244020015001297,-999.0,1,16777496,0.9997990131378174,20.28619956970215,0.2239910066127777,0.44897499680519104,4,20.28230094909668,20.86050033569336,20.033599853515625,0.11225699633359909,0.3865000009536743,4,19.763599395751953,0.21378900110721588,0.4426949918270111,4,16777496,-999.0,-999.0,-999.0,-999.0,0,-999.0,-999.0,-999.0,-999.0,-999.0,0,-999.0,-999.0,-999.0,0,0,0.025001334828883108
PSO J223.9053+05.5786,-999,-999,-999,114692239052714747,3496239000026982,65296387828069,0,15189956673516,11469,1,1467,31,0.255090169846164,3496239,15203,3,268959744,0,32,-999.0,-999.0,-999.0,-999.0,223.9052515,5.5785786,0.3028300106525421,0.3028300106525421,,,,,56785.38998843,-999.0,-0.7170751912649311,-0.6901834754517918,0.09721080333814786,219.66381671653963,21.329346479323238,2.4356593533236413,53.43845495869895,-999,0,1,0,0,1,0,0,-999.0,-999.0,-999.0,-999.0,0,-999.0,-999.0,-999.0,-999.0,-999.0,0,-999.0,-999.0,-999.0,0,0,-999.0,-999.0,-999.0,-999.0,0,-999.0,-999.0,-999.0,-999.0,-999.0,0,-999.0,-999.0,-999.0,0,0,0.5443170070648193,21.938100814819336,0.30245599150657654,-999.0,1,21.938100814819336,21.938100814819336,-999.0,-999.0,-999.0,0,22.78809928894043,0.30245599150657654,-999.0,1,4120,-999.0,-999.0,-999.0,-999.0,0,-999.0,-999.0,-999.0,-999.0,-999.0,0,-999.0,-999.0,-999.0,0,0,-999.0,-999.0,-999.0,-999.0,0,-999.0,-999.0,-999.0,-999.0,-999.0,0,-999.0,-999.0,-999.0,0,0,0.02552473782512149
PSO J223.9047+05.5753,-999,-999,-999,114692239046850779,3496239000117061,65296387920221,0,15189956664434,11469,1,1467,31,0.445442934004071,3496239,15203,3,404226048,0,48,223.9047003,5.57526704,0.0010000000474974513,0.0010000000474974513,223.9047003,5.57526704,0.0010000000474974513,0.0010000000474974513,,,,,55971.37297454,-999.0,-0.7170858779103557,-0.6901804720684236,0.0971532792907297,219.66435011605904,21.326026765191866,2.4307890261638416,53.43676671371695,-999,1,0,0,0,0,0,0,-999.0,-999.0,-999.0,-999.0,0,-999.0,-999.0,-999.0,-999.0,-999.0,0,-999.0,-999.0,-999.0,0,16416,-999.0,-999.0,-999.0,-999.0,0,-999.0,-999.0,-999.0,-999.0,-999.0,0,-999.0,-999.0,-999.0,0,16416,-999.0,-999.0,-999.0,-999.0,0,-999.0,-999.0,-999.0,-999.0,-999.0,0,-999.0,-999.0,-999.0,0,114720,-999.0,-999.0,-999.0,-999.0,0,-999.0,-999.0,-999.0,-999.0,-999.0,0,-999.0,-999.0,-999.0,0,16416,-999.0,-999.0,-999.0,-999.0,0,-999.0,-999.0,-999.0,-999.0,-999.0,0,-999.0,-999.0,-999.0,0,16416,0.023546382319608265
PSO J223.9046+05.5764,-999,-999,-999,114692239046252143,3496239000026881,65296387827968,0,15189956663867,11469,1,1467,31,0.53339773931857,3496239,15203,3,444915712,7,53,223.90461937,5.57637743,0.0010000000474974513,0.0010000000474974513,223.90459038108895,5.576383145993537,0.017319769846133284,0.017319769846133284,-9.405661921268912,-52.54849411652741,13.298911398917777,13.298911398917777,56386.646362321895,6.217040061950684,-0.7170858382959721,-0.6901777838595657,0.09717266684650414,219.6638699745445,21.327054340980595,2.432114513097692,53.43756200686907,-999,3,19,0,0,7,10,2,-999.0,-999.0,-999.0,-999.0,0,-999.0,-999.0,-999.0,-999.0,-999.0,0,-999.0,-999.0,-999.0,0,16416,-999.0,-999.0,-999.0,-999.0,0,-999.0,-999.0,-999.0,-999.0,-999.0,0,-999.0,-999.0,-999.0,0,16416,0.9989179968833923,21.260700225830078,0.015290999785065651,0.03608899936079979,6,21.2189998626709,21.325199127197266,20.773700714111328,0.0868929997086525,0.2745549976825714,6,20.791000366210938,0.05075300112366676,0.17950600385665894,6,16892216,0.9992750287055969,20.839599609375,0.04757300019264221,0.17640799283981323,9,20.56290054321289,21.075300216674805,20.525100708007812,0.12215600162744522,0.3232699930667877,9,20.525100708007812,0.08752399682998657,0.4269309937953949,9,16892216,0.9978539943695068,20.58989906311035,0.0669730007648468,0.09487800300121307,2,20.518999099731445,20.652999877929688,-999.0,-999.0,-999.0,2,20.08609962463379,0.3472859859466553,0.5004749894142151,2,115000,0.023914416469012295
PSO J223.9023+05.5755,-999,-999,-999,114692239023191020,3496239000026554,65296387827641,0,15189956664231,11469,1,1467,31,0.976282530442143,3496239,15203,3,268959744,0,32,-999.0,-999.0,-999.0,-999.0,223.90228416,5.57547218,0.2605699896812439,0.2605699896812439,,,,,56045.39357639,-999.0,-0.717114731271198,-0.6901499910209776,0.0971568427213547,219.66182611092918,21.325482100629795,2.428480965220708,53.43875023498314,-999,0,1,0,0,1,0,0,-999.0,-999.0,-999.0,-999.0,0,-999.0,-999.0,-999.0,-999.0,-999.0,0,-999.0,-999.0,-999.0,0,0,-999.0,-999.0,-999.0,-999.0,0,-999.0,-999.0,-999.0,-999.0,-999.0,0,-999.0,-999.0,-999.0,0,0,0.6886659860610962,21.43720054626465,0.2601360082626343,-999.0,1,21.43720054626465,21.43720054626465,-999.0,-999.0,-999.0,0,22.989900588989258,0.2601360082626343,-999.0,1,4120,-999.0,-999.0,-999.0,-999.0,0,-999.0,-999.0,-999.0,-999.0,-999.0,0,-999.0,-999.0,-999.0,0,0,-999.0,-999.0,-999.0,-999.0,0,-999.0,-999.0,-999.0,-999.0,-999.0,0,-999.0,-999.0,-999.0,0,0,0.021452995420375626
PSO J223.9018+05.5822,-999,-999,-999,114692239018599131,3496239000026485,65296387827572,0,15189956659671,11469,1,1467,31,0.302288828699187,3496239,15203,3,268959744,0,32,-999.0,-999.0,-999.0,-999.0,223.90184241,5.582214,0.289139986038208,0.289139986038208,,,,,55401.31690972,-999.0,-0.7171118101428661,-0.6901365299353742,0.09727395233248282,219.65915016790734,21.331761594892306,2.4367312532332113,53.44338653808709,-999,0,1,0,0,0,0,1,-999.0,-999.0,-999.0,-999.0,0,-999.0,-999.0,-999.0,-999.0,-999.0,0,-999.0,-999.0,-999.0,0,0,-999.0,-999.0,-999.0,-999.0,0,-999.0,-999.0,-999.0,-999.0,-999.0,0,-999.0,-999.0,-999.0,0,0,-999.0,-999.0,-999.0,-999.0,0,-999.0,-999.0,-999.0,-999.0,-999.0,0,-999.0,-999.0,-999.0,0,0,-999.0,-999.0,-999.0,-999.0,0,-999.0,-999.0,-999.0,-999.0,-999.0,0,-999.0,-999.0,-999.0,0,0,0.7180699706077576,19.64590072631836,0.2887459993362427,-999.0,1,19.64590072631836,19.64590072631836,-999.0,-999.0,-999.0,1,19.994300842285156,0.2887459993362427,-999.0,1,4112,0.02486413163178781
PSO J223.9016+05.5749,-999,-999,-999,114692239016120283,3496239000026454,65296387827541,0,15189953242956,11469,1,1467,31,0.27900142621156,3496239,15203,3,436285440,0,52,223.9015997,5.57491891,0.0010000000474974513,0.0010000000474974513,223.90156942,5.57485817,0.19843000173568726,0.19843000173568726,,,,,56785.40225694,-999.0,-0.7171240907003403,-0.690141767209703,0.09714617691848779,219.66130231127877,21.324679007756444,2.4269255086497665,53.43890687131846,-999,2,1,0,0,1,0,0,-999.0,-999.0,-999.0,-999.0,0,-999.0,-999.0,-999.0,-999.0,-999.0,0,-999.0,-999.0,-999.0,0,16416,-999.0,-999.0,-999.0,-999.0,0,-999.0,-999.0,-999.0,-999.0,-999.0,0,-999.0,-999.0,-999.0,0,16416,0.9981120228767395,21.704999923706055,0.19786199927330017,-999.0,1,21.704999923706055,21.704999923706055,21.798799514770508,0.315513014793396,-999.0,1,22.121700286865234,0.19786199927330017,-999.0,1,115000,-999.0,-999.0,-999.0,-999.0,0,-999.0,-999.0,-999.0,-999.0,-999.0,0,-999.0,-999.0,-999.0,0,114720,-999.0,-999.0,-999.0,-999.0,0,-999.0,-999.0,-999.0,-999.0,-999.0,0,-999.0,-999.0,-999.0,0,16416,0.020543570693271014
PSO J223.9005+05.5830,-999,-999,-999,114692239004469969,3496239000026258,65296387827345,0,15189956837659,11470,1,1467,31,0.0953731807837013,3496239,15203,3,444915712,7,53,223.90048977,5.58294672,0.0010000000474974513,0.0010000000474974513,223.90046003063136,5.582955600562524,0.0034030234023962338,0.0034030234023962338,-23.476200871614367,7.952277559034961,2.5807448039485235,2.5807448039485235,56056.19185708537,15.617148399353027,-0.7171275536425094,-0.6901183548319136,0.0972868343138109,219.65749680189253,21.332041445107716,2.4362127197197325,53.444921079141196,-999,10,54,8,10,8,11,17,0.9996700286865234,19.878400802612305,0.019680999219417572,0.07906199991703033,6,19.80299949645996,20.023799896240234,19.2593994140625,0.06353600323200226,0.20966200530529022,8,19.29800033569336,0.053126998245716095,0.16356700658798218,8,16892216,0.9996039867401123,19.615299224853516,0.05932300165295601,0.13835999369621277,8,19.56999969482422,19.802499771118164,18.83169937133789,0.0037380000576376915,0.06390199810266495,10,18.937299728393555,0.03009199909865856,0.0700640007853508,10,16892216,0.9992120265960693,19.163000106811523,0.042110998183488846,0.25933200120925903,7,19.103599548339844,19.531299591064453,18.42009925842285,0.03414800018072128,0.12774799764156342,7,18.447099685668945,0.0443589985370636,0.1731559932231903,7,16892216,0.9990760087966919,19.352699279785156,0.025363000109791756,0.12335000187158585,8,19.059600830078125,19.42639923095703,18.28260040283203,0.036862000823020935,0.1453779935836792,10,18.5221004486084,0.03010299988090992,0.10574600100517273,10,16892216,0.9993680119514465,19.061399459838867,0.05456700176000595,0.1820559948682785,16,18.85930061340332,19.476299285888672,18.193300247192383,0.036302998661994934,0.12866699695587158,16,18.295700073242188,0.05913199856877327,0.20024999976158142,17,16892216,0.024357321175601878
PSO J223.9001+05.5808,-999,-999,-999,114692239000887453,3496239000026212,65296387827299,0,15189956660997,11469,1,1467,31,0.125013216515084,3496239,15203,3,268959744,0,32,-999.0,-999.0,-999.0,-999.0,223.90009403,5.58079082,0.12883999943733215,0.12883999943733215,,,,,56822.40097222,-999.0,-0.7171346100917757,-0.6901163221469454,0.09724923092184472,219.65784284023158,21.32987204659445,2.4330279259889447,53.443820142004974,-999,0,1,0,0,1,0,0,-999.0,-999.0,-999.0,-999.0,0,-999.0,-999.0,-999.0,-999.0,-999.0,0,-999.0,-999.0,-999.0,0,0,-999.0,-999.0,-999.0,-999.0,0,-999.0,-999.0,-999.0,-999.0,-999.0,0,-999.0,-999.0,-999.0,0,0,0.4531019926071167,19.67060089111328,0.12796099483966827,-999.0,1,19.67060089111328,19.67060089111328,-999.0,-999.0,-999.0,0,20.234800338745117,0.12796099483966827,-999.0,1,4112,-999.0,-999.0,-999.0,-999.0,0,-999.0,-999.0,-999.0,-999.0,-999.0,0,-999.0,-999.0,-999.0,0,0,-999.0,-999.0,-999.0,-999.0,0,-999.0,-999.0,-999.0,-999.0,-999.0,0,-999.0,-999.0,-999.0,0,0,0.02261733281848569
PSO J223.8996+05.5809,-999,-999,-999,114692238996457537,3496239000026159,65296387827246,0,15189956657474,11469,1,1467,31,0.705009537474261,3496239,15203,3,268959744,0,32,-999.0,-999.0,-999.0,-999.0,223.89961532,5.58090225,0.30792000889778137,0.30792000889778137,,,,,56045.38216435,-999.0,-0.7171402397522149,-0.6901101992710386,0.09725116652371442,219.65731937074034,21.32983147153396,2.432662171384305,53.4442582693756,-999,0,1,0,0,1,0,0,-999.0,-999.0,-999.0,-999.0,0,-999.0,-999.0,-999.0,-999.0,-999.0,0,-999.0,-999.0,-999.0,0,0,-999.0,-999.0,-999.0,-999.0,0,-999.0,-999.0,-999.0,-999.0,-999.0,0,-999.0,-999.0,-999.0,0,0,0.7548699975013733,21.66710090637207,0.3075540065765381,-999.0,1,21.66710090637207,21.66710090637207,-999.0,-999.0,-999.0,0,22.55739974975586,0.3075540065765381,-999.0,1,4120,-999.0,-999.0,-999.0,-999.0,0,-999.0,-999.0,-999.0,-999.0,-999.0,0,-999.0,-999.0,-999.0,0,0,-999.0,-999.0,-999.0,-999.0,0,-999.0,-999.0,-999.0,-999.0,-999.0,0,-999.0,-999.0,-999.0,0,0,0.022335902858111354
PSO J223.8993+05.5782,-999,-999,-999,114692238993294267,3496239000026125,65296387827212,0,15189953235388,11469,1,1467,31,0.00897063967675962,3496239,15203,3,268959744,0,32,-999.0,-999.0,-999.0,-999.0,223.89932042,5.57818675,0.2503499984741211,0.2503499984741211,,,,,56787.36550926,-999.0,-0.7171471120927614,-0.6901097033453734,0.09720399665431993,219.65791655448612,21.327157404690784,2.428835307393155,53.44275337655694,-999,0,1,0,0,1,0,0,-999.0,-999.0,-999.0,-999.0,0,-999.0,-999.0,-999.0,-999.0,-999.0,0,-999.0,-999.0,-999.0,0,0,-999.0,-999.0,-999.0,-999.0,0,-999.0,-999.0,-999.0,-999.0,-999.0,0,-999.0,-999.0,-999.0,0,0,0.6743469834327698,21.7947998046875,0.2498989999294281,-999.0,1,21.7947998046875,21.7947998046875,-999.0,-999.0,-999.0,0,23.133699417114258,0.2498989999294281,-999.0,1,4120,-999.0,-999.0,-999.0,-999.0,0,-999.0,-999.0,-999.0,-999.0,-999.0,0,-999.0,-999.0,-999.0,0,0,-999.0,-999.0,-999.0,-999.0,0,-999.0,-999.0,-999.0,-999.0,-999.0,0,-999.0,-999.0,-999.0,0,0,0.020374105891381274
PSO J223.8993+05.5774,-999,-999,-999,114692238992893357,3496239000026122,65296387827209,0,15189953235874,11469,1,1467,31,0.457538193517866,3496239,15203,3,268959744,0,32,-999.0,-999.0,-999.0,-999.0,223.89927009,5.57741993,0.31874001026153564,0.31874001026153564,,,,,56785.38998843,-999.0,-0.7171486556375211,-0.6901099753812732,0.09719067648985069,219.6581186789667,21.326412373480863,2.427789796355584,53.44230313068657,-999,0,1,0,0,1,0,0,-999.0,-999.0,-999.0,-999.0,0,-999.0,-999.0,-999.0,-999.0,-999.0,0,-999.0,-999.0,-999.0,0,0,-999.0,-999.0,-999.0,-999.0,0,-999.0,-999.0,-999.0,-999.0,-999.0,0,-999.0,-999.0,-999.0,0,0,0.5840640068054199,21.919099807739258,0.31839001178741455,-999.0,1,21.919099807739258,21.919099807739258,-999.0,-999.0,-999.0,0,23.51020050048828,0.31839001178741455,-999.0,1,4120,-999.0,-999.0,-999.0,-999.0,0,-999.0,-999.0,-999.0,-999.0,-999.0,0,-999.0,-999.0,-999.0,0,0,-999.0,-999.0,-999.0,-999.0,0,-999.0,-999.0,-999.0,-999.0,-999.0,0,-999.0,-999.0,-999.0,0,0,0.01987978559485202
PSO J223.8990+05.5769,-999,-999,-999,114692238989782688,3496239000116961,65296387920121,0,15189953235080,11469,1,1467,31,0.126501023887192,3496239,15203,3,1343750144,0,160,223.89901564,5.57686366,0.0010000000474974513,0.0010000000474974513,223.89901564,5.57686366,0.0010000000474974513,0.0010000000474974513,,,,,56066.2419213,-999.0,-0.7171524002911114,-0.6901074447735336,0.09718101370556774,219.65804374836557,21.325805168748797,2.4267992160239102,53.44214362163503,-999,1,0,0,0,0,0,0,-999.0,-999.0,-999.0,-999.0,0,-999.0,-999.0,-999.0,-999.0,-999.0,0,-999.0,-999.0,-999.0,0,114720,-999.0,-999.0,-999.0,-999.0,0,-999.0,-999.0,-999.0,-999.0,-999.0,0,-999.0,-999.0,-999.0,0,16416,-999.0,-999.0,-999.0,-999.0,0,-999.0,-999.0,-999.0,-999.0,-999.0,0,-999.0,-999.0,-999.0,0,16416,-999.0,-999.0,-999.0,-999.0,0,-999.0,-999.0,-999.0,-999.0,-999.0,0,-999.0,-999.0,-999.0,0,16416,-999.0,-999.0,-999.0,-999.0,0,-999.0,-999.0,-999.0,-999.0,-999.0,0,-999.0,-999.0,-999.0,0,16416,0.019353246632002837
PSO J223.8986+05.5805,-999,-999,-999,114692238986347112,3496239000026024,65296387827111,0,15189956657659,11469,1,1467,31,0.637335791846119,3496239,15203,3,268959744,0,32,-999.0,-999.0,-999.0,-999.0,223.89861713,5.58053059,0.1107499971985817,0.1107499971985817,,,,,55401.31690972,-999.0,-0.7171527170843259,-0.6900981427616144,0.09724471057872186,219.65642737211653,21.329172156667692,2.431118114705974,53.444786806063085,-999,0,1,0,0,0,0,1,-999.0,-999.0,-999.0,-999.0,0,-999.0,-999.0,-999.0,-999.0,-999.0,0,-999.0,-999.0,-999.0,0,0,-999.0,-999.0,-999.0,-999.0,0,-999.0,-999.0,-999.0,-999.0,-999.0,0,-999.0,-999.0,-999.0,0,0,-999.0,-999.0,-999.0,-999.0,0,-999.0,-999.0,-999.0,-999.0,-999.0,0,-999.0,-999.0,-999.0,0,0,-999.0,-999.0,-999.0,-999.0,0,-999.0,-999.0,-999.0,-999.0,-999.0,0,-999.0,-999.0,-999.0,0,0,0.5222619771957397,18.37380027770996,0.1097249984741211,-999.0,1,18.37380027770996,18.37380027770996,18.469499588012695,0.0953499972820282,-999.0,1,18.483800888061523,0.1097249984741211,-999.0,1,4112,0.02135415228212498
PSO J223.8980+05.5818,-999,-999,-999,114692238980408649,3496239000025937,65296387827024,0,15189956657346,11469,1,1467,31,0.621127817426927,3496239,15203,3,268513280,0,32,-999.0,-999.0,-999.0,-999.0,223.89801456,5.58181243,0.01597999967634678,0.01597999967634678,,,,,56335.64762731,-999.0,-0.7171584068338609,-0.6900890918730167,0.09726697684925466,219.6553913649891,21.330207270597665,2.4321345153471006,53.446065990914875,-999,0,1,0,0,0,1,0,-999.0,-999.0,-999.0,-999.0,0,-999.0,-999.0,-999.0,-999.0,-999.0,0,-999.0,-999.0,-999.0,0,0,-999.0,-999.0,-999.0,-999.0,0,-999.0,-999.0,-999.0,-999.0,-999.0,0,-999.0,-999.0,-999.0,0,0,-999.0,-999.0,-999.0,-999.0,0,-999.0,-999.0,-999.0,-999.0,-999.0,0,-999.0,-999.0,-999.0,0,0,0.9975630044937134,17.382699966430664,0.005497999954968691,-999.0,1,17.382699966430664,17.382699966430664,18.2455997467041,0.017153000459074974,-999.0,1,18.149799346923828,0.005497999954968691,-999.0,1,24,-999.0,-999.0,-999.0,-999.0,0,-999.0,-999.0,-999.0,-999.0,-999.0,0,-999.0,-999.0,-999.0,0,0,0.021837987853361232
PSO J223.8979+05.5814,-999,-999,-999,114692238979198162,3496239000025914,65296387827001,0,15189956657272,11469,1,1467,31,0.709671716866709,3496239,15203,3,268959744,0,32,-999.0,-999.0,-999.0,-999.0,223.89792564,5.58137987,0.24463999271392822,0.24463999271392822,,,,,56822.40097222,-999.0,-0.7171600069322352,-0.6900884880249574,0.09725946304799543,219.65544385743698,21.329768466282346,2.4314802004922837,53.445858442965104,-999,0,1,0,0,1,0,0,-999.0,-999.0,-999.0,-999.0,0,-999.0,-999.0,-999.0,-999.0,-999.0,0,-999.0,-999.0,-999.0,0,0,-999.0,-999.0,-999.0,-999.0,0,-999.0,-999.0,-999.0,-999.0,-999.0,0,-999.0,-999.0,-999.0,0,0,0.6984230279922485,20.650699615478516,0.2441840022802353,-999.0,1,20.650699615478516,20.650699615478516,20.694400787353516,0.255171000957489,-999.0,1,20.972900390625,0.2441840022802353,-999.0,1,4112,-999.0,-999.0,-999.0,-999.0,0,-999.0,-999.0,-999.0,-999.0,-999.0,0,-999.0,-999.0,-999.0,0,0,-999.0,-999.0,-999.0,-999.0,0,-999.0,-999.0,-999.0,-999.0,-999.0,0,-999.0,-999.0,-999.0,0,0,0.021463254058157338
PSO J223.8978+05.5792,-999,-999,-999,114692238977875476,3496239000025885,65296387826972,0,15189953236458,11469,1,1467,31,0.428635273527946,3496239,15203,3,268959744,0,32,-999.0,-999.0,-999.0,-999.0,223.89778309,5.57916378,0.28949999809265137,0.28949999809265137,,,,,56822.41376157,-999.0,-0.7171644339867447,-0.6900893115760011,0.09722096827862331,219.65603097856967,21.327616240904135,2.4284615463596753,53.444555064166586,-999,0,1,0,0,1,0,0,-999.0,-999.0,-999.0,-999.0,0,-999.0,-999.0,-999.0,-999.0,-999.0,0,-999.0,-999.0,-999.0,0,0,-999.0,-999.0,-999.0,-999.0,0,-999.0,-999.0,-999.0,-999.0,-999.0,0,-999.0,-999.0,-999.0,0,0,0.6410099864006042,20.8705997467041,0.28911200165748596,-999.0,1,20.8705997467041,20.8705997467041,20.653799057006836,0.2663460075855255,-999.0,1,20.787500381469727,0.28911200165748596,-999.0,1,4112,-999.0,-999.0,-999.0,-999.0,0,-999.0,-999.0,-999.0,-999.0,-999.0,0,-999.0,-999.0,-999.0,0,0,-999.0,-999.0,-999.0,-999.0,0,-999.0,-999.0,-999.0,-999.0,-999.0,0,-999.0,-999.0,-999.0,0,0,0.019817299534002193
PSO J223.9158+05.5788,-999,-999,-999,114692239158684982,3496239000028502,65296387829589,0,15189956676055,11469,1,1467,31,0.0822894657797082,3496239,15203,3,302067712,0,36,-999.0,-999.0,-999.0,-999.0,223.91584007,5.57876798,0.18422000110149384,0.18422000110149384,,,,,55694.32836806,-999.0,-0.71694739791711,-0.6903157601739076,0.09721409298761761,219.67451894371385,21.33276874928896,2.447178972560613,53.43045513372751,-999,0,1,0,0,1,0,0,-999.0,-999.0,-999.0,-999.0,0,-999.0,-999.0,-999.0,-999.0,-999.0,0,-999.0,-999.0,-999.0,0,0,-999.0,-999.0,-999.0,-999.0,0,-999.0,-999.0,-999.0,-999.0,-999.0,0,-999.0,-999.0,-999.0,0,0,0.9971569776535034,20.75480079650879,0.18361300230026245,-999.0,1,20.75480079650879,20.75480079650879,-999.0,-999.0,-999.0,1,20.62849998474121,0.18361300230026245,-999.0,1,272,-999.0,-999.0,-999.0,-999.0,0,-999.0,-999.0,-999.0,-999.0,-999.0,0,-999.0,-999.0,-999.0,0,0,-999.0,-999.0,-999.0,-999.0,0,-999.0,-999.0,-999.0,-999.0,-999.0,0,-999.0,-999.0,-999.0,0,0,0.03513111657986255
PSO J223.9144+05.5775,-999,-999,-999,114692239144103478,3496239000117242,65296387920402,0,15189956676251,11469,1,1467,31,0.455268709413026,3496239,15203,3,1343750144,0,160,223.91439841,5.57751636,0.0010000000474974513,0.0010000000474974513,223.91439841,5.57751636,0.0010000000474974513,0.0010000000474974513,,,,,55971.37297454,-999.0,-0.7169662968613062,-0.690299193079742,0.0971923515429187,219.6734666162369,21.331136436227723,2.4440252977378014,53.43076312492072,-999,1,0,0,0,0,0,0,-999.0,-999.0,-999.0,-999.0,0,-999.0,-999.0,-999.0,-999.0,-999.0,0,-999.0,-999.0,-999.0,0,16416,-999.0,-999.0,-999.0,-999.0,0,-999.0,-999.0,-999.0,-999.0,-999.0,0,-999.0,-999.0,-999.0,0,16416,-999.0,-999.0,-999.0,-999.0,0,-999.0,-999.0,-999.0,-999.0,-999.0,0,-999.0,-999.0,-999.0,0,114720,-999.0,-999.0,-999.0,-999.0,0,-999.0,-999.0,-999.0,-999.0,-999.0,0,-999.0,-999.0,-999.0,0,16416,-999.0,-999.0,-999.0,-999.0,0,-999.0,-999.0,-999.0,-999.0,-999.0,0,-999.0,-999.0,-999.0,0,16416,0.033343447099894556
PSO J223.9141+05.5782,-999,-999,-999,114692239141724313,3496239000028247,65296387829334,0,15189956677557,11469,1,1467,31,0.485186390099289,3496239,15203,3,436285440,0,52,223.91409733,5.57804101,0.0010000000474974513,0.0010000000474974513,223.91414393,5.57821088,0.1823599934577942,0.1823599934577942,,,,,55694.32836806,-999.0,-0.7169685140718632,-0.6902951914775506,0.09720441580790483,219.67297853381805,21.331719363662618,2.444652644325898,53.4314009375745,-999,1,1,0,0,1,0,0,-999.0,-999.0,-999.0,-999.0,0,-999.0,-999.0,-999.0,-999.0,-999.0,0,-999.0,-999.0,-999.0,0,16416,-999.0,-999.0,-999.0,-999.0,0,-999.0,-999.0,-999.0,-999.0,-999.0,0,-999.0,-999.0,-999.0,0,16416,0.9978439807891846,20.74340057373047,0.1817449927330017,-999.0,1,20.74340057373047,20.74340057373047,20.395299911499023,0.280707985162735,-999.0,1,20.358699798583984,0.1817449927330017,-999.0,1,16688,-999.0,-999.0,-999.0,-999.0,0,-999.0,-999.0,-999.0,-999.0,-999.0,0,-999.0,-999.0,-999.0,0,114720,-999.0,-999.0,-999.0,-999.0,0,-999.0,-999.0,-999.0,-999.0,-999.0,0,-999.0,-999.0,-999.0,0,16416,0.033356456679689596
PSO J223.9141+05.5787,-999,-999,-999,114692239141324790,3496239000028239,65296387829326,0,15189956677523,11469,1,1467,31,0.73918708296417,3496239,15203,3,436527104,7,52,223.91418647,5.57869863,0.0010000000474974513,0.0010000000474974513,223.91413592828192,5.578684299160331,0.02798891755628636,0.02798891755628636,19.86457699872953,77.39111019750511,24.768706762661104,24.768706762661104,56444.442062845505,2.8094451427459717,-0.7169680318615713,-0.6902945342602803,0.09721263939903886,219.67281163924696,21.332167858711546,2.44525581180658,53.431711064157135,-999,4,11,0,3,5,3,0,-999.0,-999.0,-999.0,-999.0,0,-999.0,-999.0,-999.0,-999.0,-999.0,0,-999.0,-999.0,-999.0,0,16416,0.9989619851112366,21.861799240112305,0.3569149971008301,0.766480028629303,3,20.971099853515625,21.864200592041016,21.865400314331055,0.013782000169157982,0.027487000450491905,2,21.57659912109375,0.05039599910378456,0.5735290050506592,3,115000,0.9989820122718811,21.571800231933594,0.10806199908256531,0.300678014755249,5,21.000499725341797,21.743200302124023,21.47599983215332,0.2666679918766022,0.5003949999809265,5,21.721900939941406,0.10790900141000748,0.3379789888858795,5,115000,0.9989820122718811,21.572200775146484,0.06633000075817108,0.15191799402236938,3,21.409400939941406,21.709800720214844,21.90250015258789,0.09997600317001343,0.3949350118637085,3,22.149599075317383,0.14741100370883942,0.2819960117340088,3,115000,-999.0,-999.0,-999.0,-999.0,0,-999.0,-999.0,-999.0,-999.0,-999.0,0,-999.0,-999.0,-999.0,0,114720,0.03352686506380515
PSO J223.9137+05.5793,-999,-999,-999,114692239137275591,3496239000028167,65296387829254,0,15189956677385,11469,1,1467,31,0.210822207118219,3496239,15203,3,302067712,0,36,-999.0,-999.0,-999.0,-999.0,223.91368644,5.57927702,0.20155000686645508,0.20155000686645508,,,,,56787.37760417,-999.0,-0.7169727227352293,-0.6902882120535585,0.09722293532666688,219.67216132695816,21.33259373268794,2.445544538903225,53.43243128640769,-999,0,1,0,0,1,0,0,-999.0,-999.0,-999.0,-999.0,0,-999.0,-999.0,-999.0,-999.0,-999.0,0,-999.0,-999.0,-999.0,0,0,-999.0,-999.0,-999.0,-999.0,0,-999.0,-999.0,-999.0,-999.0,-999.0,0,-999.0,-999.0,-999.0,0,0,0.9971200227737427,21.778200149536133,0.2009900063276291,-999.0,1,21.778200149536133,21.778200149536133,-999.0,-999.0,-999.0,1,22.195999145507812,0.2009900063276291,-999.0,1,280,-999.0,-999.0,-999.0,-999.0,0,-999.0,-999.0,-999.0,-999.0,-999.0,0,-999.0,-999.0,-999.0,0,0,-999.0,-999.0,-999.0,-999.0,0,-999.0,-999.0,-999.0,-999.0,-999.0,0,-999.0,-999.0,-999.0,0,0,0.0333473222666853
PSO J223.9136+05.5797,-999,-999,-999,114692239136526107,3496239000106695,65296387907784,0,15189956674305,11469,1,1467,31,0.972596490730156,3496239,15203,3,302067712,0,36,-999.0,-999.0,-999.0,-999.0,223.91362485,5.57970501,0.1973699927330017,0.1973699927330017,,,,,55694.33935185,-999.0,-0.7169729415662063,-0.6902869376252522,0.09723036977124247,219.67195736348697,21.332982110418662,2.4460325518111663,53.432751289049385,-999,0,1,0,0,1,0,0,-999.0,-999.0,-999.0,-999.0,0,-999.0,-999.0,-999.0,-999.0,-999.0,0,-999.0,-999.0,-999.0,0,0,-999.0,-999.0,-999.0,-999.0,0,-999.0,-999.0,-999.0,-999.0,-999.0,0,-999.0,-999.0,-999.0,0,0,0.9982590079307556,20.861000061035156,0.19679699838161469,-999.0,1,20.861000061035156,20.861000061035156,-999.0,-999.0,-999.0,1,21.1387996673584,0.19679699838161469,-999.0,1,272,-999.0,-999.0,-999.0,-999.0,0,-999.0,-999.0,-999.0,-999.0,-999.0,0,-999.0,-999.0,-999.0,0,0,-999.0,-999.0,-999.0,-999.0,0,-999.0,-999.0,-999.0,-999.0,-999.0,0,-999.0,-999.0,-999.0,0,0,0.033465602930403564
PSO J223.9136+05.5801,-999,-999,-999,114692239136146582,3496239000028143,65296387829230,0,15189956674366,11469,1,1467,31,0.00267536100249305,3496239,15203,3,302067712,0,36,-999.0,-999.0,-999.0,-999.0,223.91358361,5.58008939,0.19774000346660614,0.19774000346660614,,,,,55767.26805556,-999.0,-0.7169729684999714,-0.6902859691413774,0.09723704667917688,219.67178849075202,21.333335223448668,2.446485829562029,53.43302788896059,-999,0,1,0,0,0,1,0,-999.0,-999.0,-999.0,-999.0,0,-999.0,-999.0,-999.0,-999.0,-999.0,0,-999.0,-999.0,-999.0,0,0,-999.0,-999.0,-999.0,-999.0,0,-999.0,-999.0,-999.0,-999.0,-999.0,0,-999.0,-999.0,-999.0,0,0,-999.0,-999.0,-999.0,-999.0,0,-999.0,-999.0,-999.0,-999.0,-999.0,0,-999.0,-999.0,-999.0,0,0,0.997767984867096,21.406400680541992,0.19717100262641907,-999.0,1,21.406400680541992,21.406400680541992,21.395099639892578,0.28408700227737427,-999.0,1,21.75309944152832,0.19717100262641907,-999.0,1,280,-999.0,-999.0,-999.0,-999.0,0,-999.0,-999.0,-999.0,-999.0,-999.0,0,-999.0,-999.0,-999.0,0,0,0.03358891562807771
PSO J223.9130+05.5799,-999,-999,-999,114692239130536281,3496239000028074,65296387829161,0,15189956673906,11469,1,1467,31,0.540879188609197,3496239,15203,3,268959744,0,32,-999.0,-999.0,-999.0,-999.0,223.91303736,5.57986394,0.2913999855518341,0.2913999855518341,,,,,56785.40225694,-999.0,-0.7169798251839646,-0.6902793989510742,0.0972331304798693,219.67130759985224,21.3329534581801,2.4456126314858713,53.43330315309706,-999,0,1,0,0,1,0,0,-999.0,-999.0,-999.0,-999.0,0,-999.0,-999.0,-999.0,-999.0,-999.0,0,-999.0,-999.0,-999.0,0,0,-999.0,-999.0,-999.0,-999.0,0,-999.0,-999.0,-999.0,-999.0,-999.0,0,-999.0,-999.0,-999.0,0,0,0.715457022190094,21.934900283813477,0.291018009185791,-999.0,1,21.934900283813477,21.934900283813477,-999.0,-999.0,-999.0,0,22.938899993896484,0.291018009185791,-999.0,1,4120,-999.0,-999.0,-999.0,-999.0,0,-999.0,-999.0,-999.0,-999.0,-999.0,0,-999.0,-999.0,-999.0,0,0,-999.0,-999.0,-999.0,-999.0,0,-999.0,-999.0,-999.0,-999.0,-999.0,0,-999.0,-999.0,-999.0,0,0,0.03300092597275457
PSO J223.8977+05.5779,-999,-999,-999,114692238976513961,3496239000025872,65296387826959,0,15189953235587,11469,1,1467,31,0.247850460231165,3496239,15203,3,268959744,0,32,-999.0,-999.0,-999.0,-999.0,223.89765876,5.57785867,0.17633000016212463,0.17633000016212463,,,,,56803.58081019,-999.0,-0.7171675270259318,-0.6900892906756309,0.09719829769247096,219.65633569141357,21.32633637553703,2.4266408584070738,53.44381839946508,-999,0,3,0,0,3,0,0,-999.0,-999.0,-999.0,-999.0,0,-999.0,-999.0,-999.0,-999.0,-999.0,0,-999.0,-999.0,-999.0,0,0,-999.0,-999.0,-999.0,-999.0,0,-999.0,-999.0,-999.0,-999.0,-999.0,0,-999.0,-999.0,-999.0,0,0,0.7732229828834534,22.024200439453125,0.06722500175237656,0.09847299754619598,2,21.975200653076172,22.109600067138672,20.719499588012695,0.2821219861507416,-999.0,1,24.995399475097656,0.0009350000182166696,-999.0,2,4120,-999.0,-999.0,-999.0,-999.0,0,-999.0,-999.0,-999.0,-999.0,-999.0,0,-999.0,-999.0,-999.0,0,0,-999.0,-999.0,-999.0,-999.0,0,-999.0,-999.0,-999.0,-999.0,-999.0,0,-999.0,-999.0,-999.0,0,0,0.018871948792918484
PSO J223.8974+05.5775,-999,-999,-999,114692238974483460,3496239000025841,65296387826928,0,15189953235611,11469,1,1467,31,0.366191058760687,3496239,15203,3,268513280,0,32,-999.0,-999.0,-999.0,-999.0,223.89741611,5.57750201,0.017240000888705254,0.017240000888705254,,,,,55305.54534722,-999.0,-0.7171708855498752,-0.6900866729441919,0.09719210227391689,219.65620682759086,21.325922709526925,2.425921017251289,53.44377708841757,-999,0,2,1,0,1,0,0,0.9993029832839966,18.246700286865234,0.008483000099658966,-999.0,1,18.246700286865234,18.246700286865234,18.824499130249023,0.020935000851750374,-999.0,1,18.818500518798828,0.008483000099658966,-999.0,1,24,-999.0,-999.0,-999.0,-999.0,0,-999.0,-999.0,-999.0,-999.0,-999.0,0,-999.0,-999.0,-999.0,0,0,0.5518670082092285,20.30660057067871,0.21709200739860535,-999.0,1,20.30660057067871,20.30660057067871,-999.0,-999.0,-999.0,0,20.855499267578125,0.21709200739860535,-999.0,1,4112,-999.0,-999.0,-999.0,-999.0,0,-999.0,-999.0,-999.0,-999.0,-999.0,0,-999.0,-999.0,-999.0,0,0,-999.0,-999.0,-999.0,-999.0,0,-999.0,-999.0,-999.0,-999.0,-999.0,0,-999.0,-999.0,-999.0,0,0,0.018459424611220184
PSO J223.8972+05.5768,-999,-999,-999,114692238972442597,3496239000025818,65296387826905,0,15189953235506,11469,1,1467,31,0.356666196469838,3496239,15203,3,268959744,0,32,-999.0,-999.0,-999.0,-999.0,223.89724518,5.57676894,0.26600000262260437,0.26600000262260437,,,,,56822.38814815,-999.0,-0.7171738402808163,-0.6900853955729578,0.09717936835450622,219.65627520821016,21.325172859389557,2.4247906906272805,53.44344080973103,-999,0,1,0,0,1,0,0,-999.0,-999.0,-999.0,-999.0,0,-999.0,-999.0,-999.0,-999.0,-999.0,0,-999.0,-999.0,-999.0,0,0,-999.0,-999.0,-999.0,-999.0,0,-999.0,-999.0,-999.0,-999.0,-999.0,0,-999.0,-999.0,-999.0,0,0,0.7432889938354492,21.271900177001953,0.26557400822639465,-999.0,1,21.271900177001953,21.271900177001953,-999.0,-999.0,-999.0,1,21.547800064086914,0.26557400822639465,-999.0,1,4120,-999.0,-999.0,-999.0,-999.0,0,-999.0,-999.0,-999.0,-999.0,-999.0,0,-999.0,-999.0,-999.0,0,0,-999.0,-999.0,-999.0,-999.0,0,-999.0,-999.0,-999.0,-999.0,-999.0,0,-999.0,-999.0,-999.0,0,0,0.01787197087073351
PSO J223.8965+05.5771,-999,-999,-999,114692238965402966,3496239000025703,65296387826790,0,15189953236010,11469,1,1467,31,0.663016604877092,3496239,15203,3,268959744,0,32,-999.0,-999.0,-999.0,-999.0,223.8965266,5.5771043,0.30566999316215515,0.30566999316215515,,,,,56785.3649537,-999.0,-0.7171820851017932,-0.6900760066238567,0.09718519378544847,219.65543393624773,21.32527188697588,2.4244589741269356,53.444205604752455,-999,0,1,0,0,1,0,0,-999.0,-999.0,-999.0,-999.0,0,-999.0,-999.0,-999.0,-999.0,-999.0,0,-999.0,-999.0,-999.0,0,0,-999.0,-999.0,-999.0,-999.0,0,-999.0,-999.0,-999.0,-999.0,-999.0,0,-999.0,-999.0,-999.0,0,0,0.507112979888916,21.939599990844727,0.3052990138530731,-999.0,1,21.939599990844727,21.939599990844727,-999.0,-999.0,-999.0,0,23.90920066833496,0.3052990138530731,-999.0,1,4120,-999.0,-999.0,-999.0,-999.0,0,-999.0,-999.0,-999.0,-999.0,-999.0,0,-999.0,-999.0,-999.0,0,0,-999.0,-999.0,-999.0,-999.0,0,-999.0,-999.0,-999.0,-999.0,-999.0,0,-999.0,-999.0,-999.0,0,0,0.017522831423361633
PSO J223.8964+05.5804,-999,-999,-999,114692238964356900,3496239000025688,65296387826775,0,15189953233884,11469,1,1467,31,0.980154743399615,3496239,15203,3,268513280,0,32,-999.0,-999.0,-999.0,-999.0,223.89642246,5.58037098,0.016769999638199806,0.016769999638199806,,,,,56042.3678588,-999.0,-0.717179345431311,-0.6900708601069966,0.09724193806124069,219.65424899396797,21.32834817842593,2.428573760399795,53.44636798360952,-999,0,1,1,0,0,0,0,0.9979040026664734,18.49970054626465,0.0074880002066493034,-999.0,1,18.49970054626465,18.49970054626465,19.006999969482422,0.01769700087606907,-999.0,1,18.96940040588379,0.0074880002066493034,-999.0,1,24,-999.0,-999.0,-999.0,-999.0,0,-999.0,-999.0,-999.0,-999.0,-999.0,0,-999.0,-999.0,-999.0,0,0,-999.0,-999.0,-999.0,-999.0,0,-999.0,-999.0,-999.0,-999.0,-999.0,0,-999.0,-999.0,-999.0,0,0,-999.0,-999.0,-999.0,-999.0,0,-999.0,-999.0,-999.0,-999.0,-999.0,0,-999.0,-999.0,-999.0,0,0,-999.0,-999.0,-999.0,-999.0,0,-999.0,-999.0,-999.0,-999.0,-999.0,0,-999.0,-999.0,-999.0,0,0,0.019703297460725924
PSO J223.8960+05.5791,-999,-999,-999,114692238960545445,3496239000025635,65296387826722,0,15189953236657,11469,1,1467,31,0.687301166064386,3496239,15203,3,436527104,7,52,223.89605855,5.57912446,0.0010000000474974513,0.0010000000474974513,223.89599826047157,5.579118156912252,0.030299448432243352,0.030299448432243352,-81.31846190709469,-24.474097461425153,44.63793118021109,44.63793118021109,56260.89290512189,2.8059539794921875,-0.7171859865002991,-0.6900670244181855,0.09722017577758436,219.65422557580996,21.327022861629743,2.426492433688741,53.44589856933588,-999,5,9,0,4,1,4,0,-999.0,-999.0,-999.0,-999.0,0,-999.0,-999.0,-999.0,-999.0,-999.0,0,-999.0,-999.0,-999.0,0,114720,0.9991840124130249,21.75480079650879,0.09053999930620193,0.18657800555229187,4,21.595800399780273,21.979299545288086,21.89240074157715,0.0748089998960495,0.17835499346256256,4,21.677000045776367,0.11581899970769882,0.20610499382019043,4,115000,0.9988610148429871,21.42289924621582,0.1784999966621399,-999.0,1,21.42289924621582,21.42289924621582,21.2539005279541,0.28004199266433716,-999.0,1,21.43600082397461,0.1784999966621399,-999.0,1,115000,0.99857097864151,21.448699951171875,0.0433490015566349,0.10645200312137604,4,21.340099334716797,21.57979965209961,21.188499450683594,0.17178000509738922,0.27627700567245483,4,21.177900314331055,0.12734100222587585,0.2410849928855896,4,115000,-999.0,-999.0,-999.0,-999.0,0,-999.0,-999.0,-999.0,-999.0,-999.0,0,-999.0,-999.0,-999.0,0,114720,0.018504017907447858
PSO J223.8956+05.5805,-999,-999,-999,114692238956307109,3496239000025564,65296387826651,0,15189953233340,11469,1,1467,31,0.115228786240545,3496239,15203,3,268959744,0,32,-999.0,-999.0,-999.0,-999.0,223.89559933,5.58054663,0.22520999610424042,0.22520999610424042,,,,,56838.25114583,-999.0,-0.7171890443180681,-0.6900603501035995,0.09724498920270366,219.6533541806159,21.328263218631754,2.42792410532543,53.44711114289074,-999,0,1,0,0,0,0,1,-999.0,-999.0,-999.0,-999.0,0,-999.0,-999.0,-999.0,-999.0,-999.0,0,-999.0,-999.0,-999.0,0,0,-999.0,-999.0,-999.0,-999.0,0,-999.0,-999.0,-999.0,-999.0,-999.0,0,-999.0,-999.0,-999.0,0,0,-999.0,-999.0,-999.0,-999.0,0,-999.0,-999.0,-999.0,-999.0,-999.0,0,-999.0,-999.0,-999.0,0,0,-999.0,-999.0,-999.0,-999.0,0,-999.0,-999.0,-999.0,-999.0,-999.0,0,-999.0,-999.0,-999.0,0,0,0.7912880182266235,20.820100784301758,0.224713996052742,-999.0,1,20.820100784301758,20.820100784301758,-999.0,-999.0,-999.0,0,21.76569938659668,0.224713996052742,-999.0,1,4120,0.019290446053641754
PSO J223.8954+05.5784,-999,-999,-999,114692238954394478,3496239000025530,65296387826617,0,15189953236552,11469,1,1467,31,0.0531830136228195,3496239,15203,3,268959744,0,32,-999.0,-999.0,-999.0,-999.0,223.89540827,5.57835472,0.17615999281406403,0.17615999281406403,,,,,56838.25114583,-999.0,-0.7171940256898226,-0.6900605374222831,0.09720691440065332,219.65388401517873,21.326119148695387,2.424885061195774,53.44586029367635,-999,0,1,0,0,0,0,1,-999.0,-999.0,-999.0,-999.0,0,-999.0,-999.0,-999.0,-999.0,-999.0,0,-999.0,-999.0,-999.0,0,0,-999.0,-999.0,-999.0,-999.0,0,-999.0,-999.0,-999.0,-999.0,-999.0,0,-999.0,-999.0,-999.0,0,0,-999.0,-999.0,-999.0,-999.0,0,-999.0,-999.0,-999.0,-999.0,-999.0,0,-999.0,-999.0,-999.0,0,0,-999.0,-999.0,-999.0,-999.0,0,-999.0,-999.0,-999.0,-999.0,-999.0,0,-999.0,-999.0,-999.0,0,0,0.7763919830322266,20.5216007232666,0.17552199959754944,-999.0,1,20.5216007232666,20.5216007232666,-999.0,-999.0,-999.0,0,21.61829948425293,0.17552199959754944,-999.0,1,4120,0.017548010297518003
PSO J223.8953+05.5751,-999,-999,-999,114692238952980586,3496239000025511,65296387826598,0,15189953248015,11469,1,1467,31,0.422418784743565,3496239,15203,3,268513280,0,32,-999.0,-999.0,-999.0,-999.0,223.8952724,5.5751109,0.021139999851584435,0.021139999851584435,,,,,55694.36315972,-999.0,-0.7171996267309666,-0.6900626513177759,0.09715056702481852,219.6548174037514,21.322991105997943,2.4205443729477305,53.4438963946853,-999,0,1,0,1,0,0,0,-999.0,-999.0,-999.0,-999.0,0,-999.0,-999.0,-999.0,-999.0,-999.0,0,-999.0,-999.0,-999.0,0,0,0.9976950287818909,18.375499725341797,0.014890000224113464,-999.0,1,18.375499725341797,18.375499725341797,19.10569953918457,0.039629001170396805,-999.0,1,18.960500717163086,0.014890000224113464,-999.0,1,16,-999.0,-999.0,-999.0,-999.0,0,-999.0,-999.0,-999.0,-999.0,-999.0,0,-999.0,-999.0,-999.0,0,0,-999.0,-999.0,-999.0,-999.0,0,-999.0,-999.0,-999.0,-999.0,-999.0,0,-999.0,-999.0,-999.0,0,0,-999.0,-999.0,-999.0,-999.0,0,-999.0,-999.0,-999.0,-999.0,-999.0,0,-999.0,-999.0,-999.0,0,0,0.015305375520457937
PSO J223.8952+05.5821,-999,-999,-999,114692238952388896,3496239000025503,65296387826590,0,15189953445972,11469,1,1467,31,0.0710561844250711,3496239,15203,3,268959744,0,32,-999.0,-999.0,-999.0,-999.0,223.89522164,5.58206383,0.2440900057554245,0.2440900057554245,,,,,56721.58762731,-999.0,-0.7171917372717607,-0.690053836786893,0.0972713438007405,219.65246902593321,21.32959113019723,2.42948453717928,53.44836794551191,-999,0,1,1,0,0,0,0,0.6389300227165222,21.71470069885254,0.24362899363040924,-999.0,1,21.71470069885254,21.71470069885254,-999.0,-999.0,-999.0,0,21.70870018005371,0.24362899363040924,-999.0,1,4120,-999.0,-999.0,-999.0,-999.0,0,-999.0,-999.0,-999.0,-999.0,-999.0,0,-999.0,-999.0,-999.0,0,0,-999.0,-999.0,-999.0,-999.0,0,-999.0,-999.0,-999.0,-999.0,-999.0,0,-999.0,-999.0,-999.0,0,0,-999.0,-999.0,-999.0,-999.0,0,-999.0,-999.0,-999.0,-999.0,-999.0,0,-999.0,-999.0,-999.0,0,0,-999.0,-999.0,-999.0,-999.0,0,-999.0,-999.0,-999.0,-999.0,-999.0,0,-999.0,-999.0,-999.0,0,0,0.02023899100963979
PSO J223.8952+05.5789,-999,-999,-999,114692238951875144,3496239000025491,65296387826578,0,15189953236706,11469,1,1467,31,0.375066446489716,3496239,15203,3,302067712,0,36,-999.0,-999.0,-999.0,-999.0,223.89517141,5.57889468,0.18862000107765198,0.18862000107765198,,,,,55608.62884259,-999.0,-0.7171962182129293,-0.6900569373551777,0.09721629384555151,219.6534648608639,21.32656036999949,2.4253312100073847,53.44638614914481,-999,0,1,0,0,0,0,1,-999.0,-999.0,-999.0,-999.0,0,-999.0,-999.0,-999.0,-999.0,-999.0,0,-999.0,-999.0,-999.0,0,0,-999.0,-999.0,-999.0,-999.0,0,-999.0,-999.0,-999.0,-999.0,-999.0,0,-999.0,-999.0,-999.0,0,0,-999.0,-999.0,-999.0,-999.0,0,-999.0,-999.0,-999.0,-999.0,-999.0,0,-999.0,-999.0,-999.0,0,0,-999.0,-999.0,-999.0,-999.0,0,-999.0,-999.0,-999.0,-999.0,-999.0,0,-999.0,-999.0,-999.0,0,0,0.2025350034236908,19.59939956665039,0.18802599608898163,-999.0,1,19.59939956665039,19.59939956665039,-999.0,-999.0,-999.0,1,19.976499557495117,0.18802599608898163,-999.0,1,528,0.017774141178487274
PSO J223.8949+05.5748,-999,-999,-999,114692238951390091,3496239000025478,65296387826565,0,15189953247580,11469,1,1467,31,0.280496984050141,3496239,15203,3,302067712,0,36,-999.0,-999.0,-999.0,-999.0,223.89489594,5.57481101,0.17630000412464142,0.17630000412464142,,,,,55254.60542824,-999.0,-0.7172045271655587,-0.6900582915144073,0.09714535771432746,219.65453376523112,21.322590475157096,2.419755403068125,53.44399384278721,-999,0,2,0,0,1,1,0,-999.0,-999.0,-999.0,-999.0,0,-999.0,-999.0,-999.0,-999.0,-999.0,0,-999.0,-999.0,-999.0,0,0,-999.0,-999.0,-999.0,-999.0,0,-999.0,-999.0,-999.0,-999.0,-999.0,0,-999.0,-999.0,-999.0,0,0,0.602973997592926,21.689199447631836,0.3176630139350891,-999.0,1,21.689199447631836,21.689199447631836,-999.0,-999.0,-999.0,1,24.068199157714844,0.3176630139350891,-999.0,1,4120,0.9987769722938538,20.87619972229004,0.17565900087356567,-999.0,1,20.87619972229004,20.87619972229004,20.870500564575195,0.2525880038738251,-999.0,1,21.478599548339844,0.17565900087356567,-999.0,1,272,-999.0,-999.0,-999.0,-999.0,0,-999.0,-999.0,-999.0,-999.0,-999.0,0,-999.0,-999.0,-999.0,0,0,0.01482565791400622
PSO J223.8948+05.5762,-999,-999,-999,114692238947721906,3496239000025419,65296387826506,0,15189953247815,11469,1,1467,31,0.718083395360115,3496239,15203,3,268959744,0,32,-999.0,-999.0,-999.0,-999.0,223.89477784,5.5762256,0.15908999741077423,0.15908999741077423,,,,,55225.65130787,-999.0,-0.7172042209622165,-0.6900551500468382,0.09716993016265868,219.65394644001307,21.32390026195341,2.4214593163806275,53.444986291379266,-999,0,1,0,0,0,1,0,-999.0,-999.0,-999.0,-999.0,0,-999.0,-999.0,-999.0,-999.0,-999.0,0,-999.0,-999.0,-999.0,0,0,-999.0,-999.0,-999.0,-999.0,0,-999.0,-999.0,-999.0,-999.0,-999.0,0,-999.0,-999.0,-999.0,0,0,-999.0,-999.0,-999.0,-999.0,0,-999.0,-999.0,-999.0,-999.0,-999.0,0,-999.0,-999.0,-999.0,0,0,0.8272519707679749,20.6382999420166,0.15838299691677094,-999.0,1,20.6382999420166,20.6382999420166,20.656400680541992,0.17587900161743164,-999.0,1,20.519100189208984,0.15838299691677094,-999.0,1,4120,-999.0,-999.0,-999.0,-999.0,0,-999.0,-999.0,-999.0,-999.0,-999.0,0,-999.0,-999.0,-999.0,0,0,0.01562933580396385
PSO J223.8947+05.5756,-999,-999,-999,114692238947561077,3496239000025410,65296387826497,0,15189953248236,11469,1,1467,31,0.0381147070211495,3496239,15203,3,268959744,0,32,-999.0,-999.0,-999.0,-999.0,223.89473804,5.57555438,0.2602599859237671,0.2602599859237671,,,,,56721.58762731,-999.0,-0.7172055205621574,-0.6900554410554443,0.09715827059463968,219.65412769961168,21.323249420377675,2.4205486974391537,53.44458886365458,-999,0,1,1,0,0,0,0,0.6429569721221924,21.773700714111328,0.25982800126075745,-999.0,1,21.773700714111328,21.773700714111328,-999.0,-999.0,-999.0,0,22.047399520874023,0.25982800126075745,-999.0,1,4120,-999.0,-999.0,-999.0,-999.0,0,-999.0,-999.0,-999.0,-999.0,-999.0,0,-999.0,-999.0,-999.0,0,0,-999.0,-999.0,-999.0,-999.0,0,-999.0,-999.0,-999.0,-999.0,-999.0,0,-999.0,-999.0,-999.0,0,0,-999.0,-999.0,-999.0,-999.0,0,-999.0,-999.0,-999.0,-999.0,-999.0,0,-999.0,-999.0,-999.0,0,0,-999.0,-999.0,-999.0,-999.0,0,-999.0,-999.0,-999.0,-999.0,-999.0,0,-999.0,-999.0,-999.0,0,0,0.015163182744392451
PSO J223.8947+05.5780,-999,-999,-999,114692238946813996,3496239000025402,65296387826489,0,15189953234706,11469,1,1467,31,0.414401801688971,3496239,15203,3,436527104,7,52,223.89471951,5.57796561,0.0010000000474974513,0.0010000000474974513,223.89469056135815,5.577978656715853,0.02068194563815012,0.02068194563815012,16.54244438482284,30.7224736689342,20.180095924001147,20.180095924001147,56226.32026902341,2.048624038696289,-0.7172031293460913,-0.6900519958720113,0.0972003819397195,219.653276107238,21.32553990091951,2.4236299744756753,53.44617244974932,-999,5,16,0,4,6,5,1,-999.0,-999.0,-999.0,-999.0,0,-999.0,-999.0,-999.0,-999.0,-999.0,0,-999.0,-999.0,-999.0,0,114720,0.9993500113487244,21.784900665283203,0.11193899810314178,0.3214220106601715,4,21.319499969482422,21.98259925842285,21.807300567626953,0.07118500024080276,0.1995829939842224,4,22.002300262451172,0.2334499955177307,0.6175749897956848,4,115000,0.9993259906768799,21.050100326538086,0.06080099940299988,0.21543200314044952,6,20.659900665283203,21.255199432373047,20.91320037841797,0.20657600462436676,0.4360109865665436,5,20.841400146484375,0.056738998740911484,0.42943599820137024,6,115000,0.9994490146636963,21.170000076293945,0.07026100158691406,0.17063799500465393,4,21.01799964904785,21.422300338745117,21.211000442504883,0.16350500285625458,0.5141819715499878,4,21.09239959716797,0.11756300181150436,0.29391399025917053,4,115000,0.9980810284614563,20.449899673461914,0.148825004696846,-999.0,1,20.449899673461914,20.449899673461914,-999.0,-999.0,-999.0,1,21.189800262451172,0.148825004696846,-999.0,1,115000,0.016779891345305012
PSO J223.8946+05.5817,-999,-999,-999,114692238946778655,3496239000025400,65296387826487,0,15189953446855,11469,1,1467,31,0.429127464470572,3496239,15203,3,444915712,7,53,223.8946577,5.58170759,0.0010000000474974513,0.0010000000474974513,223.8946335900739,5.58169933980324,0.014967078233247296,0.014967078233247296,-24.385379570287686,22.73048450985926,12.014835957077771,12.014835957077771,56160.99782882581,9.983786582946777,-0.7171992654380991,-0.6900469049387643,0.09726501241187878,219.65199376432707,21.329065893541824,2.428390352979174,53.44858528052073,-999,10,23,1,2,8,9,3,0.9991599917411804,21.48870086669922,0.1579979956150055,-999.0,1,21.48870086669922,21.48870086669922,20.56909942626953,0.16063499450683594,-999.0,1,20.712400436401367,0.1579979956150055,-999.0,1,16892216,0.9986580014228821,21.591699600219727,0.18995900452136993,0.2687000036239624,2,21.39780044555664,21.777700424194336,20.968000411987305,0.03777100145816803,0.053739000111818314,2,20.957000732421875,0.13647200167179108,0.19304099678993225,2,16892216,0.9996230006217957,20.88680076599121,0.019938999786973,0.2291630059480667,8,20.468299865722656,20.955400466918945,20.284500122070312,0.09881500154733658,0.18437500298023224,8,20.258399963378906,0.06955400109291077,0.1555979996919632,8,16892216,0.9985780119895935,20.771799087524414,0.050214000046253204,0.15552300214767456,9,20.483200073242188,20.955299377441406,20.181400299072266,0.04813700169324875,0.18270599842071533,9,20.263900756835938,0.05287599936127663,0.21029700338840485,9,16892216,0.998445987701416,20.21339988708496,0.09909699857234955,0.18298499286174774,3,19.999099731445312,20.325000762939453,19.479700088500977,0.31454598903656006,0.34825998544692993,3,19.522600173950195,0.20729400217533112,0.21111899614334106,3,16892216,0.019597502666919665
PSO J223.8946+05.5767,-999,-999,-999,114692238946332463,3496239000025393,65296387826480,0,15189953234817,11469,1,1467,31,0.960126582495986,3496239,15203,3,268513280,0,32,-999.0,-999.0,-999.0,-999.0,223.89459066,5.57667,0.02118000015616417,0.02118000015616417,,,,,56787.40170139,-999.0,-0.7172059321733247,-0.690052284435313,0.09717764969888026,219.65360936128764,21.324265774941548,2.4218347332392147,53.44541314279642,-999,0,1,0,0,1,0,0,-999.0,-999.0,-999.0,-999.0,0,-999.0,-999.0,-999.0,-999.0,-999.0,0,-999.0,-999.0,-999.0,0,0,-999.0,-999.0,-999.0,-999.0,0,-999.0,-999.0,-999.0,-999.0,-999.0,0,-999.0,-999.0,-999.0,0,0,0.9977239966392517,18.73979949951172,0.014952000230550766,-999.0,1,18.73979949951172,18.73979949951172,19.567699432373047,0.03864600136876106,-999.0,1,19.42460060119629,0.014952000230550766,-999.0,1,24,-999.0,-999.0,-999.0,-999.0,0,-999.0,-999.0,-999.0,-999.0,-999.0,0,-999.0,-999.0,-999.0,0,0,-999.0,-999.0,-999.0,-999.0,0,-999.0,-999.0,-999.0,-999.0,-999.0,0,-999.0,-999.0,-999.0,0,0,0.01579014551782257
PSO J223.8946+05.5749,-999,-999,-999,114692238945750396,3496239000025379,65296387826466,0,15189953247568,11469,1,1467,31,0.311063248022518,3496239,15203,3,436285440,5,52,223.89477173,5.57493675,0.0010000000474974513,0.0010000000474974513,223.89456688422786,5.57492504356736,0.04998850302051186,0.04998850302051186,-90.38995842609248,-88.57995579963894,106.20962771104875,106.20962771104875,56662.00969077808,22.479963302612305,-0.7172083509032653,-0.6900540384672601,0.09714733856181428,219.65415898152446,21.322596129969142,2.4195475816957495,53.4443203418222,-999,4,4,0,0,3,1,0,-999.0,-999.0,-999.0,-999.0,0,-999.0,-999.0,-999.0,-999.0,-999.0,0,-999.0,-999.0,-999.0,0,0,-999.0,-999.0,-999.0,-999.0,0,-999.0,-999.0,-999.0,-999.0,-999.0,0,-999.0,-999.0,-999.0,0,114720,0.9997010231018066,21.438800811767578,0.08167500048875809,0.20464999973773956,3,21.21139907836914,21.616899490356445,21.199899673461914,0.06925299763679504,0.13462099432945251,3,21.114099502563477,0.08383499830961227,0.16040900349617004,3,115000,0.9987969994544983,21.57309913635254,0.17728400230407715,-999.0,1,21.57309913635254,21.57309913635254,21.342599868774414,0.30849000811576843,-999.0,1,21.30900001525879,0.17728400230407715,-999.0,1,115000,-999.0,-999.0,-999.0,-999.0,0,-999.0,-999.0,-999.0,-999.0,-999.0,0,-999.0,-999.0,-999.0,0,114720,0.014635584125376577
PSO J223.8943+05.5767,-999,-999,-999,114692238942742537,3496239000025336,65296387826423,0,15189953233991,11469,1,1467,31,0.0548315328125204,3496239,15203,3,310456320,0,37,-999.0,-999.0,-999.0,-999.0,223.89425095,5.57673077,0.18063999712467194,0.18063999712467194,,,,,56721.58826389,-999.0,-0.717209949245837,-0.6900479606056322,0.09717870531547403,219.65324394718434,21.32421955811892,2.421551414147105,53.44571236269302,-999,0,1,1,0,0,0,0,0.9992759823799133,21.658300399780273,0.18001799285411835,-999.0,1,21.658300399780273,21.658300399780273,20.57430076599121,0.16563500463962555,-999.0,1,20.73579978942871,0.18001799285411835,-999.0,1,16777496,-999.0,-999.0,-999.0,-999.0,0,-999.0,-999.0,-999.0,-999.0,-999.0,0,-999.0,-999.0,-999.0,0,0,-999.0,-999.0,-999.0,-999.0,0,-999.0,-999.0,-999.0,-999.0,-999.0,0,-999.0,-999.0,-999.0,0,0,-999.0,-999.0,-999.0,-999.0,0,-999.0,-999.0,-999.0,-999.0,-999.0,0,-999.0,-999.0,-999.0,0,0,-999.0,-999.0,-999.0,-999.0,0,-999.0,-999.0,-999.0,-999.0,-999.0,0,-999.0,-999.0,-999.0,0,0,0.015587059771657292
PSO J223.8938+05.5759,-999,-999,-999,114692238938361541,3496239000025271,65296387826358,0,15189953247438,11469,1,1467,31,0.727637993849477,3496239,15203,3,268959744,0,32,-999.0,-999.0,-999.0,-999.0,223.89382296,5.57590783,0.24991999566555023,0.24991999566555023,,,,,55306.34664352,-999.0,-0.7172161095304455,-0.6900435708027146,0.09716441027377914,219.653080704938,21.323305472902035,2.420030943020526,53.44551584828084,-999,0,1,0,1,0,0,0,-999.0,-999.0,-999.0,-999.0,0,-999.0,-999.0,-999.0,-999.0,-999.0,0,-999.0,-999.0,-999.0,0,0,0.6935589909553528,21.061199188232422,0.24946799874305725,-999.0,1,21.061199188232422,21.061199188232422,-999.0,-999.0,-999.0,1,21.39389991760254,0.24946799874305725,-999.0,1,4112,-999.0,-999.0,-999.0,-999.0,0,-999.0,-999.0,-999.0,-999.0,-999.0,0,-999.0,-999.0,-999.0,0,0,-999.0,-999.0,-999.0,-999.0,0,-999.0,-999.0,-999.0,-999.0,-999.0,0,-999.0,-999.0,-999.0,0,0,-999.0,-999.0,-999.0,-999.0,0,-999.0,-999.0,-999.0,-999.0,-999.0,0,-999.0,-999.0,-999.0,0,0,0.014711545122301987
PSO J223.8930+05.5760,-999,-999,-999,114692238930431585,3496239000025139,65296387826226,0,15189953247254,11469,1,1467,31,0.526476718044352,3496239,15203,3,310456320,0,37,-999.0,-999.0,-999.0,-999.0,223.89304074,5.57595615,0.13436000049114227,0.13436000049114227,,,,,55225.65130787,-999.0,-0.7172254711042069,-0.6900337222660803,0.09716524962643007,219.65226956489278,21.32311188616668,2.4192600354187,53.44614641755087,-999,0,1,0,0,0,1,0,-999.0,-999.0,-999.0,-999.0,0,-999.0,-999.0,-999.0,-999.0,-999.0,0,-999.0,-999.0,-999.0,0,0,-999.0,-999.0,-999.0,-999.0,0,-999.0,-999.0,-999.0,-999.0,-999.0,0,-999.0,-999.0,-999.0,0,0,-999.0,-999.0,-999.0,-999.0,0,-999.0,-999.0,-999.0,-999.0,-999.0,0,-999.0,-999.0,-999.0,0,0,0.9779379963874817,20.523500442504883,0.1335189938545227,-999.0,1,20.523500442504883,20.523500442504883,19.396299362182617,0.10026100277900696,-999.0,1,19.693099975585938,0.1335189938545227,-999.0,1,16777496,-999.0,-999.0,-999.0,-999.0,0,-999.0,-999.0,-999.0,-999.0,-999.0,0,-999.0,-999.0,-999.0,0,0,0.01418569700457974
PSO J223.8928+05.5781,-999,-999,-999,114692238927954206,3496239000116858,65296387920018,0,15189953448869,11469,1,1467,31,0.922606239023252,3496239,15203,3,1343750144,0,160,223.89280036,5.57812264,0.0010000000474974513,0.0010000000474974513,223.89280036,5.57812264,0.0010000000474974513,0.0010000000474974513,,,,,56016.57618056,-999.0,-0.7172257179074306,-0.690028165442763,0.09720288302239495,219.65130953415323,21.325099632010943,2.421806388615759,53.44771200690173,-999,1,0,0,0,0,0,0,-999.0,-999.0,-999.0,-999.0,0,-999.0,-999.0,-999.0,-999.0,-999.0,0,-999.0,-999.0,-999.0,0,114720,-999.0,-999.0,-999.0,-999.0,0,-999.0,-999.0,-999.0,-999.0,-999.0,0,-999.0,-999.0,-999.0,0,16416,-999.0,-999.0,-999.0,-999.0,0,-999.0,-999.0,-999.0,-999.0,-999.0,0,-999.0,-999.0,-999.0,0,16416,-999.0,-999.0,-999.0,-999.0,0,-999.0,-999.0,-999.0,-999.0,-999.0,0,-999.0,-999.0,-999.0,0,16416,-999.0,-999.0,-999.0,-999.0,0,-999.0,-999.0,-999.0,-999.0,-999.0,0,-999.0,-999.0,-999.0,0,16416,0.015646979379148378
PSO J223.8927+05.5768,-999,-999,-999,114692238927122667,3496239000116854,65296387920014,0,15189953233972,11469,1,1467,31,0.419022015686167,3496239,15203,3,1343750144,0,160,223.89271243,5.57683999,0.0010000000474974513,0.0010000000474974513,223.89271243,5.57683999,0.0010000000474974513,0.0010000000474974513,,,,,56041.68789352,-999.0,-0.7172283448230369,-0.6900285732287259,0.09718060254153409,219.6516438548335,21.323852290860895,2.420053505858162,53.44696166063284,-999,1,0,0,0,0,0,0,-999.0,-999.0,-999.0,-999.0,0,-999.0,-999.0,-999.0,-999.0,-999.0,0,-999.0,-999.0,-999.0,0,114720,-999.0,-999.0,-999.0,-999.0,0,-999.0,-999.0,-999.0,-999.0,-999.0,0,-999.0,-999.0,-999.0,0,16416,-999.0,-999.0,-999.0,-999.0,0,-999.0,-999.0,-999.0,-999.0,-999.0,0,-999.0,-999.0,-999.0,0,16416,-999.0,-999.0,-999.0,-999.0,0,-999.0,-999.0,-999.0,-999.0,-999.0,0,-999.0,-999.0,-999.0,0,16416,-999.0,-999.0,-999.0,-999.0,0,-999.0,-999.0,-999.0,-999.0,-999.0,0,-999.0,-999.0,-999.0,0,16416,0.014607814792043835
PSO J223.8922+05.5763,-999,-999,-999,114692238922261993,3496239000025009,65296387826096,0,15189953455117,11469,1,1467,31,0.510098269684332,3496239,15203,3,268959744,0,32,-999.0,-999.0,-999.0,-999.0,223.89223772,5.57629994,0.15615999698638916,0.15615999698638916,,,,,55225.64311343,-999.0,-0.7172347219314635,-0.6900232658164588,0.09717122150042569,219.65133967842826,21.32319305903941,2.4188491416272484,53.44698131750449,-999,0,1,0,0,0,1,0,-999.0,-999.0,-999.0,-999.0,0,-999.0,-999.0,-999.0,-999.0,-999.0,0,-999.0,-999.0,-999.0,0,0,-999.0,-999.0,-999.0,-999.0,0,-999.0,-999.0,-999.0,-999.0,-999.0,0,-999.0,-999.0,-999.0,0,0,-999.0,-999.0,-999.0,-999.0,0,-999.0,-999.0,-999.0,-999.0,-999.0,0,-999.0,-999.0,-999.0,0,0,0.7960330247879028,20.66320037841797,0.1554349958896637,-999.0,1,20.66320037841797,20.66320037841797,-999.0,-999.0,-999.0,0,20.44179916381836,0.1554349958896637,-999.0,1,4120,-999.0,-999.0,-999.0,-999.0,0,-999.0,-999.0,-999.0,-999.0,-999.0,0,-999.0,-999.0,-999.0,0,0,0.013890273778359481
PSO J223.8921+05.5752,-999,-999,-999,114692238921620720,3496239000116843,65296387920003,0,15189953239127,11469,1,1467,31,0.453845967961332,3496239,15203,3,1343750144,0,160,223.89214424,5.57523518,0.0010000000474974513,0.0010000000474974513,223.89214424,5.57523518,0.0010000000474974513,0.0010000000474974513,,,,,56206.31975694,-999.0,-0.7172371489371325,-0.6900233474619829,0.09715272585930418,219.65159637540768,21.322151335029876,2.417372263527847,53.446374111038544,-999,1,0,0,0,0,0,0,-999.0,-999.0,-999.0,-999.0,0,-999.0,-999.0,-999.0,-999.0,-999.0,0,-999.0,-999.0,-999.0,0,114720,-999.0,-999.0,-999.0,-999.0,0,-999.0,-999.0,-999.0,-999.0,-999.0,0,-999.0,-999.0,-999.0,0,16416,-999.0,-999.0,-999.0,-999.0,0,-999.0,-999.0,-999.0,-999.0,-999.0,0,-999.0,-999.0,-999.0,0,16416,-999.0,-999.0,-999.0,-999.0,0,-999.0,-999.0,-999.0,-999.0,-999.0,0,-999.0,-999.0,-999.0,0,16416,-999.0,-999.0,-999.0,-999.0,0,-999.0,-999.0,-999.0,-999.0,-999.0,0,-999.0,-999.0,-999.0,0,16416,0.013046033284024929
PSO J223.8921+05.5822,-999,-999,-999,114692238920689111,3496239000116840,65296387920000,0,15189953447435,11469,1,1467,31,0.0304185357228094,3496239,15203,3,1343750144,0,160,223.89206845,5.58220665,0.0010000000474974513,0.0010000000474974513,223.89206845,5.58220665,0.0010000000474974513,0.0010000000474974513,,,,,55964.13940972,-999.0,-0.7172295375613954,-0.6900141980319318,0.09727382465913947,219.64921633371148,21.328761300363404,2.4263099737162017,53.450876882557964,-999,2,0,0,0,0,0,0,-999.0,-999.0,-999.0,-999.0,0,-999.0,-999.0,-999.0,-999.0,-999.0,0,-999.0,-999.0,-999.0,0,114720,-999.0,-999.0,-999.0,-999.0,0,-999.0,-999.0,-999.0,-999.0,-999.0,0,-999.0,-999.0,-999.0,0,16416,-999.0,-999.0,-999.0,-999.0,0,-999.0,-999.0,-999.0,-999.0,-999.0,0,-999.0,-999.0,-999.0,0,16416,-999.0,-999.0,-999.0,-999.0,0,-999.0,-999.0,-999.0,-999.0,-999.0,0,-999.0,-999.0,-999.0,0,16416,-999.0,-999.0,-999.0,-999.0,0,-999.0,-999.0,-999.0,-999.0,-999.0,0,-999.0,-999.0,-999.0,0,16416,0.018648304156729745
PSO J223.8920+05.5797,-999,-999,-999,114692238919636106,3496239000116839,65296387919999,0,15189953449084,11469,1,1467,31,0.0520593300946609,3496239,15203,3,1343750144,0,160,223.89196371,5.57970816,0.0010000000474974513,0.0010000000474974513,223.89196371,5.57970816,0.0010000000474974513,0.0010000000474974513,,,,,55877.61681713,-999.0,-0.7172338551159045,-0.6900158270861183,0.09723042448862326,219.64993524737227,21.326351975176692,2.422966052833607,53.44936435950939,-999,1,0,0,0,0,0,0,-999.0,-999.0,-999.0,-999.0,0,-999.0,-999.0,-999.0,-999.0,-999.0,0,-999.0,-999.0,-999.0,0,114720,-999.0,-999.0,-999.0,-999.0,0,-999.0,-999.0,-999.0,-999.0,-999.0,0,-999.0,-999.0,-999.0,0,16416,-999.0,-999.0,-999.0,-999.0,0,-999.0,-999.0,-999.0,-999.0,-999.0,0,-999.0,-999.0,-999.0,0,16416,-999.0,-999.0,-999.0,-999.0,0,-999.0,-999.0,-999.0,-999.0,-999.0,0,-999.0,-999.0,-999.0,0,16416,-999.0,-999.0,-999.0,-999.0,0,-999.0,-999.0,-999.0,-999.0,-999.0,0,-999.0,-999.0,-999.0,0,16416,0.016449535009698882
PSO J223.8917+05.5783,-999,-999,-999,114692238916914379,3496239000024928,65296387826015,0,15189953448778,11469,1,1467,31,0.823733619250109,3496239,15203,3,302067712,0,36,-999.0,-999.0,-999.0,-999.0,223.89166115,5.57825529,0.20065000653266907,0.20065000653266907,,,,,56838.25114583,-999.0,-0.7172392753928122,-0.6900137487094063,0.09720518723805892,219.6501076258561,21.32487694158414,2.4207641972255214,53.448670074611385,-999,0,1,0,0,0,0,1,-999.0,-999.0,-999.0,-999.0,0,-999.0,-999.0,-999.0,-999.0,-999.0,0,-999.0,-999.0,-999.0,0,0,-999.0,-999.0,-999.0,-999.0,0,-999.0,-999.0,-999.0,-999.0,-999.0,0,-999.0,-999.0,-999.0,0,0,-999.0,-999.0,-999.0,-999.0,0,-999.0,-999.0,-999.0,-999.0,-999.0,0,-999.0,-999.0,-999.0,0,0,-999.0,-999.0,-999.0,-999.0,0,-999.0,-999.0,-999.0,-999.0,-999.0,0,-999.0,-999.0,-999.0,0,0,0.9978939890861511,20.78260040283203,0.20009200274944305,-999.0,1,20.78260040283203,20.78260040283203,-999.0,-999.0,-999.0,1,21.361600875854492,0.20009200274944305,-999.0,1,280,0.015075083294674845
PSO J223.8908+05.5785,-999,-999,-999,114692238908344630,3496239000106629,65296387907718,0,15189953459615,11469,1,1467,31,0.902331658548053,3496239,15203,3,302067712,0,36,-999.0,-999.0,-999.0,-999.0,223.89081545,5.57848282,0.1726900041103363,0.1726900041103363,,,,,55239.58606481,-999.0,-0.7172491818968346,-0.6900028943784418,0.09720913957902441,219.64917274983003,21.32483441550297,2.4201574418965452,53.44946357934926,-999,0,1,0,0,0,0,1,-999.0,-999.0,-999.0,-999.0,0,-999.0,-999.0,-999.0,-999.0,-999.0,0,-999.0,-999.0,-999.0,0,0,-999.0,-999.0,-999.0,-999.0,0,-999.0,-999.0,-999.0,-999.0,-999.0,0,-999.0,-999.0,-999.0,0,0,-999.0,-999.0,-999.0,-999.0,0,-999.0,-999.0,-999.0,-999.0,-999.0,0,-999.0,-999.0,-999.0,0,0,-999.0,-999.0,-999.0,-999.0,0,-999.0,-999.0,-999.0,-999.0,-999.0,0,-999.0,-999.0,-999.0,0,0,0.999330997467041,19.90690040588379,0.17203600704669952,-999.0,1,19.90690040588379,19.90690040588379,19.62980079650879,0.2761229872703552,-999.0,1,19.52869987487793,0.17203600704669952,-999.0,1,280,0.014803204150118212
PSO J223.8903+05.5819,-999,-999,-999,114692238903208795,3496239000116808,65296387919968,0,15189953447806,11469,1,1467,31,0.598066684415626,3496239,15203,3,1075314688,0,128,223.89031969,5.58194596,0.0010000000474974513,0.0010000000474974513,223.89031969,5.58194596,0.0010000000474974513,0.0010000000474974513,,,,,56113.96049769,-999.0,-0.7172509165286448,-0.68999261353222,0.09726929633648825,219.6475246952371,21.327977653912544,2.424109457727275,53.45205161558068,-999,1,0,0,0,0,0,0,-999.0,-999.0,-999.0,-999.0,0,-999.0,-999.0,-999.0,-999.0,-999.0,0,-999.0,-999.0,-999.0,0,32800,-999.0,-999.0,-999.0,-999.0,0,-999.0,-999.0,-999.0,-999.0,-999.0,0,-999.0,-999.0,-999.0,0,32,-999.0,-999.0,-999.0,-999.0,0,-999.0,-999.0,-999.0,-999.0,-999.0,0,-999.0,-999.0,-999.0,0,32,-999.0,-999.0,-999.0,-999.0,0,-999.0,-999.0,-999.0,-999.0,-999.0,0,-999.0,-999.0,-999.0,0,32,-999.0,-999.0,-999.0,-999.0,0,-999.0,-999.0,-999.0,-999.0,-999.0,0,-999.0,-999.0,-999.0,0,32,0.017633220813358743
PSO J223.8901+05.5773,-999,-999,-999,114692238901583272,3496239000024655,65296387825742,0,15189953460197,11469,1,1467,31,0.816919872366749,3496239,15203,3,268513280,0,32,-999.0,-999.0,-999.0,-999.0,223.89014276,5.57733601,0.016769999638199806,0.016769999638199806,,,,,55608.62884259,-999.0,-0.7172586849984729,-0.6899958221281332,0.09718921874355729,219.64886776516468,21.323537228423987,2.4179571480999162,53.4492481760751,-999,0,1,0,0,0,0,1,-999.0,-999.0,-999.0,-999.0,0,-999.0,-999.0,-999.0,-999.0,-999.0,0,-999.0,-999.0,-999.0,0,0,-999.0,-999.0,-999.0,-999.0,0,-999.0,-999.0,-999.0,-999.0,-999.0,0,-999.0,-999.0,-999.0,0,0,-999.0,-999.0,-999.0,-999.0,0,-999.0,-999.0,-999.0,-999.0,-999.0,0,-999.0,-999.0,-999.0,0,0,-999.0,-999.0,-999.0,-999.0,0,-999.0,-999.0,-999.0,-999.0,-999.0,0,-999.0,-999.0,-999.0,0,0,0.9991499781608582,15.729399681091309,0.00749000022187829,-999.0,1,15.729399681091309,15.729399681091309,16.445499420166016,0.017666999250650406,-999.0,1,16.315200805664062,0.00749000022187829,-999.0,1,16,0.01347571987431111
PSO J223.8899+05.5755,-999,-999,-999,114692238898821077,3496239000116795,65296387919955,0,15189953455913,11469,1,1467,31,0.182159325277581,3496239,15203,3,1343750144,0,160,223.88988291,5.57551536,0.0010000000474974513,0.0010000000474974513,223.88988291,5.57551536,0.0010000000474974513,0.0010000000474974513,,,,,56016.57618056,-999.0,-0.7172640395928968,-0.6899947098857372,0.09715759278912227,219.6492050551321,21.321725343174275,2.415325152629355,53.44828655588411,-999,1,0,0,0,0,0,0,-999.0,-999.0,-999.0,-999.0,0,-999.0,-999.0,-999.0,-999.0,-999.0,0,-999.0,-999.0,-999.0,0,114720,-999.0,-999.0,-999.0,-999.0,0,-999.0,-999.0,-999.0,-999.0,-999.0,0,-999.0,-999.0,-999.0,0,16416,-999.0,-999.0,-999.0,-999.0,0,-999.0,-999.0,-999.0,-999.0,-999.0,0,-999.0,-999.0,-999.0,0,16416,-999.0,-999.0,-999.0,-999.0,0,-999.0,-999.0,-999.0,-999.0,-999.0,0,-999.0,-999.0,-999.0,0,16416,-999.0,-999.0,-999.0,-999.0,0,-999.0,-999.0,-999.0,-999.0,-999.0,0,-999.0,-999.0,-999.0,0,16416,0.011815840392557257
PSO J223.8898+05.5776,-999,-999,-999,114692238897923620,3496239000116792,65296387919952,0,15189953460018,11469,1,1467,31,0.424121573962384,3496239,15203,3,1343750144,0,160,223.88979257,5.57763401,0.0010000000474974513,0.0010000000474974513,223.88979257,5.57763401,0.0010000000474974513,0.0010000000474974513,,,,,55971.37297454,-999.0,-0.7172625379149992,-0.6899910878013054,0.09719439520109041,219.64841333185686,21.323713511981975,2.417969493623152,53.44970667859421,-999,1,0,0,0,0,0,0,-999.0,-999.0,-999.0,-999.0,0,-999.0,-999.0,-999.0,-999.0,-999.0,0,-999.0,-999.0,-999.0,0,114720,-999.0,-999.0,-999.0,-999.0,0,-999.0,-999.0,-999.0,-999.0,-999.0,0,-999.0,-999.0,-999.0,0,16416,-999.0,-999.0,-999.0,-999.0,0,-999.0,-999.0,-999.0,-999.0,-999.0,0,-999.0,-999.0,-999.0,0,16416,-999.0,-999.0,-999.0,-999.0,0,-999.0,-999.0,-999.0,-999.0,-999.0,0,-999.0,-999.0,-999.0,0,16416,-999.0,-999.0,-999.0,-999.0,0,-999.0,-999.0,-999.0,-999.0,-999.0,0,-999.0,-999.0,-999.0,0,16416,0.013552594171821305
PSO J223.8898+05.5763,-999,-999,-999,114692238897662054,3496239000024590,65296387825677,0,15189953455547,11469,1,1467,31,0.209965381035549,3496239,15203,3,268959744,0,32,-999.0,-999.0,-999.0,-999.0,223.88975647,5.57634223,0.20809000730514526,0.20809000730514526,,,,,55609.57840278,-999.0,-0.7172645517055829,-0.689992154892276,0.0971719561072153,219.64880337116097,21.3224733623153,2.4162600082804317,53.44891072130331,-999,0,1,0,0,0,1,0,-999.0,-999.0,-999.0,-999.0,0,-999.0,-999.0,-999.0,-999.0,-999.0,0,-999.0,-999.0,-999.0,0,0,-999.0,-999.0,-999.0,-999.0,0,-999.0,-999.0,-999.0,-999.0,-999.0,0,-999.0,-999.0,-999.0,0,0,-999.0,-999.0,-999.0,-999.0,0,-999.0,-999.0,-999.0,-999.0,-999.0,0,-999.0,-999.0,-999.0,0,0,0.8381580114364624,18.265600204467773,0.20755299925804138,-999.0,1,18.265600204467773,18.265600204467773,18.422399520874023,0.2863909900188446,-999.0,1,19.051700592041016,0.20755299925804138,-999.0,1,4112,-999.0,-999.0,-999.0,-999.0,0,-999.0,-999.0,-999.0,-999.0,-999.0,0,-999.0,-999.0,-999.0,0,0,0.012430228187958334
PSO J223.8897+05.5794,-999,-999,-999,114692238897205681,3496239000116787,65296387919947,0,15189953461307,11469,1,1467,31,0.113262092800124,3496239,15203,3,1343750144,0,160,223.88972049,5.57935214,0.0010000000474974513,0.0010000000474974513,223.88972049,5.57935214,0.0010000000474974513,0.0010000000474974513,,,,,56125.39715278,-999.0,-0.7172613051639404,-0.6899881645584458,0.09722424020679148,219.64777246583097,21.325326186957113,2.4201153249138043,53.45085738504562,-999,1,0,0,0,0,0,0,-999.0,-999.0,-999.0,-999.0,0,-999.0,-999.0,-999.0,-999.0,-999.0,0,-999.0,-999.0,-999.0,0,114720,-999.0,-999.0,-999.0,-999.0,0,-999.0,-999.0,-999.0,-999.0,-999.0,0,-999.0,-999.0,-999.0,0,16416,-999.0,-999.0,-999.0,-999.0,0,-999.0,-999.0,-999.0,-999.0,-999.0,0,-999.0,-999.0,-999.0,0,16416,-999.0,-999.0,-999.0,-999.0,0,-999.0,-999.0,-999.0,-999.0,-999.0,0,-999.0,-999.0,-999.0,0,16416,-999.0,-999.0,-999.0,-999.0,0,-999.0,-999.0,-999.0,-999.0,-999.0,0,-999.0,-999.0,-999.0,0,16416,0.015034033176008859
PSO J223.8895+05.5805,-999,-999,-999,114692238895457058,3496239000116784,65296387919944,0,15189953447320,11469,1,1467,31,0.633280384012759,3496239,15203,3,1343750144,0,160,223.88954516,5.58052277,0.0010000000474974513,0.0010000000474974513,223.88954516,5.58052277,0.0010000000474974513,0.0010000000474974513,,,,,56014.89693287,-999.0,-0.7172619848637598,-0.6899845924024479,0.09724457474084267,219.64720749993322,21.326386306180222,2.421442940394711,53.45173816412077,-999,1,0,0,0,0,0,0,-999.0,-999.0,-999.0,-999.0,0,-999.0,-999.0,-999.0,-999.0,-999.0,0,-999.0,-999.0,-999.0,0,114720,-999.0,-999.0,-999.0,-999.0,0,-999.0,-999.0,-999.0,-999.0,-999.0,0,-999.0,-999.0,-999.0,0,16416,-999.0,-999.0,-999.0,-999.0,0,-999.0,-999.0,-999.0,-999.0,-999.0,0,-999.0,-999.0,-999.0,0,16416,-999.0,-999.0,-999.0,-999.0,0,-999.0,-999.0,-999.0,-999.0,-999.0,0,-999.0,-999.0,-999.0,0,16416,-999.0,-999.0,-999.0,-999.0,0,-999.0,-999.0,-999.0,-999.0,-999.0,0,-999.0,-999.0,-999.0,0,16416,0.016019099913328706
PSO J223.8890+05.5796,-999,-999,-999,114692238889996030,3496239000024476,65296387825563,0,15189953460894,11469,1,1467,31,0.434641214492397,3496239,15203,3,302067712,0,36,-999.0,-999.0,-999.0,-999.0,223.88898293,5.57963401,0.20502999424934387,0.20502999424934387,,,,,55608.62884259,-999.0,-0.7172698425065933,-0.6899785997073012,0.09722913645877204,219.64692956851667,21.325368475831844,2.419694062148665,53.45160261647363,-999,0,1,0,0,0,0,1,-999.0,-999.0,-999.0,-999.0,0,-999.0,-999.0,-999.0,-999.0,-999.0,0,-999.0,-999.0,-999.0,0,0,-999.0,-999.0,-999.0,-999.0,0,-999.0,-999.0,-999.0,-999.0,-999.0,0,-999.0,-999.0,-999.0,0,0,-999.0,-999.0,-999.0,-999.0,0,-999.0,-999.0,-999.0,-999.0,-999.0,0,-999.0,-999.0,-999.0,0,0,-999.0,-999.0,-999.0,-999.0,0,-999.0,-999.0,-999.0,-999.0,-999.0,0,-999.0,-999.0,-999.0,0,0,0.9978179931640625,19.691699981689453,0.20448100566864014,-999.0,1,19.691699981689453,19.691699981689453,-999.0,-999.0,-999.0,1,19.92650032043457,0.20448100566864014,-999.0,1,272,0.014980343126062522
PSO J223.8889+05.5785,-999,-999,-999,114692238889364675,3496239000116774,65296387919934,0,15189953461415,11469,1,1467,31,0.846848033225954,3496239,15203,3,1343750144,0,160,223.88893605,5.57851256,0.0010000000474974513,0.0010000000474974513,223.88893605,5.57851256,0.0010000000474974513,0.0010000000474974513,,,,,55971.37297454,-999.0,-0.7172717784272669,-0.6899793320214975,0.09720965618164622,219.64725239470494,21.324287091325456,2.4181933255032595,53.450923550501884,-999,1,0,0,0,0,0,0,-999.0,-999.0,-999.0,-999.0,0,-999.0,-999.0,-999.0,-999.0,-999.0,0,-999.0,-999.0,-999.0,0,114720,-999.0,-999.0,-999.0,-999.0,0,-999.0,-999.0,-999.0,-999.0,-999.0,0,-999.0,-999.0,-999.0,0,16416,-999.0,-999.0,-999.0,-999.0,0,-999.0,-999.0,-999.0,-999.0,-999.0,0,-999.0,-999.0,-999.0,0,16416,-999.0,-999.0,-999.0,-999.0,0,-999.0,-999.0,-999.0,-999.0,-999.0,0,-999.0,-999.0,-999.0,0,16416,-999.0,-999.0,-999.0,-999.0,0,-999.0,-999.0,-999.0,-999.0,-999.0,0,-999.0,-999.0,-999.0,0,16416,0.01393857878852238
PSO J223.8884+05.5749,-999,-999,-999,114692238883960305,3496239000116759,65296387919919,0,15189953458015,11469,1,1467,31,0.888798824407904,3496239,15203,3,1343750144,0,160,223.88839477,5.57487118,0.0010000000474974513,0.0010000000474974513,223.88839477,5.57487118,0.0010000000474974513,0.0010000000474974513,,,,,56067.73321759,-999.0,-0.7172827477452848,-0.6899768374288142,0.0971464029118207,219.64790509047887,21.320656639594247,2.412906128489591,53.44901676373594,-999,1,0,0,0,0,0,0,-999.0,-999.0,-999.0,-999.0,0,-999.0,-999.0,-999.0,-999.0,-999.0,0,-999.0,-999.0,-999.0,0,114720,-999.0,-999.0,-999.0,-999.0,0,-999.0,-999.0,-999.0,-999.0,-999.0,0,-999.0,-999.0,-999.0,0,16416,-999.0,-999.0,-999.0,-999.0,0,-999.0,-999.0,-999.0,-999.0,-999.0,0,-999.0,-999.0,-999.0,0,16416,-999.0,-999.0,-999.0,-999.0,0,-999.0,-999.0,-999.0,-999.0,-999.0,0,-999.0,-999.0,-999.0,0,16416,-999.0,-999.0,-999.0,-999.0,0,-999.0,-999.0,-999.0,-999.0,-999.0,0,-999.0,-999.0,-999.0,0,16416,0.010465507381252227
PSO J223.8883+05.5760,-999,-999,-999,114692238883311665,3496239000116755,65296387919915,0,15189953457206,11469,1,1467,31,0.143533109820944,3496239,15203,3,1343750144,0,160,223.88834087,5.57600511,0.0010000000474974513,0.0010000000474974513,223.88834087,5.57600511,0.0010000000474974513,0.0010000000474974513,,,,,56016.57618056,-999.0,-0.717282011080825,-0.6899748296654958,0.09716610009626418,219.64747570796263,21.32171903295716,2.414315464551434,53.4497811206325,-999,1,0,0,0,0,0,0,-999.0,-999.0,-999.0,-999.0,0,-999.0,-999.0,-999.0,-999.0,-999.0,0,-999.0,-999.0,-999.0,0,114720,-999.0,-999.0,-999.0,-999.0,0,-999.0,-999.0,-999.0,-999.0,-999.0,0,-999.0,-999.0,-999.0,0,16416,-999.0,-999.0,-999.0,-999.0,0,-999.0,-999.0,-999.0,-999.0,-999.0,0,-999.0,-999.0,-999.0,0,16416,-999.0,-999.0,-999.0,-999.0,0,-999.0,-999.0,-999.0,-999.0,-999.0,0,-999.0,-999.0,-999.0,0,16416,-999.0,-999.0,-999.0,-999.0,0,-999.0,-999.0,-999.0,-999.0,-999.0,0,-999.0,-999.0,-999.0,0,16416,0.01142855998104096
PSO J223.8877+05.5823,-999,-999,-999,114692238877119182,3496239000116748,65296387919908,0,15189953452092,11469,1,1467,31,0.58342489933914,3496239,15203,3,1343750144,0,160,223.88771116,5.58227337,0.0010000000474974513,0.0010000000474974513,223.88771116,5.58227337,0.0010000000474974513,0.0010000000474974513,,,,,55877.61681713,-999.0,-0.7172819287794837,-0.6899595728794844,0.09727498362036899,219.6447647590527,21.327490211936556,2.4217535491652713,53.454260490032276,-999,1,0,0,0,0,0,0,-999.0,-999.0,-999.0,-999.0,0,-999.0,-999.0,-999.0,-999.0,-999.0,0,-999.0,-999.0,-999.0,0,114720,-999.0,-999.0,-999.0,-999.0,0,-999.0,-999.0,-999.0,-999.0,-999.0,0,-999.0,-999.0,-999.0,0,16416,-999.0,-999.0,-999.0,-999.0,0,-999.0,-999.0,-999.0,-999.0,-999.0,0,-999.0,-999.0,-999.0,0,16416,-999.0,-999.0,-999.0,-999.0,0,-999.0,-999.0,-999.0,-999.0,-999.0,0,-999.0,-999.0,-999.0,0,16416,-999.0,-999.0,-999.0,-999.0,0,-999.0,-999.0,-999.0,-999.0,-999.0,0,-999.0,-999.0,-999.0,0,16416,0.01704306233493942
PSO J223.8921+05.5885,-999,-999,-999,114702238920986701,3496239000106634,65296387907723,0,15189953320973,11470,1,1467,31,0.409842063123213,3496239,15203,3,268959744,0,32,-999.0,-999.0,-999.0,-999.0,223.89208283,5.58854954,0.2872599959373474,0.2872599959373474,,,,,55239.58606481,-999.0,-0.717221599606243,-0.6900069078958782,0.09738400337956443,219.64713542384388,21.334800776631802,2.4345322514210093,53.45490917518386,-999,0,1,0,0,0,0,1,-999.0,-999.0,-999.0,-999.0,0,-999.0,-999.0,-999.0,-999.0,-999.0,0,-999.0,-999.0,-999.0,0,0,-999.0,-999.0,-999.0,-999.0,0,-999.0,-999.0,-999.0,-999.0,-999.0,0,-999.0,-999.0,-999.0,0,0,-999.0,-999.0,-999.0,-999.0,0,-999.0,-999.0,-999.0,-999.0,-999.0,0,-999.0,-999.0,-999.0,0,0,-999.0,-999.0,-999.0,-999.0,0,-999.0,-999.0,-999.0,-999.0,-999.0,0,-999.0,-999.0,-999.0,0,0,0.7175179719924927,20.27739906311035,0.28686898946762085,-999.0,1,20.27739906311035,20.27739906311035,-999.0,-999.0,-999.0,0,-999.0,-999.0,-999.0,0,4120,0.024398032183208723
PSO J223.8929+05.5833,-999,-999,-999,114702238929170373,3496239000116861,65296387920021,0,15189953318240,11470,1,1467,31,0.0652630655702791,3496239,15203,3,1343750144,0,160,223.89291652,5.58326264,0.0010000000474974513,0.0010000000474974513,223.89291652,5.58326264,0.0010000000474974513,0.0010000000474974513,,,,,55915.2290625,-999.0,-0.717218032075704,-0.6900235710188963,0.0972921677412143,219.64972961601794,21.330025787400604,2.428579733682364,53.45089976148246,-999,2,0,0,0,0,0,0,-999.0,-999.0,-999.0,-999.0,0,-999.0,-999.0,-999.0,-999.0,-999.0,0,-999.0,-999.0,-999.0,0,114720,-999.0,-999.0,-999.0,-999.0,0,-999.0,-999.0,-999.0,-999.0,-999.0,0,-999.0,-999.0,-999.0,0,16416,-999.0,-999.0,-999.0,-999.0,0,-999.0,-999.0,-999.0,-999.0,-999.0,0,-999.0,-999.0,-999.0,0,16416,-999.0,-999.0,-999.0,-999.0,0,-999.0,-999.0,-999.0,-999.0,-999.0,0,-999.0,-999.0,-999.0,0,16416,-999.0,-999.0,-999.0,-999.0,0,-999.0,-999.0,-999.0,-999.0,-999.0,0,-999.0,-999.0,-999.0,0,16416,0.01998218031280951
PSO J223.8930+05.5835,-999,-999,-999,114702238929780695,3496239000025131,65296387826218,0,15189953318252,11470,1,1467,31,0.0220678830724842,3496239,15203,3,268513280,0,32,-999.0,-999.0,-999.0,-999.0,223.89295733,5.58351853,0.015410000458359718,0.015410000458359718,,,,,56721.6040625,-999.0,-0.7172172274560318,-0.6900237806062787,0.09729661267537025,219.649686566876,21.330281758787297,2.428954282219717,53.45103159150069,-999,0,1,1,0,0,0,0,0.9992780089378357,17.002500534057617,0.003120000008493662,-999.0,1,17.002500534057617,17.002500534057617,17.8927001953125,0.011966000311076641,-999.0,1,17.84939956665039,0.003120000008493662,-999.0,1,24,-999.0,-999.0,-999.0,-999.0,0,-999.0,-999.0,-999.0,-999.0,-999.0,0,-999.0,-999.0,-999.0,0,0,-999.0,-999.0,-999.0,-999.0,0,-999.0,-999.0,-999.0,-999.0,-999.0,0,-999.0,-999.0,-999.0,0,0,-999.0,-999.0,-999.0,-999.0,0,-999.0,-999.0,-999.0,-999.0,-999.0,0,-999.0,-999.0,-999.0,0,0,-999.0,-999.0,-999.0,-999.0,0,-999.0,-999.0,-999.0,-999.0,-999.0,0,-999.0,-999.0,-999.0,0,0,0.02022494396908355
PSO J223.8930+05.5876,-999,-999,-999,114702238930235592,3496239000025136,65296387826223,0,15189956773985,11470,1,1467,31,0.196786958907532,3496239,15203,3,268959744,0,32,-999.0,-999.0,-999.0,-999.0,223.8930232,5.58761101,-999.0,-999.0,,,,,-999.0,-999.0,-0.7172114241912404,-0.6900197851172202,0.09736770078603114,219.64840149227726,21.33419581164391,2.434319643431094,53.453589811068966,-999,0,1,0,0,0,0,1,-999.0,-999.0,-999.0,-999.0,0,-999.0,-999.0,-999.0,-999.0,-999.0,0,-999.0,-999.0,-999.0,0,0,-999.0,-999.0,-999.0,-999.0,0,-999.0,-999.0,-999.0,-999.0,-999.0,0,-999.0,-999.0,-999.0,0,0,-999.0,-999.0,-999.0,-999.0,0,-999.0,-999.0,-999.0,-999.0,-999.0,0,-999.0,-999.0,-999.0,0,0,-999.0,-999.0,-999.0,-999.0,0,-999.0,-999.0,-999.0,-999.0,-999.0,0,-999.0,-999.0,-999.0,0,0,-999.0,-999.0,-999.0,-999.0,0,-999.0,-999.0,-999.0,-999.0,-999.0,0,-999.0,-999.0,-999.0,0,24,0.023904077833693155
PSO J223.8933+05.5872,-999,-999,-999,114702238933565103,3496239000025189,65296387826276,0,15189956773965,11470,1,1467,31,0.623472872770832,3496239,15203,3,268959744,0,32,-999.0,-999.0,-999.0,-999.0,223.89334848,5.58721216,0.4812900125980377,0.4812900125980377,,,,,55694.35231481,-999.0,-0.7172079952216115,-0.6900243267784915,0.09736077261447006,219.64886394773674,21.333915943418127,2.434150086231996,53.45308613364792,-999,0,1,0,1,0,0,0,-999.0,-999.0,-999.0,-999.0,0,-999.0,-999.0,-999.0,-999.0,-999.0,0,-999.0,-999.0,-999.0,0,0,0.5671460032463074,21.616899490356445,0.4810529947280884,-999.0,1,21.616899490356445,21.616899490356445,-999.0,-999.0,-999.0,0,23.2992000579834,0.4810529947280884,-999.0,1,4112,-999.0,-999.0,-999.0,-999.0,0,-999.0,-999.0,-999.0,-999.0,-999.0,0,-999.0,-999.0,-999.0,0,0,-999.0,-999.0,-999.0,-999.0,0,-999.0,-999.0,-999.0,-999.0,-999.0,0,-999.0,-999.0,-999.0,0,0,-999.0,-999.0,-999.0,-999.0,0,-999.0,-999.0,-999.0,-999.0,-999.0,0,-999.0,-999.0,-999.0,0,0,0.023681207029214675
PSO J223.8935+05.5878,-999,-999,-999,114702238933665642,3496239000025192,65296387826279,0,15189956774132,11470,1,1467,31,0.360010902732621,3496239,15203,3,310697984,5,37,-999.0,-999.0,-999.0,-999.0,223.8934522950833,5.587784701550721,0.016168686648941052,0.016168686648941052,88.12937414188276,136.58264812545642,18.829943495627827,18.829943495627827,55986.016803776445,9.343786239624023,-0.7172060438176204,-0.690024951732034,0.0973707178708347,219.64878290737508,21.33448496734238,2.4349912644620524,53.45336645824034,-999,0,14,0,2,3,7,2,-999.0,-999.0,-999.0,-999.0,0,-999.0,-999.0,-999.0,-999.0,-999.0,0,-999.0,-999.0,-999.0,0,0,0.9974660277366638,21.784500122070312,0.00017600000137463212,-999.0,1,21.785200119018555,21.785200119018555,21.02899932861328,0.00022899999748915434,-999.0,2,21.153799057006836,0.00017600000137463212,-999.0,2,16777496,0.9996340274810791,20.45330047607422,0.046424999833106995,0.3354319930076599,3,20.407499313354492,20.92289924621582,19.850200653076172,0.20731200277805328,0.5406330227851868,3,19.79400062561035,0.1286430060863495,0.5028499960899353,3,16777496,0.9996100068092346,20.564699172973633,0.03770900145173073,0.18486100435256958,6,20.23940086364746,20.807199478149414,19.760099411010742,0.04770499840378761,0.19407600164413452,7,19.858400344848633,0.04029799997806549,0.2094780057668686,7,16777496,0.9971749782562256,20.056100845336914,0.08670700341463089,0.12283200025558472,2,19.96430015563965,20.137699127197266,19.166099548339844,0.1611029952764511,0.2282170057296753,2,19.168899536132812,0.08683999627828598,0.1230200007557869,2,16777496,0.02424219961632708
PSO J223.8935+05.5878,-999,-999,-999,114702238935375927,3496239000025215,65296387826302,0,15189956774132,11470,1,1467,31,0.0128406314298889,3496239,15203,3,444915712,7,53,223.89349776,5.5878111,0.0010000000474974513,0.0010000000474974513,223.89348381813872,5.587819000808648,0.01690178938179591,0.01690178938179591,-23.157584868520303,25.124725293582273,10.722474744064112,10.722474744064112,56376.74995742142,5.62669038772583,-0.717205622173518,-0.6900253059117399,0.09737131366119446,219.64879071647877,21.334536149658057,2.435075650291199,53.45337860309433,-999,10,18,0,0,11,3,4,-999.0,-999.0,-999.0,-999.0,0,-999.0,-999.0,-999.0,-999.0,-999.0,0,-999.0,-999.0,-999.0,0,114720,-999.0,-999.0,-999.0,-999.0,0,-999.0,-999.0,-999.0,-999.0,-999.0,0,-999.0,-999.0,-999.0,0,114720,0.999638020992279,20.843700408935547,0.11385700106620789,0.2845650017261505,8,20.413700103759766,21.011499404907227,20.131999969482422,0.1008950024843216,0.3672580122947693,8,20.199600219726562,0.100662000477314,0.32477399706840515,8,16892216,0.9991710186004639,20.590499877929688,0.0787620022892952,0.19279199838638306,3,20.33180046081543,20.591299057006836,19.80389976501465,0.12009099870920181,0.2399509996175766,3,19.984600067138672,0.13482800126075745,0.2605069875717163,3,16892216,0.9991970062255859,20.198200225830078,0.10465099662542343,0.2620689868927002,4,19.871700286865234,20.349599838256836,19.56060028076172,0.13154199719429016,0.3181360065937042,4,19.55699920654297,0.12428800016641617,0.326198011636734,4,16892216,0.024286647174722988
PSO J223.8935+05.5844,-999,-999,-999,114702238935411744,3496239000025219,65296387826306,0,15189953318586,11470,1,1467,31,0.354130614878731,3496239,15203,3,276901888,0,33,-999.0,-999.0,-999.0,-999.0,223.89351496,5.58439227,0.017589999362826347,0.017589999362826347,,,,,56335.64762731,-999.0,-0.7172094424706441,-0.6900297320894996,0.09731178995086562,219.6499648012633,21.3312838852359,2.430678826974057,53.45116096663831,-999,0,1,0,0,0,1,0,-999.0,-999.0,-999.0,-999.0,0,-999.0,-999.0,-999.0,-999.0,-999.0,0,-999.0,-999.0,-999.0,0,0,-999.0,-999.0,-999.0,-999.0,0,-999.0,-999.0,-999.0,-999.0,-999.0,0,-999.0,-999.0,-999.0,0,0,-999.0,-999.0,-999.0,-999.0,0,-999.0,-999.0,-999.0,-999.0,-999.0,0,-999.0,-999.0,-999.0,0,0,0.9991120100021362,18.058000564575195,0.009189999662339687,-999.0,1,18.058000564575195,18.058000564575195,17.86590003967285,0.0153609998524189,-999.0,1,17.775800704956055,0.009189999662339687,-999.0,1,16777240,-999.0,-999.0,-999.0,-999.0,0,-999.0,-999.0,-999.0,-999.0,-999.0,0,-999.0,-999.0,-999.0,0,0,0.021258618199752534
PSO J223.8937+05.5859,-999,-999,-999,114702238937223493,3496239000116872,65296387920032,0,15189953316564,11470,1,1467,31,0.251814949560738,3496239,15203,3,404226048,0,48,223.89369958,5.5858578,0.0010000000474974513,0.0010000000474974513,223.89369958,5.5858578,0.0010000000474974513,0.0010000000474974513,,,,,55974.1652662,-999.0,-0.7172054251062501,-0.690030317141551,0.09733724684669134,219.6496683242749,21.332734841085546,2.432771701276966,53.45195358761853,-999,4,0,0,0,0,0,0,-999.0,-999.0,-999.0,-999.0,0,-999.0,-999.0,-999.0,-999.0,-999.0,0,-999.0,-999.0,-999.0,0,16416,-999.0,-999.0,-999.0,-999.0,0,-999.0,-999.0,-999.0,-999.0,-999.0,0,-999.0,-999.0,-999.0,0,16416,-999.0,-999.0,-999.0,-999.0,0,-999.0,-999.0,-999.0,-999.0,-999.0,0,-999.0,-999.0,-999.0,0,114720,-999.0,-999.0,-999.0,-999.0,0,-999.0,-999.0,-999.0,-999.0,-999.0,0,-999.0,-999.0,-999.0,0,114720,-999.0,-999.0,-999.0,-999.0,0,-999.0,-999.0,-999.0,-999.0,-999.0,0,-999.0,-999.0,-999.0,0,16416,0.022631684209374465
PSO J223.8941+05.5877,-999,-999,-999,114702238941115666,3496239000025318,65296387826405,0,15189956774851,11470,1,1467,31,0.837846447562656,3496239,15203,3,310456320,0,37,-999.0,-999.0,-999.0,-999.0,223.89408616,5.58767535,0.1464499980211258,0.1464499980211258,,,,,56335.66734954,-999.0,-0.7171985439237086,-0.6900330150058415,0.09736881839511217,219.64946085756648,21.33458258834331,2.4355352993559705,53.45281567692067,-999,0,1,0,0,0,0,1,-999.0,-999.0,-999.0,-999.0,0,-999.0,-999.0,-999.0,-999.0,-999.0,0,-999.0,-999.0,-999.0,0,0,-999.0,-999.0,-999.0,-999.0,0,-999.0,-999.0,-999.0,-999.0,-999.0,0,-999.0,-999.0,-999.0,0,0,-999.0,-999.0,-999.0,-999.0,0,-999.0,-999.0,-999.0,-999.0,-999.0,0,-999.0,-999.0,-999.0,0,0,-999.0,-999.0,-999.0,-999.0,0,-999.0,-999.0,-999.0,-999.0,-999.0,0,-999.0,-999.0,-999.0,0,0,0.9990699887275696,19.946300506591797,0.1456809937953949,-999.0,1,19.946300506591797,19.946300506591797,19.03580093383789,0.13401000201702118,-999.0,1,19.068199157714844,0.1456809937953949,-999.0,1,16777496,0.024421934450624943
PSO J223.8951+05.5897,-999,-999,-999,114702238951528053,3496239000025484,65296387826571,0,15189956785974,11470,1,1467,31,0.134686997285753,3496239,15203,3,310456320,0,37,-999.0,-999.0,-999.0,-999.0,223.89513234,5.58965297,0.18610000610351562,0.18610000610351562,,,,,56721.58826389,-999.0,-0.7171835220551713,-0.6900437798473805,0.09740317031020766,219.64987106706212,21.33678465467311,2.439208791117378,53.453273885358705,-999,0,1,1,0,0,0,0,0.9991329908370972,21.645200729370117,0.1854960024356842,-999.0,1,21.645200729370117,21.645200729370117,20.07550048828125,0.12418700009584427,-999.0,1,20.506500244140625,0.1854960024356842,-999.0,1,16777496,-999.0,-999.0,-999.0,-999.0,0,-999.0,-999.0,-999.0,-999.0,-999.0,0,-999.0,-999.0,-999.0,0,0,-999.0,-999.0,-999.0,-999.0,0,-999.0,-999.0,-999.0,-999.0,-999.0,0,-999.0,-999.0,-999.0,0,0,-999.0,-999.0,-999.0,-999.0,0,-999.0,-999.0,-999.0,-999.0,-999.0,0,-999.0,-999.0,-999.0,0,0,-999.0,-999.0,-999.0,-999.0,0,-999.0,-999.0,-999.0,-999.0,-999.0,0,-999.0,-999.0,-999.0,0,0,0.026656648346753124
PSO J223.8953+05.5910,-999,-999,-999,114702238952959687,3496239000025513,65296387826600,0,15189956787947,11470,1,1467,31,0.169210089528197,3496239,15203,3,310456320,0,37,-999.0,-999.0,-999.0,-999.0,223.8952753,5.59101492,0.1671600043773651,0.1671600043773651,,,,,56721.58826389,-999.0,-0.7171801316653328,-0.690043963799401,0.09742682776579935,219.64956644030684,21.338124296344606,2.441123505404069,53.45403229540533,-999,0,1,1,0,0,0,0,0.9987720251083374,21.519399642944336,0.16648900508880615,-999.0,1,21.519399642944336,21.519399642944336,19.78059959411621,0.09704200178384781,-999.0,1,20.27750015258789,0.16648900508880615,-999.0,1,16777496,-999.0,-999.0,-999.0,-999.0,0,-999.0,-999.0,-999.0,-999.0,-999.0,0,-999.0,-999.0,-999.0,0,0,-999.0,-999.0,-999.0,-999.0,0,-999.0,-999.0,-999.0,-999.0,-999.0,0,-999.0,-999.0,-999.0,0,0,-999.0,-999.0,-999.0,-999.0,0,-999.0,-999.0,-999.0,-999.0,-999.0,0,-999.0,-999.0,-999.0,0,0,-999.0,-999.0,-999.0,-999.0,0,-999.0,-999.0,-999.0,-999.0,-999.0,0,-999.0,-999.0,-999.0,0,0,0.02793959942001734
PSO J223.8953+05.5903,-999,-999,-999,114702238952988777,3496239000025515,65296387826602,0,15189956785796,11470,1,1467,31,0.413222914946473,3496239,15203,3,277348352,0,33,-999.0,-999.0,-999.0,-999.0,223.89526797,5.59028208,0.11738000065088272,0.11738000065088272,,,,,55306.35479167,-999.0,-0.717181117861128,-0.6900447359903377,0.0974140981351672,219.64980110675404,21.33742477487726,2.440167359538023,53.45357084074435,-999,0,1,0,1,0,0,0,-999.0,-999.0,-999.0,-999.0,0,-999.0,-999.0,-999.0,-999.0,-999.0,0,-999.0,-999.0,-999.0,0,0,0.36660099029541016,19.85219955444336,0.1164190024137497,-999.0,1,19.85219955444336,19.85219955444336,20.102800369262695,0.08619300276041031,-999.0,1,19.522300720214844,0.1164190024137497,-999.0,1,16781328,-999.0,-999.0,-999.0,-999.0,0,-999.0,-999.0,-999.0,-999.0,-999.0,0,-999.0,-999.0,-999.0,0,0,-999.0,-999.0,-999.0,-999.0,0,-999.0,-999.0,-999.0,-999.0,-999.0,0,-999.0,-999.0,-999.0,0,0,-999.0,-999.0,-999.0,-999.0,0,-999.0,-999.0,-999.0,-999.0,-999.0,0,-999.0,-999.0,-999.0,0,0,0.027279153768190182
PSO J223.8957+05.5910,-999,-999,-999,114702238956979609,3496239000116902,65296387920062,0,15189956787962,11470,1,1467,31,0.570813772800205,3496239,15203,3,1343750144,0,160,223.89569597,5.59096121,0.0010000000474974513,0.0010000000474974513,223.89569597,5.59096121,0.0010000000474974513,0.0010000000474974513,,,,,55995.96274306,-999.0,-0.7171751311024028,-0.6900492926950348,0.09742589480899484,219.65001185382397,21.3382020322884,2.441502110701914,53.4536754460698,-999,2,0,0,0,0,0,0,-999.0,-999.0,-999.0,-999.0,0,-999.0,-999.0,-999.0,-999.0,-999.0,0,-999.0,-999.0,-999.0,0,16416,-999.0,-999.0,-999.0,-999.0,0,-999.0,-999.0,-999.0,-999.0,-999.0,0,-999.0,-999.0,-999.0,0,16416,-999.0,-999.0,-999.0,-999.0,0,-999.0,-999.0,-999.0,-999.0,-999.0,0,-999.0,-999.0,-999.0,0,16416,-999.0,-999.0,-999.0,-999.0,0,-999.0,-999.0,-999.0,-999.0,-999.0,0,-999.0,-999.0,-999.0,0,16416,-999.0,-999.0,-999.0,-999.0,0,-999.0,-999.0,-999.0,-999.0,-999.0,0,-999.0,-999.0,-999.0,0,114720,0.028077221754265115
PSO J223.8959+05.5834,-999,-999,-999,114702238959100522,3496239000025604,65296387826691,0,15189953314926,11470,1,1467,31,0.784275499902922,3496239,15203,3,268959744,0,32,-999.0,-999.0,-999.0,-999.0,223.89587895,5.58339086,0.300680011510849,0.300680011510849,,,,,56838.25114583,-999.0,-0.7171821971341175,-0.6900605022882423,0.09729439498541903,219.6526988664839,21.331055076544263,2.431901613563028,53.448709827162446,-999,0,1,0,0,0,0,1,-999.0,-999.0,-999.0,-999.0,0,-999.0,-999.0,-999.0,-999.0,-999.0,0,-999.0,-999.0,-999.0,0,0,-999.0,-999.0,-999.0,-999.0,0,-999.0,-999.0,-999.0,-999.0,-999.0,0,-999.0,-999.0,-999.0,0,0,-999.0,-999.0,-999.0,-999.0,0,-999.0,-999.0,-999.0,-999.0,-999.0,0,-999.0,-999.0,-999.0,0,0,-999.0,-999.0,-999.0,-999.0,0,-999.0,-999.0,-999.0,-999.0,-999.0,0,-999.0,-999.0,-999.0,0,0,0.7259600162506104,21.010799407958984,0.3003059923648834,-999.0,1,21.010799407958984,21.010799407958984,-999.0,-999.0,-999.0,0,-999.0,-999.0,-999.0,0,4120,0.021694520718844534
PSO J223.8962+05.5867,-999,-999,-999,114702238962274466,3496239000025657,65296387826744,0,15189956775859,11470,1,1467,31,0.512393637106189,3496239,15203,3,268959744,0,32,-999.0,-999.0,-999.0,-999.0,223.89619548,5.58667798,0.17473000288009644,0.17473000288009644,,,,,56838.25114583,-999.0,-0.7171743614209126,-0.6900605929874561,0.09735149370352032,219.65193473406805,21.334279634423492,2.4364917863606457,53.45056237432044,-999,0,1,0,0,0,0,1,-999.0,-999.0,-999.0,-999.0,0,-999.0,-999.0,-999.0,-999.0,-999.0,0,-999.0,-999.0,-999.0,0,0,-999.0,-999.0,-999.0,-999.0,0,-999.0,-999.0,-999.0,-999.0,-999.0,0,-999.0,-999.0,-999.0,0,0,-999.0,-999.0,-999.0,-999.0,0,-999.0,-999.0,-999.0,-999.0,-999.0,0,-999.0,-999.0,-999.0,0,0,-999.0,-999.0,-999.0,-999.0,0,-999.0,-999.0,-999.0,-999.0,-999.0,0,-999.0,-999.0,-999.0,0,0,0.6096760034561157,20.37779998779297,0.1740889996290207,-999.0,1,20.37779998779297,20.37779998779297,-999.0,-999.0,-999.0,0,21.623699188232422,0.1740889996290207,-999.0,1,4120,0.024590646156162344
PSO J223.8965+05.5895,-999,-999,-999,114702238964927828,3496239000025700,65296387826787,0,15189956787449,11470,1,1467,31,0.874915573629472,3496239,15203,3,268959744,0,32,-999.0,-999.0,-999.0,-999.0,223.89646039,5.58947965,0.2016099989414215,0.2016099989414215,,,,,56838.25114583,-999.0,-0.7171677397607638,-0.6900606074389398,0.09740015968898079,219.65127846605816,21.337026485414544,2.44039919247698,53.452144934045464,-999,0,1,0,0,0,0,1,-999.0,-999.0,-999.0,-999.0,0,-999.0,-999.0,-999.0,-999.0,-999.0,0,-999.0,-999.0,-999.0,0,0,-999.0,-999.0,-999.0,-999.0,0,-999.0,-999.0,-999.0,-999.0,-999.0,0,-999.0,-999.0,-999.0,0,0,-999.0,-999.0,-999.0,-999.0,0,-999.0,-999.0,-999.0,-999.0,-999.0,0,-999.0,-999.0,-999.0,0,0,-999.0,-999.0,-999.0,-999.0,0,-999.0,-999.0,-999.0,-999.0,-999.0,0,-999.0,-999.0,-999.0,0,0,0.7512030005455017,20.63129997253418,0.20104800164699554,-999.0,1,20.63129997253418,20.63129997253418,-999.0,-999.0,-999.0,0,20.837400436401367,0.20104800164699554,-999.0,1,4120,0.02712999140259058
PSO J223.8966+05.5888,-999,-999,-999,114702238966656969,3496239000025723,65296387826810,0,15189956787212,11470,1,1467,31,0.289815919743679,3496239,15203,3,436285440,7,52,223.89669149,5.58876848,0.0010000000474974513,0.0010000000474974513,223.89664612641903,5.588775566287134,0.04806225498152288,0.04806225498152288,9.225717824107395,-14.91858467844924,44.0081373146027,44.0081373146027,56424.7688163747,3.8216054439544678,-0.7171663652081491,-0.6900637621233074,0.09738792953112371,219.6516979417209,21.33641037491492,2.4396800306204818,53.451554297768624,-999,5,4,0,0,2,2,0,-999.0,-999.0,-999.0,-999.0,0,-999.0,-999.0,-999.0,-999.0,-999.0,0,-999.0,-999.0,-999.0,0,16416,-999.0,-999.0,-999.0,-999.0,0,-999.0,-999.0,-999.0,-999.0,-999.0,0,-999.0,-999.0,-999.0,0,16416,0.9846709966659546,21.582300186157227,0.08197099715471268,0.11743299663066864,2,21.513599395751953,21.677600860595703,21.869300842285156,0.20876100659370422,0.314985990524292,2,22.327899932861328,0.23312799632549286,0.3370490074157715,2,115000,0.9983639717102051,21.35770034790039,0.006845000199973583,0.009816000238060951,2,21.351999282836914,21.365699768066406,20.91699981689453,0.15554800629615784,0.23126700520515442,2,20.957599639892578,0.25905799865722656,0.378369003534317,2,115000,-999.0,-999.0,-999.0,-999.0,0,-999.0,-999.0,-999.0,-999.0,-999.0,0,-999.0,-999.0,-999.0,0,16416,0.026613877976934024
PSO J223.8968+05.5906,-999,-999,-999,114702238967519317,3496239000025736,65296387826823,0,15189956788183,11470,1,1467,31,0.969428027951557,3496239,15203,3,436527104,7,52,223.89680816,5.5906517,0.0010000000474974513,0.0010000000474974513,223.89678259663626,5.590647971911643,0.008255395148324265,0.008255395148324265,-4.512721040850331,-12.59681195658487,6.411259805911506,6.411259805911506,56353.51092167077,3.3511803150177,-0.7171624278397146,-0.6900632632450844,0.09742045377943673,219.6512161763056,21.33823278801914,2.4422457527610684,53.452644325847274,-999,10,44,1,4,15,13,11,0.9992709755897522,21.27389907836914,0.15641100704669952,-999.0,1,21.27389907836914,21.27389907836914,20.07550048828125,0.14179499447345734,-999.0,1,20.19379997253418,0.15641100704669952,-999.0,1,16892216,0.9996010065078735,21.448200225830078,0.053557999432086945,0.11625199764966965,4,21.26409912109375,21.526899337768555,21.617399215698242,0.21101699769496918,0.4403649866580963,4,21.56839942932129,0.05107299983501434,0.10950300097465515,4,115000,0.9992889761924744,20.68440055847168,0.02826699987053871,0.10374099761247635,12,20.52239990234375,20.85260009765625,20.7283992767334,0.0865819975733757,0.38498398661613464,13,20.59819984436035,0.07108599692583084,0.18705099821090698,13,115000,0.9993150234222412,20.177900314331055,0.029425999149680138,0.10060899704694748,13,20.047700881958008,20.365999221801758,20.33880043029785,0.040024999529123306,0.22861599922180176,13,20.28890037536621,0.05439700186252594,0.23069800436496735,13,115000,0.9987030029296875,19.99449920654297,0.04541900008916855,0.17951199412345886,10,19.64259910583496,20.075599670410156,19.851299285888672,0.08702799677848816,0.36403200030326843,10,19.908899307250977,0.09871300309896469,0.33911699056625366,10,115000,0.028305852132977344
PSO J223.8972+05.5861,-999,-999,-999,114702238972463753,3496239000025820,65296387826907,0,15189956775586,11470,1,1467,31,0.0720772231668953,3496239,15203,3,436527104,7,52,223.89725607,5.58605657,0.0010000000474974513,0.0010000000474974513,223.89718522903337,5.586078579483239,0.030435349442163837,0.030435349442163837,13.646616179273508,-11.659901296321216,26.82614446279179,26.82614446279179,56219.16779358867,4.523155689239502,-0.7171631747817295,-0.6900736877435428,0.09734108187716965,219.6531613501413,21.33401468902114,2.436786992148798,53.44940274643151,-999,8,8,0,0,2,5,1,-999.0,-999.0,-999.0,-999.0,0,-999.0,-999.0,-999.0,-999.0,-999.0,0,-999.0,-999.0,-999.0,0,16416,-999.0,-999.0,-999.0,-999.0,0,-999.0,-999.0,-999.0,-999.0,-999.0,0,-999.0,-999.0,-999.0,0,114720,0.9997029900550842,21.213499069213867,0.06213200092315674,0.09115900099277496,2,21.168500900268555,21.292800903320312,21.406299591064453,0.21741600334644318,0.30872398614883423,2,21.413700103759766,0.22051699459552765,0.3320010006427765,2,115000,0.9985100030899048,21.25819969177246,0.05410299822688103,0.2866010069847107,5,20.724300384521484,21.39889907836914,21.046499252319336,0.11329899728298187,0.2509720027446747,5,20.90489959716797,0.06403200328350067,0.2202710062265396,5,115000,0.997963011264801,20.34440040588379,0.18645800650119781,-999.0,1,20.34440040588379,20.34440040588379,20.156299591064453,0.2937430143356323,-999.0,1,19.83169937133789,0.18645800650119781,-999.0,1,16892216,0.024636973432966995
PSO J223.8976+05.5834,-999,-999,-999,114702238976090572,3496239000025866,65296387826953,0,15189956837554,11470,1,1467,31,0.533986950790497,3496239,15203,3,268959744,0,32,-999.0,-999.0,-999.0,-999.0,223.89761558,5.58341085,0.22419999539852142,0.22419999539852142,,,,,56822.37528935,-999.0,-0.7171612566717559,-0.6900822161634411,0.09729474222146664,219.65445773787903,21.331605948794348,2.4337774257326337,53.44739084011961,-999,0,1,0,0,1,0,0,-999.0,-999.0,-999.0,-999.0,0,-999.0,-999.0,-999.0,-999.0,-999.0,0,-999.0,-999.0,-999.0,0,0,-999.0,-999.0,-999.0,-999.0,0,-999.0,-999.0,-999.0,-999.0,-999.0,0,-999.0,-999.0,-999.0,0,0,0.6112459897994995,21.062599182128906,0.22369599342346191,-999.0,1,21.062599182128906,21.062599182128906,-999.0,-999.0,-999.0,0,21.348800659179688,0.22369599342346191,-999.0,1,4120,-999.0,-999.0,-999.0,-999.0,0,-999.0,-999.0,-999.0,-999.0,-999.0,0,-999.0,-999.0,-999.0,0,0,-999.0,-999.0,-999.0,-999.0,0,-999.0,-999.0,-999.0,-999.0,-999.0,0,-999.0,-999.0,-999.0,0,0,0.02277388047950121
PSO J223.8978+05.5858,-999,-999,-999,114702238977923358,3496239000025889,65296387826976,0,15189956775646,11470,1,1467,31,0.832451052807692,3496239,15203,3,268959744,0,32,-999.0,-999.0,-999.0,-999.0,223.89775763,5.58575345,0.24426999688148499,0.24426999688148499,,,,,56045.39357639,-999.0,-0.7171566787296221,-0.6900812353586199,0.09733543424374659,219.65382827615883,21.333878386966724,2.4369595954724277,53.44877510543417,-999,0,1,0,0,1,0,0,-999.0,-999.0,-999.0,-999.0,0,-999.0,-999.0,-999.0,-999.0,-999.0,0,-999.0,-999.0,-999.0,0,0,-999.0,-999.0,-999.0,-999.0,0,-999.0,-999.0,-999.0,-999.0,-999.0,0,-999.0,-999.0,-999.0,0,0,0.6971880197525024,21.373199462890625,0.24380700290203094,-999.0,1,21.373199462890625,21.373199462890625,-999.0,-999.0,-999.0,0,21.748699188232422,0.24380700290203094,-999.0,1,4120,-999.0,-999.0,-999.0,-999.0,0,-999.0,-999.0,-999.0,-999.0,-999.0,0,-999.0,-999.0,-999.0,0,0,-999.0,-999.0,-999.0,-999.0,0,-999.0,-999.0,-999.0,-999.0,-999.0,0,-999.0,-999.0,-999.0,0,0,0.024705620664800167
PSO J223.8979+05.5892,-999,-999,-999,114702238979357477,3496239000025918,65296387827005,0,15189956786894,11470,1,1467,31,0.931463404494769,3496239,15203,3,268959744,0,32,-999.0,-999.0,-999.0,-999.0,223.89792416,5.58918801,0.16512000560760498,0.16512000560760498,,,,,55306.34664352,-999.0,-0.717150467364198,-0.6900792728816049,0.09739509381127909,219.65286293666068,21.337197294295102,2.4415809948743936,53.450836475840156,-999,0,1,0,1,0,0,0,-999.0,-999.0,-999.0,-999.0,0,-999.0,-999.0,-999.0,-999.0,-999.0,0,-999.0,-999.0,-999.0,0,0,0.5305370092391968,20.506399154663086,0.1644359976053238,-999.0,1,20.506399154663086,20.506399154663086,20.59269905090332,0.14157399535179138,-999.0,1,20.1294002532959,0.1644359976053238,-999.0,1,4112,-999.0,-999.0,-999.0,-999.0,0,-999.0,-999.0,-999.0,-999.0,-999.0,0,-999.0,-999.0,-999.0,0,0,-999.0,-999.0,-999.0,-999.0,0,-999.0,-999.0,-999.0,-999.0,-999.0,0,-999.0,-999.0,-999.0,0,0,-999.0,-999.0,-999.0,-999.0,0,-999.0,-999.0,-999.0,-999.0,-999.0,0,-999.0,-999.0,-999.0,0,0,0.027631811501027323
PSO J223.8980+05.5833,-999,-999,-999,114702238979510465,3496239000025922,65296387827009,0,15189956837549,11470,1,1467,31,0.00854669698378695,3496239,15203,3,268959744,0,32,-999.0,-999.0,-999.0,-999.0,223.89795296,5.58332229,0.23412999510765076,0.23412999510765076,,,,,56822.38814815,-999.0,-0.7171573015477436,-0.6900865433504587,0.09729320389099268,219.65482997801146,21.33162500855318,2.434022233402626,53.44707566795262,-999,0,1,0,0,1,0,0,-999.0,-999.0,-999.0,-999.0,0,-999.0,-999.0,-999.0,-999.0,-999.0,0,-999.0,-999.0,-999.0,0,0,-999.0,-999.0,-999.0,-999.0,0,-999.0,-999.0,-999.0,-999.0,-999.0,0,-999.0,-999.0,-999.0,0,0,0.6872010231018066,21.051000595092773,0.2336529940366745,-999.0,1,21.051000595092773,21.051000595092773,-999.0,-999.0,-999.0,0,21.572099685668945,0.2336529940366745,-999.0,1,4120,-999.0,-999.0,-999.0,-999.0,0,-999.0,-999.0,-999.0,-999.0,-999.0,0,-999.0,-999.0,-999.0,0,0,-999.0,-999.0,-999.0,-999.0,0,-999.0,-999.0,-999.0,-999.0,-999.0,0,-999.0,-999.0,-999.0,0,0,0.022922381125143734
PSO J223.8981+05.5849,-999,-999,-999,114702238980482339,3496239000025942,65296387827029,0,15189956772318,11470,1,1467,31,0.570643385472375,3496239,15203,3,268959744,0,32,-999.0,-999.0,-999.0,-999.0,223.898051,5.58488303,0.31850001215934753,0.31850001215934753,,,,,56822.38814815,-999.0,-0.7171542107403018,-0.6900859325977664,0.09732031467338076,219.65441406569127,21.333140046078643,2.4361459182431644,53.447995322658464,-999,0,1,0,0,1,0,0,-999.0,-999.0,-999.0,-999.0,0,-999.0,-999.0,-999.0,-999.0,-999.0,0,-999.0,-999.0,-999.0,0,0,-999.0,-999.0,-999.0,-999.0,0,-999.0,-999.0,-999.0,-999.0,-999.0,0,-999.0,-999.0,-999.0,0,0,0.7822319865226746,21.495399475097656,0.31814900040626526,-999.0,1,21.495399475097656,21.495399475097656,-999.0,-999.0,-999.0,1,22.12649917602539,0.31814900040626526,-999.0,1,4120,-999.0,-999.0,-999.0,-999.0,0,-999.0,-999.0,-999.0,-999.0,-999.0,0,-999.0,-999.0,-999.0,0,0,-999.0,-999.0,-999.0,-999.0,0,-999.0,-999.0,-999.0,-999.0,-999.0,0,-999.0,-999.0,-999.0,0,0,0.024191020776466173
PSO J223.8981+05.5867,-999,-999,-999,114702238981004342,3496239000025950,65296387827037,0,15189956773561,11470,1,1467,31,0.425296859280483,3496239,15203,3,302067712,0,36,-999.0,-999.0,-999.0,-999.0,223.89811006,5.58665359,0.1801300048828125,0.1801300048828125,,,,,55609.57689815,-999.0,-0.7171513320069977,-0.6900845862375979,0.09735107003968795,219.6538892011676,21.334842783882912,2.4384996544190085,53.4490785683507,-999,0,2,0,0,1,1,0,-999.0,-999.0,-999.0,-999.0,0,-999.0,-999.0,-999.0,-999.0,-999.0,0,-999.0,-999.0,-999.0,0,0,-999.0,-999.0,-999.0,-999.0,0,-999.0,-999.0,-999.0,-999.0,-999.0,0,-999.0,-999.0,-999.0,0,0,0.632673978805542,21.421600341796875,0.35118401050567627,-999.0,1,21.421600341796875,21.421600341796875,-999.0,-999.0,-999.0,0,22.392900466918945,0.35118401050567627,-999.0,1,4120,0.9979180097579956,18.4773006439209,0.17949999868869781,-999.0,1,18.4773006439209,18.4773006439209,-999.0,-999.0,-999.0,1,18.42180061340332,0.17949999868869781,-999.0,1,272,-999.0,-999.0,-999.0,-999.0,0,-999.0,-999.0,-999.0,-999.0,-999.0,0,-999.0,-999.0,-999.0,0,0,0.025639186121176667
PSO J223.8982+05.5882,-999,-999,-999,114702238982456281,3496239000025965,65296387827052,0,15189956773310,11470,1,1467,31,0.66617166219854,3496239,15203,3,268959744,0,32,-999.0,-999.0,-999.0,-999.0,223.89823794,5.58819639,0.4083699882030487,0.4083699882030487,,,,,55694.32836806,-999.0,-0.7171479026424028,-0.6900843690129976,0.0973778690439239,219.65350953207766,21.336349887983182,2.440632106343537,53.44996382573067,-999,0,1,0,0,1,0,0,-999.0,-999.0,-999.0,-999.0,0,-999.0,-999.0,-999.0,-999.0,-999.0,0,-999.0,-999.0,-999.0,0,0,-999.0,-999.0,-999.0,-999.0,0,-999.0,-999.0,-999.0,-999.0,-999.0,0,-999.0,-999.0,-999.0,0,0,0.7450039982795715,21.49220085144043,0.40809598565101624,-999.0,1,21.49220085144043,21.49220085144043,-999.0,-999.0,-999.0,0,21.432199478149414,0.40809598565101624,-999.0,1,4112,-999.0,-999.0,-999.0,-999.0,0,-999.0,-999.0,-999.0,-999.0,-999.0,0,-999.0,-999.0,-999.0,0,0,-999.0,-999.0,-999.0,-999.0,0,-999.0,-999.0,-999.0,-999.0,-999.0,0,-999.0,-999.0,-999.0,0,0,0.026975285991784687
PSO J223.8983+05.5834,-999,-999,-999,114702238982550552,3496239000025967,65296387827054,0,15189956838227,11470,1,1467,31,0.685137763326185,3496239,15203,3,268959744,0,32,-999.0,-999.0,-999.0,-999.0,223.89826112,5.58336995,0.2807199954986572,0.2807199954986572,,,,,56822.40097222,-999.0,-0.7171535316545964,-0.6900903443880141,0.09729403176851015,219.65512751392012,21.331764729845528,2.4344121466964195,53.446869732673704,-999,0,1,0,0,1,0,0,-999.0,-999.0,-999.0,-999.0,0,-999.0,-999.0,-999.0,-999.0,-999.0,0,-999.0,-999.0,-999.0,0,0,-999.0,-999.0,-999.0,-999.0,0,-999.0,-999.0,-999.0,-999.0,-999.0,0,-999.0,-999.0,-999.0,0,0,0.5735419988632202,20.63290023803711,0.28032198548316956,-999.0,1,20.63290023803711,20.63290023803711,-999.0,-999.0,-999.0,1,-999.0,-999.0,-999.0,0,4112,-999.0,-999.0,-999.0,-999.0,0,-999.0,-999.0,-999.0,-999.0,-999.0,0,-999.0,-999.0,-999.0,0,0,-999.0,-999.0,-999.0,-999.0,0,-999.0,-999.0,-999.0,-999.0,-999.0,0,-999.0,-999.0,-999.0,0,0,0.02315863888904445
PSO J223.8983+05.5907,-999,-999,-999,114702238982569295,3496239000025968,65296387827055,0,15189956786656,11470,1,1467,31,0.415497215851673,3496239,15203,3,268959744,0,32,-999.0,-999.0,-999.0,-999.0,223.89826474,5.59067711,0.24326999485492706,0.24326999485492706,,,,,56822.37528935,-999.0,-0.71714454114898,-0.6900817804211837,0.09742095991596476,219.6527172323296,21.338718443210286,2.4438706636261767,53.451524327557074,-999,0,1,0,0,1,0,0,-999.0,-999.0,-999.0,-999.0,0,-999.0,-999.0,-999.0,-999.0,-999.0,0,-999.0,-999.0,-999.0,0,0,-999.0,-999.0,-999.0,-999.0,0,-999.0,-999.0,-999.0,-999.0,-999.0,0,-999.0,-999.0,-999.0,0,0,0.06512700021266937,21.15239906311035,0.24280600249767303,-999.0,1,21.15239906311035,21.15239906311035,-999.0,-999.0,-999.0,1,22.320600509643555,0.24280600249767303,-999.0,1,4120,-999.0,-999.0,-999.0,-999.0,0,-999.0,-999.0,-999.0,-999.0,-999.0,0,-999.0,-999.0,-999.0,0,0,-999.0,-999.0,-999.0,-999.0,0,-999.0,-999.0,-999.0,-999.0,-999.0,0,-999.0,-999.0,-999.0,0,0,0.029074224648382427
PSO J223.8984+05.5856,-999,-999,-999,114702238983583257,3496239000025982,65296387827069,0,15189956775434,11470,1,1467,31,0.0316342721056512,3496239,15203,3,268959744,0,32,-999.0,-999.0,-999.0,-999.0,223.89835512,5.58564355,0.23687000572681427,0.23687000572681427,,,,,56822.41376157,-999.0,-0.7171496169375666,-0.6900888434047451,0.0973335252346421,219.65447200449447,21.33395680241631,2.4374538392709795,53.448246852156515,-999,0,1,0,0,1,0,0,-999.0,-999.0,-999.0,-999.0,0,-999.0,-999.0,-999.0,-999.0,-999.0,0,-999.0,-999.0,-999.0,0,0,-999.0,-999.0,-999.0,-999.0,0,-999.0,-999.0,-999.0,-999.0,-999.0,0,-999.0,-999.0,-999.0,0,0,0.6873570084571838,20.662500381469727,0.23639099299907684,-999.0,1,20.662500381469727,20.662500381469727,20.12980079650879,0.25199100375175476,-999.0,1,20.570199966430664,0.23639099299907684,-999.0,1,4112,-999.0,-999.0,-999.0,-999.0,0,-999.0,-999.0,-999.0,-999.0,-999.0,0,-999.0,-999.0,-999.0,0,0,-999.0,-999.0,-999.0,-999.0,0,-999.0,-999.0,-999.0,-999.0,-999.0,0,-999.0,-999.0,-999.0,0,0,0.024976701116902797
PSO J223.8987+05.5897,-999,-999,-999,114702238987518141,3496239000026047,65296387827134,0,15189956787167,11470,1,1467,31,0.659609947967911,3496239,15203,3,1115762688,0,133,223.89867461,5.58992439,0.0010000000474974513,0.0010000000474974513,223.8987321,5.58972411,0.18086999654769897,0.18086999654769897,,,,,56721.58826389,-999.0,-0.7171400796560579,-0.6900887535934614,0.0974044060334327,219.6535072123371,21.337954818400945,2.443135268576569,53.45055852484728,-999,1,1,1,0,0,0,0,0.9992520213127136,21.6023006439209,0.18024499714374542,-999.0,1,21.6023006439209,21.6023006439209,20.859600067138672,0.18667200207710266,-999.0,1,20.737199783325195,0.18024499714374542,-999.0,1,16810296,-999.0,-999.0,-999.0,-999.0,0,-999.0,-999.0,-999.0,-999.0,-999.0,0,-999.0,-999.0,-999.0,0,32,-999.0,-999.0,-999.0,-999.0,0,-999.0,-999.0,-999.0,-999.0,-999.0,0,-999.0,-999.0,-999.0,0,32,-999.0,-999.0,-999.0,-999.0,0,-999.0,-999.0,-999.0,-999.0,-999.0,0,-999.0,-999.0,-999.0,0,32,-999.0,-999.0,-999.0,-999.0,0,-999.0,-999.0,-999.0,-999.0,-999.0,0,-999.0,-999.0,-999.0,0,32,0.028518781563969184
PSO J223.8988+05.5904,-999,-999,-999,114702238988438944,3496239000026060,65296387827147,0,15189956786682,11470,1,1467,31,0.568643337645236,3496239,15203,3,310456320,0,37,-999.0,-999.0,-999.0,-999.0,223.89880795,5.59039688,0.19586999714374542,0.19586999714374542,,,,,56787.36550926,-999.0,-0.7171383419135863,-0.6900889098728029,0.09741609224352382,219.65336206413568,21.33861817320309,2.444086624342361,53.45092912503643,-999,0,1,0,0,1,0,0,-999.0,-999.0,-999.0,-999.0,0,-999.0,-999.0,-999.0,-999.0,-999.0,0,-999.0,-999.0,-999.0,0,0,-999.0,-999.0,-999.0,-999.0,0,-999.0,-999.0,-999.0,-999.0,-999.0,0,-999.0,-999.0,-999.0,0,0,0.9978830218315125,21.67650032043457,0.1952960044145584,-999.0,1,21.67650032043457,21.67650032043457,21.25079917907715,0.2548289895057678,-999.0,1,21.144800186157227,0.1952960044145584,-999.0,1,16777496,-999.0,-999.0,-999.0,-999.0,0,-999.0,-999.0,-999.0,-999.0,-999.0,0,-999.0,-999.0,-999.0,0,0,-999.0,-999.0,-999.0,-999.0,0,-999.0,-999.0,-999.0,-999.0,-999.0,0,-999.0,-999.0,-999.0,0,0,0.029124137558605618
PSO J223.9003+05.5912,-999,-999,-999,114702239002919907,3496239000026241,65296387827328,0,15189956778673,11470,1,1467,31,0.258476981202585,3496239,15203,3,302067712,0,36,-999.0,-999.0,-999.0,-999.0,223.90027529,5.59118991,0.19633999466896057,0.19633999466896057,,,,,56721.6040625,-999.0,-0.7171196969523955,-0.6901063404894688,0.0974298673874587,219.65459184609864,21.339822101758788,2.4466756641064853,53.4503091568892,-999,0,1,1,0,0,0,0,0.9506869912147522,21.401199340820312,0.19576799869537354,-999.0,1,21.401199340820312,21.401199340820312,-999.0,-999.0,-999.0,1,21.070999145507812,0.19576799869537354,-999.0,1,280,-999.0,-999.0,-999.0,-999.0,0,-999.0,-999.0,-999.0,-999.0,-999.0,0,-999.0,-999.0,-999.0,0,0,-999.0,-999.0,-999.0,-999.0,0,-999.0,-999.0,-999.0,-999.0,-999.0,0,-999.0,-999.0,-999.0,0,0,-999.0,-999.0,-999.0,-999.0,0,-999.0,-999.0,-999.0,-999.0,-999.0,0,-999.0,-999.0,-999.0,0,0,-999.0,-999.0,-999.0,-999.0,0,-999.0,-999.0,-999.0,-999.0,-999.0,0,-999.0,-999.0,-999.0,0,0,0.03059088312236238
PSO J223.8608+05.5771,-999,-999,-999,114692238608342990,3496239000116234,65296387919394,0,15189953382302,11469,1,1467,31,0.716798706647752,3496239,15203,3,1343750144,0,160,223.8608343,5.57710857,0.0010000000474974513,0.0010000000474974513,223.8608343,5.57710857,0.0010000000474974513,0.0010000000474974513,,,,,55940.11799769,-999.0,-0.7176118222688347,-0.6896291004822013,0.09718526795822675,219.61915069717256,21.314342417834705,2.386417710533434,53.47157114625601,-999,1,0,0,0,0,0,0,-999.0,-999.0,-999.0,-999.0,0,-999.0,-999.0,-999.0,-999.0,-999.0,0,-999.0,-999.0,-999.0,0,114720,-999.0,-999.0,-999.0,-999.0,0,-999.0,-999.0,-999.0,-999.0,-999.0,0,-999.0,-999.0,-999.0,0,16416,-999.0,-999.0,-999.0,-999.0,0,-999.0,-999.0,-999.0,-999.0,-999.0,0,-999.0,-999.0,-999.0,0,16416,-999.0,-999.0,-999.0,-999.0,0,-999.0,-999.0,-999.0,-999.0,-999.0,0,-999.0,-999.0,-999.0,0,16416,-999.0,-999.0,-999.0,-999.0,0,-999.0,-999.0,-999.0,-999.0,-999.0,0,-999.0,-999.0,-999.0,0,16416,0.024750520372872578
PSO J223.8601+05.5766,-999,-999,-999,114692238600722428,3496239000019887,65296387820974,0,15189953381503,11469,1,1467,31,0.188048852782742,3496239,15203,3,268959744,0,32,-999.0,-999.0,-999.0,-999.0,223.86006285,5.57663549,0.19130000472068787,0.19130000472068787,,,,,56317.68130787,-999.0,-0.7176216861682393,-0.689619994234792,0.0971770502364546,219.61852289635672,21.313655936152184,2.384982767421356,53.47186066631642,-999,0,1,0,0,0,0,1,-999.0,-999.0,-999.0,-999.0,0,-999.0,-999.0,-999.0,-999.0,-999.0,0,-999.0,-999.0,-999.0,0,0,-999.0,-999.0,-999.0,-999.0,0,-999.0,-999.0,-999.0,-999.0,-999.0,0,-999.0,-999.0,-999.0,0,0,-999.0,-999.0,-999.0,-999.0,0,-999.0,-999.0,-999.0,-999.0,-999.0,0,-999.0,-999.0,-999.0,0,0,-999.0,-999.0,-999.0,-999.0,0,-999.0,-999.0,-999.0,-999.0,-999.0,0,-999.0,-999.0,-999.0,0,0,0.7316060066223145,19.421300888061523,0.1907150000333786,-999.0,1,19.421300888061523,19.421300888061523,-999.0,-999.0,-999.0,0,19.463600158691406,0.1907150000333786,-999.0,1,4120,0.02523217483599318
PSO J223.8598+05.5767,-999,-999,-999,114692238598152559,3496239000019859,65296387820946,0,15189953381480,11469,1,1467,31,0.612215750489585,3496239,15203,3,268959744,0,32,-999.0,-999.0,-999.0,-999.0,223.85980442,5.57674778,0.1779700070619583,0.1779700070619583,,,,,56317.67460648,-999.0,-0.717624659337144,-0.6896166254641377,0.09717900079082485,219.61822310757378,21.31368358625199,2.384852398120784,53.47213037539092,-999,0,1,0,0,0,0,1,-999.0,-999.0,-999.0,-999.0,0,-999.0,-999.0,-999.0,-999.0,-999.0,0,-999.0,-999.0,-999.0,0,0,-999.0,-999.0,-999.0,-999.0,0,-999.0,-999.0,-999.0,-999.0,-999.0,0,-999.0,-999.0,-999.0,0,0,-999.0,-999.0,-999.0,-999.0,0,-999.0,-999.0,-999.0,-999.0,-999.0,0,-999.0,-999.0,-999.0,0,0,-999.0,-999.0,-999.0,-999.0,0,-999.0,-999.0,-999.0,-999.0,-999.0,0,-999.0,-999.0,-999.0,0,0,0.7243559956550598,19.912200927734375,0.17734099924564362,-999.0,1,19.912200927734375,19.912200927734375,-999.0,-999.0,-999.0,0,19.64189910888672,0.17734099924564362,-999.0,1,4120,0.025512713266342787
PSO J223.8595+05.5777,-999,-999,-999,114692238595163612,3496239000019821,65296387820908,0,15189953381519,11469,1,1467,31,0.0115829771492472,3496239,15203,3,436527104,7,52,223.85951933,5.57767274,0.0010000000474974513,0.0010000000474974513,223.8595084932281,5.577670686407629,0.01060226591220087,0.01060226591220087,-13.895751225622131,2.390399453030014,8.735860761366059,8.735860761366059,56188.95302829098,2.227468967437744,-0.7176270923618977,-0.6896118342991909,0.09719503229442066,219.6176153691155,21.314468924279918,2.3857265090444852,53.47294684073855,-999,5,31,0,2,7,12,10,-999.0,-999.0,-999.0,-999.0,0,-999.0,-999.0,-999.0,-999.0,-999.0,0,-999.0,-999.0,-999.0,0,114720,0.7439969778060913,21.52560043334961,0.02917799912393093,0.042160000652074814,2,21.490400314331055,21.5487003326416,-999.0,-999.0,-999.0,0,21.127300262451172,0.03234900161623955,0.046744998544454575,2,118840,0.9994879961013794,20.811100006103516,0.060736000537872314,0.16998599469661713,7,20.457000732421875,20.96419906616211,20.533700942993164,0.10357999801635742,0.5352479815483093,7,20.544599533081055,0.11736500263214111,0.3032369911670685,7,115000,0.9997040033340454,20.25659942626953,0.03457599878311157,0.11428499966859818,12,20.11910057067871,20.520999908447266,20.345600128173828,0.08320499956607819,0.21258200705051422,11,20.27549934387207,0.07350599765777588,0.2693859934806824,12,115000,0.9992380142211914,19.8705997467041,0.05640200152993202,0.2002509981393814,9,19.440399169921875,20.013999938964844,19.834199905395508,0.05658299848437309,0.2702780067920685,9,19.775100708007812,0.05615000054240227,0.2094610035419464,9,115000,0.02618167858830965
PSO J223.8595+05.5816,-999,-999,-999,114692238594778331,3496239000116210,65296387919370,0,15189953888627,11469,1,1467,31,0.701130641345988,3496239,15203,3,1075314688,0,128,223.85947701,5.58155931,0.0010000000474974513,0.0010000000474974513,223.85947701,5.58155931,0.0010000000474974513,0.0010000000474974513,,,,,56113.96049769,-999.0,-0.717622713250456,-0.68960686768273,0.09726258001856368,219.61630018169885,21.318161081797406,2.390728993841901,53.47545048750478,-999,1,0,0,0,0,0,0,-999.0,-999.0,-999.0,-999.0,0,-999.0,-999.0,-999.0,-999.0,-999.0,0,-999.0,-999.0,-999.0,0,32800,-999.0,-999.0,-999.0,-999.0,0,-999.0,-999.0,-999.0,-999.0,-999.0,0,-999.0,-999.0,-999.0,0,32,-999.0,-999.0,-999.0,-999.0,0,-999.0,-999.0,-999.0,-999.0,-999.0,0,-999.0,-999.0,-999.0,0,32,-999.0,-999.0,-999.0,-999.0,0,-999.0,-999.0,-999.0,-999.0,-999.0,0,-999.0,-999.0,-999.0,0,32,-999.0,-999.0,-999.0,-999.0,0,-999.0,-999.0,-999.0,-999.0,-999.0,0,-999.0,-999.0,-999.0,0,32,0.028172701951759957
PSO J223.8594+05.5767,-999,-999,-999,114692238593922513,3496239000019789,65296387820876,0,15189953381611,11469,1,1467,31,0.9411126542288,3496239,15203,3,436285440,0,52,223.85940468,5.57675904,0.0010000000474974513,0.0010000000474974513,223.85937685,5.57670433,0.19273999333381653,0.19273999333381653,,,,,56335.64762731,-999.0,-0.7176298587213982,-0.6896113212304125,0.09717824603454721,219.61780286520374,21.313511233749537,2.3843401074361807,53.47243037623799,-999,2,1,0,0,0,1,0,-999.0,-999.0,-999.0,-999.0,0,-999.0,-999.0,-999.0,-999.0,-999.0,0,-999.0,-999.0,-999.0,0,114720,-999.0,-999.0,-999.0,-999.0,0,-999.0,-999.0,-999.0,-999.0,-999.0,0,-999.0,-999.0,-999.0,0,16416,-999.0,-999.0,-999.0,-999.0,0,-999.0,-999.0,-999.0,-999.0,-999.0,0,-999.0,-999.0,-999.0,0,16416,0.9975460171699524,21.558399200439453,0.19215400516986847,-999.0,1,21.558399200439453,21.558399200439453,21.471900939941406,0.29779601097106934,-999.0,1,21.313800811767578,0.19215400516986847,-999.0,1,115000,-999.0,-999.0,-999.0,-999.0,0,-999.0,-999.0,-999.0,-999.0,-999.0,0,-999.0,-999.0,-999.0,0,16416,0.02588023097690861
PSO J223.8583+05.5760,-999,-999,-999,114692238583341609,3496239000116186,65296387919346,0,15189953386555,11469,1,1467,31,0.748134719904638,3496239,15203,3,1343750144,0,160,223.85833451,5.57595866,0.0010000000474974513,0.0010000000474974513,223.85833451,5.57595866,0.0010000000474974513,0.0010000000474974513,,,,,56125.39715278,-999.0,-0.7176433160638936,-0.6895991420390164,0.09716529322690737,219.61698981299517,21.312482393518945,2.382263475580185,53.47275360441386,-999,1,0,0,0,0,0,0,-999.0,-999.0,-999.0,-999.0,0,-999.0,-999.0,-999.0,-999.0,-999.0,0,-999.0,-999.0,-999.0,0,114720,-999.0,-999.0,-999.0,-999.0,0,-999.0,-999.0,-999.0,-999.0,-999.0,0,-999.0,-999.0,-999.0,0,16416,-999.0,-999.0,-999.0,-999.0,0,-999.0,-999.0,-999.0,-999.0,-999.0,0,-999.0,-999.0,-999.0,0,16416,-999.0,-999.0,-999.0,-999.0,0,-999.0,-999.0,-999.0,-999.0,-999.0,0,-999.0,-999.0,-999.0,0,16416,-999.0,-999.0,-999.0,-999.0,0,-999.0,-999.0,-999.0,-999.0,-999.0,0,-999.0,-999.0,-999.0,0,16416,0.026534337965736437
PSO J223.8583+05.5785,-999,-999,-999,114692238582974648,3496239000116185,65296387919345,0,15189953891308,11469,1,1467,31,0.651277850057257,3496239,15203,3,1343750144,0,160,223.85829801,5.57849082,0.0010000000474974513,0.0010000000474974513,223.85829801,5.57849082,0.0010000000474974513,0.0010000000474974513,,,,,55940.11799769,-999.0,-0.7176406583302133,-0.6895957088586874,0.09720927854409,219.61611588430102,21.314880372699417,2.385500840934756,53.47439688452299,-999,1,0,0,0,0,0,0,-999.0,-999.0,-999.0,-999.0,0,-999.0,-999.0,-999.0,-999.0,-999.0,0,-999.0,-999.0,-999.0,0,114720,-999.0,-999.0,-999.0,-999.0,0,-999.0,-999.0,-999.0,-999.0,-999.0,0,-999.0,-999.0,-999.0,0,16416,-999.0,-999.0,-999.0,-999.0,0,-999.0,-999.0,-999.0,-999.0,-999.0,0,-999.0,-999.0,-999.0,0,16416,-999.0,-999.0,-999.0,-999.0,0,-999.0,-999.0,-999.0,-999.0,-999.0,0,-999.0,-999.0,-999.0,0,16416,-999.0,-999.0,-999.0,-999.0,0,-999.0,-999.0,-999.0,-999.0,-999.0,0,-999.0,-999.0,-999.0,0,16416,0.027627274481309298
PSO J223.8582+05.5782,-999,-999,-999,114692238582184279,3496239000019600,65296387820687,0,15189953891159,11469,1,1467,31,0.137767086865163,3496239,15203,3,268959744,0,32,-999.0,-999.0,-999.0,-999.0,223.85818943,5.57818246,0.24769000709056854,0.24769000709056854,,,,,55225.64311343,-999.0,-0.7176423423921354,-0.6895947113541727,0.0972039221342651,219.61610742692048,21.314553719936157,2.384986025914178,53.47428340491121,-999,0,1,0,0,0,1,0,-999.0,-999.0,-999.0,-999.0,0,-999.0,-999.0,-999.0,-999.0,-999.0,0,-999.0,-999.0,-999.0,0,0,-999.0,-999.0,-999.0,-999.0,0,-999.0,-999.0,-999.0,-999.0,-999.0,0,-999.0,-999.0,-999.0,0,0,-999.0,-999.0,-999.0,-999.0,0,-999.0,-999.0,-999.0,-999.0,-999.0,0,-999.0,-999.0,-999.0,0,0,0.48290500044822693,20.93090057373047,0.24723200500011444,-999.0,1,20.93090057373047,20.93090057373047,-999.0,-999.0,-999.0,0,20.916400909423828,0.24723200500011444,-999.0,1,4120,-999.0,-999.0,-999.0,-999.0,0,-999.0,-999.0,-999.0,-999.0,-999.0,0,-999.0,-999.0,-999.0,0,0,0.027584681915652172
PSO J223.8572+05.5784,-999,-999,-999,114692238572224568,3496239000019455,65296387820542,0,15189953890917,11469,1,1467,31,0.0816667853683855,3496239,15203,3,268959744,0,32,-999.0,-999.0,-999.0,-999.0,223.85720855,5.57841182,0.3165999948978424,0.3165999948978424,,,,,55338.40309028,-999.0,-0.717653867277653,-0.6895821559039946,0.09720790626398415,219.6150346161602,21.314471373866276,2.3842364782594774,53.47518152686175,-999,0,1,0,1,0,0,0,-999.0,-999.0,-999.0,-999.0,0,-999.0,-999.0,-999.0,-999.0,-999.0,0,-999.0,-999.0,-999.0,0,0,0.6417099833488464,21.94860076904297,0.31624099612236023,-999.0,1,21.94860076904297,21.94860076904297,-999.0,-999.0,-999.0,1,21.671499252319336,0.31624099612236023,-999.0,1,4120,-999.0,-999.0,-999.0,-999.0,0,-999.0,-999.0,-999.0,-999.0,-999.0,0,-999.0,-999.0,-999.0,0,0,-999.0,-999.0,-999.0,-999.0,0,-999.0,-999.0,-999.0,-999.0,-999.0,0,-999.0,-999.0,-999.0,0,0,-999.0,-999.0,-999.0,-999.0,0,-999.0,-999.0,-999.0,-999.0,-999.0,0,-999.0,-999.0,-999.0,0,0,0.028561745427820282
PSO J223.8570+05.5753,-999,-999,-999,114692238570410846,3496239000116159,65296387919319,0,15189953898328,11469,1,1467,31,0.0412928089884043,3496239,15203,3,1343750144,0,160,223.85704155,5.5753226,0.0010000000474974513,0.0010000000474974513,223.85704155,5.5753226,0.0010000000474974513,0.0010000000474974513,,,,,56016.57618056,-999.0,-0.7176596554071834,-0.6895836945536659,0.09715424440836036,219.61588580764976,21.311481040715883,2.380061273628751,53.47333880894714,-999,1,0,0,0,0,0,0,-999.0,-999.0,-999.0,-999.0,0,-999.0,-999.0,-999.0,-999.0,-999.0,0,-999.0,-999.0,-999.0,0,114720,-999.0,-999.0,-999.0,-999.0,0,-999.0,-999.0,-999.0,-999.0,-999.0,0,-999.0,-999.0,-999.0,0,16416,-999.0,-999.0,-999.0,-999.0,0,-999.0,-999.0,-999.0,-999.0,-999.0,0,-999.0,-999.0,-999.0,0,16416,-999.0,-999.0,-999.0,-999.0,0,-999.0,-999.0,-999.0,-999.0,-999.0,0,-999.0,-999.0,-999.0,0,16416,-999.0,-999.0,-999.0,-999.0,0,-999.0,-999.0,-999.0,-999.0,-999.0,0,-999.0,-999.0,-999.0,0,16416,0.027504602808335787
PSO J223.8567+05.5806,-999,-999,-999,114692238566607180,3496239000019366,65296387820453,0,15189953889648,11469,1,1467,31,0.56470546924016,3496239,15203,3,268959744,0,32,-999.0,-999.0,-999.0,-999.0,223.85665149,5.58058508,0.2536199986934662,0.2536199986934662,,,,,55401.31690972,-999.0,-0.7176579124988629,-0.68957262329847,0.09724565710118266,219.6137501413797,21.316368363610184,2.386454391108956,53.47699481600942,-999,0,1,0,0,0,0,1,-999.0,-999.0,-999.0,-999.0,0,-999.0,-999.0,-999.0,-999.0,-999.0,0,-999.0,-999.0,-999.0,0,0,-999.0,-999.0,-999.0,-999.0,0,-999.0,-999.0,-999.0,-999.0,-999.0,0,-999.0,-999.0,-999.0,0,0,-999.0,-999.0,-999.0,-999.0,0,-999.0,-999.0,-999.0,-999.0,-999.0,0,-999.0,-999.0,-999.0,0,0,-999.0,-999.0,-999.0,-999.0,0,-999.0,-999.0,-999.0,-999.0,-999.0,0,-999.0,-999.0,-999.0,0,0,0.6272779703140259,19.457799911499023,0.25317901372909546,-999.0,1,19.457799911499023,19.457799911499023,-999.0,-999.0,-999.0,0,19.120800018310547,0.25317901372909546,-999.0,1,4112,0.030061604926891403
PSO J223.8566+05.5822,-999,-999,-999,114692238565519142,3496239000116145,65296387919305,0,15189953889870,11469,1,1467,31,0.650379393855463,3496239,15203,3,1343750144,0,160,223.85655519,5.58223577,0.0010000000474974513,0.0010000000474974513,223.85655519,5.58223577,0.0010000000474974513,0.0010000000474974513,,,,,56223.27803241,-999.0,-0.7176570509997608,-0.6895694756718068,0.09727433048875707,219.61310669530886,21.317909355293803,2.388487747346617,53.47812156207425,-999,2,0,0,0,0,0,0,-999.0,-999.0,-999.0,-999.0,0,-999.0,-999.0,-999.0,-999.0,-999.0,0,-999.0,-999.0,-999.0,0,114720,-999.0,-999.0,-999.0,-999.0,0,-999.0,-999.0,-999.0,-999.0,-999.0,0,-999.0,-999.0,-999.0,0,16416,-999.0,-999.0,-999.0,-999.0,0,-999.0,-999.0,-999.0,-999.0,-999.0,0,-999.0,-999.0,-999.0,0,16416,-999.0,-999.0,-999.0,-999.0,0,-999.0,-999.0,-999.0,-999.0,-999.0,0,-999.0,-999.0,-999.0,0,16416,-999.0,-999.0,-999.0,-999.0,0,-999.0,-999.0,-999.0,-999.0,-999.0,0,-999.0,-999.0,-999.0,0,16416,0.030983537735555264
PSO J223.8563+05.5755,-999,-999,-999,114692238562511058,3496239000116140,65296387919300,0,15189953898489,11469,1,1467,31,0.0680109020955962,3496239,15203,3,1343750144,0,160,223.85625187,5.57550006,0.0010000000474974513,0.0010000000474974513,223.85625187,5.57550006,0.0010000000474974513,0.0010000000474974513,,,,,56034.2509375,-999.0,-0.7176689425521195,-0.6895735948417818,0.09715732701708496,219.6150245073546,21.311407903560436,2.3794484584807662,53.47405725392781,-999,1,0,0,0,0,0,0,-999.0,-999.0,-999.0,-999.0,0,-999.0,-999.0,-999.0,-999.0,-999.0,0,-999.0,-999.0,-999.0,0,114720,-999.0,-999.0,-999.0,-999.0,0,-999.0,-999.0,-999.0,-999.0,-999.0,0,-999.0,-999.0,-999.0,0,16416,-999.0,-999.0,-999.0,-999.0,0,-999.0,-999.0,-999.0,-999.0,-999.0,0,-999.0,-999.0,-999.0,0,16416,-999.0,-999.0,-999.0,-999.0,0,-999.0,-999.0,-999.0,-999.0,-999.0,0,-999.0,-999.0,-999.0,0,16416,-999.0,-999.0,-999.0,-999.0,0,-999.0,-999.0,-999.0,-999.0,-999.0,0,-999.0,-999.0,-999.0,0,16416,0.028303924014602442
PSO J223.8561+05.5806,-999,-999,-999,114692238561167169,3496239000019295,65296387820382,0,15189953889704,11469,1,1467,31,0.283943256627715,3496239,15203,3,302067712,0,36,-999.0,-999.0,-999.0,-999.0,223.85610125,5.58057616,0.19797000288963318,0.19797000288963318,,,,,55767.25564815,-999.0,-0.7176645456930713,-0.6895657417285503,0.09724550215568767,219.61319379842635,21.316191265271826,2.3858558828449787,53.47741087325838,-999,0,1,0,0,0,1,0,-999.0,-999.0,-999.0,-999.0,0,-999.0,-999.0,-999.0,-999.0,-999.0,0,-999.0,-999.0,-999.0,0,0,-999.0,-999.0,-999.0,-999.0,0,-999.0,-999.0,-999.0,-999.0,-999.0,0,-999.0,-999.0,-999.0,0,0,-999.0,-999.0,-999.0,-999.0,0,-999.0,-999.0,-999.0,-999.0,-999.0,0,-999.0,-999.0,-999.0,0,0,0.9973779916763306,21.351600646972656,0.19739800691604614,-999.0,1,21.351600646972656,21.351600646972656,-999.0,-999.0,-999.0,1,21.308399200439453,0.19739800691604614,-999.0,1,280,-999.0,-999.0,-999.0,-999.0,0,-999.0,-999.0,-999.0,-999.0,-999.0,0,-999.0,-999.0,-999.0,0,0,0.030536214798041944
PSO J223.8557+05.5826,-999,-999,-999,114692238557319572,3496239000019235,65296387820322,0,15189953955966,11469,1,1467,31,0.371448951187962,3496239,15203,3,302067712,0,36,-999.0,-999.0,-999.0,-999.0,223.85571861,5.58260381,0.18937000632286072,0.18937000632286072,,,,,56143.26857639,-999.0,-0.717666668798644,-0.6895585641004054,0.0972807235337225,219.61213470709453,21.318003156980588,2.3880716166356595,53.47899755673351,-999,0,1,0,0,0,1,0,-999.0,-999.0,-999.0,-999.0,0,-999.0,-999.0,-999.0,-999.0,-999.0,0,-999.0,-999.0,-999.0,0,0,-999.0,-999.0,-999.0,-999.0,0,-999.0,-999.0,-999.0,-999.0,-999.0,0,-999.0,-999.0,-999.0,0,0,-999.0,-999.0,-999.0,-999.0,0,-999.0,-999.0,-999.0,-999.0,-999.0,0,-999.0,-999.0,-999.0,0,0,0.998956024646759,20.794599533081055,0.18877099454402924,-999.0,1,20.794599533081055,20.794599533081055,-999.0,-999.0,-999.0,1,20.955299377441406,0.18877099454402924,-999.0,1,280,-999.0,-999.0,-999.0,-999.0,0,-999.0,-999.0,-999.0,-999.0,-999.0,0,-999.0,-999.0,-999.0,0,0,0.031885264277755905
PSO J223.8554+05.5770,-999,-999,-999,114692238554142887,3496239000019193,65296387820280,0,15189953902330,11469,1,1467,31,0.981186357309284,3496239,15203,3,436527104,7,52,223.85537828,5.57698407,0.0010000000474974513,0.0010000000474974513,223.85536841903158,5.576991033068255,0.005954434997454452,0.005904758095359311,-0.5430992716343472,-13.42093141407657,4.705493886004519,4.681028627767537,56123.65520652459,2.892954111099243,-0.7176777517376918,-0.6895607770124277,0.09718322626229708,219.61363067242542,21.312553738907184,2.380430175753863,53.47568749563416,-999,5,41,0,7,10,12,12,-999.0,-999.0,-999.0,-999.0,0,-999.0,-999.0,-999.0,-999.0,-999.0,0,-999.0,-999.0,-999.0,0,114720,0.999646008014679,21.23539924621582,0.04430900141596794,0.16771599650382996,7,21.046600341796875,21.592199325561523,21.265300750732422,0.11468300223350525,0.3975659906864166,6,21.285900115966797,0.10015399754047394,0.31356900930404663,7,115000,0.9992089867591858,20.150299072265625,0.07790900021791458,0.1572290062904358,7,19.95159912109375,20.3981990814209,20.25309944152832,0.035992998629808426,0.16673800349235535,6,20.17919921875,0.06699799746274948,0.2165679931640625,7,115000,0.9996089935302734,19.543899536132812,0.026466000825166702,0.07503700256347656,12,19.45549964904785,19.706199645996094,19.635299682617188,0.04260199889540672,0.19134299457073212,12,19.590599060058594,0.03670699894428253,0.1640930026769638,12,115000,0.999222993850708,19.263599395751953,0.029704999178647995,0.14384299516677856,12,18.944000244140625,19.395700454711914,19.275699615478516,0.07392899692058563,0.2640489935874939,12,19.236499786376953,0.02403300069272518,0.1792829930782318,12,115000,0.029657797195907044
PSO J223.8537+05.5783,-999,-999,-999,114692238537014397,3496239000018974,65296387820061,0,15189953904421,11469,1,1467,31,0.510508795744282,3496239,15203,3,268959744,0,32,-999.0,-999.0,-999.0,-999.0,223.85367424,5.5782822,0.31696000695228577,0.31696000695228577,,,,,55225.64311343,-999.0,-0.7176965616063261,-0.689538038222915,0.09720565468197212,219.61148505345125,21.31326501831255,2.3802983583818467,53.47780770316327,-999,0,1,0,0,0,1,0,-999.0,-999.0,-999.0,-999.0,0,-999.0,-999.0,-999.0,-999.0,-999.0,0,-999.0,-999.0,-999.0,0,0,-999.0,-999.0,-999.0,-999.0,0,-999.0,-999.0,-999.0,-999.0,-999.0,0,-999.0,-999.0,-999.0,0,0,-999.0,-999.0,-999.0,-999.0,0,-999.0,-999.0,-999.0,-999.0,-999.0,0,-999.0,-999.0,-999.0,0,0,0.6528199911117554,21.29520034790039,0.31660398840904236,-999.0,1,21.29520034790039,21.29520034790039,-999.0,-999.0,-999.0,0,21.090200424194336,0.31660398840904236,-999.0,1,4120,-999.0,-999.0,-999.0,-999.0,0,-999.0,-999.0,-999.0,-999.0,-999.0,0,-999.0,-999.0,-999.0,0,0,0.03170975067822624
PSO J223.8533+05.5775,-999,-999,-999,114692238533343450,3496239000018913,65296387820000,0,15189953900916,11469,1,1467,31,0.44610415720018,3496239,15203,3,268959744,0,32,-999.0,-999.0,-999.0,-999.0,223.85332555,5.57748874,0.243259996175766,0.243259996175766,,,,,56317.67460648,-999.0,-0.7177017286379425,-0.6895346030279275,0.09719187176522477,219.61139287628103,21.312403252332338,2.378899656212767,53.47756875635223,-999,0,1,0,0,0,0,1,-999.0,-999.0,-999.0,-999.0,0,-999.0,-999.0,-999.0,-999.0,-999.0,0,-999.0,-999.0,-999.0,0,0,-999.0,-999.0,-999.0,-999.0,0,-999.0,-999.0,-999.0,-999.0,-999.0,0,-999.0,-999.0,-999.0,0,0,-999.0,-999.0,-999.0,-999.0,0,-999.0,-999.0,-999.0,-999.0,-999.0,0,-999.0,-999.0,-999.0,0,0,-999.0,-999.0,-999.0,-999.0,0,-999.0,-999.0,-999.0,-999.0,-999.0,0,-999.0,-999.0,-999.0,0,0,0.7066149711608887,20.21820068359375,0.24279600381851196,-999.0,1,20.21820068359375,20.21820068359375,-999.0,-999.0,-999.0,0,20.121000289916992,0.24279600381851196,-999.0,1,4120,0.031730888174091886
PSO J223.8529+05.5776,-999,-999,-999,114692238529433561,3496239000018854,65296387819941,0,15189953900868,11469,1,1467,31,0.368246164515844,3496239,15203,3,268959744,0,32,-999.0,-999.0,-999.0,-999.0,223.85293618,5.57757805,0.27072998881340027,0.27072998881340027,,,,,56317.68130787,-999.0,-0.7177063053033979,-0.6895296207025988,0.0971934231389971,219.61096759380496,21.312368903771418,2.378599802391405,53.47792415396555,-999,0,1,0,0,0,0,1,-999.0,-999.0,-999.0,-999.0,0,-999.0,-999.0,-999.0,-999.0,-999.0,0,-999.0,-999.0,-999.0,0,0,-999.0,-999.0,-999.0,-999.0,0,-999.0,-999.0,-999.0,-999.0,-999.0,0,-999.0,-999.0,-999.0,0,0,-999.0,-999.0,-999.0,-999.0,0,-999.0,-999.0,-999.0,-999.0,-999.0,0,-999.0,-999.0,-999.0,0,0,-999.0,-999.0,-999.0,-999.0,0,-999.0,-999.0,-999.0,-999.0,-999.0,0,-999.0,-999.0,-999.0,0,0,0.47881901264190674,19.589500427246094,0.2703169882297516,-999.0,1,19.589500427246094,19.589500427246094,-999.0,-999.0,-999.0,0,20.92340087890625,0.2703169882297516,-999.0,1,4120,0.032124293786181986
PSO J223.8520+05.5780,-999,-999,-999,114692238519904097,3496239000018693,65296387819780,0,15189953901137,11469,1,1467,31,0.8344462726586,3496239,15203,3,268959744,0,32,-999.0,-999.0,-999.0,-999.0,223.85196384,5.57803086,0.2996799945831299,0.2996799945831299,,,,,55225.65130787,-999.0,-0.7177174529462438,-0.6895169085691459,0.09720128874456542,219.6098296279551,21.31250174480214,2.378148314739543,53.478958250103325,-999,0,1,0,0,0,1,0,-999.0,-999.0,-999.0,-999.0,0,-999.0,-999.0,-999.0,-999.0,-999.0,0,-999.0,-999.0,-999.0,0,0,-999.0,-999.0,-999.0,-999.0,0,-999.0,-999.0,-999.0,-999.0,-999.0,0,-999.0,-999.0,-999.0,0,0,-999.0,-999.0,-999.0,-999.0,0,-999.0,-999.0,-999.0,-999.0,-999.0,0,-999.0,-999.0,-999.0,0,0,0.6227869987487793,21.154499053955078,0.2993069887161255,-999.0,1,21.154499053955078,21.154499053955078,-999.0,-999.0,-999.0,0,21.359399795532227,0.2993069887161255,-999.0,1,4120,-999.0,-999.0,-999.0,-999.0,0,-999.0,-999.0,-999.0,-999.0,-999.0,0,-999.0,-999.0,-999.0,0,0,0.03319052879654724
PSO J223.8519+05.5815,-999,-999,-999,114692238519198286,3496239000018679,65296387819766,0,15189953895388,11469,1,1467,31,0.845482121077815,3496239,15203,3,268959744,0,32,-999.0,-999.0,-999.0,-999.0,223.85189384,5.58152027,0.2615399956703186,0.2615399956703186,,,,,56838.25114583,-999.0,-0.7177140251105778,-0.689511929268597,0.09726190187257386,219.60860516634358,21.315800171084806,2.3825890435940846,53.481237952686214,-999,0,1,0,0,0,0,1,-999.0,-999.0,-999.0,-999.0,0,-999.0,-999.0,-999.0,-999.0,-999.0,0,-999.0,-999.0,-999.0,0,0,-999.0,-999.0,-999.0,-999.0,0,-999.0,-999.0,-999.0,-999.0,-999.0,0,-999.0,-999.0,-999.0,0,0,-999.0,-999.0,-999.0,-999.0,0,-999.0,-999.0,-999.0,-999.0,-999.0,0,-999.0,-999.0,-999.0,0,0,-999.0,-999.0,-999.0,-999.0,0,-999.0,-999.0,-999.0,-999.0,-999.0,0,-999.0,-999.0,-999.0,0,0,0.7179650068283081,20.819900512695312,0.26110899448394775,-999.0,1,20.819900512695312,20.819900512695312,-999.0,-999.0,-999.0,0,21.904300689697266,0.26110899448394775,-999.0,1,4120,0.0346818868129782
PSO J223.8516+05.5783,-999,-999,-999,114692238516044388,3496239000018638,65296387819725,0,15189953901169,11469,1,1467,31,0.819616872649283,3496239,15203,3,268959744,0,32,-999.0,-999.0,-999.0,-999.0,223.85157885,5.57827212,0.2522999942302704,0.2522999942302704,,,,,56838.25114583,-999.0,-0.7177217908678156,-0.6895118024022255,0.09720547958592687,219.609358576417,21.31261330321815,2.3780497392836537,53.47940722875042,-999,0,1,0,0,0,0,1,-999.0,-999.0,-999.0,-999.0,0,-999.0,-999.0,-999.0,-999.0,-999.0,0,-999.0,-999.0,-999.0,0,0,-999.0,-999.0,-999.0,-999.0,0,-999.0,-999.0,-999.0,-999.0,-999.0,0,-999.0,-999.0,-999.0,0,0,-999.0,-999.0,-999.0,-999.0,0,-999.0,-999.0,-999.0,-999.0,-999.0,0,-999.0,-999.0,-999.0,0,0,-999.0,-999.0,-999.0,-999.0,0,-999.0,-999.0,-999.0,-999.0,-999.0,0,-999.0,-999.0,-999.0,0,0,0.7367110252380371,20.819900512695312,0.25185099244117737,-999.0,1,20.819900512695312,20.819900512695312,-999.0,-999.0,-999.0,0,21.135400772094727,0.25185099244117737,-999.0,1,4120,0.03363550100713171
PSO J223.8510+05.5803,-999,-999,-999,114692238509656855,3496239000018531,65296387819618,0,15189953895538,11469,1,1467,31,0.908804105509821,3496239,15203,3,310456320,0,37,-999.0,-999.0,-999.0,-999.0,223.85096727,5.58031579,0.1599700003862381,0.1599700003862381,,,,,55609.56458333,-999.0,-0.7177266499264116,-0.6895017388772979,0.097240979379029,219.6080614808168,21.314370259559904,2.380041769961359,53.481179734305165,-999,0,1,0,0,0,1,0,-999.0,-999.0,-999.0,-999.0,0,-999.0,-999.0,-999.0,-999.0,-999.0,0,-999.0,-999.0,-999.0,0,0,-999.0,-999.0,-999.0,-999.0,0,-999.0,-999.0,-999.0,-999.0,-999.0,0,-999.0,-999.0,-999.0,0,0,-999.0,-999.0,-999.0,-999.0,0,-999.0,-999.0,-999.0,-999.0,-999.0,0,-999.0,-999.0,-999.0,0,0,0.0,19.84429931640625,0.1592629998922348,-999.0,1,19.84429931640625,19.84429931640625,18.319499969482422,0.10270100086927414,-999.0,1,18.903099060058594,0.1592629998922348,-999.0,1,16777744,-999.0,-999.0,-999.0,-999.0,0,-999.0,-999.0,-999.0,-999.0,-999.0,0,-999.0,-999.0,-999.0,0,0,0.03499398998900689
PSO J223.8507+05.5764,-999,-999,-999,114692238507842161,3496239000018498,65296387819585,0,15189953900573,11469,1,1467,31,0.487057680717723,3496239,15203,3,436285440,0,52,223.85075661,5.5764416,0.0010000000474974513,0.0010000000474974513,223.85074625,5.57644147,0.13739000260829926,0.13739000260829926,,,,,56213.13883102,0.7979000210762024,-0.7177340498810658,-0.6895035239659317,0.09717367997500934,219.6091173569233,21.310616442404395,2.3747926226749296,53.47887740433128,-999,3,3,1,0,0,2,0,0.6090059876441956,21.92609977722168,0.3672829866409302,-999.0,1,21.92609977722168,21.92609977722168,-999.0,-999.0,-999.0,0,-999.0,-999.0,-999.0,0,20536,-999.0,-999.0,-999.0,-999.0,0,-999.0,-999.0,-999.0,-999.0,-999.0,0,-999.0,-999.0,-999.0,0,16416,-999.0,-999.0,-999.0,-999.0,0,-999.0,-999.0,-999.0,-999.0,-999.0,0,-999.0,-999.0,-999.0,0,114720,0.9978259801864624,21.500200271606445,0.187827005982399,0.2657029926776886,2,21.3169002532959,21.6924991607666,21.503599166870117,0.1295740008354187,0.18481799960136414,2,21.470800399780273,0.128044992685318,0.1811310052871704,2,115000,-999.0,-999.0,-999.0,-999.0,0,-999.0,-999.0,-999.0,-999.0,-999.0,0,-999.0,-999.0,-999.0,0,114720,0.03379164587376635
PSO J223.8506+05.5791,-999,-999,-999,114692238505675369,3496239000116065,65296387919225,0,15189953893746,11469,1,1467,31,0.392829132632193,3496239,15203,3,1343750144,0,160,223.85056737,5.57909265,0.0010000000474974513,0.0010000000474974513,223.85056737,5.57909265,0.0010000000474974513,0.0010000000474974513,,,,,56034.2509375,-999.0,-0.7177329591932781,-0.6894981674087842,0.0972197327068348,219.60805928736502,21.313083995414612,2.37803230049438,53.480705914646315,-999,1,0,0,0,0,0,0,-999.0,-999.0,-999.0,-999.0,0,-999.0,-999.0,-999.0,-999.0,-999.0,0,-999.0,-999.0,-999.0,0,114720,-999.0,-999.0,-999.0,-999.0,0,-999.0,-999.0,-999.0,-999.0,-999.0,0,-999.0,-999.0,-999.0,0,16416,-999.0,-999.0,-999.0,-999.0,0,-999.0,-999.0,-999.0,-999.0,-999.0,0,-999.0,-999.0,-999.0,0,16416,-999.0,-999.0,-999.0,-999.0,0,-999.0,-999.0,-999.0,-999.0,-999.0,0,-999.0,-999.0,-999.0,0,16416,-999.0,-999.0,-999.0,-999.0,0,-999.0,-999.0,-999.0,-999.0,-999.0,0,-999.0,-999.0,-999.0,0,16416,0.03487577556475151
PSO J223.8495+05.5780,-999,-999,-999,114692238494584044,3496239000018289,65296387819376,0,15189953894264,11469,1,1467,31,0.839823565296664,3496239,15203,3,268959744,0,32,-999.0,-999.0,-999.0,-999.0,223.84945115,5.57798322,0.19366000592708588,0.19366000592708588,,,,,56317.67460648,-999.0,-0.7177477491070192,-0.6894854886021667,0.09720046120692297,219.60729143122052,21.31168639380091,2.375405694076704,53.48085359381889,-999,0,1,0,0,0,0,1,-999.0,-999.0,-999.0,-999.0,0,-999.0,-999.0,-999.0,-999.0,-999.0,0,-999.0,-999.0,-999.0,0,0,-999.0,-999.0,-999.0,-999.0,0,-999.0,-999.0,-999.0,-999.0,-999.0,0,-999.0,-999.0,-999.0,0,0,-999.0,-999.0,-999.0,-999.0,0,-999.0,-999.0,-999.0,-999.0,-999.0,0,-999.0,-999.0,-999.0,0,0,-999.0,-999.0,-999.0,-999.0,0,-999.0,-999.0,-999.0,-999.0,-999.0,0,-999.0,-999.0,-999.0,0,0,0.7271119952201843,20.014400482177734,0.19307899475097656,-999.0,1,20.014400482177734,20.014400482177734,-999.0,-999.0,-999.0,0,20.360200881958008,0.19307899475097656,-999.0,1,4120,0.035513501201289856
PSO J223.8490+05.5758,-999,-999,-999,114692238489691456,3496239000018214,65296387819301,0,15189953934589,11469,1,1467,31,0.183378922923821,3496239,15203,3,310456320,0,37,-999.0,-999.0,-999.0,-999.0,223.84896147,5.57583373,0.18592999875545502,0.18592999875545502,,,,,56335.66734954,-999.0,-0.7177562710535778,-0.6894818800171015,0.09716312310412017,219.60750415909123,21.309491273558116,2.3721018610501203,53.47985747243059,-999,0,1,0,0,0,0,1,-999.0,-999.0,-999.0,-999.0,0,-999.0,-999.0,-999.0,-999.0,-999.0,0,-999.0,-999.0,-999.0,0,0,-999.0,-999.0,-999.0,-999.0,0,-999.0,-999.0,-999.0,-999.0,-999.0,0,-999.0,-999.0,-999.0,0,0,-999.0,-999.0,-999.0,-999.0,0,-999.0,-999.0,-999.0,-999.0,-999.0,0,-999.0,-999.0,-999.0,0,0,-999.0,-999.0,-999.0,-999.0,0,-999.0,-999.0,-999.0,-999.0,-999.0,0,-999.0,-999.0,-999.0,0,0,0.9994879961013794,20.213600158691406,0.1853249967098236,-999.0,1,20.213600158691406,20.213600158691406,19.488000869750977,0.2046460062265396,-999.0,1,19.544200897216797,0.1853249967098236,-999.0,1,16777496,0.03530751110737394
PSO J223.9174+05.5697,-999,-999,-999,114682239174424136,3496239000028725,65296387829812,0,15189956632291,11468,1,1467,31,0.600574292801855,3496239,15203,3,268959744,0,32,-999.0,-999.0,-999.0,-999.0,223.91744571,5.56973851,0.35082998871803284,0.35082998871803284,,,,,56396.5534375,-999.0,-0.7169390793922393,-0.6903464693759195,0.09705724424488361,219.6791330600942,21.324668656933895,2.437211220717944,53.42346869469132,-999,0,1,0,1,0,0,0,-999.0,-999.0,-999.0,-999.0,0,-999.0,-999.0,-999.0,-999.0,-999.0,0,-999.0,-999.0,-999.0,0,0,0.6470249891281128,22.092300415039062,0.35051199793815613,-999.0,1,22.092300415039062,22.092300415039062,-999.0,-999.0,-999.0,1,22.567399978637695,0.35051199793815613,-999.0,1,4120,-999.0,-999.0,-999.0,-999.0,0,-999.0,-999.0,-999.0,-999.0,-999.0,0,-999.0,-999.0,-999.0,0,0,-999.0,-999.0,-999.0,-999.0,0,-999.0,-999.0,-999.0,-999.0,-999.0,0,-999.0,-999.0,-999.0,0,0,-999.0,-999.0,-999.0,-999.0,0,-999.0,-999.0,-999.0,-999.0,-999.0,0,-999.0,-999.0,-999.0,0,0,0.03449875419354987
PSO J223.9034+05.5664,-999,-999,-999,114682239034290105,3496239000026714,65296387827801,0,15189953222293,11468,1,1467,31,0.33822517128496,3496239,15203,3,436527104,5,52,223.90351013,5.566401,0.0010000000474974513,0.0010000000474974513,223.90345449746297,5.566387261295285,0.0223856377898253,0.0223856377898253,-16.48472060997426,-0.14496103672511396,18.313318197191116,18.313318197191116,56388.93574702573,3.0978288650512695,-0.7171117246401928,-0.6901753129329828,0.09699902989941432,219.66601144093477,21.3171915058422,2.4179685701537244,53.4320632478584,-999,4,14,0,0,7,6,1,-999.0,-999.0,-999.0,-999.0,0,-999.0,-999.0,-999.0,-999.0,-999.0,0,-999.0,-999.0,-999.0,0,16416,-999.0,-999.0,-999.0,-999.0,0,-999.0,-999.0,-999.0,-999.0,-999.0,0,-999.0,-999.0,-999.0,0,114720,0.9994469881057739,21.539499282836914,0.04199400171637535,0.11205200105905533,7,21.368200302124023,21.658300399780273,21.529600143432617,0.08444499969482422,0.27654799818992615,6,21.487699508666992,0.08468099683523178,0.24249400198459625,7,115000,0.9991840124130249,21.04400062561035,0.033975999802351,0.11110600084066391,4,20.8843994140625,21.13719940185547,21.13010025024414,0.021184999495744705,0.13350899517536163,4,21.10540008544922,0.023173000663518906,0.3583729863166809,4,115000,0.996874988079071,20.630199432373047,0.18448199331760406,-999.0,1,20.630199432373047,20.630199432373047,-999.0,-999.0,-999.0,1,20.905500411987305,0.18448199331760406,-999.0,1,115000,0.020364173459574215
PSO J223.9031+05.5731,-999,-999,-999,114682239031268164,3496239000026665,65296387827752,0,15189953241397,11468,1,1467,31,0.0188969001349964,3496239,15203,3,268959744,0,32,-999.0,-999.0,-999.0,-999.0,223.9030944,5.57309352,0.2752699851989746,0.2752699851989746,,,,,56045.38216435,-999.0,-0.7171078771239942,-0.6901629283318466,0.09711552359499,219.66343542587757,21.323466929934263,2.426267517653115,53.4366125350731,-999,0,1,0,0,1,0,0,-999.0,-999.0,-999.0,-999.0,0,-999.0,-999.0,-999.0,-999.0,-999.0,0,-999.0,-999.0,-999.0,0,0,-999.0,-999.0,-999.0,-999.0,0,-999.0,-999.0,-999.0,-999.0,-999.0,0,-999.0,-999.0,-999.0,0,0,0.6971970200538635,21.466800689697266,0.2748660147190094,-999.0,1,21.466800689697266,21.466800689697266,-999.0,-999.0,-999.0,0,-999.0,-999.0,-999.0,0,4120,-999.0,-999.0,-999.0,-999.0,0,-999.0,-999.0,-999.0,-999.0,-999.0,0,-999.0,-999.0,-999.0,0,0,-999.0,-999.0,-999.0,-999.0,0,-999.0,-999.0,-999.0,-999.0,-999.0,0,-999.0,-999.0,-999.0,0,0,0.021257964832552385
PSO J223.9015+05.5732,-999,-999,-999,114682239015388330,3496239000026442,65296387827529,0,15189953244785,11468,1,1467,31,0.974870322248778,3496239,15203,3,436527104,7,52,223.90151141,5.57318741,0.0010000000474974513,0.0010000000474974513,223.90147624540188,5.573226134024895,0.02583554930585415,0.02583554930585415,-31.03791073939167,32.382696076587216,22.71784314571428,22.71784314571428,56513.66141195682,2.5824716091156006,-0.7171272065435017,-0.6901425195378125,0.09711782720548237,219.66176103780347,21.32308073422197,2.4246974650101705,53.43791915611903,-999,4,12,0,0,9,2,1,-999.0,-999.0,-999.0,-999.0,0,-999.0,-999.0,-999.0,-999.0,-999.0,0,-999.0,-999.0,-999.0,0,16416,-999.0,-999.0,-999.0,-999.0,0,-999.0,-999.0,-999.0,-999.0,-999.0,0,-999.0,-999.0,-999.0,0,114720,0.9994400143623352,21.499099731445312,0.05640299990773201,0.17174099385738373,9,21.189800262451172,21.684200286865234,21.417200088500977,0.05472400039434433,0.3664869964122772,9,21.385900497436523,0.14626699686050415,0.45795899629592896,9,115000,0.999222993850708,21.118799209594727,0.04882600158452988,0.06961800158023834,2,21.0762996673584,21.173900604248047,21.189899444580078,0.009693000465631485,0.014081000350415707,2,20.98819923400879,0.0018080000299960375,0.002578000072389841,2,115000,0.9973080158233643,20.57990074157715,0.17435400187969208,-999.0,1,20.57990074157715,20.57990074157715,20.19809913635254,0.2397029995918274,-999.0,1,20.139699935913086,0.17435400187969208,-999.0,1,115000,0.019799098602849598
PSO J223.9010+05.5731,-999,-999,-999,114682239010008211,3496239000106667,65296387907756,0,15189953245002,11468,1,1467,31,0.895538268513547,3496239,15203,3,310456320,0,37,-999.0,-999.0,-999.0,-999.0,223.90098292,5.57313849,0.17208999395370483,0.17208999395370483,,,,,55239.59633102,-999.0,-0.717133255790957,-0.6901364479496204,0.09711630475951355,219.6612740713427,21.322863148670507,2.424076624076105,53.438260258989196,-999,0,1,0,0,0,0,1,-999.0,-999.0,-999.0,-999.0,0,-999.0,-999.0,-999.0,-999.0,-999.0,0,-999.0,-999.0,-999.0,0,0,-999.0,-999.0,-999.0,-999.0,0,-999.0,-999.0,-999.0,-999.0,-999.0,0,-999.0,-999.0,-999.0,0,0,-999.0,-999.0,-999.0,-999.0,0,-999.0,-999.0,-999.0,-999.0,-999.0,0,-999.0,-999.0,-999.0,0,0,-999.0,-999.0,-999.0,-999.0,0,-999.0,-999.0,-999.0,-999.0,-999.0,0,-999.0,-999.0,-999.0,0,0,0.9989039897918701,20.152599334716797,0.17143799364566803,-999.0,1,20.152599334716797,20.152599334716797,19.667200088500977,0.1923460066318512,-999.0,1,19.51729965209961,0.17143799364566803,-999.0,1,16777496,0.019310850225092456
PSO J223.9005+05.5746,-999,-999,-999,114682239005699945,3496239000026283,65296387827370,0,15189953243028,11468,1,1467,31,0.93427757260788,3496239,15203,3,302067712,0,36,-999.0,-999.0,-999.0,-999.0,223.90054518,5.57457153,0.1965699940919876,0.1965699940919876,,,,,55694.34011574,-999.0,-0.7171367779872343,-0.6901292845215677,0.09714119776818206,219.6603557544091,21.32409262649044,2.425463776331768,53.43950951584632,-999,0,1,0,0,1,0,0,-999.0,-999.0,-999.0,-999.0,0,-999.0,-999.0,-999.0,-999.0,-999.0,0,-999.0,-999.0,-999.0,0,0,-999.0,-999.0,-999.0,-999.0,0,-999.0,-999.0,-999.0,-999.0,-999.0,0,-999.0,-999.0,-999.0,0,0,0.9963459968566895,21.01020050048828,0.1959950029850006,-999.0,1,21.01020050048828,21.01020050048828,-999.0,-999.0,-999.0,1,21.8528995513916,0.1959950029850006,-999.0,1,272,-999.0,-999.0,-999.0,-999.0,0,-999.0,-999.0,-999.0,-999.0,-999.0,0,-999.0,-999.0,-999.0,0,0,-999.0,-999.0,-999.0,-999.0,0,-999.0,-999.0,-999.0,-999.0,-999.0,0,-999.0,-999.0,-999.0,0,0,0.019502222960536955
PSO J223.9005+05.5700,-999,-999,-999,114682239004804460,3496239000116989,65296387920149,0,15189953275430,11468,1,1467,31,0.540865076278211,3496239,15203,3,1343750144,0,160,223.90049224,5.57002081,0.0010000000474974513,0.0010000000474974513,223.90049224,5.57002081,0.0010000000474974513,0.0010000000474974513,,,,,56016.57618056,-999.0,-0.7171429727147022,-0.6901339696772746,0.09706214804653107,219.66180496309948,21.319746445154557,2.4195219487358,53.436648780157874,-999,1,0,0,0,0,0,0,-999.0,-999.0,-999.0,-999.0,0,-999.0,-999.0,-999.0,-999.0,-999.0,0,-999.0,-999.0,-999.0,0,16416,-999.0,-999.0,-999.0,-999.0,0,-999.0,-999.0,-999.0,-999.0,-999.0,0,-999.0,-999.0,-999.0,0,16416,-999.0,-999.0,-999.0,-999.0,0,-999.0,-999.0,-999.0,-999.0,-999.0,0,-999.0,-999.0,-999.0,0,114720,-999.0,-999.0,-999.0,-999.0,0,-999.0,-999.0,-999.0,-999.0,-999.0,0,-999.0,-999.0,-999.0,0,16416,-999.0,-999.0,-999.0,-999.0,0,-999.0,-999.0,-999.0,-999.0,-999.0,0,-999.0,-999.0,-999.0,0,16416,0.017893520298049605
PSO J223.9002+05.5731,-999,-999,-999,114682239002488146,3496239000026238,65296387827325,0,15189953244331,11468,1,1467,31,0.880546100326391,3496239,15203,3,268959744,0,32,-999.0,-999.0,-999.0,-999.0,223.90022751,5.57307039,0.1667100042104721,0.1667100042104721,,,,,56043.42429398,-999.0,-0.7171424379298802,-0.6901270729627258,0.097115121808544,219.6605286283412,21.322567028318765,2.4231838801731147,53.43879607141168,-999,0,1,0,1,0,0,0,-999.0,-999.0,-999.0,-999.0,0,-999.0,-999.0,-999.0,-999.0,-999.0,0,-999.0,-999.0,-999.0,0,0,0.8295180201530457,21.867399215698242,0.16603699326515198,-999.0,1,21.867399215698242,21.867399215698242,-999.0,-999.0,-999.0,0,22.159000396728516,0.16603699326515198,-999.0,1,4120,-999.0,-999.0,-999.0,-999.0,0,-999.0,-999.0,-999.0,-999.0,-999.0,0,-999.0,-999.0,-999.0,0,0,-999.0,-999.0,-999.0,-999.0,0,-999.0,-999.0,-999.0,-999.0,-999.0,0,-999.0,-999.0,-999.0,0,0,-999.0,-999.0,-999.0,-999.0,0,-999.0,-999.0,-999.0,-999.0,-999.0,0,-999.0,-999.0,-999.0,0,0,0.018589736933570494
PSO J223.9000+05.5734,-999,-999,-999,114682239000628568,3496239000026206,65296387827293,0,15189953244317,11468,1,1467,31,0.569461562269797,3496239,15203,3,268959744,0,32,-999.0,-999.0,-999.0,-999.0,223.90003879,5.57342402,0.17215000092983246,0.17215000092983246,,,,,56043.43508102,-999.0,-0.7171442791481204,-0.6901242952104872,0.09712126464040384,219.6602199793285,21.32284571290447,2.423440214374741,53.43916623138842,-999,0,1,0,1,0,0,0,-999.0,-999.0,-999.0,-999.0,0,-999.0,-999.0,-999.0,-999.0,-999.0,0,-999.0,-999.0,-999.0,0,0,0.6497030258178711,21.81439971923828,0.17149999737739563,-999.0,1,21.81439971923828,21.81439971923828,-999.0,-999.0,-999.0,0,22.082300186157227,0.17149999737739563,-999.0,1,4120,-999.0,-999.0,-999.0,-999.0,0,-999.0,-999.0,-999.0,-999.0,-999.0,0,-999.0,-999.0,-999.0,0,0,-999.0,-999.0,-999.0,-999.0,0,-999.0,-999.0,-999.0,-999.0,-999.0,0,-999.0,-999.0,-999.0,0,0,-999.0,-999.0,-999.0,-999.0,0,-999.0,-999.0,-999.0,-999.0,-999.0,0,-999.0,-999.0,-999.0,0,0,0.01855740264794567
PSO J223.8999+05.5722,-999,-999,-999,114682238997776961,3496239000026173,65296387827260,0,15189953244238,11468,1,1467,31,0.133413353127812,3496239,15203,3,436527104,7,52,223.89986458,5.57219655,0.0010000000474974513,0.0010000000474974513,223.89989204997605,5.572198473900832,0.02986682967273073,0.02986682967273073,55.53089893698587,20.472753448871664,22.891462596587708,22.891462596587708,56381.646892897574,11.217154502868652,-0.7171475433364747,-0.6901238988487899,0.09709997592278116,219.66046960079336,21.321681597955735,2.4217685962093043,53.43851992077172,-999,5,10,2,3,4,1,0,0.9978370070457458,21.366300582885742,0.43731600046157837,0.7627450227737427,2,21.244600296020508,22.119199752807617,21.185699462890625,0.07059399783611298,0.10263899713754654,2,20.911300659179688,0.282463014125824,0.43427199125289917,2,16892216,0.9988080263137817,21.878700256347656,0.08080799877643585,0.23290400207042694,3,21.665599822998047,22.12980079650879,21.585599899291992,0.1040090024471283,0.16515299677848816,3,21.522499084472656,0.11612500250339508,0.23982900381088257,3,115000,0.9990130066871643,21.489299774169922,0.02097100019454956,0.05249200016260147,4,21.41990089416504,21.54450035095215,21.11280059814453,0.04810599982738495,0.18161100149154663,4,21.011499404907227,0.09387899935245514,0.1844410002231598,4,115000,0.9969850182533264,20.94499969482422,0.1883240044116974,-999.0,1,20.94499969482422,20.94499969482422,-999.0,-999.0,-999.0,1,20.656299591064453,0.1883240044116974,-999.0,1,114992,-999.0,-999.0,-999.0,-999.0,0,-999.0,-999.0,-999.0,-999.0,-999.0,0,-999.0,-999.0,-999.0,0,114720,0.01795762109263329
PSO J223.8995+05.5726,-999,-999,-999,114682238995067613,3496239000026143,65296387827230,0,15189953244270,11468,1,1467,31,0.148167623344965,3496239,15203,3,268959744,0,32,-999.0,-999.0,-999.0,-999.0,223.89951422,5.57259798,0.14451999962329865,0.14451999962329865,,,,,56822.40097222,-999.0,-0.7171516063885112,-0.6901187002130097,0.09710691566868009,219.65995954541523,21.32189910718391,2.4218130783257843,53.4390418112077,-999,0,1,0,0,1,0,0,-999.0,-999.0,-999.0,-999.0,0,-999.0,-999.0,-999.0,-999.0,-999.0,0,-999.0,-999.0,-999.0,0,0,-999.0,-999.0,-999.0,-999.0,0,-999.0,-999.0,-999.0,-999.0,-999.0,0,-999.0,-999.0,-999.0,0,0,0.5618619918823242,19.93079948425293,0.14373600482940674,-999.0,1,19.93079948425293,19.93079948425293,-999.0,-999.0,-999.0,0,20.974300384521484,0.14373600482940674,-999.0,1,4112,-999.0,-999.0,-999.0,-999.0,0,-999.0,-999.0,-999.0,-999.0,-999.0,0,-999.0,-999.0,-999.0,0,0,-999.0,-999.0,-999.0,-999.0,0,-999.0,-999.0,-999.0,-999.0,-999.0,0,-999.0,-999.0,-999.0,0,0,0.01775316034293165
PSO J223.8993+05.5706,-999,-999,-999,114682238993535206,3496239000026128,65296387827215,0,15189953243577,11468,1,1467,31,0.364121547307932,3496239,15203,3,268959744,0,32,-999.0,-999.0,-999.0,-999.0,223.89934861,5.5706115,0.25578001141548157,0.25578001141548157,,,,,56822.41376157,-999.0,-0.7171560266478036,-0.6901189613994474,0.09707240884866722,219.66044729524347,21.319958277177605,2.4190675838332103,53.4379022637058,-999,0,1,0,0,1,0,0,-999.0,-999.0,-999.0,-999.0,0,-999.0,-999.0,-999.0,-999.0,-999.0,0,-999.0,-999.0,-999.0,0,0,-999.0,-999.0,-999.0,-999.0,0,-999.0,-999.0,-999.0,-999.0,-999.0,0,-999.0,-999.0,-999.0,0,0,0.5816410183906555,20.705900192260742,0.2553369998931885,-999.0,1,20.705900192260742,20.705900192260742,20.884199142456055,0.26395198702812195,-999.0,1,21.863300323486328,0.2553369998931885,-999.0,1,4112,-999.0,-999.0,-999.0,-999.0,0,-999.0,-999.0,-999.0,-999.0,-999.0,0,-999.0,-999.0,-999.0,0,0,-999.0,-999.0,-999.0,-999.0,0,-999.0,-999.0,-999.0,-999.0,-999.0,0,-999.0,-999.0,-999.0,0,0,0.016943201106173433
PSO J223.8990+05.5723,-999,-999,-999,114682238990387205,3496239000026084,65296387827171,0,15189953243844,11468,1,1467,31,0.768254573241113,3496239,15203,3,310534144,5,37,-999.0,-999.0,-999.0,-999.0,223.89896666285225,5.572318505614891,0.04093835599371972,0.04093835599371972,-97.25757008764234,80.29703991139998,35.84584679390083,35.84584679390083,56478.26538934395,21.472272872924805,-0.7171585428917933,-0.690112175021099,0.09710206097178373,219.65949270719605,21.321463719891817,2.4208640876749468,53.43928498418538,-999,0,5,0,0,4,1,0,-999.0,-999.0,-999.0,-999.0,0,-999.0,-999.0,-999.0,-999.0,-999.0,0,-999.0,-999.0,-999.0,0,0,-999.0,-999.0,-999.0,-999.0,0,-999.0,-999.0,-999.0,-999.0,-999.0,0,-999.0,-999.0,-999.0,0,0,0.9991170167922974,21.534500122070312,0.08008600026369095,0.18307499587535858,4,21.236499786376953,21.619600296020508,20.856199264526367,0.08910199999809265,0.27277401089668274,4,20.795299530029297,0.12596699595451355,0.27436599135398865,4,16777496,0.9974610209465027,21.148000717163086,0.15676499903202057,-999.0,1,21.148000717163086,21.148000717163086,20.212600708007812,0.15706899762153625,-999.0,1,20.35930061340332,0.15676499903202057,-999.0,1,16777496,-999.0,-999.0,-999.0,-999.0,0,-999.0,-999.0,-999.0,-999.0,-999.0,0,-999.0,-999.0,-999.0,0,0,0.017143067457215135
PSO J223.8989+05.5725,-999,-999,-999,114682238989267538,3496239000026073,65296387827160,0,15189953243897,11468,1,1467,31,0.258421392420699,3496239,15203,3,444674048,7,53,223.89890076,5.57245203,0.0010000000474974513,0.0010000000474974513,223.89889403465844,5.5725039573463615,0.04390700175868359,0.04390700175868359,-146.61035449378446,273.9641128837591,53.833693091404214,53.833693091404214,56194.705443654806,13.968857765197754,-0.7171591912050008,-0.6901110480179906,0.0971052824191336,219.65935782275093,21.321617772039566,2.42102642922937,53.43945867694286,-999,2,5,0,1,4,0,0,-999.0,-999.0,-999.0,-999.0,0,-999.0,-999.0,-999.0,-999.0,-999.0,0,-999.0,-999.0,-999.0,0,16416,0.990788996219635,22.179399490356445,0.19434499740600586,-999.0,1,22.179399490356445,22.179399490356445,21.671199798583984,0.26200398802757263,-999.0,1,21.8080997467041,0.19434499740600586,-999.0,1,16696,0.9988560080528259,21.03529930114746,0.20090100169181824,0.4393270015716553,3,20.942399978637695,21.648500442504883,20.535999298095703,0.15351499617099762,0.32645800709724426,3,20.484500885009766,0.14423799514770508,0.30768200755119324,3,16892216,-999.0,-999.0,-999.0,-999.0,0,-999.0,-999.0,-999.0,-999.0,-999.0,0,-999.0,-999.0,-999.0,0,114720,-999.0,-999.0,-999.0,-999.0,0,-999.0,-999.0,-999.0,-999.0,-999.0,0,-999.0,-999.0,-999.0,0,16416,0.017146777543230986
PSO J223.8988+05.5724,-999,-999,-999,114682238986957260,3496239000026033,65296387827120,0,15189953243898,11468,1,1467,31,0.342178649587723,3496239,15203,3,302067712,5,36,-999.0,-999.0,-999.0,-999.0,223.8988515833179,5.5723766392424166,0.05643278837014138,0.05643278837014138,-1450.1676963127206,2435.9193456568023,918.115834415081,918.115834415081,56350.37480287866,13.312350273132324,-0.7171598580003493,-0.6901106662804722,0.09710307080026657,219.65935661361928,21.321483617456472,2.4208164623146664,53.43941013981293,-999,0,4,0,0,1,2,1,-999.0,-999.0,-999.0,-999.0,0,-999.0,-999.0,-999.0,-999.0,-999.0,0,-999.0,-999.0,-999.0,0,0,-999.0,-999.0,-999.0,-999.0,0,-999.0,-999.0,-999.0,-999.0,-999.0,0,-999.0,-999.0,-999.0,0,0,0.9997360110282898,21.493600845336914,0.18889200687408447,-999.0,1,21.493600845336914,21.493600845336914,21.0935001373291,0.2546670138835907,-999.0,1,21.039899826049805,0.18889200687408447,-999.0,1,280,0.9985349774360657,21.475200653076172,0.027574000880122185,0.07395000010728836,2,21.42770004272461,21.53190040588379,20.830900192260742,0.07483600080013275,0.19367599487304688,2,20.80940055847168,0.03631399944424629,0.051555000245571136,2,16777496,0.7075710296630859,19.449399948120117,0.20250800251960754,-999.0,1,19.449399948120117,19.449399948120117,-999.0,-999.0,-999.0,0,19.672500610351562,0.20250800251960754,-999.0,1,4120,0.01705897506062266
PSO J223.8977+05.5744,-999,-999,-999,114682238977459704,3496239000116933,65296387920093,0,15189953248881,11468,1,1467,31,0.284607555982291,3496239,15203,3,1343750144,0,160,223.8977455,5.57437142,0.0010000000474974513,0.0010000000474974513,223.8977455,5.57437142,0.0010000000474974513,0.0010000000474974513,,,,,56125.39715278,-999.0,-0.717170743824453,-0.6900944770274984,0.09713772170698765,219.6575757478311,21.323044874176368,2.4222226024103,53.4415286657236,-999,1,0,0,0,0,0,0,-999.0,-999.0,-999.0,-999.0,0,-999.0,-999.0,-999.0,-999.0,-999.0,0,-999.0,-999.0,-999.0,0,16416,-999.0,-999.0,-999.0,-999.0,0,-999.0,-999.0,-999.0,-999.0,-999.0,0,-999.0,-999.0,-999.0,0,114720,-999.0,-999.0,-999.0,-999.0,0,-999.0,-999.0,-999.0,-999.0,-999.0,0,-999.0,-999.0,-999.0,0,16416,-999.0,-999.0,-999.0,-999.0,0,-999.0,-999.0,-999.0,-999.0,-999.0,0,-999.0,-999.0,-999.0,0,16416,-999.0,-999.0,-999.0,-999.0,0,-999.0,-999.0,-999.0,-999.0,-999.0,0,-999.0,-999.0,-999.0,0,16416,0.0169513918557219
PSO J223.8972+05.5738,-999,-999,-999,114682238972458998,3496239000025817,65296387826904,0,15189953248958,11468,1,1467,31,0.451638618904761,3496239,15203,3,268959744,0,32,-999.0,-999.0,-999.0,-999.0,223.89722253,5.57378186,0.21152999997138977,0.21152999997138977,,,,,56043.43508102,-999.0,-0.7171777628691764,-0.6900886239885092,0.09712748059951631,219.65723884403766,21.322323762853745,2.420902942765188,53.44155377744136,-999,0,1,0,1,0,0,0,-999.0,-999.0,-999.0,-999.0,0,-999.0,-999.0,-999.0,-999.0,-999.0,0,-999.0,-999.0,-999.0,0,0,0.5838389992713928,21.99020004272461,0.21100099384784698,-999.0,1,21.99020004272461,21.99020004272461,-999.0,-999.0,-999.0,0,22.15999984741211,0.21100099384784698,-999.0,1,4120,-999.0,-999.0,-999.0,-999.0,0,-999.0,-999.0,-999.0,-999.0,-999.0,0,-999.0,-999.0,-999.0,0,0,-999.0,-999.0,-999.0,-999.0,0,-999.0,-999.0,-999.0,-999.0,-999.0,0,-999.0,-999.0,-999.0,0,0,-999.0,-999.0,-999.0,-999.0,0,-999.0,-999.0,-999.0,-999.0,-999.0,0,-999.0,-999.0,-999.0,0,0,0.016207646844321504
PSO J223.8970+05.5713,-999,-999,-999,114682238969746037,3496239000025773,65296387826860,0,15189953245410,11468,1,1467,31,0.600818968937564,3496239,15203,3,268959744,0,32,-999.0,-999.0,-999.0,-999.0,223.89698328,5.57128476,0.31038999557495117,0.31038999557495117,,,,,56822.40097222,-999.0,-0.7171836940826938,-0.6900885636654626,0.09708410395136806,219.6578204189144,21.31987453969575,2.417418465818948,53.44014510576535,-999,0,1,0,0,1,0,0,-999.0,-999.0,-999.0,-999.0,0,-999.0,-999.0,-999.0,-999.0,-999.0,0,-999.0,-999.0,-999.0,0,0,-999.0,-999.0,-999.0,-999.0,0,-999.0,-999.0,-999.0,-999.0,-999.0,0,-999.0,-999.0,-999.0,0,0,0.5868690013885498,20.762699127197266,0.31002798676490784,-999.0,1,20.762699127197266,20.762699127197266,-999.0,-999.0,-999.0,1,-999.0,-999.0,-999.0,0,4112,-999.0,-999.0,-999.0,-999.0,0,-999.0,-999.0,-999.0,-999.0,-999.0,0,-999.0,-999.0,-999.0,0,0,-999.0,-999.0,-999.0,-999.0,0,-999.0,-999.0,-999.0,-999.0,-999.0,0,-999.0,-999.0,-999.0,0,0,0.014927021257916298
PSO J223.8968+05.5728,-999,-999,-999,114682238968177865,3496239000025746,65296387826833,0,15189953245995,11468,1,1467,31,0.835074267196538,3496239,15203,3,268513280,0,32,-999.0,-999.0,-999.0,-999.0,223.8967961,5.57282213,0.022509999573230743,0.022509999573230743,,,,,55757.35329861,-999.0,-0.7171840711559653,-0.6900844142498556,0.09711080933443508,219.6571223495317,21.321280004121217,2.4192073667819916,53.441268840742495,-999,0,1,0,0,0,0,1,-999.0,-999.0,-999.0,-999.0,0,-999.0,-999.0,-999.0,-999.0,-999.0,0,-999.0,-999.0,-999.0,0,0,-999.0,-999.0,-999.0,-999.0,0,-999.0,-999.0,-999.0,-999.0,-999.0,0,-999.0,-999.0,-999.0,0,0,-999.0,-999.0,-999.0,-999.0,0,-999.0,-999.0,-999.0,-999.0,-999.0,0,-999.0,-999.0,-999.0,0,0,-999.0,-999.0,-999.0,-999.0,0,-999.0,-999.0,-999.0,-999.0,-999.0,0,-999.0,-999.0,-999.0,0,0,0.9978709816932678,17.04949951171875,0.01678900048136711,-999.0,1,17.04949951171875,17.04949951171875,17.585599899291992,0.03640099987387657,-999.0,1,17.452699661254883,0.01678900048136711,-999.0,1,16,0.015382516967231197
PSO J223.8967+05.5721,-999,-999,-999,114682238967117015,3496239000025728,65296387826815,0,15189953246145,11468,1,1467,31,0.360981015824695,3496239,15203,3,268959744,0,32,-999.0,-999.0,-999.0,-999.0,223.89671088,5.57211975,0.24528999626636505,0.24528999626636505,,,,,56822.38814815,-999.0,-0.7171859553510004,-0.6900841729016751,0.09709860842403327,219.65726771378317,21.320585601982614,2.418208162083856,53.44088635173497,-999,0,1,0,0,1,0,0,-999.0,-999.0,-999.0,-999.0,0,-999.0,-999.0,-999.0,-999.0,-999.0,0,-999.0,-999.0,-999.0,0,0,-999.0,-999.0,-999.0,-999.0,0,-999.0,-999.0,-999.0,-999.0,-999.0,0,-999.0,-999.0,-999.0,0,0,0.7455270290374756,21.16830062866211,0.24483199417591095,-999.0,1,21.16830062866211,21.16830062866211,-999.0,-999.0,-999.0,1,23.8700008392334,0.24483199417591095,-999.0,1,4120,-999.0,-999.0,-999.0,-999.0,0,-999.0,-999.0,-999.0,-999.0,-999.0,0,-999.0,-999.0,-999.0,0,0,-999.0,-999.0,-999.0,-999.0,0,-999.0,-999.0,-999.0,-999.0,-999.0,0,-999.0,-999.0,-999.0,0,0,0.015001751041998614
PSO J223.8966+05.5684,-999,-999,-999,114682238966072580,3496239000025712,65296387826799,0,15189953279986,11468,1,1467,31,0.682608462574527,3496239,15203,3,268959744,0,32,-999.0,-999.0,-999.0,-999.0,223.89661658,5.56840655,0.237869992852211,0.237869992852211,,,,,56822.40097222,-999.0,-0.7171916241031039,-0.6900873541931682,0.09703410688528538,219.6583982875563,21.317023662916693,2.413305586483217,53.4385910369635,-999,0,1,0,0,1,0,0,-999.0,-999.0,-999.0,-999.0,0,-999.0,-999.0,-999.0,-999.0,-999.0,0,-999.0,-999.0,-999.0,0,0,-999.0,-999.0,-999.0,-999.0,0,-999.0,-999.0,-999.0,-999.0,-999.0,0,-999.0,-999.0,-999.0,0,0,0.665893018245697,20.57830047607422,0.2373950034379959,-999.0,1,20.57830047607422,20.57830047607422,-999.0,-999.0,-999.0,1,21.430299758911133,0.2373950034379959,-999.0,1,4112,-999.0,-999.0,-999.0,-999.0,0,-999.0,-999.0,-999.0,-999.0,-999.0,0,-999.0,-999.0,-999.0,0,0,-999.0,-999.0,-999.0,-999.0,0,-999.0,-999.0,-999.0,-999.0,-999.0,0,-999.0,-999.0,-999.0,0,0,0.013784388651173915
PSO J223.8964+05.5695,-999,-999,-999,114682238964443862,3496239000025693,65296387826780,0,15189953279205,11468,1,1467,31,0.461252125409667,3496239,15203,3,268959744,0,32,-999.0,-999.0,-999.0,-999.0,223.89644349,5.56949421,0.2936300039291382,0.2936300039291382,,,,,56822.38814815,-999.0,-0.7171923813672179,-0.6900839102572658,0.0970530005350737,219.65786309482115,21.318005551566213,2.414527744096314,53.43941728137585,-999,0,1,0,0,1,0,0,-999.0,-999.0,-999.0,-999.0,0,-999.0,-999.0,-999.0,-999.0,-999.0,0,-999.0,-999.0,-999.0,0,0,-999.0,-999.0,-999.0,-999.0,0,-999.0,-999.0,-999.0,-999.0,-999.0,0,-999.0,-999.0,-999.0,0,0,0.7751280069351196,21.3976993560791,0.2932490110397339,-999.0,1,21.3976993560791,21.3976993560791,-999.0,-999.0,-999.0,1,-999.0,-999.0,-999.0,0,4120,-999.0,-999.0,-999.0,-999.0,0,-999.0,-999.0,-999.0,-999.0,-999.0,0,-999.0,-999.0,-999.0,0,0,-999.0,-999.0,-999.0,-999.0,0,-999.0,-999.0,-999.0,-999.0,-999.0,0,-999.0,-999.0,-999.0,0,0,0.01385752320494933
PSO J223.8965+05.5668,-999,-999,-999,114682238964410606,3496239000025691,65296387826778,0,15189953281878,11468,1,1467,31,0.35811351924959,3496239,15203,3,268959744,0,32,-999.0,-999.0,-999.0,-999.0,223.89645069,5.56676317,0.23367999494075775,0.23367999494075775,,,,,56822.40097222,-999.0,-0.7171956273694092,-0.6900872071334857,0.09700555980409083,219.6587724281682,21.315409204917703,2.4110037075336175,53.43767030425745,-999,0,1,0,0,1,0,0,-999.0,-999.0,-999.0,-999.0,0,-999.0,-999.0,-999.0,-999.0,-999.0,0,-999.0,-999.0,-999.0,0,0,-999.0,-999.0,-999.0,-999.0,0,-999.0,-999.0,-999.0,-999.0,-999.0,0,-999.0,-999.0,-999.0,0,0,0.6639360189437866,20.550399780273438,0.23319700360298157,-999.0,1,20.550399780273438,20.550399780273438,-999.0,-999.0,-999.0,1,22.350099563598633,0.23319700360298157,-999.0,1,4112,-999.0,-999.0,-999.0,-999.0,0,-999.0,-999.0,-999.0,-999.0,-999.0,0,-999.0,-999.0,-999.0,0,0,-999.0,-999.0,-999.0,-999.0,0,-999.0,-999.0,-999.0,-999.0,-999.0,0,-999.0,-999.0,-999.0,0,0,0.013415840241212229
PSO J223.8962+05.5728,-999,-999,-999,114682238962497813,3496239000025661,65296387826748,0,15189953245971,11468,1,1467,31,0.355293277050642,3496239,15203,3,268959744,0,32,-999.0,-999.0,-999.0,-999.0,223.89623015,5.57279555,0.22644999623298645,0.22644999623298645,,,,,56317.67460648,-999.0,-0.717190920024706,-0.690077361329527,0.09711034761853789,219.65655580414102,21.32108139662205,2.4185700498253677,53.44168582844146,-999,0,1,0,0,0,0,1,-999.0,-999.0,-999.0,-999.0,0,-999.0,-999.0,-999.0,-999.0,-999.0,0,-999.0,-999.0,-999.0,0,0,-999.0,-999.0,-999.0,-999.0,0,-999.0,-999.0,-999.0,-999.0,-999.0,0,-999.0,-999.0,-999.0,0,0,-999.0,-999.0,-999.0,-999.0,0,-999.0,-999.0,-999.0,-999.0,-999.0,0,-999.0,-999.0,-999.0,0,0,-999.0,-999.0,-999.0,-999.0,0,-999.0,-999.0,-999.0,-999.0,-999.0,0,-999.0,-999.0,-999.0,0,0,0.6657860279083252,20.158700942993164,0.2259570062160492,-999.0,1,20.158700942993164,20.158700942993164,-999.0,-999.0,-999.0,0,20.35260009765625,0.2259570062160492,-999.0,1,4120,0.01486951524516685
PSO J223.8963+05.5689,-999,-999,-999,114682238962443143,3496239000116914,65296387920074,0,15189953279911,11468,1,1467,31,0.0325129302521357,3496239,15203,3,1343750144,0,160,223.89626789,5.56891822,0.0010000000474974513,0.0010000000474974513,223.89626789,5.56891822,0.0010000000474974513,0.0010000000474974513,,,,,55878.17760417,-999.0,-0.7171951993569721,-0.6900823886522197,0.097042995065898,219.65787483097915,21.317403729425493,2.4135957810103754,53.43918463984172,-999,1,0,0,0,0,0,0,-999.0,-999.0,-999.0,-999.0,0,-999.0,-999.0,-999.0,-999.0,-999.0,0,-999.0,-999.0,-999.0,0,114720,-999.0,-999.0,-999.0,-999.0,0,-999.0,-999.0,-999.0,-999.0,-999.0,0,-999.0,-999.0,-999.0,0,16416,-999.0,-999.0,-999.0,-999.0,0,-999.0,-999.0,-999.0,-999.0,-999.0,0,-999.0,-999.0,-999.0,0,16416,-999.0,-999.0,-999.0,-999.0,0,-999.0,-999.0,-999.0,-999.0,-999.0,0,-999.0,-999.0,-999.0,0,16416,-999.0,-999.0,-999.0,-999.0,0,-999.0,-999.0,-999.0,-999.0,-999.0,0,-999.0,-999.0,-999.0,0,16416,0.013548514215629507
PSO J223.8962+05.5697,-999,-999,-999,114682238961704139,3496239000116911,65296387920071,0,15189953279200,11468,1,1467,31,0.0825766577223098,3496239,15203,3,1343750144,0,160,223.89617052,5.56973297,0.0010000000474974513,0.0010000000474974513,223.89617052,5.56973297,0.0010000000474974513,0.0010000000474974513,,,,,55940.11799769,-999.0,-0.7171953776337715,-0.6900802129614277,0.0970571480101412,219.6575067471214,21.318149134990453,2.414545695249079,53.43977880970598,-999,1,0,0,0,0,0,0,-999.0,-999.0,-999.0,-999.0,0,-999.0,-999.0,-999.0,-999.0,-999.0,0,-999.0,-999.0,-999.0,0,114720,-999.0,-999.0,-999.0,-999.0,0,-999.0,-999.0,-999.0,-999.0,-999.0,0,-999.0,-999.0,-999.0,0,16416,-999.0,-999.0,-999.0,-999.0,0,-999.0,-999.0,-999.0,-999.0,-999.0,0,-999.0,-999.0,-999.0,0,16416,-999.0,-999.0,-999.0,-999.0,0,-999.0,-999.0,-999.0,-999.0,-999.0,0,-999.0,-999.0,-999.0,0,16416,-999.0,-999.0,-999.0,-999.0,0,-999.0,-999.0,-999.0,-999.0,-999.0,0,-999.0,-999.0,-999.0,0,16416,0.013660654534258593
PSO J223.8959+05.5671,-999,-999,-999,114682238958580966,3496239000116905,65296387920065,0,15189953281220,11468,1,1467,31,0.0845818604199047,3496239,15203,3,1343750144,0,160,223.89585681,5.56708902,0.0010000000474974513,0.0010000000474974513,223.89585681,5.56708902,0.0010000000474974513,0.0010000000474974513,,,,,55940.11799769,-999.0,-0.7172023826391409,-0.6900793907257303,0.09701122013635272,219.65806110483092,21.315537381180494,2.4107923388446015,53.438333402370276,-999,1,0,0,0,0,0,0,-999.0,-999.0,-999.0,-999.0,0,-999.0,-999.0,-999.0,-999.0,-999.0,0,-999.0,-999.0,-999.0,0,114720,-999.0,-999.0,-999.0,-999.0,0,-999.0,-999.0,-999.0,-999.0,-999.0,0,-999.0,-999.0,-999.0,0,16416,-999.0,-999.0,-999.0,-999.0,0,-999.0,-999.0,-999.0,-999.0,-999.0,0,-999.0,-999.0,-999.0,0,16416,-999.0,-999.0,-999.0,-999.0,0,-999.0,-999.0,-999.0,-999.0,-999.0,0,-999.0,-999.0,-999.0,0,16416,-999.0,-999.0,-999.0,-999.0,0,-999.0,-999.0,-999.0,-999.0,-999.0,0,-999.0,-999.0,-999.0,0,16416,0.0128524200965304
PSO J223.8959+05.5717,-999,-999,-999,114682238958546519,3496239000116904,65296387920064,0,15189953245319,11468,1,1467,31,0.0709196823378277,3496239,15203,3,1343750144,0,160,223.89585412,5.5717165,0.0010000000474974513,0.0010000000474974513,223.89585412,5.5717165,0.0010000000474974513,0.0010000000474974513,,,,,55940.11799769,-999.0,-0.7171967667242406,-0.690073922346972,0.09709160363780527,219.65652995884113,21.31993954085345,2.41677385946088,53.441286138759686,-999,1,0,0,0,0,0,0,-999.0,-999.0,-999.0,-999.0,0,-999.0,-999.0,-999.0,-999.0,-999.0,0,-999.0,-999.0,-999.0,0,114720,-999.0,-999.0,-999.0,-999.0,0,-999.0,-999.0,-999.0,-999.0,-999.0,0,-999.0,-999.0,-999.0,0,16416,-999.0,-999.0,-999.0,-999.0,0,-999.0,-999.0,-999.0,-999.0,-999.0,0,-999.0,-999.0,-999.0,0,16416,-999.0,-999.0,-999.0,-999.0,0,-999.0,-999.0,-999.0,-999.0,-999.0,0,-999.0,-999.0,-999.0,0,16416,-999.0,-999.0,-999.0,-999.0,0,-999.0,-999.0,-999.0,-999.0,-999.0,0,-999.0,-999.0,-999.0,0,16416,0.014058586883687352
PSO J223.8995+05.5954,-999,-999,-999,114712238994154859,3496239000026134,65296387827221,0,15189956807005,11471,1,1467,31,0.170168741764658,3496239,15203,3,268959744,0,32,-999.0,-999.0,-999.0,-999.0,223.89949501,5.59541857,0.11396999657154083,0.11396999657154083,,,,,55367.80084491,-999.0,-0.7171239117913218,-0.690091586472384,0.0975033200313746,219.65240151750524,21.343606608007747,2.4513170176193126,53.45360239508152,-999,0,2,0,1,0,1,0,-999.0,-999.0,-999.0,-999.0,0,-999.0,-999.0,-999.0,-999.0,-999.0,0,-999.0,-999.0,-999.0,0,0,0.5530120134353638,20.54840087890625,0.19528000056743622,-999.0,1,20.54840087890625,20.54840087890625,-999.0,-999.0,-999.0,0,19.933700561523438,0.19528000056743622,-999.0,1,16781328,-999.0,-999.0,-999.0,-999.0,0,-999.0,-999.0,-999.0,-999.0,-999.0,0,-999.0,-999.0,-999.0,0,0,0.6349650025367737,19.789899826049805,0.13933099806308746,-999.0,1,19.789899826049805,19.789899826049805,-999.0,-999.0,-999.0,0,19.523000717163086,0.13933099806308746,-999.0,1,4112,-999.0,-999.0,-999.0,-999.0,0,-999.0,-999.0,-999.0,-999.0,-999.0,0,-999.0,-999.0,-999.0,0,0,0.03378708061003184
PSO J223.8998+05.5928,-999,-999,-999,114712238998121851,3496239000026177,65296387827264,0,15189956779139,11471,1,1467,31,0.299949640687508,3496239,15203,3,277348352,0,33,-999.0,-999.0,-999.0,-999.0,223.89978919,5.59283129,0.12812000513076782,0.12812000513076782,,,,,55305.53513889,-999.0,-0.7171235403736724,-0.6900983207445333,0.09745837853927708,219.6535553865764,21.341234968651168,2.4482819974400534,53.45172800104817,-999,0,1,1,0,0,0,0,0.5591220259666443,20.923599243164062,0.12724100053310394,-999.0,1,20.923599243164062,20.923599243164062,-999.0,-999.0,-999.0,0,20.308300018310547,0.12724100053310394,-999.0,1,16781336,-999.0,-999.0,-999.0,-999.0,0,-999.0,-999.0,-999.0,-999.0,-999.0,0,-999.0,-999.0,-999.0,0,0,-999.0,-999.0,-999.0,-999.0,0,-999.0,-999.0,-999.0,-999.0,-999.0,0,-999.0,-999.0,-999.0,0,0,-999.0,-999.0,-999.0,-999.0,0,-999.0,-999.0,-999.0,-999.0,-999.0,0,-999.0,-999.0,-999.0,0,0,-999.0,-999.0,-999.0,-999.0,0,-999.0,-999.0,-999.0,-999.0,-999.0,0,-999.0,-999.0,-999.0,0,0,0.03170415285275911
PSO J223.9001+05.5956,-999,-999,-999,114712239001505215,3496239000026218,65296387827305,0,15189956808120,11471,1,1467,31,0.19656571019121,3496239,15203,3,277348352,0,33,-999.0,-999.0,-999.0,-999.0,223.90013676,5.59562859,0.10760000348091125,0.10760000348091125,,,,,55401.30572917,-999.0,-0.7171159247407835,-0.690099370854673,0.0975069681056459,219.65298457892348,21.344002978696288,2.4522723096300534,53.45324400753137,-999,0,1,0,0,0,0,1,-999.0,-999.0,-999.0,-999.0,0,-999.0,-999.0,-999.0,-999.0,-999.0,0,-999.0,-999.0,-999.0,0,0,-999.0,-999.0,-999.0,-999.0,0,-999.0,-999.0,-999.0,-999.0,-999.0,0,-999.0,-999.0,-999.0,0,0,-999.0,-999.0,-999.0,-999.0,0,-999.0,-999.0,-999.0,-999.0,-999.0,0,-999.0,-999.0,-999.0,0,0,-999.0,-999.0,-999.0,-999.0,0,-999.0,-999.0,-999.0,-999.0,-999.0,0,-999.0,-999.0,-999.0,0,0,0.6331319808959961,18.944799423217773,0.10654699802398682,-999.0,1,18.944799423217773,18.944799423217773,18.823400497436523,0.0854950025677681,-999.0,1,18.579500198364258,0.10654699802398682,-999.0,1,16781328,0.03428401840075094
PSO J223.9007+05.5931,-999,-999,-999,114712239006692198,3496239000026303,65296387827390,0,15189956779614,11471,1,1467,31,0.36639153712093,3496239,15203,3,277348352,0,33,-999.0,-999.0,-999.0,-999.0,223.90065012,5.59312528,0.11262000352144241,0.11262000352144241,,,,,55305.54534722,-999.0,-0.7171128105016886,-0.6901087494489427,0.09746348520541254,219.65433353544708,21.341778356495773,2.449579374575936,53.451255040647354,-999,0,1,1,0,0,0,0,0.7252609729766846,21.032800674438477,0.11161699891090393,-999.0,1,21.032800674438477,21.032800674438477,20.161699295043945,0.07373599708080292,-999.0,1,20.189800262451172,0.11161699891090393,-999.0,1,16781336,-999.0,-999.0,-999.0,-999.0,0,-999.0,-999.0,-999.0,-999.0,-999.0,0,-999.0,-999.0,-999.0,0,0,-999.0,-999.0,-999.0,-999.0,0,-999.0,-999.0,-999.0,-999.0,-999.0,0,-999.0,-999.0,-999.0,0,0,-999.0,-999.0,-999.0,-999.0,0,-999.0,-999.0,-999.0,-999.0,-999.0,0,-999.0,-999.0,-999.0,0,0,-999.0,-999.0,-999.0,-999.0,0,-999.0,-999.0,-999.0,-999.0,-999.0,0,-999.0,-999.0,-999.0,0,0,0.03241066593408717
PSO J223.9009+05.5944,-999,-999,-999,114712239009163785,3496239000026345,65296387827432,0,15189956779520,11471,1,1467,31,0.646175651481539,3496239,15203,3,1384198144,0,165,223.90101994,5.5944491,0.0010000000474974513,0.0010000000474974513,223.90088435,5.5944305,0.07299000024795532,0.07299000024795532,,,,,56785.40225694,-999.0,-0.7171083893025361,-0.6901101413278603,0.09748615711147539,219.6541404585575,21.34309197769599,2.451517955532161,53.45190714203537,-999,2,1,0,0,1,0,0,-999.0,-999.0,-999.0,-999.0,0,-999.0,-999.0,-999.0,-999.0,-999.0,0,-999.0,-999.0,-999.0,0,16416,-999.0,-999.0,-999.0,-999.0,0,-999.0,-999.0,-999.0,-999.0,-999.0,0,-999.0,-999.0,-999.0,0,16416,0.0,20.560300827026367,0.07143300026655197,-999.0,1,20.560300827026367,20.560300827026367,19.60919952392578,0.0728989988565445,-999.0,1,19.923099517822266,0.07143300026655197,-999.0,1,16892472,-999.0,-999.0,-999.0,-999.0,0,-999.0,-999.0,-999.0,-999.0,-999.0,0,-999.0,-999.0,-999.0,0,16416,-999.0,-999.0,-999.0,-999.0,0,-999.0,-999.0,-999.0,-999.0,-999.0,0,-999.0,-999.0,-999.0,0,16416,0.03363777643630509
PSO J223.9009+05.5935,-999,-999,-999,114712239009462634,3496239000026348,65296387827435,0,15189956779773,11471,1,1467,31,0.594290972309458,3496239,15203,3,268959744,0,32,-999.0,-999.0,-999.0,-999.0,223.90093235,5.59347785,0.15015999972820282,0.15015999972820282,,,,,55401.30572917,-999.0,-0.7171089789740395,-0.6901118659430217,0.0974696094146868,219.6545039898056,21.34220025249337,2.4503362182816235,53.451263253174,-999,0,1,0,0,0,0,1,-999.0,-999.0,-999.0,-999.0,0,-999.0,-999.0,-999.0,-999.0,-999.0,0,-999.0,-999.0,-999.0,0,0,-999.0,-999.0,-999.0,-999.0,0,-999.0,-999.0,-999.0,-999.0,-999.0,0,-999.0,-999.0,-999.0,0,0,-999.0,-999.0,-999.0,-999.0,0,-999.0,-999.0,-999.0,-999.0,-999.0,0,-999.0,-999.0,-999.0,0,0,-999.0,-999.0,-999.0,-999.0,0,-999.0,-999.0,-999.0,-999.0,-999.0,0,-999.0,-999.0,-999.0,0,0,0.6631919741630554,19.376699447631836,0.14940999448299408,-999.0,1,19.376699447631836,19.376699447631836,-999.0,-999.0,-999.0,0,19.204099655151367,0.14940999448299408,-999.0,1,4112,0.03285922981820393
PSO J223.9010+05.5955,-999,-999,-999,114712239010435050,3496239000026371,65296387827458,0,15189956808182,11471,1,1467,31,0.968053876392593,3496239,15203,3,277348352,0,33,-999.0,-999.0,-999.0,-999.0,223.90102051,5.59549633,0.0662200003862381,0.0662200003862381,,,,,55305.53513889,-999.0,-0.7171054425018202,-0.6901105878912315,0.09750467073267645,219.6539267615005,21.344147790075894,2.4530423340759615,53.452481888754264,-999,0,1,1,0,0,0,0,0.7690420150756836,20.3927001953125,0.06449399888515472,-999.0,1,20.3927001953125,20.3927001953125,20.096500396728516,0.05029299855232239,-999.0,1,19.80340003967285,0.06449399888515472,-999.0,1,16781336,-999.0,-999.0,-999.0,-999.0,0,-999.0,-999.0,-999.0,-999.0,-999.0,0,-999.0,-999.0,-999.0,0,0,-999.0,-999.0,-999.0,-999.0,0,-999.0,-999.0,-999.0,-999.0,-999.0,0,-999.0,-999.0,-999.0,0,0,-999.0,-999.0,-999.0,-999.0,0,-999.0,-999.0,-999.0,-999.0,-999.0,0,-999.0,-999.0,-999.0,0,0,-999.0,-999.0,-999.0,-999.0,0,-999.0,-999.0,-999.0,-999.0,-999.0,0,-999.0,-999.0,-999.0,0,0,0.03461677191996771
PSO J223.9010+05.5950,-999,-999,-999,114712239010584458,3496239000026372,65296387827459,0,15189956807962,11471,1,1467,31,0.768221364140717,3496239,15203,3,277348352,0,33,-999.0,-999.0,-999.0,-999.0,223.90103864,5.59500793,0.07095000147819519,0.07095000147819519,,,,,55305.54534722,-999.0,-0.717105822979561,-0.6901113911090078,0.09749618715824984,219.6541065511247,21.343688641028294,2.452429562826463,53.452156761004524,-999,0,1,1,0,0,0,0,0.6277570128440857,20.210500717163086,0.06934600323438644,-999.0,1,20.210500717163086,20.210500717163086,19.73579978942871,0.04278700053691864,-999.0,1,19.353700637817383,0.06934600323438644,-999.0,1,16781336,-999.0,-999.0,-999.0,-999.0,0,-999.0,-999.0,-999.0,-999.0,-999.0,0,-999.0,-999.0,-999.0,0,0,-999.0,-999.0,-999.0,-999.0,0,-999.0,-999.0,-999.0,-999.0,-999.0,0,-999.0,-999.0,-999.0,0,0,-999.0,-999.0,-999.0,-999.0,0,-999.0,-999.0,-999.0,-999.0,-999.0,0,-999.0,-999.0,-999.0,0,0,-999.0,-999.0,-999.0,-999.0,0,-999.0,-999.0,-999.0,-999.0,-999.0,0,-999.0,-999.0,-999.0,0,0,0.03420944101347902
PSO J223.9011+05.5913,-999,-999,-999,114712239011350045,3496239000026383,65296387827470,0,15189956778318,11471,1,1467,31,0.91309506996823,3496239,15203,3,310456320,0,37,-999.0,-999.0,-999.0,-999.0,223.90111129,5.5913176,0.15800000727176666,0.15800000727176666,,,,,55305.54534722,-999.0,-0.7171094711127168,-0.6901166533101237,0.09743208539528382,219.6553995872561,21.340199620344684,2.4477312702699674,53.44974935336974,-999,0,1,1,0,0,0,0,0.9990310072898865,21.527099609375,0.15728400647640228,-999.0,1,21.527099609375,21.527099609375,19.96339988708496,0.10259100049734116,-999.0,1,20.28860092163086,0.15728400647640228,-999.0,1,16777496,-999.0,-999.0,-999.0,-999.0,0,-999.0,-999.0,-999.0,-999.0,-999.0,0,-999.0,-999.0,-999.0,0,0,-999.0,-999.0,-999.0,-999.0,0,-999.0,-999.0,-999.0,-999.0,-999.0,0,-999.0,-999.0,-999.0,0,0,-999.0,-999.0,-999.0,-999.0,0,-999.0,-999.0,-999.0,-999.0,-999.0,0,-999.0,-999.0,-999.0,0,0,-999.0,-999.0,-999.0,-999.0,0,-999.0,-999.0,-999.0,-999.0,-999.0,0,-999.0,-999.0,-999.0,0,0,0.031170235658215428
PSO J223.9013+05.5948,-999,-999,-999,114712239013434262,3496239000026414,65296387827501,0,15189956805174,11471,1,1467,31,0.872160416908712,3496239,15203,3,310456320,0,37,-999.0,-999.0,-999.0,-999.0,223.90130735,5.5948274,0.11288999766111374,0.11288999766111374,,,,,56785.37768519,-999.0,-0.7171028077774438,-0.6901149672488568,0.09749305132580291,219.6544393846502,21.343599163831293,2.4524820988101323,53.451835620736226,-999,0,1,0,0,1,0,0,-999.0,-999.0,-999.0,-999.0,0,-999.0,-999.0,-999.0,-999.0,-999.0,0,-999.0,-999.0,-999.0,0,0,-999.0,-999.0,-999.0,-999.0,0,-999.0,-999.0,-999.0,-999.0,-999.0,0,-999.0,-999.0,-999.0,0,0,0.0,21.050899505615234,0.11188700050115585,-999.0,1,21.050899505615234,21.050899505615234,19.963499069213867,0.10542699694633484,-999.0,1,20.211299896240234,0.11188700050115585,-999.0,1,16777752,-999.0,-999.0,-999.0,-999.0,0,-999.0,-999.0,-999.0,-999.0,-999.0,0,-999.0,-999.0,-999.0,0,0,-999.0,-999.0,-999.0,-999.0,0,-999.0,-999.0,-999.0,-999.0,-999.0,0,-999.0,-999.0,-999.0,0,0,0.03419764146633086
PSO J223.9015+05.5927,-999,-999,-999,114712239015081739,3496239000026436,65296387827523,0,15189956779831,11471,1,1467,31,0.888885406673779,3496239,15203,3,268959744,0,32,-999.0,-999.0,-999.0,-999.0,223.90151681,5.59271382,0.26061999797821045,0.26061999797821045,,,,,56822.37528935,-999.0,-0.7171028757197923,-0.6901200821641061,0.09745633806075106,219.65535060292055,21.341652284650987,2.4499699387549287,53.450328099515104,-999,0,1,0,0,1,0,0,-999.0,-999.0,-999.0,-999.0,0,-999.0,-999.0,-999.0,-999.0,-999.0,0,-999.0,-999.0,-999.0,0,0,-999.0,-999.0,-999.0,-999.0,0,-999.0,-999.0,-999.0,-999.0,-999.0,0,-999.0,-999.0,-999.0,0,0,0.7682449817657471,21.38629913330078,0.2601870000362396,-999.0,1,21.38629913330078,21.38629913330078,-999.0,-999.0,-999.0,1,21.279399871826172,0.2601870000362396,-999.0,1,4120,-999.0,-999.0,-999.0,-999.0,0,-999.0,-999.0,-999.0,-999.0,-999.0,0,-999.0,-999.0,-999.0,0,0,-999.0,-999.0,-999.0,-999.0,0,-999.0,-999.0,-999.0,-999.0,-999.0,0,-999.0,-999.0,-999.0,0,0,0.032546211854348944
PSO J223.9015+05.5920,-999,-999,-999,114712239015210885,3496239000117007,65296387920167,0,15189956779433,11471,1,1467,31,0.675269446964627,3496239,15203,3,404226048,0,48,223.90151828,5.59201757,0.0010000000474974513,0.0010000000474974513,223.90151828,5.59201757,0.0010000000474974513,0.0010000000474974513,,,,,55995.96274306,-999.0,-0.7171037112699994,-0.6901209217126442,0.09744424404388227,219.65558211405377,21.340990267099706,2.449070509831801,53.44988327768494,-999,2,0,0,0,0,0,0,-999.0,-999.0,-999.0,-999.0,0,-999.0,-999.0,-999.0,-999.0,-999.0,0,-999.0,-999.0,-999.0,0,16416,-999.0,-999.0,-999.0,-999.0,0,-999.0,-999.0,-999.0,-999.0,-999.0,0,-999.0,-999.0,-999.0,0,16416,-999.0,-999.0,-999.0,-999.0,0,-999.0,-999.0,-999.0,-999.0,-999.0,0,-999.0,-999.0,-999.0,0,114720,-999.0,-999.0,-999.0,-999.0,0,-999.0,-999.0,-999.0,-999.0,-999.0,0,-999.0,-999.0,-999.0,0,16416,-999.0,-999.0,-999.0,-999.0,0,-999.0,-999.0,-999.0,-999.0,-999.0,0,-999.0,-999.0,-999.0,0,16416,0.031975616433523764
PSO J223.9016+05.5914,-999,-999,-999,114712239015990111,3496239000117009,65296387920169,0,15189956778348,11471,1,1467,31,0.917399688546918,3496239,15203,3,1343750144,0,160,223.90159919,5.59137998,0.0010000000474974513,0.0010000000474974513,223.90159919,5.59137998,0.0010000000474974513,0.0010000000474974513,,,,,55995.96274306,-999.0,-0.7171035179920904,-0.6901226862460162,0.09743316895159726,219.65587500767643,21.340408391199027,2.4483316114149987,53.44941490378234,-999,2,0,0,0,0,0,0,-999.0,-999.0,-999.0,-999.0,0,-999.0,-999.0,-999.0,-999.0,-999.0,0,-999.0,-999.0,-999.0,0,114720,-999.0,-999.0,-999.0,-999.0,0,-999.0,-999.0,-999.0,-999.0,-999.0,0,-999.0,-999.0,-999.0,0,16416,-999.0,-999.0,-999.0,-999.0,0,-999.0,-999.0,-999.0,-999.0,-999.0,0,-999.0,-999.0,-999.0,0,16416,-999.0,-999.0,-999.0,-999.0,0,-999.0,-999.0,-999.0,-999.0,-999.0,0,-999.0,-999.0,-999.0,0,16416,-999.0,-999.0,-999.0,-999.0,0,-999.0,-999.0,-999.0,-999.0,-999.0,0,-999.0,-999.0,-999.0,0,16416,0.03150399698164579
PSO J223.9023+05.5946,-999,-999,-999,114712239022853934,3496239000026551,65296387827638,0,15189956805222,11471,1,1467,31,0.0330724083195184,3496239,15203,3,310456320,0,37,-999.0,-999.0,-999.0,-999.0,223.90225237,5.59455123,0.03215000033378601,0.03215000033378601,,,,,56787.38965278,-999.0,-0.7170917637064699,-0.6901271206924774,0.09748825421072524,219.6554914025724,21.34362580559872,2.4531311064063646,53.45093480311157,-999,0,1,0,0,1,0,0,-999.0,-999.0,-999.0,-999.0,0,-999.0,-999.0,-999.0,-999.0,-999.0,0,-999.0,-999.0,-999.0,0,0,-999.0,-999.0,-999.0,-999.0,0,-999.0,-999.0,-999.0,-999.0,-999.0,0,-999.0,-999.0,-999.0,0,0,0.0,19.556800842285156,0.028432000428438187,-999.0,1,19.556800842285156,19.556800842285156,19.458099365234375,0.05346300080418587,-999.0,1,19.331899642944336,0.028432000428438187,-999.0,1,16777752,-999.0,-999.0,-999.0,-999.0,0,-999.0,-999.0,-999.0,-999.0,-999.0,0,-999.0,-999.0,-999.0,0,0,-999.0,-999.0,-999.0,-999.0,0,-999.0,-999.0,-999.0,-999.0,-999.0,0,-999.0,-999.0,-999.0,0,0,0.03447796087996438
PSO J223.9026+05.5956,-999,-999,-999,114712239025765159,3496239000117022,65296387920182,0,15189956805399,11471,1,1467,31,0.682130358817177,3496239,15203,3,1343750144,0,160,223.90257609,5.59558749,0.0010000000474974513,0.0010000000474974513,223.90257609,5.59558749,0.0010000000474974513,0.0010000000474974513,,,,,55995.96274306,-999.0,-0.7170865939619714,-0.6901299494683398,0.0975062541934904,219.6554781698169,21.34471092373476,2.4548169392989383,53.45134682701587,-999,2,0,0,0,0,0,0,-999.0,-999.0,-999.0,-999.0,0,-999.0,-999.0,-999.0,-999.0,-999.0,0,-999.0,-999.0,-999.0,0,114720,-999.0,-999.0,-999.0,-999.0,0,-999.0,-999.0,-999.0,-999.0,-999.0,0,-999.0,-999.0,-999.0,0,16416,-999.0,-999.0,-999.0,-999.0,0,-999.0,-999.0,-999.0,-999.0,-999.0,0,-999.0,-999.0,-999.0,0,16416,-999.0,-999.0,-999.0,-999.0,0,-999.0,-999.0,-999.0,-999.0,-999.0,0,-999.0,-999.0,-999.0,0,16416,-999.0,-999.0,-999.0,-999.0,0,-999.0,-999.0,-999.0,-999.0,-999.0,0,-999.0,-999.0,-999.0,0,16416,0.0355198362172948
PSO J223.9032+05.5934,-999,-999,-999,114712239032392597,3496239000026689,65296387827776,0,15189956776904,11471,1,1467,31,0.472373611733665,3496239,15203,3,310456320,0,37,-999.0,-999.0,-999.0,-999.0,223.90320858,5.59344326,0.12814000248908997,0.12814000248908997,,,,,56398.55810185,-999.0,-0.7170816042426258,-0.6901403952988732,0.097469008579842,219.65682959499566,21.342864427317004,2.4527155652235297,53.449495355724515,-999,0,1,0,0,1,0,0,-999.0,-999.0,-999.0,-999.0,0,-999.0,-999.0,-999.0,-999.0,-999.0,0,-999.0,-999.0,-999.0,0,0,-999.0,-999.0,-999.0,-999.0,0,-999.0,-999.0,-999.0,-999.0,-999.0,0,-999.0,-999.0,-999.0,0,0,0.09045600146055222,21.292600631713867,0.12726199626922607,-999.0,1,21.292600631713867,21.292600631713867,20.72610092163086,0.17049799859523773,-999.0,1,20.60689926147461,0.12726199626922607,-999.0,1,16777752,-999.0,-999.0,-999.0,-999.0,0,-999.0,-999.0,-999.0,-999.0,-999.0,0,-999.0,-999.0,-999.0,0,0,-999.0,-999.0,-999.0,-999.0,0,-999.0,-999.0,-999.0,-999.0,-999.0,0,-999.0,-999.0,-999.0,0,0,0.0341147815741398
PSO J223.9033+05.5923,-999,-999,-999,114712239032781222,3496239000026695,65296387827782,0,15189956776685,11471,1,1467,31,0.745955855349038,3496239,15203,3,268959744,0,32,-999.0,-999.0,-999.0,-999.0,223.9032627,5.59230071,0.23628999292850494,0.23628999292850494,,,,,55399.26950231,-999.0,-0.7170823526381698,-0.6901424203102159,0.09744916225019463,219.65726207018201,21.341793885404236,2.4512946580895627,53.448725769043214,-999,0,1,0,0,0,1,0,-999.0,-999.0,-999.0,-999.0,0,-999.0,-999.0,-999.0,-999.0,-999.0,0,-999.0,-999.0,-999.0,0,0,-999.0,-999.0,-999.0,-999.0,0,-999.0,-999.0,-999.0,-999.0,-999.0,0,-999.0,-999.0,-999.0,0,0,-999.0,-999.0,-999.0,-999.0,0,-999.0,-999.0,-999.0,-999.0,-999.0,0,-999.0,-999.0,-999.0,0,0,0.6617050170898438,18.065500259399414,0.23581700026988983,-999.0,1,18.065500259399414,18.065500259399414,-999.0,-999.0,-999.0,0,17.914899826049805,0.23581700026988983,-999.0,1,4112,-999.0,-999.0,-999.0,-999.0,0,-999.0,-999.0,-999.0,-999.0,-999.0,0,-999.0,-999.0,-999.0,0,0,0.03323142503656344
PSO J223.9033+05.5929,-999,-999,-999,114712239033501885,3496239000026703,65296387827790,0,15189956776540,11471,1,1467,31,0.42649060434335,3496239,15203,3,268959744,0,32,-999.0,-999.0,-999.0,-999.0,223.90332766,5.59285971,0.24637000262737274,0.24637000262737274,,,,,55305.53513889,-999.0,-0.7170808851164702,-0.6901425739874132,0.0974588722005734,219.6571434427966,21.342345657231267,2.452087215207265,53.44903216322914,-999,0,1,1,0,0,0,0,0.5218709707260132,21.790300369262695,0.2459080070257187,-999.0,1,21.790300369262695,21.790300369262695,21.465099334716797,0.19968000054359436,-999.0,1,21.59239959716797,0.2459080070257187,-999.0,1,4120,-999.0,-999.0,-999.0,-999.0,0,-999.0,-999.0,-999.0,-999.0,-999.0,0,-999.0,-999.0,-999.0,0,0,-999.0,-999.0,-999.0,-999.0,0,-999.0,-999.0,-999.0,-999.0,-999.0,0,-999.0,-999.0,-999.0,0,0,-999.0,-999.0,-999.0,-999.0,0,-999.0,-999.0,-999.0,-999.0,-999.0,0,-999.0,-999.0,-999.0,0,0,-999.0,-999.0,-999.0,-999.0,0,-999.0,-999.0,-999.0,-999.0,-999.0,0,-999.0,-999.0,-999.0,0,0,0.03371618214368561
PSO J223.9036+05.5914,-999,-999,-999,114712239036360056,3496239000026750,65296387827837,0,15189956849189,11471,1,1467,31,0.383548116668638,3496239,15203,3,302067712,0,36,-999.0,-999.0,-999.0,-999.0,223.90364502,5.59139057,0.16433000564575195,0.16433000564575195,,,,,56398.57015046,-999.0,-0.7170788627150152,-0.6901482785528824,0.0974333529025534,219.65795143237153,21.341044983508205,2.4505240548590432,53.4478525464651,-999,0,2,0,0,1,1,0,-999.0,-999.0,-999.0,-999.0,0,-999.0,-999.0,-999.0,-999.0,-999.0,0,-999.0,-999.0,-999.0,0,0,-999.0,-999.0,-999.0,-999.0,0,-999.0,-999.0,-999.0,-999.0,-999.0,0,-999.0,-999.0,-999.0,0,0,0.05432400107383728,21.481599807739258,0.16364799439907074,-999.0,1,21.481599807739258,21.481599807739258,21.008100509643555,0.22682200372219086,-999.0,1,21.098800659179688,0.16364799439907074,-999.0,1,536,0.8047749996185303,17.949899673461914,0.19175300002098083,-999.0,1,17.949899673461914,17.949899673461914,-999.0,-999.0,-999.0,0,17.6343994140625,0.19175300002098083,-999.0,1,4112,-999.0,-999.0,-999.0,-999.0,0,-999.0,-999.0,-999.0,-999.0,-999.0,0,-999.0,-999.0,-999.0,0,0,0.03275011616849536
PSO J223.9041+05.5923,-999,-999,-999,114712239041451150,3496239000026818,65296387827905,0,15189956846020,11471,1,1467,31,0.718673788680391,3496239,15203,3,268959744,0,32,-999.0,-999.0,-999.0,-999.0,223.90412526,5.5922511,0.23326000571250916,0.23326000571250916,,,,,55305.54534722,-999.0,-0.7170720235931125,-0.6901532740682579,0.09744830051336313,219.65815540004647,21.342010830149118,2.452149017199932,53.44803257560042,-999,0,1,1,0,0,0,0,0.6645740270614624,21.842300415039062,0.23278099298477173,-999.0,1,21.842300415039062,21.842300415039062,21.457199096679688,0.2309660017490387,-999.0,1,21.390300750732422,0.23278099298477173,-999.0,1,4120,-999.0,-999.0,-999.0,-999.0,0,-999.0,-999.0,-999.0,-999.0,-999.0,0,-999.0,-999.0,-999.0,0,0,-999.0,-999.0,-999.0,-999.0,0,-999.0,-999.0,-999.0,-999.0,-999.0,0,-999.0,-999.0,-999.0,0,0,-999.0,-999.0,-999.0,-999.0,0,-999.0,-999.0,-999.0,-999.0,-999.0,0,-999.0,-999.0,-999.0,0,0,-999.0,-999.0,-999.0,-999.0,0,-999.0,-999.0,-999.0,-999.0,-999.0,0,-999.0,-999.0,-999.0,0,0,0.03372049252769509
PSO J223.9045+05.5929,-999,-999,-999,114712239044351904,3496239000026862,65296387827949,0,15189956846517,11471,1,1467,31,0.155911560315556,3496239,15203,3,436285440,7,52,223.9045416,5.59286307,0.0010000000474974513,0.0010000000474974513,223.90448764467746,5.5928616937241635,0.04270396807463564,0.04270396807463564,147.09867000196445,10.588568025950345,44.79936952183052,44.79936952183052,56359.69089804963,1.1091644763946533,-0.7170669102210631,-0.6901570892043288,0.09745890665827278,219.65832015076128,21.342700203250132,2.4533199094508187,53.4481444664262,-999,8,4,0,0,0,3,1,-999.0,-999.0,-999.0,-999.0,0,-999.0,-999.0,-999.0,-999.0,-999.0,0,-999.0,-999.0,-999.0,0,16416,-999.0,-999.0,-999.0,-999.0,0,-999.0,-999.0,-999.0,-999.0,-999.0,0,-999.0,-999.0,-999.0,0,114720,-999.0,-999.0,-999.0,-999.0,0,-999.0,-999.0,-999.0,-999.0,-999.0,0,-999.0,-999.0,-999.0,0,114720,0.9992319941520691,21.432199478149414,0.12992900609970093,0.209974005818367,3,21.240400314331055,21.652799606323242,21.21179962158203,0.21922600269317627,0.38458800315856934,3,21.26140022277832,0.18429699540138245,0.3230080008506775,3,115000,0.9973400235176086,19.90760040283203,0.16544100642204285,-999.0,1,19.90760040283203,19.90760040283203,20.0492000579834,0.2695600092411041,-999.0,1,19.787900924682617,0.16544100642204285,-999.0,1,114992,0.034422878448571136
PSO J223.9048+05.5933,-999,-999,-999,114712239047962404,3496239000026906,65296387827993,0,15189956845683,11471,1,1467,31,0.893469947291044,3496239,15203,3,310456320,0,37,-999.0,-999.0,-999.0,-999.0,223.90476898,5.59328563,0.16933999955654144,0.16933999955654144,,,,,55401.30572917,-999.0,-0.7170630018117905,-0.6901601100790128,0.09746627051646693,219.6584680938382,21.343192297781716,2.454173246298641,53.44819806876644,-999,0,1,0,0,0,0,1,-999.0,-999.0,-999.0,-999.0,0,-999.0,-999.0,-999.0,-999.0,-999.0,0,-999.0,-999.0,-999.0,0,0,-999.0,-999.0,-999.0,-999.0,0,-999.0,-999.0,-999.0,-999.0,-999.0,0,-999.0,-999.0,-999.0,0,0,-999.0,-999.0,-999.0,-999.0,0,-999.0,-999.0,-999.0,-999.0,-999.0,0,-999.0,-999.0,-999.0,0,0,-999.0,-999.0,-999.0,-999.0,0,-999.0,-999.0,-999.0,-999.0,-999.0,0,-999.0,-999.0,-999.0,0,0,0.9982050061225891,19.72909927368164,0.16867099702358246,-999.0,1,19.72909927368164,19.72909927368164,18.48390007019043,0.1336289942264557,-999.0,1,18.869800567626953,0.16867099702358246,-999.0,1,16777488,0.034929053507755076
PSO J223.9049+05.5930,-999,-999,-999,114712239049062014,3496239000117068,65296387920228,0,15189956846497,11471,1,1467,31,0.239762703180092,3496239,15203,3,1075314688,0,128,223.90490669,5.59296531,0.0010000000474974513,0.0010000000474974513,223.90490669,5.59296531,0.0010000000474974513,0.0010000000474974513,,,,,55930.58835648,-999.0,-0.7170617355985859,-0.6901622113894538,0.09746070649427226,219.65871391998792,21.342929689770912,2.4539053741767773,53.447888329424934,-999,1,0,0,0,0,0,0,-999.0,-999.0,-999.0,-999.0,0,-999.0,-999.0,-999.0,-999.0,-999.0,0,-999.0,-999.0,-999.0,0,32800,-999.0,-999.0,-999.0,-999.0,0,-999.0,-999.0,-999.0,-999.0,-999.0,0,-999.0,-999.0,-999.0,0,32,-999.0,-999.0,-999.0,-999.0,0,-999.0,-999.0,-999.0,-999.0,-999.0,0,-999.0,-999.0,-999.0,0,32,-999.0,-999.0,-999.0,-999.0,0,-999.0,-999.0,-999.0,-999.0,-999.0,0,-999.0,-999.0,-999.0,0,32,-999.0,-999.0,-999.0,-999.0,0,-999.0,-999.0,-999.0,-999.0,-999.0,0,-999.0,-999.0,-999.0,0,32,0.03476416753685879
PSO J223.8951+05.5694,-999,-999,-999,114682238950713786,3496239000025467,65296387826554,0,15189953268572,11468,1,1467,31,0.314829748417092,3496239,15203,3,268959744,0,32,-999.0,-999.0,-999.0,-999.0,223.89507161,5.56944018,-999.0,-999.0,,,,,-999.0,-999.0,-0.7172089703593737,-0.6900668011869867,0.09705206198534287,219.65648635852108,21.31753401907209,2.412996247278675,53.44043464519191,-999,0,1,0,0,0,0,1,-999.0,-999.0,-999.0,-999.0,0,-999.0,-999.0,-999.0,-999.0,-999.0,0,-999.0,-999.0,-999.0,0,0,-999.0,-999.0,-999.0,-999.0,0,-999.0,-999.0,-999.0,-999.0,-999.0,0,-999.0,-999.0,-999.0,0,0,-999.0,-999.0,-999.0,-999.0,0,-999.0,-999.0,-999.0,-999.0,-999.0,0,-999.0,-999.0,-999.0,0,0,-999.0,-999.0,-999.0,-999.0,0,-999.0,-999.0,-999.0,-999.0,-999.0,0,-999.0,-999.0,-999.0,0,0,-999.0,-999.0,-999.0,-999.0,0,-999.0,-999.0,17.3075008392334,0.025477999821305275,-999.0,1,-999.0,-999.0,-999.0,0,16,0.012528768338788833
PSO J223.8951+05.5694,-999,-999,-999,114682238950693787,3496239000025466,65296387826553,0,15189953268572,11468,1,1467,31,0.271008250555963,3496239,15203,3,268959744,0,32,-999.0,-999.0,-999.0,-999.0,223.89506921,5.56944043,-999.0,-999.0,,,,,-999.0,-999.0,-0.7172089989596669,-0.6900667708509987,0.09705206632806809,219.6564838362387,21.317533521961465,2.4129940135279315,53.44043664466128,-999,0,1,0,0,0,0,1,-999.0,-999.0,-999.0,-999.0,0,-999.0,-999.0,-999.0,-999.0,-999.0,0,-999.0,-999.0,-999.0,0,0,-999.0,-999.0,-999.0,-999.0,0,-999.0,-999.0,-999.0,-999.0,-999.0,0,-999.0,-999.0,-999.0,0,0,-999.0,-999.0,-999.0,-999.0,0,-999.0,-999.0,-999.0,-999.0,-999.0,0,-999.0,-999.0,-999.0,0,0,-999.0,-999.0,-999.0,-999.0,0,-999.0,-999.0,-999.0,-999.0,-999.0,0,-999.0,-999.0,-999.0,0,0,-999.0,-999.0,-999.0,-999.0,0,-999.0,-999.0,17.3075008392334,0.025477999821305275,-999.0,1,-999.0,-999.0,-999.0,0,16,0.012526548590373178
PSO J223.8949+05.5724,-999,-999,-999,114682238949077385,3496239000025439,65296387826526,0,15189953238423,11468,1,1467,31,0.525045021926095,3496239,15203,3,268959744,0,32,-999.0,-999.0,-999.0,-999.0,223.89487657,5.5724436,0.2289000004529953,0.2289000004529953,,,,,56838.25114583,-999.0,-0.717207652352742,-0.6900608314874234,0.09710423396306779,219.6552960592215,21.32033199492054,2.416672755988239,53.44249925144958,-999,0,1,0,0,0,0,1,-999.0,-999.0,-999.0,-999.0,0,-999.0,-999.0,-999.0,-999.0,-999.0,0,-999.0,-999.0,-999.0,0,0,-999.0,-999.0,-999.0,-999.0,0,-999.0,-999.0,-999.0,-999.0,-999.0,0,-999.0,-999.0,-999.0,0,0,-999.0,-999.0,-999.0,-999.0,0,-999.0,-999.0,-999.0,-999.0,-999.0,0,-999.0,-999.0,-999.0,0,0,-999.0,-999.0,-999.0,-999.0,0,-999.0,-999.0,-999.0,-999.0,-999.0,0,-999.0,-999.0,-999.0,0,0,0.6946730017662048,20.698999404907227,0.2284030020236969,-999.0,1,20.698999404907227,20.698999404907227,-999.0,-999.0,-999.0,0,21.796199798583984,0.2284030020236969,-999.0,1,4120,0.013516669144323774
PSO J223.8948+05.5738,-999,-999,-999,114682238948129032,3496239000025425,65296387826512,0,15189953248520,11468,1,1467,31,0.369241593749487,3496239,15203,3,268959744,0,32,-999.0,-999.0,-999.0,-999.0,223.89479248,5.57380865,0.16780999302864075,0.16780999302864075,,,,,56043.42429398,-999.0,-0.7172069977943618,-0.6900581746692839,0.09712794596249998,219.6547596864398,21.32160506339788,2.4183486960311473,53.44343408140388,-999,0,1,0,1,0,0,0,-999.0,-999.0,-999.0,-999.0,0,-999.0,-999.0,-999.0,-999.0,-999.0,0,-999.0,-999.0,-999.0,0,0,0.7690430283546448,21.799699783325195,0.1671389937400818,-999.0,1,21.799699783325195,21.799699783325195,-999.0,-999.0,-999.0,0,22.57069969177246,0.1671389937400818,-999.0,1,4120,-999.0,-999.0,-999.0,-999.0,0,-999.0,-999.0,-999.0,-999.0,-999.0,0,-999.0,-999.0,-999.0,0,0,-999.0,-999.0,-999.0,-999.0,0,-999.0,-999.0,-999.0,-999.0,-999.0,0,-999.0,-999.0,-999.0,0,0,-999.0,-999.0,-999.0,-999.0,0,-999.0,-999.0,-999.0,-999.0,-999.0,0,-999.0,-999.0,-999.0,0,0,0.014159422466728628
PSO J223.8949+05.5746,-999,-999,-999,114682238946809851,3496239000025401,65296387826488,0,15189953247595,11468,1,1467,31,0.940356832873409,3496239,15203,3,1343750144,0,160,223.89488577,5.57455336,0.0010000000474974513,0.0010000000474974513,223.89488577,5.57455336,0.0010000000474974513,0.0010000000474974513,,,,,56066.2419213,-999.0,-0.7172049644414116,-0.6900584670861828,0.09714088214166608,219.65460853288909,21.322342211401377,2.419411312681366,53.44383736865135,-999,1,1,1,0,0,0,0,0.6438120007514954,21.816099166870117,0.26743999123573303,-999.0,1,21.816099166870117,21.816099166870117,-999.0,-999.0,-999.0,1,22.462299346923828,0.26743999123573303,-999.0,1,118840,-999.0,-999.0,-999.0,-999.0,0,-999.0,-999.0,-999.0,-999.0,-999.0,0,-999.0,-999.0,-999.0,0,0,-999.0,-999.0,-999.0,-999.0,0,-999.0,-999.0,-999.0,-999.0,-999.0,0,-999.0,-999.0,-999.0,0,0,-999.0,-999.0,-999.0,-999.0,0,-999.0,-999.0,-999.0,-999.0,-999.0,0,-999.0,-999.0,-999.0,0,0,-999.0,-999.0,-999.0,-999.0,0,-999.0,-999.0,-999.0,-999.0,-999.0,0,-999.0,-999.0,-999.0,0,0,0.014663866110189843
PSO J223.8946+05.5722,-999,-999,-999,114682238945987067,3496239000025385,65296387826472,0,15189953238465,11468,1,1467,31,0.824943583295628,3496239,15203,3,302067712,0,36,-999.0,-999.0,-999.0,-999.0,223.89455631,5.57217246,0.19357000291347504,0.19357000291347504,,,,,56785.38998843,-999.0,-0.7172118406331477,-0.6900571411751478,0.09709952404000041,219.65506005653864,21.319975930844315,2.4159808627168187,53.442571917846095,-999,0,1,0,0,1,0,0,-999.0,-999.0,-999.0,-999.0,0,-999.0,-999.0,-999.0,-999.0,-999.0,0,-999.0,-999.0,-999.0,0,0,-999.0,-999.0,-999.0,-999.0,0,-999.0,-999.0,-999.0,-999.0,-999.0,0,-999.0,-999.0,-999.0,0,0,0.997979998588562,21.68779945373535,0.19298799335956573,-999.0,1,21.68779945373535,21.68779945373535,-999.0,-999.0,-999.0,1,21.745399475097656,0.19298799335956573,-999.0,1,280,-999.0,-999.0,-999.0,-999.0,0,-999.0,-999.0,-999.0,-999.0,-999.0,0,-999.0,-999.0,-999.0,0,0,-999.0,-999.0,-999.0,-999.0,0,-999.0,-999.0,-999.0,-999.0,-999.0,0,-999.0,-999.0,-999.0,0,0,0.013106678358457016
PSO J223.8946+05.5692,-999,-999,-999,114682238945813521,3496239000025381,65296387826468,0,15189953268718,11468,1,1467,31,0.812547595065597,3496239,15203,3,268959744,0,32,-999.0,-999.0,-999.0,-999.0,223.8945514,5.56922391,0.2649799883365631,0.2649799883365631,,,,,56838.25114583,-999.0,-0.717215499688801,-0.6900605433350385,0.09704830517992045,219.65602897491934,21.317168930557454,2.4121623006027617,53.44069557825069,-999,0,1,0,0,0,0,1,-999.0,-999.0,-999.0,-999.0,0,-999.0,-999.0,-999.0,-999.0,-999.0,0,-999.0,-999.0,-999.0,0,0,-999.0,-999.0,-999.0,-999.0,0,-999.0,-999.0,-999.0,-999.0,-999.0,0,-999.0,-999.0,-999.0,0,0,-999.0,-999.0,-999.0,-999.0,0,-999.0,-999.0,-999.0,-999.0,-999.0,0,-999.0,-999.0,-999.0,0,0,-999.0,-999.0,-999.0,-999.0,0,-999.0,-999.0,-999.0,-999.0,-999.0,0,-999.0,-999.0,-999.0,0,0,0.7766180038452148,20.97249984741211,0.2645539939403534,-999.0,1,20.97249984741211,20.97249984741211,-999.0,-999.0,-999.0,0,-999.0,-999.0,-999.0,0,4120,0.01197109638052184
PSO J223.8943+05.5668,-999,-999,-999,114682238943590665,3496239000025346,65296387826433,0,15189953280533,11468,1,1467,31,0.224352456838221,3496239,15203,3,268959744,0,32,-999.0,-999.0,-999.0,-999.0,223.89432958,5.56684342,0.22892999649047852,0.22892999649047852,,,,,56838.25114583,-999.0,-0.7172210762398734,-0.6900605616225904,0.09700695382514009,219.65658973933694,21.314835999078674,2.408847535817787,53.439347661724504,-999,0,1,0,0,0,0,1,-999.0,-999.0,-999.0,-999.0,0,-999.0,-999.0,-999.0,-999.0,-999.0,0,-999.0,-999.0,-999.0,0,0,-999.0,-999.0,-999.0,-999.0,0,-999.0,-999.0,-999.0,-999.0,-999.0,0,-999.0,-999.0,-999.0,0,0,-999.0,-999.0,-999.0,-999.0,0,-999.0,-999.0,-999.0,-999.0,-999.0,0,-999.0,-999.0,-999.0,0,0,-999.0,-999.0,-999.0,-999.0,0,-999.0,-999.0,-999.0,-999.0,-999.0,0,-999.0,-999.0,-999.0,0,0,0.7767109870910645,20.803699493408203,0.22843900322914124,-999.0,1,20.803699493408203,20.803699493408203,-999.0,-999.0,-999.0,0,-999.0,-999.0,-999.0,0,4120,0.011316559123265537
PSO J223.8943+05.5723,-999,-999,-999,114682238943007165,3496239000025341,65296387826428,0,15189953238359,11468,1,1467,31,0.872914153964179,3496239,15203,3,444674048,0,53,223.89427552,5.57236073,0.0010000000474974513,0.0010000000474974513,223.89427476,5.57225334,0.19122999906539917,0.19122999906539917,,,,,56384.58405093,-999.0,-0.7172151327730845,-0.6900535217721956,0.09710092899183119,219.65474713027558,21.3199666621976,2.41578549425998,53.442839356427534,-999,4,1,0,0,1,0,0,-999.0,-999.0,-999.0,-999.0,0,-999.0,-999.0,-999.0,-999.0,-999.0,0,-999.0,-999.0,-999.0,0,114720,-999.0,-999.0,-999.0,-999.0,0,-999.0,-999.0,-999.0,-999.0,-999.0,0,-999.0,-999.0,-999.0,0,114720,0.9991289973258972,21.511600494384766,0.1906449943780899,-999.0,1,21.511600494384766,21.511600494384766,20.892099380493164,0.2184550017118454,-999.0,1,20.8031005859375,0.1906449943780899,-999.0,1,16892216,-999.0,-999.0,-999.0,-999.0,0,-999.0,-999.0,-999.0,-999.0,-999.0,0,-999.0,-999.0,-999.0,0,114720,-999.0,-999.0,-999.0,-999.0,0,-999.0,-999.0,-999.0,-999.0,-999.0,0,-999.0,-999.0,-999.0,0,16416,0.012901184684476014
PSO J223.8939+05.5691,-999,-999,-999,114682238938983355,3496239000116877,65296387920037,0,15189953268485,11468,1,1467,31,0.0297688907289588,3496239,15203,3,1343750144,0,160,223.89390572,5.56909152,0.0010000000474974513,0.0010000000474974513,223.89390572,5.56909152,0.0010000000474974513,0.0010000000474974513,,,,,56014.89693287,-999.0,-0.7172234376962231,-0.6900526162883036,0.09704600544524884,219.65541634253736,21.316845226783286,2.4113031337033792,53.441106188485485,-999,1,0,0,0,0,0,0,-999.0,-999.0,-999.0,-999.0,0,-999.0,-999.0,-999.0,-999.0,-999.0,0,-999.0,-999.0,-999.0,0,114720,-999.0,-999.0,-999.0,-999.0,0,-999.0,-999.0,-999.0,-999.0,-999.0,0,-999.0,-999.0,-999.0,0,16416,-999.0,-999.0,-999.0,-999.0,0,-999.0,-999.0,-999.0,-999.0,-999.0,0,-999.0,-999.0,-999.0,0,16416,-999.0,-999.0,-999.0,-999.0,0,-999.0,-999.0,-999.0,-999.0,-999.0,0,-999.0,-999.0,-999.0,0,16416,-999.0,-999.0,-999.0,-999.0,0,-999.0,-999.0,-999.0,-999.0,-999.0,0,-999.0,-999.0,-999.0,0,16416,0.011317145959396552
PSO J223.8938+05.5742,-999,-999,-999,114682238938499479,3496239000025272,65296387826359,0,15189953239779,11468,1,1467,31,0.422958383730574,3496239,15203,3,268959744,0,32,-999.0,-999.0,-999.0,-999.0,223.89382688,5.57418243,0.22257000207901,0.22257000207901,,,,,56043.43508102,-999.0,-0.7172181705460144,-0.6900456482263957,0.09713443880746812,219.6536546289357,21.321664990507607,2.417803373948193,53.44441275601549,-999,0,1,0,1,0,0,0,-999.0,-999.0,-999.0,-999.0,0,-999.0,-999.0,-999.0,-999.0,-999.0,0,-999.0,-999.0,-999.0,0,0,0.5487430095672607,21.935699462890625,0.22206200659275055,-999.0,1,21.935699462890625,21.935699462890625,-999.0,-999.0,-999.0,0,22.46940040588379,0.22206200659275055,-999.0,1,4120,-999.0,-999.0,-999.0,-999.0,0,-999.0,-999.0,-999.0,-999.0,-999.0,0,-999.0,-999.0,-999.0,0,0,-999.0,-999.0,-999.0,-999.0,0,-999.0,-999.0,-999.0,-999.0,-999.0,0,-999.0,-999.0,-999.0,0,0,-999.0,-999.0,-999.0,-999.0,0,-999.0,-999.0,-999.0,-999.0,-999.0,0,-999.0,-999.0,-999.0,0,0,0.013598328735421088
PSO J223.8935+05.5707,-999,-999,-999,114682238934815285,3496239000116871,65296387920031,0,15189953238766,11468,1,1467,31,0.641535907649934,3496239,15203,3,1343750144,0,160,223.89348171,5.57069504,0.0010000000474974513,0.0010000000474974513,223.89348171,5.57069504,0.0010000000474974513,0.0010000000474974513,,,,,56016.57618056,-999.0,-0.7172265868112965,-0.6900454252247711,0.09707386001072948,219.65445567365416,21.318241095615363,2.412925135587331,53.442453765472195,-999,1,0,0,0,0,0,0,-999.0,-999.0,-999.0,-999.0,0,-999.0,-999.0,-999.0,-999.0,-999.0,0,-999.0,-999.0,-999.0,0,114720,-999.0,-999.0,-999.0,-999.0,0,-999.0,-999.0,-999.0,-999.0,-999.0,0,-999.0,-999.0,-999.0,0,16416,-999.0,-999.0,-999.0,-999.0,0,-999.0,-999.0,-999.0,-999.0,-999.0,0,-999.0,-999.0,-999.0,0,16416,-999.0,-999.0,-999.0,-999.0,0,-999.0,-999.0,-999.0,-999.0,-999.0,0,-999.0,-999.0,-999.0,0,16416,-999.0,-999.0,-999.0,-999.0,0,-999.0,-999.0,-999.0,-999.0,-999.0,0,-999.0,-999.0,-999.0,0,16416,0.011486490414483312
PSO J223.8934+05.5737,-999,-999,-999,114682238934128893,3496239000116870,65296387920030,0,15189953239773,11468,1,1467,31,0.985288206474193,3496239,15203,3,1343750144,0,160,223.89341273,5.57369481,0.0010000000474974513,0.0010000000474974513,223.89341273,5.57369481,0.0010000000474974513,0.0010000000474974513,,,,,56125.39715278,-999.0,-0.7172237540690167,-0.6900410370747524,0.09712596847366128,219.65339469124936,21.321074194074885,2.41673141690548,53.4444193877752,-999,1,0,0,0,0,0,0,-999.0,-999.0,-999.0,-999.0,0,-999.0,-999.0,-999.0,-999.0,-999.0,0,-999.0,-999.0,-999.0,0,114720,-999.0,-999.0,-999.0,-999.0,0,-999.0,-999.0,-999.0,-999.0,-999.0,0,-999.0,-999.0,-999.0,0,16416,-999.0,-999.0,-999.0,-999.0,0,-999.0,-999.0,-999.0,-999.0,-999.0,0,-999.0,-999.0,-999.0,0,16416,-999.0,-999.0,-999.0,-999.0,0,-999.0,-999.0,-999.0,-999.0,-999.0,0,-999.0,-999.0,-999.0,0,16416,-999.0,-999.0,-999.0,-999.0,0,-999.0,-999.0,-999.0,-999.0,-999.0,0,-999.0,-999.0,-999.0,0,16416,0.012974969523768648
PSO J223.8933+05.5700,-999,-999,-999,114682238933274469,3496239000116869,65296387920029,0,15189953268209,11468,1,1467,31,0.761635051818225,3496239,15203,3,1343750144,0,160,223.89333101,5.5700114,0.0010000000474974513,0.0010000000474974513,223.89333101,5.5700114,0.0010000000474974513,0.0010000000474974513,,,,,56016.57618056,-999.0,-0.7172292364040254,-0.6900443417603147,0.09706198458651412,219.65452828999403,21.31754447237645,2.4118804227687076,53.442133379677394,-999,1,0,0,0,0,0,0,-999.0,-999.0,-999.0,-999.0,0,-999.0,-999.0,-999.0,-999.0,-999.0,0,-999.0,-999.0,-999.0,0,16416,-999.0,-999.0,-999.0,-999.0,0,-999.0,-999.0,-999.0,-999.0,-999.0,0,-999.0,-999.0,-999.0,0,16416,-999.0,-999.0,-999.0,-999.0,0,-999.0,-999.0,-999.0,-999.0,-999.0,0,-999.0,-999.0,-999.0,0,114720,-999.0,-999.0,-999.0,-999.0,0,-999.0,-999.0,-999.0,-999.0,-999.0,0,-999.0,-999.0,-999.0,0,16416,-999.0,-999.0,-999.0,-999.0,0,-999.0,-999.0,-999.0,-999.0,-999.0,0,-999.0,-999.0,-999.0,0,16416,0.011078241412257895
PSO J223.8919+05.5732,-999,-999,-999,114682238919128308,3496239000116838,65296387919998,0,15189953240508,11468,1,1467,31,0.0766260484947134,3496239,15203,3,1343750144,0,160,223.89191257,5.57322937,0.0010000000474974513,0.0010000000474974513,223.89191257,5.57322937,0.0010000000474974513,0.0010000000474974513,,,,,55877.61681713,-999.0,-0.7172423895498719,-0.6900228049516965,0.09711788341692267,219.65202344324373,21.320171899947656,2.414531001267954,53.44527280462159,-999,1,0,0,0,0,0,0,-999.0,-999.0,-999.0,-999.0,0,-999.0,-999.0,-999.0,-999.0,-999.0,0,-999.0,-999.0,-999.0,0,114720,-999.0,-999.0,-999.0,-999.0,0,-999.0,-999.0,-999.0,-999.0,-999.0,0,-999.0,-999.0,-999.0,0,16416,-999.0,-999.0,-999.0,-999.0,0,-999.0,-999.0,-999.0,-999.0,-999.0,0,-999.0,-999.0,-999.0,0,16416,-999.0,-999.0,-999.0,-999.0,0,-999.0,-999.0,-999.0,-999.0,-999.0,0,-999.0,-999.0,-999.0,0,16416,-999.0,-999.0,-999.0,-999.0,0,-999.0,-999.0,-999.0,-999.0,-999.0,0,-999.0,-999.0,-999.0,0,16416,0.011514399225613065
PSO J223.8917+05.5741,-999,-999,-999,114682238916709434,3496239000024924,65296387826011,0,15189953239502,11468,1,1467,31,0.983432151361771,3496239,15203,3,268959744,0,32,-999.0,-999.0,-999.0,-999.0,223.89165073,5.57414374,0.1980299949645996,0.1980299949645996,,,,,56043.42429398,-999.0,-0.7172444259090806,-0.6900184525522975,0.09713376673271795,219.65145522975266,21.32096171039679,2.4154346800375146,53.44605658263934,-999,0,1,0,1,0,0,0,-999.0,-999.0,-999.0,-999.0,0,-999.0,-999.0,-999.0,-999.0,-999.0,0,-999.0,-999.0,-999.0,0,0,0.7492809891700745,22.051300048828125,0.19746200740337372,-999.0,1,22.051300048828125,22.051300048828125,-999.0,-999.0,-999.0,0,21.871999740600586,0.19746200740337372,-999.0,1,4120,-999.0,-999.0,-999.0,-999.0,0,-999.0,-999.0,-999.0,-999.0,-999.0,0,-999.0,-999.0,-999.0,0,0,-999.0,-999.0,-999.0,-999.0,0,-999.0,-999.0,-999.0,-999.0,-999.0,0,-999.0,-999.0,-999.0,0,0,-999.0,-999.0,-999.0,-999.0,0,-999.0,-999.0,-999.0,-999.0,-999.0,0,-999.0,-999.0,-999.0,0,0,0.011928426019586295
PSO J223.8913+05.5694,-999,-999,-999,114682238913173735,3496239000116823,65296387919983,0,15189953266364,11468,1,1467,31,0.667983201023176,3496239,15203,3,1343750144,0,160,223.89131742,5.5693974,0.0010000000474974513,0.0010000000474974513,223.89131742,5.5693974,0.0010000000474974513,0.0010000000474974513,,,,,56125.39715278,-999.0,-0.7172542362718838,-0.6900198562780098,0.09705131885817662,219.65268421054932,21.316343590707362,2.408940795436343,53.44328560735265,-999,1,0,0,0,0,0,0,-999.0,-999.0,-999.0,-999.0,0,-999.0,-999.0,-999.0,-999.0,-999.0,0,-999.0,-999.0,-999.0,0,114720,-999.0,-999.0,-999.0,-999.0,0,-999.0,-999.0,-999.0,-999.0,-999.0,0,-999.0,-999.0,-999.0,0,16416,-999.0,-999.0,-999.0,-999.0,0,-999.0,-999.0,-999.0,-999.0,-999.0,0,-999.0,-999.0,-999.0,0,16416,-999.0,-999.0,-999.0,-999.0,0,-999.0,-999.0,-999.0,-999.0,-999.0,0,-999.0,-999.0,-999.0,0,16416,-999.0,-999.0,-999.0,-999.0,0,-999.0,-999.0,-999.0,-999.0,-999.0,0,-999.0,-999.0,-999.0,0,16416,0.00899133885548684
PSO J223.8909+05.5707,-999,-999,-999,114682238908755342,3496239000116817,65296387919977,0,15189953237437,11468,1,1467,31,0.0531437639641983,3496239,15203,3,404226048,0,48,223.89087114,5.57073735,0.0010000000474974513,0.0010000000474974513,223.89087114,5.57073735,0.0010000000474974513,0.0010000000474974513,,,,,55971.37297454,-999.0,-0.7172579749752429,-0.6900126957856977,0.09707459497194898,219.65178794923023,21.317481846475484,2.4101982021682646,53.44448221448373,-999,4,0,0,0,0,0,0,-999.0,-999.0,-999.0,-999.0,0,-999.0,-999.0,-999.0,-999.0,-999.0,0,-999.0,-999.0,-999.0,0,114720,-999.0,-999.0,-999.0,-999.0,0,-999.0,-999.0,-999.0,-999.0,-999.0,0,-999.0,-999.0,-999.0,0,114720,-999.0,-999.0,-999.0,-999.0,0,-999.0,-999.0,-999.0,-999.0,-999.0,0,-999.0,-999.0,-999.0,0,114720,-999.0,-999.0,-999.0,-999.0,0,-999.0,-999.0,-999.0,-999.0,-999.0,0,-999.0,-999.0,-999.0,0,114720,-999.0,-999.0,-999.0,-999.0,0,-999.0,-999.0,-999.0,-999.0,-999.0,0,-999.0,-999.0,-999.0,0,16416,0.009213453030381616
PSO J223.8908+05.5725,-999,-999,-999,114682238908087408,3496239000116816,65296387919976,0,15189953237663,11468,1,1467,31,0.808293524951016,3496239,15203,3,1343750144,0,160,223.89080853,5.57245637,0.0010000000474974513,0.0010000000474974513,223.89080853,5.57245637,0.0010000000474974513,0.0010000000474974513,,,,,56034.2509375,-999.0,-0.7172566297446561,-0.690009892504005,0.0971044557883353,219.6511564761223,21.3190982800382,2.412354796647857,53.44562637015199,-999,1,0,0,0,0,0,0,-999.0,-999.0,-999.0,-999.0,0,-999.0,-999.0,-999.0,-999.0,-999.0,0,-999.0,-999.0,-999.0,0,114720,-999.0,-999.0,-999.0,-999.0,0,-999.0,-999.0,-999.0,-999.0,-999.0,0,-999.0,-999.0,-999.0,0,16416,-999.0,-999.0,-999.0,-999.0,0,-999.0,-999.0,-999.0,-999.0,-999.0,0,-999.0,-999.0,-999.0,0,16416,-999.0,-999.0,-999.0,-999.0,0,-999.0,-999.0,-999.0,-999.0,-999.0,0,-999.0,-999.0,-999.0,0,16416,-999.0,-999.0,-999.0,-999.0,0,-999.0,-999.0,-999.0,-999.0,-999.0,0,-999.0,-999.0,-999.0,0,16416,0.010175577033572426
PSO J223.8902+05.5691,-999,-999,-999,114682238902223323,3496239000116807,65296387919967,0,15189953266640,11468,1,1467,31,0.0868879399140253,3496239,15203,3,1343750144,0,160,223.89022595,5.56905836,0.0010000000474974513,0.0010000000474974513,223.89022595,5.56905836,0.0010000000474974513,0.0010000000474974513,,,,,56016.57618056,-999.0,-0.7172677947034064,-0.6900065907720524,0.09704542942581797,219.651686688534,21.31568672606226,2.407339256051013,53.4439061807427,-999,1,0,0,0,0,0,0,-999.0,-999.0,-999.0,-999.0,0,-999.0,-999.0,-999.0,-999.0,-999.0,0,-999.0,-999.0,-999.0,0,114720,-999.0,-999.0,-999.0,-999.0,0,-999.0,-999.0,-999.0,-999.0,-999.0,0,-999.0,-999.0,-999.0,0,16416,-999.0,-999.0,-999.0,-999.0,0,-999.0,-999.0,-999.0,-999.0,-999.0,0,-999.0,-999.0,-999.0,0,16416,-999.0,-999.0,-999.0,-999.0,0,-999.0,-999.0,-999.0,-999.0,-999.0,0,-999.0,-999.0,-999.0,0,16416,-999.0,-999.0,-999.0,-999.0,0,-999.0,-999.0,-999.0,-999.0,-999.0,0,-999.0,-999.0,-999.0,0,16416,0.007859648198053999
PSO J223.8902+05.5745,-999,-999,-999,114682238902189902,3496239000024667,65296387825754,0,15189953455866,11468,1,1467,31,0.465166013189746,3496239,15203,3,268959744,0,32,-999.0,-999.0,-999.0,-999.0,223.89019678,5.57453482,0.22662000358104706,0.22662000358104706,,,,,56043.43508102,-999.0,-0.7172614579141239,-0.6899997917222167,0.09714056008796275,219.6498480298886,21.32088851477075,2.414391275964705,53.44742069582688,-999,0,1,0,1,0,0,0,-999.0,-999.0,-999.0,-999.0,0,-999.0,-999.0,-999.0,-999.0,-999.0,0,-999.0,-999.0,-999.0,0,0,0.5832239985466003,21.980199813842773,0.2261199951171875,-999.0,1,21.980199813842773,21.980199813842773,-999.0,-999.0,-999.0,0,23.34000015258789,0.2261199951171875,-999.0,1,4120,-999.0,-999.0,-999.0,-999.0,0,-999.0,-999.0,-999.0,-999.0,-999.0,0,-999.0,-999.0,-999.0,0,0,-999.0,-999.0,-999.0,-999.0,0,-999.0,-999.0,-999.0,-999.0,-999.0,0,-999.0,-999.0,-999.0,0,0,-999.0,-999.0,-999.0,-999.0,0,-999.0,-999.0,-999.0,-999.0,-999.0,0,-999.0,-999.0,-999.0,0,0,0.011228230227752916
PSO J223.8894+05.5735,-999,-999,-999,114682238893888699,3496239000024533,65296387825620,0,15189953457699,11468,1,1467,31,0.540068502109562,3496239,15203,3,268959744,0,32,-999.0,-999.0,-999.0,-999.0,223.88937071,5.57353325,0.3052000105381012,0.3052000105381012,,,,,56317.67460648,-999.0,-0.7172726296745504,-0.68999062755446,0.09712316205085991,219.64933914651084,21.3196825436842,2.4122155287996283,53.44741539782373,-999,0,1,0,0,0,0,1,-999.0,-999.0,-999.0,-999.0,0,-999.0,-999.0,-999.0,-999.0,-999.0,0,-999.0,-999.0,-999.0,0,0,-999.0,-999.0,-999.0,-999.0,0,-999.0,-999.0,-999.0,-999.0,-999.0,0,-999.0,-999.0,-999.0,0,0,-999.0,-999.0,-999.0,-999.0,0,-999.0,-999.0,-999.0,-999.0,-999.0,0,-999.0,-999.0,-999.0,0,0,-999.0,-999.0,-999.0,-999.0,0,-999.0,-999.0,-999.0,-999.0,-999.0,0,-999.0,-999.0,-999.0,0,0,0.5687749981880188,20.394399642944336,0.30483099818229675,-999.0,1,20.394399642944336,20.394399642944336,-999.0,-999.0,-999.0,0,20.40839958190918,0.30483099818229675,-999.0,1,4120,0.009932445479364565
PSO J223.8894+05.5720,-999,-999,-999,114682238893796799,3496239000116780,65296387919940,0,15189953237826,11468,1,1467,31,0.484328072037853,3496239,15203,3,1343750144,0,160,223.8893798,5.57195059,0.0010000000474974513,0.0010000000474974513,223.8893798,5.57195059,0.0010000000474974513,0.0010000000474974513,,,,,56041.68789352,-999.0,-0.7172744533707076,-0.6899926009848052,0.09709566997542278,219.6498711893681,21.318179466940048,2.41017817595708,53.44639922798723,-999,1,0,0,0,0,0,0,-999.0,-999.0,-999.0,-999.0,0,-999.0,-999.0,-999.0,-999.0,-999.0,0,-999.0,-999.0,-999.0,0,114720,-999.0,-999.0,-999.0,-999.0,0,-999.0,-999.0,-999.0,-999.0,-999.0,0,-999.0,-999.0,-999.0,0,16416,-999.0,-999.0,-999.0,-999.0,0,-999.0,-999.0,-999.0,-999.0,-999.0,0,-999.0,-999.0,-999.0,0,16416,-999.0,-999.0,-999.0,-999.0,0,-999.0,-999.0,-999.0,-999.0,-999.0,0,-999.0,-999.0,-999.0,0,16416,-999.0,-999.0,-999.0,-999.0,0,-999.0,-999.0,-999.0,-999.0,-999.0,0,-999.0,-999.0,-999.0,0,16416,0.008779153837471687
PSO J223.8892+05.5680,-999,-999,-999,114682238891942072,3496239000116778,65296387919938,0,15189953258239,11468,1,1467,31,0.209650330440747,3496239,15203,3,1343750144,0,160,223.88919444,5.56801065,0.0010000000474974513,0.0010000000474974513,223.88919444,5.56801065,0.0010000000474974513,0.0010000000474974513,,,,,55940.11799769,-999.0,-0.7172814957271048,-0.6899949076465512,0.09702722973121802,219.6509842073887,21.314373937583788,2.4048850817129943,53.44402883168059,-999,1,0,0,0,0,0,0,-999.0,-999.0,-999.0,-999.0,0,-999.0,-999.0,-999.0,-999.0,-999.0,0,-999.0,-999.0,-999.0,0,114720,-999.0,-999.0,-999.0,-999.0,0,-999.0,-999.0,-999.0,-999.0,-999.0,0,-999.0,-999.0,-999.0,0,16416,-999.0,-999.0,-999.0,-999.0,0,-999.0,-999.0,-999.0,-999.0,-999.0,0,-999.0,-999.0,-999.0,0,16416,-999.0,-999.0,-999.0,-999.0,0,-999.0,-999.0,-999.0,-999.0,-999.0,0,-999.0,-999.0,-999.0,0,16416,-999.0,-999.0,-999.0,-999.0,0,-999.0,-999.0,-999.0,-999.0,-999.0,0,-999.0,-999.0,-999.0,0,16416,0.006520401131265222
PSO J223.8887+05.5724,-999,-999,-999,114682238887007298,3496239000116769,65296387919929,0,15189953455002,11468,1,1467,31,0.00855239109001345,3496239,15203,3,1343750144,0,160,223.88871461,5.57236625,0.0010000000474974513,0.0010000000474974513,223.88871461,5.57236625,0.0010000000474974513,0.0010000000474974513,,,,,56014.89693287,-999.0,-0.7172819563011328,-0.6899837852111095,0.09710289033066699,219.64905769562165,21.31837122671603,2.41000693958954,53.447174262580795,-999,1,0,0,0,0,0,0,-999.0,-999.0,-999.0,-999.0,0,-999.0,-999.0,-999.0,-999.0,-999.0,0,-999.0,-999.0,-999.0,0,114720,-999.0,-999.0,-999.0,-999.0,0,-999.0,-999.0,-999.0,-999.0,-999.0,0,-999.0,-999.0,-999.0,0,16416,-999.0,-999.0,-999.0,-999.0,0,-999.0,-999.0,-999.0,-999.0,-999.0,0,-999.0,-999.0,-999.0,0,16416,-999.0,-999.0,-999.0,-999.0,0,-999.0,-999.0,-999.0,-999.0,-999.0,0,-999.0,-999.0,-999.0,0,16416,-999.0,-999.0,-999.0,-999.0,0,-999.0,-999.0,-999.0,-999.0,-999.0,0,-999.0,-999.0,-999.0,0,16416,0.008620726622554342
