objID,ra,dec
98790042670079151,4.267004925504522,-7.667720531676073
