objID,ra,dec
98700364118869294,36.41197126071913,-7.74253207423906
