objID,ra,dec
99310383721705373,38.37219790552118,-7.237472174897706
