objID,ra,dec
109583390979995960,339.0979781,1.32132476
