objID,ra,dec
111723449202460163,344.92026433913884,3.0997217467579246
