objID,ra,dec
110163574949772499,357.4949695027541,1.801768584550949
