objID,ra,dec
108083575663124491,357.56633951822215,0.0700172428211815
